y[]
0.117537
0.090594
-0.043609
0.063745
-0.016767
-0.016774
0.036910
0.144170
0.063659
0.170668
0.036810
-0.016674
0.090271
-0.284325
-0.043551
0.331353
0.170324
0.036752
0.036745
0.090057
-0.043251
0.063387
0.010068
-0.096599
-0.016616
-0.096741
0.063487
0.356596
0.010068
-0.043166
0.036688
-0.043180
0.036696
0.089908
0.222664
-0.149337
-0.122964
0.010068
-0.470317
0.170453
-0.150317
0.036817
0.010068
0.143704
0.196859
0.169898
-0.256457
-0.471474
-0.204697
0.278452
0.117220
-0.150704
-0.097257
-0.151136
-0.286149
0.090941
0.279175
0.117508
-0.070501
0.036932
0.090616
0.063730
0.063702
-0.150919
0.063759
0.358360
0.277162
-0.123390
-0.016645
0.170239
-0.176823
0.090207
-0.016638
0.143526
-0.096684
-0.043351
0.036781
-0.070092
0.010068
-0.311217
0.036881
0.063673
-0.070350
0.117278
-0.016724
-0.419578
0.090767
-0.070631
-0.367393
-0.341712
0.442852
-0.422716
0.010068
0.334831
-0.368925
-0.017058
-0.152843
0.172979
-0.044206
0.037209
-0.071376
-0.044265
0.091556
0.091490
-0.316019
0.363281
-0.207146
0.091579
-0.507292
-1.005169
0.092770
-0.238242
0.092907
0.092838
-0.238448
-0.266787
0.203947
-0.100674
0.010068
-0.406310
0.065685
0.232229
-0.017675
0.176411
0.259065
0.258447
0.065180
0.120200
-0.044983
0.285020
-0.072338
-0.154949
0.010068
0.147601
0.257151
0.037484
0.147036
-0.181739
-0.017363
-0.044817
-0.072316
0.092452
0.037514
0.557415
0.173689
0.607733
-0.152578
-0.316019
-0.344397
-0.181320
-0.126862
0.502141
0.227992
0.037275
-0.180538
-0.153598
-0.290684
0.010068
0.174227
-0.044622
0.174047
-0.071888
0.092024
0.201038
0.119030
0.118912
-0.480664
-0.620503
0.065058
-0.265187
0.477551
0.037499
0.584389
-0.372446
-0.181739
0.420634
0.064683
0.064653
0.037349
0.146363
0.010068
-0.017176
0.119000
0.037283
-0.262412
-1.142524
-0.183329
0.341377
0.257831
-0.403213
0.037673
0.010068
0.065256
0.065225
-0.100277
0.230636
0.422326
0.283966
-0.099401
0.010068
-0.017318
-0.017326
-0.017333
0.037469
0.010068
0.037461
0.256272
0.364630
-0.207975
-0.181111
-0.017273
0.010068
-0.263755
-0.237015
0.065028
0.229607
0.174407
0.174137
-0.071933
-0.126750
-0.099521
0.092271
-0.017326
-0.099581
0.447945
-0.950291
0.175357
-0.044998
0.147676
0.613305
0.528133
0.335890
0.091358
0.577254
0.198417
-0.366986
0.198773
-0.124685
0.010068
-0.043884
-0.016919
-0.152007
-0.016970
0.064137
0.306924
-0.503239
0.091292
-0.044074
-0.044103
-0.179763
-0.507010
0.119149
0.119030
-0.180694
-0.619295
0.502950
-0.071910
0.010068
-0.017273
-0.099371
0.037439
0.201456
0.064683
-0.099192
0.092024
-0.044562
0.201142
-0.317712
0.037424
0.092091
-0.620503
-0.127540
-0.569964
-0.045349
-1.104771
0.289945
-0.719248
-0.130797
0.010068
0.375905
0.234535
-0.186313
0.206449
-0.270595
0.038170
-0.808106
0.659513
0.234977
-0.102323
-0.046175
0.038193
0.374981
0.178041
-0.241998
-0.298878
0.262913
-0.214651
-0.046191
0.010068
0.066327
-0.553949
-0.188092
0.405996
0.601036
0.122238
-0.467528
0.431595
0.373959
0.010068
0.316945
0.316006
-0.017706
-0.045503
-0.017729
0.010068
-0.240454
-0.017807
-0.101508
0.010068
0.010068
0.010068
-0.017845
-0.045782
-0.185654
0.093996
-0.157858
1.179672
-0.461696
0.010068
-0.547814
0.038036
0.149791
-1.028538
0.291838
-0.582568
-0.586101
-0.075390
-0.075463
-0.275565
0.095844
-0.104316
0.095868
0.067227
0.295375
-0.418198
-0.133096
1.036303
-0.018297
-0.075075
0.180281
0.208284
-0.159807
-0.330551
-0.388793
0.152701
0.067064
0.067032
-0.246525
-0.132769
-0.218896
0.038717
0.038709
0.210326
-0.104316
-0.161753
0.096016
-0.650759
-0.539146
0.443908
0.067771
0.613952
0.496269
-0.275647
0.409840
-0.389704
0.552229
-0.274914
0.266588
-0.160872
0.095575
0.010068
-0.132484
0.038595
0.720601
0.405772
-0.244134
-0.046509
0.038361
0.038353
0.179607
0.291997
-0.328342
0.797917
0.289945
0.623054
0.259756
0.093159
-0.017621
-0.017629
0.010068
0.037765
0.010068
0.037757
-0.406079
0.204485
-0.267787
-0.184891
-0.045704
-0.157436
0.010068
0.289086
0.037927
0.093599
-0.045611
0.010068
0.177013
-0.073370
-0.212773
0.093692
-0.185163
-0.073719
0.177572
0.010068
-0.269262
-0.466591
-0.497118
-0.159567
-0.557470
0.464356
0.151611
0.179655
-0.018177
0.151211
-0.272418
-0.301591
0.829629
-0.215348
0.038273
0.150973
-0.187254
0.094682
0.066438
-0.018113
0.291520
-0.018042
0.430885
0.345451
-0.157483
-0.017885
0.038020
-0.269809
0.317890
-0.606526
0.374878
-0.382860
-1.007465
0.066870
-0.103568
0.010068
-0.075244
-0.075317
0.066999
0.066967
0.038505
-0.132200
-0.132402
0.209470
0.407683
-0.131756
0.095186
0.264990
0.433498
-0.074475
END
