y[]
-0.438689
0.012187
0.462628
-0.470527
0.044399
0.269546
-0.245265
-0.860961
-0.052559
-0.052570
0.012418
0.401387
0.173848
-0.375891
-0.605063
-0.215835
-0.478342
0.111072
-0.184037
0.209395
-0.151138
-0.579012
0.012889
0.012878
-0.449332
-0.152526
-0.219081
0.079476
0.046237
-0.119562
-0.786108
-0.220879
0.714240
0.675867
-0.119200
-0.053139
0.408897
-0.316861
0.078950
0.276416
-1.244649
0.973968
-0.119037
-0.020076
-0.251366
0.046062
0.012976
-0.284802
0.013053
0.211520
1.651272
0.304389
-0.279564
-0.085053
0.595510
-0.020076
0.173535
0.076589
-0.084509
-0.181340
-0.052360
-0.052371
-0.052381
-0.505907
-0.280154
0.077533
0.239749
0.174350
0.173973
0.012229
0.880252
0.267602
-0.083933
-0.436143
0.011991
-0.276898
-0.374287
-0.020076
-0.310821
0.270669
-0.375546
-0.311858
-0.704229
-0.281942
0.143671
-0.183823
0.437740
0.142923
-0.085244
0.305339
0.271895
0.044691
0.206278
-0.084696
0.173660
0.462628
0.076186
-0.341310
-0.148859
-1.578549
-0.577912
0.177163
1.057837
-0.020076
0.433734
0.399482
-0.020076
-0.116741
0.718646
0.075878
0.394664
-0.115633
0.043639
0.488184
0.264689
0.137777
-0.051627
0.169079
0.011415
0.137231
0.199739
0.011287
-0.271254
0.105592
0.230786
0.198914
-0.051331
0.104885
0.042346
0.011120
-0.740067
0.042738
-0.460605
0.263344
0.387896
-0.176791
0.386874
-0.521173
0.230786
0.417425
0.166840
-0.113490
0.166665
-0.612624
-0.051360
0.323513
-0.020076
-0.020076
-0.020076
-0.176107
0.633623
0.382464
0.257659
0.133889
-0.235693
-0.297983
-0.143838
0.258174
-0.143647
0.072617
0.380603
0.133605
-1.131885
0.197079
0.010908
-0.082053
0.258519
-0.174755
0.196408
0.134269
-0.887492
-0.206934
0.260080
-0.237907
-0.269608
0.073572
0.073484
0.104535
-0.051214
-0.207108
0.260342
-0.175767
0.042229
0.321911
0.010956
-0.020076
0.258778
0.319693
0.133983
0.072246
0.225700
-0.204351
-0.358798
-0.174421
0.319169
0.010707
0.195143
-0.020076
-0.020076
-0.020076
-0.173757
-0.389876
-0.050955
0.010802
-0.298326
-0.051041
0.010889
0.072760
0.196207
0.103305
-0.143457
0.226533
0.133747
-0.327958
-0.297983
0.041748
0.010822
-0.174659
0.134507
-0.205605
-0.112970
0.165625
0.103533
0.010802
-0.143647
-0.112855
0.041786
-0.020076
0.041748
-0.050983
-0.205720
0.103725
-0.889917
-0.363880
0.011228
-0.082693
0.323836
0.073513
-0.207342
-0.395663
0.293011
0.603173
-0.082226
-0.020076
-0.082265
-0.175718
-0.082401
-0.051253
-0.426263
0.105080
-0.396016
0.136738
-0.428304
0.513426
-0.145350
0.011257
0.042561
0.323728
0.229223
-0.550581
0.479301
-0.300669
-0.520860
0.199325
0.073806
-0.020076
-0.145272
-0.333753
0.105513
0.011297
0.574140
0.229068
0.135324
-0.082207
0.197214
0.072904
0.134699
-0.020076
-0.205835
0.072846
0.010879
-0.174947
0.041901
-0.299276
0.382963
0.227143
0.103305
0.164710
0.102925
0.072076
-0.358382
0.195342
-0.204691
0.133794
0.256294
0.010585
-0.296362
-0.235494
-0.020076
0.133841
-0.204805
0.010736
0.226078
0.256125
-0.357759
0.164256
-0.173662
0.164199
0.163860
-0.020076
-0.480553
0.041444
0.867730
-0.172585
-0.050606
-0.020076
-0.020076
-0.142288
-0.418300
-0.112199
0.041349
0.133322
0.163691
-0.081294
-0.142625
-0.234899
0.102736
0.010604
0.041255
0.133087
-0.326637
0.255871
0.132899
-0.818116
-0.205147
0.041652
-0.143571
0.288376
-0.020076
-0.112512
-0.143457
0.226533
-0.020076
0.010707
-0.020076
0.010698
-0.020076
0.195077
-0.081501
-0.112284
0.562480
-0.326261
-0.666133
0.010783
0.410959
0.133416
0.347346
0.102099
-0.203394
0.010500
0.071597
-0.417934
-0.050746
0.225022
0.071681
-0.633387
0.195011
0.133275
-0.296277
-0.173851
0.041462
0.195011
0.378148
-0.111833
0.010519
0.010510
0.071625
0.224050
-0.142064
1.102679
0.970774
0.188848
-0.079724
0.248061
0.425227
-0.138630
-0.227884
0.158071
-0.079423
-0.138876
0.602056
-0.079160
0.068537
0.038956
0.097883
0.421036
-0.108143
1.118789
-0.252634
-0.107425
-0.253380
-0.078487
-0.137001
0.038404
0.184333
0.125675
0.009049
0.183560
-0.136389
-0.107400
-0.457841
-0.225024
-0.225445
0.273179
0.038472
-0.283812
0.038592
0.067862
0.272493
-0.049294
-0.312731
-0.401812
0.215011
0.126573
0.038523
-0.137309
0.038558
-0.078710
-0.020076
0.009245
-0.049397
-0.284355
-0.285055
0.421166
0.009271
-0.313935
-0.108402
-0.108480
-0.285759
0.245607
-0.049561
-0.197172
-0.138314
-0.079248
0.039096
-0.020076
0.009497
0.039043
0.216052
0.009401
-0.197067
-0.108689
0.569201
0.068017
-0.166940
-0.226049
0.156498
-0.226110
-0.020076
0.274128
0.361100
0.038438
-0.020076
-0.107859
0.096951
0.067605
0.533458
0.067045
-0.020076
-0.078148
-0.340076
0.009057
-0.341010
END
