y[]
-0.129120
-0.257654
-0.001079
-0.193943
0.448360
0.062962
0.030926
-0.001079
0.254594
-0.160798
0.062839
-0.128957
-0.321490
-0.065285
0.127290
-0.001079
0.127126
0.094967
-0.193264
-0.001079
0.063023
-0.161413
-0.001079
-0.644997
-0.324600
0.128454
-0.455183
0.128875
0.031383
0.063814
-0.228389
-0.033594
0.323596
0.225568
0.128203
0.063499
0.031194
0.031184
-0.065616
-0.065658
-0.001079
0.417938
-0.001079
0.352108
0.286967
0.222384
0.507828
0.252406
0.220195
0.314179
0.250414
0.030313
0.124391
0.030264
-0.283521
-0.095404
-0.126984
0.219150
0.030342
0.124509
-0.063854
0.593695
-0.188521
0.342295
0.496279
-0.094146
0.060975
-0.125226
0.061013
-0.156383
0.092132
0.092045
-0.156335
-0.374679
-0.032276
-0.001079
-0.001079
0.092481
-0.032256
0.154708
0.154466
-0.218910
-0.063404
0.061245
0.434109
0.246752
-0.062980
0.215404
-0.155663
0.091699
0.122492
-0.341268
-0.063056
-0.280452
0.340271
0.122760
-0.032025
0.091728
-0.186780
-0.001079
-0.063056
0.184737
-0.124918
0.091814
-0.001079
-0.093973
0.060859
0.029876
-0.093973
-0.156094
-0.125264
0.154128
0.060936
-0.218302
0.154128
0.060936
0.029914
-0.032073
0.029914
0.029904
0.153695
-0.093915
-0.063018
-0.094059
0.370323
-0.001079
-0.124727
0.060764
0.029828
0.215003
-0.093629
0.122301
-0.062751
-0.031929
0.122263
-0.093572
0.060592
-0.031910
-0.001079
-0.124498
-0.001079
0.183992
-0.031901
-0.402624
0.091728
-0.310773
-0.001079
0.215807
0.091728
-0.217764
0.184679
0.029847
-0.155806
0.308135
0.307182
-0.155091
-0.001079
0.060554
-0.062713
-0.093601
-0.093686
-0.465405
-0.063153
0.123029
-0.032092
0.122913
-0.063056
-0.063095
-0.032102
0.091958
0.029914
0.091843
-0.063018
-0.187126
0.184967
-0.032063
0.215605
-0.093887
0.029866
0.029856
-0.093915
0.493054
-0.093544
0.368265
-0.031806
-0.493995
-0.403370
0.153839
0.184507
0.245834
0.060554
-0.247841
-0.062865
-0.001079
0.029818
-0.062884
0.215070
-0.093658
0.091499
-0.001079
0.060592
-0.186207
-0.001079
-0.001079
0.091528
0.153075
-0.247841
0.029799
-0.031958
0.060668
0.122301
0.183707
0.091186
-0.278130
0.029742
0.060535
0.029714
0.091243
-0.031844
0.091186
-0.031825
0.091129
-0.001079
-0.124043
0.336707
-0.215902
0.121733
0.060270
-0.031749
-0.123854
-1.673463
0.310739
-0.563054
-0.095050
0.249312
0.901370
-0.032063
-0.280366
-0.063249
-0.187821
-0.032237
0.434245
-0.001079
0.432358
0.091556
-0.155520
0.091613
0.091528
0.060611
0.060573
0.460105
-0.093146
0.213612
0.121395
0.365445
-0.062074
-0.214853
0.090594
-0.031628
-0.123366
0.151756
-0.153914
-0.184790
0.213217
-0.246027
-0.185185
0.152366
-0.185241
-0.031806
-0.185638
0.183479
0.275122
-0.093062
-0.185298
-0.185638
-0.093487
-0.217029
-0.341374
0.277429
-0.062903
0.029837
-0.559047
-0.187763
-0.281759
0.466284
0.030001
-0.094348
-0.375028
-0.188579
-0.126275
-0.063736
-0.535252
-0.348247
-0.032700
0.030541
0.251526
0.345214
-0.032511
-0.063972
0.187481
0.124431
-0.126589
-0.221101
0.187541
-0.095345
-0.001079
0.281451
-0.409435
0.061853
-0.284589
0.219497
-0.253207
-0.570701
0.157475
-0.223125
-0.032841
-0.032851
-0.415027
-0.320671
0.350415
-0.160696
0.317900
0.158030
0.569626
-0.095971
-0.127742
-0.096182
-0.191556
-0.446940
0.094630
0.349072
0.316180
0.409858
-0.380347
-0.096121
0.093963
-0.032750
-0.127862
-0.382395
-0.001079
-0.064774
-0.352125
0.126716
-0.417013
0.127085
-0.321798
0.159409
-0.290143
0.352108
-0.161464
-0.290422
0.288263
-0.548320
-0.324390
-1.042755
0.162400
0.194743
-0.033690
-0.229651
-0.394136
-0.165310
0.327113
0.260701
0.390311
0.486014
0.063687
-0.033458
-0.163128
-0.033521
0.063793
-0.488647
-0.196774
-0.787711
-1.326041
-0.905457
0.869948
-0.335193
-0.168556
0.065945
0.032416
-0.034575
0.132834
0.332922
-1.716272
1.078553
0.400797
0.165893
-1.209553
-0.985306
0.441324
0.134652
0.100598
1.411659
1.457832
0.130500
-0.198513
-0.463279
0.329281
-0.265280
-0.498345
-0.267302
0.364795
0.032116
0.693483
-0.430477
0.098176
0.098078
-0.100237
0.065036
-0.265805
-0.133705
0.693253
0.393528
0.326575
0.194999
-0.328091
0.162560
0.877976
-0.553657
0.745799
-0.162970
0.354735
0.482091
-0.194068
0.608776
-0.065100
0.158895
-0.129038
0.286599
-0.096880
-0.224972
0.637289
0.126107
-0.191919
0.696893
0.030531
0.062112
-0.064271
-0.001079
0.125263
0.125104
0.313683
-0.032511
-0.347482
-0.001079
-0.570521
-0.797389
-0.289310
0.383044
-0.256998
-0.193449
-0.225979
0.991088
0.285135
-0.446656
0.094569
0.158131
0.094325
0.189457
-0.096302
-0.064612
0.221108
-0.096242
0.473831
0.251287
-0.190294
-0.001079
-0.127422
-0.032690
0.125303
-0.159082
-0.444820
-0.191858
END
