y[]
0.360313
0.331783
0.002014
-0.025454
0.056922
-0.080430
-0.163138
0.001916
0.304564
0.084390
-0.080430
0.084421
0.001984
0.084405
-0.025485
0.056937
-0.135511
0.139471
0.577707
0.193350
-0.572786
-0.025470
0.056929
0.056922
-0.025470
-0.355897
0.249846
0.084481
-0.301118
0.387538
0.001961
-0.356321
-0.081037
-0.053493
0.084770
-0.025849
-0.053562
0.001771
0.001763
0.306086
0.305323
0.441832
0.002022
0.056899
-0.190260
0.166842
-0.107921
-0.273445
-0.302032
-0.192146
-0.220436
0.001656
-0.165390
-0.137857
-0.082240
0.001516
-0.026452
0.057421
0.280752
-0.221831
-0.615613
0.282376
0.085577
-0.251439
0.001327
-0.393492
-0.281846
0.284238
-0.395530
-0.112605
-0.084338
0.057922
-0.027471
-0.170055
0.115016
0.000950
-0.113213
0.172134
0.626477
0.171083
-0.140511
0.057809
0.651107
0.310755
0.001367
0.001359
0.141820
0.029460
-0.307998
-0.535513
0.453489
0.339276
0.085688
0.197952
0.141631
-0.054656
0.001406
-0.054750
0.029460
0.365878
0.085420
-0.728651
0.535506
-0.026641
-0.167141
0.169930
-0.223526
-0.111365
0.339015
0.253990
0.225511
0.057436
-0.054491
0.197293
0.169106
0.335995
-0.081898
-0.082022
0.307935
0.085062
-0.332506
-0.417843
0.141474
0.308946
0.252488
-0.165662
-0.194003
0.252924
-0.530138
0.169654
0.001437
0.476888
0.057358
0.057351
-0.110068
0.141099
0.057351
0.057343
0.057335
0.057327
0.057319
-0.165716
0.029460
-0.194066
0.197152
0.001531
-0.026421
0.057405
-0.474742
0.309887
0.364937
0.475019
0.085016
-0.053884
0.085031
-0.026111
-0.053954
0.168446
-0.137345
0.085093
-0.081836
0.224148
0.362332
0.112505
0.333370
0.277429
0.056975
0.056967
-0.190804
0.084572
0.001908
0.167145
-0.135783
-0.274198
-0.025849
0.084770
0.250394
0.084618
-0.163723
0.277771
-0.440089
0.388726
-0.080945
-0.025788
-0.358137
0.057196
0.140325
0.057157
0.167830
0.057111
0.084740
0.057089
-0.081098
0.084755
-0.081159
0.250577
-0.108680
0.222804
0.222431
0.139562
0.331617
0.084300
0.111663
0.111596
0.084180
0.302610
0.138512
-0.270717
0.329638
0.247207
-0.079354
-0.106724
0.002201
0.083971
-0.025050
-0.052361
0.056742
-0.052406
0.002157
0.220430
0.029460
-0.489737
0.712057
-0.024976
0.029460
0.219859
0.056631
0.056623
-0.160835
-0.133938
0.083956
-0.325295
-0.134698
0.193619
-0.052585
0.166166
0.056779
0.084075
0.029460
0.084046
-0.380656
0.111618
0.220900
-0.025199
-0.025229
0.029460
-0.025259
0.439129
-0.216139
-0.244138
-0.217419
0.056922
-0.025470
-0.052991
0.056952
0.084421
0.111844
0.111776
0.603782
-0.079680
-0.435720
-0.300210
0.249362
0.111799
0.385479
0.111439
0.138661
0.084016
0.165719
-0.052272
0.328821
-0.079294
-0.133894
0.138393
0.138274
0.002268
0.083838
0.056638
-0.652205
0.384507
-0.380320
0.084195
-0.354312
-0.190501
-0.108262
0.387144
-0.300664
-0.329408
0.305627
-0.080915
-0.302398
-0.136883
0.112667
0.057180
-0.053723
0.168061
0.195527
-0.081220
-1.420649
0.253927
-1.524024
0.427188
-0.596253
0.172012
0.654285
-0.509931
0.228522
-0.084241
-0.312420
-0.686567
-0.028044
0.316652
0.572862
0.000934
0.399673
0.284961
0.001104
0.227789
0.312106
0.085894
-0.196465
-0.452332
0.596034
0.142391
0.057673
0.142232
-0.055106
-0.281230
-0.140415
-0.055586
-0.368380
0.200157
0.086295
0.199770
0.001096
0.114531
-0.282818
-0.141285
0.114870
0.200060
0.284816
-0.027229
-0.254469
-0.369401
-0.199176
-0.285771
0.258818
0.000819
0.372612
-0.543115
0.258884
0.201183
0.143779
0.286200
-0.056046
0.057971
0.114943
0.029460
0.114870
0.200060
-0.027374
-0.483507
0.314767
0.114894
-0.255602
0.115065
-0.485268
-0.545584
0.029460
0.547149
0.658573
-0.227426
0.143714
0.200596
-0.056071
0.029460
0.057979
0.114967
-0.056046
-0.513786
0.458584
-0.370998
0.372808
-0.256581
0.229775
0.029460
-0.199504
0.458339
-0.141870
0.029460
0.229318
-0.227572
-0.056364
0.029460
0.058077
-0.171027
0.086783
0.029460
-0.631747
0.144767
-0.085847
-0.520071
0.290141
0.173990
0.375482
-0.028127
-0.287863
-0.028343
-0.318064
0.348070
-0.696127
-0.028815
0.204184
-0.028747
0.581066
-0.609519
0.145943
0.029460
-0.466529
-0.029053
0.175681
-0.351158
-0.293737
0.176498
-0.294307
-0.177121
0.236042
0.353228
-0.353287
-0.978553
0.059253
0.059244
-0.358426
-0.030348
-0.120218
-0.270570
0.149581
-0.391593
-0.726858
0.090177
0.965882
0.419558
0.179094
-0.300029
-0.602596
0.180313
-0.151590
0.059658
-0.242649
-0.000820
-1.250655
-0.185494
-0.247591
-0.063061
0.214417
-0.619391
-0.094609
-0.156933
-2.393947
-0.289621
1.173420
-0.191954
0.440268
-0.128343
-0.191884
-1.084669
-0.870867
-0.229272
-1.372813
1.722760
-0.520970
1.415909
0.890298
END
