y[]
0.113088
0.084340
0.227513
-0.144902
-0.001706
-0.087809
0.370907
-0.030273
-0.030306
-0.489977
0.026968
-0.088272
0.401015
0.141779
-0.317860
-0.088239
0.084588
-0.117145
-0.551570
-0.292660
0.201438
-0.031155
0.606680
0.055866
0.603173
0.055691
0.514005
0.426284
-0.086960
-0.115624
-1.150023
-1.985642
-0.327223
-0.774580
0.443388
-0.987360
-0.453947
-0.003166
-0.335351
-0.094097
-0.003321
0.087537
0.510207
0.477893
-0.423957
0.357845
-0.334043
0.418005
-0.243587
0.057066
-0.214068
-0.063571
0.268223
0.447768
0.176826
-0.272972
0.655807
0.444008
0.026968
0.294150
-0.002683
-0.002692
-0.210632
-0.211198
0.443388
0.264146
0.293122
0.204012
-0.238715
0.351596
-0.179491
-0.209508
-0.032238
-0.210210
-0.329857
0.324410
-0.270474
0.116294
0.116214
-0.121819
0.235209
0.175446
-0.538425
0.086634
-0.092399
-0.391943
0.116883
0.026968
-0.423415
-0.516183
0.238544
-0.214870
0.147960
-0.670744
0.785122
-0.366554
-0.064065
-0.064148
0.360656
-0.094244
0.026968
-0.033693
0.208841
0.087519
-0.033583
-0.855167
0.210118
-0.034045
0.574748
-0.459799
0.026968
-0.217307
0.514923
0.209339
0.209007
-0.917153
-0.802657
-0.158331
0.243118
-0.065610
0.396768
-0.034570
0.088507
0.395406
-0.157081
0.639152
-0.003552
0.148994
-0.492672
0.149480
0.241003
-0.309578
0.424583
-0.095207
0.057526
-0.125914
-0.064873
0.118810
0.149292
0.149143
-0.278749
-0.095581
0.026968
-0.034363
0.026968
-0.403404
0.273122
-0.899250
-0.035086
-0.004073
-0.004083
0.089061
-0.502051
0.151695
0.026968
-0.253887
-0.317374
0.120997
0.183487
-0.129551
-0.318239
0.152636
0.902247
0.026968
0.399755
0.274723
0.026968
-0.003968
-1.249711
-0.004375
-0.287004
0.528851
-0.255031
-0.792192
-0.416913
0.249155
0.217022
0.153470
0.058569
0.153271
-0.004593
0.562150
-0.067268
-0.382417
0.812765
0.526657
-0.035357
-0.191475
0.432269
-0.066417
-0.066504
0.493459
0.676421
-0.096413
-0.220251
0.212440
0.396882
-0.281199
0.211982
0.057771
-0.250596
0.119575
0.365795
-0.003787
-0.404599
0.181313
0.334945
0.272669
0.180225
-0.064958
0.180131
0.118753
0.118669
-0.432380
-0.249657
0.211470
0.088393
0.026968
0.455890
0.575750
0.421446
0.026968
-0.215603
0.843299
0.207474
0.057021
0.356952
-0.062920
0.206663
-0.062839
-0.182896
0.176916
-0.513899
0.207582
-0.425180
0.026968
-0.154465
0.238608
0.117534
-0.124021
-0.003257
-0.306113
-0.550980
-0.492990
0.302577
0.179757
-0.125820
0.575917
-0.705636
-0.464433
0.088526
0.149969
0.180507
-0.557739
0.488863
-0.311546
-0.096413
-0.096565
0.181361
-0.158331
0.088773
-0.468542
0.830930
-0.188848
0.918048
0.179803
0.088037
-0.125774
-0.034194
-0.003627
-0.187460
0.149555
-0.156968
0.057648
-0.897538
-0.563004
-0.035337
0.213768
0.026968
-0.128674
0.120382
0.337720
0.583900
-0.220174
-0.375946
-0.627342
-0.098149
0.370665
0.151656
-0.347564
0.401500
-0.128917
0.089351
0.182756
0.120324
0.026968
0.120237
0.026968
0.120150
0.182079
0.026968
0.212784
0.181552
0.119604
0.519580
-0.003749
0.057685
0.026968
0.272367
0.057601
0.118810
-0.034250
0.057582
0.179897
0.088074
0.271020
0.087888
-0.155903
0.179384
0.239961
0.087740
0.148401
-0.398694
-0.033989
-0.247799
-0.064789
-0.003636
-0.003646
-0.126242
-0.403272
0.119318
0.088488
0.272669
-0.065099
-0.065184
0.026968
0.026968
0.241857
-0.065071
0.057657
0.118979
-0.034363
0.516565
-0.095207
0.423491
0.452242
-0.185443
0.087703
-0.124938
0.239573
0.026968
0.239122
-0.063900
-0.124662
-0.033748
0.269613
0.087537
0.117753
-0.033546
-0.033583
-0.003321
0.208566
-0.063790
-0.124478
-0.337442
0.148586
0.300068
0.117836
-0.124524
-0.155126
-0.185895
-0.033933
-0.155959
0.026968
0.514032
-0.368590
-0.095058
0.026968
0.088000
-0.156238
-0.003599
-0.064789
-2.075769
0.307823
-0.755141
0.152517
-0.413146
-0.004543
-0.510243
-0.004723
0.343424
-0.067864
-0.099614
-0.004702
-0.322072
0.470990
0.153470
0.184871
-0.036163
-0.067804
0.311014
0.373044
0.183880
-0.035767
-0.602559
-0.829229
-0.292011
0.314095
0.090662
0.249579
0.502330
0.311104
0.121501
-0.604946
0.216962
0.342824
-0.447191
0.280133
0.374026
0.089940
-0.004513
0.089921
-0.731090
0.280293
-0.703078
0.345035
-0.291098
-0.420031
-0.037052
-0.101196
-0.422904
0.187869
0.091256
0.539790
-0.133006
0.090989
0.122922
-0.261170
-0.005099
-0.519745
0.573681
-0.005109
-2.671944
0.290299
-0.071700
-0.236623
0.323460
0.059857
-0.005921
0.092736
-0.071700
0.388276
0.680565
0.026968
0.287216
-0.200711
-0.103367
-0.594457
-0.170076
-0.038800
-0.137641
-0.104915
1.922450
-0.167458
0.480043
-0.166956
-0.005389
-0.394631
-0.429059
0.352914
-0.038136
0.676110
-0.817741
END
