y[]
0.005415
-0.026600
0.005415
-0.026611
0.037441
0.197354
0.133170
-0.090386
-0.026539
-0.090508
-0.026580
-0.026590
-0.058626
0.069456
0.005415
0.229236
0.387947
-0.536938
0.165236
0.164981
0.069170
0.005415
-0.090233
0.132925
0.164575
0.164322
0.259142
0.100397
-0.057896
-0.026256
-0.089657
-0.089747
-0.089838
-0.121731
0.132561
-0.089929
0.037207
0.037196
-0.026366
-0.026376
-0.090020
0.005415
0.196194
-0.058138
-0.153643
0.323279
-0.026326
0.037156
0.100578
-0.153240
0.037166
-0.121650
0.068968
0.385885
-0.026235
-0.089597
-0.153139
0.132278
-0.026286
-0.026296
-0.089778
-0.185243
0.037217
-0.121852
0.291538
0.005415
-0.058097
-0.026356
-0.026366
-0.185485
-0.026437
0.100941
0.037237
0.164372
0.005415
0.037176
-0.663697
-0.218621
-0.315509
0.101801
0.133785
-0.026662
0.197723
-0.026611
0.101461
0.420552
-0.154049
-0.026508
0.260517
0.132723
-0.153745
0.100941
0.069049
0.005415
-0.090050
-0.026427
-0.441442
0.005415
0.037400
-0.314893
0.165697
-0.026621
0.261415
0.228879
0.260192
-0.217479
0.387216
0.005415
-0.026346
-0.153542
-0.217550
-0.154151
0.005415
-1.215680
-0.156371
-0.253988
0.491246
-0.285800
-0.254157
-0.417832
-0.157850
0.396805
-0.124878
0.330830
-0.254832
-0.418937
-0.256622
0.070989
0.169162
0.136220
0.005415
-0.223605
0.103631
0.949894
0.232062
-0.124035
0.199527
-0.026911
0.457029
0.454998
0.101492
-0.250995
0.261825
0.005415
0.197292
0.037359
-0.026529
0.133129
-0.026498
-0.218263
0.101338
0.133170
-0.058442
-0.122421
0.037390
0.260843
-0.026478
-0.154202
0.037359
-0.122421
0.197108
0.196742
-0.122095
0.132925
0.100941
0.005415
-0.217621
-0.058401
0.069231
-0.026488
0.005415
-0.026498
0.196742
0.164575
0.132561
0.259222
-0.216631
0.068907
-0.121609
0.132440
0.100578
0.005415
-0.503168
0.228239
0.037207
-0.058178
0.005415
0.037217
-0.026386
-0.090050
0.069069
-0.026407
0.005415
0.132642
0.005415
-0.312955
-0.250013
-0.058544
0.037400
0.260925
-0.186156
0.196986
0.355678
-0.888588
-0.058749
-0.444891
0.230822
0.037575
-0.123285
0.005415
0.069786
0.037585
0.101863
-0.833570
0.134949
0.425245
0.615859
-0.251160
0.037523
-0.348340
0.037626
-0.123492
0.037658
-0.803782
0.427015
-0.026953
0.199464
-0.091562
0.070077
0.037730
0.231331
0.069869
0.005415
0.102018
-0.091188
-0.155797
-0.188383
-0.059268
0.070098
-0.026921
-0.026932
0.296160
-0.156005
0.424568
0.005415
-0.381433
-0.091531
-0.156371
0.037793
-0.286367
0.167621
0.037825
0.005415
-0.546983
0.168202
-0.189961
-0.190344
-0.059923
-0.354710
0.332855
-0.027281
-0.158224
-0.027345
0.234510
0.592118
-0.222338
0.005415
-0.124963
0.103215
-0.092384
0.168361
0.070519
0.037951
0.005415
0.037941
-0.418245
0.396550
0.070456
-0.255002
-0.059795
-0.027206
0.168414
-0.092353
-0.386614
-0.486793
-0.489227
-0.325711
-0.227027
-0.227569
-0.294936
0.172388
0.072126
0.138704
-0.227957
0.005415
0.172165
0.005415
0.205149
-0.061119
-0.361313
-0.597602
0.407830
0.139194
0.105632
-0.228581
0.072327
0.572367
-0.161002
0.138571
-0.194385
0.038743
-0.027913
0.038743
0.338083
-0.027802
0.733654
-0.159629
-0.027626
-0.060701
0.137603
-0.060657
0.203500
0.367555
-0.093220
0.104051
0.300739
-0.191371
-0.060266
0.202330
0.005415
0.005415
0.005415
0.038197
-0.290006
0.103986
-0.422428
0.104311
0.137124
-0.027496
1.280984
-0.124666
0.102992
-0.027100
0.427288
-0.189074
-0.059499
-0.254663
0.233020
0.037888
-0.027058
-0.059562
-0.092130
-0.092225
0.005415
0.135581
-0.189897
0.135666
0.102992
0.070413
0.297386
-0.091814
-0.059457
0.102707
-0.254241
0.102865
-0.124539
-0.027100
-0.027111
-0.255171
-0.649038
0.300449
-0.027324
-0.060094
-0.289909
0.300739
0.267195
0.005415
-0.387513
-0.027399
0.202136
0.005415
-0.060116
0.103695
0.658159
0.005415
0.102960
0.394647
-0.026963
0.102518
-0.188885
0.070224
0.070182
0.005415
-2.121280
0.005415
0.203631
0.203239
0.137081
-0.225114
0.005415
-0.093546
-0.292057
-0.027692
0.071618
0.467615
-0.060483
-0.423983
-0.359367
-0.294036
0.072037
-0.061207
-0.027913
0.105365
0.404219
0.303478
-0.259486
-0.459857
0.271550
-0.127564
0.271196
0.071750
0.104835
-0.259925
-0.694471
0.038854
-0.128409
-0.061564
0.306469
0.072193
-0.128185
0.139016
-0.027968
0.072171
0.005415
-0.094735
0.438677
0.204751
0.038599
0.005415
0.501858
0.005415
0.104409
0.071356
-0.126511
-0.027594
-0.159792
0.368512
0.268660
-0.126121
0.104083
0.005415
-0.060353
0.005415
0.104051
-0.027453
0.103986
0.431436
0.038111
0.103438
0.038068
0.168521
0.200791
-0.255171
0.070625
-0.157690
-0.157957
0.201430
-0.386999
0.038175
0.136348
-0.256622
-0.191565
0.071118
END
