y[]
-0.191747
-0.073017
-0.490590
0.493237
-0.400855
-0.312500
0.345091
0.046102
0.016264
0.165131
-0.401086
-0.222845
-0.133343
0.643565
-0.192331
0.432816
-0.430090
-0.551664
0.166148
0.225545
-0.073266
-0.252781
-0.043491
0.315352
-0.252638
0.523608
0.461514
-0.250794
-0.072947
-0.221725
0.164919
0.785629
-0.013546
0.015930
-0.043023
0.486381
0.367072
-0.072009
-0.042791
-0.042799
-0.042808
-0.189293
-0.042868
0.279280
0.103344
-0.188934
-0.247876
0.074391
0.191342
0.015689
0.103310
0.103174
-0.013546
-0.334855
-0.101356
-0.130745
-0.072197
-0.219096
-0.042945
0.103997
-0.278214
0.104170
-0.013546
-0.101821
0.162924
0.045208
0.250422
-0.277515
0.103859
-0.248495
0.162717
-0.395844
-0.574931
-0.280569
0.371925
0.370445
-0.043032
0.310317
-0.190069
-0.249396
0.310603
0.015870
-0.160714
-0.131436
0.133794
0.368526
0.074417
-0.101510
-0.042885
-0.013546
-0.072249
0.133146
-0.101536
-0.277980
0.250887
-0.307405
-0.042980
-0.160844
-0.190590
0.163497
0.045398
-0.190485
0.398825
-0.101769
0.015870
0.015861
-0.308011
-0.368052
-0.072753
0.075250
-0.191219
-0.221231
0.223772
-0.458981
0.075699
-0.610029
-0.013546
-0.073391
0.374804
-0.371970
-0.103353
0.076260
-0.313217
0.076449
-0.043536
0.106358
0.345306
0.046137
-0.132949
-0.192919
-0.103353
0.136087
0.016353
0.404115
-0.073106
-0.431458
0.106035
0.225188
0.046048
0.283896
0.785156
-0.101977
0.133794
-0.101925
-0.338270
-0.487762
0.549335
0.104552
-0.220311
0.075119
0.340332
0.015887
-0.131332
-0.279073
-0.043093
-0.368787
0.193830
-0.161629
-0.221231
-0.072964
0.164601
-0.161981
0.194200
0.193769
-0.220862
0.016096
-0.132170
-0.132311
-0.043260
0.431228
-0.250513
0.341694
-0.131820
0.016035
-0.398789
0.549001
0.633895
0.162304
0.220440
-0.218255
0.103481
0.365850
-0.100972
-0.276282
-0.101279
0.132631
-0.071992
0.015680
-0.042773
0.220030
0.103038
0.044695
0.131908
-0.188117
0.161024
0.334684
-0.187510
0.073473
-0.013546
-0.071551
0.044458
0.044425
0.333576
-0.215888
-0.158327
-0.100516
-0.100591
0.015477
0.073473
0.015443
0.160216
-0.071434
0.073272
-0.332249
-0.071602
-0.100692
0.102631
-0.129724
-0.013546
0.102631
-0.042578
0.015485
-0.013546
-0.042578
-0.304329
-0.042671
-0.246851
-0.071958
-0.511424
-0.101665
0.015835
-0.042928
-0.013546
-0.248910
0.427307
-0.072215
0.513233
0.132290
0.248424
-0.013546
-0.100794
-0.538635
0.278510
-0.159468
0.452655
0.276730
0.449150
-0.129020
-0.042436
-0.216005
0.015401
0.073247
0.044274
0.044240
0.188445
-0.244427
0.015343
0.073071
-0.129053
-0.013546
0.015343
-0.013546
-0.215946
0.246607
0.044174
-0.100139
-0.013546
0.274804
-0.099964
-0.013546
-0.013546
-0.157743
-0.302564
-0.303402
0.623030
0.072946
0.130442
0.187690
-0.387594
0.216802
0.158867
-0.387486
0.360393
0.101231
-0.013546
-0.358275
-0.013546
0.158967
0.015177
-0.157245
-0.013546
-0.042311
0.015218
-0.042311
0.130194
-0.157287
0.245037
-0.070952
-0.013546
-0.531682
0.130650
-0.128887
-0.129020
0.447549
0.273563
0.158324
0.443336
0.270949
0.100025
0.326397
-0.296753
0.014810
0.043143
-0.297315
-0.241143
-0.184584
0.072009
-0.099102
-0.156302
0.043580
0.157638
0.214244
-0.155855
-0.070527
0.242609
-0.184244
0.043385
-0.070478
-0.042024
0.100316
-0.013546
0.014899
0.213726
-0.013546
-0.098713
-0.041952
0.100025
0.099897
-0.013546
-0.098617
0.043175
-0.013546
0.297848
0.493926
-0.379796
0.014674
0.014666
0.099225
0.042792
0.070901
-0.069837
-0.069869
-0.182704
-0.013546
-0.098232
-0.098304
-0.013546
0.014714
0.042951
0.014690
-0.154809
-0.070108
-0.126765
0.127956
0.071259
-0.041807
0.155897
0.042871
-0.211147
-0.070076
0.071235
0.155802
-0.182895
0.042935
0.155706
-0.041735
0.070996
0.127200
-0.041680
-0.041688
-0.069853
0.492073
0.042476
0.126372
-0.097474
-0.125560
0.014469
-0.041562
-0.041569
0.126490
-0.097545
-0.069585
0.098498
0.098373
-0.209488
-0.041569
0.014477
0.154427
0.070334
-0.097427
-0.041522
0.042398
0.126177
0.293159
0.097750
0.014258
-0.069164
0.014266
-0.152687
-0.097124
-0.041421
0.209233
-0.013546
0.264231
-0.041290
0.014197
0.014189
-0.402544
-0.180724
-0.069334
0.097998
-0.208832
0.320995
0.042102
-0.152725
-0.069272
0.070031
-0.013546
0.069961
0.125478
0.014235
-0.180352
-0.041374
0.153306
0.042009
-0.124688
0.042040
-0.431200
0.070124
-0.236823
0.070241
-0.181191
-0.265542
-0.519450
-0.041727
0.070972
0.127160
0.155040
-0.013546
-0.041625
0.098718
-0.097733
-0.013546
-0.154016
-0.323275
0.071020
-0.182751
0.127477
0.352188
0.154804
-0.125748
-0.350910
0.436019
0.294361
0.126099
0.181630
-0.097147
-0.125122
0.125904
-0.013546
0.014320
0.097843
-0.013546
END
