y[]
0.194958
0.162093
0.032001
-0.423591
-0.000482
-0.294456
0.064920
-0.229577
0.195917
0.358585
-0.130903
-0.098409
-0.065820
-0.131286
0.097637
0.064878
0.195341
-0.000482
0.064707
0.519506
0.161461
-0.324631
-0.717331
-1.449783
-0.266263
0.032779
0.165659
0.231652
-0.033611
0.297285
0.263457
-0.066402
0.230047
-0.000482
0.098154
-0.000482
-0.033350
-0.033360
0.032397
-2.261217
-0.202434
-0.135344
0.369951
-0.067731
0.167557
-0.134891
0.066745
-0.202298
0.167727
0.133881
-0.134845
0.100308
0.167275
-0.336278
0.033148
0.301684
-0.101102
-0.067619
-0.000482
-0.336843
-0.101611
0.268969
0.569702
0.300069
0.032857
-0.401284
-0.571049
-0.034146
0.234931
-0.471863
0.437303
-0.337069
0.201606
0.100409
0.033126
-0.000482
-0.067709
0.066745
-0.034090
-0.202366
-0.540841
-0.645974
0.339770
0.473934
-0.135800
-0.068210
-0.170002
-0.374441
0.475224
0.202701
0.033342
0.067131
0.639574
-0.067664
0.066700
-0.168521
-0.034124
0.066790
-0.034112
0.066768
0.234536
0.467903
0.132940
-0.267505
-0.201218
0.200254
-0.167734
-0.134485
-0.369920
-0.135162
-0.473296
0.303726
0.033262
-0.203116
0.033319
-0.237329
0.033388
0.033376
0.033365
-0.169830
-0.170117
-0.545257
0.101890
-0.307912
-0.103169
-0.068999
0.068035
-0.343535
0.274055
-0.000482
-0.069046
0.068082
-0.275019
0.171192
-0.034793
0.170956
0.102240
0.067941
0.067894
0.272556
-0.376101
0.613435
-0.136583
-0.170869
-0.719294
0.547652
-0.377001
0.239285
-0.308860
-0.034805
0.376424
0.033712
-0.034676
0.340932
-0.239349
0.170196
0.203947
-0.034525
0.169615
0.033503
0.033491
0.811430
0.066881
-0.000482
0.134108
0.201063
-0.101204
-0.034078
0.033115
0.200860
-0.369920
0.066790
-0.303564
-0.135480
0.067040
0.066994
0.066949
-0.067913
-0.101714
-0.304793
-0.000482
-0.543777
-0.034536
-0.102714
0.033607
-0.068672
0.271998
-0.136629
0.067615
0.033549
-0.375461
0.170137
0.033607
0.033595
-0.034559
-0.239349
-0.171451
0.136317
-0.103064
-0.963019
-0.104163
-0.312171
-0.069878
0.276815
-0.486257
-0.209396
-0.105103
-0.525234
-0.140882
1.151967
-0.243833
0.346982
-0.347946
-0.035295
0.069132
0.138600
-0.000482
0.242447
-0.104522
-0.069902
-0.383158
-0.070217
0.936862
0.034066
0.585020
-0.034829
0.171133
-0.378424
-0.518171
-0.000482
-0.069710
-0.208454
0.138214
0.103414
-0.208382
-0.278356
0.034295
-0.104848
0.069107
-0.733597
-0.246053
-0.458149
-0.212421
-0.142025
-0.177693
0.070440
0.176603
-0.071278
-0.177693
-0.142477
0.354128
-0.177630
-0.213475
-0.142730
0.070667
-0.036050
0.212738
-0.284876
-0.107339
0.674356
-0.106733
0.247262
-0.390070
0.459777
0.034835
-0.496058
0.141362
0.247262
-0.354590
-0.249106
-0.036050
0.708489
0.070139
-0.141775
0.070189
-0.141875
0.105581
0.246562
0.281109
-0.035638
-0.211675
0.281010
0.175049
-0.457505
-0.601297
0.141211
-0.284070
0.105958
0.141261
-0.071329
-0.783126
-0.036203
-0.036215
-0.107759
0.178249
-0.645414
-0.180370
0.215345
-0.000482
0.858200
-0.036114
0.497208
0.141261
0.211757
-0.071178
-0.035849
0.140911
0.316923
0.280812
-0.176198
0.034686
-0.141228
-0.211973
-0.035774
-0.106433
0.281805
-0.247439
-0.177254
0.352750
-0.035749
0.034785
-0.106321
0.667946
0.209676
0.139378
0.313490
-0.244597
0.208796
0.034355
-0.209687
-0.105249
-0.210346
-0.000482
-0.035502
0.069546
-0.105542
0.139574
-0.491539
-0.211675
0.491610
0.349536
-0.561100
-0.458310
0.843108
0.279141
-0.035392
-0.385300
0.139623
-0.070510
-0.175767
-0.246398
0.735460
0.139085
0.278070
-0.035259
0.103811
-0.035234
-0.070023
0.138552
1.173565
-0.069163
0.376683
0.375266
0.475709
-0.068371
-0.034444
0.033480
0.169153
-0.102229
0.236766
0.101024
-0.135846
0.337585
-0.068004
0.033285
0.067017
0.066972
0.100613
-0.169031
0.201743
-0.034158
-0.135298
-0.000482
-0.135480
0.269333
0.066858
-0.000482
0.167670
0.334976
-0.067484
-0.034000
-0.034011
0.200523
0.066430
-0.000482
-0.201352
-0.000482
0.133477
-0.067439
0.066475
-0.268579
0.066610
-0.168295
0.234378
0.033024
-0.235263
-0.000482
-0.000482
0.133746
0.200523
-0.134440
0.033024
-0.067506
-0.101102
-0.101204
-0.067686
0.234536
-0.101136
-0.101238
-1.149531
-0.068486
0.508425
0.168580
0.303111
0.167783
0.066745
0.033115
-0.269571
0.134153
0.100375
0.401933
0.266898
-0.100666
0.166435
-0.133993
0.032913
0.099635
-0.033843
0.066229
0.398853
-0.100166
0.860166
0.098349
-0.099312
0.361420
-0.197721
0.196757
0.032353
-0.033317
-0.197721
0.163911
-0.000482
-0.296584
-0.066402
0.098381
0.131184
-0.000482
0.163857
0.130795
-0.757687
0.197603
0.164290
-0.033415
0.032451
0.196887
0.065221
0.523594
-0.163961
-0.000482
0.097637
-0.065884
0.423870
0.129726
END
