y[]
0.162305
0.484905
-0.249324
0.102858
-0.073285
0.337118
0.597933
0.217774
-0.043597
1.311468
-0.445061
-0.216108
0.071836
-0.216340
-0.072302
-0.014582
-0.303683
0.677862
-0.216050
0.387949
-0.186897
0.358392
-0.560168
-0.158654
-0.043421
-0.245596
-0.217158
0.332440
-0.622663
0.217504
0.043355
0.014374
0.014366
-0.072486
-0.188495
2.449726
0.324497
0.070008
0.743529
-0.519350
0.097809
-0.183216
-0.409171
0.182907
-0.438252
0.830970
0.489338
0.180703
0.041144
0.180214
-0.376649
0.124830
0.041128
0.013261
-0.265453
1.481291
-0.124623
-0.097193
-0.235211
0.068211
0.288407
-0.014582
0.205198
0.012857
-0.261801
0.260068
-0.344253
-0.042104
-0.097193
0.068028
-0.097193
0.150571
-0.069603
-0.097170
-0.014582
-0.317989
0.233728
-0.124866
0.040575
-0.263029
-1.098378
0.653758
0.013169
-0.320265
0.068879
0.457051
-0.014582
-0.263993
0.040896
0.013146
-0.514861
-0.070323
0.041159
-0.014582
-0.014582
-0.098206
-0.293834
0.765366
0.400758
-0.263579
0.013115
0.455097
-0.262961
-0.125171
-0.125293
-0.737209
0.347384
0.179781
-0.014582
-0.181156
0.151992
-0.292360
-0.098066
0.013254
-0.070261
-0.377255
0.097150
0.069135
0.041190
-0.014582
-0.209922
0.486951
0.346079
-0.069984
0.482931
0.150707
-0.317821
-0.346441
0.206779
-0.097535
-0.097604
-0.014582
0.123750
-0.097558
0.151301
-5.405959
0.392750
0.939045
0.501770
-0.157746
-0.100579
-0.158075
-0.072037
0.157683
0.357645
0.498532
-0.871241
-0.589792
-0.130022
-0.535718
0.014441
-0.043605
-0.072654
-0.451200
-0.014582
0.509132
0.217302
-0.653562
-0.306383
1.060853
0.216432
-0.043430
-0.303516
0.418507
0.215634
-0.504426
-0.390794
0.159230
-1.091269
-0.043843
0.219268
1.031027
-0.710439
-0.218456
0.160192
0.392041
0.390394
-0.274735
-0.362509
0.188523
1.281332
0.071218
0.128255
0.327396
-0.299483
-0.014582
-0.100211
-0.214668
-0.243743
-0.244269
0.042889
-0.187095
-0.043363
0.330246
0.100097
0.385762
0.013953
-0.157337
-0.071741
-0.358225
0.014100
0.100064
-0.043231
0.014067
-0.215299
-0.359608
-0.245263
-0.130122
-0.043488
-0.304102
0.101326
0.014374
0.187876
0.100925
-0.072319
-0.072352
-0.072386
0.014324
-0.246064
-0.275641
0.217504
-0.333839
0.391569
-0.304521
-0.072671
-0.626561
0.248153
0.450806
-0.217923
0.304768
0.043372
-0.188546
-0.247005
-0.305873
0.160294
-2.491124
0.461893
0.370889
0.044590
0.044555
0.427831
-0.516132
-0.192202
-0.073859
-0.281763
-0.103801
0.489945
-0.311054
-0.163148
-0.342207
-0.163858
-0.194008
-0.164350
0.075306
0.254597
0.491899
0.163565
-0.103616
-0.073982
-0.192994
-0.163502
-0.223444
-0.343677
-0.224572
0.165436
-0.104551
-0.737259
-0.165799
0.106410
0.136453
0.497236
0.045460
0.374815
0.462603
0.163777
-1.661572
-0.681049
0.015808
0.772347
-0.074896
-0.135319
-0.044789
0.587829
0.195408
-0.044554
-0.194600
-0.194925
0.135726
-0.375702
-0.135246
0.106082
-0.165434
-0.468509
0.409147
-0.165708
1.247833
-0.134128
0.104964
0.253874
0.193720
0.637272
-0.132785
0.604432
0.014799
0.366594
-0.307666
-0.337969
0.923291
-0.423820
-0.307923
0.044155
0.014774
0.102754
-0.190638
-0.073336
3.308943
-0.043011
-0.384900
-0.558295
0.586192
0.070949
0.241573
0.325940
-0.184698
0.183859
-0.298190
-0.099821
0.212562
0.494613
-0.297148
0.013710
0.380675
0.182462
-0.127131
0.041708
-1.574234
2.552917
-0.545235
0.488212
0.152456
-0.125910
-0.181806
-0.014582
-0.126220
-0.070448
0.097119
0.152735
0.013277
-0.126065
0.013300
-0.042464
-0.042472
0.096932
-0.042449
0.096839
-0.126003
-0.154033
0.069112
-0.293834
0.041331
-0.210414
0.069393
0.181085
-0.070448
-0.126408
0.069299
0.459419
0.179943
0.151853
0.013130
-0.097742
0.040866
0.040835
0.096160
-0.014582
-0.153029
-0.153221
-0.236804
0.152131
0.179566
-0.097742
0.207025
0.013084
-0.097604
0.151393
-0.042225
0.206351
-0.124988
0.150981
0.068097
-0.014582
-0.180008
-0.567987
0.262503
0.068394
0.838830
-0.124291
0.505468
0.121825
0.148861
0.094232
-0.150618
0.202987
0.066884
0.148152
-0.258782
-0.068930
-0.123366
0.094202
-0.041767
-0.041774
0.039795
0.121232
-0.096048
-0.014582
0.066884
0.175248
-0.666936
0.067195
0.094350
0.067039
0.012610
-0.068974
0.012618
-0.014582
-0.041782
-0.396158
0.149129
0.067173
-0.041826
0.012662
-0.069078
-0.014582
0.094380
-0.041811
0.690984
0.066510
0.282194
-0.257333
-0.095630
-0.041613
0.012449
-0.203950
-0.258584
0.012559
0.148108
0.012507
0.012500
-0.068753
-0.014582
-0.068783
0.012522
-0.123042
0.175146
-0.340050
-0.014582
-0.014582
0.012581
0.093996
-0.096004
-0.232033
-0.123485
-0.014582
-0.369338
-0.480400
0.259691
-0.316324
-0.069542
-0.069572
0.095368
0.040348
0.122611
-0.454264
END
