y[]
0.433639
0.143259
-0.254420
0.034898
-0.472915
0.216643
0.071241
0.107414
0.251909
-0.218300
0.143416
-0.073634
0.071031
-0.037461
0.395739
-0.326036
-0.037448
0.359579
0.070719
0.178522
-0.109157
0.286055
0.034560
0.034547
0.141965
-0.037099
0.141811
0.034445
0.426659
-0.215053
0.141250
-0.036920
0.069924
0.389532
0.034153
0.104987
-0.072148
-0.036744
0.034141
-0.356289
0.140845
-0.143448
0.105327
-0.001301
-0.107930
-0.108044
-0.250812
0.141352
0.247853
-0.214825
0.212222
0.140794
0.034191
-0.036794
0.069671
0.034166
0.034153
-0.178701
0.069696
0.034178
-0.072274
0.069671
0.034166
-0.214294
-0.107968
-0.072476
-0.001301
-0.143802
0.034343
0.034330
0.105517
0.034279
-0.001301
0.034267
-0.036870
0.034267
-0.001301
-0.179269
0.034317
-0.001301
0.212146
0.247146
-0.249749
-0.072400
-0.001301
0.034254
-0.001301
-0.036857
-0.715080
-0.288246
0.249820
0.106129
-0.037099
-0.144619
0.142016
-0.108771
-0.037150
-0.252603
0.034637
-0.145135
0.106593
0.357508
-0.288246
0.178135
0.070383
0.284924
-0.037035
-0.108578
-0.001301
-0.001301
0.034470
-0.037073
0.141709
-0.037035
0.034432
-0.037035
-0.072807
0.248743
-0.144108
-0.108540
0.034457
0.284311
-0.001301
0.141199
0.354065
-0.072274
-0.107855
-0.001301
-0.072400
-0.072451
0.247499
0.317678
-0.072098
-0.036719
0.034116
0.069495
-0.036693
0.034090
-0.072098
-0.356038
-0.214749
0.247676
-0.107930
-0.072451
0.069848
0.176350
0.176035
0.317114
-0.036631
-0.001301
-0.107365
0.140091
0.069320
0.104537
-0.036569
-0.071873
-0.036606
0.069295
-0.213241
-0.213691
-0.285191
-0.250368
-0.001301
0.141098
0.353813
-0.072223
0.140492
0.140291
0.104762
-0.178136
0.034090
-0.001301
-0.036693
-0.036706
0.034103
0.140191
-0.001301
0.351557
-0.036531
0.104351
0.069071
0.104165
-0.247564
-0.001301
-0.248172
0.210339
-0.001301
-0.071799
0.033953
0.033941
0.104351
0.209669
0.174168
-0.071452
-0.001301
-0.001301
0.068849
-0.176771
-0.036432
-0.141948
-0.071699
0.104277
0.033866
0.068997
-0.001301
-0.036445
0.033842
0.279400
-0.246873
0.174168
-0.001301
0.068800
0.033731
-0.036334
0.068751
0.033706
-0.106362
-0.211754
-0.001301
-0.177018
0.139296
-0.036432
-0.036445
-0.177203
-0.036519
-0.142296
-0.213166
-0.142794
-0.213917
0.246706
0.316664
-0.001301
-0.142495
-0.036631
0.104649
-0.071923
0.104612
-0.036594
-0.001301
0.104537
-0.213091
0.139941
0.315768
-0.106880
0.104277
-0.142097
-0.107028
0.033953
0.280290
0.314544
0.138755
-0.141358
-0.106472
-0.071477
0.174045
-0.001301
-0.106472
-0.036383
0.173983
-0.633770
-0.036556
-0.389926
0.387323
0.033953
-0.107103
-0.177886
0.034040
0.034028
-0.248870
0.104874
-0.036681
0.034078
-0.107477
-0.036719
-0.001301
-0.285090
-0.036832
-0.250368
0.176666
-0.822588
-0.108925
-0.073115
-0.001301
0.106399
0.106283
-0.037150
-0.144825
-0.469181
0.214915
0.250361
0.321337
-0.072909
-0.037125
-0.037137
-0.037150
0.034547
0.034534
0.070332
0.106052
-0.359596
0.213829
-0.468005
0.034676
-0.109273
0.070693
0.034676
-0.145290
0.142687
-0.001301
0.070615
-0.253236
0.106748
0.034689
-0.037292
0.429734
-0.288452
-0.181190
-0.109390
0.070771
1.002291
0.070000
-0.036946
0.069974
0.034317
0.034305
-0.001301
0.176540
0.176224
-0.072274
-0.107855
0.069746
-0.001301
-0.036819
0.034216
-0.036819
0.176161
-0.036769
-0.214370
-0.036857
-0.321872
0.212526
-0.322215
0.284005
-0.108196
0.105593
0.247676
0.140694
0.211314
-0.142995
0.104987
0.104874
0.069420
-0.072023
-0.036681
0.034078
0.069420
0.104687
-0.036618
-0.001301
-0.284287
-0.534068
0.105479
-0.072476
-0.108158
0.212298
-0.143650
0.283194
0.105176
0.069620
0.069570
-0.036731
0.069545
-0.036719
-0.036731
-0.001301
-0.214143
-0.107892
-0.214825
-0.001301
-0.108234
-0.501839
-0.504357
0.142687
-0.145290
0.070719
-0.109351
-0.615798
0.143626
-0.255063
-0.073923
-0.110333
-0.110452
-0.147021
-0.256823
0.071771
-0.037831
-0.074401
0.181347
0.108128
0.217198
0.071426
-0.037659
-0.402104
-0.110891
-0.001301
-0.184217
-0.001301
0.108488
0.363796
0.144365
-0.146968
0.071558
-0.074161
-0.074214
-0.147287
-0.001301
-0.037831
0.181214
0.471685
-0.182955
0.144047
-0.037619
-0.146703
-0.219801
0.326269
-0.110373
-0.110492
-0.001301
-0.001301
0.507236
-0.110056
-0.255524
-0.001301
0.035056
0.035042
-0.146756
-0.037698
0.398336
-0.110135
-0.328515
-0.475842
0.400379
-0.147180
0.144577
-0.147180
-0.001301
-0.074321
-0.074374
-0.184217
0.035308
-0.441508
0.108932
-0.038032
-0.148360
0.182488
-0.148306
0.035470
1.313546
-0.110214
0.686484
-0.217986
0.107100
-0.073556
0.179237
0.034767
0.178846
-0.109351
-0.145550
-0.037396
-0.073530
0.070927
-0.001301
-0.001301
END
