y[]
0.271907
0.055011
0.055001
-0.006851
-0.130700
0.116969
-0.068819
0.086014
0.055030
-0.316958
0.148222
0.055088
0.240894
-0.037825
0.024075
0.085975
0.178658
-0.006823
0.024075
-0.192476
0.147876
-0.037806
0.085956
0.055001
0.024075
-0.006851
0.116825
0.024075
-0.006832
-0.068704
-0.099764
-0.472820
0.086322
-0.038172
0.334924
-0.069078
0.024075
-0.038075
0.055155
-0.131422
0.086303
-0.007034
0.644424
0.054992
0.116768
0.024075
0.054953
0.054944
0.024075
-0.192208
0.147723
-0.099573
0.055001
0.271141
-0.037634
0.116625
-0.068475
-0.037672
0.024075
0.209203
-0.068446
-0.068532
0.116682
-0.006784
0.054934
0.362902
0.085557
-0.160484
-0.068332
0.116482
-0.006718
-0.006727
0.454448
0.177332
0.054698
-0.067823
0.054717
-0.098549
0.238569
0.085275
-0.037125
0.054679
0.024075
0.085256
-0.067710
0.085275
-0.037125
0.024075
0.024075
0.603964
-0.097728
-0.219976
0.237653
0.085013
-0.219902
-0.128713
-0.282204
-0.190880
0.239030
0.054745
0.024075
0.116029
-0.129229
-0.006614
-0.098775
0.054802
0.085500
-0.006633
-0.098851
-0.376480
0.178325
0.116511
0.300870
-0.129606
0.177756
0.024075
0.054783
-0.037350
-0.037388
0.054811
-0.068162
-0.222306
-0.006765
-0.037634
0.054934
-0.099420
-0.006823
0.147608
0.024075
0.147456
-0.130175
-0.471129
-0.162260
-0.162608
0.024075
-0.100574
-0.288230
-0.038503
0.149192
0.242654
0.055262
-0.382112
0.242996
-0.069690
-0.101081
-0.007239
0.086692
0.117928
-0.195052
0.211927
0.117869
-0.414385
0.180889
0.243202
-0.038484
0.336478
0.024075
0.273296
-0.162783
0.055242
-0.069456
0.614965
0.333673
-0.037768
-0.068761
0.116911
0.209489
0.024075
0.054944
-0.192208
-0.006861
0.209546
0.178372
0.024075
-0.006765
0.178182
0.024075
-0.160882
-0.192141
-0.409765
-0.630235
-0.320375
0.024075
0.024075
0.055438
-0.038660
0.055448
0.055438
-0.101435
0.274937
0.024075
-0.007248
0.024075
0.149310
0.367664
0.086419
-0.007092
-0.069485
-0.319729
0.024075
0.274231
0.491438
-0.256081
0.117548
0.148569
0.241568
0.210122
-0.037902
-0.006928
-0.348712
-0.131664
-0.538602
0.461986
-0.319837
0.149271
-0.163777
-0.195533
0.086869
-0.605650
-0.133978
0.245279
0.276282
0.087027
-0.164901
0.150099
-0.070428
0.150059
0.024075
0.181332
0.086909
0.212340
-0.007278
-0.070043
0.556241
0.117693
0.055262
0.304318
-0.162666
-0.131810
-0.225847
0.211575
0.646548
-0.286677
-0.100497
-0.131858
-0.007141
0.086497
0.117635
-0.038289
0.024075
-0.007121
0.584126
-0.255559
0.086283
-0.100381
0.024075
-0.007063
-0.444164
0.055359
-0.414797
0.149664
0.118163
-0.038641
-0.101474
-0.164545
-0.227973
-0.070607
0.181829
-0.038997
0.087147
0.275964
-0.417149
-0.070727
0.055686
0.245070
0.024075
0.433202
-0.227497
-0.417705
-0.897298
-0.039782
-0.552480
-0.555824
0.056380
0.539540
0.152527
0.088239
-0.168541
0.024075
0.472938
-0.200104
-0.200608
0.120430
0.184460
-0.168418
0.056183
-0.072280
0.216691
-0.200680
0.728754
-0.103680
0.215646
-0.167496
0.343156
-0.039660
0.087810
0.119601
-0.071451
0.024075
1.038347
-0.260151
-0.356154
0.055816
-0.293789
-0.230946
0.151667
0.278771
-0.039538
0.214793
0.119298
-0.389214
-0.167252
-0.520013
-0.136516
0.280897
0.024075
0.056131
0.024075
-0.040048
-0.104295
0.056183
-0.394134
0.024075
-0.298818
0.217936
-0.169786
-0.040629
0.250356
-0.040524
-0.591710
0.251385
-0.170730
-0.040945
-0.138659
0.024075
-0.106303
-0.302616
-0.303687
-0.173099
0.418035
0.253170
0.317857
-0.008525
-0.466202
-0.074270
0.253395
0.481144
-0.106303
-0.269899
0.154837
-0.204870
-0.534127
0.188576
-0.008804
0.089821
0.777066
0.121875
0.608872
-0.040734
-0.235581
0.121525
-0.398896
0.089264
-0.008514
-0.073756
-0.564932
-0.140156
-0.536335
0.452906
0.483846
-0.501550
-0.008869
-0.637084
-0.274879
-0.042481
-0.142508
-0.142786
0.224275
-0.009264
-0.009275
0.456760
0.388736
-0.473521
-0.542877
-0.176796
0.158033
0.057537
-0.277483
0.926035
0.157010
-0.709262
0.090965
-0.143233
0.425145
-0.243126
0.191159
-0.176460
-0.311046
-0.244833
-0.854903
0.363058
0.260681
0.730554
0.358747
-0.076209
0.324626
-0.109392
0.124192
-0.042658
0.124158
-0.678622
0.325835
-0.009409
0.425145
-0.042658
-0.142954
-0.143233
-0.647971
-0.246013
0.496251
0.024075
0.192171
0.158348
-0.784282
-0.348617
0.329108
0.159347
0.664131
0.057649
0.492931
-0.478354
0.526504
0.190992
-0.076042
-0.076142
-0.009353
-0.277281
-0.009465
-0.143795
0.627092
-0.009331
-0.109660
-0.445409
-0.312626
0.293526
-0.076884
-0.617711
-0.111564
-0.827864
-1.146334
0.610992
0.092898
-0.839637
-0.637372
-0.571478
0.444833
0.617134
0.958823
-0.044867
0.265163
-0.113619
-0.979915
0.128405
END
