y[]
0.092545
-0.136647
0.484606
-0.005671
-0.070902
-0.103598
-0.136390
-0.071095
0.125134
0.059667
0.059625
-0.070966
0.157488
-0.005671
-0.070902
-0.103598
0.222677
-0.005671
-0.038260
0.319744
0.026812
0.156588
0.026749
0.156272
0.059033
-0.135121
-0.005671
-0.102868
0.317954
0.091213
-0.070250
0.252394
0.026540
-0.102336
-0.070166
-0.102492
0.058887
0.026592
-0.005671
0.348540
0.187007
-0.166210
-0.166468
0.155127
-0.069959
-0.231005
0.123154
0.090839
0.219157
-0.037758
-0.069876
-0.295107
-0.392893
0.252644
0.026572
-0.166987
0.026613
-0.005671
0.026603
0.219954
0.090870
-0.005671
0.026489
-0.005671
0.058617
0.186946
0.026396
0.026386
0.026375
0.090406
-0.005671
-0.262081
-0.005671
0.122616
0.026375
0.058391
-0.005671
-0.005671
0.026344
0.090314
-0.101656
0.058329
-0.005671
-0.069671
-0.037686
-0.037697
-0.037707
-0.037717
-0.005671
0.026375
0.122411
-0.133753
-0.005671
0.154406
-0.069671
-0.037686
0.058350
0.090283
-0.005671
-0.069630
-0.037666
-0.101717
0.282191
-0.133507
-0.037656
0.058288
-0.037645
-0.293902
0.378452
0.631274
-0.196329
-0.101136
0.026161
-0.069345
0.058003
-0.005671
-0.037503
0.121596
0.026121
0.057882
-0.132817
0.057922
-0.101076
0.121515
-0.101045
0.026131
0.121434
-0.005671
0.248056
-0.195906
0.532390
-0.195244
-0.068942
-0.132333
-0.227717
-0.132776
-0.069284
-0.101167
-0.005671
-0.101258
-0.069446
-0.261180
0.409201
0.121637
-0.132978
-0.037523
-0.260854
0.026263
0.153844
-0.388936
0.154201
-0.165543
-0.390410
-0.166417
-0.005671
-0.037851
0.219373
0.058535
-0.069876
0.186822
0.218437
-0.358066
0.250739
-0.165850
-0.487754
-0.457722
0.091369
0.026655
-0.037997
0.220391
-0.458307
0.640326
0.219446
-0.102087
0.090746
-0.198597
-0.070062
0.090901
-0.070042
0.058700
0.283486
0.026406
0.282560
-0.101656
0.090314
-0.101656
-0.165850
0.090468
0.154355
-0.197732
-0.101840
-0.166159
0.186884
0.026386
-0.133958
0.250739
0.026334
0.154201
0.058206
-0.069548
-0.005671
-0.005671
-0.133548
-0.518821
-0.359996
0.123320
0.604773
-0.326492
0.122781
0.058493
-0.230426
-0.456703
-0.037965
-0.588763
-0.331086
0.287250
-0.396424
-0.234317
-0.202070
0.354101
0.059603
0.157328
-0.233944
-0.267194
0.059774
-0.038388
-0.596418
0.125908
-0.005671
0.092900
-0.104242
0.649639
-0.398342
0.059881
-0.202457
-0.104209
-0.038539
0.027197
-0.170118
-0.038593
0.027251
0.486860
-0.432391
-0.203234
0.520300
-0.366979
0.027229
0.617384
0.027014
-0.071052
0.027025
0.255511
0.124665
0.091969
-0.298878
0.092161
-0.136134
0.092192
0.157222
0.124453
-0.200920
-0.136049
-0.299645
-0.038388
-0.038399
0.353748
0.254916
-0.005671
-0.038207
0.124410
-0.919814
-0.432952
-0.401711
-0.204281
0.093683
0.489625
0.290333
0.027164
0.223875
0.777367
-0.331192
-0.299549
0.059710
0.222826
-0.168830
-0.005671
0.092256
0.059561
0.059518
-0.005671
-0.136092
0.222454
0.286870
0.026781
-0.070585
0.026791
0.188882
0.026718
0.091432
-0.459628
0.124241
-0.135583
-0.070690
-0.135837
-0.201238
0.026950
0.157275
0.189515
0.383561
0.091401
0.058991
0.058949
-0.070291
0.284792
0.187504
0.122905
-0.102087
0.058617
-0.134288
0.122946
-0.102118
0.251316
0.026406
-0.069835
0.090560
0.250493
0.090222
-0.069589
0.185961
-0.037584
0.249350
-0.005671
-0.005671
-0.133100
0.089916
-0.005671
0.026171
-0.037513
0.089825
-0.164881
0.026191
-0.165084
0.121880
-0.037543
-0.133263
-0.037594
-0.005671
-0.069548
0.122043
-0.133385
-0.197548
-0.069712
0.122370
-0.101686
-0.005671
-0.037697
0.026355
0.090344
-0.037666
0.313818
0.058105
0.058064
0.089855
-0.069345
0.153438
0.026121
-0.324041
-0.037564
-0.069487
-0.967834
0.348198
0.282930
0.250165
-0.069569
-0.005671
-0.229635
0.026355
-0.005671
0.026344
-0.133794
-0.262410
-0.005671
-0.037810
-0.005671
0.026468
-0.166468
-0.166727
0.155386
0.122988
-0.230932
-0.134620
-0.490716
0.317954
0.058929
-0.102586
-0.102680
0.026676
0.091307
-0.037986
0.155802
0.123320
-0.070145
0.380554
0.154817
-0.037748
-0.101964
0.122699
-0.166159
-0.488686
0.058866
0.477033
-0.198473
-0.198845
0.058762
-0.684297
0.350374
0.058929
0.541746
-0.134206
0.315357
-0.037727
0.186514
-0.165799
-0.005671
0.442043
0.121880
-0.005671
0.280725
-0.164679
0.248620
-0.291794
0.057983
0.185048
0.248056
-0.100743
-0.005671
-0.069103
-0.100894
-0.069203
-0.387715
0.249187
0.121515
0.089613
-0.100954
-0.037452
-0.037462
0.057902
0.026100
-0.132817
-0.101136
0.089794
-0.164831
0.248863
0.089613
-0.037422
-0.037432
0.121313
-0.037402
-0.005671
-0.164477
0.026110
-0.164679
0.026151
0.057942
-0.005671
-0.069284
-0.069325
0.121596
-0.292250
0.280908
0.184926
-0.642413
0.153895
END
