y[]
0.179881
0.409134
0.369292
-0.202827
-0.164972
-0.165206
0.102502
-0.203557
-0.012242
0.064327
-0.050520
0.331729
0.102152
-0.088491
-0.394360
0.026035
-0.242127
-0.204218
0.179733
-0.088988
-0.319817
-0.089284
-0.012242
0.717268
-0.587728
-0.243367
0.064859
0.180251
-0.089195
0.218438
-0.319935
0.257040
0.371194
-0.127119
-0.820094
0.064978
0.948011
0.025977
0.025962
0.025948
-0.126855
0.331204
-0.012242
-0.202900
-0.012242
-0.088607
-0.050447
-0.241776
0.064327
-0.280493
0.064474
0.332256
0.331073
-0.470258
-0.510805
0.218173
-0.396563
0.180102
-0.050682
-0.281732
-0.089373
0.334379
-0.089165
-0.012242
-0.089225
-0.282148
-0.050860
-0.360472
-0.089792
-0.012242
0.258918
-0.244620
-0.284034
-0.871287
-0.051466
0.261999
-0.247260
-0.169228
0.183952
-0.051450
0.379148
-0.246892
0.144252
0.261035
0.260290
-0.051130
0.026646
-0.012242
0.026630
-0.090003
0.026646
0.491928
0.103745
0.065008
-0.321601
0.181219
-0.050905
0.026420
0.257976
0.180325
1.211482
0.139676
0.215203
-0.125900
0.252759
-0.125728
0.063429
-0.050071
0.101201
-0.012242
-0.125685
0.214515
-0.087771
-0.012242
-0.163471
-0.050085
-0.201672
-0.088115
0.139445
-0.125986
0.101502
-0.620378
-0.662465
-0.012242
-0.089018
-0.050652
-0.012242
0.179660
0.064415
0.026065
0.179072
-0.050476
0.064210
0.559297
-0.240466
0.784272
-0.125642
0.176687
-0.163357
0.327445
-0.087629
-0.012242
0.138474
-0.162958
-0.390029
0.025601
-0.087943
0.139101
0.025558
-0.125685
0.176758
0.552625
-0.087374
0.400284
-0.087121
-0.049702
-0.049717
-0.387759
0.025373
0.100518
0.325279
-0.199614
-0.463371
0.476389
-0.199895
0.212899
-0.087233
-0.012242
-0.087289
-0.012242
0.025288
-0.388183
0.025415
0.175834
-0.501978
0.138701
-0.125428
-0.050000
-0.163414
0.176687
0.176330
0.138360
-0.238231
-0.012242
0.138474
0.138247
-0.012242
0.213068
-0.350398
0.213322
-0.162562
1.517924
-0.197599
-0.160776
-0.012242
-0.160996
-0.235789
-0.012242
-0.049549
0.360198
-0.384682
-0.161608
0.137123
-0.086897
0.137011
-0.049535
0.025050
-0.012242
0.211221
0.099303
-0.049410
-0.161052
0.062190
-0.123912
0.210972
-0.086592
0.099261
0.062024
-0.049369
-0.160886
-0.235623
-0.647877
0.212561
0.025176
-0.012242
-0.049660
0.062580
-0.087065
-0.049674
0.137402
0.099844
0.062412
0.025064
0.582776
-0.123539
-0.123663
-0.459170
0.099677
-0.086841
0.025064
0.136845
-0.049493
0.062246
-0.086730
0.136678
-0.049452
-0.012242
0.062162
0.062107
-0.123787
-0.049452
0.024967
0.099303
-0.683386
-0.049660
0.212057
-0.012242
-0.161719
-0.049646
-0.236961
0.062720
-0.162224
0.250078
-0.312093
0.062805
0.025260
-0.087261
0.212645
-0.087149
-0.162224
0.025274
0.249979
-0.049660
0.099970
-0.124455
-0.876747
-0.050000
0.327061
0.924270
-0.273583
0.286377
0.136734
-0.273096
0.136900
-0.236039
0.099719
0.025050
-0.012242
-0.124162
0.025078
-0.012242
-0.273778
-0.012242
0.137290
0.286154
0.099427
0.024953
-0.086647
-0.086702
0.173804
0.284714
0.172909
0.504364
-0.270212
0.208915
-0.122760
-0.012242
0.061450
0.061395
-0.122719
0.061423
-0.307228
-0.012242
-0.086125
-0.123169
0.024747
0.246299
-0.012242
-0.049136
0.245727
-0.417922
0.024706
0.098520
0.024651
0.135196
-0.049081
0.024597
0.098194
-0.049041
0.061341
-0.122638
0.245158
-0.085718
-0.232993
0.318701
0.134493
0.097668
-0.305605
-0.012242
-0.159247
0.281552
-0.232507
0.171345
0.024435
-0.159031
-0.012242
-0.085718
0.061233
0.097870
-0.085637
0.061152
0.390467
-0.085342
0.097387
-0.085315
0.097347
0.097227
-0.048719
-0.121751
0.097267
0.024234
-0.048719
-0.267950
-0.341973
0.024448
-0.012242
0.024435
0.024421
0.097668
-0.048866
-0.085529
-0.085583
0.134385
0.426355
-0.012242
0.133530
-0.012242
0.206019
0.241795
-0.157328
-0.157538
-0.048599
-0.522633
0.461779
0.024128
-0.157803
-0.012242
0.096948
0.024128
-0.084996
0.133212
-0.194094
0.060538
-0.303681
0.133583
-0.486956
-0.305498
-0.085691
0.317852
-0.012242
-0.048866
0.207297
0.060830
-0.048772
0.279622
0.206098
0.024102
0.024088
-0.157644
0.278350
0.024022
-0.121076
-0.012242
-0.193895
-0.012242
0.024115
-0.303469
0.133477
-0.085075
-0.048679
-0.231141
0.097267
0.206417
-0.194425
0.279091
-0.012242
0.205702
-0.012242
-0.012242
0.024036
0.060274
-0.266280
0.024088
0.169213
-0.448289
0.242350
-0.194027
0.024141
-0.048626
-0.012242
0.024141
0.024128
-0.194226
-0.231061
0.133690
0.060644
0.060591
0.096908
-0.048613
0.024128
-0.084996
0.242165
-0.121195
0.060406
0.169147
-0.411734
-0.121472
0.387686
0.169016
-0.084706
0.060221
-0.084706
0.096434
-0.012242
-0.048454
-0.266096
-0.121234
0.024102
0.060406
0.096631
-0.048520
0.024036
-0.084811
END
