y[]
-0.012884
-0.114287
-0.012884
0.324726
-0.080315
0.189272
-0.080224
0.054456
-0.012884
0.155268
-0.080111
-0.248535
-0.689248
0.190506
-0.250213
-0.318851
-0.012884
0.089209
-0.114977
-0.115082
0.021193
-0.046962
0.021193
-0.012884
0.293291
-0.182866
-0.217244
-0.081097
0.055329
-0.354415
0.430878
-0.115116
-0.183504
0.225901
-0.422581
-0.149824
0.124055
0.123868
0.021275
-0.183795
-0.115571
0.226555
0.021275
0.123635
0.021216
-0.149356
0.191754
0.089278
0.394725
-0.454536
-0.251507
0.021240
-0.354648
0.123961
-0.183971
0.260714
-0.012884
-0.149590
0.089662
0.055422
-0.081190
-0.423703
0.124243
0.363249
0.497755
0.326099
0.156177
-0.012884
-0.690853
0.665084
0.458974
0.188661
-0.012884
-0.046447
-0.046458
-0.281882
-0.012884
0.121705
-0.046515
0.020746
-0.080156
-0.214973
0.020826
-0.384318
0.054752
-0.148202
0.223802
-0.046662
0.223323
-0.215313
0.020882
-0.181832
-0.080543
-0.216136
-0.216550
0.055051
0.088931
0.088828
-0.080681
-0.080727
-0.012884
0.224364
0.122434
-0.080520
0.156120
0.223243
-0.046583
0.054501
-0.046571
-0.012884
0.155438
0.020746
-0.080156
-0.046537
-0.046549
0.054433
-0.113877
0.524571
0.288170
0.520095
0.153091
-0.378394
-0.112801
0.915812
-0.211166
-0.045969
-0.012884
-0.045980
-0.045991
-0.079131
-0.411291
0.252897
0.119742
0.119566
0.284489
0.053079
0.020081
-0.045849
-0.012884
0.053035
0.052992
-0.078760
-0.078804
-0.045860
0.316388
-0.045763
-0.276302
-0.045860
-0.078869
0.119042
0.053014
0.184549
-0.078652
0.217114
-0.111390
-0.012884
0.019962
0.052776
-0.078544
-0.045730
-0.078609
0.315308
0.019876
-0.242430
0.019940
0.019930
0.019919
-0.045687
0.019919
0.019908
0.249067
-0.012884
-0.274836
0.281763
0.313487
0.084820
-0.012884
-0.175777
0.052305
0.117366
-0.012884
0.603501
0.019452
-0.109925
0.148797
-0.012884
-0.109862
0.051778
0.019431
0.083999
-0.077463
-0.012884
0.148484
-0.077400
0.373590
-0.012884
-0.045033
-0.012884
-0.012884
0.019265
-0.012884
0.115609
-0.044992
-0.141419
-0.238218
-0.077359
0.148224
-0.141750
-0.077380
-0.174305
0.083999
0.116148
-0.109643
0.212740
0.083656
-0.045054
0.019286
0.051424
0.019255
-0.045023
0.051383
0.403850
-0.269130
-0.785586
-0.239385
-0.207437
-0.207816
0.214499
0.051988
0.019536
-0.240046
-0.273132
-0.143262
-0.143433
-0.471150
-0.045698
0.118306
-0.012884
0.019887
0.052625
0.085299
-0.078329
0.150648
-0.078265
0.183130
0.019747
0.019737
0.117494
-0.045463
0.182428
-0.175618
-0.110652
0.150009
-0.012884
-0.306283
0.052390
-0.012884
0.052347
0.117451
-0.012884
-0.175830
-0.078137
-0.012884
0.280419
0.019652
-0.143093
0.019684
0.247278
0.019589
-0.207879
0.117155
-0.175459
0.052178
-0.371249
0.084979
-0.143390
-0.012884
0.052390
0.052347
-0.143390
-0.045537
0.117664
0.052326
-0.143347
0.410500
0.117028
0.181668
0.051883
0.019483
0.084156
-0.045221
0.051778
0.148588
0.148328
-0.077338
-0.012884
0.019348
-0.077359
0.116023
0.019317
-0.045085
0.180166
-0.012884
-0.141543
0.019296
-0.206121
-0.109643
0.019379
0.083843
-0.077359
0.019358
0.019348
0.083750
-0.335361
0.406133
-0.109425
0.019306
0.019296
-0.045064
-0.238436
0.116065
-0.109580
0.051590
-0.238727
0.695197
-0.012884
0.211367
-0.076905
-0.108992
-0.366071
0.083563
-0.077172
-0.045044
-0.917575
0.214057
0.148902
0.084062
-0.174514
0.116440
0.051715
-0.077484
0.180789
-0.045137
0.116065
-0.109580
-0.045137
0.277018
0.083563
-0.077172
0.115650
-0.173578
-0.399607
-0.012884
-0.045179
0.180727
0.180353
-0.045064
0.019296
0.019286
0.179918
-0.077110
-0.141460
0.051424
-0.141543
0.051466
-0.012884
-0.173837
-0.141833
0.116065
-0.141833
-0.012884
0.116065
0.212377
-0.205935
0.051507
-0.206183
-0.141958
-0.077484
-0.336509
-0.175090
0.052030
-0.012884
-0.142754
0.116986
0.181605
0.116566
-0.012884
-0.109956
0.245764
0.019400
0.019389
-0.045158
0.051653
0.277018
0.212015
0.147449
-0.044930
-0.012884
0.019162
0.051177
-0.012884
-0.044910
0.083162
0.306605
-0.076700
-0.172603
0.114911
0.178503
0.114504
-0.140273
0.050830
0.273330
0.399095
0.050347
0.113458
0.050227
-0.075996
0.018676
0.176271
-0.012884
0.018607
-0.265091
-0.012884
-0.424082
0.145469
-0.107866
0.050447
-0.044545
-0.139627
-0.012884
-0.044595
-0.012884
0.018827
-0.235071
0.018887
0.050628
0.177411
0.018796
-0.044565
-0.044575
0.082158
-0.234790
-0.012884
0.113979
-0.076296
0.240521
-0.329741
0.240682
-0.234719
-0.267014
0.082490
0.050648
0.082339
-0.108107
0.114060
0.018827
-0.171539
-0.012884
-0.108198
-0.171943
0.146174
-0.140111
-0.044716
0.050769
0.082520
0.050668
0.050628
0.018857
-0.108137
-0.012884
-0.044656
0.082399
-0.139949
END
