y[]
0.008770
-0.152832
-0.040982
0.008792
0.083417
0.219894
0.033556
0.417088
-0.325236
0.033506
0.169572
0.132242
-0.139548
-0.016016
0.119911
0.452210
-0.274456
-0.077636
0.008681
0.021011
0.304134
0.008639
0.217342
0.241325
-0.064841
-0.064879
-0.052660
-0.040424
0.057625
0.045343
-0.040397
0.020845
-0.028151
-0.015904
0.008598
0.045337
-0.052642
-0.052666
-0.003653
-0.003653
-0.126292
0.033155
0.020878
0.033132
-0.175432
0.057731
-0.175622
0.229662
0.131176
0.118761
-0.015887
-0.224133
0.106648
-0.089432
0.155593
-0.334677
-0.533113
-0.053048
0.070430
-0.176599
0.169294
0.008689
-0.139497
0.082815
0.033382
0.045706
0.033350
-0.090014
-0.053036
0.144422
0.181133
0.094760
0.278747
0.106635
-0.040402
0.008598
0.143244
0.020809
-0.028115
0.240697
0.215752
-0.052368
-0.040205
-0.076797
0.191279
-0.040174
-0.003653
0.190971
-0.052273
-0.015812
0.008506
-0.076628
0.008513
-0.027987
-0.003653
0.020681
-0.088847
0.008522
0.020693
0.032855
0.008513
-0.003653
0.057156
0.020660
-0.003653
-0.040125
-0.003653
0.020663
0.032810
-0.100917
0.287857
-0.040045
0.311308
-0.088352
0.044756
-0.124718
-0.331263
0.069242
-0.417430
0.020734
0.191232
0.069331
-0.466786
-0.101428
0.008574
-0.138234
0.045307
0.094195
-0.040334
0.020803
0.008573
-0.015878
0.008573
-0.015878
0.008573
-0.199443
-0.015902
0.143244
-0.015886
-0.187330
0.216719
-0.077056
-0.003653
0.289638
-0.211312
0.265000
-0.113469
0.008555
-0.223621
0.020812
-0.248571
0.094386
0.106527
0.020815
0.057491
-0.015878
-0.052571
0.094159
-0.064774
0.020800
-0.064796
0.020809
0.008576
0.020800
-0.015878
0.106325
-0.101405
-0.101500
-0.052612
0.167601
0.020788
-0.003653
0.386592
0.154450
-0.113082
-0.320456
-0.040272
0.167121
0.203324
0.008509
-0.088816
0.190900
0.251124
-0.015770
-0.003653
-0.027892
-0.015775
0.008469
-0.003653
-0.003653
-0.064277
-0.027913
-0.015785
0.020610
-0.027916
-0.015787
0.020613
-0.027919
0.069127
-0.064299
-0.015787
0.057001
-0.076442
-0.003653
-0.027928
-0.015792
0.008487
0.214608
-0.112724
0.081191
-0.040005
-0.185614
-0.137302
0.117854
0.178331
0.093270
0.599995
-0.184365
-0.184692
-0.160819
-0.027854
-0.294527
-0.015791
0.093411
0.129656
-0.052108
-0.052132
0.129608
-0.064204
-0.015767
0.093223
0.020551
0.310471
0.032529
0.165022
-0.063861
0.008392
0.032472
-0.196470
0.213241
0.020417
-0.136111
0.176929
0.032424
0.128519
-0.039682
0.128392
0.008343
-0.063644
-0.015655
-0.027662
0.008353
-0.003653
-0.039674
0.008356
-0.003653
0.080366
-0.015651
0.056324
-0.015645
0.068281
-0.075587
0.032321
0.068255
0.068203
-0.039574
-0.003653
-0.015630
-0.003653
0.020299
-0.003653
0.068169
-0.075475
0.116022
-0.027576
-0.099404
-0.147452
0.152120
0.151878
0.091938
-0.003653
0.067980
-0.063344
-0.194903
-0.015618
0.008312
0.020274
-0.015615
0.008310
0.020268
0.008305
0.008304
-0.027568
-0.039536
-0.075457
0.056188
0.020274
0.008308
-0.003653
0.008307
0.032217
-0.063444
0.008308
0.020265
-0.015611
0.080024
-0.206990
-0.063537
-0.207526
0.080346
-0.027645
-0.003653
0.032334
-0.015647
0.056303
0.008334
-0.015640
-0.075604
0.056310
-0.063616
-0.015650
-0.027651
0.236069
0.008318
0.151840
-0.051471
0.068066
-0.147142
0.032239
-0.003653
0.068092
-0.003653
0.020251
0.115779
0.127557
-0.075201
0.020202
0.032119
0.008268
-0.039420
-0.015578
0.008273
-0.003653
-0.015578
-0.015580
0.032123
0.008270
-0.015575
-0.015577
0.008271
0.008270
0.008268
-0.027496
0.008270
-0.039425
-0.075235
0.020214
0.020208
-0.039446
-0.075277
-0.087280
0.044143
0.008292
0.020233
-0.051431
-0.111238
0.020265
0.020259
0.223227
0.032123
-0.075218
0.008278
-0.027516
-0.015587
-0.039463
-0.027533
0.008288
0.020225
-0.015591
0.008285
-0.003653
-0.003653
-0.027531
-0.003653
-0.170957
-0.003653
0.080034
-0.051465
0.080004
0.115736
-0.075269
-0.111173
-0.111289
0.080074
0.235182
0.055967
0.008267
-0.158719
-0.027531
0.044097
0.067929
-0.063301
0.032140
-0.003653
-0.063315
0.008283
-0.027525
0.032153
0.032140
-0.063315
-0.027528
0.020222
-0.015590
-0.015591
0.020222
-0.087240
0.056059
-0.039476
0.032170
0.020222
0.032149
0.020208
-0.039446
-0.278493
0.056159
-0.327064
0.319759
0.068075
0.044137
0.139579
0.234613
0.067716
0.233877
0.008209
-0.015514
-0.015516
-0.027383
0.008213
0.020075
-0.027380
-0.015519
-0.015520
0.008215
-0.015520
-0.015522
-0.003653
-0.015523
-0.015524
-0.086793
-0.015536
-0.051198
-0.003653
-0.015543
0.020126
0.008234
-0.003653
0.020117
-0.063088
0.043898
0.091382
-0.015527
-0.110586
0.091404
0.008223
-0.181938
0.257723
-0.027386
-0.015522
-0.015523
-0.015524
0.031958
-0.003653
0.008215
-0.051131
0.031958
-0.003653
0.031945
0.020072
-0.027378
0.008210
0.008209
-0.086714
0.020086
-0.015522
0.031949
0.008212
-0.074861
0.043825
-0.039259
0.031953
0.186033
0.114718
-0.086498
-0.051024
0.091067
-0.086527
0.126548
0.008175
0.008174
-0.015479
-0.015481
-0.003653
-0.027313
-0.003653
0.020007
-0.062814
0.020016
-0.003653
0.008179
0.008178
0.008177
-0.062814
0.031848
-0.039154
-0.039166
0.043696
-0.039162
-0.062863
0.067395
-0.015491
0.020021
-0.110231
0.102925
0.020016
0.043668
0.008174
0.114537
-0.098193
-0.228545
0.067420
-0.003653
-0.039183
-0.003653
-0.039196
0.055578
-0.003653
-0.015496
0.008191
0.079212
-0.062835
0.020024
-0.027330
0.114676
-0.074634
-0.086527
0.008191
0.114704
-0.003653
-0.003653
0.031827
-0.074625
0.020010
-0.181262
-0.252837
0.233680
0.055592
-0.051046
0.067429
-0.074734
-0.205326
0.008222
0.162440
0.043752
-0.015502
-0.039208
-0.062940
-0.027378
-0.051119
-0.003653
0.020083
0.008213
-0.003653
0.031936
-0.027378
-0.039251
-0.003653
0.079389
-0.086695
0.008215
-0.003653
-0.015520
0.031945
-0.039251
0.031945
0.043791
-0.134178
0.174294
-0.110383
0.103077
-0.027361
-0.074810
0.008210
-0.217404
-0.051215
0.115211
-0.003653
0.103204
0.008213
-0.039255
-0.063018
0.008223
-0.027406
0.020100
0.008222
-0.003653
-0.027403
0.008223
-0.015529
0.067581
-0.027392
-0.027397
0.008220
-0.015526
-0.086803
-0.051198
-0.003653
-0.063116
0.281451
0.138595
-0.027347
-0.062912
0.008202
0.091134
-0.110294
0.174020
0.126440
-0.027293
-0.027299
-0.003653
-0.015478
-0.015479
-0.027310
-0.086498
0.020024
0.031852
-0.015486
0.020013
-0.039154
-0.027327
-0.015492
-0.003653
0.008186
-0.027333
0.067370
-0.050996
0.008185
-0.051013
-0.122150
0.008203
-0.241042
0.091370
-0.158111
-0.182171
0.151082
-0.015547
0.245828
-0.158020
0.103242
-0.063025
-0.003653
-0.063060
-0.003653
-0.015538
-0.051210
0.020128
0.008236
0.032004
-0.027423
-0.003653
0.032000
-0.051193
0.020120
-0.039314
-0.158332
-0.039382
-0.027479
-0.063244
0.055938
-0.051323
0.091665
-0.039386
-0.349736
-0.003653
0.139699
0.175249
-0.063251
-0.015577
-0.122970
0.127589
0.020191
-0.039420
-0.015578
-0.015580
-0.027511
0.020205
0.032123
-0.015577
0.008271
0.020191
0.032102
-0.015570
-0.027491
0.032102
-0.003653
-0.039408
0.032102
-0.075175
0.055953
0.032093
-0.003653
0.032081
0.139153
-0.086932
-0.015555
0.043949
-0.122700
0.008258
-0.230207
0.163332
0.055917
0.008257
-0.003653
0.020162
-0.015560
-0.003653
0.008254
-0.015560
0.032064
-0.015557
-0.003653
-0.003653
-0.063194
-0.003653
-0.027479
-0.003653
0.008261
0.043989
-0.003653
-0.003653
-0.039382
0.020168
-0.051300
0.043995
0.079676
-0.432940
0.044137
-0.063394
-0.518902
-0.075760
-0.196192
-0.172429
-0.015719
-0.076082
-0.051968
0.080883
0.056686
-0.088138
-0.003653
-0.027804
-0.088230
-0.052015
0.020531
-0.015744
0.008438
-0.015744
-0.003653
0.044703
0.044680
END
