y[]
-0.026816
-0.065489
0.140655
0.191861
0.011795
0.011794
-0.001052
0.050315
-0.026733
0.050302
-0.052407
0.063137
0.075920
0.011771
-0.052354
-0.013882
0.011777
0.024602
-0.013879
-0.001052
0.037422
-0.013875
-0.065192
0.024608
-0.013882
-0.039551
-0.013888
-0.052413
0.050309
-0.013890
-0.013892
0.037461
-0.026726
-0.001052
-0.052420
0.178619
0.011769
0.152676
0.011748
-0.090687
-0.065126
-0.180678
0.101630
0.063071
-0.039521
0.011772
-0.026703
-0.013880
0.024602
0.011772
-0.026703
-0.039541
0.011779
-0.001052
-0.052387
-0.039571
-0.001052
-0.001052
-0.039585
-0.039600
0.076029
-0.001052
-0.039585
0.063161
-0.065266
-0.013900
0.024641
-0.001052
0.050315
0.024622
-0.090940
0.050322
-0.039581
0.101657
-0.026720
0.127219
0.037397
0.024572
-0.090767
-0.013875
-0.013877
-0.001052
-0.001052
-0.001052
-0.013879
-0.001052
0.011774
-0.013879
-0.001052
-0.026710
-0.001052
-0.065225
-0.001052
-0.129521
-0.026766
-0.091102
-0.091183
0.063335
-0.001052
0.076158
-0.052519
-0.001052
0.114711
-0.026766
-0.052499
-0.155552
0.063352
0.101908
0.037530
-0.001052
-0.065365
0.063261
-0.001052
0.011805
-0.039630
0.114636
-0.078163
0.011804
-0.001052
-0.013908
0.011804
0.011802
-0.039620
0.050368
0.011799
0.024645
-0.013900
-0.078173
0.063219
-0.078183
-0.155492
-0.104145
-0.220478
0.205479
-0.091357
-0.143125
-0.130385
-0.117595
-0.117731
0.089709
0.141407
-0.039885
0.011894
-0.065798
-0.026962
0.063710
-0.039905
-0.091767
0.024875
0.076688
-0.014005
0.128398
-0.324992
0.024902
-0.104908
-0.131024
0.167878
-0.130973
-0.092097
-0.027080
0.050997
-0.027074
0.219914
-0.143974
0.284588
-0.052926
-0.039975
-0.052973
0.011931
0.102749
0.050808
-0.052913
0.024881
-0.039955
-0.001052
-0.078904
-0.182941
-0.092121
0.011963
0.063997
0.024956
-0.053075
-0.014062
-0.014064
0.063988
0.076941
-0.014047
0.024935
-0.001052
-0.079035
-0.014055
0.063946
-0.027047
0.037937
0.037921
0.232471
0.128448
-0.299154
0.063828
0.050822
0.115566
-0.039910
-0.143659
0.115641
-0.014012
0.011907
0.037815
-0.014007
-0.001052
0.050754
-0.001052
0.063668
-0.026936
-0.001052
0.011890
0.024828
-0.026932
-0.013995
0.115370
-0.013981
0.050654
-0.026902
-0.091579
-0.130519
0.089592
-0.001052
-0.273232
0.193437
0.011900
-0.052872
0.128448
0.089498
0.050654
0.024791
-0.091532
0.050661
-0.001052
-0.013978
0.024798
-0.013976
-0.026905
-0.013981
-0.001052
0.011877
0.024801
0.024794
-0.001052
0.024787
-0.039814
-0.052759
0.024804
-0.039840
0.076507
-0.039825
-0.001052
0.011873
-0.013978
-0.013980
0.011875
0.115219
-0.117324
-0.078642
-0.001052
0.128230
-0.169152
0.425112
0.179198
0.255885
-0.001052
-0.001052
0.011777
0.011776
-0.039541
0.011779
0.075900
-0.013874
0.024589
-0.039516
0.011771
-0.001052
0.011769
0.011767
-0.090825
0.024605
0.024599
0.050230
-0.039511
-0.065184
0.011777
0.050249
0.024589
-0.039516
0.011771
-0.142196
0.037461
-0.090940
-0.013900
0.101683
0.075930
0.075871
-0.065151
-0.001052
-0.013877
-0.001052
-0.013879
0.011774
-0.001052
-0.001052
0.050236
-0.001052
-0.052341
0.037417
-0.026697
-0.026703
0.011774
-0.001052
0.050236
0.011766
0.063013
-0.039487
-0.026683
0.101433
0.114118
-0.065020
-0.039452
0.088525
-0.065028
0.011746
-0.052256
0.062948
-0.026647
0.075713
-0.052223
-0.001052
-0.026647
-0.001052
0.037338
0.050112
0.037304
0.113927
-0.001052
-0.026592
-0.001052
0.011718
-0.001052
-0.001052
-0.103263
-0.103367
-0.026647
0.037338
0.088468
-0.154564
0.050144
0.011743
0.011741
-0.052236
-0.013852
-0.116326
0.088617
0.011751
-0.065085
0.037372
-0.013859
0.075762
-0.052256
-0.052282
-0.026677
-0.001052
-0.013867
-0.026687
-0.013872
-0.013874
-0.001052
-0.001052
0.037407
0.024579
-0.026683
0.088628
0.024556
-0.052275
-0.077936
-0.129323
0.037446
0.050256
-0.026703
0.075881
0.011764
0.024576
0.395342
-0.013815
-0.052118
-0.064921
-0.192905
-0.180448
-0.347940
-0.026796
0.076158
-0.078262
-0.039680
0.024701
-0.001052
0.037565
-0.026796
0.050428
-0.039660
-0.104079
0.037595
-0.026816
0.011830
0.076208
0.011819
-0.001052
0.114711
-0.013908
-0.052493
0.088951
-0.065332
-0.013913
-0.245724
0.269340
0.024661
0.140254
-0.103801
0.037491
0.088824
0.114384
-0.052341
0.075871
-0.103630
-0.001052
-0.001052
0.037427
-0.013877
0.011772
-0.026703
0.037422
0.011769
-0.026697
0.050230
-0.013870
-0.001052
-0.001052
-0.065167
0.011774
-0.103709
0.050289
0.063087
-0.090859
0.037446
0.050256
-0.001052
-0.515324
0.127764
0.037560
0.024681
-0.065398
0.307431
-0.001052
0.050269
0.037422
-0.039526
-0.026710
-0.013884
0.050263
-0.013879
-0.065208
0.037446
0.037431
-0.090871
-0.116652
-0.052473
0.050368
-0.026759
0.114577
-0.090975
0.088870
0.011787
-0.052420
-0.078153
-0.039625
0.024665
-0.013910
-0.013912
0.178827
0.063112
-0.001052
-0.026713
-0.026720
-0.103788
0.101683
0.050276
0.229599
-0.077877
0.024562
0.062956
-0.052256
-0.001052
-0.013857
-0.026667
-0.026674
0.037377
-0.001052
0.050164
-0.013854
-0.013856
-0.039472
0.050171
-0.013856
-0.052282
-0.013864
0.037377
-0.129208
0.024592
0.101459
-0.013860
0.050171
0.050144
0.075694
-0.116193
0.024546
0.024540
0.075684
-0.103380
-0.065060
0.114133
0.024526
-0.039423
-0.013846
0.024533
-0.001052
-0.039433
0.062907
-0.001052
-0.001052
-0.001052
-0.001052
-0.026631
0.037313
0.024517
0.037289
-0.026611
-0.001052
0.024507
0.011725
-0.001052
-0.013829
0.050046
0.139334
0.126401
0.151678
0.011665
0.113328
0.100509
-0.115316
-0.039169
-0.064613
-0.013769
0.024380
0.011661
-0.013766
-0.001052
0.011661
0.024370
0.011657
0.024361
-0.013758
-0.039179
-0.039194
0.024377
0.011660
0.011658
-0.013763
-0.001052
0.024367
-0.013761
-0.001052
0.049774
-0.039169
-0.051898
0.011661
0.100600
-0.064573
0.011655
-0.013760
-0.051898
0.011661
0.011660
0.049780
0.037055
-0.013753
-0.039164
-0.001052
-0.001052
-0.013760
-0.001052
-0.039184
-0.001052
-0.001052
-0.013766
0.024374
-0.001052
0.011658
-0.026475
0.100600
-0.051865
0.087854
0.024335
-0.013745
0.024332
-0.051827
0.189219
0.011620
0.011618
0.087595
0.138091
-0.013694
-0.001052
-0.051634
-0.013702
0.036891
-0.026346
-0.026353
0.024248
-0.001052
-0.001052
-0.001052
0.011596
-0.013700
-0.001052
-0.051660
0.011602
-0.001052
0.011600
-0.013705
-0.001052
0.024251
-0.013703
-0.039015
0.036910
-0.039015
-0.001052
0.011604
-0.001052
0.049555
-0.001052
-0.001052
0.024242
-0.001052
-0.001052
-0.051647
-0.026359
0.024255
-0.039015
0.024258
-0.077002
0.024271
-0.039039
-0.013718
0.062259
0.024261
-0.077011
0.011612
-0.089733
0.011621
-0.039078
0.074984
-0.203944
0.024332
-0.064524
0.087797
-0.051814
-0.051839
0.100496
-0.013740
0.024322
-0.013739
-0.013740
-0.039126
-0.051839
-0.001052
0.011647
-0.013752
0.011647
0.024341
-0.013748
0.037031
-0.001052
-0.001052
0.011639
-0.077223
-0.039160
-0.026465
0.049767
-0.001052
-0.026459
-0.039174
-0.230089
-0.205082
-0.231084
0.011741
0.114015
0.203186
-0.077593
-0.115973
0.062809
0.126548
-0.001052
-0.026559
0.011702
0.011700
0.024448
0.011695
-0.013800
0.024442
-0.026546
-0.039305
0.011700
0.049942
-0.013798
-0.013800
-0.039305
-0.001052
-0.039320
0.100963
-0.039296
0.075420
0.049897
-0.039262
-0.128522
0.253725
-0.090151
-0.052001
0.037162
0.037147
0.113459
0.075216
-0.051891
0.049787
0.011653
-0.013758
-0.039179
0.024367
-0.051898
0.062500
-0.102756
-0.001052
-0.026494
-0.026501
0.024396
0.011670
0.011668
-0.128327
-0.039266
-0.205108
-0.167155
-0.218680
-0.077975
0.063054
0.011764
-0.154958
0.075930
0.191145
0.152440
0.024507
0.101119
0.215715
-0.039271
-0.268995
END
