y[]
0.018148
-0.099601
-0.257088
0.123126
0.528084
0.512388
-0.267781
-0.203318
-0.073187
0.239659
-0.073065
0.291268
-0.007921
-0.450690
0.291790
-0.556106
0.122786
-0.230501
-0.533590
0.491305
-0.388993
0.830817
-0.099409
-0.034138
0.148758
0.200676
0.031122
-0.073106
-0.177578
-0.021050
-0.047190
0.005070
-0.256642
-0.112924
-0.310263
0.254791
0.227977
0.057447
0.344851
0.317692
0.251872
0.005070
0.005070
0.303017
0.018004
0.069716
-0.448328
-0.359134
0.109264
-0.438505
0.279275
-0.242988
0.370415
0.602397
-0.384086
-0.046932
0.109047
0.134890
0.212431
0.418507
0.069516
-0.033592
-0.111007
0.185576
-0.059359
0.133886
-0.162423
-0.253161
0.533728
-0.072120
-0.059301
-0.110902
-0.085223
-0.098222
0.017987
0.237298
-0.020706
-0.201382
-0.409116
0.043973
-0.423697
-0.438621
-0.545751
-0.271482
-0.603397
-0.087848
0.018349
0.018348
0.124489
-0.140906
0.124521
-0.367023
0.297546
0.124473
0.018328
-0.287017
0.217582
0.270076
0.190157
-0.008139
0.084299
-0.418211
0.005070
-0.247103
-0.181150
0.204578
0.310211
0.190353
0.044729
-0.924428
1.842409
-0.507044
0.123483
0.241477
0.423974
0.200829
0.421412
-0.633161
-0.073361
0.031221
0.292277
0.005070
-0.034046
-0.426219
-0.021129
-0.073567
-0.231213
-0.271300
0.057771
0.268159
-0.218511
0.018236
-0.192598
-0.364958
0.058015
-0.339575
0.031623
0.031616
-0.048030
-0.101214
-0.621640
0.071928
0.298717
-0.235122
-0.396537
-0.142591
0.192964
-0.236573
0.701564
-0.061690
0.378354
-0.114762
-0.797502
0.407161
0.085295
0.138635
0.191762
0.018392
0.204684
-0.021522
-0.048136
0.031676
-0.114714
0.178046
0.177747
0.150949
-0.886783
0.458646
0.350539
-0.140944
-0.101256
-0.234579
-0.315357
0.071911
0.111922
-0.061699
0.045137
0.045121
-0.034981
0.111836
0.351275
0.084794
0.217356
-0.260358
0.310252
0.084530
-0.087639
0.322573
0.057889
0.387177
0.162757
-0.192078
0.057681
-0.008080
0.202140
0.110016
-0.257501
-0.073836
-0.179286
-0.616337
0.124362
-0.127486
-0.207385
-0.194518
-0.234962
-0.396268
-0.021743
0.539974
0.005070
-0.128388
0.165198
0.058389
-0.328642
-0.370014
-0.035201
-0.263820
-0.264545
-0.346519
-0.062685
-0.076297
0.045762
-0.076330
0.045778
-0.539075
0.454203
-0.090032
-0.035716
0.045856
-0.117337
0.331157
-0.035633
-0.348383
-0.486398
-0.104474
-0.448072
0.225032
0.771148
-0.035821
0.765633
0.234815
0.005070
0.005070
0.261221
0.193394
0.179625
0.165928
0.245873
0.165284
-0.395946
-0.182623
-0.519654
-0.156939
-0.319737
-0.130578
0.681480
-0.739233
0.072963
0.438499
-0.279156
0.099902
0.140388
0.557967
0.031963
-0.764216
1.203657
-0.155702
0.726516
-0.114810
-0.395571
-0.531628
0.327434
-0.155982
-0.129339
0.152910
-0.102428
0.260189
0.219404
-0.142235
0.058661
-0.075327
-0.397885
0.354392
0.473392
0.311635
-0.181423
0.510458
-0.167538
0.283751
-0.114270
0.124410
0.031571
0.018318
0.110988
-0.008164
-0.008165
0.440916
-0.166400
-0.113812
-0.047812
0.190035
0.084236
0.097351
-0.153179
0.281841
0.005070
-0.008092
0.070864
-0.021242
-0.179310
0.057785
0.163048
-0.034401
-0.021253
0.070864
0.018224
-0.060715
0.031389
-0.126596
-0.285206
-0.021360
0.282243
0.097291
-0.192650
0.031455
0.044635
-0.285436
-0.021381
0.018297
-0.193513
0.071308
-0.140712
0.296422
0.057952
-0.246369
-0.419841
-0.408291
-0.061761
0.111979
-0.035007
-0.195559
0.018458
0.098734
-0.075208
0.205645
-0.141979
-0.048456
-0.088669
-0.035131
-0.169321
0.018496
-0.250324
-0.008390
0.072351
0.461385
0.165627
0.285425
0.031730
0.018397
0.218063
-0.154632
0.853882
-0.087419
0.308641
-0.060845
-0.034500
-0.206235
0.044724
0.242663
-0.245739
-0.180140
-0.153955
0.111115
-0.008179
0.005070
-0.140790
0.084656
-0.340262
0.031676
0.164560
0.204075
0.058071
-0.008178
-0.273537
0.098025
0.058149
-0.021466
0.084656
-0.087787
0.243670
0.137380
0.031511
-0.047819
-0.034615
0.203339
0.794236
-0.322993
-0.126457
-0.298100
-1.457722
0.499492
0.178207
-0.034858
0.044998
-0.314802
-0.034986
0.311757
0.390427
-0.087811
-0.234164
-0.048171
0.231149
-0.194385
-0.088145
0.417222
0.322993
0.018295
-0.074305
-0.220170
-0.101101
-0.380748
0.191513
0.124743
0.535224
-0.008150
-0.817980
0.271311
-0.021522
0.376719
-0.034683
0.256576
-0.087516
-0.193619
-0.127609
-0.048051
-0.141158
0.124727
-0.008218
-0.141216
0.310698
0.071387
0.639489
-0.695667
0.507983
0.005070
0.216068
0.031414
0.070899
-0.113452
0.241975
-0.271373
-0.087248
0.005070
0.110569
-0.324985
0.229626
0.583943
0.018187
0.044412
0.436810
0.200701
0.148290
0.057099
0.057072
0.407172
-0.085586
0.095726
-0.007876
-0.124480
-0.059768
-0.176701
0.070026
0.212647
-0.267463
0.070026
0.121885
0.043978
-0.020867
-0.072781
-0.072842
0.082982
-0.241860
-0.033975
0.239110
-0.176914
-0.307675
0.005070
0.200650
-0.060081
0.304413
0.083012
-0.033893
-0.255076
0.200243
0.264709
0.173475
-0.033767
-0.020830
-0.072670
-0.137611
-0.098826
0.044044
-0.020911
0.147881
-0.033858
-0.280867
-0.112140
0.096246
0.005070
0.213160
0.018061
-0.098907
-0.372756
-0.060217
0.122556
0.018116
-0.021023
0.057249
-0.177674
-0.086427
-0.296155
0.057522
0.044391
-0.494143
0.202426
-0.165949
-0.298220
-0.087419
0.216347
-0.008122
0.097376
-0.126821
-0.008129
-0.100582
-0.206570
-0.061159
0.084540
0.084477
0.176903
-0.087419
0.137171
0.071055
0.150084
0.057750
0.373056
-0.178753
-0.179092
0.176089
0.031355
-0.152742
0.176022
0.398462
-0.770077
-1.149018
0.630197
-0.061247
0.097902
-0.420010
1.130239
0.543306
-0.178392
0.083738
0.031279
-0.047355
0.096795
-0.021129
0.501673
0.018105
-0.021002
-0.021009
0.187481
-0.164300
-0.034056
0.265623
-0.007941
-0.464476
0.083481
0.122571
-0.086308
-0.060251
-0.164965
-0.139032
-0.428485
-0.021266
0.320652
0.698472
-0.596475
0.109947
-0.034246
0.057488
-0.388735
0.333348
0.149172
-0.152142
-0.047389
-0.126198
0.031337
0.031331
0.136269
0.018181
-0.073618
0.031306
-0.060534
-0.008056
0.057564
-0.060551
0.005070
0.280390
-0.152163
0.319289
-0.008003
-0.112662
-0.060396
0.057447
-0.034210
-0.112862
-0.626262
-0.153388
-0.697804
0.031684
0.031676
-0.101398
-0.408567
-0.075187
0.285688
0.125094
-0.101611
0.085091
0.018401
0.191513
0.164602
-0.061371
-0.061415
-0.114714
0.178046
0.164475
-0.087885
0.098025
-0.048037
-0.194332
-0.114762
-1.201217
-0.116363
0.005070
0.139986
-0.427305
0.207979
0.032093
-0.591138
0.140884
-0.389300
0.141236
-0.008538
-0.513419
-0.090735
0.510432
0.683959
0.302327
-0.102921
-0.278963
0.005070
-0.062676
-0.184863
-0.130818
-0.062943
0.059484
-0.103788
-0.103907
0.168491
0.018676
-0.131077
0.886731
-0.048962
-0.170736
0.288912
-0.292308
-0.103287
-0.524858
0.018693
-0.213122
0.820846
-0.429182
0.588162
-0.496456
-0.103699
-0.035749
0.208999
1.005078
-0.615380
-0.049064
-0.022008
0.194464
0.180615
-0.278656
-0.211644
-0.089890
0.113589
-0.008488
-0.266485
0.249503
-0.157819
0.167959
0.546124
-0.062402
0.516718
0.099036
0.326571
-0.209149
0.085456
0.112151
0.005070
-0.666073
0.475343
0.112251
-0.410898
-0.035277
0.608572
-0.182296
-0.142393
-0.317424
-0.561810
-0.225298
-0.022067
-0.008501
-0.157929
-0.022122
-0.253627
0.250168
0.100224
-0.212558
0.005070
0.127544
-0.103788
-0.076652
0.127627
-0.253839
-0.830723
-0.367113
0.115491
0.046447
-0.298756
0.487996
0.005070
0.073870
0.649482
-0.556845
-0.408097
0.239408
0.170155
-0.228880
-0.353798
0.954640
-0.049732
0.032475
0.046163
0.128248
0.114434
0.059707
-0.049567
0.032392
-0.227409
0.346764
0.005070
0.005070
-0.240832
0.018747
0.182702
0.372993
0.032270
END
