y[]
0.143432
0.046048
-0.051230
-0.039096
0.070402
-0.014757
0.070380
-0.039073
0.033896
0.046048
0.276659
-0.014680
-0.160352
0.021718
0.143091
-0.063235
-0.184839
-0.002592
-0.294991
0.835822
0.311632
0.021635
0.045753
0.502746
0.117505
0.057504
0.272792
-0.145884
-0.002397
-0.002398
0.057441
-0.038298
-0.050298
-0.014386
-0.002410
-0.002411
0.057493
-0.026367
-0.026380
0.033541
0.057493
-0.062319
0.105414
0.200982
0.140954
-0.050126
-0.038213
0.033466
0.021517
-0.301471
-0.026380
-0.302554
-0.387995
-0.232150
0.299567
-0.207846
0.033752
0.226937
-0.256161
0.431997
0.262173
0.009571
0.021584
-0.122648
-0.026519
-0.098777
0.033659
-0.207427
0.045771
0.021635
0.045753
-0.014548
0.009571
0.166245
-0.279864
0.057869
-0.147481
0.202832
-0.050782
-0.183805
-0.196302
-0.208875
-0.051193
-0.063395
0.385991
0.118590
-0.184321
0.106565
-0.014668
0.154920
-0.160023
0.033817
-0.087445
-0.014697
0.058103
0.106565
0.082255
-0.014650
-0.038890
0.033805
0.033799
0.009571
-0.099500
0.082299
0.045915
0.118524
0.045862
-0.305389
-0.318557
0.082582
-0.026927
0.289054
-0.160455
0.046030
-0.197204
0.628618
0.576692
-0.569651
-0.548682
-0.760086
-0.014959
0.144417
0.095287
0.180783
-0.063769
0.046248
0.034015
0.095078
0.070603
0.009571
0.009571
-0.002632
0.033977
0.058364
-0.002624
-0.027025
-0.063662
0.155984
0.021763
-0.063599
0.033968
0.058346
0.094870
-0.185503
-0.112544
0.107275
-0.039269
0.021784
0.739590
-0.281797
-0.343635
0.411398
0.070314
0.349048
-0.451427
-0.233915
-0.063590
0.058352
0.070514
-0.039179
0.143579
0.082591
-0.075623
-0.002605
0.046097
-0.063492
0.033932
0.046101
-0.429668
-0.039352
0.034036
-0.223086
0.181056
-0.235497
-0.519368
-0.027436
-0.188033
0.170155
-0.126290
-0.436360
0.245172
-0.176383
-0.276232
-0.040217
0.059360
0.071772
-0.314295
-0.077803
-0.165407
0.022080
0.221979
0.034531
0.009571
0.022049
0.146720
-0.027814
0.059416
0.121630
-0.027768
0.133981
0.046864
0.208231
-0.102126
-0.164428
0.233230
-0.102195
-0.065009
-0.414105
-0.215457
0.022086
0.334409
-0.240210
0.047078
-0.516812
0.460926
0.433989
-0.427356
0.097110
0.009571
0.707133
-0.089783
-0.015283
0.133780
0.146022
-0.139293
0.009571
-0.064944
0.146141
-0.002836
-0.052490
-0.052529
-0.065000
0.084143
0.108913
0.108815
0.331434
0.071349
-0.076928
0.133120
0.046606
-0.151012
0.046652
0.379622
0.476345
-0.186699
0.058675
-0.014977
0.413860
-0.284294
0.193339
-0.260070
-0.076376
0.132331
-0.002698
-0.039520
0.021847
-0.002704
-0.039544
0.156847
0.083128
0.034078
0.107539
-0.027155
0.009571
0.070775
-0.100621
0.058561
-0.063922
0.119791
0.119670
0.131761
-0.002641
-0.075956
0.119522
0.033988
-0.088133
-0.186123
-0.186507
0.242372
-0.186435
0.119872
0.168680
0.582709
0.434252
-0.099460
-0.111714
0.045973
0.118695
-0.123819
-0.063262
0.033855
0.082387
-0.136113
0.021720
-0.026878
-0.002581
0.033876
0.155273
0.058092
0.239721
0.094230
0.118313
-0.002505
0.033723
-0.062901
-0.087140
0.070027
-0.365845
-0.379440
-0.515556
0.205290
-0.149421
0.315102
-0.100312
-0.186075
-0.481227
-0.372461
-0.076896
-0.002787
0.083700
-0.312052
0.133395
0.120882
0.021932
0.058997
-0.324525
0.096296
-0.015199
0.071487
0.120923
-0.077025
-0.163846
0.071541
0.096264
0.046702
-0.188620
-0.002829
0.257280
0.293680
-0.348785
-0.499272
0.245699
-0.151929
-0.314215
0.134229
0.345372
-0.463360
-0.478143
0.022107
0.022105
0.247413
-0.052964
0.034590
-0.078022
0.047121
0.084628
0.022075
0.059571
0.059546
-0.002920
-0.027912
0.084525
0.047027
0.433090
-0.089919
0.220870
-0.189285
0.009571
-0.052652
-0.002878
0.046915
-0.065130
0.233508
-0.413841
-0.090316
0.109459
0.171676
-0.189980
-0.140354
0.632782
0.294949
0.021961
-0.052390
0.059144
-0.015212
0.083902
-0.089549
-0.040026
0.021973
0.083949
0.009571
0.096275
0.009571
0.195112
-0.163589
-0.201098
-0.313490
0.220922
0.208083
-0.040019
0.059162
0.059138
0.145752
-0.300199
0.158381
-0.126829
0.145972
0.368283
-0.064539
0.207078
0.255907
-0.051956
0.218609
-0.064157
0.034154
-0.002719
-0.076503
-0.051956
0.058796
0.083363
0.009571
-0.039617
0.046465
-0.002725
0.021868
0.021866
0.193813
-0.002701
0.046384
0.083155
-0.076281
0.205698
0.119724
-0.039370
-0.002668
0.107443
0.180616
0.033983
0.143726
0.009571
-0.014807
0.192264
0.009571
0.119027
-0.148570
-0.014780
-0.026967
0.082635
0.131226
-0.087740
-0.039120
-0.063510
0.009571
0.009571
-0.026989
-0.014810
-0.014816
0.058340
-0.002618
-0.039203
0.058346
-0.027007
0.107085
0.070469
0.021747
0.009571
0.009571
-0.051319
0.082635
0.058251
0.106860
-0.221643
-0.051363
0.131404
-0.051326
-0.002613
-0.051371
0.021763
0.033950
0.082671
-0.002608
-0.051348
-0.087978
0.009571
0.070551
-0.075810
-0.075883
-0.014858
-0.063751
-0.014881
-0.014887
-0.112813
0.070782
0.119656
-0.063805
-0.186363
-0.064003
0.132166
-0.002681
0.217663
0.058471
0.021793
0.107287
0.143775
-0.014816
-0.014822
-0.027030
0.009571
0.009571
-0.002632
0.094963
0.009571
0.082706
0.033938
-0.026980
-0.014804
0.033947
0.204361
0.094673
0.058168
0.009571
-0.075488
-0.026905
0.155397
0.021714
0.155167
0.239665
0.033761
0.033755
-0.062998
0.070049
0.154569
0.094056
0.069874
-0.135216
0.166415
-0.014542
-0.074873
-0.002498
0.045775
0.106050
-0.098973
-0.002496
-0.014569
0.057846
0.021636
-0.062840
0.045784
-0.002498
-0.038720
-0.099170
0.045832
0.057898
-0.002508
0.045806
-0.099170
-0.002518
-0.026706
-0.087234
-0.026755
0.082211
-0.063068
-0.038884
0.094353
-0.038866
-0.051009
-0.354683
0.033896
0.033891
-0.026909
0.070365
0.033879
-0.026892
0.009571
0.009571
-0.039067
-0.026923
0.021738
0.046061
0.070358
-0.026896
-0.063404
0.082546
0.009571
-0.026909
0.058210
-0.063395
-0.087800
-0.197657
0.021773
-0.185837
-0.296520
0.193339
0.376096
0.033959
0.009571
-0.320160
-0.149577
-0.272620
0.046424
0.034132
0.254850
-0.027182
0.095308
-0.076166
-0.371007
-0.150458
-0.064375
-0.373358
-0.015184
0.046702
-0.126643
-0.102015
-0.487880
0.071888
0.084301
-0.127475
0.022038
-0.352589
0.159590
0.096979
-0.177823
-0.115554
-0.228599
-0.292088
0.022159
0.311193
0.097373
-0.002967
-0.354728
0.924078
0.246228
0.009571
0.096620
0.071703
-0.027703
-0.052583
0.146260
0.084050
0.046790
-0.139386
-0.015276
-0.102320
0.146311
-0.002852
-0.152070
-0.189731
-0.277624
-0.240836
0.072232
0.097230
-0.027987
0.409472
0.096837
-0.102641
0.096859
-0.165079
-0.215429
0.159628
0.321467
0.270814
-0.176961
0.059347
0.158751
-0.102292
0.071733
-0.027721
-0.040174
-0.364307
-0.240460
-0.429493
0.260702
0.059722
-0.103302
0.185098
-0.053081
0.097274
-0.266325
-0.040674
0.034697
-0.393198
-0.141886
0.161029
-0.217701
-0.015713
-0.078975
0.564848
-0.053373
0.386646
-0.241653
-0.015586
-0.141505
0.034767
-0.432265
0.363196
0.236243
-0.028172
-0.028186
0.173083
-0.065862
-0.381079
-0.827254
-0.054111
0.022311
0.111430
0.047742
-0.283441
-0.348302
0.265326
-0.054306
-1.030967
-0.119644
-0.055099
0.512896
-0.041935
0.151151
-0.157771
0.395325
0.444967
0.290291
-0.028662
-0.207362
-0.246249
-0.671534
-0.145287
0.138637
-0.158246
-0.093841
0.087141
-0.184465
0.281117
-0.003343
1.037462
-0.207973
-0.105791
0.304122
-0.246511
0.035209
-0.016066
0.150498
0.252523
-0.246183
0.341925
-0.182036
-0.028794
-0.246576
-0.363012
0.407799
0.035209
-0.144354
0.099390
-0.607953
-0.313572
0.423009
-0.067818
-0.003333
-0.482021
0.035505
-0.745247
0.048754
-0.055741
-0.580169
-0.253656
0.272799
-0.095636
0.285506
0.088270
0.048898
END
