y[]
0.151106
-0.052867
0.340737
-0.174782
-0.107117
0.082932
-0.311046
0.246148
0.596882
-0.052575
-0.093108
-0.079655
0.284844
0.162956
0.108916
-0.079301
0.028238
0.390323
0.094945
-0.012092
0.094831
0.068025
0.027942
0.094589
0.041205
-0.065390
0.187628
-0.118560
-0.038727
-0.198734
0.307652
0.094262
0.147228
0.093980
0.027656
-0.118123
-0.118235
-0.105060
0.094149
-0.118334
0.027761
0.080838
0.054234
0.093938
-0.237542
0.345737
-0.157720
0.093840
0.054058
0.067231
-0.025309
0.027551
-0.117843
-0.051778
0.014366
-0.117969
0.093784
-0.263731
-0.251073
-0.078577
0.240316
-0.051904
-0.264601
0.227142
-0.357837
0.134330
-0.238472
0.440156
0.239747
-0.051814
0.159922
-0.131148
0.133401
-0.210545
0.054102
-0.131274
0.107089
0.225846
-0.038502
0.014317
-0.104557
-0.144333
-0.277099
0.054225
0.054181
-0.118151
-0.104986
0.080801
0.279299
0.331188
0.198573
0.040505
-0.012092
0.053615
-0.012092
0.184771
0.092743
0.458312
0.053067
0.013959
0.157079
-0.116164
0.195943
-0.077057
-0.051091
0.208701
0.026821
-0.102913
0.052788
-0.102937
0.065779
-0.089964
-0.012092
0.039829
0.013858
0.039788
-0.076947
-0.076990
0.000890
-0.207012
-0.207392
0.274217
-0.038087
0.312351
-0.012092
-0.128771
0.000879
-0.038036
-0.310930
-0.038121
-0.246651
0.157366
-0.103304
-0.233952
0.274927
-0.181595
-0.077362
0.157521
0.013976
-0.142505
0.040093
-0.038182
-0.038188
-0.025143
-0.025145
-0.038202
-0.025150
0.144484
0.079131
0.053016
-0.129318
0.105133
0.078988
-0.220399
0.000939
-0.207749
-0.352140
0.158076
-0.090596
-0.234853
-0.103962
0.184668
0.288856
-0.077439
-0.077482
-0.025175
0.066380
-0.038243
0.118592
-0.038216
0.014031
-0.247448
0.000997
0.040250
0.496815
-0.025109
0.013939
0.169939
0.078799
-0.102984
0.000897
-0.012092
0.091763
0.324695
-0.115599
0.194813
0.117007
-0.063712
-0.025001
-0.205928
0.104254
-0.089642
0.297745
-0.024983
-0.024985
-0.050780
-0.063699
0.297146
-0.192365
-0.089452
0.168320
-0.347404
-0.102561
0.026690
-0.063805
0.026695
-0.180279
-0.063899
0.026765
-0.180584
-0.012092
0.013848
0.078646
-0.012092
-0.038009
-0.167734
0.337762
-0.102678
-0.167573
0.272771
0.000837
0.091280
-0.231887
0.117257
0.000833
-0.322772
-0.388790
0.000921
0.169915
-0.272204
0.144056
-0.363770
0.079202
-0.220888
0.014031
-0.051280
0.027095
-0.012092
0.040134
-0.051259
-0.064339
-0.038226
-0.116695
0.079441
0.027110
0.144566
0.144321
-0.220697
-0.051254
-0.457003
-0.090812
-0.064607
-0.235586
-0.038419
0.014234
0.001068
-0.434090
0.199129
-0.183676
0.646238
-0.051470
0.079765
0.615525
0.352207
0.039842
0.337762
0.026705
-0.193275
0.285392
-0.089612
-0.012092
-0.089672
-0.076788
-0.245344
0.039788
0.091588
0.091481
-0.414038
-0.103078
0.078894
-0.116083
0.117879
0.130681
0.039775
0.246841
-0.012092
-0.167372
0.130256
-0.309962
0.169325
-0.128680
0.182145
-0.141542
0.478928
0.013684
0.168157
0.283329
0.064831
-0.063368
-0.076224
0.103314
0.013535
-0.063355
-0.050556
0.128870
-0.024899
-0.037710
0.000717
-0.114617
0.090432
0.154286
0.192302
0.051695
0.179027
0.089689
-0.101145
-0.203187
-0.178004
0.217558
-0.012092
-0.305628
0.013467
-0.255168
-0.101796
0.256777
-0.306606
-0.012092
-0.089065
-0.153363
-0.140693
-0.089332
-0.024972
-0.089402
0.348176
-0.295051
-0.050740
0.052312
-0.076496
-0.063645
-0.141091
-0.218838
-0.167432
0.169114
-0.050895
-0.232257
0.052712
0.285469
-0.115492
0.297785
0.103865
-0.024970
0.155186
0.013618
-0.012092
0.219003
0.180080
-0.076109
-0.204388
-0.294796
-0.515222
-0.245163
0.065658
-0.102807
0.065668
0.078552
-0.115693
-0.336536
-0.038093
0.026907
0.091831
0.013872
0.039815
-0.051021
0.117609
0.156269
0.336678
0.091014
-0.102304
0.309720
-0.050655
-0.050670
0.052196
-0.179327
0.065128
-0.024958
0.603610
0.179540
0.319203
0.115037
0.152935
-0.151713
0.279619
0.076521
0.076442
-0.012092
-0.075324
-0.037396
-0.024747
0.076454
0.063742
-0.012092
-0.024727
0.126805
-0.012092
0.038368
0.050947
-0.213960
-0.214368
0.164921
-0.239739
-0.075420
-0.024763
0.025914
0.089186
-0.164049
-0.062796
-0.075508
-0.100942
0.368136
-0.252736
0.165280
0.114410
-0.138595
0.228125
0.189749
-0.112962
0.013135
-0.138291
-0.012092
0.051027
0.076208
0.025727
-0.112975
0.164386
-0.024688
0.088625
-0.024677
-0.100226
-0.100304
-0.037310
-0.113026
0.126665
0.013116
0.088676
-0.138069
-0.087754
0.000522
-0.024707
-0.226780
0.088994
-0.214368
0.164921
0.051051
0.214894
0.025689
0.050844
0.226706
-0.012092
-0.012092
-0.100004
0.000471
-0.012092
-0.012092
0.025589
0.038127
-0.012092
-0.049755
-0.062331
0.000470
-0.024654
0.038146
-0.087460
-0.049797
0.063303
0.013027
0.163566
-0.024629
0.000444
-0.012092
-0.087337
-0.326222
0.439943
0.163149
0.037920
0.062879
0.175092
-0.299252
-0.325160
0.200900
-0.237628
0.075676
-0.049698
-0.099894
-0.062300
0.000462
0.100824
-0.175235
0.075787
0.013002
-0.049736
-0.024643
0.025556
0.000454
0.063152
-0.175194
0.000463
-0.225754
0.000489
-0.049840
0.038235
0.000485
-0.062413
0.075952
0.364367
0.000432
0.125571
0.087908
-0.212193
-0.225138
0.038077
0.288396
-0.024595
0.000410
-0.062111
0.050427
-0.162205
-0.162431
-0.225459
0.013033
-0.049783
0.038159
0.088334
0.000454
-0.137626
-0.150362
-0.024672
-0.150570
0.013100
-0.125507
0.126508
0.076008
0.138756
-0.062350
0.000474
-0.276327
-0.289660
0.252875
0.201892
-0.024667
0.151255
-0.213173
-0.238793
-0.264586
0.177337
0.038362
0.013125
-0.087764
-0.037329
0.038374
0.000520
-0.049935
0.025751
0.025736
0.126490
-0.049869
-0.024688
-0.012092
-0.049888
-0.012092
0.101251
-0.087640
0.264637
-0.012092
0.025584
-0.087460
-0.049797
-0.150466
0.126281
-0.012092
0.038178
-0.301492
-0.012092
0.201892
-0.251282
0.227097
0.075886
-0.049788
0.038165
-0.087488
-0.037237
0.101008
0.075787
0.000455
0.012999
-0.099938
-0.125151
0.000476
-0.012092
-0.087526
0.151276
0.138472
-0.150101
0.000462
0.075742
0.050600
0.088133
0.425217
-0.436881
0.250490
-0.512845
-0.692110
0.088943
-0.416849
0.127227
0.152309
0.353677
0.151440
0.025608
-0.012092
-0.062363
0.000478
0.000476
0.038165
0.188686
0.000443
0.250786
0.162776
-0.037055
-0.062036
-0.425083
0.250917
0.125399
-0.224659
-0.087224
0.250621
-0.049581
-0.124642
-0.012092
-0.062155
0.050482
0.050443
0.200235
0.137515
0.025274
-0.074378
-0.111831
0.100106
0.137310
0.112239
-0.074239
0.037628
-0.036949
-0.161365
-0.036993
-0.012092
0.062590
-0.061875
0.062572
-0.012092
-0.036974
-0.074324
-0.024543
-0.012092
-0.049455
0.062618
0.012799
-0.049431
-0.074355
0.000363
-0.086849
0.000371
-0.037021
-0.136827
0.224771
-0.049455
-0.012092
0.174579
0.025200
-0.024522
0.062460
-0.173694
-0.012092
-0.012092
-0.024534
0.000349
-0.024534
0.000349
-0.061868
-0.074347
-0.037005
0.037727
-0.199043
0.025326
-0.012092
0.000377
-0.086933
-0.174440
-0.087111
0.025424
-0.099653
0.050458
0.000413
-0.074635
0.050451
-0.137218
0.200527
0.012892
-0.162092
0.012923
0.175326
0.025349
0.037808
0.087633
0.012824
-0.024550
-0.024551
0.025279
0.025265
0.037696
0.025233
-0.049417
-0.111694
-0.049469
0.000368
0.037733
0.075043
-0.099228
-0.086840
0.087559
-0.012092
0.025251
-0.124165
-0.024553
-0.086887
-0.024564
-0.261843
0.312462
0.137347
-0.074332
-0.012092
-0.223996
-0.062018
0.659803
0.136607
-0.036860
-0.024479
-0.061653
-0.049279
0.025094
0.111762
0.099246
0.123819
-0.049141
-0.061512
0.099067
-0.147970
-0.160534
0.025039
0.025025
0.049739
0.123802
0.086624
-0.271432
-0.520368
-0.074254
-0.024529
0.012780
0.236293
END
