y[]
0.016744
0.004765
0.016742
0.028715
0.004765
0.004765
-0.007208
0.016739
-0.007208
0.004765
-0.067108
-0.091146
-0.115254
-0.031268
-0.043300
-0.007255
0.064851
-0.031281
-0.007253
0.112880
-0.103349
-0.043323
0.028813
-0.091458
0.088966
-0.031312
-0.055392
-0.139761
0.004765
0.101139
-0.103662
0.149309
-0.043393
0.076994
0.052889
-0.031325
-0.055414
0.040877
0.028833
0.040856
0.028818
0.100919
-0.031281
0.004765
0.088855
-0.019253
-0.007246
-0.019261
-0.007250
-0.031290
-0.019279
0.028810
-0.007256
0.004765
-0.163686
0.101058
-0.079486
-0.115717
-0.212469
0.113441
-0.382176
-0.104332
-0.445001
0.004765
0.102184
0.199318
0.053344
-0.007377
0.101865
0.041153
0.029017
-0.007359
0.053256
0.065346
-0.067935
0.004765
0.138010
0.028973
-0.249703
-0.019503
-0.007371
0.029037
-0.092357
0.162542
-0.007362
0.125978
-0.055822
-0.737376
-0.007447
0.114622
-0.190619
-0.215499
0.286128
-0.080783
0.297770
-0.153839
-0.056303
-0.288885
0.017018
-0.117829
0.237566
0.004765
-0.019714
0.151554
0.041429
0.078052
-0.092962
0.016987
-0.129750
-0.007472
0.237025
-0.166321
-0.068647
-0.031961
0.004765
0.053731
-0.117694
-0.105576
-0.487119
-0.291531
-0.143713
0.079032
-0.230602
-0.069676
-0.032476
0.042007
0.004765
0.153593
0.041938
0.066689
0.054276
-0.156235
0.041942
-0.094404
0.091544
-0.106821
-0.044869
0.004765
0.054399
-0.044869
0.128804
-0.044832
-0.144173
0.079263
-0.057312
0.141284
0.326707
-0.218007
-0.057204
0.029558
-0.007630
-0.119273
-0.580286
-0.433146
0.167642
-0.446929
0.443940
0.329766
-0.420448
0.042357
-0.007764
0.067395
0.017287
0.079859
0.067301
-0.007738
0.054772
-0.020235
0.017266
-0.007735
-0.045253
0.054784
0.017266
0.042258
0.017260
0.079700
0.117062
0.154298
-0.069973
0.116852
0.166447
-0.007662
0.228229
-0.355506
-0.069936
0.489329
0.041942
-0.044807
0.029555
-0.044819
0.165826
0.066643
-0.019981
0.041883
0.004765
-0.019978
0.436892
0.213983
0.017059
-0.056716
0.078539
-0.081309
0.066255
-0.007529
0.053936
-0.155126
0.078593
0.029363
-0.056739
0.140025
0.139842
0.053839
-0.142528
0.029329
0.433661
0.212424
0.151089
-0.104957
0.187570
0.053457
0.053433
0.065567
-0.019551
-0.068218
-0.019574
-0.019580
0.016939
-0.007408
-0.080491
0.077847
-0.007411
0.029117
-0.092677
0.004765
0.053498
-0.043968
0.004765
0.053498
0.029123
0.029117
-0.092677
0.016951
-0.141558
-0.031849
-0.007442
0.528359
-0.567674
-0.423658
-0.179408
0.495143
-0.362792
0.102913
0.029287
0.371873
-0.423658
-0.142546
-0.068972
0.238080
-0.240844
0.029354
0.017057
0.103046
0.017044
-0.142673
0.041645
-0.032115
0.017060
0.041641
0.127585
0.213214
0.078232
0.017005
0.102625
0.139166
0.016975
-0.044081
-0.374602
0.041541
-0.992964
0.190283
0.140593
-0.081649
-0.094085
-0.007598
-0.118951
0.066643
0.078968
0.066559
0.017119
0.066513
-0.019929
-0.032288
-0.032301
0.054185
-0.007587
-0.032301
0.103580
-0.019929
0.115842
-0.131012
-0.007587
0.066513
-0.032278
0.313046
-0.155422
0.128009
0.263084
-0.118160
-0.142945
0.324530
0.690035
-0.117260
-0.105185
-0.252257
-0.240633
-0.796966
-0.442052
0.029641
0.327587
0.091501
-0.044789
-0.094416
0.066766
-0.057235
-0.007639
-0.231216
0.042063
-0.144507
0.029660
0.004765
-0.069936
-0.382082
0.117230
0.179460
-0.020172
0.129392
0.154112
0.054498
-0.206770
-0.020150
-0.244736
-0.383196
0.167642
0.229850
-0.395736
-0.133278
0.080086
-0.485832
0.821096
-0.082828
0.404566
0.241393
0.029641
0.042067
-0.057412
-0.045004
0.066974
0.017202
0.017201
-0.107210
0.004765
0.116741
0.364724
0.412803
-0.143419
-0.106517
0.004765
-0.180982
-0.542092
-0.582700
0.042366
0.616923
-0.132332
0.403073
-0.856072
0.417395
-0.520696
0.130126
-0.308931
-0.095826
0.205846
-0.020348
-0.234123
0.004765
-0.310434
0.143575
-0.146673
-0.222824
0.131268
-0.185048
-0.058586
0.106108
0.068053
0.131220
-0.159656
0.030079
0.244922
0.307299
-0.171601
-0.424854
0.169250
0.156357
0.269499
-0.335736
0.067909
0.143540
0.118166
0.369294
0.067481
0.117554
0.354853
-0.070150
0.042230
-0.007721
0.490596
0.091717
0.029595
-0.169169
0.017199
0.364679
-0.081992
-0.094478
-0.007647
-0.069741
-0.057366
-0.007665
0.042053
-0.069824
-0.020110
-0.169537
0.042142
-0.107405
0.054635
0.042151
-0.082489
0.129392
0.029672
0.377622
0.103959
-0.044819
-0.218671
-0.069824
-0.082326
0.029657
0.054529
0.029638
0.129035
0.190881
-0.131686
0.079216
-0.032453
0.066789
0.066750
0.116241
0.029521
0.066627
-0.205722
-0.044825
0.165846
-0.057158
0.264586
0.029475
0.029469
-0.292081
-0.566665
-0.182279
0.129500
-0.157420
0.154485
0.129360
0.067005
0.451749
-0.057196
-0.057235
0.041970
0.017164
0.029558
-0.069630
0.017169
-0.057265
0.116393
0.017161
0.103873
0.054283
-0.069520
-0.007621
-0.168803
0.029579
-0.057281
0.079216
0.079161
-0.082035
-0.131787
-0.082229
0.141437
-0.094613
0.314997
0.239899
0.239348
0.128009
-0.241874
-0.118783
-0.057066
0.091319
0.214655
-0.007569
0.029432
-0.032237
0.017101
0.004765
0.128040
0.004765
0.017084
-0.019874
0.054039
-0.019868
0.004765
0.140175
-0.056762
0.127782
0.029351
-0.069008
-0.044447
-0.118372
0.090978
0.090903
0.213649
0.102913
-0.659607
0.730431
0.127239
-0.166740
0.004765
0.176271
0.175977
0.540960
0.016918
-0.007387
-0.007389
-0.043867
0.016926
-0.080388
-0.007405
-0.007407
-0.007408
0.077785
-0.043908
0.016936
-0.043926
0.065626
0.077749
0.029082
0.199082
-0.128786
-0.019536
-0.043855
0.077687
0.174710
-0.068032
-0.396573
0.004765
-0.141576
0.309402
0.029096
0.016929
0.041246
-0.092546
-0.214533
-0.202792
-0.117529
0.017002
-0.522746
-0.278538
0.324963
-0.118266
0.152385
-0.118236
0.004765
0.004765
0.090882
0.041650
-0.019823
0.103082
0.176587
-0.093382
0.004765
0.041582
0.017035
0.004765
0.127375
0.078259
0.114904
-0.227893
0.261882
0.004765
0.175810
-0.092939
0.114676
0.016970
-0.056273
0.175580
0.175289
0.016935
-0.031746
-0.007408
0.004765
0.016939
-0.031760
0.004765
-0.007413
-0.019595
0.016946
0.089991
-0.068281
-0.007414
-0.129307
-0.056236
-0.080699
0.004765
-0.056326
-0.068593
-0.276942
-0.277738
-0.179907
-0.204943
-0.490408
0.351644
0.004765
0.338120
0.091009
0.287616
-0.253458
-0.352928
0.669792
-0.007510
-0.081203
0.017051
-0.056679
0.115337
-0.032078
0.078439
0.249954
0.139363
-0.007463
-0.044164
-0.056430
0.041487
-0.117694
-0.216039
0.115229
-0.363921
0.066308
0.078566
0.201302
-0.056611
-0.007514
-0.142709
-0.488393
-0.118905
0.264297
0.066460
-0.056929
-0.477759
-0.181443
-0.781118
-0.145629
-0.020322
0.105079
0.092457
-0.032807
-0.045354
0.092457
0.029806
-0.070375
0.042343
-0.057872
-0.233614
0.155387
0.217758
-0.057832
-0.158173
0.105066
0.180050
-0.045285
0.229794
-0.157704
-0.220629
0.105003
-0.120548
-0.472862
0.218723
0.431312
-0.107967
0.454935
0.216643
0.004765
0.377576
0.128727
0.054307
0.004765
-0.057166
-0.069602
-0.032439
-0.082099
-0.032485
0.066843
-0.094576
0.042030
0.029601
0.066827
-0.044881
-0.044906
-0.206612
-0.182116
-0.032653
0.079588
0.054616
-0.045085
-0.369907
0.017277
0.454148
-0.294599
-0.107728
0.391710
-0.257194
0.229344
0.502031
-0.704590
-0.596514
-0.045505
0.055036
0.092678
-0.208870
0.205846
-0.007790
0.142792
-0.095598
0.092589
-0.045410
-0.020332
-0.045448
-0.007792
0.192959
-0.170871
0.042428
-0.070574
-0.032925
0.268303
0.017298
-0.070451
-0.032864
0.180248
-0.572980
-0.020430
0.670304
-0.195686
-0.221223
-0.221735
0.557531
0.142481
0.789865
0.079216
-0.007639
0.041975
-0.057258
-0.131821
0.029613
-0.020082
END
