y[]
0.260610
-0.089417
-0.375325
0.597981
0.555864
-0.411151
0.284999
-0.541083
-0.076446
0.453793
-0.140725
-0.348128
-0.897228
0.301673
-0.077004
-2.683895
0.081682
0.415686
0.134590
-0.559850
-0.670862
0.525927
0.255881
0.295274
-0.453454
0.602679
0.187643
0.835661
0.159419
-0.288849
-0.634658
0.306496
0.819437
-0.090765
-0.156704
0.435114
0.014391
0.145451
0.210616
-0.588621
-0.288390
-0.223134
-0.356176
0.239716
0.555438
-0.117217
1.478908
0.622394
-0.050339
0.143146
-0.011615
0.014163
-0.114788
0.220389
0.142799
0.232429
-0.217024
-0.178860
-0.114698
-0.024516
0.027064
0.117246
0.271353
0.526479
0.026823
0.179937
0.103224
-0.292112
-0.024278
-0.049851
0.307631
-0.049720
0.319563
0.331224
0.216423
0.354631
-0.086948
-0.694623
-0.853050
1.702686
0.139665
0.026416
-0.023867
-0.099355
0.026441
0.277691
-0.149404
-0.338584
0.026488
-0.251156
0.064441
0.127489
-0.023956
0.089552
-0.124861
-0.327424
-0.074733
0.013946
0.153211
-0.366303
0.280250
0.115177
-0.137958
0.481437
-0.099621
0.353964
-0.389278
0.064370
-0.327258
0.228834
0.013901
0.278667
0.039041
0.001274
-0.680719
-0.506922
0.166721
-0.036882
0.217298
0.064722
-0.163774
0.026684
-0.189456
0.090327
0.229904
0.026645
0.140700
-0.201591
-0.074907
0.191617
0.013951
0.039295
0.064609
-0.074733
0.039285
-0.328634
0.394501
0.051901
0.064521
0.026562
-0.150548
-0.176143
0.001274
-0.151049
-0.202185
0.077620
-0.151475
-0.036950
-0.049714
-0.805233
0.001274
-0.488354
0.014190
0.040011
0.181849
0.001274
-0.114773
-0.192437
0.311032
-0.735973
-0.206653
-0.024747
0.326055
0.143844
-0.141296
-0.024670
-0.349626
0.533639
-0.063497
0.130774
-0.244920
-0.532060
0.313815
-0.324311
0.040400
-0.508564
0.210753
0.066646
-0.064098
0.145037
0.183946
0.521364
0.169723
-0.024623
-0.128310
0.350766
0.052947
0.065828
-0.270132
0.233953
-0.153785
-0.024592
-0.491465
0.014272
0.351583
-0.310051
0.273736
-0.076496
0.389524
-0.374009
-0.401455
0.339156
-0.362646
0.611388
0.014215
0.143512
-0.296364
0.917232
0.078296
-0.011559
0.296014
0.001274
-0.165211
-0.114147
-0.062907
-0.024410
0.091139
0.039763
-0.037215
-0.037229
0.065438
0.039753
-0.101369
0.360065
0.052425
0.052399
-0.075423
-0.049890
0.078010
-0.037087
0.001274
0.256735
0.408659
-0.074984
-0.189626
-0.253828
-0.318521
0.039704
0.065291
-0.280705
-0.050080
0.001274
0.078296
0.026935
-0.037219
-0.474703
-0.037418
0.194586
-0.179138
-0.076145
-0.321953
0.053061
-0.024616
0.337322
-0.089089
-0.024559
-0.296287
0.091930
-0.283922
0.027235
0.118013
0.053114
-0.453243
0.014289
0.274197
-0.167590
-0.180899
-0.220383
-0.077075
-0.168694
0.262644
0.118668
0.157585
-0.128968
0.326562
0.053222
-0.102649
-0.128782
0.287174
0.415675
-0.037503
0.323959
0.001274
-0.153485
-0.089113
0.220643
0.014163
-0.101885
-0.218293
-0.011657
-0.115178
0.065987
0.014212
-0.115223
0.130707
-0.011662
-0.076376
0.221126
-0.102125
-0.115178
0.130657
-0.076335
0.117666
0.182059
0.014175
-0.140725
0.156173
-0.244093
-0.037523
0.156373
0.091638
0.284743
0.245443
0.321643
0.026859
0.103550
0.116209
0.014037
-0.190333
-0.101067
0.014073
-0.088349
-0.319465
0.219489
0.065364
-0.011541
0.090943
0.346389
0.128793
0.293951
-0.062278
-0.011441
0.013990
-0.075042
0.001274
0.191956
0.090135
0.204088
0.127824
0.039208
0.089731
-0.023991
0.140154
0.152560
0.114589
0.127029
-0.137065
-0.074264
0.039050
-0.086893
0.127203
-0.124655
0.089441
-0.263460
-0.492242
-0.100262
0.077436
-0.024107
-0.431186
-0.266771
0.014055
-0.845754
0.104327
0.104221
-0.320787
-0.076175
0.117426
-0.024526
0.001274
0.104433
0.039931
0.001274
0.130024
0.039867
0.219685
0.026938
0.014104
0.295901
-0.434568
0.373141
0.026869
-0.254972
-0.307090
-0.320953
-0.050379
0.104553
0.657183
-0.268285
0.386137
-0.075580
0.525270
-0.177343
-0.305671
-0.037160
-0.088464
0.116637
-0.024350
0.090932
-0.152473
0.231807
-0.011519
-0.037116
0.244163
-0.088143
0.052379
-0.049831
-0.652616
0.065570
-0.359319
0.078654
-0.360343
0.053014
0.027134
-0.166934
0.221182
0.078774
-0.166717
-0.179956
0.247149
0.014198
0.504014
-0.024446
-0.243398
0.091486
0.258575
0.219461
0.039728
0.078138
0.052484
0.001274
0.435502
-0.036964
0.115946
-0.151651
-0.075276
-0.241522
-0.101132
0.103681
0.001274
-0.319095
0.232043
0.167610
-0.293201
0.257389
0.167398
-0.062587
-0.280200
-0.101277
0.078197
-0.512668
0.284269
-0.281721
-0.127625
0.039961
0.207354
-0.166133
0.117201
0.027017
0.065604
0.014135
-0.011587
0.039852
-0.024443
0.065554
0.129710
-0.011562
0.014110
-0.101461
0.091173
-0.101474
0.001274
-0.165918
0.129908
-0.153106
-0.179138
0.001274
0.001274
0.361774
-0.075867
0.104115
0.180992
-0.101382
0.564584
0.001274
0.128858
-0.049740
0.408659
-0.011432
0.242406
-0.214448
0.140912
0.013959
-0.011411
-0.024100
0.013962
-0.112975
0.052068
-0.049520
-0.163984
-0.024174
0.052165
0.052139
-0.075033
0.255404
0.090067
-0.265342
0.102926
-0.062246
-0.062287
0.153752
0.001274
-0.024123
0.039367
0.013969
-0.011420
0.533056
-0.049250
0.228432
-0.200619
-0.137764
0.316991
0.089496
0.127171
0.001274
-0.061655
0.026450
-0.036493
0.013865
-0.036502
-0.061718
0.001274
0.102043
-0.036502
0.026460
0.039041
0.001274
-0.162485
0.001274
0.051690
-0.061750
0.001274
0.102093
-0.011323
-0.086948
0.026488
0.026482
0.064266
0.089397
-0.011310
0.139613
0.064092
-0.099254
0.089241
-0.527694
-0.125084
0.026559
-0.074598
0.127696
-0.074560
-0.188563
0.153173
0.102412
0.077060
0.089619
-0.011342
-0.087082
-0.049250
0.140154
-0.188156
0.102348
-0.137729
0.089753
-0.479983
-0.303875
-0.126147
-0.279625
-0.293239
0.167845
0.218679
0.128939
-0.075305
-0.126489
-0.101054
0.078030
-0.254808
-0.216912
0.180992
0.052563
-0.101329
-0.011559
0.103891
-0.294033
0.026988
-0.178860
0.027027
-0.050239
0.091405
0.014143
0.078454
0.039842
0.065521
-0.011572
0.193792
0.282964
-0.139472
0.103654
0.486155
-0.126098
-0.253958
0.077912
0.472583
-0.100442
-0.572817
-0.370450
0.488080
-0.229023
0.372047
-0.088097
0.320091
0.014006
0.014004
-0.087869
0.026752
-0.036945
-0.075208
-0.024233
-0.011482
-0.011483
-0.049772
0.014038
0.077824
0.090509
-0.381721
-0.460265
-0.449496
-0.166674
-0.128109
0.246959
-0.037478
-0.115073
-0.179979
0.169592
-0.491529
-0.024730
0.273984
-0.427604
0.235436
0.014267
0.014265
0.325508
-0.063488
0.014230
-0.089452
-0.063581
0.001274
0.117983
0.066054
-0.935623
0.249365
-0.142282
0.053500
-0.090140
0.053521
0.288144
0.066357
0.390885
0.130808
0.130640
0.052974
0.143310
-0.244188
0.220927
-0.321911
-0.037578
0.182457
-0.270623
-0.271365
0.105224
0.325424
-0.089382
-0.180285
0.092095
0.156775
0.040112
0.117696
-0.153985
-0.037578
0.130724
-0.205926
0.027198
-0.336257
-0.154895
0.209445
-0.037725
-0.011729
0.144215
0.014259
-0.128647
0.377580
-0.271082
-0.076678
-0.402451
-0.168516
0.001274
0.001274
-0.352291
-0.248283
-0.038187
0.329639
-0.077435
0.093095
0.459120
0.157769
0.144513
0.001274
-0.076831
-0.233407
0.496067
-0.115693
0.131229
-0.063682
-0.141778
0.014287
-0.011739
0.040309
0.105292
0.118165
0.208743
0.014227
0.078954
0.414551
0.348653
-0.088671
-0.140232
0.155635
-0.088741
-0.191888
-0.153525
-0.076215
0.143292
-0.063254
0.052900
0.001274
-0.594043
-0.793674
0.523264
-0.181113
-0.103096
-0.050952
-0.234082
0.027452
-0.116581
0.106041
0.158219
-0.090247
0.092795
0.223192
-0.024808
0.040395
0.313693
0.053249
-0.154732
-0.337577
-0.194740
-0.037975
-0.208315
-0.024955
0.040616
END
