y[]
-0.052387
-0.187552
0.127746
-0.007399
-0.007399
0.022608
0.037595
0.037575
0.007588
0.067502
-0.022375
0.037521
-0.157212
0.022581
-0.052373
0.067547
0.112397
-0.022366
-0.007399
-0.142200
-0.382803
-0.278565
0.007685
-0.128136
-0.037606
-0.188832
-0.158845
-0.052878
-0.159144
0.295861
0.189228
0.037922
-0.067831
0.053033
-0.052720
0.068124
-0.037601
-0.022504
0.053006
-0.022497
0.022794
-0.052692
-0.037606
-0.052727
0.188872
-0.082842
0.007694
-0.143320
0.037928
-0.022506
-0.234277
-0.052836
-0.478131
0.251019
-0.098529
0.432295
0.113556
0.007710
-0.264566
-0.158983
-0.007399
0.189615
0.113648
-0.067904
-0.037665
0.053124
0.068204
-0.022515
0.037942
0.022817
0.098285
-0.037583
0.007694
-0.052686
0.248953
0.067874
0.037737
0.127888
0.037656
-0.067477
-0.097584
0.262912
0.351883
0.141922
-0.082032
0.275908
0.007490
-0.081865
-0.037201
0.557322
-0.022219
-0.185414
-0.051952
-0.304930
0.156352
0.096667
0.111401
-0.066782
0.215103
-0.022217
0.007419
-0.037038
-0.081534
-0.007399
0.037088
-0.081556
-0.051919
0.140925
-0.007399
-0.037046
-0.007399
0.051886
-0.200206
-0.022246
0.377901
-0.170229
0.037035
0.450606
0.036813
-0.125341
0.110543
-0.213889
0.243283
0.051494
0.080875
-0.938188
-0.155943
0.185665
0.007437
0.051922
0.051886
-0.081512
0.037075
-0.007399
0.007421
-0.081523
-0.022230
-0.022233
0.214873
-0.125883
0.022235
0.037035
-0.022208
-0.081479
-0.111203
0.066757
0.214741
-0.036989
0.051772
0.228938
0.110560
0.257502
0.110110
0.139293
-0.051384
0.080552
-0.007399
-0.051365
-0.036720
0.036579
0.124421
-0.036677
-0.168583
0.051243
0.007256
-0.007399
-0.022054
-0.066042
0.095203
-0.095337
-0.110091
0.095293
0.168399
-0.139219
0.065856
-0.212648
-0.124873
0.110075
-0.198365
0.036702
0.227481
-0.242279
-0.022097
-0.110348
-0.184130
0.110456
-0.361382
0.051685
0.095914
-0.022152
-0.169821
0.479076
0.198272
0.021948
-0.154220
0.007293
0.021978
-0.124960
0.007304
-0.125081
0.110283
-0.125081
0.051459
-0.022110
0.022021
-0.110408
0.007323
0.007321
0.169072
0.110075
0.475729
-0.065836
0.109440
0.153033
-0.153236
0.080128
-0.226361
0.080243
0.211371
-0.211570
0.007198
-0.095016
0.021815
0.109372
0.036355
-0.036566
-0.051166
-0.065785
0.036393
-0.021994
-0.095016
-0.036622
-0.022014
-0.036635
-0.109791
0.051123
-0.051288
0.065738
0.124113
-0.036609
-0.080461
-0.168324
0.211979
0.269791
0.123634
0.137992
0.224788
-0.108915
-0.079973
0.166691
0.137444
0.007074
0.036007
-0.065278
0.108325
0.064860
0.035932
-0.036284
-0.007399
-0.050742
0.007051
-0.021849
0.064829
0.050346
0.021461
-0.151783
-0.007399
-0.007399
0.021494
-0.108563
-0.007399
0.137089
0.035907
0.007032
0.151205
-0.180434
0.107991
0.035838
0.007009
0.165337
0.035738
-0.079305
0.050130
-0.093705
-0.021791
0.050155
-0.007399
0.021365
-0.007399
-0.050549
0.006986
-0.036172
0.006988
0.050130
-0.007399
-0.007399
0.064466
-0.122408
-0.021784
0.006986
-0.050561
0.006990
-0.079367
0.064569
0.035757
0.021361
0.107560
-0.223056
0.050155
0.050122
0.035720
-0.064895
-0.165684
0.078969
0.064517
-0.064928
-0.007399
-0.021787
-0.007399
0.021374
-0.079347
0.021386
-0.064978
0.050180
-0.050580
0.006997
0.006995
0.035769
-0.064961
0.006995
0.006992
-0.021791
0.021382
-0.036180
0.006992
0.064528
0.107576
0.179155
0.278929
0.049768
-0.293563
0.064219
-0.007399
0.092780
-0.021704
0.278315
-0.193021
-0.007399
0.021180
-0.107463
-0.021702
0.021205
-0.036003
-0.036011
0.049817
0.006900
-0.136164
-0.093334
-0.050394
-0.079099
-0.007399
-0.064796
-0.165411
0.035720
0.006970
-0.036139
0.050072
-0.021764
0.050047
0.078709
-0.309102
0.136382
-0.079264
0.006978
0.078820
-0.107996
0.078833
0.035689
0.006959
0.093053
-0.036089
-0.079161
0.035664
-0.007399
0.107346
0.107214
-0.007399
-0.050364
0.049883
-0.007399
-0.007399
0.064157
0.092694
-0.078884
0.049793
-0.107506
-0.036020
0.078438
0.035492
-0.064591
-0.064624
-0.136274
-0.122094
0.064301
0.121531
-0.050358
0.092808
-0.050333
0.006914
0.078438
-0.093236
0.107034
-0.007399
0.006896
-0.021694
0.006896
-0.064591
0.035498
-0.050296
0.021201
-0.007399
-0.121848
-0.050351
-0.050370
-0.079058
0.049932
-0.079068
0.107247
0.006922
0.035553
0.049842
0.078401
-0.035991
0.021193
0.121163
-0.164553
0.064065
-0.121767
0.121255
-0.007399
0.092551
-0.093064
0.249377
-0.078660
0.006857
0.035357
-0.107192
0.106642
0.191861
0.049459
0.049427
0.021002
-0.050004
-0.007399
-0.021605
0.006806
-0.035812
-0.064250
0.021030
-0.106937
0.049492
-0.021619
-0.106994
-0.064355
-0.178461
0.049654
0.049622
0.049589
-0.021643
0.120724
0.063709
-0.007399
0.049451
-0.135358
-0.007399
-0.007399
0.006827
-0.007399
-0.050082
-0.007399
-0.050101
-0.035877
0.134909
-0.021621
-0.078538
0.006833
0.035284
-0.007399
-0.007399
-0.021625
-0.050089
0.220068
-0.078427
0.006810
-0.050034
0.106253
-0.064209
0.035211
0.035193
-0.021595
0.063558
0.020970
0.091828
-0.021568
0.035103
-0.007399
0.134144
-0.007399
0.049162
-0.049817
-0.049835
-0.021548
-0.049859
0.006756
0.049202
-0.021546
0.006748
0.006746
-0.035692
0.020893
0.020885
0.020877
0.035001
0.105579
0.063148
-0.049721
0.006710
-0.049733
-0.049751
-0.092157
-0.063944
0.006740
-0.248039
-0.049925
0.077635
-0.177540
-0.405523
0.149196
0.063699
0.063649
-0.064233
-0.106937
-0.206773
-0.007399
0.063851
-0.107164
-0.035922
-0.007399
0.063892
-0.007399
-0.035909
-0.092979
0.035400
0.092394
-0.050155
0.092337
-0.035885
0.078034
-0.035869
0.120651
0.049459
-0.178072
-0.107093
-0.092930
0.277420
0.006821
0.006819
0.077864
0.177090
-0.234511
-0.406090
0.149419
0.006845
-0.035889
-0.007399
-0.050149
0.035351
-0.021647
-0.050155
-0.021655
0.021111
-0.121489
0.021136
-0.007399
0.035388
0.021115
0.063851
-0.092906
0.006857
-0.007399
-0.035914
0.021115
0.063851
-0.035893
0.177667
-0.121246
-0.292584
-0.150297
0.121218
0.135315
0.035376
0.120815
0.006837
-0.121343
-0.021651
0.035351
-0.007399
0.063811
0.077986
0.106334
-0.035820
-0.064266
0.035254
-0.007399
-0.035832
-0.021619
-0.035845
-0.007399
0.021046
-0.021621
-0.078538
0.120615
0.006815
0.077840
-0.007399
0.091955
-0.177781
0.049427
-0.149525
0.049476
-0.035832
0.092082
0.063598
-0.064193
0.148707
-0.021580
0.006782
-0.078326
0.077707
-0.021578
-0.049949
-0.064161
0.035175
0.006788
-0.035776
0.035163
0.049322
-0.021576
-0.021578
-0.064137
-0.078366
-0.121052
-0.007399
-0.035832
-0.035841
-0.007399
0.035260
-0.106965
-0.221090
0.192060
0.035290
0.106350
0.049427
-0.007399
0.006802
-0.007399
-0.163727
-0.064306
0.006831
-0.050095
0.021067
0.106383
0.049443
-0.007399
0.021010
0.162886
-0.021578
0.105980
-0.092421
-0.007399
0.006776
0.035115
-0.021568
0.035103
0.006764
0.035079
-0.035716
-0.007399
-0.049889
-0.021566
0.204900
-0.219698
-0.049913
-0.021574
0.035121
0.049266
-0.064064
0.020938
0.091716
-0.078186
-0.078236
-0.035748
-0.064121
0.020966
-0.035764
0.006784
0.035139
-0.021576
-0.035760
0.063488
-0.049925
0.049298
-0.049919
-0.021576
0.035127
-0.035748
0.006776
-0.049931
-0.007399
0.077647
0.416750
-0.077966
-0.247699
-0.475518
-0.220907
0.362392
-0.234801
-0.192545
-0.350110
-0.050321
-0.150604
0.107181
-0.107650
-0.050394
0.092895
0.107099
0.006904
-0.050314
0.021213
-0.007399
0.006904
0.021201
-0.021698
-0.036003
-0.064632
0.092737
0.078352
-0.007399
-0.007399
-0.050265
-0.064583
-0.036003
0.006904
-0.050314
-0.150584
0.592603
0.035321
0.149084
0.049443
0.077804
0.049363
-0.135158
0.417832
-0.092301
0.035061
-0.106500
0.020925
-0.035724
END
