y[]
0.084301
0.036984
0.060590
-0.033896
0.048770
-0.010273
-0.022085
0.013344
-0.010276
0.048765
0.036942
-0.045681
-0.022082
-0.010276
0.036959
-0.033892
-0.022090
0.284653
-0.069171
-0.022046
0.060472
0.013317
0.036876
-0.104530
0.025113
-0.069221
-0.033862
-0.069296
-0.010276
-0.081174
-0.033933
0.084271
-0.010282
0.013349
0.084203
0.060541
0.001534
0.048715
-0.081047
0.001534
0.013335
-0.022071
-0.081125
-0.022096
0.036976
0.060576
-0.010272
0.001534
-0.010273
-0.010275
-0.163931
0.166999
0.025149
0.036947
-0.081116
0.013345
-0.163951
0.096130
0.025169
0.202207
-0.045647
0.154791
0.036867
0.013309
0.072155
0.048587
0.072072
-0.104293
0.060340
0.025047
0.001534
0.001534
-0.021979
0.048554
0.025036
0.013283
0.013281
0.001534
0.001534
0.013280
0.001534
-0.010212
0.165853
0.001534
-0.010194
0.013262
0.013261
-0.033651
-0.010197
-0.010198
-0.139361
-0.127794
0.107360
-0.010219
0.001534
-0.021976
0.177725
-0.092396
-0.316132
0.142843
-0.022004
0.001534
0.013303
0.013302
-0.022004
-0.080892
0.083959
-0.045558
0.001534
0.025083
0.001534
0.095674
-0.057293
0.001534
0.072122
-0.080824
-0.069113
0.072180
-0.022009
0.083911
-0.045531
0.036834
0.001534
-0.222246
0.260601
-0.092595
-0.022012
0.013308
-0.092695
0.471791
-0.221563
-0.174947
-0.057362
-0.057397
-0.199092
0.072389
-0.033887
0.060562
0.013335
-0.057488
0.036951
0.013337
0.013335
0.013334
0.025130
-0.057467
0.013337
-0.033879
0.025144
-0.022076
0.025144
0.001534
0.107710
-0.033846
0.095851
0.072214
0.154502
0.166008
-0.033688
0.001534
-0.092451
0.095519
-0.057196
0.060264
0.001534
-0.010209
-0.021957
0.025025
-0.033704
-0.010215
0.001534
0.025030
0.095464
-0.033680
0.001534
0.060216
-0.045409
0.013272
-0.045426
-0.010209
-0.033704
0.001534
-0.045470
0.072031
0.001534
0.001534
-0.198337
0.107397
0.083795
-0.139527
0.013296
0.048570
0.095541
-0.033708
0.013283
-0.174843
0.025069
-0.010233
0.036830
0.001534
0.001534
-0.033762
0.048593
0.013295
0.001534
0.013294
-0.033750
0.013296
0.001534
-0.021993
0.025060
-0.116155
0.013309
-0.104492
-0.069213
-0.033858
0.072305
0.048687
0.001534
0.060444
0.048637
0.072147
-0.021998
-0.104430
-0.010247
-0.033816
0.036884
-0.069179
0.001534
-0.033841
0.048698
0.001534
-0.010255
-0.033841
0.036909
0.060465
0.083979
-0.352282
0.001534
-0.010282
0.060597
0.154935
0.048687
0.013319
-0.187190
-0.365135
-0.200115
-0.069734
-0.034119
-0.105501
-0.117528
-0.034212
0.061104
0.120567
0.179819
0.037153
-0.045961
-0.022222
0.037165
-0.057859
0.037174
-0.069759
0.001534
0.013419
0.025301
-0.057895
0.037195
0.013418
-0.046012
-0.010356
0.084733
0.108403
-0.034077
0.037144
0.001534
0.120144
-0.117076
0.297795
-0.010300
0.096164
0.096074
-0.033908
0.131427
0.084105
0.095818
-0.045597
-0.045619
0.001534
0.013324
0.013323
0.013321
-0.022043
0.048681
-0.045614
0.013323
-0.057425
0.025121
-0.033850
-0.022062
0.013333
-0.092895
-0.010276
0.084174
-0.010268
0.060527
-0.033858
-0.092906
-0.045720
0.048787
-0.175782
0.013365
0.119765
-0.104868
-0.010296
0.096130
0.178661
0.013331
-0.010264
0.166570
0.001534
-0.045592
0.001534
0.001534
0.036880
0.001534
-0.057383
-0.022043
0.025110
0.036888
0.001534
-0.033821
-0.057418
-0.234622
0.048810
-0.057564
-0.033942
0.166979
0.143127
-0.104642
0.001534
-0.022076
-0.116600
-0.389300
-0.164737
0.262693
0.120017
0.108049
-0.318353
0.096422
-0.164579
0.096489
-0.057803
-0.010338
0.084605
-0.057796
0.072725
0.025253
0.037102
0.013387
-0.010319
0.037089
0.013383
0.060758
-0.057690
0.084438
0.060709
-0.235377
-0.022188
-0.045927
-0.093456
0.463757
-0.093107
-0.022140
-0.223651
-0.236052
0.144153
0.096501
0.345034
0.001534
0.107898
-0.010279
-0.306086
0.048922
0.037060
0.001534
-0.045837
0.037064
-0.033996
0.072582
0.013370
-0.164304
0.037094
-0.022171
-0.022177
0.001534
0.025245
-0.034034
0.037102
-0.283367
-0.212675
0.346423
-0.034089
0.049028
-0.129131
-0.046023
-0.034149
0.274774
-0.129053
0.333602
0.131688
-0.010291
-0.057613
-0.235405
-0.010328
-0.057796
0.025270
0.025264
0.013397
0.013395
0.037110
-0.022183
-0.022188
0.001534
-0.022194
0.025261
0.025256
0.013393
0.143731
-0.033996
0.060744
-0.140629
0.060793
0.025228
0.048905
0.214426
0.025160
-0.152140
0.001534
0.237857
-0.069304
-0.246796
0.037047
-0.010303
0.178933
-0.069388
-0.033946
0.119751
0.013348
-0.033913
0.001534
0.001534
-0.033925
-0.045764
0.048832
0.013355
-0.033933
-0.057606
-0.010298
-0.033971
-0.033984
0.048888
-0.425462
-0.057916
0.084753
-0.022236
0.049068
0.001534
0.108403
0.001534
0.048995
-0.081537
-0.176709
-0.081755
-0.069912
-0.213110
0.037340
0.037327
0.001534
0.144578
0.001534
0.001534
0.013445
-0.034204
0.025360
0.013445
-0.046119
0.013449
-0.034217
0.013452
-0.010384
0.013452
0.049193
0.025355
0.013442
0.037250
-0.081824
-0.225075
-0.022350
0.120894
-0.046193
-0.105935
-0.094091
0.300059
-0.105833
-0.082053
0.049306
-0.022350
0.013476
0.001534
-0.082093
0.049329
-0.058214
0.049335
-0.034315
0.013485
-0.058235
-0.094171
0.013502
-0.046347
0.061382
0.085261
-0.022381
0.049358
-0.082173
0.121094
-0.022367
-0.034328
0.013489
-0.046296
0.001534
0.013493
0.049358
-0.142007
-0.082294
0.001534
-0.082364
-0.034444
-0.130495
-0.106620
0.097676
0.121582
-0.250734
0.013561
0.037607
0.037594
0.025566
0.025561
0.001534
0.037563
-0.034496
-0.046526
-0.010485
0.025569
0.001534
-0.070590
-0.022519
0.025587
0.061641
-0.082626
-0.227258
-0.191540
0.278960
0.025621
0.025616
0.049680
-0.203249
0.170209
0.145886
0.013554
0.109648
-0.034491
0.013544
-0.118630
-0.058602
0.133785
-0.022499
0.049593
-0.010479
0.001534
0.001534
0.073589
0.049541
-0.010466
0.001534
0.025532
-0.058472
-0.058508
0.025555
-0.010476
0.157549
-0.010459
0.073468
0.109338
-0.034388
-0.046382
0.001534
0.013515
0.276703
0.204434
0.346711
0.060927
0.037153
-0.117245
0.155919
-0.069691
-0.093512
0.096580
0.049023
-0.081587
-0.022228
0.001534
0.025295
0.013412
-0.022225
0.013414
-0.022228
0.013415
0.001534
0.037170
0.001534
0.049028
0.025273
-0.093456
0.025290
0.037157
0.013405
0.025273
0.084575
0.037102
0.191018
-0.176097
-0.022174
0.025242
0.025236
0.037077
0.013379
0.013377
-0.057697
-0.010317
0.037081
-0.128868
0.037115
-0.034047
-0.069666
-0.010338
-0.010339
-0.010341
-0.022219
0.025287
0.001534
-0.367273
0.025369
0.073005
-0.069937
-0.010383
-0.081924
0.168379
-0.093772
-0.225183
0.037365
-0.022353
-0.177796
-0.190106
0.217103
-0.238016
0.001534
0.049490
-0.034431
-0.082434
0.085502
0.001534
-0.010457
-0.382943
-0.034587
-0.034600
0.097861
0.049663
-0.034561
-0.034574
-0.094817
0.037676
0.013578
0.061735
0.013570
0.145851
-0.142784
0.013568
0.037628
-0.070668
0.049674
-0.130909
0.013581
-0.155197
-0.288462
0.110381
0.158548
0.230574
0.061720
-0.167080
0.134040
-0.118919
0.085866
-0.058696
0.001534
-0.058733
0.001534
0.013590
0.013589
-0.022577
-0.010524
-0.058776
0.037724
0.001534
-0.022592
0.025659
-0.215805
-0.071018
-0.180075
0.183143
-0.095283
0.025747
0.062041
0.134521
0.025694
0.110184
0.350827
-0.010490
0.097688
0.049576
0.157512
0.061461
0.061425
-0.034397
0.049438
0.061382
0.013499
0.025460
-0.022393
-0.010432
0.013499
-0.010432
0.001534
-0.010433
0.025466
-0.010432
0.025463
0.073287
0.085181
0.073176
-0.046222
0.120880
-0.046188
-0.070091
-0.058193
-0.118026
0.085241
0.025437
0.025432
-0.046267
-0.165950
-0.118270
-0.178441
0.013542
0.205456
0.360386
-0.094034
-0.153959
0.013503
END
