y[]
0.086589
-0.054223
-0.007293
-0.022941
0.039644
0.086516
-0.101102
0.149006
0.164354
0.195184
0.225826
0.070293
-0.193599
-0.069472
0.039345
0.132491
-0.100461
-0.053909
-0.100591
-0.038412
-0.007293
0.023826
-0.022851
0.008265
-0.038412
-0.053989
0.070522
0.210267
-0.069405
-0.038363
0.085889
0.023749
-0.131517
0.271994
-0.022788
-0.100316
0.054732
-0.038301
-0.178008
0.101377
-0.240303
-0.334422
-0.413798
0.446010
0.117395
-0.085205
0.023879
0.148422
0.008265
-0.178566
-0.428938
0.008355
-0.101219
0.289838
-0.163567
0.039615
-0.226385
-0.054304
-0.038646
0.071071
-0.101337
0.133740
-0.007293
0.133541
0.289374
0.257402
0.023802
-0.318674
0.210776
0.070474
-0.131748
0.070510
-0.053967
0.054935
0.396246
0.193868
0.069969
0.039036
-0.115426
-0.161972
-0.146709
0.054694
-0.302072
-0.193918
0.023835
0.054935
-0.007293
-0.007293
0.148107
-0.007293
-0.022822
-0.007293
-0.069434
-0.038378
0.101462
0.054800
0.070269
-0.115896
-0.084939
0.101394
-0.084915
0.178898
-0.069318
-0.069357
-0.287057
0.008270
0.473962
0.147458
-0.022757
-0.115610
0.008188
-0.410582
-0.412215
0.210946
0.086092
0.039367
-0.038397
-0.007293
-0.038407
0.054925
-0.069511
0.039374
-0.147360
-0.085193
-0.007293
0.023874
0.055012
-0.085181
-0.116438
-0.225941
-0.289116
0.118060
0.070973
0.023996
-0.054230
0.102193
0.180119
-0.022897
-0.054120
0.133124
0.148495
0.303556
-0.162597
0.085918
-0.038354
0.008239
0.008236
0.039280
-0.022815
-0.053873
-0.007293
0.070329
-0.053859
0.101327
0.023720
-0.069328
0.054742
0.085687
-0.007293
-0.007293
-0.022784
0.070136
-0.022774
0.131951
0.316856
0.038928
-0.007293
0.038907
-0.084305
0.023519
0.008109
-0.022695
-0.007293
0.054302
-0.038086
0.023500
0.023491
-0.038076
0.038879
-0.007293
-0.007293
0.069612
-0.145765
-0.038091
0.023505
-0.053493
-0.161447
0.300779
-0.407972
-0.161829
-0.286060
0.070220
0.348497
0.008147
-0.022733
0.254871
-0.115160
0.223707
0.223175
0.008053
-0.022639
0.069412
0.023373
0.054010
-0.007293
-0.191314
0.008055
0.023396
-0.037982
-0.007293
-0.053344
-0.053365
0.115519
0.176643
-0.007293
0.237430
0.023255
-0.068399
-0.053147
0.053841
-0.144897
0.145589
0.084324
-0.175322
-0.236879
0.053982
0.145729
-0.068474
0.008006
-0.007293
0.160839
0.007978
-0.068390
0.007985
0.053794
-0.037832
-0.037841
0.252071
-0.053014
-0.007293
0.084129
0.038387
0.023148
-0.068185
0.053599
0.038352
-0.007293
-0.037720
-0.068176
-0.113927
0.068886
0.023162
0.160046
-0.113749
-0.022510
0.114380
0.038296
0.114177
-0.098381
0.129309
-0.037633
-0.098368
-0.052861
0.083823
0.007885
-0.037651
0.007887
-0.052841
0.038255
0.023061
-0.219962
0.023116
-0.022496
-0.052917
-0.022506
0.099147
0.038289
-0.068074
-0.205087
0.038387
0.114417
-0.113781
0.038359
0.114343
-0.052889
0.159791
-0.204786
-0.083356
0.099179
0.007908
-0.037697
0.205344
-0.295981
0.235868
0.129226
0.401149
0.173703
0.218492
-0.082498
0.007753
0.082933
-0.082475
0.067889
0.127893
-0.037318
0.022733
0.082730
-0.157376
-0.022314
0.007728
0.052767
-0.097397
0.052785
-0.052348
0.172806
-0.052287
-0.097342
-0.097424
-0.067425
0.172996
-0.142479
0.052812
-0.037341
0.247828
0.007694
0.082581
0.007678
-0.037238
0.007680
-0.052220
-0.022273
-0.112217
0.037688
0.037668
-0.052254
-0.022284
0.007698
0.022683
0.022674
-0.052247
0.037661
-0.082227
0.037674
0.007692
0.157390
0.037574
-0.052159
-0.037215
-0.202006
0.112575
0.127387
-0.171927
-0.082216
0.052650
0.007687
0.007685
0.007683
0.172240
-0.111981
-0.052193
0.097443
-0.037206
0.007665
0.007663
-0.007293
0.037560
0.097286
-0.007293
-0.052099
0.052444
-0.037157
-0.037166
0.067373
-0.022222
-0.022224
-0.037162
-0.096952
0.007656
0.007654
0.067406
0.007640
-0.007293
0.022567
0.097146
0.022527
-0.037113
0.022527
0.097006
-0.022186
-0.066888
0.022509
-0.037095
0.022509
-0.051999
0.007611
-0.081836
0.067250
-0.022197
-0.037108
-0.007293
0.007616
0.007614
0.007611
0.007609
-0.007293
-0.111654
-0.007293
0.082166
-0.007293
0.007609
0.007607
-0.051999
0.022513
-0.186264
0.067317
-0.306068
-0.052186
-0.052206
-0.037247
0.097505
-0.142054
0.142430
0.037580
-0.022248
0.022616
-0.022246
-0.022248
-0.007293
-0.022251
-0.067146
0.067518
0.007663
0.007660
-0.007293
-0.022246
-0.037206
-0.037215
0.067496
-0.231827
-0.082250
0.007703
0.157513
0.112396
-0.052159
0.336170
-0.081859
0.037453
-0.066959
0.097099
-0.007293
-0.052019
0.022527
-0.156480
0.037487
0.022549
0.037453
0.007618
-0.037117
-0.156547
0.022576
-0.096925
0.007651
-0.007293
-0.007293
-0.007293
0.022589
-0.022233
0.007647
0.037513
0.037493
0.037473
0.007625
0.022536
0.022527
0.007614
-0.007293
0.082099
0.141517
0.304488
0.007530
-0.081427
-0.096327
0.007552
0.052063
-0.111189
0.066930
-0.289632
-0.007293
-0.007293
-0.037059
0.022473
-0.051946
-0.007293
-0.156280
0.052328
-0.052006
-0.037113
0.007618
-0.052032
0.067262
0.052311
-0.007293
-0.022191
0.007605
0.052275
-0.022182
0.126626
-0.081670
-0.171118
0.171412
0.141384
0.096649
-0.140953
0.037280
0.022412
0.126268
-0.036958
0.126129
0.140746
-0.022087
0.125774
-0.051629
0.022267
-0.007293
0.110858
-0.140223
-0.036857
-0.022078
0.007492
-0.007293
-0.022078
0.022275
-0.110820
-0.051695
0.199746
-0.036844
-0.081208
-0.022083
0.051852
-0.081230
-0.066482
-0.155419
0.185228
0.110998
-0.051636
-0.022078
-0.110851
0.037102
0.066655
-0.022078
-0.022080
-0.007293
0.037063
0.022267
-0.007293
-0.036853
0.007488
0.110875
0.022227
0.007464
0.036965
-0.022043
-0.007293
0.007457
-0.051551
-0.125409
0.022249
0.051765
-0.051583
0.051756
-0.081110
-0.022063
0.037010
-0.081143
-0.243979
0.022324
-0.007293
-0.022100
0.140680
-0.066456
0.037082
-0.155288
0.125912
-0.036879
-0.125724
0.066743
0.007508
-0.022094
-0.066517
-0.022104
-0.022107
0.022332
0.037128
-0.051714
0.007516
0.037122
0.022306
0.111015
0.051809
-0.022065
-0.066403
0.096127
0.096020
-0.081077
-0.036822
-0.377143
-0.111097
0.037208
-0.259725
-0.037033
-0.200817
0.186231
-0.141231
0.126646
0.171013
-0.007293
-0.036989
-0.022144
0.007558
-0.141032
0.007576
0.037300
-0.007293
0.022425
-0.007293
-0.007293
-0.022151
-0.051879
0.007571
-0.141152
-0.111529
-0.335602
0.052480
0.037513
0.171731
-0.066932
0.052346
0.141650
0.022469
-0.275469
0.097083
0.349744
-0.081571
-0.066755
0.111595
0.111454
-0.007293
0.052028
-0.066614
0.052028
-0.022120
-0.081460
0.081701
0.022354
-0.036940
0.007532
0.066798
0.007519
-0.051734
-0.022111
-0.066587
-0.200243
-0.007293
-0.022151
-0.245317
0.067151
-0.111529
-0.037095
-0.066923
0.171491
-0.171166
-0.201308
0.261244
0.007605
0.111808
-0.051939
0.230590
0.200391
-0.022113
0.007527
0.007525
0.007523
-0.036927
-0.007293
-0.036936
-0.081438
0.007541
-0.170583
0.022416
-0.022146
-0.007293
-0.022148
0.052116
-0.022142
-0.081571
0.081834
-0.155881
0.141295
-0.066702
0.037267
-0.096433
0.126387
-0.140973
-0.290094
0.037413
0.111826
-0.081725
0.245552
-0.066728
-0.051893
0.067029
-0.007293
-0.007293
-0.007293
-0.007293
0.126347
-0.022133
0.037221
-0.081493
0.052072
-0.022131
-0.022133
0.022385
-0.007293
-0.022131
0.052045
-0.036958
-0.081493
-0.051840
0.185600
-0.051774
0.037188
0.007530
-0.081427
0.007538
-0.066631
-0.081515
0.022403
-0.364224
0.111826
0.141406
-0.081615
0.170987
-0.007293
-0.022137
0.022394
-0.022135
-0.066684
0.037254
0.141053
-0.022118
0.007532
-0.036945
-0.007293
-0.051787
-0.126040
0.022407
0.037241
0.066886
-0.022124
0.037194
-0.066614
-0.081493
0.007552
0.081728
0.052010
0.259137
-0.140419
END
