y[]
0.022733
-0.067207
-0.015815
-0.002961
-0.054394
0.022759
0.022753
0.022746
-0.002961
-0.002961
-0.028668
0.048447
-0.080082
-0.054408
0.022766
0.009900
-0.028684
0.087042
0.125475
-0.028635
-0.054328
-0.067207
0.074130
0.099735
-0.002961
0.035523
-0.002961
0.009864
-0.002961
0.035503
0.073923
0.125047
0.009831
-0.028546
-0.054151
-0.015762
-0.015764
-0.015766
0.035449
-0.002961
-0.002961
0.035434
-0.041356
-0.002961
0.009839
0.061015
0.009829
0.124851
0.022582
-0.002961
0.048105
-0.054027
0.022576
-0.002961
0.022569
-0.232963
-0.477412
-0.144449
0.151380
-0.002961
0.240926
-0.041430
0.112402
0.099472
0.009836
0.265393
-0.015723
0.009802
-0.041253
0.009805
0.009803
-0.079570
0.022582
0.035341
-0.002961
-0.015726
0.086365
0.022546
0.099002
-0.066675
-0.028458
0.022536
0.022530
0.060738
-0.041175
0.073453
0.073395
0.098756
0.009747
0.035151
-0.053780
0.009747
-0.028377
0.009748
0.035156
0.009742
0.009740
0.009738
-0.002961
0.022433
-0.015657
-0.002961
0.022430
-0.015655
0.009734
-0.002961
0.035113
0.035098
0.009722
0.022401
0.009718
-0.053684
0.022404
-0.028325
-0.066400
0.073162
0.035079
0.047736
0.060375
0.022362
0.085619
0.009687
0.022330
0.009682
0.085496
-0.002961
-0.053498
-0.040880
0.009681
-0.028245
-0.015605
-0.002961
-0.015607
0.009685
-0.066208
-0.002961
0.009692
0.009690
-0.028264
0.009692
-0.002961
-0.053581
0.009697
-0.053600
-0.002961
0.047679
0.035002
0.098203
-0.142087
-0.015618
0.136183
0.034954
0.098075
-0.002961
0.022282
0.072730
-0.103894
0.211402
-0.065961
-0.015566
0.009644
-0.040780
-0.002961
0.085262
-0.028159
-0.015562
-0.015564
0.034844
-0.028162
-0.015564
-0.028172
0.022250
-0.015566
-0.078623
0.236440
-0.002961
-0.065905
0.097732
-0.015542
0.009620
-0.002961
-0.091061
0.110297
0.034763
-0.002961
-0.002961
-0.002961
0.097567
-0.015521
0.059826
-0.116005
0.034735
-0.015524
-0.002961
-0.015526
0.022168
-0.040656
0.059857
-0.028083
0.009601
0.034716
-0.040637
0.009600
0.022155
-0.015518
-0.028080
0.034716
-0.028077
-0.078347
-0.053250
-0.065858
0.034782
0.034768
-0.040689
-0.002961
-0.028121
0.022200
-0.028121
0.085073
0.034744
-0.128699
0.097643
-0.153904
0.097694
-0.015537
0.147850
0.147623
0.022115
0.022108
0.022102
0.097227
-0.078092
-0.053080
-0.015494
-0.040571
-0.002961
0.009578
0.059708
-0.002961
0.072190
0.009559
0.009557
0.109631
-0.103036
-0.153261
0.047165
-0.040552
0.009571
0.059676
-0.065598
-0.002961
0.009570
-0.028023
0.022102
-0.002961
-0.078168
-0.015501
-0.002961
-0.040590
0.009584
0.034664
-0.040585
-0.015505
0.072284
-0.002961
0.034640
-0.053099
0.059708
0.072190
0.072133
-0.027986
-0.015476
0.084610
0.022046
0.134462
-0.140383
-0.065488
0.047064
-0.015465
-0.027973
-0.053005
0.034574
0.009548
-0.002961
-0.015469
0.009548
0.022052
-0.027973
-0.002961
0.009546
-0.015468
-0.015469
-0.015471
0.047071
-0.015466
0.059551
-0.077979
0.034556
0.009542
-0.015463
0.009542
-0.027967
-0.015466
-0.002961
-0.140624
0.022083
0.059621
-0.040505
0.034584
-0.015474
-0.015476
-0.140728
0.109772
0.009557
-0.015479
-0.028001
-0.002961
0.009560
-0.028005
0.034603
-0.002961
-0.015480
-0.015482
-0.002961
-0.002961
-0.028008
-0.002961
-0.028014
-0.053086
-0.015496
-0.002961
-0.253996
-0.002961
0.160284
-0.141074
-0.053231
0.172875
0.009587
0.034673
0.047196
0.097277
-0.002961
-0.015485
-0.065606
0.047158
0.134737
0.047064
-0.065496
0.009549
-0.015471
0.034565
-0.040487
-0.002961
-0.015472
-0.015474
0.009553
0.022061
-0.015471
-0.002961
0.034565
0.171974
-0.052911
-0.077933
0.034532
0.047008
-0.002961
-0.102923
-0.027967
-0.178180
-0.053080
0.197365
0.059559
-0.040468
-0.052992
0.034565
-0.052998
0.159570
-0.127961
-0.002961
0.072058
-0.015460
-0.002961
0.009538
-0.002961
0.022033
-0.015457
0.009535
-0.002961
0.022027
-0.027948
-0.015457
-0.077970
0.072049
-0.077970
-0.002961
0.047052
0.022036
-0.040458
0.009540
-0.065480
0.047058
-0.002961
0.034537
-0.002961
0.022030
-0.052948
-0.015462
0.034537
-0.015458
0.047021
0.059481
0.022005
-0.015443
-0.015444
-0.015446
0.059450
0.046939
0.009510
-0.015432
0.059380
-0.027892
0.021971
-0.040360
-0.102761
0.034476
0.059403
-0.202661
0.109420
-0.190332
-0.090521
-0.203387
-0.002961
0.172434
0.059606
0.072067
0.022036
-0.002961
-0.052961
0.022042
0.022036
-0.027958
-0.015462
0.047033
0.059496
-0.015449
-0.002961
-0.015451
0.034504
0.046971
-0.015441
0.084370
0.233696
-0.152363
0.059317
0.021940
-0.127525
0.034425
0.084218
-0.139990
-0.015427
-0.252618
-0.040463
0.121992
-0.027939
-0.065433
-0.102998
0.047071
-0.027973
0.009546
0.009545
-0.002961
-0.015466
-0.015468
0.009546
0.009545
-0.015466
-0.027976
-0.002961
-0.002961
-0.015471
0.022058
0.022052
-0.002961
-0.090532
0.084610
0.084534
0.134376
0.059403
-0.002961
-0.065324
0.159104
0.059302
-0.139990
-0.015427
-0.065317
-0.052873
-0.065387
-0.466127
0.185068
0.059637
0.097114
-0.065496
0.047071
-0.015466
-0.052998
-0.065543
-0.053055
-0.053080
0.009571
0.022099
0.009567
-0.015488
0.022093
0.009564
-0.090664
-0.065653
-0.002961
-0.153582
0.047272
-0.065755
-0.002961
0.285567
-0.002961
-0.278927
0.222886
0.172346
0.134565
-0.015455
0.146871
-0.015438
0.096815
0.059348
0.034406
-0.115103
-0.002961
-0.027898
-0.002961
-0.015432
-0.002961
-0.040384
0.009515
0.009514
-0.002961
-0.002961
-0.065348
-0.002961
0.046952
-0.040393
-0.002961
-0.015441
-0.027926
-0.002961
-0.002961
0.009523
0.096852
-0.190192
0.121899
-0.115327
0.009531
-0.303186
0.059661
0.122164
0.047046
0.022033
-0.002961
-0.015457
-0.040458
-0.015463
0.034542
-0.052967
-0.027973
-0.015469
0.034560
-0.128086
0.009559
0.022074
0.022067
0.097089
-0.002961
-0.077989
0.009548
0.059559
0.072011
-0.002961
-0.065433
-0.178092
-0.241131
-0.002961
0.134996
-0.040566
-0.040581
0.072265
-0.153469
-0.216569
-0.002961
0.097618
-0.002961
-0.015527
-0.015529
-0.103564
0.034777
0.022190
-0.015535
-0.040694
-0.040708
0.022206
0.034777
-0.040699
0.022200
-0.002961
-0.015540
-0.028124
0.022203
0.160448
0.022155
-0.141178
-0.028112
0.009616
-0.191771
0.060016
0.072558
0.047354
0.097592
0.110041
0.034678
0.097340
-0.002961
-0.002961
-0.015493
-0.053105
0.009578
-0.002961
-0.015499
-0.002961
-0.040585
0.009582
-0.065692
0.059771
-0.028049
-0.040604
0.034683
-0.028055
0.034678
-0.254154
0.085029
0.022165
-0.065787
0.022174
-0.078385
-0.078442
0.298623
-0.317130
0.261008
0.009592
0.047234
-0.090818
0.172676
-0.028033
0.134858
0.097152
0.009546
-0.065512
-0.015476
-0.015477
0.022071
-0.053030
0.022077
-0.015479
0.009557
-0.002961
-0.002961
-0.391749
-0.002961
-0.028096
-0.028102
-0.015534
-0.015535
0.059897
-0.015529
0.022174
-0.090961
-0.040699
-0.292761
0.072720
-0.040794
-0.040808
-0.179773
-0.104137
-0.078910
0.060334
0.085585
-0.053549
-0.028264
-0.256350
-0.053716
-0.015653
0.035113
-0.015650
-0.041039
0.035118
-0.028345
-0.028351
0.035122
-0.002961
0.047794
0.035089
-0.015642
0.085776
-0.053658
0.073075
-0.002961
0.073017
0.009697
0.085596
-0.256190
0.085742
-0.104342
0.009718
0.161711
-0.028277
0.098267
-0.066216
0.009693
0.022343
0.034983
-0.028255
-0.015610
0.009689
-0.002961
0.009687
-0.015609
-0.040914
0.009692
-0.015613
0.009692
0.022340
-0.066224
-0.040938
-0.040952
-0.028296
0.060366
0.009700
-0.066280
0.022372
-0.053632
-0.066336
0.338790
-0.028236
0.199060
0.311881
0.059889
0.197893
-0.002961
-0.040590
-0.090818
0.009595
0.022146
-0.028067
-0.015516
0.009595
-0.028074
-0.040642
0.009601
0.022159
-0.015520
-0.002961
-0.028083
0.022162
END
