y[]
0.062089
-0.004627
-0.004627
-0.338651
-0.058174
0.048921
-0.044785
-0.004627
-0.044801
-0.071619
0.142698
0.396068
-0.031290
0.075341
-0.097929
0.022040
0.062009
0.088589
0.008683
-0.097830
0.061956
-0.044571
0.008690
-0.004627
-0.031261
0.088564
-0.004627
-0.017934
-0.004627
-0.004627
0.008681
-0.004627
0.035285
0.021973
0.021966
-0.150971
0.061920
-0.031240
-0.084510
-0.071245
-0.071289
-0.031304
-0.058003
0.062089
-0.204907
0.048821
-0.031347
-0.339232
-0.058268
0.035607
-0.125375
0.102713
-0.004627
-0.004627
-0.044865
-0.018043
-0.044887
0.008795
-0.071754
0.089339
-0.004627
0.008790
-0.018043
-0.031465
-0.004627
-0.044898
0.142955
-0.031444
0.022190
-0.085099
0.075845
0.142738
0.115783
-0.178598
-0.125246
-0.165679
0.075932
0.316960
-0.178691
0.102526
0.102411
-0.084894
0.289373
0.035397
0.008711
0.022044
-0.057974
-0.044656
-0.031322
-0.044683
-0.031340
0.048792
0.102125
-0.017964
-0.004627
-0.057996
0.008718
-0.004627
0.102068
-0.044624
-0.004627
-0.004627
-0.031300
0.008711
-0.164798
-0.044710
0.488609
-0.057832
0.141621
0.035222
-0.097631
-0.111024
-0.231097
-0.351988
0.169205
0.008732
-0.084808
-0.084873
0.035504
-0.004627
-0.058138
0.115734
0.008738
-0.017991
0.008738
0.008736
0.022093
0.008731
-0.004627
-0.058067
-0.031358
-0.031365
-0.071503
0.035504
0.035488
-0.138406
0.089038
0.062223
-0.285695
0.022176
0.022169
0.089100
0.329397
-0.218273
-0.138388
0.236015
0.128813
-0.017963
0.008709
0.048700
0.075309
-0.031265
0.035328
0.008688
-0.097867
0.008699
0.035339
-0.031269
0.048650
-0.031261
0.008692
-0.044587
0.008695
-0.004627
-0.017948
0.035333
0.221512
-0.071085
-0.017924
0.035259
0.353630
0.088046
-0.044333
0.035079
-0.044333
0.074770
0.008600
0.074696
0.008588
0.048213
0.034985
-0.083866
0.061410
0.008575
-0.004627
0.021772
-0.004627
-0.031026
-0.017829
0.034975
0.034959
-0.044212
0.021765
-0.017822
0.061332
-0.004627
-0.057390
0.048137
-0.031005
0.061306
-0.070559
-0.017818
-0.044212
0.193145
-0.149621
-0.070603
0.008572
-0.044228
0.034975
-0.070638
0.034985
0.021772
0.034959
-0.057411
-0.004627
0.021769
-0.031022
0.008572
0.021765
-0.017822
0.074519
0.034922
-0.030991
0.008556
-0.004627
-0.083751
-0.083814
-0.044244
0.048193
-0.083866
-0.017839
-0.057495
-0.017848
0.061463
-0.044275
-0.070742
-0.004627
0.008600
-0.017853
0.035048
-0.031075
-0.296018
0.008637
-0.044422
0.088205
-0.017883
-0.004627
-0.017885
-0.070944
0.061691
0.021888
-0.031141
-0.070944
0.048431
-0.017888
0.008635
0.035148
0.021881
0.021874
-0.203553
0.048459
-0.004627
-0.004627
-0.150680
0.075065
-0.110897
-0.377463
-0.285169
-0.420205
0.035666
0.129565
-0.152248
0.183217
0.089163
0.062312
-0.058174
0.008763
0.008761
-0.018014
-0.018016
0.062303
-0.018009
-0.044785
-0.018016
-0.018018
-0.044812
0.048950
-0.018018
0.035542
-0.084980
-0.031426
0.062357
-0.004627
-0.125230
-0.018036
0.049000
-0.098492
0.356940
-0.138388
-0.151971
0.169484
-0.004627
-0.071557
-0.018018
-0.018020
0.396390
0.048721
-0.004627
0.008706
0.101969
-0.004627
-0.031265
-0.031272
-0.031279
-0.017956
-0.031290
0.008706
-0.017959
-0.031297
-0.057988
-0.071369
0.022076
-0.044683
-0.245301
-0.018014
0.008761
0.035526
0.142462
-0.017989
-0.017991
0.315630
0.048650
0.155033
0.035248
-0.110996
0.035275
0.088415
-0.044491
0.021951
0.021944
-0.017911
-0.084372
-0.004627
-0.004627
-0.044523
0.035270
0.075118
0.008658
-0.004627
-0.004627
-0.017911
-0.017913
-0.057790
0.075108
0.035217
-0.190698
0.088452
0.008663
-0.004627
0.048515
0.008654
-0.124220
-0.284235
0.115301
-0.017945
-0.271365
0.008727
-0.325611
0.075716
-0.004627
0.089025
-0.071512
0.008754
-0.031390
-0.031397
-0.031404
0.022151
-0.004627
0.022143
0.035515
-0.031386
-0.044779
0.022143
0.075641
0.102297
-0.178435
0.169182
-0.031347
0.115558
-0.031322
-0.098116
0.075512
0.008724
0.088775
0.328241
0.048529
-0.137570
-0.044544
0.141660
0.048515
0.008654
0.114824
0.021898
-0.084223
-0.017899
0.035185
-0.017895
-0.004627
-0.044444
0.021920
0.154503
0.074844
-0.004627
0.074780
-0.017857
-0.044328
-0.031103
-0.031110
-0.084118
0.048374
-0.031124
0.021870
-0.084139
-0.070935
0.127947
-0.044380
0.101348
0.035085
0.154062
-0.057495
-0.004627
0.114287
-0.017832
-0.070681
-0.083950
0.008598
-0.017852
-0.017853
0.021825
-0.004627
-0.057537
0.035058
0.021821
0.048248
-0.057502
0.021814
0.008591
-0.017845
-0.017846
-0.004627
0.021811
-0.017845
0.021807
0.021800
-0.017839
-0.004627
-0.031057
-0.031064
0.074665
0.153768
-0.017817
0.074487
-0.004627
-0.030991
0.021738
0.074425
-0.017798
-0.044150
-0.044165
0.153434
-0.044119
-0.030963
-0.030970
0.021717
-0.004627
-0.030970
-0.030977
0.008549
-0.004627
0.021720
0.021713
0.048033
0.126900
0.008516
-0.083512
0.021675
-0.017777
0.021672
0.047950
0.008513
-0.004627
0.047915
0.008504
0.008503
-0.017756
-0.070300
-0.004627
-0.017766
0.047922
-0.030898
0.008510
-0.004627
0.008508
-0.030898
0.008510
-0.004627
-0.057182
0.047929
0.021641
0.061012
0.008496
-0.004627
-0.017749
-0.083398
0.021637
0.034756
0.021620
0.152709
-0.083264
0.034700
-0.057065
-0.017741
0.060926
0.047784
0.047757
0.008465
-0.017718
-0.057010
0.008472
0.021565
-0.004627
-0.004627
0.034648
-0.030808
-0.030815
0.034653
0.008463
0.073877
0.021527
-0.122374
0.008463
0.047716
-0.004627
0.099976
-0.030767
-0.017699
-0.017701
-0.122374
-0.083202
-0.148842
0.152688
0.152441
-0.109311
0.060814
-0.017711
0.047702
-0.214106
0.073979
0.021562
-0.043912
0.008470
-0.017723
0.034658
-0.004627
-0.070110
0.034669
0.047743
0.073877
-0.030788
0.021534
-0.017706
-0.056962
-0.004627
-0.004627
-0.004627
-0.004627
0.008460
0.008458
-0.017711
0.100003
-0.017699
-0.070016
0.060763
0.008446
-0.017699
-0.004627
0.060720
0.125939
0.086668
-0.017664
0.008410
-0.043743
-0.004627
-0.017669
-0.004627
-0.056812
0.021469
-0.082935
0.034535
-0.017679
-0.004627
-0.017681
-0.004627
0.034530
-0.030730
0.021476
0.034515
-0.056819
0.034520
0.008419
-0.004627
-0.056819
0.034520
0.060584
0.021446
-0.004627
-0.095909
-0.056826
0.217031
-0.030679
0.086525
-0.056703
-0.043702
0.099540
-0.004627
-0.043676
0.047436
0.047409
-0.004627
0.060380
-0.017625
-0.004627
-0.017626
-0.004627
-0.004627
-0.056642
0.034388
-0.004627
-0.017630
0.060372
-0.069625
-0.030638
0.034388
0.008375
-0.186800
-0.134954
0.294872
-0.030635
-0.030641
-0.017637
0.060405
-0.108699
0.099445
-0.043641
-0.004627
-0.043656
-0.017640
-0.017642
-0.030662
0.047436
-0.082731
0.034433
0.021405
0.008387
-0.056690
0.008392
0.008390
-0.043682
-0.004627
-0.017648
-0.030675
-0.017653
0.008400
-0.121929
0.047525
-0.004627
0.112614
-0.069744
0.008400
0.073498
-0.043682
0.060456
0.047409
-0.030641
0.008381
0.047389
0.008373
-0.095660
0.021391
0.021384
-0.056656
-0.030651
-0.004627
-0.017642
-0.030662
-0.004627
0.008392
-0.043687
-0.004627
0.060465
0.047416
-0.082701
-0.121852
0.034464
0.047470
-0.043697
-0.043712
-0.017659
0.112599
0.060439
0.216282
-0.043575
0.047301
-0.017606
-0.030591
-0.017611
0.008358
-0.004627
-0.004627
0.008356
-0.030594
0.008358
-0.017611
-0.004627
0.021341
-0.004627
-0.030594
-0.017613
-0.017615
0.021347
0.021341
-0.030594
0.047301
-0.030587
-0.043580
-0.004627
-0.004627
0.125159
0.047241
0.060170
-0.147234
0.047254
0.176744
0.318434
0.008274
-0.043334
0.111450
-0.069097
0.008271
-0.043324
0.046966
-0.017522
0.008269
-0.004627
0.008267
0.008266
-0.004627
0.059810
0.046893
-0.004627
-0.043264
-0.004627
-0.030393
-0.030400
-0.056193
0.059827
0.034026
-0.004627
END
