y[]
0.450566
0.041269
0.028086
0.395622
0.354815
-0.220486
-0.181603
0.184984
0.184599
0.236312
0.157738
0.183403
-0.167194
0.248148
0.014527
0.169840
0.079102
0.182246
0.001506
-0.062983
-0.063009
-0.037210
0.040243
-0.088849
0.027347
-0.050127
0.014437
0.014430
-0.011390
0.259316
-0.256283
-0.063023
-0.011390
-0.231128
0.027422
0.027407
0.053239
0.014450
0.014443
0.117676
0.104627
-0.166109
0.169092
-0.166069
-0.256789
-0.166690
-0.218832
0.131273
-0.413962
0.222559
-0.076321
0.092479
0.040504
-0.115205
-0.024374
-0.102329
-0.011390
0.014601
0.066542
-0.011390
-0.050348
0.040551
0.014571
-0.089292
0.286905
0.273105
-0.088899
-0.011390
-0.270189
0.286172
0.156406
0.027292
-0.037176
0.336168
0.091359
0.027114
-0.114099
0.181103
0.270264
-0.536931
-0.075670
0.104284
0.001455
-0.049928
-0.024239
0.052840
-0.114178
-0.578621
0.311295
-0.204876
0.053147
-0.011390
0.001513
0.078880
0.027272
0.040137
0.078718
-0.049997
-0.062890
-0.037150
-0.075819
-0.024281
0.130317
0.052956
0.091478
0.104210
0.129717
0.206294
-0.177811
0.039846
0.116586
-0.062560
0.205904
0.052430
0.052390
-0.011390
-0.036897
0.090599
0.001351
-0.113366
-0.087940
-0.011390
-0.024154
0.052414
0.039624
0.001360
0.001358
0.154184
-0.024117
-0.176984
-0.126193
-0.190235
-0.024177
0.103633
-0.113626
-0.305903
-0.075529
0.360048
-0.024175
-0.100933
-0.036988
0.014208
-0.011390
-0.036988
0.103751
0.129158
-0.036929
-0.011390
-0.036936
0.026927
-0.011390
0.001379
-0.024159
-0.024160
-0.011390
0.026917
0.116194
-0.024141
-0.011390
0.077833
-0.011390
0.204964
0.014033
-0.024100
-0.011390
-0.049531
-0.024107
-0.138649
0.052260
0.039501
0.103019
-0.100364
-0.049546
0.128444
0.115562
0.191399
0.165713
0.077044
-0.024019
-0.188359
-0.062010
0.026578
0.051857
-0.024036
-0.024038
-0.024039
0.013907
-0.049338
0.013911
-0.024039
0.039198
0.039173
0.077033
-0.087176
0.064396
-0.099813
-0.087243
-0.036687
0.115032
0.039134
0.266038
-0.225698
-0.061882
-0.150375
-0.099936
-0.201396
0.051985
-0.315959
0.432463
-0.188695
-0.062106
0.013972
0.039314
-0.100138
0.052010
-0.011390
-0.036745
0.039314
-0.024063
-0.036742
0.001287
0.001285
0.064627
0.039256
0.178304
-0.201083
-0.252186
-0.163771
-0.189462
-0.126032
0.166886
0.166569
0.090159
0.204059
0.127771
0.165445
0.102125
0.366064
-0.124477
-0.200152
0.202514
0.001178
-0.061673
-0.061698
0.076633
-0.011390
-0.061679
0.114286
0.063940
0.001160
0.026249
-0.124349
0.364645
0.437993
0.311913
-0.085906
-0.160588
-0.123435
0.162848
0.050764
-0.073544
0.001044
-0.011390
0.075604
-0.409698
0.163065
0.175189
-0.222872
0.050857
-0.086091
0.001064
-0.086138
0.249983
-0.073560
-0.048710
0.063237
0.013473
-0.023821
-0.011390
-0.036256
-0.048701
0.001049
-0.061154
-0.048729
0.013504
0.100557
-0.123337
0.050819
-0.061154
0.001053
0.013492
-0.011390
-0.048715
-0.036281
0.063265
0.237057
-0.098276
-0.135644
0.063181
0.075540
0.199411
-0.048558
-0.172610
-0.123156
-0.011390
-0.098406
0.038343
-0.073560
-0.048710
-0.123435
-0.048766
0.113143
0.063256
-0.011390
-0.036266
0.001049
-0.148299
0.038417
0.050834
0.025926
0.137734
-0.061073
-0.185476
-0.111004
0.088224
-0.011390
-0.148385
0.075810
0.001061
-0.285670
-0.161315
0.163501
0.088411
-0.136156
0.088435
0.038485
0.001075
0.025996
-0.036312
-0.086194
-0.011390
0.063414
-0.048785
0.050927
0.075789
0.150312
-0.061116
-0.011390
0.212185
-0.085859
-0.061067
-0.123254
0.088051
-0.048669
0.112818
0.001022
-0.061048
0.162307
0.050572
-0.011390
-0.222217
-0.172911
0.187368
0.100238
-0.011390
-0.272049
0.199672
0.062996
0.038170
0.050526
-0.048535
-0.073329
-0.011390
-0.023782
-0.023784
-0.036182
0.025796
0.025783
-0.160163
-0.061030
-0.023804
0.087878
-0.036198
0.001015
-0.061018
0.013427
-0.023798
0.050633
0.013409
-0.060993
0.001013
0.273458
-0.221851
-0.011390
0.223802
-0.085601
0.075185
0.062757
0.000963
-0.023742
0.124404
0.087254
-0.023715
-0.060706
0.050251
-0.023715
0.025581
-0.073016
0.062556
0.000929
-0.011390
0.074801
-0.011390
0.037829
-0.060609
-0.109900
0.099427
-0.085254
-0.011390
-0.134618
0.050243
-0.060693
0.087193
-0.208653
-0.110168
0.025663
0.247598
-0.109973
0.013265
0.025581
-0.110009
-0.110107
0.161300
-0.110034
-0.048406
-0.048420
0.087327
-0.060736
0.148896
-0.085336
0.025590
-0.036042
-0.060712
0.000943
-0.011390
-0.011390
-0.085409
-0.023732
0.062638
-0.097762
0.185922
-0.060681
0.025581
-0.011390
-0.011390
-0.073016
0.000938
0.161045
0.087011
-0.072879
0.013210
-0.023689
0.000909
0.050084
0.000900
-0.023680
0.000900
-0.097454
-0.023691
0.013210
0.074663
-0.035969
0.000900
0.074600
0.000888
0.049979
-0.072758
-0.011390
-0.060512
0.025454
-0.023670
0.037720
-0.048220
-0.011390
0.013165
0.049971
-0.060476
-0.085064
-0.109706
0.123770
-0.023670
-0.109682
-0.023683
-0.011390
0.025486
-0.035972
0.123737
-0.011390
-0.011390
-0.035945
-0.048234
0.000893
-0.035957
-0.035963
0.013183
-0.035963
0.000897
-0.060548
-0.035978
0.000905
0.013195
-0.035975
-0.122098
0.000917
0.087011
-0.122098
-0.122221
-0.023712
-0.048365
0.050228
0.099427
-0.023697
0.013222
0.136157
0.013180
0.025454
-0.011390
-0.109670
0.025476
0.013180
-0.048247
-0.011390
-0.023679
0.013186
0.025463
-0.011390
-0.011390
0.037726
0.000885
-0.023665
0.037702
0.221468
-0.097116
-0.072668
0.013126
0.049873
-0.011390
0.062077
-0.023631
-0.060367
-0.244362
0.037702
0.135741
0.037606
-0.219787
-0.109610
-0.048247
-0.282093
0.000931
0.197828
0.136030
-0.121935
-0.060560
0.000905
0.062347
-0.023676
-0.072841
0.037774
0.000897
-0.023677
0.000897
-0.011390
0.025463
-0.023673
0.099101
-0.121880
-0.072826
0.123720
-0.011390
-0.023665
-0.121935
-0.072856
0.099223
-0.035960
0.050024
-0.048234
0.062284
-0.023665
-0.060506
-0.035957
-0.035963
0.013183
0.086842
0.037690
0.049926
-0.158611
-0.048229
-0.269645
0.062465
-0.208459
-0.036051
0.037926
0.013259
-0.023714
-0.060700
0.099523
-0.011390
0.087096
-0.085245
-0.085300
0.136375
-0.023695
0.025522
0.037805
-0.023686
0.013201
0.074632
0.025454
-0.183444
0.123820
0.074558
0.086746
-0.023652
0.000872
-0.035915
0.037654
-0.023649
-0.035912
0.000872
0.000870
-0.023650
-0.035915
-0.023655
0.000875
0.000873
0.000872
0.000870
0.098884
-0.097148
-0.023647
-0.121772
0.025418
-0.060470
-0.023664
0.086758
0.025391
-0.011390
-0.035909
0.355763
-0.060266
0.049701
0.049664
0.061825
-0.011390
0.122699
0.073846
-0.181934
-0.121179
0.000815
-0.048009
-0.023599
0.013027
-0.023598
0.013024
-0.011390
-0.048013
-0.048027
-0.023605
-0.035825
0.049686
-0.048031
-0.060266
-0.011390
0.025269
0.000827
-0.011390
0.037462
0.049642
-0.121273
0.049671
-0.219150
-0.231843
0.086649
0.123257
0.098641
-0.011390
-0.109189
-0.035855
0.147525
0.000824
-0.035819
-0.048045
0.074117
-0.048027
-0.035822
-0.121408
0.037522
-0.011390
-0.060302
0.000840
-0.048085
-0.011390
0.086434
-0.133684
-0.158341
0.000864
-0.060415
0.037636
-0.146268
0.049941
0.013132
-0.183169
0.356348
0.281830
0.098346
-0.084534
-0.035783
-0.011390
0.049582
-0.145577
0.134987
0.049537
-0.011390
-0.023572
-0.072325
-0.023581
0.012991
-0.023580
0.000800
0.037355
0.012974
0.037319
-0.011390
0.037296
0.025109
-0.011390
0.170903
-0.072117
-0.011390
0.267652
0.049168
0.061232
0.121613
0.012773
-0.035553
-0.120197
-0.132426
-0.120448
-0.120567
-0.132838
0.000762
0.134312
0.049257
0.000735
-0.023515
0.085568
-0.096223
-0.011390
-0.059898
0.012867
0.024985
0.012853
-0.035632
0.012853
-0.059881
-0.011390
0.146119
-0.132529
END
