y[]
0.119902
-0.010645
0.036811
-0.046247
-0.010659
0.036825
-0.070038
-0.034446
0.333463
-0.188518
-0.010662
0.036827
0.001211
0.084291
0.036808
-0.058108
0.072413
0.060521
0.084198
0.001234
0.013083
0.013083
0.036780
0.060460
0.072272
-0.010588
0.001245
0.036757
0.060415
0.001252
-0.010583
0.001248
0.001247
-0.069811
0.036774
0.024926
0.001240
-0.010608
-0.046169
-0.034344
-0.093710
0.131735
-0.188709
-0.332094
0.048846
0.013083
0.084571
-0.320966
0.192177
0.239476
0.060679
-0.022612
0.001182
-0.046444
0.108310
0.001185
-0.094066
0.001170
-0.010746
0.013083
0.013083
0.084554
0.001175
0.001173
0.084520
0.143919
-0.070156
0.084435
-0.010695
-0.070186
-0.082166
-0.082257
-0.058482
-0.321565
-0.010863
-0.094747
-0.226956
-0.239579
-0.071280
0.097446
-0.071280
0.277984
0.001057
-0.059102
0.025117
-0.035063
0.049195
0.121341
0.037124
-0.071087
-0.010979
0.013083
-0.035058
0.037156
0.097294
-0.215654
-0.095449
0.230029
-0.083279
-0.143704
-0.095606
-0.047351
-0.047387
-0.071637
-0.071709
0.255155
-0.228989
-0.035402
-0.035425
-0.059724
0.158643
-0.047541
0.013083
0.194846
0.000976
0.025190
0.049396
0.013083
0.000980
-0.035343
0.000973
0.206670
0.097660
0.097588
0.097517
-0.035156
0.049265
-0.011037
0.001021
0.001020
0.157748
0.109411
-0.119391
0.013083
0.025133
-0.155754
-0.083524
-0.047344
0.290744
0.157644
0.145414
0.217250
0.216834
-0.094734
0.061016
0.072967
0.037026
-0.034810
0.060976
0.013083
0.001112
0.001111
-0.058782
-0.022869
0.001096
-0.022886
0.037064
0.013083
0.132901
0.072938
0.060941
-0.022809
0.156572
-0.034724
0.025037
0.013083
-0.082588
-0.082680
0.132772
0.252032
0.084656
0.025007
-0.022693
0.048859
0.036927
0.215524
0.001186
-0.034519
0.048787
-0.082155
-0.046487
0.060742
0.024994
0.013083
-0.022655
0.036910
-0.022659
0.036912
0.036907
-0.022655
0.084546
-0.010732
-0.129927
-0.010772
0.120386
0.239233
-0.034485
-0.046409
-0.201382
-0.094322
-0.202074
0.264054
0.096600
0.156093
0.143996
-0.094015
0.036893
0.108264
-0.022599
0.096322
-0.034474
-0.010704
0.024977
-0.010707
0.060657
0.001192
0.024974
0.024973
0.001193
0.001192
0.048753
0.036856
-0.010690
0.001194
0.048744
0.013083
0.013083
-0.105837
0.036878
-0.058320
-0.070285
0.429230
-0.331601
0.227165
0.072469
0.072434
-0.105654
-0.177189
-0.022633
-0.070305
0.048829
0.096441
-0.034542
0.036898
0.024988
0.036890
-0.046444
-0.094156
0.013083
0.013083
-0.022689
0.025008
0.036929
0.013083
-0.058473
0.096560
0.203627
-0.189382
-0.058473
0.072717
0.072681
0.060736
-0.022655
0.036910
-0.106107
-0.213769
0.228008
-0.046572
-0.525421
0.037078
-0.070925
0.061096
0.384408
0.001126
0.025040
-0.058679
0.060930
-0.094605
-0.022839
0.037032
0.084896
0.025047
0.025045
-0.010843
0.001118
0.096810
-0.070644
-0.094669
0.060987
0.192520
0.013083
-0.178328
-0.022847
-0.034844
0.096940
0.156675
0.072852
0.013083
-0.046686
0.096750
-0.214176
0.108834
-0.238459
0.156899
-0.010872
-0.154763
-0.022921
0.061085
0.037075
-0.010909
0.001085
0.049074
0.073039
0.061022
0.025064
0.001102
0.001100
0.001099
0.084965
0.060976
-0.022834
0.049000
0.013083
0.156624
0.048936
0.263695
0.167909
-0.094079
0.227292
0.072504
0.048719
-0.272360
-0.082246
-0.106206
0.120450
0.060764
-0.141965
-0.022732
0.060833
-0.022727
-0.010798
0.001141
0.048906
-0.022740
-0.022753
0.036975
-0.034707
0.001132
0.025034
-0.022774
0.096730
0.060850
0.025021
0.060821
-0.094360
0.084725
0.013083
0.215790
-0.082257
-0.058482
-0.381442
0.025061
-0.394983
-0.191576
-0.071310
0.229951
0.097294
-0.071128
0.073241
0.061183
0.025104
0.025103
0.001063
0.001062
0.025104
0.001062
0.049143
0.025100
0.061137
0.049108
-0.010932
-0.034965
-0.034988
-0.155348
0.073270
0.121328
-0.095162
-0.059145
0.061241
-0.035075
0.013083
0.121406
-0.107283
-0.179804
-0.301155
0.085687
-0.059521
0.013083
-0.011130
0.025190
0.375621
0.049265
-0.023099
0.073378
-0.011031
-0.035162
0.193882
0.073277
-0.010990
0.001044
0.085294
0.037142
0.073204
0.013083
0.013083
-0.035011
-0.107254
0.073270
0.037147
0.037142
0.061183
0.121224
0.276935
0.013083
0.264294
0.048919
0.084716
0.096590
0.048850
0.048838
0.072646
-0.022650
0.072632
0.036893
0.048787
0.024981
-0.046423
0.013083
0.001178
0.036893
-0.070275
-0.380830
0.108720
-0.130406
0.120719
-0.010826
0.013083
0.108685
-0.094476
0.013083
-0.106563
-0.046794
0.240424
-0.118472
-0.202563
-0.094915
0.061096
0.145001
-0.431336
0.037156
-0.119391
0.013083
0.037182
0.193643
0.061177
0.073168
0.001069
0.001067
0.061137
0.073118
0.109064
0.013083
-0.745272
-0.095724
0.073546
-0.095777
0.025184
0.073568
-0.023204
-0.107968
-0.144502
-0.071874
-0.035496
-0.059830
0.292294
0.146344
0.037293
-0.120145
-0.168879
-0.364023
0.268698
-0.072049
0.365303
0.291550
0.061433
0.447185
0.241435
0.073089
-0.034919
0.025086
-0.034936
-0.010935
0.061114
0.109075
0.001089
0.073039
0.132887
0.025055
0.037024
0.013083
0.156607
-0.130441
0.001113
-0.034810
-0.046815
0.204631
-0.010840
0.037006
-0.142522
-0.250801
-0.191305
0.193447
-0.059024
0.265229
0.085008
0.001099
0.108914
-0.094734
-0.274998
0.073168
-0.059024
0.001060
-0.022994
0.013083
0.037136
0.025107
0.001059
0.109237
-0.071047
0.025106
0.025104
0.097192
-0.034971
0.049126
0.145128
-0.082932
-0.251436
-0.035087
0.013083
-0.071270
0.085390
0.145509
0.253410
-0.046945
-0.107080
0.109225
0.025094
0.145112
-0.022908
0.204884
0.001106
0.144749
0.001121
0.037006
0.001122
-0.010843
0.132657
-0.022774
-0.118504
-0.094708
0.072981
0.025058
0.025057
0.072931
0.096810
0.048945
-0.226237
0.013083
0.108880
-0.010858
0.001111
-0.034821
-0.094785
-0.106907
-0.239367
0.421492
0.312323
0.060878
0.144403
0.072717
-0.058482
0.096570
0.120322
0.001173
0.001172
0.060719
-0.022642
0.001172
0.120232
0.072561
0.024974
-0.046388
-0.010715
-0.034530
0.060696
-0.070255
-0.058405
0.001163
-0.142002
0.048893
0.036949
0.001151
0.084656
-0.082360
-0.046615
0.180147
-0.058482
0.108491
-0.082325
0.025014
-0.106292
0.025027
0.084716
-0.106334
0.048923
0.013083
0.025027
0.036966
0.013083
-0.010800
0.096650
0.108503
-0.070404
-0.022719
-0.070504
-0.022761
-0.034730
0.001126
-0.142485
0.144733
-0.046736
-0.118646
0.061004
0.132786
0.001119
-0.094656
0.025060
-0.094760
-0.431496
-0.083303
-0.204125
0.049317
0.218162
0.181656
0.469211
-0.479144
-0.023029
-0.203863
0.085451
0.037194
0.013083
0.061287
0.049221
-0.035104
0.001033
-0.011022
0.061287
0.085346
-0.010999
-0.095357
-0.204151
-0.059433
-0.047387
-0.180669
-0.351216
0.207541
-0.059794
0.000932
0.098112
0.061638
-0.181281
-0.145116
0.037438
-0.023451
-0.377447
0.184128
-0.206885
-0.109331
-0.416550
-0.245586
-0.073289
0.099455
0.013083
0.050077
0.037738
0.013083
-0.605119
-0.322342
0.398105
0.025478
-0.086123
0.000675
0.137091
0.124559
0.198600
0.013083
0.222921
-0.184399
-0.098172
0.074907
-0.172503
0.000698
-0.148057
-0.409593
-0.486481
0.200712
-0.576002
0.439576
-0.074576
-0.956271
-0.379845
0.089254
-0.075789
-0.470748
-0.012447
0.115163
-0.140076
0.140732
-0.242378
-1.015336
-0.492132
0.090975
-0.246792
0.117114
0.194878
0.181597
0.245942
-0.129155
0.336060
-0.452335
0.258990
-1.392824
0.052404
-1.985528
1.103374
1.365964
-0.483910
1.651611
0.257850
-0.904651
-0.690595
-1.131139
-0.185527
-0.638472
-0.173858
0.439864
0.345243
0.013083
0.766308
0.577574
-0.104803
0.274863
-0.013064
0.156808
0.208739
-1.311787
0.145044
0.447323
END
