y[]
0.403215
0.117808
0.824073
0.256907
0.988467
-0.861697
0.080772
0.673308
0.875372
-0.196672
0.629197
0.078504
0.896121
-0.058227
-0.432452
-0.228997
0.180420
0.349926
-0.534928
0.180281
-0.879433
0.215890
0.283668
-0.195258
0.112511
0.009882
0.146389
-0.915010
1.070863
0.687941
0.211999
0.043120
0.312073
0.210493
-0.057795
0.176582
0.309602
-0.291311
-0.863360
0.211363
0.210808
0.243719
0.276363
-0.024288
-0.760816
0.076468
-0.427921
0.580552
0.975720
-0.223491
-0.457261
0.641050
0.207538
0.173993
0.074705
-0.024288
-0.255426
-0.090426
0.008786
0.074869
-0.255808
-0.057406
-0.057417
0.207385
-0.222832
0.240350
0.239651
0.697974
-1.374547
-0.622893
0.009062
-0.861393
0.879484
-0.291222
-0.057705
0.042534
0.142573
0.109001
0.407678
0.075132
0.240350
0.107769
-0.024288
-0.321662
0.240087
0.338091
-0.057177
-0.057188
-0.221917
-0.222308
0.107769
0.107594
-0.354321
-0.355414
0.042025
-0.223359
0.008918
0.736423
-1.117557
-1.062302
0.311734
0.210257
0.808911
0.439289
0.206697
0.041610
-0.024288
1.479500
0.008153
0.105371
0.202212
-0.088950
0.556171
-0.088618
-0.056468
0.104371
-0.152947
-0.282103
-0.347495
-0.121454
-0.153990
0.040584
-0.446710
0.300810
0.137865
-0.283860
0.008195
-0.414787
0.560889
-0.609465
0.008312
-0.383472
-0.483305
-0.749885
0.438064
0.173210
0.041458
0.303796
-0.057048
0.531178
0.138499
0.138234
-0.317019
0.300915
-0.089244
-0.024288
-0.056782
-0.284620
-0.089477
0.138605
0.105835
1.299807
-0.991414
0.008100
0.331296
-0.024288
-0.024288
0.136924
-0.346973
-0.868175
0.040880
0.040837
-0.972783
0.336545
0.106602
-0.187928
0.172047
-0.318936
0.433678
0.106175
-0.122120
0.040943
0.040901
0.495700
0.008121
-0.056698
0.105287
0.105120
0.201774
0.007965
0.201191
-0.282020
-0.218024
-0.056614
-0.121328
0.040416
0.040374
-0.283188
-0.609275
0.138552
-0.513606
-0.286240
-0.057080
-0.089905
0.139673
-0.253909
0.106989
0.270456
0.334779
-0.089477
-0.678527
-0.616785
0.961265
-0.318936
-0.221203
0.107032
0.172369
0.302616
-0.547850
-0.188465
-0.090034
0.107161
0.139781
0.008493
-0.057070
-0.122697
0.041329
-0.814546
0.107856
0.403978
0.074283
0.434428
0.789651
-0.219030
0.105582
-0.056740
-0.024288
0.008164
0.461228
0.233693
0.072284
-0.120860
0.168762
0.104205
0.264220
0.007717
-0.120334
-0.280863
0.232287
0.071758
0.231385
-0.120089
-0.472576
0.039876
0.103917
-0.120427
0.039814
-0.184622
-0.991726
-0.348858
0.138129
-0.186705
0.267872
0.331642
0.072564
-0.056562
-0.088867
0.394729
0.616945
0.708083
0.450471
0.542464
0.132575
-0.275387
-0.244518
0.227363
0.038526
0.383044
0.816445
-0.055301
-0.086342
-0.086381
-0.086419
-0.429084
-0.024288
0.038095
0.287045
-0.304444
0.473225
0.161643
0.037612
0.192062
-0.426454
0.037689
0.068605
-0.117182
-0.086265
0.037689
0.068605
-0.055243
-0.086227
-0.303488
0.192935
-0.086304
0.068721
-0.024288
0.161470
-0.179063
0.254134
-0.147936
0.068462
0.099245
0.037421
0.068205
-0.055110
-0.055119
-0.147707
0.129961
-0.333026
-0.333982
0.285405
-0.055214
-0.148089
0.593188
-0.178300
-0.024288
-0.209416
-0.550687
0.068807
0.037727
-0.117326
0.099743
0.006696
-0.024288
0.161413
-0.086150
-0.086189
0.377381
0.314330
-0.919494
0.316217
0.284259
-0.332835
0.006609
0.130057
-0.024288
0.037383
-0.209416
0.068319
-0.116895
-0.024288
0.160840
0.252763
-0.270518
0.068119
0.037269
0.037231
0.067920
0.190535
-0.116299
0.006391
-1.819446
-0.274445
0.132133
0.847177
-0.365744
-0.242187
0.411036
0.501785
-0.086036
0.130009
0.498549
0.098336
0.464710
-0.299056
0.036837
0.006260
-0.360834
-0.054940
-0.054949
-0.239177
-0.024288
0.159930
-0.393065
-0.332645
-0.086074
-0.055195
-0.768939
0.162395
-0.086477
-0.585737
-0.212140
-0.905628
-0.024288
0.574610
-0.118613
0.289782
-0.369820
0.070066
0.258242
-0.369712
-0.087221
-0.846037
-0.087780
-0.087821
-0.757827
0.167589
0.453800
0.451526
-0.246053
-0.660625
0.421572
0.703909
-0.498597
0.039083
-0.532387
-0.087982
-0.247538
-0.312058
-0.184519
0.039835
-0.474016
-0.282186
-1.389275
0.335013
-0.285470
-0.581575
0.565684
0.854195
0.008100
-0.218778
-0.446984
-1.006614
-2.253627
0.512626
-0.124740
-0.024288
0.443627
-0.659848
0.544561
-2.216989
0.553846
1.490127
1.566203
-0.683921
0.041871
-0.787777
0.374781
0.240876
0.174125
-0.057330
-0.421640
1.064652
0.499445
-0.187660
0.302189
0.560699
0.814697
0.392580
0.071666
0.135431
-0.343982
0.741266
0.482844
0.070514
-0.087479
0.228237
0.259043
-0.370691
-1.390039
0.071604
-0.472576
0.742979
-0.183651
0.230570
0.261653
-0.183044
0.102736
0.702988
-0.213503
-0.182241
-0.055909
-0.658808
END
