y[]
0.070827
-0.024255
0.007436
0.134138
0.133978
0.039046
-0.024175
0.196949
-0.403632
-0.119387
0.102568
0.134138
0.039086
0.102327
-0.119107
-0.436728
0.071008
0.261323
0.102478
-0.151018
0.197550
-0.055896
-0.024245
-0.437151
0.293468
-0.024305
-0.183222
-0.311137
-0.600664
0.231903
-0.345525
0.103821
0.199928
-0.056687
-0.829928
-0.674053
-0.090300
0.040025
-0.580801
-0.485419
-0.388604
-0.158045
-0.357589
0.736157
-0.654818
0.305993
0.371133
-0.058593
-0.788325
-0.025859
0.007436
0.538822
-0.457373
0.967867
0.073334
0.040368
-0.223321
-0.091623
0.403084
-0.124273
0.369219
-0.025400
0.007436
0.629471
-0.221285
-0.353043
-0.354347
-1.085833
-0.326232
0.640455
-0.358560
-0.059253
0.040786
0.473172
-0.625162
0.340880
-0.025859
0.902519
-0.323143
0.634604
0.073225
-0.025454
0.040325
-0.387952
-0.655038
-0.458921
-0.260034
-0.563323
0.511215
1.106897
-0.257993
0.272864
-0.291221
0.107087
-0.558572
-0.126210
0.474414
-0.059142
-0.895732
-0.802285
0.007436
-0.467947
-0.060661
0.550915
0.210481
-0.026377
-0.161798
0.615340
-0.127335
0.209524
-0.093557
-0.127381
0.142252
-0.397560
0.614315
-0.295544
0.041145
-0.026274
-0.262652
0.243802
0.074867
-0.093728
0.074889
0.444779
-0.059724
0.610251
-0.293518
-0.227267
1.042676
0.107054
-0.158650
0.206705
0.173191
-0.025693
-0.357710
0.306290
0.073727
0.700851
-0.322163
0.567108
0.204222
0.072945
0.138326
-0.188964
-0.386524
-0.058375
-0.124317
0.172099
0.040336
-0.190128
-0.025530
0.172153
-0.124317
0.402173
0.466002
0.105427
-0.090556
-0.254345
0.497713
0.332957
0.234672
0.104665
-0.057373
0.072244
0.266252
0.039741
-0.089511
0.104382
0.233279
-0.283028
0.297899
-0.186113
0.039720
-0.413073
-0.154770
-0.057521
-0.090078
-0.090173
0.526917
0.330747
0.329705
0.071765
-0.024724
-0.153517
0.361191
-0.056790
0.232047
-0.217175
0.167924
0.039502
0.039492
0.199559
-0.184687
0.103543
-0.152795
0.135641
-0.056646
0.103543
-0.152795
0.071559
-0.056687
0.007436
-0.024641
0.263764
-0.505880
-0.089105
0.457163
-0.217175
0.007436
0.103759
-0.024662
0.071620
-0.024652
-0.185305
0.039585
-0.185615
-0.056997
0.329186
0.615924
-0.440565
-0.056729
-0.217464
-0.347003
-0.575279
0.363942
0.330433
-0.250879
0.394658
0.007436
0.521410
-0.088734
0.071559
0.007436
0.487053
-0.472182
0.007436
0.135559
-0.024580
0.007436
0.327129
-0.120319
-0.120483
-0.088610
0.071477
0.613788
-0.375096
0.230757
-0.088212
0.294106
0.420069
0.039106
-0.119307
-0.182980
0.007436
-0.056117
0.007436
-0.119791
0.198215
-0.215175
0.293559
0.134339
-0.119468
-0.056077
0.356255
-0.246130
0.102598
-0.119468
-0.151421
0.166292
-0.056077
-0.056117
-0.215317
0.134784
0.166393
-0.629915
-0.537525
0.232191
0.167666
0.071456
0.263109
0.230614
-0.024417
0.166595
-0.088030
-0.471263
0.039420
-0.152590
0.231400
0.485677
0.166342
-0.024326
-0.374487
-0.152130
-1.375445
0.233863
-0.543351
-0.579076
0.268532
0.072603
-0.678954
0.236756
0.138240
-0.123369
1.178562
0.072098
0.426723
0.553096
0.007436
0.199313
0.007436
0.103236
-0.120319
0.071333
-0.088426
0.230971
-0.120238
0.071293
0.071252
0.230472
-0.215601
0.007436
-0.024467
0.166849
0.293741
0.039197
-0.056097
0.229623
-0.501148
0.262051
-0.056157
0.007436
-0.024376
-0.024386
0.134662
-0.566363
-0.024539
0.071374
0.549270
-0.950732
-0.217464
-0.089105
0.071806
0.136053
-0.702016
1.037709
-0.217031
-0.314108
-0.089229
-0.380162
0.169117
-0.024880
0.265667
0.071889
0.007436
-0.347575
0.007436
-0.057247
0.136760
0.426588
-0.476358
-0.121972
-0.122140
0.039845
-0.382175
-0.383699
-0.418027
0.302180
-0.188964
0.823234
-0.220318
-0.025143
0.072582
0.105076
0.039961
-0.025090
-0.187941
-0.090396
0.072667
-0.876801
-0.818333
-0.457991
-0.125942
0.207436
-0.225937
0.174186
0.140636
-0.962309
0.543630
-0.126344
0.641299
-0.025826
-0.159037
0.007436
0.306887
0.570631
-0.091722
0.073551
0.567661
0.007436
0.105974
0.138669
0.007436
0.040217
-0.189415
-0.321512
0.106234
1.152924
0.072497
0.234819
-0.317557
0.267514
-0.090014
-0.187750
0.137602
-0.057626
0.170011
0.202178
0.039856
-0.154770
-0.155034
-0.285676
-0.351983
-0.090812
0.007436
0.269216
-0.418306
0.204157
0.040185
0.660179
0.494213
0.072161
-0.122056
0.072202
-2.119260
0.403476
-0.091427
-0.091525
-0.323143
0.535838
-0.487860
-0.656798
0.007436
0.074058
0.704303
-0.722737
0.140591
0.339552
-0.158484
-0.659011
-0.193368
0.375268
0.007436
0.040808
-0.092715
0.640033
0.040620
0.503879
0.172371
-0.157499
0.205325
0.139145
0.106104
-0.058332
0.073203
0.532027
0.138155
0.203194
-0.057775
-0.090460
0.040078
-0.352218
-0.123669
-0.123841
END
