y[]
-0.091683
0.413134
-0.452044
-0.381381
0.378591
0.016652
-0.019455
-0.635065
-0.383357
0.308116
0.125788
0.125578
-0.673765
-0.494689
0.200164
-0.349065
0.893460
0.524320
-0.200385
0.016757
0.016744
-0.019455
0.233572
-0.562443
0.342864
0.197308
-0.055550
0.160888
-0.019455
-0.019455
-0.019455
-0.235905
0.088829
-0.019455
0.088711
0.948815
-0.663926
0.553612
-0.055176
0.016266
-0.126655
0.230500
-0.126502
-0.269679
-0.055253
0.052127
-0.055240
0.230768
0.087592
0.158703
-0.055061
0.442439
0.440316
0.086346
0.156632
0.121192
-0.124922
0.050868
0.156138
-0.019455
0.120797
-0.265026
0.226116
0.015577
0.155523
-0.054426
-0.229539
0.435171
-0.159120
0.120210
0.085166
-0.228806
-0.089336
-0.264425
0.190555
0.155217
0.050329
-0.263911
0.085385
-0.089336
-0.159364
-0.159560
-0.054512
0.120699
0.085532
0.050475
-0.159364
0.329951
-0.019455
0.050280
0.050231
0.916589
0.015045
-0.330390
0.118857
-0.088588
-0.054039
0.118810
-0.054003
-0.192376
-0.019455
-0.088707
-0.296944
0.188734
-0.088803
-0.123568
0.465478
-0.157768
0.118857
0.084154
-0.019455
-0.088516
0.153107
0.256027
-0.019455
-0.157101
-0.433534
0.497877
0.118049
1.446897
0.014392
-0.188803
-0.155140
-0.121340
-0.053440
-0.121479
-0.428593
0.321609
-0.121652
-0.190016
0.117017
-0.600753
0.117625
0.219984
-0.190425
-0.225005
-0.019455
-0.088066
-0.156818
-0.019455
-0.260295
0.530186
0.151690
-0.362039
-0.122459
-0.329106
-0.330068
0.049653
0.084118
0.084011
-0.191958
0.049582
0.187370
-0.019455
0.221302
0.014891
-0.122530
0.152278
0.117719
-0.156629
-0.191188
-0.122637
-0.260627
0.462308
-0.432252
0.290302
-0.088207
0.289558
-0.053743
-0.156724
-0.019455
0.357580
-0.740488
0.014998
0.221384
0.049250
0.049203
0.014856
0.014844
-0.122389
0.152042
-0.053731
-0.328468
-0.363927
0.187370
0.049392
-0.053873
0.221219
-0.053802
-0.088184
0.049273
-1.333444
0.293317
-0.158344
-0.123749
0.050086
0.188878
0.153825
-0.019455
0.015165
-0.088707
0.015177
0.498591
-0.122850
-0.088444
0.015045
0.221716
0.632236
-0.156301
-0.156488
0.083337
-0.328150
-0.294653
0.152632
0.118002
-0.088160
-0.570800
0.531890
0.220806
-0.191011
0.117813
-0.191070
-0.122566
-0.260461
0.152751
-0.226138
-0.192018
-0.504221
0.499847
-0.192256
-0.088659
0.118905
0.049653
0.462972
-0.157054
0.186872
0.289240
-0.019455
0.014786
0.048991
-0.087901
-0.637589
-0.641434
0.257457
-0.157816
0.222550
0.462806
0.117908
-0.088113
0.049203
-0.363216
0.221302
-0.156959
-0.191602
0.049439
0.186943
-0.329213
-0.433964
-0.088707
-0.088755
-0.158200
0.257841
0.360576
0.221633
0.118049
-0.191365
0.014950
-0.260544
0.256027
-0.019455
-0.225996
0.427511
0.562041
0.321029
0.014530
0.014518
0.454961
0.048135
0.048090
0.048044
0.250087
-0.120448
-0.120550
-0.053176
-0.120687
-0.222226
0.149549
0.216672
0.014232
0.014221
0.047862
-0.626949
0.217231
-0.053233
-0.019455
-0.188517
0.318383
0.182701
0.115089
0.081334
0.081233
-0.086569
0.047659
0.081132
-1.165406
1.293916
0.181080
-0.119672
-0.119773
-0.153369
-0.086479
0.014063
0.114503
0.047457
-0.052906
0.147685
0.447057
0.013784
0.080196
-0.218857
0.146741
-0.385451
-0.386796
0.013995
0.147629
-0.286924
0.314770
0.147239
-0.052772
0.147017
0.080295
0.179748
-0.318409
0.213142
-0.052650
0.113259
-0.019455
0.079965
0.112951
0.046682
-0.019455
0.013597
-0.184826
-0.185100
-0.019455
0.079965
0.046770
-0.019455
-0.019455
-0.118809
0.112995
-0.251359
0.046858
0.079932
0.179023
0.178630
0.408388
-0.216694
-0.250060
0.079441
-0.019455
-0.514914
-0.284707
-0.119106
-0.052694
0.212987
-0.351681
0.246414
-0.052650
0.013740
-0.085856
0.378291
-0.085636
-0.085680
0.079866
-0.019455
0.046704
0.112733
-0.085527
0.079637
-0.085505
-0.383513
0.046836
0.245270
0.277526
-0.250364
-0.383393
0.212295
0.013608
0.079669
-0.052486
0.277428
-0.250288
-0.449563
-0.285060
0.047012
-0.052683
0.179748
-0.019455
-0.052628
0.013718
-0.285148
0.544300
0.112733
0.178499
-0.019455
-0.019455
0.145208
0.079213
0.046269
-0.019455
-0.019455
0.602784
-0.248251
-0.215983
-0.446596
-0.184227
0.079441
-0.316436
0.013586
0.046595
-0.250822
0.244920
0.244223
0.407545
-0.249152
0.046226
0.439111
0.209042
-0.378757
0.045968
0.143917
-0.280979
-0.084943
-0.084986
0.340434
-0.412126
-0.150689
0.078986
0.177137
-0.084943
0.013294
0.046011
-0.281578
0.144452
0.176880
-0.052151
-0.281407
0.144345
0.045990
0.111307
-0.150217
-0.445615
-0.249681
-0.250212
-0.350034
-0.118842
0.410511
0.013543
-0.019455
-0.118481
0.310252
0.473076
0.046033
-0.084943
-0.052215
-0.216241
0.111778
0.046097
-0.052226
-0.019455
-0.117832
-0.381000
END
