y[]
0.321200
1.198893
-1.082420
-0.335400
-0.336480
-0.469974
-0.239450
0.158549
0.092071
-0.106703
-0.239604
-0.007316
0.423648
0.289959
0.025660
-0.106277
0.289274
-0.204944
-0.106277
0.124610
0.025639
0.223061
0.156915
0.091093
0.025466
0.025455
-0.007316
-0.171277
-0.368980
-0.040259
0.190183
-0.237768
0.190248
-0.535021
-0.007316
0.091841
0.058734
-0.338004
0.092006
-0.239219
-0.040489
-0.472897
0.590891
-0.040456
0.356622
0.025704
0.289372
0.354111
-0.138592
-0.237465
-0.205009
-0.007316
-0.007316
0.420528
0.025520
0.091126
0.025477
-0.040108
-0.105757
0.123918
0.058237
0.090932
-0.302350
0.025509
0.025498
0.091061
0.156431
-0.400759
0.091190
0.712112
0.382929
0.122428
-0.331991
-0.072378
0.122766
-0.202501
-0.235515
0.057937
-0.203202
-0.301867
-0.040097
0.189212
-0.105531
-0.269697
-0.369218
0.157348
-0.007316
-0.007316
0.058474
-0.171871
-0.040259
0.223061
0.386386
-0.368149
0.025541
-0.303417
-0.304297
-0.040368
0.190835
0.124567
-0.106211
0.289078
-0.073105
0.124220
-0.105951
0.157023
0.189535
-0.040097
-0.040108
-0.401664
0.354229
0.123832
0.025444
0.090900
0.025401
0.025391
0.058065
0.318949
-0.105083
0.155577
-0.007316
0.025231
-0.235366
0.057895
-0.072526
-0.007316
-0.137864
0.123233
-0.137864
0.090612
0.155684
-0.137694
-0.105211
-0.039969
0.057980
0.123147
-0.072526
0.057895
0.025274
0.025263
0.090356
0.122766
0.057662
-0.039799
-0.072314
0.057683
0.025168
0.057619
0.381412
-0.039652
-0.136766
0.089787
0.025031
-0.136766
0.025062
-0.007316
-0.039694
-0.007316
0.122134
-0.072020
0.089725
-0.071999
0.089693
-0.266216
-0.137017
-0.007316
-0.039767
0.154838
-0.137017
-0.234699
-0.007316
0.090198
0.090103
-0.072251
-0.007316
-0.072293
-0.267648
0.122935
-0.758585
-0.269955
-0.138895
-0.304003
-0.040335
-0.537118
-0.106967
0.191888
0.125266
0.025802
-0.007316
-0.338991
-0.107033
-0.775138
0.660689
-0.474450
-0.678459
0.529959
0.226837
-0.375517
0.160217
-0.040800
0.026168
-0.208388
-0.444365
-0.412448
-0.210499
-0.109062
-0.007316
0.500386
0.060183
-0.209950
-0.041128
0.431355
0.160893
0.127048
0.126867
0.193622
0.093002
-0.040744
-0.308672
-0.208726
0.127003
0.193824
-0.074317
0.126643
-0.040789
-0.040800
-0.040811
-0.141409
0.260691
0.126419
-0.274964
-0.848364
-0.007316
-0.041105
-0.074929
0.094087
-0.007316
-0.108718
0.262863
0.127501
0.060024
0.093609
-0.919330
-0.041254
-0.313282
-0.007316
-0.075436
-0.007316
0.298859
-0.381657
-0.007316
0.094916
-0.280167
-0.178227
-0.007316
0.163595
-0.280914
0.266282
0.163304
0.060851
0.502456
-0.687590
-0.314956
-0.041556
0.266282
-0.041475
-0.007316
-0.281007
0.879457
0.500729
-0.685284
1.142511
0.194230
-0.074452
-0.276314
0.093643
-0.040957
-0.175694
-0.311113
0.094053
0.195114
-0.175978
-0.243922
-0.414234
0.162435
0.026600
-0.075158
0.365250
0.094053
0.195114
0.026383
0.161006
-0.040957
-0.074633
-0.040991
0.831193
0.691639
-0.472742
0.723099
-0.040401
-0.073519
-0.471970
0.391091
0.422508
0.091613
-0.040281
0.124480
-0.139111
0.288981
-0.303612
-0.106277
0.190508
0.124350
0.124177
0.025530
-0.007316
-0.105886
0.353636
-0.204037
0.058301
-0.007316
0.287428
-0.269267
0.613703
0.090388
-0.105020
0.122935
0.641405
0.057326
-0.104293
0.089662
0.024989
0.154053
0.314642
-0.039465
-0.007316
0.024833
0.089070
-0.361185
0.089318
-0.200677
-0.071853
0.024958
0.314850
-0.007316
0.089132
0.024813
0.153172
-1.006518
-0.396800
0.284940
-0.202058
-0.397941
-0.596130
0.091061
0.025455
0.156377
0.090772
0.123318
0.057937
0.090484
0.025263
0.057810
-0.300714
0.057958
0.188252
-0.170262
-0.072569
0.318524
-0.104956
0.285320
-0.072272
-0.104829
-0.267817
-0.137821
0.123190
-0.170474
0.188443
0.285606
0.317149
0.089819
0.057388
0.218819
0.089443
0.024916
0.057117
-0.007316
0.185735
-0.103794
-0.297311
0.121675
-0.039548
0.121550
0.089225
-0.071666
-0.007316
-0.103919
-0.039537
0.474923
0.216936
-0.167444
-0.264055
-0.103763
-0.685066
0.251417
-0.039621
-0.007316
0.154105
0.024937
0.250333
0.024844
-0.039475
-0.394039
0.154001
0.153741
0.057034
0.121260
-0.071583
-0.071624
-0.168269
-0.007316
-0.136265
0.346895
-0.135974
-0.329689
-0.395540
-0.104608
-0.137186
0.317044
0.122134
0.154261
0.057242
0.024948
0.507486
0.120972
0.024730
0.056746
0.056705
0.248357
-0.039239
0.311460
-0.070990
0.690878
0.182258
-0.007316
0.213400
0.024175
-0.259523
-0.260160
-0.038966
-0.165719
-0.039027
0.024395
-0.197732
0.246492
-0.007316
0.056036
-0.229221
0.056136
-0.070767
0.024415
-0.166071
0.151440
0.024405
-0.134260
-0.102629
-0.007316
-0.166374
0.151743
0.119749
-0.070828
-0.039087
-0.039097
END
