y[]
-0.409918
0.008684
0.330528
-1.089642
-0.088546
0.430388
-0.185459
-0.804314
-0.350687
0.041941
-0.713566
0.042351
-0.585275
-0.123022
-0.056742
-0.990404
1.406690
-0.155756
0.108619
0.371949
-0.254097
-0.122529
-0.188721
-0.255242
0.241157
1.972244
-0.348033
0.592017
0.266707
-0.249266
-0.088147
-0.541704
-0.186038
0.430683
0.202786
1.164437
-0.503493
-0.248324
-0.377779
-0.023569
-0.670820
-0.969588
-0.023569
0.597247
0.236679
0.333169
0.138165
0.652871
-0.248541
-1.710825
-0.384166
1.054345
0.849799
-0.120234
0.811107
0.295615
0.548406
0.419050
0.134036
0.165229
0.227609
-0.149078
0.446284
0.070138
0.070050
-0.680745
-0.180678
0.227688
-0.117716
0.664795
0.069933
-0.429375
0.288737
-0.023569
-0.179599
1.032670
0.408131
-0.517092
0.130919
-0.054447
0.530791
-0.918222
-0.054562
0.100347
0.347260
-1.077842
0.038756
-0.179453
0.194602
-0.241739
0.101159
0.380724
0.007463
0.595054
0.222813
0.037932
-0.516636
0.346460
0.191651
-0.023569
-0.547049
-0.023569
-0.332783
0.100232
0.316095
0.099660
-0.177628
-0.239651
-0.147254
-0.054514
0.069239
0.130919
-0.239919
0.038293
0.007348
-0.085411
-1.237213
-0.054882
0.413932
-0.586422
0.912768
-0.085719
-0.241400
-0.117070
-0.304599
-0.242695
0.101705
-0.117509
0.382873
-0.304775
0.195216
-0.304951
0.070313
-0.462441
0.133393
0.819791
0.069701
0.286702
0.131206
-0.116405
-0.147484
-0.240791
0.626689
0.284598
0.191584
-0.146456
-0.054314
0.283463
-0.515272
0.130349
-0.177486
0.498786
-0.176919
0.007120
0.160368
-0.422526
0.711729
-0.054098
-0.145781
-0.513916
0.191254
0.098980
-0.360940
0.129923
0.190925
-0.054182
-0.668633
-0.146911
0.161388
-0.116004
0.099660
0.007215
0.007205
0.191584
-0.177202
0.252802
-0.638766
0.560959
0.466029
-0.176310
-0.329754
0.190859
-0.545122
0.344869
-0.453545
0.253057
0.282898
0.037612
0.312258
0.977198
1.176206
0.184920
0.303181
-0.053229
-0.201716
0.539479
0.124077
0.535503
1.027229
-0.343476
-0.315284
-0.082014
0.326592
0.209193
-0.227205
-0.666282
0.064318
-0.228757
0.123038
0.239782
-0.697959
0.358167
-0.082202
-0.023569
0.005753
-0.317168
0.152695
-0.288080
-0.200299
-0.023569
-0.230150
-0.200978
0.035603
0.065123
0.242036
-0.289173
0.653801
-0.376406
-0.053028
0.270636
0.416121
-0.111352
0.181140
0.617086
-0.081641
-0.314436
-1.195571
0.270722
-0.406316
0.300390
-0.229602
0.300009
-0.082323
0.093906
0.005778
0.181620
-0.170089
-0.376095
-0.023569
-0.229785
0.153214
0.534190
-0.082134
-0.375682
0.035203
-0.731119
1.035888
0.239551
0.005624
0.122268
0.151155
-0.256601
0.063882
0.267383
-0.023569
-0.343662
-0.052719
0.034723
-0.461589
0.034945
0.297646
0.354724
-0.110740
0.208720
-0.197734
0.237566
0.207980
-0.023569
0.063124
-0.081355
-0.313004
-0.575815
0.034706
0.180127
-0.139915
0.150901
-0.081691
0.642811
0.178364
-0.225501
-0.719022
0.266792
0.005421
-0.168601
-0.110689
-0.139848
-0.256533
-0.081895
-0.140323
1.022345
-0.168182
0.207712
0.178364
0.005246
0.177899
-0.426911
-0.225852
-0.139343
-0.139477
0.063375
-0.633769
-0.666846
0.122995
-0.111481
0.415221
0.093118
-0.491132
-0.640582
0.064810
0.622163
-0.257898
0.415349
0.034809
0.122225
-0.169362
-0.023569
0.500298
-0.110689
0.526918
-0.081372
-0.458163
0.005463
-0.023569
-0.226968
-0.227383
0.151155
-0.227442
-0.257077
-0.052796
-0.404298
-0.523643
-0.141597
-0.023569
-0.437770
-0.350221
0.273432
0.213398
-0.290196
-0.708197
0.095834
-0.412151
0.752092
-0.112761
-0.410993
-0.113188
-0.833776
1.204176
-0.053335
-0.112921
-0.321987
0.483214
0.065598
0.480211
0.094600
0.300676
-0.259279
0.798998
0.210213
0.209668
-0.052693
-0.052702
0.557491
-0.517253
-0.344315
-0.023569
0.122353
-0.227918
-0.199059
0.385430
0.296618
-0.402081
0.180424
0.034639
0.208922
0.237339
0.149992
0.236209
-0.023569
-0.167806
-0.428545
-0.052558
-0.255789
0.237642
-0.168601
-0.168812
0.556143
-0.836109
0.296432
0.295411
0.121086
-0.081405
-0.110387
0.005379
-0.197381
-0.110588
0.121422
-0.313760
-0.139881
0.295967
-0.284931
0.208787
0.063426
-0.168601
-0.547435
0.122225
-0.081861
-0.608366
-0.346671
-0.082427
-0.525267
0.507563
0.416896
0.181320
-0.052813
-0.023569
-0.257829
0.852094
0.295596
-0.226555
0.295226
0.207645
-0.168015
-0.139276
0.092139
-0.197180
0.178949
0.552802
0.406540
0.119391
-0.137920
0.119350
-0.080711
-0.223826
-0.023569
-0.109516
-0.224401
0.205921
0.576348
-0.194606
-0.252075
-0.309938
0.062428
-0.080892
0.005097
0.005089
-0.253058
0.748857
-0.109100
0.403357
-0.222574
-0.280015
-0.023569
-0.023569
-0.137756
-0.109295
0.461246
-0.365547
0.062036
-0.023569
-0.080630
-0.567281
-0.195883
-0.023569
END
