y[]
0.162503
0.004090
0.193653
-0.248755
-0.059192
0.035720
0.256675
0.287311
-0.027551
0.254979
0.254183
-0.215286
-0.152904
-0.247297
-1.197155
0.194777
0.067581
-0.313220
0.542974
0.571159
-0.090405
-0.090444
0.035342
-0.500216
-0.217244
-0.154213
-0.122653
-0.154495
-0.218269
-0.473980
0.100204
-0.155306
-0.059515
1.053541
-1.300643
0.419877
-0.155183
0.195699
0.258754
-0.537106
-0.155347
0.164081
0.131862
-0.891418
0.517235
-0.829737
-0.059773
-1.227111
-0.912078
-0.555431
-0.292540
-0.093908
0.237613
0.170862
-0.358458
-0.160221
0.568083
-0.159608
0.827717
-1.945599
-0.295020
0.606524
-0.360774
0.737208
-0.492359
1.360442
-0.290450
-0.027551
-0.027551
0.136842
-0.027551
0.070955
0.136410
0.593062
-0.451764
0.331516
0.557246
-0.254566
1.102405
0.164880
-0.091654
-0.123782
-0.123875
-0.188297
0.068928
-0.769610
-0.222040
0.522523
-1.752573
-0.093232
-0.126154
0.267967
-0.158785
0.234744
0.070633
0.819360
-0.124906
-0.483133
-0.649179
0.822127
-0.255601
0.037659
-0.060151
-0.158057
0.493453
0.781122
0.294096
0.132885
0.484123
-0.379045
-0.669814
-0.836224
0.619910
-0.610077
0.716187
0.614712
-0.283961
-0.897822
0.810623
-0.930492
-0.157211
0.328609
0.198438
0.519162
-0.027551
-1.221306
1.198271
0.452220
0.830278
-0.280956
-0.504424
0.544424
-0.535811
-0.123138
0.322489
-0.154697
0.574956
-0.090802
0.791609
0.379526
0.284462
0.128091
0.127849
-0.276307
-0.089837
-0.152239
0.252779
0.251996
0.065458
-0.182614
-0.182855
0.034599
-0.027551
0.313588
0.096211
0.219515
0.280426
-0.150628
-0.150780
-0.336288
0.312008
0.310859
-0.304346
0.034025
-0.335813
0.034177
-0.398494
-0.430965
0.962556
0.433209
-0.058202
0.094998
0.094848
0.003025
0.003016
-0.119280
-0.119364
0.643797
0.609104
0.123438
0.694040
0.569822
-0.266072
0.032133
0.270334
0.180442
0.829555
-0.529101
-0.264448
0.150174
-0.086758
-0.116427
-0.146175
-0.205751
0.712864
-0.116112
0.061010
0.296503
-0.056967
0.471350
0.147939
-0.144510
0.060181
-0.466983
-0.557432
-0.086600
-0.323322
-0.264799
-0.324905
0.329168
0.416565
-0.175371
-0.205223
0.592927
-1.182948
-0.415669
0.092031
0.151554
0.091674
0.180751
-0.325259
-0.356057
-0.838488
0.483805
-0.087575
0.690370
0.359182
-0.593281
0.597544
0.179949
0.327164
0.119876
0.090235
-0.174805
-0.737403
-0.414169
0.210544
-0.564065
0.091923
0.032133
0.061908
-0.236413
-0.356646
0.450776
0.002269
-0.385974
0.151821
-0.296730
0.062256
0.984664
-0.324199
-0.057264
0.771625
-0.027551
0.852995
-0.115257
-0.086065
-0.232619
0.382166
-0.437268
0.265275
0.118541
0.089169
-0.436669
-0.203401
-0.262500
-0.174675
0.090165
0.060645
0.295172
-0.174114
-0.086236
-0.971232
0.090897
0.326955
0.119790
0.060749
-0.145302
0.001900
0.442485
-0.144853
-0.086254
0.031152
-0.027551
-0.350843
-0.351892
0.208437
0.207882
-0.086357
-0.292608
-0.441263
-0.116427
0.002083
-0.383740
-0.624033
0.300955
-0.475781
-0.237415
0.032455
0.451205
-0.087270
-0.296730
0.151982
0.330551
-0.325881
0.270779
1.068594
0.031359
-0.440653
0.061115
-0.116217
0.414993
-0.115903
-0.322623
-0.175414
-0.383318
0.091179
0.031761
-0.027551
-0.116532
-0.176029
0.180257
0.209416
-0.383212
1.182439
0.382286
-0.115232
0.264420
-0.378019
0.060181
-0.027551
0.322610
0.176145
-0.027551
0.146716
0.059469
-0.027551
0.377542
-0.374673
-0.201565
0.088492
0.175201
0.001380
-0.404308
0.001481
-0.143729
0.059595
0.001481
-0.347365
-0.289980
-0.583840
-0.086288
-0.056932
0.177939
0.440560
0.380256
-0.114798
-0.260583
0.292729
0.725421
-0.171914
-0.201062
0.117062
0.232227
-0.229542
-0.056440
0.001338
-0.229951
0.290322
-0.114144
0.174382
-0.027551
-0.460765
0.319170
0.202930
-0.200362
0.375211
-0.027551
0.087227
-0.372280
0.173685
-0.171250
-0.027551
0.087425
0.087293
-0.084956
-0.401491
-0.258365
0.720654
0.601202
0.370516
0.029187
0.057495
-0.538916
-0.113033
-0.255862
0.200760
0.057931
0.171624
-0.141317
-0.112960
0.086312
0.228167
-0.112718
0.057616
0.085892
-0.055900
0.283843
0.113672
0.028882
0.141558
0.000606
-0.253030
-0.112237
-0.112309
0.057207
-0.140577
-0.197330
0.198757
0.113632
-0.168734
0.000702
-0.027551
0.198183
0.028803
0.085062
-0.111999
0.534091
0.028440
-0.111549
-0.083589
0.028487
0.028456
-0.111573
-0.027551
0.224303
-0.139408
0.168116
0.390452
-0.055363
-0.138879
-0.139003
0.195228
0.222484
0.027928
-0.583726
0.028206
0.111705
-0.111082
0.000300
0.055956
0.139255
-0.222185
0.194857
-0.083107
-0.361534
-0.167040
-0.447191
-0.561635
0.197674
0.141036
0.056636
-0.111738
-0.477749
-0.112189
0.479207
0.028597
0.084651
0.420002
0.084025
0.000324
0.000316
0.083839
END
