y[]
-0.362050
0.271423
-0.457876
0.271987
0.113040
-0.172357
-0.874925
-0.046144
-1.565038
-1.128301
-0.908608
0.382962
-0.513449
0.084515
1.077199
-0.047939
0.346885
0.050773
-1.137763
-0.381397
0.184521
1.176316
0.083727
-1.506280
0.782950
-0.280719
-0.582064
-1.294550
-0.525542
0.730651
0.523926
-0.083056
-0.083158
-0.015784
0.051659
0.990936
0.617140
0.216877
-0.081482
1.007718
0.411123
-0.638233
-0.113815
0.017938
0.969232
0.473964
0.277594
0.373867
-0.046683
0.147137
-0.629733
0.665608
0.372377
0.146514
0.210492
0.049994
0.082020
-0.046144
-0.078263
-0.335590
0.339378
0.017938
-0.335704
0.435743
-0.625565
0.114727
0.660820
-0.014109
0.017938
0.433739
-0.333781
0.305800
0.844914
-0.267550
-0.045615
0.145002
-0.045575
0.208353
-0.172478
-0.141020
-1.005416
0.722617
0.368424
-0.524242
0.719024
-0.555312
-1.689303
-0.928699
0.247258
1.673014
0.755475
0.049881
0.017938
0.145611
0.145448
0.272472
-0.077437
-0.045696
-0.460609
-0.559357
0.114385
0.114292
-0.626187
0.308307
-0.337073
0.017938
-0.208636
-1.188271
0.704327
0.148146
-0.177439
-1.724668
-0.380867
0.084515
0.084471
-0.181796
0.781427
0.742817
0.181953
-0.409063
1.130879
-0.014620
0.245617
-0.079576
-0.732841
-0.146024
1.386929
0.017938
-1.811581
-0.378495
-0.579674
0.117788
-0.683117
0.419142
0.583569
0.712270
0.182547
0.739016
0.083233
-0.604097
0.672604
0.083169
0.050537
0.797162
0.437496
-0.143223
0.339999
-0.530186
0.211736
0.436550
0.146390
0.274348
-0.014078
-0.046124
0.241974
-0.046021
0.528468
0.145164
-0.045655
0.525553
-0.616985
0.017938
-0.845653
0.050056
-0.303710
0.307467
-0.207179
0.691773
-0.238226
0.433872
-1.041292
-0.078915
-1.413447
0.181631
-0.211308
-0.376281
0.412156
0.704103
0.050495
-0.536985
-1.001976
0.972363
0.312296
0.636530
0.341982
-0.826772
0.959656
0.469406
0.371238
0.720816
0.081591
-0.300737
-0.205740
-0.014057
0.655898
-0.428207
-0.205883
-0.366925
-0.529832
-0.014378
0.758562
-0.432224
0.243272
0.786679
0.495417
-0.045595
-0.013844
0.049719
0.144962
-0.172660
-0.268641
-0.013955
-1.201590
1.173649
0.177402
-0.205384
-0.494391
-0.335817
0.211050
0.722843
0.017938
0.527493
0.777435
-0.392741
-0.108765
0.112980
0.017938
0.302523
0.427581
0.269194
-0.296232
0.269352
0.143408
-0.170327
0.206202
-0.170327
-0.076328
-1.279344
0.335903
-0.204532
0.335600
0.302973
-0.967292
0.844914
0.081269
-0.362653
0.208414
-0.236111
0.525392
0.428356
0.175344
-0.297123
0.301536
0.017938
0.237960
0.174800
0.237133
0.641575
0.514063
-0.167821
0.358232
-0.105672
0.141547
0.017938
0.079685
-0.105595
0.017938
0.141471
0.141318
-0.259883
0.326580
0.110345
0.079495
-0.105215
0.202610
-0.259199
-0.198145
0.048835
-0.508624
0.513602
0.234020
-0.105481
1.123260
-0.043150
-0.073763
0.718839
0.442181
-0.254583
0.381134
0.078342
-0.042467
0.168881
0.017938
-0.647924
-0.012434
-0.134061
0.352031
-0.529343
-0.104088
-0.379677
0.537578
-0.134618
-0.349148
-0.074045
0.232431
0.109723
0.262287
0.048439
0.139852
-0.043001
0.777012
0.350114
0.078215
0.017938
-0.012197
-0.738381
0.108998
-0.164267
-0.439032
0.322816
-0.225891
0.139926
-0.501544
0.079193
-0.627127
0.448443
-0.166338
-0.598777
0.388423
-0.321621
-0.291756
0.358548
-0.198680
-0.106055
0.110946
0.481689
0.325914
0.079419
0.140788
-0.289471
0.110259
0.417017
0.750542
-0.042908
-0.286848
-0.104237
0.079044
-0.471959
-0.721437
0.017938
-0.571303
-0.982383
0.143526
-0.044837
0.425270
0.330145
-1.647982
0.112980
0.112889
0.207571
-0.361690
0.207931
0.459858
0.206736
-0.044955
-0.423425
-0.679592
0.683867
0.867667
0.299584
0.111644
-0.608435
-0.929039
-0.586486
0.145489
1.095603
0.080969
-0.677607
-0.299826
0.113373
0.841248
0.615330
-0.201739
0.613084
-0.263532
-0.013386
0.829174
-0.044232
0.049027
-0.199894
-1.046902
0.175245
-0.107888
-0.139568
0.206914
-0.013534
0.520293
-0.452947
0.394822
-0.737258
0.396248
-1.057682
-1.101537
-0.078603
-1.115311
-0.275557
0.311432
0.537588
-0.566859
0.602735
-0.014462
-0.567049
-0.800264
-0.377190
0.806637
-0.375635
0.149301
-1.270272
-0.315063
0.051288
0.217804
0.978369
0.149690
0.182384
-0.146509
0.379364
-0.772320
0.050990
0.643866
0.313068
-0.014812
-0.375893
0.640788
0.181203
0.635926
-2.079125
0.842345
0.574677
0.376536
0.212996
0.309814
0.115041
0.147262
-0.565343
0.342403
0.050326
0.502513
0.564299
0.082020
-0.624738
-0.111095
0.050211
0.981336
1.161897
-0.171816
-0.077074
1.152165
-0.044739
0.111937
0.017938
-0.076062
-0.800449
0.112709
-0.013643
0.049518
0.270224
0.017938
-0.265929
0.238793
0.080950
0.645883
-0.610008
0.143843
1.299405
-0.293105
0.111352
-0.044329
2.052533
-0.195901
-0.135085
0.506787
0.231060
-0.714666
0.048570
-0.165999
0.079287
-0.535569
-0.105481
0.233820
0.048740
0.294733
-0.783793
0.234421
0.141433
-0.260141
0.079800
-0.074870
-0.013017
0.110774
0.079781
-0.384727
0.389685
0.203294
0.017938
0.048797
0.141280
0.663002
0.079156
-0.012667
0.262511
-0.471809
-0.197083
0.140863
-0.412965
-0.043772
-0.881154
-0.293978
-0.294954
0.174506
1.230828
0.172378
0.079647
-1.661729
-0.076210
0.706301
0.049115
0.546464
-0.854070
-0.578143
0.143724
0.769350
0.236040
-0.200165
0.204912
-0.732066
-0.548280
0.049478
-2.407971
0.565708
0.082184
0.498477
0.337019
-0.173389
-0.526151
0.082102
-0.625565
-0.727246
-1.126801
0.313553
-0.211910
1.421584
-0.632471
-1.626836
-0.514155
-0.483484
0.084939
-0.485673
0.655417
-0.115931
-0.924196
-0.388567
1.767646
-0.718591
-0.082920
-3.090767
0.640562
-3.455486
1.717094
0.298344
END
