y[]
-0.274931
0.237835
0.668195
1.936650
0.115012
0.496312
0.720484
-0.038245
-0.378960
0.566672
-0.491589
-0.379607
0.075672
0.264901
0.339399
0.750196
0.446740
-0.523230
-0.150499
-0.038245
-0.000813
0.447103
0.147802
-0.075426
1.181508
0.181939
-0.331931
-0.038245
0.108706
0.291607
0.034908
0.217370
0.180335
0.324996
0.142882
-0.582612
0.034509
0.034456
0.685871
-0.472085
0.575808
-1.088028
0.506122
-0.002059
-0.546044
1.010779
0.069650
0.069533
0.284394
0.069071
-0.468199
0.320179
-0.504446
0.678091
0.140040
0.494711
-0.286604
0.139218
-0.215707
-0.572529
0.531557
-0.038245
-0.536644
0.991411
-1.175024
-1.441398
0.611812
0.069688
-0.579079
-0.074404
0.358796
-0.038245
0.428962
0.105073
1.277798
-0.179687
-0.073637
-0.499484
-0.752024
0.104919
-0.253068
0.426623
-0.145330
-1.115454
-0.146607
-0.690894
-0.038245
0.107157
0.251926
-0.074470
-0.255873
-0.474927
-0.074721
-1.249491
-0.371147
0.589643
-1.858841
0.708864
-0.448463
1.555858
0.035285
0.145343
-0.405757
-0.259402
-1.375560
0.185887
-0.487011
0.894424
-1.459361
-0.189017
-0.681577
0.981594
0.673236
-0.712152
-0.038245
-0.339223
1.975997
-0.371147
-0.335091
0.554569
-0.334212
0.035829
0.146701
-0.966412
-0.787031
-1.782034
-0.960264
-0.774254
1.198247
-2.684313
0.825522
-1.733535
-0.316963
0.399393
0.870673
-0.235134
0.433640
1.634621
-0.038245
0.423650
-0.345937
0.767438
-0.229486
-0.229852
-0.345583
-0.153740
0.729219
0.114544
-0.497312
-0.460916
-0.038245
-0.501387
-1.401460
0.820800
-0.038245
0.504603
2.217634
-0.113888
-0.265517
-1.297563
0.421526
1.026404
-0.113916
0.188599
0.714204
-0.263385
0.074389
-0.640429
0.225657
0.074643
0.785730
-0.000952
0.259596
0.036077
-0.746542
0.148636
-0.000910
0.297139
-0.075454
-0.373753
-0.487347
-0.038245
-0.715703
1.088316
0.036410
0.297014
0.960839
-0.038245
-0.222509
0.109194
-0.001419
0.512519
-0.331608
0.071867
0.546980
-0.623469
0.035096
0.619412
0.107316
0.034456
-1.060898
0.729724
0.434226
-0.583601
0.216625
0.288494
-0.437737
-0.220361
0.143872
-0.147475
0.542941
-0.219503
0.179226
0.106473
-0.038245
0.789843
0.640693
0.459092
-0.286604
-0.109318
0.245746
-0.073699
-0.393485
0.032904
0.032854
-0.858945
-0.109929
-0.217681
0.391864
-0.038245
0.283127
0.388650
0.245343
-0.499484
0.493766
0.138465
-0.924933
0.636354
0.067856
0.314614
0.032178
0.348195
-0.319144
0.242654
0.031857
-0.354090
-0.390358
-0.073524
0.278824
0.487980
-0.283472
-0.565765
-0.391477
-0.463777
-1.110066
0.320307
-0.145675
-0.433147
-0.218263
0.033801
1.036264
0.281869
0.068233
-0.429217
0.636115
0.138465
-0.853707
0.423486
-0.357677
-1.218305
-1.123246
-0.585192
0.107901
0.144137
-0.293673
0.399233
0.252348
-0.401617
-0.293393
-0.770849
-0.038245
1.674937
0.070117
-0.110473
-0.400171
-0.219700
0.070668
-1.022756
1.308454
-0.146763
-0.328205
0.685086
-0.038245
-0.146411
0.966789
-0.145445
-0.145560
0.211979
0.211354
0.989222
0.243347
0.277600
-0.003212
0.346304
0.066376
-0.562446
0.171766
-0.143195
-0.073253
0.346170
0.101177
0.621365
0.134616
-0.245714
-0.176797
0.134916
0.203677
0.340739
-0.072638
1.599458
-0.445163
-0.242326
-0.174531
-0.243023
-0.483375
-0.416447
0.339958
-0.692404
-0.003708
0.237618
0.305516
-0.209977
0.099165
0.098977
-0.209801
-0.347789
0.374269
0.064618
-0.726005
0.443684
-0.072591
-1.178350
0.308617
-0.072877
0.411039
0.820130
-0.209331
-0.450050
0.030507
0.167729
-0.553976
-0.730050
0.239052
0.651651
0.339179
-0.004004
-1.001444
0.685024
-0.382006
-0.107139
-0.487218
-0.315541
0.860172
-0.279333
0.030697
1.330702
0.571720
0.366341
-0.274054
0.062885
0.096435
-0.442831
0.332688
0.297777
0.062342
0.229493
-0.339500
0.196144
0.595196
0.028201
-0.738131
0.362290
0.194662
0.094602
0.160694
0.160299
-0.336209
0.127401
-0.005149
-0.104448
0.588924
-0.169954
-0.898607
0.094602
-0.104646
0.227095
0.259424
-0.071275
-0.071286
-0.104360
0.060913
-0.402303
-0.071407
-0.038245
0.392006
0.324373
0.126148
0.355198
-0.727789
-0.236134
0.258443
0.683307
-0.103626
-0.201884
-0.267791
0.191301
-0.202152
0.027351
0.321762
-0.825392
-0.269001
-0.104273
0.849481
-0.202045
-0.005463
-0.432334
0.093291
-1.062201
0.127620
0.457706
0.192360
-0.202908
0.487726
0.027308
-0.596814
-0.401341
0.126963
-0.501515
0.028068
0.655400
-0.038245
0.191905
0.125824
-0.038245
-0.136654
0.256692
0.386246
0.092006
-0.331548
-0.463429
-0.235095
-0.235483
-0.137010
0.192056
-0.598470
0.258736
0.225000
0.224309
-0.498167
0.585424
0.092560
0.353145
-0.168538
-0.234003
0.059683
-0.136172
0.092304
0.092133
0.222003
-0.005761
0.383082
-0.167695
-0.038245
0.026501
-0.167778
-0.200398
-0.233176
0.091752
-0.363554
-0.921903
-1.029333
0.193889
-0.336802
-0.704914
0.062039
-0.272398
-1.048014
-0.343175
0.334321
0.669186
0.397194
-0.574439
0.364170
-0.138697
0.229404
-1.180730
-0.004455
0.265348
-0.815932
-0.412331
-0.106411
-0.379775
-0.140932
0.474139
-0.550628
0.201194
1.082881
0.568022
-0.239925
-0.409052
-0.648003
0.097579
0.638119
0.062816
1.465543
0.193659
0.259129
0.159514
-0.170040
0.323776
-0.103969
0.191603
0.615566
0.092006
0.578140
0.574364
-0.038245
-0.199094
0.058296
0.090331
-1.266444
-0.920171
0.256596
0.255729
-0.136140
0.059651
0.124701
-0.168580
-0.201403
0.774900
0.446487
0.058420
-0.231668
0.283921
-0.199198
0.636023
-1.229310
0.188183
0.413078
-0.263651
0.315738
-0.327774
0.058358
-0.846134
0.285695
0.734955
0.186150
0.249525
1.104625
0.213962
-0.574947
-0.387064
0.278914
-0.260150
0.025207
-0.260502
0.088820
0.088659
-0.006544
END
