y[]
0.059058
0.029516
-0.014757
0.014757
0.000000
0.059006
-0.014748
0.000000
-0.029503
0.029503
-0.029503
0.014753
-0.029507
0.029507
0.000000
0.000000
0.000000
-0.029507
0.000000
-0.029516
-0.014761
0.014761
0.044271
0.000000
-0.014755
0.029507
0.014750
0.014748
0.014746
0.014744
0.014742
-0.044231
-0.014748
-0.132832
0.044297
-0.118168
-0.103512
-0.074003
0.014805
0.014803
-0.118483
-0.044468
-0.059321
0.044494
0.044474
-0.014823
-0.014825
0.044468
-0.014820
0.029638
0.074058
0.044408
0.000000
-0.044408
0.044408
0.029595
0.073948
0.014783
0.073883
0.073828
-0.044290
0.029529
0.073784
0.029499
0.000000
-0.029499
0.000000
0.088469
-0.058971
-0.029499
-0.014753
0.014753
0.058988
-0.073741
0.014753
0.014750
0.044238
0.044218
-0.058962
0.000000
0.000000
0.000000
0.058962
-0.058962
0.044225
-0.014739
-0.044231
-0.029499
0.029499
0.044231
-0.058980
-0.014750
-0.029507
0.044258
0.000000
0.058980
-0.014742
-0.088496
-0.059041
0.059041
-0.014757
-0.014759
0.029516
-0.014757
0.014757
0.000000
0.014755
0.000000
0.000000
0.000000
0.000000
-0.014755
0.029507
0.000000
-0.014753
-0.014755
0.000000
-0.014757
-0.029520
0.014761
0.000000
-0.014761
0.029520
0.014757
0.014755
-0.014755
0.000000
0.000000
-0.014757
-0.014759
0.000000
-0.073828
0.029538
-0.073861
0.000000
0.059093
0.000000
-0.014770
0.014770
0.000000
-0.014770
-0.014772
0.000000
-0.014774
0.000000
-0.014777
0.014777
0.029546
-0.014772
0.000000
0.000000
-0.029551
0.014777
0.029546
0.014770
0.000000
0.029533
0.014763
0.014761
0.029516
0.044258
-0.044258
0.000000
0.014755
-0.014755
0.014755
-0.029512
0.014757
-0.044277
-0.029529
-0.014768
-0.029542
0.044310
0.000000
0.000000
-0.014768
0.000000
0.014768
-0.014768
0.000000
-0.029542
0.029542
0.000000
0.014768
-0.014768
-0.014770
0.014770
0.014768
0.014766
0.000000
0.014763
0.029520
-0.014759
-0.014761
-0.014763
0.014763
0.029520
0.000000
0.000000
0.029512
0.000000
-0.014755
0.000000
0.000000
0.014755
-0.014755
-0.014757
-0.044284
0.014763
0.000000
-0.014763
-0.044303
-0.073883
-0.029568
0.014785
0.044343
0.000000
0.000000
-0.014779
0.000000
0.000000
-0.044349
-0.044369
-0.059189
0.029599
0.014796
-0.014796
0.000000
-0.014798
0.044389
0.014792
-0.044382
0.000000
0.000000
0.000000
0.000000
0.000000
0.000000
-0.044402
-0.074047
-0.014816
-0.044461
0.029643
0.014818
0.029630
0.000000
-0.044448
0.000000
0.029634
0.029625
0.000000
0.000000
0.000000
0.014809
0.014807
0.014805
-0.014805
0.000000
0.014805
0.014803
0.029599
0.014796
-0.014796
0.000000
0.000000
0.014796
0.000000
-0.059198
-0.029612
-0.029621
0.059233
0.014803
0.118343
-0.014785
0.014785
0.000000
-0.014785
0.147754
0.088548
0.044245
-0.058997
0.029503
-0.029503
-0.162422
0.000000
-0.118291
0.000000
0.073948
-0.014785
0.103451
-0.044323
-0.118291
-0.162879
-0.044468
0.074102
-0.044454
-0.088968
-0.059356
0.029682
0.014838
0.029669
0.074134
0.029638
-0.059286
-0.044487
0.118589
-0.014816
0.059250
0.044415
0.044395
0.059163
-0.029577
-0.029586
-0.029595
-0.014801
0.059189
-0.014794
0.059163
0.059128
-0.014779
0.014779
0.000000
-0.073915
0.073915
-0.073915
-0.059172
0.029590
0.029581
0.014787
-0.014787
-0.044375
-0.044395
-0.029608
0.088797
-0.059189
0.059189
-0.014794
-0.029595
0.088757
-0.014787
-0.073970
-0.029603
0.044402
-0.074014
-0.074069
0.088876
-0.059242
-0.044454
-0.044474
-0.014829
-0.014831
0.014831
0.000000
-0.014831
0.000000
0.014831
-0.014831
-0.029669
-0.059365
0.029687
-0.014842
0.014842
-0.029687
-0.029696
-0.044560
0.029709
-0.014853
0.000000
0.000000
0.000000
0.059400
-0.029696
0.000000
0.000000
0.000000
0.000000
0.014849
-0.014849
-0.014851
0.000000
0.014851
0.000000
0.029696
-0.014847
0.029691
-0.029691
0.014847
0.014845
-0.014845
-0.014847
0.000000
-0.014849
0.000000
-0.014851
0.000000
0.029700
-0.029700
0.000000
0.014851
0.029696
0.029687
0.000000
0.044514
-0.029674
0.000000
0.014838
0.000000
0.000000
0.014836
0.000000
0.000000
0.000000
0.014833
-0.044507
0.014838
0.014836
-0.014836
0.000000
0.000000
0.014836
-0.014836
0.000000
-0.014838
0.014838
-0.014838
0.014838
0.000000
0.014836
-0.014836
0.000000
-0.014838
0.014838
0.000000
0.000000
0.000000
0.000000
0.000000
0.000000
0.014836
0.014833
-0.014833
0.029665
0.014829
0.044474
0.000000
-0.029647
0.000000
-0.029656
0.000000
0.000000
-0.059338
0.014838
-0.014838
-0.014840
-0.044534
0.000000
0.000000
-0.103989
-0.044600
0.044600
0.014862
-0.029727
-0.014867
0.014867
0.029727
-0.014862
-0.029731
-0.014869
-0.133919
-0.029784
0.000000
-0.029793
0.044686
0.000000
0.029780
-0.074466
-0.149098
0.000000
0.014920
-0.014920
0.014920
0.014918
0.029828
0.000000
0.014911
0.014909
0.014906
0.014904
0.000000
-0.014904
0.014904
0.014902
0.000000
0.000000
0.014900
0.000000
0.000000
0.000000
0.000000
0.089352
-0.029775
0.029775
-0.014886
0.014886
0.000000
0.000000
-0.044666
0.000000
0.029780
0.000000
-0.014889
-0.014891
-0.014893
0.014893
-0.029789
0.014895
0.074444
0.044640
0.029749
-0.059506
0.000000
0.000000
-0.074432
0.089312
0.074366
0.133720
-0.014849
0.103896
-0.074200
0.029687
0.074178
0.014829
-0.059330
0.000000
0.014836
0.074145
0.059277
-0.029634
-0.014820
0.074080
-0.103727
-0.014827
0.029652
0.059277
0.000000
0.014814
0.000000
-0.059268
-0.029647
-0.029656
0.014829
-0.014829
-0.029665
0.059321
-0.029656
-0.118712
0.029691
0.000000
0.044520
0.014836
0.029665
-0.014831
-0.044507
-0.044527
0.044527
-0.014840
0.029678
0.014836
0.014833
-0.133581
0.014851
0.000000
0.000000
0.029696
-0.014847
0.029691
-0.029691
-0.029700
0.029700
0.029691
0.014842
0.000000
0.014840
-0.014840
0.089008
-0.029660
0.044487
-0.014827
0.029652
0.014823
0.029638
-0.044461
-0.014825
0.044468
-0.014820
0.029638
0.029630
-0.014814
0.014814
-0.014814
0.029625
0.014809
0.000000
0.000000
0.000000
-0.014809
-0.014812
0.014812
-0.014812
0.000000
0.014812
0.000000
-0.014812
0.014812
0.000000
-0.014812
0.000000
0.000000
0.000000
0.000000
-0.014814
0.014814
-0.014814
0.014814
-0.029630
-0.014818
-0.014820
0.014820
0.000000
0.014818
0.014816
0.000000
0.000000
0.000000
0.000000
0.014814
-0.014814
0.000000
0.000000
0.014814
0.000000
-0.014814
0.000000
0.000000
0.000000
-0.014816
0.014816
-0.014816
0.014816
-0.014816
0.000000
0.000000
0.000000
0.000000
0.014816
-0.014816
0.000000
0.000000
0.000000
0.000000
0.000000
0.014816
0.000000
0.029625
0.059224
0.000000
-0.014803
-0.014805
0.014805
0.000000
0.000000
-0.014805
0.000000
0.000000
0.000000
0.014805
0.014803
-0.014803
0.000000
0.000000
0.000000
0.000000
0.014803
0.000000
0.000000
-0.014803
0.000000
0.014803
0.000000
0.000000
0.044395
0.000000
0.000000
-0.014796
0.014796
-0.014796
-0.029599
0.000000
0.014801
0.029595
0.000000
-0.014796
-0.014798
0.014798
0.073959
0.044349
0.000000
0.000000
0.000000
0.014779
-0.059128
-0.014787
0.029573
0.044343
0.044323
0.000000
-0.014772
0.029542
0.044297
-0.029529
0.000000
0.014766
0.014763
-0.014763
0.000000
-0.014766
-0.044310
0.029542
0.014768
0.000000
-0.014768
-0.044316
0.014774
0.014772
0.000000
0.000000
0.014770
0.000000
0.000000
END
