y[]
-0.013453
0.016788
0.001667
-0.013453
0.001667
-0.013455
0.001667
0.031911
0.031902
-0.043687
0.016788
0.031902
0.077213
0.031870
0.016765
0.016763
-0.013428
-0.013430
0.001667
0.001667
0.031861
0.016761
0.001667
-0.013426
0.016761
-0.028521
0.031856
-0.013426
-0.013428
-0.028530
-0.043646
-0.089022
-0.043708
0.001667
-0.028594
-0.074027
0.001667
0.001667
0.031952
-0.013474
0.077350
-0.013465
-0.028603
-0.058902
-0.043784
0.001667
-0.104466
0.032003
-0.059012
0.032012
-0.028677
-0.089421
0.077580
0.016843
0.047181
0.092632
-0.013488
-0.013490
-0.013492
-0.028659
0.016832
-0.043832
0.001667
0.001667
-0.028677
-0.028686
0.062365
0.001667
0.016836
0.031998
-0.043832
0.032003
0.001667
0.001667
0.062310
0.001667
-0.013490
-0.104498
0.016841
-0.028682
0.016843
-0.028686
-0.013513
-0.074268
-0.043922
-0.028737
-0.028746
-0.059188
0.001667
0.092936
-0.043956
0.032086
0.077673
-0.028728
0.032063
-0.059132
-0.089601
0.016885
0.001667
0.047305
0.123266
0.001667
0.032044
-0.074292
0.016864
0.077615
0.032030
-0.013513
0.123045
-0.013497
-0.043839
-0.013506
0.032012
-0.013504
0.168423
-0.332121
0.138352
0.016843
0.032012
0.138103
-0.013483
-0.013485
-0.104466
-0.210937
0.001667
0.123211
-0.226348
-0.120154
0.032137
-0.089768
-0.044082
0.108383
0.001667
0.093047
0.016889
0.016887
-0.028774
0.168981
0.001667
0.047250
-0.043915
-0.028732
-0.028742
0.123248
-0.104707
0.016871
-0.104805
0.062522
-0.135308
-0.059271
0.047375
0.047354
-0.028788
-0.013564
0.108237
0.138518
-0.043929
0.138394
0.123045
0.016829
0.016827
0.016825
0.077419
0.062228
-0.028608
0.031943
-0.104337
-0.074119
0.001667
0.107752
-0.058939
0.016822
-0.119637
0.016838
0.062329
-0.013494
0.077454
0.047112
-0.043777
-0.043797
-0.043818
-0.134914
0.062393
-0.074245
0.032039
0.016850
0.047201
-0.013508
-0.043873
-0.028705
0.001667
0.001667
0.016855
0.001667
0.032035
-0.013515
-0.043894
0.001667
-0.013524
-0.028723
0.032058
0.001667
0.016859
-0.013524
0.016859
-0.013524
0.001667
0.001667
-0.013527
0.016862
-0.028723
0.047250
0.001667
0.001667
0.032044
-0.028709
0.062412
-0.028700
0.032035
-0.043887
0.047222
0.016848
-0.013513
0.047201
0.047181
-0.013501
0.032003
0.031993
0.016827
-0.013492
0.031984
0.031975
-0.028640
0.016822
0.001667
0.016820
-0.043797
0.016825
0.016822
0.001667
-0.043804
0.001667
0.016827
-0.104498
0.077511
-0.043832
0.032003
0.047153
0.001667
-0.028654
-0.074176
0.001667
0.016841
0.032007
0.001667
0.016834
-0.013499
0.001667
0.016834
-0.028668
-0.013504
0.001667
0.001667
0.032007
-0.013501
0.001667
0.016836
0.001667
-0.013501
-0.013504
0.001667
0.001667
-0.043860
0.001667
-0.043880
-0.028709
-0.089518
-0.059169
0.032090
0.001667
-0.059188
0.001667
0.032100
0.032090
-0.013543
-0.028760
-0.074442
0.001667
0.032118
0.032109
-0.028774
0.047326
-0.013550
0.032100
0.077707
-0.013536
0.016871
-0.013536
0.047271
0.016864
0.016862
0.062421
-0.028705
-0.043908
-0.028728
-0.013534
0.016868
-0.028737
0.016871
-0.028742
-0.013541
-0.043970
0.016882
0.032090
0.032081
-0.059169
0.016880
0.077696
0.032063
-0.013529
0.077626
0.001667
-0.043901
-0.043922
0.001667
-0.074361
0.016878
0.214369
0.016843
0.062347
0.031993
0.077442
-0.028636
0.016820
0.137938
0.031925
0.047036
0.047015
-0.058801
-0.028581
-0.013460
0.047043
-0.043708
-0.028594
0.001667
0.016799
0.001667
-0.058874
0.062209
0.031925
0.062154
-0.104209
-0.043742
-0.058911
0.047105
0.016809
-0.165012
-0.013499
0.031998
-0.028663
0.107784
0.001667
0.107672
0.183128
0.137547
-0.028512
-0.104033
0.016774
-0.119252
0.092370
-0.013444
0.031888
0.031879
0.092247
-0.104017
0.062072
0.046947
-0.073810
-0.013435
-0.088994
0.016783
0.062109
0.016772
0.031870
-0.013433
0.077145
0.016756
0.061999
-0.058664
0.016754
-0.043599
0.001667
-0.028521
-0.013430
-0.013433
0.016767
-0.013433
0.077145
-0.028517
-0.058728
0.107336
-0.043605
0.031852
0.077088
0.046892
-0.028480
0.016742
0.031811
0.001667
-0.058628
-0.028494
0.031829
0.031820
0.092070
-0.058592
0.001667
-0.028476
0.077008
0.016729
-0.043523
0.001667
-0.043544
0.077008
-0.133987
-0.073776
-0.058728
0.092247
-0.134233
-0.028558
-0.073936
0.016793
0.031911
0.001667
-0.028576
0.016790
0.001667
0.016788
0.001667
0.001667
0.001667
0.001667
0.016786
-0.043694
0.016790
0.001667
-0.134521
0.047084
-0.013469
0.001667
0.016804
0.016802
0.016799
0.016797
-0.013462
-0.013465
0.016799
0.031925
0.001667
0.001667
0.001667
0.001667
0.016793
0.016790
-0.013455
0.122586
-0.013439
0.001667
-0.013442
0.001667
0.001667
0.062090
0.031865
-0.043633
0.016770
0.001667
0.001667
0.001667
-0.013435
0.001667
0.016770
0.016767
0.001667
-0.058746
0.001667
-0.028553
-0.013446
0.001667
0.001667
-0.013449
0.031897
0.001667
0.001667
0.001667
-0.013446
0.001667
0.001667
0.031893
0.001667
-0.013444
0.016779
-0.013444
0.031888
-0.043667
-0.013449
0.016783
0.001667
0.016781
0.001667
-0.013446
0.016781
-0.013446
-0.013449
0.031897
0.077202
-0.013435
-0.013437
-0.028549
-0.013444
0.001667
0.031888
-0.043667
0.001667
0.001667
0.001667
0.001667
0.001667
0.001667
0.016781
-0.089049
0.031915
-0.013455
-0.013458
0.016793
0.001667
0.031911
0.031902
-0.043687
-0.013455
-0.089118
-0.028613
0.001667
-0.210550
0.032012
-0.241346
0.047277
0.001667
0.032063
0.001667
-0.043929
0.047264
0.016862
-0.013527
-0.059132
-0.028746
0.001667
0.001667
0.032081
-0.043956
-0.013545
-0.074430
0.001667
-0.013559
0.016894
0.032113
0.001667
-0.089698
0.047361
-0.028793
-0.044040
0.093061
-0.028788
0.016896
0.077777
-0.028769
0.001667
0.153759
-0.074349
0.047284
0.032067
0.047250
-0.059114
0.032063
-0.043929
0.016868
0.062448
-0.013524
-0.013527
-0.043929
0.062458
0.092784
-0.074257
-0.013524
0.032049
0.001667
-0.028714
-0.089532
0.047277
0.032063
0.047243
0.016855
-0.043901
0.001667
-0.028723
0.062439
0.016855
0.092742
0.016838
-0.104578
0.123082
0.183513
0.047077
0.001667
-0.074027
0.092494
-0.255889
-0.028677
0.016841
-0.013506
0.198742
0.092494
-0.104305
0.031957
-0.074073
0.016820
0.183321
0.213180
0.046933
-0.073787
-0.088953
0.001667
0.001667
0.001667
-0.013444
-0.028562
-0.149619
0.031943
-0.058893
-0.058929
0.077408
0.001667
0.016809
0.031943
0.016802
-0.058884
-0.028622
0.092508
0.062182
-0.058847
-0.013467
0.016802
-0.074027
-0.013478
0.001667
-0.028631
-0.043797
0.016825
-0.013490
-0.104498
0.016841
0.016838
-0.059031
-0.104643
-0.119969
0.016880
-0.013545
-0.120117
0.123452
0.001667
0.032090
0.001667
0.001667
-0.120080
-0.104983
0.032151
-0.135580
-0.074663
-0.488229
-0.013681
-0.059748
0.063083
0.063045
-0.059710
0.001667
-0.013683
-0.059758
0.001667
0.017027
-0.013692
0.001667
0.185830
-0.075026
-0.044377
0.047711
-0.013678
-0.105818
0.032389
0.093777
0.017011
0.063017
0.016999
-0.013664
0.032328
0.047641
-0.013655
0.016990
0.047620
0.016980
-0.090244
0.032314
-0.028979
-0.044320
-0.059682
0.001667
-0.059720
0.017018
0.017015
0.017013
0.078360
-0.059682
0.001667
0.001667
0.032347
0.047669
0.078290
0.062923
0.016976
0.001667
0.062876
0.001667
-0.090160
-0.028960
0.016983
-0.013648
0.154713
0.001667
-0.074826
0.001667
-0.028946
0.016976
END
