y[]
-0.002495
-0.015156
-0.015157
0.010167
-0.015157
-0.027824
-0.040501
0.048176
-0.027828
0.010172
0.010170
-0.002495
0.010169
-0.027824
0.010170
-0.015161
-0.027831
-0.002495
-0.015165
0.010175
0.010174
0.022837
-0.027828
-0.002495
0.022837
0.022831
-0.015157
-0.015159
0.022831
0.010166
0.010164
-0.002495
-0.027815
0.010166
-0.027818
-0.015159
-0.053167
-0.015167
0.010177
0.010175
-0.027837
0.035516
-0.027834
0.022844
0.048163
-0.015157
-0.002495
0.010167
-0.027821
-0.002495
-0.040496
0.010174
-0.002495
-0.002495
-0.002495
-0.040506
0.010177
-0.002495
-0.027840
0.048189
-0.040506
-0.015169
0.022850
-0.002495
-0.078550
0.010185
-0.040540
0.010188
0.022866
0.098886
-0.015162
0.098796
0.123975
0.022780
0.010140
0.035400
0.048010
-0.040372
-0.027754
-0.027760
0.035400
-0.078301
0.073310
-0.015125
-0.103595
-0.015140
-0.002495
-0.002495
0.161760
0.085839
0.060553
0.073110
-0.040290
0.198915
0.060362
-0.103086
-0.027659
0.072977
0.010078
0.098033
-0.052746
0.035196
-0.015057
-0.015059
-0.002495
-0.015060
0.022634
0.047744
-0.015052
0.097919
-0.027589
0.010053
0.060220
-0.015035
-0.015037
-0.027583
0.010050
0.010048
-0.002495
0.010046
-0.015037
0.010046
0.022583
-0.040115
-0.002495
-0.052677
0.035144
-0.040134
0.060228
-0.040124
-0.015041
-0.002495
-0.065250
-0.002495
0.035163
0.010054
-0.052702
-0.015051
0.035167
-0.002495
-0.015048
-0.002495
-0.015049
-0.002495
0.010059
0.010057
-0.015048
0.010057
-0.002495
-0.002495
-0.002495
-0.002495
-0.027602
0.010059
-0.002495
0.010057
0.010056
-0.027599
-0.015049
0.010059
-0.027605
-0.002495
0.010061
-0.002495
-0.002495
-0.002495
-0.002495
-0.015051
0.010061
0.010059
-0.002495
-0.002495
-0.027605
-0.015052
-0.002495
0.010062
-0.015052
-0.015054
0.010064
-0.002495
-0.002495
-0.015054
-0.015056
0.010065
-0.027618
-0.015059
0.010068
-0.027624
-0.015062
0.010072
0.010070
0.022631
-0.002495
-0.002495
0.010065
-0.002495
-0.002495
-0.015056
-0.002495
0.010065
0.010064
-0.002495
-0.002495
-0.015054
-0.015056
0.010065
-0.015056
0.022624
-0.015054
0.010064
-0.015054
-0.002495
-0.002495
0.010064
-0.002495
-0.015054
-0.002495
-0.015056
-0.015057
0.010067
-0.002495
-0.002495
0.010065
-0.002495
-0.027618
0.010067
-0.002495
-0.002495
-0.002495
-0.015057
-0.002495
0.010067
0.010065
-0.002495
-0.015056
-0.002495
-0.027621
-0.002495
-0.027627
0.022637
0.010068
-0.015059
-0.015060
0.010070
0.010068
-0.002495
-0.015059
0.035191
0.010064
0.010062
0.010061
-0.002495
-0.002495
0.010059
-0.015049
-0.027608
0.035172
-0.015049
-0.027608
-0.002495
0.010062
0.010061
0.010059
0.022608
-0.015046
-0.002495
-0.015048
0.010057
0.010056
-0.015046
-0.027602
0.022612
-0.015048
-0.002495
-0.015049
-0.002495
0.035163
-0.002495
-0.027599
0.010057
0.022605
-0.015045
-0.002495
0.010054
-0.052702
0.035163
-0.002495
0.010054
-0.027596
0.010056
-0.002495
-0.015046
-0.015048
-0.015049
0.035163
-0.077825
0.060283
-0.015048
0.010057
-0.040158
-0.002495
-0.027611
-0.040181
0.010068
0.035186
0.072825
-0.027596
0.060244
-0.015040
-0.052690
0.010056
0.010054
-0.027596
0.060244
0.035130
-0.002495
0.060181
-0.027561
0.060158
-0.065148
0.035101
-0.015026
-0.040096
-0.002495
0.022574
0.010037
-0.052633
-0.065203
0.022593
-0.002495
-0.040129
0.035139
0.010046
-0.040124
0.035134
-0.040124
0.035134
-0.102872
0.035158
-0.015045
-0.002495
0.010054
-0.015045
-0.002495
-0.015046
-0.027602
-0.077853
0.010068
0.010067
0.047737
-0.027608
-0.015054
-0.015056
-0.002495
-0.040186
0.010070
0.010068
-0.052759
-0.002495
0.010073
0.085439
0.010061
0.060260
-0.052696
-0.115539
0.373822
-0.077645
0.097693
0.097592
-0.065038
-0.102645
-0.040077
0.035087
0.122677
0.010013
0.134996
-0.002495
-0.039974
-0.140038
0.035035
-0.202821
-0.002495
-0.090264
0.022590
-0.002495
0.060189
-0.052639
-0.002495
-0.015035
0.010045
0.010043
-0.002495
0.035111
-0.002495
-0.002495
0.035097
-0.002495
-0.040087
-0.027564
-0.015032
0.010042
-0.027570
0.010043
-0.002495
-0.002495
-0.002495
-0.002495
-0.002495
-0.002495
-0.002495
-0.015034
0.010043
0.010042
-0.027570
0.010043
-0.015034
-0.002495
-0.002495
0.010043
-0.002495
-0.002495
-0.040115
0.010046
0.022583
-0.015034
0.010043
-0.027573
0.010045
-0.015035
0.010045
-0.002495
0.010043
-0.002495
0.022577
-0.015030
-0.015032
-0.002495
-0.027573
0.010045
-0.015035
-0.002495
-0.002495
0.010045
0.010043
-0.002495
-0.002495
-0.002495
-0.002495
-0.002495
0.010042
-0.015032
-0.002495
0.010042
-0.015032
0.010042
-0.002495
0.010040
-0.002495
0.010039
-0.002495
-0.002495
-0.015029
-0.002495
0.010039
-0.002495
-0.015029
0.010039
-0.002495
-0.015029
0.010039
-0.015029
-0.002495
0.022571
-0.015027
0.010037
-0.002495
-0.002495
-0.015027
-0.002495
-0.015029
0.010039
-0.015029
0.010039
-0.015029
-0.015030
0.010040
-0.002495
-0.015030
0.010040
-0.015030
-0.027570
0.010043
-0.015034
0.022580
-0.027570
-0.002495
-0.002495
-0.002495
0.010043
0.022577
-0.002495
0.010039
-0.002495
-0.002495
0.072674
0.022549
-0.002495
0.022542
0.010021
-0.027530
0.060079
-0.015007
-0.015008
0.010018
0.060048
-0.002495
-0.040016
0.022521
-0.040021
0.060040
0.047505
-0.002495
0.034988
-0.002495
0.022486
-0.064960
0.047480
-0.002495
-0.002495
0.009995
-0.039969
0.022489
0.022483
-0.052458
0.034979
-0.027476
0.034974
-0.002495
-0.039965
0.034974
-0.014983
-0.014985
0.009995
-0.002495
-0.027476
-0.027483
-0.039988
-0.002495
-0.002495
0.022502
-0.039993
0.010006
-0.065015
0.010012
0.022514
0.010007
-0.002495
0.022505
-0.002495
0.034993
-0.027486
-0.052495
-0.014999
-0.077551
0.047549
0.010012
0.072514
-0.002495
0.034988
0.022486
-0.014985
-0.002495
-0.114974
0.084999
0.059954
0.022474
0.047424
-0.027451
-0.064913
-0.014983
0.022480
-0.014982
0.022477
-0.014980
0.034956
-0.089902
0.022486
-0.077458
0.022499
0.034984
-0.002495
-0.014987
0.022486
0.009993
-0.027473
0.059939
-0.027464
0.022474
-0.064929
0.034970
0.009990
-0.002495
-0.002495
-0.027467
-0.027473
-0.002495
0.034970
-0.014982
-0.027473
-0.039974
0.072449
-0.014982
0.047442
-0.014977
-0.089913
0.009998
0.047461
-0.014982
0.009992
-0.039960
-0.014987
0.034974
0.022477
-0.002495
0.034951
-0.014976
0.022464
0.009982
-0.002495
-0.014973
0.034932
-0.014969
0.059861
-0.039904
0.009976
0.047374
-0.014960
0.009970
-0.002495
0.009968
0.009967
-0.027420
-0.002495
0.022430
-0.039885
0.059814
0.022418
0.009959
-0.002495
-0.014949
0.022411
0.009956
0.047293
-0.027386
-0.027392
0.022402
-0.014943
-0.002495
-0.002495
-0.014945
-0.014946
-0.014948
-0.002495
-0.014949
-0.002495
-0.002495
0.022411
-0.002495
-0.002495
-0.014948
0.009957
-0.014948
0.009957
0.009956
0.009954
-0.002495
0.009953
0.022396
0.022390
0.072122
-0.039797
0.047238
-0.039792
-0.039806
-0.027377
-0.002495
0.009947
-0.014937
0.022387
0.009943
-0.002495
0.034811
-0.014929
0.009939
-0.027365
0.009940
0.009939
-0.014929
0.022371
-0.002495
-0.002495
0.009936
-0.014926
0.022365
0.047207
0.009926
-0.014917
-0.014918
0.034770
-0.002495
0.009923
0.022337
-0.014911
0.022334
-0.002495
-0.027324
-0.014912
-0.027334
0.022343
-0.002495
-0.014914
-0.002495
-0.014915
-0.002495
-0.039765
-0.002495
-0.002495
-0.027349
-0.014924
0.022362
0.022356
-0.027346
-0.002495
-0.002495
-0.014923
0.009933
-0.027352
0.009934
-0.002495
END
