y[]
0.027988
-0.048108
0.043209
0.012766
-0.002449
0.058387
0.043154
0.012747
-0.048045
-0.017653
-0.002449
0.058350
0.027937
-0.017641
0.012743
-0.017641
-0.017643
-0.063249
0.012754
-0.002449
-0.032858
0.012756
0.179838
-0.063175
-0.017636
0.073464
0.012726
-0.017625
-0.002449
-0.002449
-0.123938
-0.017646
-0.002449
-0.032849
-0.048066
0.012759
0.043161
-0.048059
-0.017657
-0.032872
-0.017664
-0.002449
0.027978
-0.048094
0.104023
0.058341
-0.078443
0.012754
-0.017653
-0.048073
0.012761
0.043168
-0.017653
-0.032863
-0.017660
0.058378
0.012752
0.012749
0.012747
-0.032844
-0.017650
-0.017653
-0.002449
-0.002449
-0.017655
0.043161
0.012749
-0.048052
0.088736
-0.048032
0.255576
-0.108614
0.058230
0.149089
-0.078190
-0.123753
0.027891
-0.108679
-0.078397
-0.063249
-0.048073
0.103974
-0.154517
0.012768
0.073602
0.149480
-0.032817
-0.093607
0.058332
0.027927
-0.017636
0.058286
0.012729
0.043071
0.043050
-0.002449
0.043029
-0.017607
0.149020
0.058074
0.103379
0.118360
-0.002449
-0.032638
0.163476
0.087939
-0.077767
0.072869
-0.002449
0.042714
0.057737
0.042667
0.042647
-0.047545
-0.002449
-0.077654
-0.047599
0.057746
0.012594
-0.002449
-0.017493
0.012594
-0.032538
-0.017497
0.027644
-0.002449
0.012594
-0.077688
0.072790
-0.017493
-0.002449
-0.017495
0.042680
0.072722
-0.002449
-0.047545
0.012585
-0.002449
0.012583
-0.032515
-0.017486
0.027621
-0.032520
0.012587
0.012585
-0.047559
-0.017490
0.042667
0.027617
0.012580
-0.017479
-0.002449
0.012580
-0.002449
-0.017479
-0.017481
0.027612
-0.017479
0.012580
0.042626
0.027590
0.042592
-0.002449
0.027567
-0.047477
0.012562
-0.017461
-0.017463
-0.002449
-0.017465
0.012567
0.027576
-0.062509
-0.002449
0.012569
-0.017468
-0.002449
0.012569
0.042592
0.012560
0.042565
-0.017452
0.012553
-0.002449
-0.017452
0.027554
0.012549
-0.002449
-0.017447
0.042538
-0.017443
-0.047444
-0.002449
0.012551
-0.137534
0.042599
-0.002449
0.012562
-0.047491
-0.002449
-0.062536
0.042619
-0.017470
0.057620
0.012562
-0.047491
-0.017468
-0.002449
-0.002449
-0.017470
0.012571
0.012569
-0.032488
0.027590
0.057602
-0.017459
0.012560
-0.077519
0.057611
-0.017461
0.057584
-0.002449
-0.017454
-0.047477
-0.062518
-0.002449
-0.017472
-0.002449
0.042613
-0.017468
-0.017470
-0.002449
0.012571
0.012569
0.012567
-0.017465
-0.062536
-0.017477
0.057647
0.027585
-0.002449
-0.002449
-0.047504
0.042606
-0.032484
0.027585
-0.032484
-0.002449
0.072620
0.027563
0.057548
-0.017445
-0.047450
-0.047471
0.027567
-0.002449
-0.032466
-0.002449
0.057575
-0.077485
-0.092566
0.012576
-0.002449
-0.002449
0.042613
0.012567
-0.002449
0.012565
0.072586
-0.002449
-0.077485
-0.017463
-0.122642
0.072688
-0.047525
-0.062582
0.057683
0.027603
-0.017474
-0.062573
-0.017486
-0.047572
0.042674
0.027621
0.072688
-0.002449
0.012571
0.027585
-0.032484
0.027585
0.027576
-0.047491
-0.032488
0.027590
-0.002449
0.012567
-0.032484
-0.047518
-0.032506
0.027608
0.012576
-0.032502
0.012578
-0.002449
0.042619
-0.002449
-0.017470
0.012571
0.012569
-0.032488
-0.002449
0.012571
-0.062545
0.012578
-0.002449
0.042619
0.012569
-0.017468
-0.002449
0.057611
0.042572
0.027554
0.072519
0.102412
-0.062356
-0.002449
0.012531
-0.077372
0.057494
-0.062392
0.027527
0.012535
0.072440
-0.077339
0.027513
0.057449
0.087331
-0.047329
-0.062321
0.027491
0.027482
-0.047349
0.027486
-0.017416
-0.017418
-0.002449
-0.002449
-0.017420
-0.002449
-0.002449
-0.017423
0.027495
0.027486
-0.047356
-0.017423
-0.002449
-0.002449
-0.017425
0.027500
-0.017423
-0.017425
-0.017427
-0.032412
-0.002449
0.027513
-0.017429
0.012531
-0.002449
-0.017429
-0.002449
-0.047403
-0.017438
-0.002449
-0.047430
-0.017447
-0.017450
0.012551
0.012549
0.012547
-0.017445
-0.017447
0.012549
-0.017447
0.012549
0.012547
0.027536
0.027527
-0.002449
-0.002449
0.012535
-0.017434
0.012535
-0.002449
-0.002449
0.012533
-0.032416
-0.002449
-0.017436
-0.002449
-0.002449
-0.017438
-0.002449
0.027527
0.012535
-0.002449
0.012533
-0.002449
-0.032416
-0.002449
-0.047417
0.012542
-0.002449
0.012540
-0.017438
-0.017441
-0.002449
0.012542
-0.002449
-0.002449
0.012540
-0.002449
0.027522
-0.032421
-0.002449
0.012538
-0.002449
0.012535
-0.002449
-0.002449
-0.002449
0.012533
-0.002449
0.012531
-0.017429
-0.017432
-0.002449
0.012533
-0.017432
-0.077395
0.057512
-0.017436
-0.002449
-0.002449
0.012538
0.012535
-0.032421
-0.032430
-0.017443
0.012544
0.072485
-0.002449
0.027509
-0.047390
-0.017434
-0.017436
-0.062419
-0.002449
0.027540
0.057503
-0.017434
0.012535
-0.002449
0.042491
-0.047390
-0.002449
-0.017434
0.012535
0.042491
-0.032407
-0.032416
0.012535
0.027513
-0.002449
-0.032412
0.012533
-0.017432
0.012533
0.102365
-0.017416
0.012517
0.027477
0.012511
-0.002449
-0.002449
0.057368
-0.017400
-0.047316
-0.017409
-0.002449
0.057377
-0.062276
-0.077283
-0.002449
0.027491
-0.002449
0.057404
0.012508
-0.017407
-0.017409
0.042424
-0.062285
-0.002449
-0.002449
-0.002449
0.012513
-0.017411
-0.077294
-0.047383
-0.017432
0.027513
0.012529
0.027500
-0.047376
-0.092364
0.012542
0.057494
0.102365
-0.062330
-0.077350
0.087425
0.027491
-0.047363
-0.002449
-0.077350
0.087425
0.042458
-0.047356
-0.002449
0.057422
0.057386
-0.062285
-0.032380
-0.017418
-0.002449
0.027486
-0.047356
0.012522
-0.062347
-0.002449
-0.017429
-0.032416
-0.047417
-0.002449
0.027531
-0.017438
-0.002449
-0.032434
0.027536
-0.017441
-0.002449
0.087465
-0.047396
-0.002449
0.027518
-0.092377
0.012544
0.042518
0.057476
-0.017427
-0.002449
0.012529
-0.017427
0.087385
-0.047356
-0.017423
-0.002449
-0.077350
0.027518
0.012531
0.012529
-0.062374
0.042498
-0.002449
0.042478
-0.032398
-0.017427
0.012529
0.012526
0.012524
-0.002449
-0.002449
0.057422
0.042431
0.117132
0.012488
-0.077160
-0.122102
-0.002449
-0.002449
-0.002449
0.012515
-0.002449
-0.017414
0.012515
-0.017414
0.027477
-0.047343
-0.017418
-0.002449
0.012520
0.087317
-0.017405
-0.002449
-0.017407
-0.002449
-0.032371
0.012513
0.012511
-0.002449
-0.002449
-0.002449
-0.002449
-0.017409
0.012511
-0.002449
0.027464
-0.017405
-0.002449
0.012506
-0.002449
-0.032363
-0.017409
0.012511
-0.002449
0.027464
-0.017405
-0.002449
-0.002449
0.012506
-0.017405
0.012506
-0.002449
-0.002449
0.012504
-0.002449
-0.002449
0.027451
-0.017398
-0.017400
0.012502
0.012500
0.027442
0.027433
-0.002449
0.057288
-0.002449
-0.032313
-0.002449
0.012484
-0.032318
-0.002449
-0.002449
0.027419
-0.002449
-0.002449
-0.002449
-0.002449
-0.017382
-0.002449
0.012484
-0.017382
-0.002449
-0.032322
0.012488
-0.017387
0.027424
-0.017385
0.012486
0.012484
-0.002449
-0.002449
-0.002449
0.012482
-0.002449
-0.002449
-0.032313
-0.017385
0.027419
-0.002449
-0.017382
-0.002449
-0.017385
0.012486
0.012484
-0.002449
-0.017382
-0.017385
-0.017387
-0.002449
-0.032331
0.012493
-0.017391
-0.002449
-0.017394
0.042377
0.057288
0.012479
-0.002449
-0.017378
-0.017380
0.057261
-0.002449
-0.017374
-0.002449
-0.032304
-0.002449
-0.017380
-0.002449
-0.002449
-0.017382
-0.002449
0.012484
-0.002449
0.012482
-0.032313
-0.017385
0.012486
-0.017385
0.012486
-0.017385
-0.002449
-0.047269
0.012493
-0.062231
-0.017400
0.012502
-0.032354
-0.002449
0.027455
-0.002449
-0.002449
-0.002449
0.012500
0.012497
0.012495
-0.062240
0.027451
0.012497
-0.017396
END
