y[]
-0.011373
0.036934
0.024850
0.012775
0.000705
-0.011366
0.000705
-0.035516
0.024853
0.012777
-0.011368
-0.023444
0.000705
0.000705
-0.023450
0.000705
0.000705
-0.023456
0.012786
0.000705
0.061087
0.012777
0.061044
-0.035495
-0.023435
0.024845
-0.011365
-0.107985
0.024868
0.024862
0.012781
0.024853
-0.011369
0.024850
0.000705
0.000705
0.000705
-0.011368
-0.023444
0.000705
-0.023450
0.000705
0.024859
-0.023450
0.012783
0.000705
-0.023453
0.000705
0.000705
0.012784
0.012783
0.000705
0.000705
0.000705
0.012781
-0.035530
0.024862
-0.011373
-0.011375
0.024862
-0.023453
0.024862
-0.023453
-0.011376
-0.011378
0.000705
-0.023465
0.000705
-0.059744
-0.023485
0.049078
0.024883
0.000705
-0.011384
0.012793
-0.108142
0.037000
0.036987
-0.011388
0.012797
-0.035578
0.000705
-0.023491
0.036996
-0.023488
0.073265
-0.035569
-0.059781
0.000705
0.037000
0.036987
-0.096077
0.085394
0.000705
0.024888
0.012794
-0.023476
0.000705
0.024885
-0.011385
-0.023479
0.036978
-0.023476
0.000705
-0.023482
-0.023488
0.036991
-0.011390
0.036982
0.000705
-0.011387
0.000705
0.012796
0.012794
-0.011385
0.012794
0.012793
0.000705
-0.011384
0.024880
-0.011382
0.012791
-0.023470
0.024880
0.000705
0.000705
0.036956
-0.023462
0.000705
0.000705
0.036952
0.012784
-0.035538
0.012787
-0.011378
-0.047640
0.036965
-0.011381
0.012790
0.012788
-0.011379
0.000705
0.012788
0.000705
0.000705
-0.023465
0.024874
0.024868
-0.011376
0.024865
0.000705
0.012783
0.036930
0.000705
0.012777
-0.023441
0.061058
0.036899
0.012767
0.024824
0.085078
-0.035447
0.000705
0.000705
-0.011349
0.012758
-0.023403
-0.011352
0.000705
-0.023412
0.000705
0.012764
-0.011355
0.012764
-0.023415
0.000705
0.000705
0.000705
0.000705
0.012765
-0.011356
0.000705
-0.011357
0.000705
0.000705
0.000705
0.012767
-0.035486
0.012769
-0.011360
0.024833
-0.011359
0.012768
0.000705
-0.011359
0.000705
0.000705
0.024830
0.024824
0.024818
-0.011352
0.012761
-0.011352
0.000705
0.024815
0.000705
0.000705
-0.011350
0.012759
-0.011350
0.012759
0.024810
0.000705
0.000705
0.000705
-0.011347
0.000705
-0.035460
-0.035473
-0.023421
0.000705
0.024830
-0.011357
0.012767
0.000705
0.012765
-0.011356
0.000705
0.000705
-0.011357
0.000705
0.000705
0.000705
0.012767
-0.011357
0.000705
0.012767
0.000705
0.000705
0.000705
-0.011357
-0.011359
0.012768
-0.011359
0.012768
0.000705
0.012767
0.000705
0.000705
0.000705
0.000705
-0.011357
-0.035490
-0.023433
0.000705
0.012774
-0.011365
-0.011366
0.012775
-0.023438
0.012777
-0.035516
-0.011372
0.024856
-0.035525
0.012783
-0.023453
0.000705
-0.035543
-0.011381
0.024874
0.000705
-0.011379
0.061109
-0.011373
0.061080
-0.011368
0.012777
0.036912
-0.023433
0.000705
0.000705
0.000705
0.024842
0.012771
-0.023430
0.000705
0.000705
-0.011365
-0.023438
-0.011369
-0.035525
-0.011375
0.012784
0.000705
-0.011375
0.024862
0.000705
0.012781
0.000705
0.000705
0.000705
0.000705
0.012780
0.000705
-0.011371
0.012780
-0.011371
-0.011372
-0.011373
0.012783
0.024856
0.012778
-0.011369
0.024850
0.012775
0.012774
0.024839
0.024833
0.012767
0.024824
-0.011355
0.000705
0.024821
-0.059598
0.012768
0.024827
-0.035481
-0.011360
0.024833
0.000705
0.000705
0.000705
-0.011359
0.012768
0.012767
-0.011357
0.000705
-0.047558
-0.035508
0.012777
0.024845
0.012772
0.024836
0.012768
0.012767
-0.023421
0.036891
0.012764
-0.035477
-0.011359
-0.023427
0.012771
0.000705
0.036895
0.024824
0.012762
0.000705
0.000705
-0.011353
-0.011355
0.000705
-0.011356
0.012765
0.024821
0.012761
-0.011352
0.012761
0.000705
0.012759
-0.168194
0.012778
0.000705
0.000705
-0.011369
0.024850
0.000705
-0.011368
0.000705
-0.023444
0.036926
0.048979
0.024833
-0.011359
0.012768
0.024827
0.000705
0.000705
-0.023418
0.000705
0.000705
0.012767
0.000705
0.012765
-0.011356
0.000705
-0.011357
0.000705
0.000705
0.000705
0.000705
0.000705
-0.011359
0.000705
0.000705
-0.023427
0.012771
-0.011362
-0.011363
-0.011365
0.012774
0.012772
0.012771
0.000705
0.000705
-0.023430
0.024839
0.024833
0.012767
-0.011357
0.000705
0.024827
0.000705
0.012764
-0.011355
0.000705
0.012764
-0.011355
0.000705
0.000705
0.012764
-0.011355
-0.011356
0.000705
0.012765
-0.011356
0.000705
0.000705
0.000705
0.000705
0.000705
0.000705
0.000705
0.000705
0.000705
0.000705
0.000705
0.000705
0.000705
0.000705
0.000705
0.000705
0.000705
0.000705
0.000705
0.000705
-0.011357
-0.035490
0.061022
-0.023418
-0.023424
0.024833
0.000705
-0.023424
0.024833
0.012767
-0.059620
-0.011365
-0.035512
-0.011371
-0.011372
-0.011373
-0.023456
0.000705
-0.023462
-0.035556
-0.047663
0.024891
0.036974
-0.011384
-0.011385
0.036969
0.036956
-0.035547
-0.023470
0.012793
-0.011384
-0.047663
-0.011391
-0.011392
0.036991
0.024888
-0.059766
-0.011394
0.036996
0.012799
0.012797
-0.011388
0.000705
0.000705
-0.011390
0.000705
-0.023488
0.036991
0.036978
-0.011385
0.000705
0.012794
0.012793
-0.011384
0.024880
0.000705
0.049037
0.000705
0.012784
0.024859
0.000705
0.012780
-0.011371
0.000705
-0.047610
-0.023462
0.000705
0.012788
0.012787
0.036943
0.000705
0.036930
-0.011369
-0.023447
0.000705
0.036930
-0.035521
-0.023453
0.049014
-0.071768
-0.071821
0.036974
0.061124
0.012784
0.061080
-0.011368
0.048985
0.012771
-0.011362
-0.035503
0.048979
-0.011362
0.024836
-0.023427
-0.023433
-0.011366
0.012775
0.036908
0.024833
-0.011359
0.000705
0.024830
-0.035486
-0.011362
-0.047575
0.000705
-0.059678
-0.023459
0.012787
-0.035547
-0.011382
-0.035565
-0.035578
-0.120332
0.037031
-0.023511
0.109630
-0.059795
0.012807
0.049101
-0.423564
0.073564
0.037115
-0.059986
0.012846
0.012844
0.024979
-0.072137
-0.060038
-0.035759
0.085764
0.000705
0.061417
-0.047863
-0.011441
0.061417
0.012843
0.000705
0.000705
-0.011434
0.037115
0.037101
0.037088
0.000705
0.012829
-0.023547
-0.035683
-0.023561
-0.011431
-0.023570
-0.011435
-0.023579
0.012847
0.037123
-0.023573
-0.060016
0.024997
0.000705
0.000705
-0.023588
-0.035745
0.025006
-0.023597
0.000705
-0.011448
0.025009
0.025003
-0.011444
0.000705
0.037146
0.000705
0.012849
0.000705
-0.023585
-0.035741
-0.023600
0.000705
0.012857
0.012856
-0.023600
0.073600
0.012849
0.000705
0.000705
-0.023585
-0.035741
0.012854
0.000705
0.000705
0.000705
0.037146
0.000705
-0.011441
0.037137
0.012846
0.012844
-0.023576
-0.023582
-0.047886
0.000705
0.012854
-0.011445
0.000705
-0.011447
0.025006
-0.035750
-0.023606
-0.047934
-0.060126
-0.035812
-0.011471
-0.023650
0.012883
0.025056
0.000705
0.049390
0.061528
-0.023620
0.073662
0.025012
0.025006
-0.047904
-0.047928
-0.060119
-0.035807
0.073715
-0.047963
-0.084521
0.025062
0.073742
0.073688
0.012863
0.000705
-0.011454
0.037177
0.037163
-0.011447
-0.011448
0.025009
-0.035754
-0.011451
-0.060097
0.037190
0.012863
0.025018
0.025012
-0.023603
0.037163
-0.023600
0.012857
0.025006
-0.035750
0.037159
-0.047904
0.025012
-0.011448
0.000705
0.049307
0.061425
0.073520
-0.047833
0.000705
-0.011434
-0.060008
-0.023591
0.012853
-0.047898
0.000705
0.012857
0.025006
0.037146
0.012849
-0.047880
-0.096536
0.012865
0.037177
0.012859
-0.023606
0.037168
0.012856
0.049295
0.012849
0.024988
END
