y[]
0.016222
-0.061793
0.029233
0.055224
0.068187
-0.048746
0.133092
0.029176
-0.035711
-0.048712
0.094090
-0.009754
0.003222
0.016198
0.003222
-0.022732
-0.022738
-0.074700
-0.061759
0.068204
-0.009771
0.029206
0.042186
-0.022752
-0.113744
-0.035797
-0.048827
0.029250
-0.192154
0.055360
-0.061954
-0.009818
0.042338
-0.022853
0.055367
0.003222
-0.075005
-0.062014
-0.022884
-0.101271
-0.062142
0.081654
-0.022915
0.055489
0.068518
0.003222
0.055428
0.016269
-0.088144
0.029335
0.068475
0.107538
-0.022847
-0.035894
0.029301
0.068390
-0.048909
-0.035894
0.068407
-0.035884
0.042328
-0.048922
-0.114202
0.120647
-0.035904
0.263775
-0.061852
0.159330
0.120143
-0.100701
-0.061785
0.042231
-0.009779
-0.061810
-0.153028
0.211501
0.314830
0.055063
-0.282233
0.081154
-0.295848
-0.087977
-0.166369
-0.088215
-0.101380
-0.049120
0.081725
0.160044
0.107634
-0.035919
-0.009828
0.094540
-0.088096
-0.140447
0.003222
0.016292
0.016290
-0.114448
0.186205
0.146760
-0.009818
0.185633
0.068288
0.120235
-0.178856
0.133312
0.275861
-0.152480
0.016207
-0.035736
-0.100741
0.029223
-0.061793
0.068238
-0.139867
-0.127037
-0.088060
0.133600
0.159452
0.068246
-0.087823
-0.022806
0.107294
-0.074821
-0.035822
-0.048861
-0.035858
0.016251
-0.127139
-0.127309
0.094612
0.003222
-0.009828
-0.153518
-0.088323
0.003222
-0.049127
-0.088455
-0.009881
-0.009883
-0.062330
-0.167415
-0.075632
-0.088853
-0.049430
0.161096
-0.444736
0.174738
-0.036332
-0.075933
-0.009976
0.016421
0.003222
-0.023177
0.069207
-0.036363
-0.274317
-0.222018
0.016486
-0.023306
-0.089684
0.003222
-0.010057
0.122673
-0.010043
-0.169386
0.069645
0.069601
0.003222
-0.049877
0.029776
-0.036610
0.043055
0.003222
0.029769
0.043028
0.056273
0.029737
-0.010034
0.003222
0.016479
-0.010034
0.029733
-0.023289
-0.023296
0.003222
0.042997
0.016477
-0.036547
0.016480
0.016479
0.016477
0.016475
0.016473
0.029719
0.003222
0.003222
-0.023275
0.016472
0.016470
-0.010025
-0.010027
-0.036537
-0.063078
-0.010043
0.029751
0.016484
-0.036568
0.029751
0.003222
0.003222
0.003222
0.003222
-0.010041
-0.023310
0.016489
-0.010045
0.016489
0.016487
-0.049849
0.003222
-0.010050
0.016495
0.003222
0.029761
-0.010047
0.003222
0.016491
0.016489
0.003222
0.003222
0.003222
0.003222
0.003222
0.003222
-0.023314
0.016491
0.029754
-0.010043
0.016487
0.016486
-0.010041
-0.010043
0.016487
-0.010043
0.043013
0.029740
0.003222
0.029733
0.029726
0.016472
0.016470
-0.010025
0.082682
0.029695
0.029688
0.003222
-0.010010
0.003222
-0.089450
0.056188
0.042928
0.016454
0.042907
0.069329
0.016438
-0.023212
0.042871
0.188041
0.003222
0.016410
0.055958
0.029580
0.003222
0.016398
-0.049493
0.069111
-0.075850
0.042766
-0.036322
0.042766
-0.115457
0.108721
-0.023142
0.029587
0.016402
0.029576
-0.049493
0.016404
0.095443
0.042719
0.042704
0.003222
0.016379
0.016378
-0.049409
0.003222
0.016383
-0.049430
-0.075808
0.069085
0.029555
-0.036280
0.055888
-0.036275
-0.036290
0.069068
-0.036280
0.069051
0.016383
0.042693
0.082118
0.003222
0.042647
-0.088792
0.042667
-0.062528
0.029528
-0.009930
-0.088889
-0.009943
-0.102166
0.305914
-0.009919
-0.154610
-0.299988
0.095601
0.161388
-0.154943
-0.141983
-0.023201
-0.195177
0.095858
-0.115896
-0.169089
0.228492
0.148715
0.095699
0.187919
-0.155068
-0.128878
0.003222
-0.036442
0.214583
-0.089193
0.108833
0.095540
-0.102291
-0.142040
0.042860
0.029639
0.148389
0.069137
0.253305
0.082066
0.095128
-0.128098
-0.036207
-0.036223
0.095237
-0.062494
-0.260074
0.134957
-0.062624
0.174331
0.055812
-0.101986
-0.141619
0.003222
-0.075871
0.042777
0.042761
-0.062684
0.042771
0.108610
-0.102166
-0.089083
-0.036363
0.042808
-0.181645
0.003222
-0.089340
0.042902
-0.195335
0.016472
-0.275385
-0.116419
-0.116562
-0.276834
-0.143787
-0.063672
0.083490
-0.010151
-0.170796
-0.010176
-0.023580
0.043423
0.003222
-0.010176
-0.063797
0.030035
0.030028
0.043418
0.043402
0.123664
-0.036909
-0.050311
0.043375
-0.010160
0.003222
0.003222
0.016605
-0.023544
0.016606
0.043364
-0.023537
-0.023544
0.029989
-0.023544
0.096874
0.029964
0.043321
0.016585
-0.010141
0.029946
0.110046
0.016567
-0.036818
-0.023480
0.069965
0.056584
0.043225
0.003222
-0.010110
-0.036786
-0.023459
-0.036812
0.003222
0.069938
0.029896
0.029889
-0.010110
0.003222
-0.023448
0.016558
0.029889
0.056534
-0.036759
0.056527
-0.050083
0.029878
0.056513
0.029857
-0.010094
0.016539
0.016537
-0.023409
-0.050061
0.003222
0.003222
-0.036759
-0.036775
0.029889
-0.010110
0.029885
0.016551
0.003222
-0.010107
0.043204
0.016546
-0.010101
-0.023430
0.003222
-0.036770
-0.010112
0.029889
-0.010110
-0.050125
-0.023462
0.016565
-0.023466
-0.036823
-0.050197
0.096686
0.069929
0.003222
-0.036796
-0.010121
0.083254
-0.050125
-0.076853
0.056613
-0.023469
-0.076895
0.136716
0.056570
-0.090155
0.003222
0.029910
-0.010121
0.083254
0.096512
-0.076735
-0.023444
-0.050132
0.016564
0.016562
0.043230
0.056541
-0.050097
0.003222
-0.063467
0.056577
-0.010114
0.016558
-0.063476
-0.023469
0.016569
-0.143689
0.029949
-0.210796
0.043386
-0.010164
0.029992
-0.063717
0.003222
-0.036963
-0.010176
-0.023580
0.070215
0.030007
0.190513
0.083383
-0.063574
0.016585
0.003222
-0.010141
0.029946
-0.023501
-0.117123
0.043353
0.123519
0.003222
-0.157206
0.016601
0.029974
0.003222
-0.063672
0.070116
-0.023530
0.150271
-0.010137
0.163414
0.056563
0.096500
-0.023420
0.162967
-0.023384
-0.010084
-0.076650
0.016539
0.003222
-0.036732
-0.036748
0.109775
-0.023405
0.122991
-0.063298
-0.063342
0.282496
0.069601
-0.156162
-0.209685
-0.196791
0.096612
0.096524
-0.076746
-0.130200
0.136645
-0.036786
0.083222
0.003222
0.242839
0.096252
-0.063219
0.043092
0.056357
0.241981
-0.089561
-0.036568
-0.023314
0.188825
0.122357
0.016451
-0.036468
-0.023247
0.161931
-0.036431
-0.129070
-0.142502
-0.089622
-0.023321
0.016495
0.069557
0.029744
-0.023299
0.029744
0.029737
0.135690
-0.169020
-0.036568
-0.036584
-0.103005
-0.089820
0.122832
-0.036632
0.109464
-0.103019
0.149275
-0.089696
-0.196180
-0.103288
-0.143415
0.216442
0.056456
-0.156565
-0.076767
0.016558
-0.156927
0.083329
-0.237291
-0.023537
0.056734
0.123519
0.203396
-0.090142
-0.010123
-0.063529
0.150016
-0.023452
0.043230
0.029885
0.029878
0.043193
0.016542
-0.010098
0.083116
-0.023402
0.003222
-0.010092
0.109690
0.003222
0.016523
0.082988
-0.036653
0.003222
0.016516
0.016514
-0.010069
-0.036663
-0.010077
0.029818
0.029811
0.043092
0.043076
0.016503
0.003222
-0.023342
-0.010062
-0.010064
0.016509
-0.010064
-0.023356
0.016512
0.043081
-0.023349
0.016509
-0.036642
-0.089857
-0.050005
-0.010089
-0.010091
-0.023409
0.016539
-0.183370
0.043236
-0.050132
0.016564
0.043236
-0.223732
0.083383
0.110003
-0.036807
0.069929
-0.010116
0.003222
-0.090192
-0.050197
0.069991
0.016571
-0.010126
0.029917
-0.023473
0.069947
0.043236
-0.010114
0.016558
0.016556
0.029885
-0.010108
0.016553
-0.063449
-0.023459
0.029903
-0.010117
0.003222
-0.010119
-0.010121
0.003222
0.003222
-0.010123
0.029910
-0.023466
0.029910
0.043241
-0.010116
-0.010117
-0.010119
0.029903
0.043230
0.029885
0.016551
0.016549
0.016548
0.016546
-0.010101
-0.010103
0.083148
0.016537
END
