y[]
0.001164
-0.057903
0.045467
-0.028370
-0.028378
0.045473
-0.013604
0.030697
0.030688
-0.013598
0.001164
-0.013600
-0.028370
0.015931
-0.028374
0.045467
-0.043140
0.015934
0.015931
-0.043146
0.045473
-0.013604
0.030697
0.045447
0.001164
-0.028357
-0.028365
-0.028374
0.030701
-0.043146
-0.013611
-0.072741
-0.057999
0.030749
0.030741
-0.072795
-0.058043
-0.058078
0.030789
-0.043278
0.015980
-0.058113
0.030806
0.015982
0.015980
0.045598
0.015971
-0.028453
0.015973
0.001164
0.045578
-0.013639
-0.058069
0.045592
0.001164
0.001164
0.045572
-0.058052
0.015971
0.030771
-0.013639
0.001164
-0.028448
0.089974
0.015958
0.001164
0.001164
-0.013630
0.015958
0.015955
0.030741
0.001164
-0.087594
0.015962
0.015960
0.015958
0.015955
-0.043218
0.015960
0.015958
0.001164
0.089882
0.001164
-0.028400
0.001164
0.001164
-0.028409
-0.013626
0.001164
0.015953
-0.028418
-0.058026
-0.132140
0.030802
0.045605
0.015973
0.015971
-0.028453
0.001164
0.089987
0.045546
0.001164
0.015953
-0.013626
-0.013628
0.001164
-0.013630
-0.028431
-0.028440
-0.058069
0.030784
0.001164
0.001164
0.015971
0.030771
-0.013639
0.015966
0.001164
0.001164
0.001164
0.015964
0.001164
0.001164
0.001164
0.001164
0.001164
0.030758
-0.013633
-0.028435
0.015964
-0.013637
-0.013639
0.015966
0.001164
0.015964
-0.043245
-0.043264
0.015975
-0.013648
-0.013650
0.015977
0.015975
0.001164
0.001164
0.030780
0.001164
-0.013644
-0.072905
0.030798
0.015977
-0.013650
0.015977
-0.013650
-0.013652
-0.013655
0.030798
0.001164
0.001164
0.001164
-0.013652
0.001164
0.015980
0.015977
0.001164
0.001164
0.015975
0.030780
-0.013644
0.015971
0.001164
0.015969
0.001164
-0.013641
0.015969
0.001164
0.001164
-0.013641
0.001164
0.001164
0.001164
0.001164
-0.028453
0.001164
0.015973
-0.013646
0.030780
0.015969
-0.013641
0.015969
-0.028448
0.001164
0.030776
0.001164
0.001164
0.001164
0.001164
0.015966
0.001164
-0.013639
-0.013641
0.015969
0.015966
0.015964
0.001164
0.001164
0.015962
0.001164
0.030754
0.148983
0.001164
-0.043159
0.060257
-0.057929
-0.013615
0.015942
-0.013615
-0.028400
0.030728
0.001164
0.045493
0.001164
0.015936
0.001164
0.015934
0.001164
0.045460
-0.043133
-0.013606
-0.028383
0.015938
-0.028387
0.001164
-0.013615
-0.043186
0.001164
-0.013624
0.030736
0.015947
0.001164
0.001164
0.030723
0.045487
0.015934
0.030697
-0.028370
0.015931
0.001164
0.045454
0.015923
0.015920
0.030671
0.015914
-0.028339
0.015916
-0.028344
0.015918
-0.043107
0.001164
0.030680
-0.013593
-0.013595
-0.013598
-0.013600
0.001164
0.015927
0.001164
-0.072675
-0.013611
0.030710
0.030701
-0.013604
0.030697
-0.028370
-0.102272
-0.028409
-0.072806
-0.072861
-0.072916
-0.102640
-0.087897
0.075386
0.001164
-0.132477
0.105121
0.060520
-0.013672
0.030833
0.015995
-0.073015
0.016004
-0.013676
0.001164
0.030842
0.045664
0.045644
-0.028488
0.001164
-0.013665
-0.043337
-0.043357
-0.058228
-0.102856
-0.013705
0.030899
-0.043443
0.030903
0.001164
0.016030
-0.043443
0.001164
0.016035
-0.058334
-0.073258
0.030939
0.016048
-0.073280
0.001164
-0.043529
0.075640
-0.028620
0.075607
0.045803
0.060652
-0.013705
-0.043456
0.030912
-0.102995
0.016050
0.001164
0.045810
0.045790
-0.073225
-0.028607
-0.028616
0.001164
0.090476
-0.013716
-0.028603
0.105307
-0.043456
-0.058360
0.090436
0.075496
0.045737
0.045717
0.001164
0.016010
0.001164
0.016008
-0.013681
0.016008
-0.013681
0.016008
-0.013681
-0.043383
0.016015
0.001164
0.016013
0.030855
-0.028528
-0.028536
0.001164
0.001164
0.016015
-0.013688
0.001164
0.001164
-0.013690
0.016017
0.001164
0.016015
-0.013688
0.016015
-0.013688
-0.028545
-0.013694
-0.028558
0.001164
-0.013701
0.016028
-0.043436
0.016032
0.016030
0.001164
-0.013703
0.001164
0.001164
-0.013705
0.016032
0.030895
0.030886
0.016021
-0.013694
-0.013696
0.016024
0.016021
-0.028554
0.016024
-0.013696
0.030881
0.001164
-0.013694
0.001164
-0.043423
0.030890
-0.013699
-0.013701
0.016028
-0.013701
0.016028
0.030886
0.001164
0.016021
-0.013694
0.030877
-0.013692
0.001164
-0.013694
0.016021
0.001164
0.001164
-0.028554
0.016024
0.016021
-0.028554
0.016024
-0.013696
0.016024
0.016021
-0.013694
0.001164
0.016021
-0.013694
0.001164
0.001164
-0.013696
0.016024
-0.013696
0.001164
-0.028563
-0.013703
0.001164
-0.013705
0.001164
0.030899
0.001164
0.001164
0.001164
0.001164
0.001164
-0.028572
0.060625
-0.013699
-0.088056
-0.043476
0.001164
-0.013721
-0.013723
-0.013725
0.016052
0.030934
-0.043496
-0.013727
0.060714
0.016046
-0.028603
-0.013723
-0.058405
-0.013734
-0.013736
-0.103197
0.030992
-0.013750
-0.028669
-0.088389
-0.073525
-0.028727
0.090810
0.031028
-0.073513
0.031041
-0.058600
-0.028732
0.031059
0.045990
0.001164
-0.058609
0.031054
0.001164
0.016106
-0.028723
0.016108
0.075852
0.045950
0.060847
0.016079
-0.013752
0.001164
0.001164
0.030992
0.045890
0.001164
0.001164
-0.028652
0.045883
-0.073380
-0.058511
0.075752
-0.013750
0.030988
0.045883
0.075652
-0.028625
-0.073346
-0.028656
0.001164
0.045890
0.016068
-0.043556
0.001164
-0.028660
0.075707
0.090542
0.075585
-0.028598
0.135022
-0.043436
-0.013707
0.030903
-0.058325
-0.058360
-0.028612
0.075585
-0.013716
0.001164
-0.058378
-0.088215
-0.028647
0.001164
-0.088322
0.016083
0.060821
-0.073413
0.075740
-0.013747
0.045890
-0.028652
0.030979
0.016068
0.120318
0.030930
0.030921
0.016039
0.045777
0.120034
-0.028541
0.030868
0.045704
-0.073081
0.001164
-0.028550
0.060581
0.030859
-0.058236
-0.043410
0.060590
-0.013690
0.001164
0.105091
-0.043363
-0.058236
-0.043410
-0.058298
0.030899
0.030890
-0.013699
0.030886
-0.132655
0.001164
0.120123
0.060590
0.001164
0.119911
0.001164
0.015997
0.001164
-0.073026
0.090184
-0.028501
-0.058192
-0.013681
0.001164
0.030850
0.016004
0.030837
0.001164
0.001164
0.015997
0.001164
0.030824
0.015990
-0.043324
-0.028506
0.015999
0.015997
0.015995
0.030820
0.001164
0.015988
0.001164
-0.013661
0.001164
0.015988
-0.013661
0.001164
-0.013663
-0.013665
0.030820
0.001164
-0.013663
-0.013665
0.001164
-0.013668
0.001164
-0.058184
0.030842
-0.013674
0.001164
-0.058210
0.060537
0.001164
0.060502
-0.043337
0.015999
0.060484
0.001164
0.001164
0.015988
-0.013661
0.001164
0.001164
0.001164
0.015988
0.015986
0.001164
0.001164
-0.013659
0.001164
0.001164
-0.013661
0.001164
0.001164
0.001164
0.015988
0.001164
0.001164
0.001164
0.001164
-0.013661
0.015988
0.001164
0.001164
0.015986
0.015984
0.015982
0.015980
0.030789
-0.013648
0.060397
-0.013641
-0.013644
-0.013646
0.015973
-0.013646
-0.013648
0.015975
-0.013648
0.001164
-0.013650
0.001164
-0.013652
0.001164
0.030793
-0.028466
0.001164
-0.028475
-0.028484
-0.028492
0.001164
0.015993
0.001164
0.060458
-0.043304
-0.043324
0.045651
-0.013663
-0.028497
0.045651
0.030811
-0.043310
-0.013665
-0.087857
-0.013681
-0.058236
-0.028550
0.030877
-0.028550
0.016021
0.016019
0.001164
0.001164
0.060564
-0.043383
0.030864
0.001164
-0.058245
0.016019
0.060564
-0.013683
-0.013685
-0.028541
0.016017
-0.013690
-0.028550
-0.043423
-0.162490
0.016052
0.001164
0.001164
0.045816
0.001164
-0.088162
0.045836
-0.028616
0.030943
0.001164
-0.028616
0.016055
0.001164
END
