y[]
-0.031007
0.017312
-0.006849
0.138042
-0.030972
-0.067215
0.017309
-0.031007
0.053546
0.005231
0.065592
-0.055130
-0.127691
0.041501
-0.018946
-0.043142
-0.127916
-0.043230
0.029465
-0.055364
-0.128207
0.053775
0.065878
-0.043283
-0.067584
0.017371
0.090167
0.114329
-0.019002
0.005231
-0.079632
-0.116128
-0.140594
-0.067761
-0.104358
0.029595
-0.031316
0.090488
0.029577
-0.043466
-0.043490
-0.019138
0.017417
0.017415
0.017414
0.053947
0.041752
0.151181
0.017384
0.041681
0.053811
-0.006911
-0.006913
-0.006914
-0.006916
0.053811
0.017373
-0.006910
0.005231
-0.019055
-0.031209
0.029527
0.005231
0.017377
-0.019061
0.041668
0.005231
0.005231
0.017374
0.029512
0.005231
0.017370
0.005231
0.053769
-0.019034
0.029497
0.041619
-0.031156
0.017362
-0.006899
0.017362
0.029489
0.005231
0.005231
-0.006896
0.029486
-0.006895
0.017358
0.029480
-0.006892
0.017355
-0.019017
0.017356
-0.006893
0.005231
0.017356
0.005231
-0.006893
0.017356
-0.006893
0.017356
-0.006893
0.017356
0.017355
0.005231
0.029474
0.017350
0.017349
0.005231
0.017348
-0.019002
0.005231
0.017349
0.041575
-0.018996
-0.006885
0.017348
-0.006885
0.005231
-0.043248
0.005231
0.017353
-0.043265
0.017358
-0.006895
0.041606
0.017353
0.017352
-0.006889
0.005231
0.005231
0.029471
0.198936
-0.140012
0.029453
0.017340
0.041549
-0.006873
-0.018982
0.005231
0.005231
0.005231
0.017339
0.041544
0.029433
-0.018970
0.005231
-0.115863
0.017348
0.017346
-0.018999
-0.019005
0.053699
-0.152373
-0.043312
0.053775
0.017364
-0.006901
-0.043312
0.017370
-0.006907
0.029506
-0.019043
0.005231
0.029506
0.005231
-0.006905
-0.079766
0.078091
0.017370
0.029503
0.005231
0.041628
-0.006899
-0.019034
0.041628
0.017361
-0.043295
-0.019040
0.005231
-0.031187
0.005231
0.005231
-0.019055
0.029518
-0.031201
0.114488
-0.043312
0.041641
-0.006904
-0.019043
0.005231
0.090167
0.017359
-0.031156
0.017362
-0.043300
-0.019043
-0.031192
0.041655
-0.006908
0.102307
-0.006898
0.005231
-0.019032
-0.006902
0.078012
-0.031152
0.102225
0.041580
-0.031117
-0.019008
-0.043265
0.162760
0.065753
-0.164322
-0.006890
0.017353
-0.103919
-0.091891
-0.043365
-0.043389
0.066003
-0.128515
-0.165251
-0.189962
0.054066
0.139402
-0.177774
-0.055845
-0.117033
0.078608
0.029678
0.078536
0.066278
-0.055815
-0.092520
-0.019221
0.151859
0.066263
0.078420
-0.043555
-0.031374
0.029637
-0.043585
0.041846
0.029634
-0.129054
-0.006985
-0.043650
0.066330
-0.031423
-0.055890
0.017459
-0.055919
-0.166190
0.054239
-0.007018
0.005231
0.176590
-0.031464
-0.019239
0.213043
-0.080286
0.029672
0.029666
0.054083
0.090665
-0.055785
0.066248
-0.019171
-0.055800
-0.006979
-0.116958
0.066345
0.115142
0.005231
0.127212
0.078349
0.102638
-0.043460
-0.116601
-0.128956
-0.068038
0.017447
0.102900
0.005231
-0.055800
-0.019192
0.005231
0.005231
0.005231
-0.019198
-0.006985
-0.129251
-0.080443
-0.068262
0.041985
-0.080548
0.042003
0.066487
0.041967
-0.007012
-0.068262
0.017484
-0.019275
-0.007024
-0.019284
0.054257
0.005231
-0.080579
-0.019299
0.005231
0.017498
0.066540
0.005231
0.054251
-0.031531
0.041994
0.078716
0.041953
0.005231
0.017469
0.029702
-0.019239
0.017468
0.017466
0.005231
-0.031477
-0.007008
-0.019251
0.029714
-0.019251
0.017474
-0.007011
0.017474
0.005231
0.054185
-0.019242
0.005231
-0.007008
0.005231
0.029708
0.090853
0.029681
0.054113
0.005231
0.029663
-0.043638
-0.019212
-0.006993
0.029678
0.029672
0.029666
0.005231
0.029660
0.005231
0.017444
0.017442
-0.006979
0.017442
-0.043621
-0.019203
0.029666
-0.006985
-0.019206
-0.006990
0.005231
0.005231
-0.031441
0.054125
0.005231
-0.006990
0.017453
0.005231
0.005231
0.005231
0.005231
-0.043662
-0.092628
0.005231
-0.007008
0.041944
0.005231
-0.007005
-0.055972
0.054197
-0.019248
-0.043746
0.005231
0.017478
0.066442
0.005231
0.078635
0.066360
-0.006991
-0.006993
0.041900
0.090738
-0.031405
0.041868
-0.080275
-0.006990
-0.043668
-0.019227
0.029690
-0.068163
0.029702
0.029696
0.005231
-0.068181
0.029708
0.017468
-0.007005
0.041935
0.005231
-0.055949
-0.055987
0.029723
0.005231
0.005231
-0.056009
0.041980
0.005231
0.029723
0.017475
0.066427
0.017466
-0.104934
0.029723
-0.043758
0.029729
0.029723
-0.007014
0.017477
-0.019260
0.017478
0.017477
0.054197
-0.007008
0.017471
0.029705
-0.019242
-0.019248
0.054185
-0.019242
-0.031490
-0.019257
-0.056017
-0.068316
-0.043830
-0.007038
0.017501
-0.117528
0.091179
-0.031594
0.091137
0.029762
0.005231
-0.007033
-0.080663
-0.117604
-0.031648
-0.142425
-0.105654
0.054529
0.005231
0.042189
-0.081023
0.103802
-0.204348
-0.056493
-0.118332
0.165834
0.029917
-0.130613
0.017589
-0.031844
-0.143210
0.029987
-0.044286
0.067124
0.079452
0.128810
-0.019472
0.005231
-0.019478
-0.044206
-0.081343
-0.031895
-0.081450
-0.155949
0.079655
0.079599
-0.056738
-0.007167
-0.019570
-0.056799
0.017641
-0.106507
0.079738
-0.106549
0.228668
-0.007169
-0.081612
0.129270
-0.044366
-0.056799
0.054859
-0.094049
0.017647
0.079692
-0.081644
0.005231
-0.019604
-0.081741
-0.032066
0.067386
-0.044489
0.054952
0.129424
-0.032010
0.042473
-0.056846
0.017650
0.067301
0.017641
0.240715
-0.255072
0.092075
0.067216
-0.044353
0.054816
-0.007162
0.017625
0.005231
0.042404
0.017619
0.017618
-0.031932
0.017621
0.054773
0.005231
0.017613
0.042367
-0.031904
-0.019533
-0.007153
-0.007155
0.042385
0.042372
0.029984
-0.056661
0.017613
0.017612
-0.031913
-0.007153
0.017616
-0.019539
-0.056723
-0.044359
0.005231
0.042427
0.067193
-0.031941
-0.007162
0.042408
0.005231
-0.019552
-0.019558
0.030021
0.005231
-0.007162
-0.019561
0.005231
-0.031969
0.005231
-0.019576
0.030039
0.067224
0.017625
0.030015
-0.019552
0.017624
-0.031950
0.005231
-0.031964
-0.007170
0.005231
0.017633
-0.007170
-0.019576
0.005231
0.005231
0.005231
-0.007175
-0.019586
-0.007179
0.005231
0.005231
-0.007181
-0.007182
-0.007184
0.079701
-0.069238
0.067293
-0.007178
-0.007179
-0.019595
-0.019601
0.042478
-0.007182
0.017645
0.067278
-0.019582
0.030045
-0.019582
0.005231
-0.044415
0.030058
-0.007181
0.005231
0.005231
0.017644
0.005231
0.030052
0.054853
0.005231
0.017633
-0.019573
-0.007173
0.079636
0.042413
0.030012
-0.031941
0.042404
0.005231
0.030005
-0.031932
-0.093938
0.092010
0.005231
-0.019555
-0.044359
-0.143689
-0.019610
-0.019616
0.042501
0.030070
-0.019607
0.054902
0.042468
0.005231
0.017641
-0.032001
0.017644
-0.019595
-0.032019
0.017650
-0.056876
0.005231
0.030079
0.042492
-0.007187
0.005231
0.005231
-0.007189
0.017652
-0.007189
0.054902
0.017645
0.092085
0.054828
0.054804
0.005231
0.017621
-0.007158
0.042395
0.141379
0.054694
-0.081343
0.017604
-0.031890
-0.044286
0.104241
-0.019512
-0.044273
-0.081461
0.030008
0.091903
-0.031904
0.054743
-0.118592
-0.044341
-0.069173
0.067239
-0.044372
0.067232
-0.019564
-0.056784
0.067247
-0.007169
0.129163
-0.069109
0.005231
0.054798
-0.106327
0.228225
-0.267383
0.054853
0.141564
-0.081504
-0.081579
0.042445
0.302445
0.067040
-0.019487
-0.130831
-0.081450
-0.180769
-0.131389
0.005231
-0.281034
0.042617
0.017690
-0.082012
-0.169485
0.055182
-0.157198
-0.069825
-0.069881
0.067829
-0.007285
-0.220333
-0.070070
0.130702
-0.157911
0.030348
0.030341
END
