y[]
0.063330
-0.064018
0.088788
-0.140445
0.012400
-0.076836
-0.179053
0.114576
-0.038636
-0.038651
-0.204896
-0.192492
0.127795
0.050866
0.153128
-0.089841
-0.077120
-0.089990
0.063697
-0.090013
-0.192763
0.051004
-0.064533
0.089509
-0.038843
0.217618
-0.102856
0.191779
0.101971
-0.025913
-0.192320
0.102088
-0.141216
0.127729
-0.064361
-0.179809
-0.051679
-0.090244
0.051037
0.230543
-0.141379
-0.038843
0.050984
-0.090186
-0.064566
0.076717
-0.000344
-0.026025
-0.013187
-0.000344
-0.000344
-0.000344
-0.000344
0.012498
0.063845
0.038149
-0.026005
0.025316
-0.038838
-0.000344
-0.000344
-0.000344
0.012489
0.025316
-0.000344
0.012484
-0.013172
-0.026005
-0.000344
-0.013177
0.038149
-0.026005
-0.013177
0.025320
-0.026008
-0.000344
-0.205894
-0.013205
-0.632564
0.284004
0.089961
-0.026137
0.089903
-0.129293
0.089937
-0.116436
0.012561
0.064159
-0.026141
-0.051957
0.077065
0.167171
0.038273
-0.000344
-0.064715
0.012533
0.012531
-0.103397
-0.051911
-0.026137
0.038343
-0.000344
-0.013238
-0.000344
-0.026137
-0.013243
-0.000344
0.012555
-0.039047
-0.051971
0.025472
-0.000344
-0.013252
-0.077824
-0.026184
-0.039117
-0.026201
-0.052077
0.012591
-0.052097
-0.065073
0.025552
-0.052144
0.051456
-0.052144
0.038508
0.051436
-0.026231
0.012600
0.038478
0.038463
-0.026214
-0.077994
0.012602
-0.026238
0.077316
-0.065057
-0.039192
0.103216
0.051395
0.141802
-0.039091
0.141655
0.064134
-0.090626
0.089937
0.051209
0.038303
0.012535
-0.090533
-0.155143
0.051282
-0.090708
-0.155443
0.077235
-0.181457
0.193692
-0.039122
-0.013273
0.128871
-0.039091
-0.052031
-0.077924
0.038453
-0.233354
0.064435
0.012607
-0.142896
0.090394
-0.129996
-0.026295
0.129341
-0.000344
-0.039232
0.038543
-0.013305
0.129189
-0.039187
0.025552
0.025546
-0.090989
-0.104038
0.129257
-0.078085
-0.156007
-0.078266
0.051610
-0.091283
0.012652
0.038634
-0.052319
0.103579
0.038599
-0.039288
0.051577
0.051550
-0.026288
-0.000344
0.012628
0.025596
0.038554
-0.065183
-0.065225
0.025613
0.142300
0.077376
-0.013293
-0.116962
0.064460
-0.026261
-0.233898
0.103525
-0.520772
-0.026437
-0.078663
0.143193
0.182042
0.012671
-0.026376
0.194727
0.090559
0.051563
-0.143155
-0.338710
0.168982
0.038690
0.025670
0.142615
-0.000344
-0.052306
0.207340
-0.052225
-0.039272
-0.195213
-0.039364
0.168630
-0.221368
0.051705
0.064679
-0.000344
-0.000344
-0.221598
0.051759
0.090772
0.077689
-0.013346
-0.156493
0.103782
-0.117494
-0.052455
-0.065521
-0.143882
0.221400
-0.169869
0.117050
-0.026420
-0.104715
-0.052570
0.051882
-0.039511
-0.117938
0.025799
0.038859
0.143268
-0.130893
0.051895
-0.065648
-0.013410
-0.104933
0.091177
-0.078786
-0.131217
0.078200
-0.052700
0.104340
0.065028
0.091105
-0.013403
0.104081
0.038787
-0.078622
0.025755
-0.065606
0.169247
0.260005
-0.000344
0.155540
-0.039293
-0.390665
0.181995
0.012667
-0.013356
-0.104497
0.038726
0.038711
0.012671
-0.000344
-0.078459
-0.013369
-0.039430
-0.013376
0.155926
0.298493
-0.130164
-0.013336
0.116516
0.038579
0.012627
0.012625
-0.039257
-0.000344
-0.078216
-0.039303
-0.000344
-0.078307
0.038645
0.038629
-0.013334
-0.026328
-0.026335
0.038640
0.077578
-0.039298
0.012642
-0.013330
-0.104294
-0.013346
-0.091401
-0.039394
0.038705
0.051698
0.038670
0.155561
-0.013327
-0.078277
0.129509
0.258857
-0.116902
0.258488
0.283600
-0.155123
-0.116586
-0.000344
-0.000344
-0.000344
-0.090848
0.025522
-0.013277
0.012588
0.012586
-0.026208
0.038448
-0.052071
0.090159
0.012578
0.102975
-0.000344
0.270362
-0.000344
-0.103384
-0.000344
-0.000344
-0.000344
0.038308
-0.000344
-0.000344
0.038293
-0.077634
-0.090591
-0.026144
0.012556
-0.077774
0.012565
0.025469
0.025462
-0.039056
-0.051984
0.012568
-0.000344
-0.026171
-0.039097
-0.039112
0.051342
-0.000344
-0.077884
0.038433
0.051335
0.090031
0.141509
-0.103490
0.038348
0.038333
0.025432
-0.051904
-0.026134
-0.026141
0.012555
0.154315
-0.064757
-0.013232
0.051195
-0.064773
0.012545
-0.103504
-0.039056
0.025465
-0.051971
0.064184
-0.064873
0.038378
0.038363
0.051242
-0.000344
-0.013238
-0.077744
-0.194105
0.012585
0.012583
-0.077934
-0.090942
-0.000344
0.038493
0.077285
0.012588
0.051369
-0.090860
0.012591
-0.013280
0.025526
-0.052091
-0.078014
0.025552
0.012602
0.090230
-0.000344
0.025519
-0.000344
-0.013275
-0.026211
-0.026218
-0.013283
-0.026228
-0.026234
0.064368
-0.000344
0.064326
-0.039142
-0.013280
-0.013282
-0.039167
-0.013288
0.025542
-0.026231
-0.039187
-0.000344
-0.013295
-0.000344
-0.013297
0.077346
-0.013288
0.064360
0.051389
-0.052077
0.012591
0.012590
-0.039152
-0.052111
-0.013290
0.077305
0.025526
-0.026214
-0.000344
-0.013282
-0.026224
-0.026231
0.025542
-0.000344
-0.039177
-0.013292
0.012603
0.051429
0.012595
0.116032
-0.026194
0.038428
0.012576
-0.013265
0.025495
-0.077884
0.051355
-0.026191
0.012580
-0.013268
-0.000344
-0.052057
-0.000344
-0.013277
-0.142712
0.012607
0.051442
0.051416
0.012591
-0.039157
-0.052118
-0.013292
0.077316
0.064326
-0.052077
0.038458
-0.013277
-0.026214
-0.039162
-0.039177
0.012602
0.038483
-0.039172
-0.013290
0.206588
-0.000344
0.025492
0.051309
-0.077834
-0.039112
0.064259
0.051309
0.206001
-0.077674
-0.013238
-0.013240
0.012551
-0.051937
0.038353
0.012551
-0.077744
0.064159
0.064118
0.064076
-0.103437
-0.051931
-0.026147
0.012558
-0.155283
0.167495
0.051242
-0.077734
-0.026154
-0.090731
0.102948
0.025462
-0.077784
-0.026171
0.064209
-0.013252
0.012563
0.064168
0.012553
-0.077754
0.025465
-0.064881
-0.039086
-0.000344
-0.142528
0.038453
-0.077954
-0.052118
0.012602
0.090230
0.012588
-0.000344
-0.039147
0.012591
-0.026218
0.064326
0.038438
0.064259
-0.013262
-0.000344
0.012573
0.012571
0.141619
-0.090661
-0.013253
0.012565
-0.051991
0.025482
-0.039086
0.102935
-0.000344
-0.013248
-0.064890
-0.103704
0.128838
0.077085
0.051242
0.205735
0.038248
-0.000344
0.076796
-0.026051
-0.026058
0.102470
-0.051738
0.128091
-0.038858
0.063836
0.063795
0.243012
0.012447
-0.013136
-0.025933
0.012451
0.101957
-0.115441
-0.038739
-0.013146
0.038056
0.038041
0.063598
-0.051495
0.050807
0.012439
0.114635
0.025189
-0.102515
-0.013123
0.025212
-0.013121
0.050754
0.076255
-0.038636
0.088981
0.012410
-0.051371
-0.025868
-0.000344
0.037938
-0.000344
0.012413
-0.025861
0.037928
0.037914
-0.102398
0.012418
-0.115265
-0.064246
0.089107
-0.089795
-0.025916
-0.000344
0.050793
-0.038695
0.012441
-0.051495
-0.077120
-0.038754
-0.064394
0.063705
0.012461
0.038061
0.063631
0.012446
-0.000344
0.025231
-0.089887
0.025247
0.012449
-0.038730
0.050833
-0.064320
-0.038749
0.050859
0.114767
0.050774
-0.077031
-0.179510
-0.000344
-0.115692
-0.025995
-0.026002
0.025313
0.076589
-0.064451
-0.192911
0.063886
-0.077426
0.102417
-0.064558
0.115211
0.063795
0.076569
-0.064435
-0.064476
0.012485
0.012484
-0.103014
-0.000344
0.025333
0.089474
0.089394
0.114915
0.025251
0.038036
-0.038725
-0.000344
-0.064344
0.012459
-0.102816
-0.064443
-0.013169
0.089394
-0.115736
0.012484
0.012482
0.140636
0.025267
0.050859
0.076411
0.089130
-0.025900
-0.051476
0.101892
0.037967
0.063476
0.037928
0.152600
0.050585
-0.025806
-0.076768
0.037875
-0.064051
0.012400
-0.013089
-0.038588
0.139810
0.037845
0.037831
0.063249
0.050501
0.012363
END
