y[]
0.000911
0.048838
-0.070988
0.000911
0.012898
-0.035054
-0.023072
0.048873
0.012898
-0.011076
0.048850
-0.011071
-0.011073
0.024878
-0.011071
0.060809
0.000911
-0.011066
-0.023047
0.024869
0.024863
-0.035019
0.012889
0.000911
-0.011067
-0.023049
0.036850
0.012888
0.000911
0.048804
-0.035006
-0.011064
0.000911
0.084708
-0.011055
-0.034998
-0.046987
-0.011067
-0.035032
0.036854
0.000911
0.024866
-0.035023
0.012891
-0.047016
-0.035049
-0.059052
0.000911
-0.035084
0.036906
0.012907
-0.035079
0.024906
0.036893
0.048867
-0.095024
0.024904
-0.071083
-0.059124
0.036936
-0.107203
0.060989
-0.071187
-0.023133
-0.023139
-0.047206
0.157208
0.048954
0.048930
-0.059116
0.000911
0.072940
-0.191281
0.012934
0.012933
-0.035157
-0.035170
0.012940
0.000911
-0.083320
0.085142
0.061033
0.000911
0.048982
-0.035140
0.073001
-0.119267
-0.035170
0.024967
-0.119426
0.049063
0.012946
-0.023159
0.000911
-0.011126
0.049052
0.049029
0.036984
-0.047189
0.049011
0.036971
0.085000
0.024924
-0.011094
0.024921
-0.011093
-0.023101
-0.023107
-0.059160
0.036958
-0.011103
-0.011104
-0.047166
-0.035162
-0.011116
0.012938
-0.011116
0.024964
-0.011114
0.000911
-0.035175
0.097111
0.000911
-0.047177
-0.047200
-0.011120
0.037001
0.109104
0.012925
-0.143354
0.024970
0.012938
0.012937
-0.035170
0.012940
0.024964
0.012936
0.012934
0.012933
-0.011110
0.000911
0.012933
-0.023133
-0.095324
0.000911
-0.059283
0.037032
-0.011128
0.049058
-0.011123
0.000911
-0.011125
0.000911
0.000911
-0.035205
-0.011130
0.012953
0.024990
-0.011128
0.000911
-0.011129
0.037028
0.012947
-0.023162
0.037019
0.000911
0.012944
-0.023156
-0.011125
0.012947
-0.011125
-0.035205
0.061098
-0.011123
0.000911
0.000911
0.024979
0.000911
-0.023156
0.000911
0.024979
-0.011122
0.000911
-0.011123
-0.011125
0.000911
0.024982
-0.011123
0.000911
-0.011125
0.000911
0.012947
0.024979
0.000911
0.000911
0.000911
0.024973
-0.011119
0.000911
0.012941
0.000911
0.024967
-0.011116
-0.011117
-0.011119
0.000911
0.000911
-0.011120
0.012943
0.012941
-0.011119
0.012941
0.000911
0.000911
-0.011119
0.036997
-0.023145
0.024967
0.049006
-0.011110
0.000911
0.000911
0.012933
0.000911
-0.011110
0.000911
0.000911
0.000911
0.012933
-0.047183
0.012937
0.024958
0.012933
0.000911
0.109039
0.000911
0.012918
0.024921
0.084899
-0.011083
0.000911
-0.059080
0.024912
-0.047096
-0.023101
0.024924
-0.107190
0.109013
-0.023101
-0.047131
-0.011103
-0.119310
0.061040
-0.035162
-0.011116
0.061033
0.024950
0.072992
0.024927
-0.023104
-0.035123
-0.035136
0.048971
-0.059167
0.024947
0.048965
0.000911
-0.035127
0.024938
0.072957
0.000911
0.036915
-0.011089
-0.011090
0.012912
-0.011090
0.012912
-0.011090
0.012912
0.024909
-0.023087
0.000911
0.060896
-0.011083
0.012905
-0.023078
0.000911
0.048884
-0.011080
0.000911
0.000911
-0.047068
0.060881
0.036876
0.012897
-0.011074
-0.035054
0.036876
0.000911
-0.011076
0.036867
0.000911
0.024875
-0.023052
0.000911
-0.071014
0.012902
0.120743
-0.035023
0.108676
0.060731
0.084598
0.000911
0.036756
-0.106661
0.060688
0.072596
-0.011033
0.000911
-0.070782
0.012864
-0.058865
0.024826
-0.011045
-0.082826
0.036807
0.024835
0.024829
0.024823
-0.023001
-0.023006
0.012871
-0.023009
-0.058915
-0.011058
-0.058958
0.036837
-0.058973
0.072768
-0.011061
0.036824
-0.011058
0.036816
0.012877
-0.070902
0.000911
0.072725
-0.023021
-0.023027
0.000911
0.036816
-0.130802
-0.047027
-0.011077
0.012899
0.048850
0.024872
0.012889
0.012888
-0.035023
-0.011070
-0.023055
0.048838
0.000911
-0.023049
0.000911
-0.071005
-0.059059
0.000911
0.048890
-0.047068
0.012908
0.024901
0.024895
0.048861
0.024878
-0.035041
0.048844
0.060795
-0.035015
0.072750
-0.011058
0.012881
-0.011058
-0.011060
0.000911
0.024852
0.024846
0.084638
0.048724
-0.034946
0.012865
-0.011043
0.036769
-0.011040
-0.011041
-0.011043
-0.011044
-0.011045
0.012868
0.012867
0.024818
-0.011041
0.012864
0.000911
-0.011041
0.000911
0.012864
0.000911
-0.022995
-0.011044
0.000911
0.000911
-0.011045
0.000911
-0.058894
-0.011054
-0.034993
0.000911
-0.035006
-0.011064
0.036833
-0.035010
0.024860
0.000911
-0.011063
0.048798
0.000911
0.000911
0.012879
0.000911
0.000911
-0.011057
0.012879
0.000911
0.000911
0.024843
0.012875
-0.023018
0.012877
0.024838
0.012872
-0.023012
0.000911
-0.011053
0.000911
0.012875
0.000911
0.000911
-0.011053
0.036799
-0.046941
-0.011055
0.000911
0.000911
0.000911
-0.023027
0.012881
0.024846
0.000911
0.012877
0.060716
0.000911
-0.046930
-0.011053
0.000911
0.060716
-0.034967
-0.023015
0.024838
0.000911
0.000911
0.024832
-0.034972
-0.011053
-0.023021
-0.046970
0.000911
-0.011063
-0.023041
0.024863
0.012885
-0.011063
-0.011064
-0.023044
-0.023049
-0.071005
-0.023072
-0.047073
0.060888
-0.059066
0.048896
0.000911
0.036885
0.012899
0.060831
0.024869
-0.023047
-0.011070
-0.059016
0.012899
-0.023067
-0.023072
-0.011083
0.000911
0.048879
0.000911
-0.047056
0.036889
0.000911
0.036876
-0.011076
0.000911
-0.023067
-0.023072
-0.023078
-0.011086
0.012908
-0.059088
-0.011093
-0.023101
0.036928
0.024915
0.048902
0.072854
0.036863
0.000911
-0.011071
0.108702
0.012881
0.072699
-0.034976
-0.046959
-0.070936
-0.011068
0.048821
-0.011064
0.000911
-0.058987
0.060809
0.048804
-0.023032
0.012884
-0.011061
-0.011063
-0.082946
-0.011074
0.024881
0.000911
0.012894
-0.035041
0.048844
0.024869
-0.070979
0.048844
0.084739
-0.035006
-0.082946
-0.035049
0.120729
0.096662
0.072664
-0.011044
-0.011045
0.024823
0.012865
0.012864
0.000911
0.000911
-0.034950
0.012867
0.024818
-0.046907
0.036777
-0.046913
0.000911
0.036781
0.012865
0.012864
-0.022995
-0.034959
0.000911
-0.070868
0.012878
-0.034993
0.024849
0.000911
0.000911
0.048770
-0.023015
0.024838
0.000911
-0.046947
0.000911
-0.011057
-0.035002
0.060759
-0.034993
-0.046981
0.000911
-0.094943
-0.095035
-0.035092
-0.047114
-0.047137
0.012925
-0.035136
-0.035149
0.024953
0.048977
0.048954
-0.011097
0.048936
0.012914
0.024912
0.000911
0.072880
0.000911
-0.047062
-0.011086
0.036898
-0.047073
-0.011089
0.012911
0.036902
0.000911
0.024898
-0.059066
0.012910
-0.023087
0.000911
-0.035097
0.012915
0.036915
0.036902
-0.023081
0.000911
0.000911
0.000911
0.000911
0.012908
0.048884
0.000911
-0.047062
0.024901
0.012904
0.024892
-0.011078
-0.011080
-0.011081
0.012904
-0.011081
0.000911
0.000911
-0.011083
0.000911
0.000911
-0.023081
-0.011087
0.012910
-0.023087
-0.011090
0.000911
0.036911
0.000911
-0.023087
-0.011090
-0.011091
0.012914
0.012912
-0.023093
0.012914
0.000911
0.000911
0.000911
-0.035101
0.012917
-0.023101
0.012918
-0.011096
0.012918
0.024921
0.012914
0.024912
0.012910
-0.023087
0.000911
0.012911
0.000911
0.012910
-0.011087
0.000911
0.024906
0.000911
0.000911
-0.023084
-0.011089
-0.011090
0.012912
0.012911
0.012910
0.012908
0.012907
-0.011084
-0.035084
-0.035097
0.024918
0.048907
0.012907
0.000911
0.024898
0.000911
0.000911
-0.011081
-0.011083
0.012905
0.048873
0.048850
-0.011071
0.012894
0.024872
-0.011068
0.012891
-0.023049
-0.011071
-0.035045
0.000911
-0.011077
-0.167075
0.084940
-0.107138
-0.011101
-0.023119
-0.107294
0.000911
0.000911
-0.252025
-0.216401
0.169973
END
