y[]
-0.011185
0.082103
-0.011176
0.055422
-0.011171
0.028777
0.015458
0.241475
-0.104153
0.042020
0.002145
-0.064322
0.028738
-0.011150
-0.184174
-0.064481
0.068772
-0.251273
0.282202
0.281419
0.068524
0.174525
0.002145
0.081605
-0.130323
0.028653
-0.103927
0.094965
0.015398
-0.170280
-0.104110
0.068568
-0.197257
0.042058
-0.170923
-0.024507
-0.318239
0.229191
0.162103
-0.077801
-0.091207
0.215393
0.081996
-0.037772
-0.011164
-0.024479
0.068692
0.188241
0.108331
0.068454
-0.157069
0.055245
0.055217
-0.104026
-0.011134
-0.050990
0.002145
-0.144122
0.214827
-0.037698
0.002145
-0.024426
-0.011143
0.015434
-0.051018
-0.011150
-0.051053
0.028748
0.015444
0.042031
-0.011148
-0.157514
-0.024489
-0.077801
-0.064526
0.055486
0.015476
-0.064526
0.015483
-0.077908
-0.011203
-0.024557
-0.064642
-0.158325
0.082413
0.015517
-0.011226
-0.024603
0.015521
0.002145
-0.037986
0.095760
0.028876
0.068941
-0.024568
0.042212
-0.011208
-0.037927
0.002145
0.082274
0.002145
-0.024557
0.068888
-0.077951
0.015499
-0.037921
0.002145
-0.011214
0.015505
0.015503
0.002145
0.068905
0.042180
-0.011198
-0.037895
0.015494
-0.037905
0.015497
0.015496
0.002145
-0.037911
-0.051288
-0.011217
0.002145
0.122346
-0.051259
0.055550
-0.037905
-0.051281
0.042217
-0.011210
-0.011212
-0.011214
0.162338
0.082145
-0.077855
0.042153
-0.077887
0.162145
0.121978
-0.024472
0.042068
-0.024468
0.121850
-0.051039
0.042036
-0.051046
-0.024461
0.015449
0.081933
0.095150
-0.011136
0.028706
-0.011134
0.081795
0.121501
-0.024366
0.200808
-0.103759
-0.064102
-0.103941
0.002145
-0.170486
-0.024440
-0.064348
0.055344
0.028734
0.028727
-0.024436
0.121707
-0.011132
0.015423
0.161339
0.002145
0.015400
0.041899
0.028639
-0.011101
0.055118
0.081552
0.028600
0.055034
-0.090429
-0.050793
0.068314
0.002145
-0.037550
-0.011090
-0.037571
-0.011097
0.028628
-0.077325
0.094854
0.055083
0.121154
0.041783
-0.063927
0.015363
0.054999
0.015355
0.002145
0.094561
-0.024250
-0.037461
-0.011060
0.054958
-0.011055
0.002145
-0.037466
0.002145
0.094549
0.252524
-0.037347
0.094269
0.094184
-0.063588
0.067879
-0.010998
0.028430
0.002145
-0.010996
0.015287
0.094087
-0.010984
0.041528
-0.116050
-0.076729
-0.024160
0.081041
-0.195210
0.041648
0.067948
-0.169031
0.054846
-0.090099
0.133898
0.107422
0.107312
0.015283
-0.089857
-0.063622
0.028458
0.067896
0.094124
-0.037264
-0.063571
0.002145
-0.024153
0.159833
0.041528
-0.089772
-0.037274
0.067835
0.002145
0.041539
0.028399
0.028392
-0.076615
0.067784
0.093967
-0.010967
-0.010969
0.028371
0.002145
-0.037196
-0.089712
0.028399
0.002145
-0.089772
-0.024132
-0.010996
-0.024143
0.120387
0.015275
-0.129226
0.002145
0.028433
-0.063588
-0.076792
0.041622
0.028454
0.081030
-0.024143
0.002145
-0.011001
-0.208436
-0.037388
0.002145
0.041679
-0.103312
-0.024236
-0.222381
-0.169892
-0.249827
-0.011134
0.134859
0.187650
-0.117068
0.094879
-0.011097
0.240241
0.054979
-0.302027
-0.011101
0.200650
-0.395259
0.015418
-0.064234
-0.170647
0.028748
-0.157578
0.427508
0.002145
0.108204
0.081616
-0.103829
-0.050884
-0.183679
-0.117496
0.068630
-0.197442
-0.157812
0.241986
0.135142
-0.170785
-0.211103
0.175444
0.002145
-0.051145
0.095385
-0.104422
0.188564
-0.290954
-0.024543
0.135514
-0.171269
0.135568
-0.077887
-0.077951
-0.144864
-0.225477
-0.131993
0.042406
0.096023
0.028951
-0.051474
-0.320176
0.002145
0.109701
0.203501
0.109370
-0.091670
-0.011264
0.390287
0.162316
-0.024532
0.188737
0.188390
-0.117543
-0.224325
-0.024532
-0.091281
0.082231
0.148802
-0.131170
0.028823
-0.144668
0.002145
0.015501
-0.011210
0.042207
0.135568
0.015478
-0.024521
-0.051209
0.148802
0.082049
0.028766
-0.091058
-0.037825
-0.184596
-0.118087
-0.198564
-0.024646
0.082499
0.109183
-0.051359
0.069022
0.068977
-0.118184
-0.118329
-0.091657
-0.011262
0.095960
-0.185573
0.002145
0.002145
-0.199373
0.015593
0.176794
0.015567
-0.011277
0.028987
-0.051546
0.028995
-0.185951
-0.092036
0.150104
-0.051633
-0.051661
-0.105555
0.056010
-0.051719
-0.024798
-0.065245
-0.065290
-0.092341
0.069645
-0.038349
0.015645
-0.403644
0.042799
0.029238
-0.079155
0.042804
-0.065628
0.029260
0.069901
-0.052055
0.056346
0.002145
-0.119847
-0.024984
-0.106447
0.083601
0.110649
0.056353
-0.024955
-0.065637
-0.038546
-0.079288
0.042870
-0.025003
0.070002
-0.106447
-0.079376
0.029327
0.002145
0.042903
0.029308
0.124287
0.015707
-0.052114
0.015713
-0.228755
0.205908
0.015715
0.029279
0.124154
-0.174138
0.191976
-0.038502
0.056339
-0.214804
-0.025006
0.056442
-0.079310
0.110738
-0.228755
-0.133928
-0.147749
0.015781
0.070298
-0.161498
0.056723
0.002145
0.002145
-0.134355
0.070419
0.015794
0.233895
0.097416
0.015748
0.165233
-0.038602
0.015730
-0.052202
-0.093034
-0.025066
-0.093151
0.151856
0.056530
0.015737
-0.161076
0.070186
-0.065896
-0.052321
0.070224
-0.011467
0.110989
0.056523
0.070076
-0.011437
-0.065794
0.083667
-0.174569
0.056552
0.042931
-0.120262
-0.038690
0.042981
0.097364
0.015741
-0.065849
-0.025066
-0.011463
0.097364
0.042926
0.056493
-0.092983
0.029334
0.029327
0.165078
0.015711
0.015709
0.002145
0.137683
-0.079155
0.096990
-0.092699
-0.052092
-0.052121
0.164857
0.002145
0.137537
-0.282388
-0.092879
0.354640
-0.336769
-0.283433
-0.011474
0.042998
-0.011470
-0.270557
0.165856
-0.352901
-0.203264
0.166506
-0.066306
-0.299597
0.057075
0.084484
0.180313
0.125307
-0.216913
0.043255
0.125374
-0.025226
-0.134822
-0.231131
-0.052822
0.098319
-0.314202
0.098531
-0.149359
-0.384542
0.126601
-0.122310
0.098957
-0.080831
0.209457
0.539152
0.084506
-0.080216
-0.341758
-0.039203
0.401128
0.166777
0.125441
0.466564
0.043020
0.029386
-0.202340
0.083990
0.356032
-0.079410
-0.133928
-0.120479
-0.106980
0.220278
-0.161409
0.301791
0.260210
-0.228723
0.409202
0.083358
0.797244
0.122878
0.189662
-0.373241
-0.105367
-0.469585
0.271978
-0.186661
0.029140
0.177430
-0.051756
0.002145
-0.213750
0.069663
-0.051865
0.015651
0.042650
0.217895
0.042547
0.002145
0.082899
0.029049
0.257367
-0.038110
-0.091846
0.042438
-0.118782
0.042471
0.337559
-0.145298
0.002145
-0.091795
0.122910
-0.132047
0.042422
0.055822
0.176396
-0.011248
0.042319
-0.064820
-0.064865
0.109341
0.042314
-0.051417
-0.185547
0.149648
0.055729
0.028926
0.135943
0.162466
-0.104707
0.015508
-0.104807
0.109097
-0.011217
0.108997
0.042185
0.028830
-0.077929
0.082220
-0.064579
-0.011205
0.015496
-0.051266
-0.078026
0.028876
-0.185121
-0.038029
-0.024646
-0.091682
-0.024679
-0.226150
0.082780
-0.091934
0.082791
0.122991
-0.038120
-0.118749
-0.118896
0.055959
-0.092048
-0.132571
0.002145
-0.065281
0.123480
0.230932
-0.051640
-0.240246
0.056061
-0.092226
-0.132826
-0.038381
0.177643
-0.065317
-0.173471
-0.227973
-0.011408
0.205246
-0.051975
-0.160390
0.042804
0.083413
-0.092673
-0.011408
0.110517
0.029220
-0.160412
-0.119947
-0.215276
-0.011459
0.097338
0.070085
0.042887
0.300410
0.069809
0.339778
-0.038310
-0.051821
-0.038349
-0.011356
-0.119452
-0.255046
-0.011409
-0.201396
-0.079387
-0.038646
0.273774
-0.147159
0.232795
0.096964
-0.160456
-0.092828
0.192002
-0.133430
0.286641
-0.065518
0.110385
0.069736
-0.119550
0.110327
0.123709
-0.173495
-0.146715
END
