y[]
0.013367
0.013366
0.013364
0.026167
0.000556
0.000556
0.038961
-0.012244
0.000556
-0.025049
0.013359
0.000556
0.000556
-0.012247
-0.012249
-0.025059
-0.025065
-0.012257
0.038990
-0.012254
-0.012256
0.038985
0.000556
-0.037874
0.064597
-0.012249
0.026164
-0.025052
-0.025059
0.026171
0.000556
-0.012251
0.026167
0.026161
-0.037854
-0.012251
0.038971
-0.025052
0.013361
0.000556
0.038961
0.026151
0.026144
-0.037829
0.000556
-0.025042
-0.012246
0.013358
-0.025049
0.000556
-0.025056
0.013362
0.000556
-0.025059
-0.012254
0.000556
-0.037883
0.000556
0.013371
0.000556
0.000556
0.000556
0.000556
0.000556
-0.012259
0.000556
0.013371
0.000556
0.026181
0.000556
0.000556
0.000556
-0.025069
0.000556
-0.012259
0.000556
0.013371
0.026181
-0.050700
0.000556
-0.025082
0.051825
-0.037893
0.000556
0.000556
0.026190
-0.012260
-0.012262
-0.012264
-0.012265
0.013377
-0.012265
0.013377
0.013376
0.000556
0.000556
-0.025085
-0.025092
0.026204
0.000556
0.039015
-0.012262
-0.012264
-0.012265
0.013377
0.000556
-0.012265
0.039015
-0.012262
0.013374
-0.012262
-0.025085
0.013377
0.000556
-0.012265
0.000556
0.013377
0.000556
0.013376
0.000556
0.013374
0.000556
0.000556
0.013372
0.000556
0.013371
0.000556
0.000556
0.000556
0.000556
0.000556
0.000556
0.013369
-0.025072
0.000556
0.026184
-0.025072
0.000556
-0.012260
0.000556
0.026187
0.026181
0.000556
0.038981
0.000556
-0.012251
0.013362
0.013361
0.013359
-0.012247
0.000556
0.026161
0.000556
-0.012246
0.000556
-0.025052
0.013361
0.000556
-0.025056
-0.025062
0.026174
0.000556
-0.012252
-0.025065
0.064597
-0.025056
0.000556
-0.037874
-0.025072
-0.012260
-0.012262
0.000556
-0.012264
0.013376
-0.012264
-0.050739
-0.063600
0.013390
-0.012279
0.013390
0.013389
0.000556
-0.012277
-0.025115
0.026227
0.026220
0.000556
0.013385
-0.012274
-0.012275
0.026217
0.000556
0.039035
0.000556
0.000556
0.026200
-0.025088
-0.025095
0.000556
0.026207
0.000556
0.000556
-0.025095
0.039030
-0.025092
0.026204
0.000556
0.064646
0.000556
-0.012259
-0.012260
0.013372
0.013371
0.000556
0.000556
-0.012259
-0.037898
0.000556
0.039010
0.000556
-0.012260
0.051812
0.038981
-0.012251
0.051772
-0.076278
-0.012256
0.179767
0.013344
-0.012233
0.051700
0.013338
0.102753
0.038853
0.013318
-0.037736
0.013322
0.064360
-0.037722
-0.012206
0.013318
0.000556
-0.012206
-0.024974
-0.012211
0.026089
-0.024977
0.013323
0.026086
-0.037741
-0.012213
0.013325
-0.012213
0.026092
-0.024980
0.000556
-0.037761
0.000556
-0.024997
-0.127305
0.000556
-0.114659
-0.025065
0.064597
0.064556
-0.012241
-0.037844
0.013358
-0.089090
-0.025072
0.026184
0.077400
-0.037859
-0.050687
-0.089182
-0.063592
0.051877
0.000556
-0.037933
0.039045
-0.179185
-0.050858
-0.102351
-0.038062
-0.025197
0.090663
-0.153964
0.077846
0.129240
-0.102378
0.000556
0.039168
0.013423
0.013422
-0.012310
0.026286
0.000556
-0.025174
-0.012312
-0.012313
0.013425
-0.025184
-0.012317
0.013428
-0.012317
-0.038072
0.000556
0.013433
0.000556
0.013432
0.013430
0.000556
-0.012318
0.000556
-0.025197
0.013433
0.000556
0.013432
-0.012320
0.000556
0.013432
0.000556
0.013430
0.013428
0.013427
0.000556
0.000556
0.000556
-0.012315
0.013427
-0.012315
0.000556
0.000556
0.013427
0.013425
0.000556
-0.038057
0.000556
0.026299
-0.012315
0.013427
-0.012315
0.000556
0.026296
0.000556
0.013423
0.000556
-0.012312
-0.025184
-0.025191
0.013430
-0.012318
0.000556
0.026303
0.013427
-0.012315
-0.012317
0.000556
-0.012318
-0.038076
0.000556
-0.038091
0.013440
0.000556
0.000556
0.000556
0.000556
0.013438
0.013437
0.000556
-0.012325
0.000556
0.000556
0.000556
0.000556
-0.012327
0.013438
-0.012327
0.013438
0.000556
0.000556
0.026316
-0.012323
-0.012325
0.000556
0.000556
0.000556
0.026316
-0.025204
0.026316
0.026309
0.013430
0.000556
0.013428
0.000556
0.000556
0.026296
0.026289
-0.012310
-0.025181
0.000556
0.000556
-0.025187
-0.025194
0.000556
0.013432
0.013430
-0.012318
0.013430
0.026299
0.052023
-0.025174
0.000556
0.026286
0.000556
0.026279
0.000556
0.039129
-0.025158
-0.025164
0.013417
0.000556
-0.012305
0.039134
0.013412
-0.012300
-0.012302
0.000556
-0.012303
-0.012305
-0.012307
-0.012308
0.013420
0.000556
0.013418
0.039134
0.013412
0.000556
0.013410
-0.012298
0.026263
0.000556
-0.012297
-0.038012
0.000556
-0.012303
0.026273
-0.038022
0.026276
-0.012303
-0.038032
0.013420
0.000556
-0.012308
0.026283
-0.038037
0.039149
0.000556
-0.257010
-0.012340
0.052129
-0.012335
0.026336
0.013443
-0.051004
0.000556
-0.012338
-0.012340
0.052129
0.129372
0.013428
0.090617
0.064836
-0.050865
-0.076624
0.013423
0.103437
-0.089459
0.000556
0.039144
-0.063765
0.103450
0.026263
0.051950
0.090432
-0.012279
0.039054
-0.089297
0.039074
0.000556
-0.050805
-0.012288
-0.037987
0.013405
0.000556
0.039094
-0.025134
-0.025141
0.064786
-0.050825
0.039094
0.013399
0.000556
-0.012287
0.026240
-0.037972
0.103265
-0.012277
-0.012279
0.000556
0.026223
-0.012277
-0.012279
0.013390
-0.012279
0.039054
0.064687
-0.012267
0.000556
0.000556
0.039020
0.000556
0.000556
0.013374
-0.063551
0.026204
-0.025092
-0.037928
0.026213
0.013382
0.064663
0.000556
0.013372
0.077420
-0.012251
0.026167
-0.037864
-0.050693
-0.037898
0.013376
-0.050733
-0.012270
0.013382
-0.025098
0.013384
0.000556
0.000556
0.000556
-0.025102
0.013385
-0.025105
0.013387
0.013385
0.000556
-0.012274
0.026213
0.000556
0.000556
0.013382
0.013381
0.000556
0.013379
-0.012267
0.000556
0.013379
-0.012267
0.000556
0.000556
-0.012269
0.000556
0.013381
0.013379
0.000556
-0.025092
0.000556
0.013381
0.000556
-0.012269
-0.037928
0.013385
-0.012274
-0.012275
0.000556
0.039045
0.000556
0.013382
0.013381
-0.012269
0.013381
0.000556
0.013379
-0.012267
0.013379
-0.025092
0.013381
0.013379
0.000556
-0.012267
0.013379
0.013377
0.000556
-0.012265
0.013377
-0.012265
0.000556
0.000556
0.000556
0.000556
-0.012267
0.013379
-0.012267
0.013379
-0.012267
0.013379
0.000556
0.013377
0.026194
-0.012262
-0.012264
0.013376
0.000556
-0.012264
-0.012265
0.026197
0.000556
-0.012264
0.013376
0.000556
0.013374
0.000556
0.000556
0.000556
-0.012262
0.000556
0.013374
0.000556
0.000556
-0.012262
0.026190
-0.012260
-0.012262
0.000556
-0.012264
0.000556
-0.012265
0.000556
-0.050746
0.013384
0.000556
-0.012272
0.026210
-0.025098
0.013384
-0.012272
0.026210
0.013381
-0.012269
-0.037928
0.000556
-0.037943
0.026223
0.000556
0.026217
-0.063608
-0.012282
0.064728
0.000556
-0.037943
0.013390
0.013389
0.000556
0.000556
0.000556
0.013387
0.051864
-0.025095
0.000556
0.000556
0.013382
-0.012270
0.026207
-0.025095
0.000556
-0.025102
-0.050779
0.000556
-0.012282
0.013394
0.013392
0.013390
-0.012279
0.000556
0.013390
0.013389
0.013387
-0.012275
0.013387
0.000556
0.051864
0.000556
-0.025095
0.039030
-0.025092
0.013381
0.000556
0.000556
0.026200
-0.063567
0.026210
0.000556
-0.012270
0.000556
0.026207
0.115904
-0.012254
-0.050700
-0.179046
-0.153646
-0.192532
-0.102577
0.065026
0.026332
0.026326
-0.012328
0.116453
-0.050937
0.000556
-0.050964
0.077826
-0.025194
-0.025201
0.129273
0.000556
-0.038042
-0.076684
0.064927
0.013425
-0.025184
0.052029
END
