y[]
0.074422
-0.032433
0.043876
0.028603
-0.078203
-0.078262
0.089709
0.013353
-0.078238
-0.047734
-0.139513
0.043981
-0.047797
-0.093750
0.120528
-0.032503
-0.063127
0.059310
0.028687
0.013386
-0.032499
-0.078425
-0.001908
-0.001908
0.028705
0.105166
-0.063080
-0.078425
0.028705
-0.001908
-0.047833
-0.063174
0.044044
0.105232
0.074550
0.166095
-0.032433
-0.001908
-0.032443
0.028626
-0.032443
0.043890
-0.108803
0.013369
0.074445
-0.001908
0.013355
0.089625
-0.093442
-0.001908
-0.001908
-0.032438
0.074398
-0.017165
-0.001908
0.013348
-0.062949
-0.093539
0.013369
0.059179
-0.032447
-0.001908
-0.032457
-0.001908
0.043911
-0.001908
0.013360
0.013358
-0.017174
-0.001908
-0.001908
-0.001908
0.013358
-0.001908
-0.017174
-0.001908
-0.017177
0.059151
-0.047699
-0.001908
0.013358
-0.001908
-0.001908
-0.032443
0.028626
-0.017174
-0.032447
0.013362
-0.001908
0.013360
0.013358
0.013355
0.013353
-0.017170
0.028612
-0.017167
0.028607
-0.001908
-0.001908
-0.001908
-0.017165
-0.001908
-0.032429
0.028612
-0.001908
-0.001908
-0.001908
-0.001908
-0.001908
-0.001908
-0.001908
-0.001908
-0.001908
-0.001908
-0.001908
-0.001908
0.043855
0.013341
-0.001908
0.013339
-0.001908
-0.001908
-0.001908
-0.001908
-0.001908
-0.001908
0.013337
-0.001908
0.074282
0.013323
-0.001908
0.013320
0.013318
-0.017135
-0.001908
-0.001908
0.013318
-0.001908
-0.001908
-0.017135
0.013318
-0.032364
0.013320
-0.001908
-0.032368
0.013323
-0.032373
-0.017144
-0.001908
-0.001908
0.013327
0.013325
-0.001908
-0.001908
-0.047616
-0.108640
-0.108754
0.028631
0.028621
-0.017172
-0.032443
0.013360
0.013358
-0.032443
0.028626
-0.001908
0.059132
-0.047685
0.013353
-0.124064
0.074457
-0.032447
-0.001908
0.043897
-0.017174
0.013358
0.013355
-0.017172
0.028617
-0.032433
0.074387
-0.017163
-0.078215
-0.017177
-0.017179
-0.001908
-0.001908
0.013362
-0.032452
0.028635
0.043890
0.028612
-0.017167
0.013351
0.013348
-0.001908
0.013346
-0.001908
-0.062940
0.028612
0.089597
-0.047651
-0.001908
-0.062930
0.013351
-0.047692
-0.017174
-0.001908
-0.001908
-0.001908
-0.001908
0.013358
-0.078262
0.013367
-0.047741
0.013372
0.028645
0.043904
0.028621
-0.047706
0.028626
-0.001908
0.043876
-0.139323
0.166018
0.120043
0.135109
-0.047560
0.089374
0.074097
0.043667
-0.017098
0.043653
-0.032280
0.058827
-0.047456
0.043639
0.028445
-0.001908
0.119414
-0.047387
-0.017073
0.013256
0.013253
0.013251
0.104144
0.013233
0.073763
-0.001908
-0.001908
0.043467
-0.047284
-0.001908
-0.001908
-0.017038
0.028349
-0.032166
-0.001908
0.013221
-0.001908
0.013219
-0.032166
0.058597
0.058560
-0.017022
-0.047263
0.013212
-0.001908
-0.047277
-0.047298
-0.001908
0.013224
-0.001908
-0.032175
-0.001908
-0.001908
-0.001908
-0.001908
-0.001908
-0.001908
0.103984
-0.047277
-0.017036
0.058588
0.013210
-0.107785
-0.062459
-0.047346
0.028385
0.088918
-0.077591
0.043508
0.058615
0.043460
0.013210
0.013208
0.013205
-0.017022
0.013205
-0.017022
0.013205
0.013203
0.028308
-0.001908
-0.047236
0.013203
-0.001908
-0.001908
-0.001908
-0.001908
-0.017020
0.013203
0.013201
-0.032129
-0.001908
0.013203
-0.001908
0.013201
-0.001908
-0.032129
0.013203
-0.017020
-0.001908
0.028312
0.013199
-0.017015
-0.032129
-0.001908
-0.001908
-0.001908
-0.047256
-0.001908
0.013210
-0.017027
0.013210
-0.001908
-0.001908
-0.017027
0.013210
0.013208
-0.001908
-0.017024
-0.001908
0.013208
-0.032143
-0.001908
-0.017029
-0.001908
0.028331
-0.001908
-0.001908
0.013208
-0.017024
-0.001908
-0.017027
0.013210
-0.001908
-0.001908
-0.017027
0.013210
-0.017027
0.013210
0.013208
0.013205
-0.017022
0.013205
-0.017022
-0.017024
-0.001908
0.013208
0.028317
-0.017020
0.028312
-0.001908
-0.017018
-0.001908
-0.001908
0.013201
0.028303
0.013194
-0.001908
-0.032115
-0.001908
-0.001908
-0.032124
-0.032134
-0.001908
-0.001908
-0.001908
0.013205
-0.017022
-0.017024
0.028321
-0.032138
-0.032147
-0.017031
-0.001908
-0.001908
-0.017034
-0.032166
0.028349
-0.017036
0.028344
0.043453
0.043433
0.013201
-0.001908
0.013199
0.058496
-0.032106
-0.001908
-0.001908
-0.062331
-0.032134
-0.017024
-0.001908
0.013208
0.013205
-0.032138
-0.122919
0.043488
0.013219
0.028340
-0.047284
-0.017038
-0.017040
-0.001908
-0.032179
-0.047332
0.028376
0.028367
-0.017045
-0.001908
-0.017047
0.043501
-0.017043
0.073740
0.028335
0.028326
-0.017024
-0.017027
-0.017029
0.013212
0.043440
-0.077500
-0.017034
0.043460
-0.017029
-0.062414
0.028349
0.013217
0.043453
-0.032147
-0.017031
0.028335
-0.017029
-0.001908
-0.001908
-0.047284
0.149263
0.028299
-0.001908
-0.092557
-0.017024
0.043433
-0.077488
0.013212
0.013210
-0.092652
-0.017040
0.179525
0.058496
0.103712
-0.062249
0.043351
-0.092447
0.028280
0.058442
-0.062258
0.013183
-0.152920
0.013203
-0.017020
-0.001908
0.058524
-0.092570
-0.017027
0.058551
-0.032134
-0.032143
0.028326
0.088740
-0.001908
0.013192
-0.017008
-0.032115
0.028299
-0.017011
-0.032120
-0.032129
-0.017022
-0.001908
0.013205
0.013203
-0.001908
-0.001908
-0.001908
0.013201
-0.062359
-0.001908
0.073649
-0.032124
-0.001908
0.013201
0.043405
0.013192
-0.092543
0.013203
0.013201
-0.017018
0.043412
-0.032120
-0.001908
0.028303
-0.001908
-0.032120
0.028303
0.028294
0.013189
-0.047208
-0.017013
-0.001908
-0.017015
-0.001908
-0.047243
-0.017024
-0.032147
-0.001908
-0.017031
-0.017034
0.013217
-0.001908
-0.001908
-0.032161
-0.001908
-0.017038
0.013221
-0.032170
-0.001908
0.028353
-0.032170
0.043481
0.028340
-0.017031
-0.001908
-0.001908
0.013214
0.013212
-0.001908
-0.001908
0.013210
-0.017027
-0.001908
-0.001908
-0.017029
-0.017031
0.013214
0.013212
-0.001908
-0.001908
0.013210
0.013208
-0.032143
-0.017029
-0.032156
-0.047298
-0.001908
-0.017043
0.013226
-0.062459
0.013233
-0.017050
-0.077649
-0.032221
-0.017068
-0.017070
-0.001908
0.028413
0.013249
0.013247
-0.032221
0.013249
-0.001908
0.028399
-0.017061
-0.017063
-0.001908
0.013247
-0.001908
0.013244
0.013242
0.028385
-0.001908
0.028376
-0.001908
0.013231
-0.001908
-0.032188
0.013233
-0.001908
0.013231
-0.017047
-0.001908
-0.001908
0.013231
-0.017047
0.013231
0.028363
-0.001908
0.028353
-0.047304
0.013226
-0.001908
-0.001908
-0.001908
0.013224
-0.017040
-0.047318
0.013231
0.013228
0.013226
-0.062459
-0.017052
0.028376
0.043501
-0.047318
0.028367
-0.001908
0.013226
0.028353
0.043467
0.013212
-0.017029
0.043447
-0.032143
0.013210
-0.032147
0.043447
0.043426
0.028303
-0.032120
-0.047243
-0.017024
-0.017027
0.013210
-0.047270
-0.032161
0.028344
0.013214
-0.017031
-0.017034
-0.032166
0.043474
0.013214
0.013212
-0.047277
0.013217
0.028335
-0.001908
-0.017029
-0.001908
-0.001908
-0.001908
0.013212
-0.017029
-0.047284
0.013219
0.013217
-0.032161
-0.017038
0.013221
-0.001908
-0.001908
-0.017038
0.028349
-0.001908
0.013217
0.013214
-0.001908
0.013212
-0.017029
0.013212
0.043440
0.028312
-0.032129
0.058524
0.013194
0.013192
-0.001908
-0.001908
0.028285
0.043364
0.088576
-0.001908
0.028235
0.013160
0.058342
-0.047093
0.088439
0.013142
0.013139
-0.032006
-0.047072
-0.016967
-0.001908
0.013151
-0.001908
-0.047093
-0.409487
-0.471927
0.089235
-0.047470
-0.290948
0.165532
0.210793
0.043612
0.073912
0.013249
-0.017066
0.255453
0.073660
0.013199
0.194274
0.028239
-0.001908
-0.062213
-0.001908
0.088535
0.058342
END
