y[]
0.014619
-0.015265
0.029559
-0.030205
-0.015267
-0.030219
0.014626
0.044510
-0.015265
0.029559
0.029550
-0.015259
0.014612
0.029541
-0.045123
0.014612
-0.000323
0.029541
-0.030187
-0.030196
0.044483
-0.015256
0.029541
0.104131
-0.104777
-0.104887
0.059441
0.029545
-0.000323
0.059387
0.029519
-0.045089
-0.015250
-0.015252
-0.000323
0.029532
-0.015250
0.044450
-0.030169
0.029523
-0.000323
-0.015245
-0.015247
0.044443
0.044423
0.044403
-0.015230
-0.000323
-0.030143
0.029496
0.029488
-0.000323
-0.030134
0.014583
0.014581
-0.000323
-0.030134
0.029488
-0.045043
-0.000323
-0.015234
-0.015236
-0.000323
0.044410
-0.000323
-0.000323
-0.030143
-0.015236
0.044410
0.029488
-0.000323
0.014579
-0.015225
0.029479
0.029470
-0.000323
0.014570
-0.030112
-0.000323
0.029465
-0.015216
-0.000323
0.014570
-0.015216
-0.000323
-0.000323
-0.045016
0.014577
-0.015223
-0.000323
-0.015225
-0.000323
-0.000323
-0.000323
-0.015227
0.014581
0.014579
0.014577
-0.000323
-0.015223
-0.015225
0.014579
-0.000323
0.014577
-0.030125
0.014579
0.014577
-0.000323
-0.015223
-0.015225
-0.000323
-0.015227
0.014581
-0.015227
-0.000323
-0.000323
0.014581
-0.000323
-0.000323
-0.015227
0.014581
-0.000323
0.014579
-0.015225
-0.030134
-0.000323
-0.000323
-0.000323
-0.030143
0.029496
-0.015232
-0.030147
0.029501
0.014586
-0.000323
0.029488
-0.000323
0.014579
-0.045036
0.029488
-0.015227
-0.015230
-0.000323
-0.000323
0.014583
-0.000323
-0.030138
0.029492
-0.000323
-0.030138
-0.015234
-0.000323
-0.000323
-0.015236
0.029501
-0.000323
-0.015234
-0.000323
0.014588
-0.015234
0.014588
-0.015234
-0.000323
0.014588
-0.015234
0.029496
-0.015232
-0.000323
-0.000323
0.014586
0.029488
-0.030134
0.014583
-0.000323
-0.000323
-0.015230
-0.030143
0.029496
-0.015232
0.029492
0.014581
-0.045043
0.029492
-0.000323
-0.000323
-0.000323
-0.000323
0.014581
-0.000323
-0.015227
0.029483
-0.015225
-0.000323
0.014579
-0.000323
-0.000323
-0.000323
-0.015225
0.029479
0.014574
-0.000323
-0.015221
-0.030125
0.014579
-0.045036
0.029488
-0.030134
0.074187
-0.030121
-0.074855
-0.015236
-0.015239
-0.060007
0.029523
0.029514
-0.030161
0.029514
0.014592
-0.000323
-0.015239
0.044416
-0.000323
-0.030147
0.059316
-0.000323
0.044383
-0.015223
-0.015225
-0.015227
0.014581
-0.000323
-0.000323
0.014579
-0.000323
-0.000323
-0.015225
0.014579
0.014577
0.014574
0.014572
-0.030116
0.014574
-0.000323
-0.030121
0.029474
-0.015221
-0.000323
0.029470
-0.045016
-0.000323
0.029474
-0.015221
-0.015223
-0.015225
-0.074867
0.044410
-0.045056
0.029501
0.014586
0.014583
-0.074878
0.044416
-0.015234
0.059307
0.014579
-0.015225
-0.015227
0.029483
0.059263
-0.015216
-0.045016
-0.089769
-0.074922
-0.000323
-0.000323
-0.015250
0.119026
0.029492
-0.030138
-0.045063
-0.015241
-0.060016
0.074287
-0.000323
0.029505
-0.104762
-0.089929
-0.045156
-0.060132
0.014632
-0.015279
-0.030241
-0.060185
-0.030268
-0.030277
-0.000323
0.029630
-0.015299
0.059566
-0.000323
-0.000323
-0.000323
0.029608
-0.000323
-0.045223
-0.015294
-0.030272
0.014653
-0.030277
-0.030286
-0.120263
0.059665
-0.015317
0.029662
0.059620
0.014657
-0.000323
0.014655
0.074533
-0.015290
0.014644
0.074477
-0.045196
-0.015285
-0.045223
0.029612
0.029604
-0.000323
-0.015285
-0.090144
-0.015301
-0.030286
-0.015308
0.059602
0.044597
0.044577
-0.030254
0.059530
-0.000323
-0.015283
0.029595
0.014632
-0.015279
0.029586
-0.015276
-0.000323
-0.000323
-0.000323
-0.000323
-0.000323
-0.000323
-0.015279
0.059485
-0.000323
-0.030223
-0.000323
-0.000323
-0.000323
-0.000323
-0.000323
-0.000323
0.014628
-0.030227
-0.000323
-0.015279
-0.000323
-0.000323
-0.015281
-0.000323
0.014635
-0.000323
0.014632
-0.015279
0.029586
-0.015276
-0.000323
-0.015279
0.014632
-0.015279
-0.000323
-0.000323
-0.000323
-0.000323
-0.015281
-0.000323
-0.015283
0.014637
-0.000323
0.029590
-0.015279
-0.075134
-0.000323
-0.000323
-0.000323
-0.000323
-0.000323
0.029608
-0.000323
0.014639
0.014637
-0.000323
-0.000323
0.014635
-0.000323
-0.015281
-0.000323
0.029590
-0.015279
0.029586
-0.015276
-0.000323
-0.015279
0.029586
-0.015276
-0.000323
0.014630
-0.000323
-0.000323
-0.000323
0.014628
-0.015274
-0.000323
0.014628
-0.015274
-0.000323
-0.000323
-0.000323
-0.000323
0.014628
-0.000323
-0.015274
-0.000323
0.014628
-0.030227
-0.000323
-0.030236
-0.000323
0.044543
-0.015276
0.014630
-0.030232
-0.030241
0.014637
-0.045210
-0.000323
-0.015290
0.044570
-0.030250
0.044564
-0.030245
-0.000323
-0.000323
0.044557
-0.000323
-0.000323
-0.000323
-0.000323
-0.000323
0.029586
-0.000323
-0.000323
0.014628
-0.075101
0.014637
-0.045210
-0.030259
-0.105169
0.029644
-0.000323
-0.000323
-0.045277
-0.045297
-0.045318
0.044671
-0.015319
-0.015321
0.029671
-0.015319
-0.030322
0.029675
-0.015321
0.029671
-0.000323
0.059638
-0.000323
-0.015310
-0.015312
0.029653
0.044624
0.014655
0.044597
0.089457
0.059485
-0.000323
-0.030223
0.029577
-0.030223
-0.015276
0.014630
-0.045190
-0.030245
0.044557
-0.000323
-0.000323
-0.075134
0.029608
0.029599
0.208882
0.059369
0.059334
-0.030147
-0.030156
0.059334
0.059298
-0.045036
0.044390
0.014577
-0.074844
0.029492
0.044383
-0.134501
-0.089875
0.089229
-0.015243
0.029514
0.104038
-0.000323
0.014577
-0.045029
0.103960
-0.149332
-0.119691
0.044456
0.104084
-0.015232
0.044396
0.014579
-0.074855
-0.059989
0.014597
-0.030165
0.029519
-0.089875
0.029537
-0.000323
0.029528
0.118991
0.029483
-0.059945
0.014586
-0.000323
0.044390
-0.000323
-0.030129
-0.000323
0.029483
-0.030129
0.014581
0.029479
-0.089755
-0.000323
-0.000323
-0.000323
0.044403
-0.015230
0.029488
-0.015227
0.014581
-0.015227
-0.015230
-0.000323
-0.074889
-0.000323
-0.104809
-0.000323
0.014610
0.029537
0.014603
-0.030178
0.059378
-0.015245
-0.000323
-0.060034
0.044463
-0.000323
0.014601
-0.000323
-0.015247
0.104100
-0.104746
0.014601
-0.000323
0.029519
0.014594
-0.000323
-0.030161
-0.000323
0.059343
-0.000323
-0.000323
0.014588
-0.000323
-0.015234
-0.000323
-0.015236
0.014590
-0.000323
-0.000323
-0.015236
-0.000323
-0.030156
-0.000323
-0.000323
-0.045089
-0.060042
-0.000323
0.014610
-0.030192
-0.000323
-0.000323
0.029545
-0.045129
-0.000323
-0.015263
0.044490
0.014610
-0.015256
-0.000323
-0.000323
-0.015259
-0.060087
-0.015270
-0.000323
0.014623
0.029563
-0.015265
-0.015267
-0.015270
-0.000323
-0.030223
0.044523
0.014621
-0.015267
-0.000323
0.014621
0.029559
-0.015263
-0.000323
-0.000323
-0.015265
0.014619
-0.015265
-0.000323
0.014619
-0.000323
-0.000323
-0.000323
-0.015265
-0.000323
0.014619
-0.000323
-0.015265
-0.000323
-0.000323
-0.000323
-0.000323
0.014619
-0.000323
0.014617
-0.015263
-0.015265
0.014619
0.014617
-0.000323
-0.015263
-0.030210
-0.000323
-0.000323
0.044503
-0.000323
-0.015263
-0.000323
0.029554
-0.015261
-0.015263
-0.015265
-0.015267
0.044503
-0.045149
0.044503
-0.030205
0.014619
0.014617
-0.030205
-0.015267
0.014621
0.044496
0.029545
0.014608
-0.015254
-0.000323
-0.030192
-0.000323
0.029545
0.029537
0.014603
0.014601
-0.015247
0.029523
0.059343
-0.030152
0.014592
-0.000323
-0.030156
0.014594
0.044416
-0.000323
-0.015234
-0.015236
-0.000323
-0.015239
-0.000323
0.029505
0.014588
-0.000323
0.044396
-0.000323
-0.030134
-0.015232
-0.015234
0.044403
0.014581
-0.015227
-0.015230
-0.030143
-0.000323
0.029496
-0.000323
-0.000323
END
