y[]
0.027428
-0.153022
0.096883
0.027436
0.041299
0.027417
-0.014186
-0.000319
-0.028058
0.013552
-0.014189
0.055152
-0.028050
-0.000319
0.055137
-0.014180
-0.069653
-0.014191
0.013554
0.027420
-0.014187
-0.041936
0.041299
0.013550
0.055137
0.055106
-0.000319
-0.000319
-0.028027
0.041241
0.013531
-0.041873
-0.000319
-0.014174
0.013536
-0.000319
-0.000319
-0.000319
0.041235
-0.028020
0.055075
0.027367
-0.014161
0.013523
-0.028004
-0.000319
-0.069566
0.013534
0.041230
0.027371
0.013523
-0.028004
0.041207
-0.014159
-0.041850
-0.000319
0.027371
0.027363
-0.000319
0.013519
-0.014157
-0.028000
-0.152705
-0.014184
-0.069672
-0.000319
0.041299
-0.028062
-0.014193
0.013556
-0.014193
0.027428
0.027420
-0.000319
-0.014187
-0.000319
-0.028062
-0.028070
0.013558
-0.028073
0.027436
-0.000319
-0.014195
-0.000319
-0.000319
-0.000319
-0.000319
0.013558
-0.014195
-0.000319
0.013558
-0.014195
-0.000319
0.013558
0.013556
0.013554
-0.014191
0.013554
0.013552
0.041281
-0.014184
-0.000319
-0.014186
-0.014187
-0.014189
0.027420
-0.028058
-0.000319
-0.014191
-0.000319
-0.000319
-0.028070
0.013558
-0.014195
-0.000319
-0.000319
-0.000319
-0.000319
-0.000319
-0.000319
-0.000319
0.013558
0.013556
0.013554
-0.028066
-0.000319
0.013556
0.013554
-0.014191
-0.014193
0.013556
0.013554
-0.000319
-0.000319
-0.000319
-0.000319
-0.000319
-0.014191
0.013554
-0.000319
-0.000319
-0.000319
-0.000319
-0.000319
0.027420
-0.014187
-0.000319
-0.000319
-0.028062
-0.000319
0.013554
-0.014191
0.013554
-0.000319
-0.014191
-0.000319
-0.014193
-0.014195
-0.000319
-0.000319
0.013558
0.013556
0.041293
0.027413
-0.014184
0.013546
-0.028050
-0.000319
0.027413
-0.028050
-0.000319
-0.000319
-0.014187
-0.000319
0.027417
-0.028054
0.013550
0.013548
-0.014186
-0.000319
-0.014187
-0.000319
-0.055813
0.041304
0.055152
0.013544
-0.000319
0.027401
0.027394
-0.041890
-0.014180
0.027401
-0.014178
0.013540
0.027394
-0.014174
-0.055759
0.027405
0.027397
-0.014176
-0.014178
-0.014180
-0.000319
-0.000319
-0.000319
-0.000319
-0.000319
-0.014182
-0.014184
-0.000319
0.068986
-0.000319
-0.000319
-0.014176
-0.014178
0.027397
-0.000319
-0.014176
0.013538
-0.014176
-0.000319
-0.028039
-0.000319
-0.014182
0.027405
-0.028043
0.013544
-0.000319
-0.000319
-0.014182
0.013544
-0.014182
-0.000319
0.013544
-0.000319
0.027401
-0.000319
-0.000319
0.013538
-0.014176
0.013538
-0.014176
-0.041902
-0.028050
0.096708
0.082772
0.013523
-0.000319
-0.041850
0.041212
-0.041850
-0.000319
-0.000319
0.013527
0.027367
-0.000319
-0.028004
-0.000319
-0.000319
0.013525
0.013523
0.041195
-0.000319
-0.014155
0.013517
-0.041833
0.027359
-0.014157
-0.041844
-0.055713
0.013533
-0.028023
0.027386
-0.041879
0.027390
-0.028027
0.041241
-0.041879
-0.041896
-0.097399
0.013556
0.013554
0.013552
-0.041936
0.041299
-0.000319
0.027417
0.041270
-0.028043
0.013544
-0.000319
-0.014182
0.027405
-0.014180
0.027401
-0.000319
0.068948
-0.000319
0.013529
0.041212
-0.014161
-0.000319
0.013523
-0.000319
-0.014161
-0.014163
0.041207
-0.041844
0.027367
-0.000319
0.013521
-0.014159
-0.055697
-0.014168
-0.041879
-0.000319
0.013536
-0.000319
-0.000319
0.013534
-0.014172
-0.000319
-0.014174
-0.000319
0.055091
-0.000319
0.027374
0.082715
-0.027989
-0.000319
-0.000319
-0.000319
-0.041838
0.013523
-0.000319
-0.000319
-0.014161
-0.000319
-0.000319
-0.014163
-0.000319
0.013525
-0.014163
-0.000319
-0.014164
0.013527
-0.000319
-0.014164
0.013527
-0.000319
-0.000319
-0.014164
0.027371
-0.000319
0.013523
-0.000319
-0.000319
-0.000319
0.013521
-0.000319
-0.000319
-0.028000
-0.000319
0.013523
-0.014161
-0.000319
0.013523
-0.014161
0.013523
-0.028004
-0.000319
-0.000319
0.013525
-0.000319
-0.014163
-0.014164
0.013527
-0.000319
-0.000319
0.027367
-0.014161
-0.000319
-0.014163
0.013525
-0.000319
-0.000319
-0.000319
0.013523
-0.028004
-0.000319
0.013525
-0.014163
0.013525
-0.000319
-0.000319
0.013523
0.013521
-0.000319
-0.000319
0.013519
-0.000319
-0.000319
-0.000319
-0.000319
0.013517
-0.027993
0.013519
-0.014157
-0.014159
-0.028004
0.027367
-0.000319
-0.014161
-0.000319
-0.014163
-0.000319
-0.014164
-0.000319
-0.000319
-0.000319
0.013527
0.013525
-0.014163
-0.000319
-0.000319
-0.014164
0.013527
0.027367
-0.000319
-0.000319
0.013521
-0.028000
0.041201
0.013517
0.096480
-0.014141
-0.000319
0.027325
0.027317
-0.014136
0.013498
-0.000319
-0.027955
0.013500
0.013498
-0.000319
-0.014136
-0.000319
-0.014138
0.013500
-0.027958
-0.000319
0.013502
-0.027962
0.013504
-0.000319
0.013502
-0.014140
0.013502
-0.014140
-0.000319
-0.000319
0.013502
-0.014140
-0.000319
-0.014141
-0.000319
-0.000319
-0.014143
-0.000319
0.013506
-0.000319
-0.000319
0.013504
-0.014141
0.013504
0.013502
-0.000319
0.013500
0.013498
-0.014136
-0.000319
0.013498
-0.000319
-0.000319
-0.000319
-0.000319
-0.000319
-0.027955
-0.000319
-0.000319
-0.000319
-0.014140
-0.014141
-0.000319
-0.000319
0.013504
-0.000319
-0.014141
0.013504
0.013502
0.013500
-0.014138
-0.000319
-0.014140
-0.000319
-0.000319
-0.014141
-0.000319
0.013504
-0.014141
-0.027970
0.027332
-0.014143
-0.000319
-0.027974
0.013510
-0.014147
-0.014149
0.013511
-0.014149
-0.000319
0.013511
-0.014149
0.027340
-0.000319
-0.000319
-0.014147
-0.000319
-0.000319
-0.014149
0.013511
-0.000319
-0.014149
0.013511
-0.000319
-0.014149
0.013511
0.013510
-0.000319
0.027332
-0.000319
-0.000319
-0.000319
0.013504
-0.027966
-0.000319
-0.014145
-0.000319
-0.000319
-0.000319
-0.014147
0.027336
-0.000319
-0.000319
-0.000319
-0.000319
0.013506
-0.000319
-0.014143
-0.000319
-0.014145
0.013508
0.013506
-0.014143
-0.014145
-0.014147
-0.027981
-0.027989
0.013517
-0.027993
-0.000319
0.027355
0.013515
-0.041827
-0.000319
0.027355
-0.014155
-0.000319
-0.000319
0.027351
-0.014153
-0.000319
-0.000319
-0.014155
0.027351
-0.000319
0.013513
0.027340
0.013508
-0.000319
-0.027974
0.013510
-0.014147
-0.014149
-0.000319
0.013511
0.013510
-0.000319
-0.000319
0.013508
-0.000319
-0.000319
-0.000319
-0.014145
0.013508
-0.014145
-0.014147
0.054983
-0.000319
-0.000319
0.013502
-0.027962
-0.014143
-0.000319
-0.014145
-0.027978
-0.000319
-0.014151
0.013513
0.013511
0.041161
-0.027970
0.027332
-0.000319
-0.014143
-0.014145
-0.000319
-0.000319
-0.014147
0.013510
0.013508
-0.000319
-0.000319
-0.027974
0.013510
-0.000319
-0.014147
-0.000319
-0.014149
-0.000319
-0.000319
0.013511
0.013510
-0.041810
-0.000319
0.027344
0.027336
-0.000319
-0.000319
-0.000319
-0.000319
0.041149
0.013500
-0.055606
0.027328
-0.014141
0.027325
-0.014140
0.013502
-0.027962
0.013504
-0.000319
-0.027966
-0.000319
-0.014145
0.013508
-0.041804
0.013511
0.013510
-0.014147
-0.000319
-0.000319
-0.000319
0.013510
-0.000319
-0.041810
0.096467
0.054945
-0.027947
0.054930
-0.014128
-0.014130
0.068718
-0.014122
0.013485
0.013483
0.041075
-0.027913
-0.027920
-0.027928
-0.014126
0.013489
0.013487
0.027286
0.013481
-0.014119
-0.055537
-0.000319
0.054899
-0.000319
-0.014120
-0.041735
-0.000319
-0.000319
0.013489
-0.000319
0.013487
-0.014124
-0.097011
0.027317
-0.193930
-0.055705
-0.055736
0.013538
0.041241
-0.055736
0.110485
-0.014163
0.013525
0.013523
0.013521
0.041189
-0.014153
-0.014155
-0.027997
-0.014161
-0.014163
0.013525
-0.000319
-0.000319
0.041201
-0.000319
-0.014157
0.013519
-0.000319
-0.014157
-0.041844
0.013525
END
