y[]
0.013039
0.085335
0.037112
-0.083340
0.097345
-0.131540
-0.035190
0.025099
-0.071385
0.037173
0.013043
-0.023140
-0.023146
-0.119747
0.073437
-0.059393
0.061358
-0.131892
0.049321
-0.095718
0.025166
-0.035295
0.000982
0.061438
-0.023195
-0.011109
-0.047397
-0.035317
0.049379
-0.011115
0.013079
-0.083727
-0.071683
0.037322
0.013093
-0.011128
0.025201
-0.035348
0.037313
-0.035348
0.000982
-0.035361
0.000982
0.025213
0.061533
-0.035344
0.037309
0.013088
-0.011123
-0.059569
-0.023248
0.013099
0.000982
0.049432
-0.023239
0.013094
0.000982
0.000982
0.013093
0.025198
0.073595
-0.071630
0.049397
-0.023222
0.158206
-0.095741
0.013078
0.037260
0.025160
0.025155
-0.083645
0.061438
0.025155
-0.011103
0.025152
0.000982
0.000982
0.013065
-0.011100
-0.011101
0.013066
-0.011101
0.013066
0.013065
-0.023184
0.000982
0.000982
0.013066
-0.023187
0.000982
0.013068
0.000982
-0.011103
-0.011104
0.013069
-0.011104
-0.023195
0.000982
0.013072
0.000982
0.025157
0.000982
0.013068
-0.011103
-0.059466
0.013075
0.037252
-0.011106
-0.035291
0.000982
0.013075
0.013074
-0.011109
0.013074
0.025160
0.000982
0.013069
0.000982
0.025152
0.000982
-0.011101
-0.011103
0.013068
-0.011103
-0.023193
-0.023198
0.000982
0.025163
0.013071
-0.011106
0.013071
0.025155
0.000982
-0.011103
-0.011104
-0.011106
0.000982
0.013071
0.000982
0.025155
0.013066
0.013065
0.013063
0.000982
0.013062
0.013060
-0.035256
0.013063
0.013062
0.000982
-0.011097
0.000982
0.000982
0.000982
0.013062
0.000982
0.000982
0.013060
-0.011096
0.037212
0.000982
0.049268
-0.023158
-0.011090
0.013055
-0.011090
-0.011091
-0.011093
-0.023172
0.049286
-0.023166
0.013058
-0.071490
0.013065
0.013063
0.025140
-0.023175
0.025140
0.013059
-0.035252
-0.071525
0.121799
-0.023169
0.013059
0.037203
-0.047315
-0.023175
-0.011098
-0.047356
0.013069
-0.047373
0.013074
0.013072
-0.023198
0.000982
0.013074
0.013072
-0.035291
-0.071604
0.085662
0.013074
0.000982
0.037247
0.000982
-0.023193
0.013071
-0.023195
-0.023201
0.061431
0.025152
-0.035273
-0.023195
0.049333
0.000982
-0.035278
-0.011107
0.000982
0.013072
0.025157
-0.023193
0.013071
-0.023195
0.013072
0.025157
-0.011104
0.013069
0.000982
0.013068
-0.011103
-0.011104
-0.011106
-0.023198
-0.023204
-0.011113
-0.023213
0.025178
0.000982
0.061446
0.025157
0.000982
0.013068
0.000982
0.013066
-0.035273
0.000982
0.000982
-0.023195
-0.011109
-0.059495
-0.023219
-0.011120
0.000982
-0.047444
0.037304
-0.035339
-0.023239
0.025204
0.000982
0.000982
0.049409
-0.023228
0.037295
0.013084
0.013082
0.013081
0.025175
0.013077
0.013075
-0.011110
-0.071604
0.013084
-0.023222
-0.047444
-0.011128
-0.011129
0.025204
0.037304
-0.035339
-0.011128
0.025201
0.013090
0.013088
-0.035339
0.000982
0.000982
0.109908
-1.375326
0.099046
-0.011270
-0.048043
-0.011278
-0.035807
0.123562
0.049972
-0.060258
0.013234
0.013232
0.000982
-0.035771
0.025486
0.062216
-0.011261
0.000982
-0.011263
0.025471
-0.023506
0.025471
0.086646
0.013214
0.013213
0.013211
0.013210
0.025432
-0.011242
0.025429
-0.011240
0.000982
-0.084618
-0.023488
0.037686
-0.011251
0.025447
0.025441
-0.035708
0.013214
-0.011249
0.013214
0.013213
-0.011248
-0.023482
0.013216
0.013214
0.000982
0.037668
-0.035704
0.013213
0.013211
-0.023476
0.000982
0.000982
0.000982
0.000982
0.000982
0.062118
-0.011242
0.025429
-0.023464
-0.023470
0.000982
0.013210
0.025432
-0.023467
-0.023473
-0.011248
0.025441
-0.047941
-0.060206
0.013223
-0.011258
-0.023503
-0.035757
-0.011267
0.000982
0.049972
0.000982
-0.011263
0.000982
0.049954
0.221058
-0.023447
0.049834
-0.035654
0.098651
0.013184
0.025382
0.037570
0.110665
-0.035565
-0.047768
0.049733
0.086239
-0.011193
-0.023372
0.122696
-0.035516
0.049644
0.000982
0.000982
0.025304
-0.047667
0.049632
-0.096341
0.073984
-0.059848
-0.011188
-0.035538
-0.023372
0.013161
-0.023375
-0.011199
-0.023384
0.049709
0.086198
-0.059878
0.000982
-0.011194
-0.035556
0.110558
0.073966
-0.035503
0.037468
0.073913
0.025281
0.037419
-0.023307
-0.047614
-0.023325
-0.011173
0.037446
-0.023325
-0.047650
0.013143
-0.023340
0.037463
-0.011176
-0.011178
0.037459
-0.011175
-0.084160
0.037481
-0.011182
-0.023351
-0.072055
-0.072108
-0.072162
0.025370
0.013174
0.037548
-0.023393
0.086270
-0.011197
-0.023381
-0.011202
0.013166
0.000982
-0.072144
0.122830
-0.035556
0.025343
-0.072117
-0.023396
0.074100
0.147057
0.025307
0.061769
0.049585
-0.011166
0.000982
0.049567
0.146596
-0.035401
0.000982
0.158549
-0.011129
0.170412
0.025163
-0.047385
-0.047409
0.000982
-0.168571
-0.011139
0.000982
-0.035392
0.013109
0.037353
-0.011139
0.000982
0.037344
-0.035379
-0.011141
0.073701
0.049432
-0.023239
-0.035361
-0.071745
0.000982
-0.023272
0.013110
0.025234
0.025228
-0.011139
-0.096046
-0.156890
0.013135
-0.071957
0.037459
-0.023334
-0.047667
0.025310
-0.059848
-0.023360
0.086156
-0.059848
-0.023360
-0.096448
0.049709
0.000982
0.037512
-0.023369
0.025334
0.025328
-0.023363
0.049668
0.061806
0.025302
0.049603
0.049579
-0.071922
0.061740
0.110252
0.037379
0.085857
0.049450
0.037317
0.049409
0.061482
-0.047414
0.037282
-0.011116
0.073551
0.013072
0.000982
0.013071
0.025155
0.013066
-0.023187
0.000982
0.025152
-0.011101
0.013066
0.121741
0.025117
-0.011084
-0.023155
-0.035234
-0.023169
0.000982
-0.011096
0.000982
-0.023178
-0.011100
-0.023187
0.013068
0.000982
-0.047368
0.000982
0.013072
0.025157
0.025152
0.013065
0.013063
0.025140
0.000982
0.025134
-0.023169
-0.011096
0.037212
0.000982
-0.011093
-0.023172
0.013060
-0.023175
0.000982
0.000982
0.013062
0.000982
0.000982
0.000982
0.025137
-0.011094
0.000982
0.013059
0.013058
0.025128
0.000982
-0.023163
-0.023169
0.013059
-0.011094
-0.035256
0.025143
0.000982
0.037212
-0.023169
0.013059
-0.023172
0.037212
-0.023169
0.013059
0.000982
0.000982
0.000982
0.025131
0.000982
0.013055
-0.011090
0.013055
0.025122
-0.023158
0.000982
0.013053
0.000982
0.169820
0.025079
-0.011065
0.000982
-0.011066
0.000982
-0.107523
0.073333
0.085325
0.000982
0.000982
-0.023108
0.000982
-0.011065
-0.035169
0.000982
0.025085
0.000982
-0.011068
0.109384
0.025056
0.000982
-0.023091
-0.011056
-0.011058
-0.011059
0.013024
0.013023
-0.023099
0.025064
-0.023099
0.037103
-0.011056
-0.035143
-0.071307
-0.011071
0.000982
-0.011072
0.049193
0.037125
0.013027
-0.023108
-0.011065
-0.071333
0.025093
-0.047245
0.037155
0.049193
-0.047228
-0.035190
-0.011078
-0.011080
0.000982
0.025105
-0.023140
-0.023146
0.000982
-0.035221
-0.023160
-0.023166
-0.083584
0.000982
0.037234
-0.011100
0.013065
0.025143
-0.011097
-0.119893
0.037260
0.037247
0.061394
0.000982
-0.047344
-0.071551
0.049344
-0.011106
-0.011107
0.037247
0.013068
-0.011103
-0.035282
-0.107891
0.037287
-0.023219
-0.071657
-0.071710
-0.059635
-0.168941
-0.059775
0.000982
0.025290
-0.181466
-0.084274
-0.059960
-0.072197
0.013183
-0.194402
-0.047923
-0.158127
-0.084797
0.147987
0.037700
-0.072466
-0.072520
0.172404
-0.035726
-0.084723
-0.109318
-0.170839
0.307599
0.098902
-0.035726
0.294274
-0.023426
0.000982
-0.096710
0.086468
-0.023435
0.074216
0.049775
0.135039
0.086198
0.025316
0.134713
-0.096258
0.061769
0.073878
END
