y[]
0.002275
-0.048648
0.040470
-0.023186
0.015007
-0.023190
0.002275
0.015008
0.015007
0.002275
0.002275
0.015005
-0.023186
0.015007
0.002275
0.002275
0.015005
-0.010455
0.027733
0.002275
-0.010453
-0.023186
0.027737
0.002275
-0.010455
0.002275
-0.010456
0.002275
0.015007
-0.023190
0.002275
-0.010460
0.015010
-0.048674
-0.010466
0.027756
0.015013
-0.010463
0.002275
0.015013
0.015012
-0.023199
0.015013
0.002275
0.015012
-0.023199
-0.010464
-0.010466
0.002275
-0.023212
0.040504
-0.010466
0.015016
0.015015
0.002275
0.002275
0.002275
0.002275
0.040484
-0.023196
-0.023203
0.002275
0.002275
0.002275
0.002275
-0.010466
0.027756
0.002275
-0.010464
0.015015
0.002275
0.002275
0.002275
-0.010464
-0.010466
0.015016
-0.023209
0.015018
0.040494
-0.061431
-0.048719
-0.023232
0.015029
0.027779
-0.048739
-0.036002
-0.189332
-0.036090
0.053426
-0.010510
-0.023300
-0.036100
0.040651
-0.061692
-0.048928
-0.087394
-0.100302
0.066398
-0.049020
0.104839
-0.048994
0.053544
0.066324
0.002275
0.002275
-0.010531
0.015082
-0.010531
-0.048967
0.027900
0.015085
-0.023346
0.040705
0.079090
-0.036125
0.053472
0.002275
0.002275
0.015070
0.015069
-0.023313
0.002275
-0.010522
0.002275
0.040660
-0.036110
0.002275
-0.048928
0.104656
0.002275
0.053426
0.002275
-0.010510
-0.010512
0.015062
-0.189700
0.040700
-0.010531
-0.100236
0.002275
0.002275
0.040729
0.040715
0.002275
-0.023349
-0.190119
0.194669
-0.151610
0.104892
-0.010546
-0.087520
-0.023395
-0.087624
0.181993
-0.061873
-0.190415
-0.049172
0.040863
0.015134
-0.087774
-0.087856
-0.087937
0.015168
-0.010617
-0.023515
0.053848
-0.062195
-0.010624
0.092534
-0.049291
-0.178417
0.015193
-0.101111
0.066904
-0.049424
-0.023585
-0.036527
0.002275
0.054008
0.028132
0.118547
0.015186
0.002275
-0.010636
0.002275
-0.075224
-0.049424
0.028128
0.079795
0.131341
-0.088053
0.015184
-0.010634
0.002275
0.079705
-0.023528
-0.036442
0.015183
0.079685
-0.062228
-0.088100
-0.191661
0.079895
-0.127124
0.041113
-0.049511
-0.166217
0.028216
-0.062588
0.080106
0.041168
0.067063
-0.127342
-0.049619
-0.075617
-0.023702
0.093167
0.093084
-0.075556
-0.049646
-0.036683
-0.010714
0.015265
0.002275
-0.010714
0.054223
0.002275
0.067172
0.028222
0.015246
0.015245
-0.023665
0.002275
0.015246
0.002275
0.015245
-0.010694
0.002275
0.002275
-0.010696
0.054149
0.002275
0.002275
-0.036628
0.028212
0.002275
0.028205
0.002275
-0.010689
0.041163
0.002275
0.002275
0.015234
0.015233
0.002275
0.015231
-0.010681
0.002275
0.015231
-0.036598
-0.036613
0.041163
0.041148
-0.023638
0.028189
0.015229
0.015228
-0.036587
-0.010682
0.015233
0.028185
0.002275
0.015228
-0.036587
0.041138
-0.010677
0.002275
0.002275
0.028179
-0.010676
-0.010677
0.015228
0.002275
-0.010677
-0.010679
-0.010681
0.002275
0.002275
0.002275
0.015231
0.015229
0.002275
-0.010679
0.015229
0.002275
0.015228
0.015226
-0.010676
0.002275
0.002275
-0.023632
0.015229
-0.023635
-0.010682
0.015233
-0.023642
-0.023648
-0.010689
-0.010691
0.002275
-0.010692
0.028209
0.054122
0.002275
-0.023645
-0.010687
0.015238
0.002275
-0.036618
0.002275
0.002275
-0.023662
-0.010696
0.067113
-0.010689
-0.010691
-0.036633
-0.023672
-0.062622
-0.062664
-0.049707
0.067248
0.002275
0.015265
0.002275
-0.049693
-0.153792
-0.036780
-0.049822
-0.128086
0.054440
-0.010763
0.015314
0.015312
-0.036841
-0.062952
0.015324
-0.049931
0.002275
-0.010781
-0.089162
-0.089246
0.054583
-0.036953
-0.036969
0.093820
0.002275
0.002275
-0.036948
0.002275
-0.010803
0.015353
0.093772
-0.023858
0.028409
0.028402
-0.036917
-0.036933
0.119853
-0.102232
0.067605
0.002275
0.067562
0.041427
0.041412
-0.036861
-0.062986
0.015331
-0.010781
-0.089162
0.028409
-0.010791
0.419540
0.106320
0.015273
0.002275
-0.049727
-0.049754
0.080309
-0.062749
-0.140926
0.054372
0.054345
0.249237
0.041213
-0.049646
0.106090
0.054142
0.092978
-0.088428
-0.179378
-0.062681
0.197017
-0.088557
0.093108
-0.049619
-0.088604
-0.075687
-0.010724
-0.140833
-0.075870
-0.049856
0.132551
-0.010745
-0.010746
-0.088924
-0.062918
-0.167427
-0.102300
0.119915
-0.076136
0.028419
0.158995
0.015324
-0.049931
-0.036897
-0.010786
-0.089198
0.106809
0.054501
-0.089138
0.067579
0.002275
0.158831
-0.010762
0.184638
0.067324
0.002275
0.028283
0.015277
0.041269
0.015270
0.054237
0.080167
-0.088604
-0.075687
0.015273
0.080228
-0.062681
-0.088734
0.015282
0.015280
0.002275
-0.023736
0.132264
-0.062698
-0.075748
0.041294
0.028280
-0.101783
-0.075840
0.002275
0.054359
-0.049808
-0.062867
-0.075952
0.067468
0.041371
-0.049856
0.028344
0.028337
-0.036820
0.002275
-0.049876
0.184686
0.054331
0.028293
0.002275
0.028286
0.002275
-0.010730
0.002275
-0.010731
0.002275
0.015282
-0.049761
-0.023753
0.015290
-0.023756
0.002275
-0.036785
0.015297
0.054345
-0.010740
0.002275
0.015290
0.028300
-0.049781
0.054331
0.015285
0.002275
-0.010735
0.015285
0.015283
0.015282
0.015280
0.028280
0.015275
-0.010724
0.054264
0.002275
0.028259
0.002275
0.054223
-0.010709
0.015260
-0.023695
0.002275
0.002275
0.002275
0.015261
-0.010711
-0.010713
0.002275
-0.010714
0.015265
0.015263
-0.010713
-0.010714
0.015265
0.015263
0.015261
0.015260
-0.010709
0.015260
-0.023695
0.002275
-0.010713
0.015263
-0.010713
0.002275
0.015263
-0.023702
0.002275
0.028253
0.002275
-0.010713
0.028249
0.002275
0.002275
-0.036688
0.028253
-0.010713
0.002275
0.028249
-0.010711
0.015261
0.028242
-0.023692
0.041224
-0.010706
0.028236
0.002275
-0.010704
0.041208
-0.010701
-0.023682
0.015255
-0.023685
0.041213
-0.088604
0.080177
0.015253
-0.049646
-0.023695
0.041229
0.002275
-0.010708
0.015258
-0.010708
-0.036683
-0.010714
-0.023709
0.002275
-0.049713
0.015275
0.002275
-0.049734
0.002275
-0.023739
0.054298
0.041274
0.041259
0.028256
-0.010714
-0.010716
0.041244
-0.062681
0.054243
-0.010714
0.002275
0.015265
0.002275
0.041234
0.015258
0.015256
-0.010706
0.015256
-0.023689
0.028239
-0.023689
-0.023695
0.015261
0.041224
0.015255
-0.010704
0.028232
0.002275
0.002275
-0.049646
-0.023695
0.041229
0.002275
-0.010708
0.015258
-0.023692
-0.036688
-0.023709
0.015268
0.015266
-0.049700
0.041259
-0.023712
-0.010721
-0.036724
0.041274
0.015271
-0.010721
0.015271
-0.036719
0.054264
-0.153772
0.067324
0.145234
-0.036693
-0.010718
0.002275
-0.101729
0.067290
0.028269
-0.036719
-0.127815
-0.036785
0.002275
-0.075891
-0.075952
0.041396
0.119547
0.067367
0.002275
0.028300
0.002275
-0.023750
-0.049795
0.002275
0.054345
-0.036775
-0.010745
0.054345
0.002275
0.184306
-0.036704
0.002275
0.002275
-0.036719
0.067257
-0.023712
0.015270
-0.023716
-0.023722
0.054264
0.041249
0.015263
0.080167
0.041198
0.054149
-0.062571
0.028219
0.002275
0.028212
0.002275
-0.023662
0.015245
0.041173
0.092978
0.079955
0.092826
-0.023588
-0.010659
-0.010661
0.041077
0.105674
-0.062337
0.041047
0.079775
0.053908
-0.088100
0.002275
-0.101111
-0.010656
-0.036527
-0.023601
0.002275
0.002275
-0.010666
0.002275
-0.010667
0.002275
-0.023615
0.015221
0.002275
-0.101338
0.028189
0.041133
-0.023628
0.067021
-0.049518
0.028175
0.015223
-0.010672
-0.010674
0.015224
0.002275
0.015223
0.002275
0.028165
-0.010669
0.002275
0.015219
END
