y[]
-0.036253
-0.000340
0.023604
-0.036257
0.011634
0.011633
-0.036261
-0.024295
-0.072239
0.023633
-0.096263
0.059623
-0.012329
-0.096309
0.071646
-0.024329
0.107568
0.011643
-0.048278
-0.024318
0.083558
-0.024303
0.035604
0.035591
0.023607
0.023601
0.023595
-0.012306
0.011627
0.047513
-0.048192
-0.024275
-0.036253
-0.000340
-0.000340
0.047542
-0.012308
0.023595
-0.024275
0.047524
0.023584
-0.036227
-0.036240
-0.036253
0.011633
-0.000340
0.047536
0.035552
-0.060166
-0.072179
0.011637
-0.060238
0.011643
-0.000340
-0.012322
0.011643
-0.000340
-0.012322
0.023624
-0.036287
-0.000340
-0.012325
-0.036304
0.035625
0.011646
0.059566
-0.024298
-0.036287
-0.000340
-0.012325
0.035612
0.011641
-0.000340
-0.036287
-0.000340
0.011644
-0.012324
0.035608
-0.000340
0.011640
0.011639
-0.012318
-0.024300
0.011641
-0.012321
0.023621
-0.012319
-0.012321
0.011641
-0.012321
-0.012322
-0.000340
0.011643
-0.012322
-0.000340
-0.000340
-0.012324
-0.000340
-0.000340
0.011644
-0.012324
0.035608
0.011640
0.011639
-0.000340
-0.024298
0.011640
-0.024300
0.011641
-0.000340
-0.012321
-0.012322
0.035604
-0.024300
0.011641
-0.012321
-0.000340
-0.000340
-0.024306
-0.000340
0.023627
-0.012322
0.011643
-0.024306
0.011644
-0.000340
0.011643
-0.000340
-0.012322
-0.000340
-0.000340
0.011643
-0.012322
0.011643
-0.000340
-0.000340
-0.048278
0.047599
-0.012322
-0.000340
-0.024309
0.011646
-0.012325
-0.000340
-0.072282
-0.036330
0.011659
-0.036339
-0.036352
0.047674
0.023658
0.047639
0.071586
-0.012324
0.023627
0.035599
0.095434
0.083387
-0.000340
0.035522
-0.024246
-0.036210
0.011618
-0.036218
-0.000340
-0.060166
-0.024280
-0.024286
0.023607
-0.000340
-0.012312
0.047542
-0.012308
-0.012309
0.023598
0.011627
0.035552
0.047496
0.023569
0.095240
-0.012282
-0.000340
-0.048124
-0.024240
0.011611
-0.012291
-0.024246
-0.024252
0.059430
-0.000340
0.035505
0.035492
0.011601
-0.036167
-0.000340
0.023547
0.071285
-0.048084
0.011598
0.023532
-0.036150
0.023535
-0.000340
-0.060038
0.011603
0.011601
-0.048112
0.035492
0.011601
-0.024223
-0.036176
-0.024237
-0.036197
0.011614
-0.155851
-0.048238
-0.084217
0.035616
-0.072265
-0.012332
0.095561
-0.096240
0.023644
0.035625
0.107477
-0.060224
-0.000340
0.023618
-0.036279
-0.084247
0.071586
0.059558
0.011636
-0.024292
-0.192163
-0.024344
0.011663
-0.024346
-0.084409
0.035699
-0.012351
0.071706
-0.024349
0.071672
-0.000340
-0.000340
-0.012338
-0.012339
0.011660
-0.012339
-0.036348
0.047668
-0.072360
0.011667
-0.000340
0.107658
0.035634
-0.024321
0.023641
0.071568
0.023618
-0.012318
-0.048267
0.011644
0.023624
-0.060259
-0.000340
-0.000340
-0.036309
-0.048319
-0.024338
-0.048353
-0.072403
0.047708
-0.024361
-0.012352
-0.072446
0.059753
0.107736
-0.120431
-0.000340
0.047714
-0.084449
0.095780
-0.000340
0.035681
0.059666
0.023653
0.035638
0.023638
-0.000340
-0.012328
0.071568
-0.000340
0.047570
-0.000340
-0.000340
0.011634
-0.012314
-0.012315
-0.000340
-0.012316
-0.000340
0.023612
0.023607
-0.024286
-0.000340
0.023607
0.023601
0.023595
0.035552
-0.060166
0.023595
0.023589
-0.012304
-0.048209
0.011630
0.011628
-0.000340
0.011627
-0.000340
0.047513
0.011620
-0.012299
0.011620
0.023575
0.047473
-0.000340
-0.000340
-0.012291
-0.048158
0.023572
-0.012295
-0.012296
0.023572
-0.024252
-0.012298
-0.000340
0.011618
0.011617
-0.012296
0.011617
-0.000340
-0.000340
-0.012296
-0.012298
0.023575
-0.000340
0.035522
-0.012292
-0.012294
0.011614
0.023564
-0.024243
0.011613
-0.012292
-0.012294
0.011614
-0.000340
-0.012294
0.011614
0.011613
-0.000340
-0.000340
-0.000340
0.011611
-0.024243
-0.000340
-0.000340
0.011613
0.011611
-0.012291
0.011611
-0.024243
0.011613
-0.024246
-0.024252
0.023572
-0.000340
-0.024252
-0.000340
-0.024257
0.011620
-0.024260
-0.012302
-0.012304
-0.000340
0.035548
-0.048192
0.035552
-0.024266
-0.072153
-0.012314
-0.024292
0.035586
0.011633
-0.024286
0.011634
-0.036266
-0.024298
-0.012321
-0.000340
0.035599
-0.000340
-0.036279
-0.024306
-0.000340
0.023627
0.011641
-0.024303
-0.012324
-0.000340
-0.060281
-0.000340
0.011651
-0.036317
-0.024332
0.047639
0.047616
0.047593
0.023618
0.011637
0.095423
0.011624
-0.024269
-0.024275
-0.024280
0.011631
-0.024283
-0.012314
-0.000340
-0.036270
-0.000340
0.035591
-0.012315
-0.048255
0.047576
0.011636
0.011634
-0.036266
0.035586
0.023604
0.023598
-0.048221
0.023604
-0.012311
-0.036261
-0.012316
-0.012318
-0.012319
-0.024303
0.011643
0.035599
-0.000340
0.059530
0.011630
-0.060202
0.011636
0.011634
0.214946
0.130996
-0.000340
0.023521
-0.155536
-0.048141
-0.335589
0.083578
0.095480
-0.036261
0.143270
0.035530
0.119135
-0.048112
0.011606
-0.095942
-0.024255
-0.036223
0.107271
-0.060109
-0.036218
-0.072136
0.059494
0.047501
-0.060145
0.083377
-0.000340
0.011614
-0.048164
0.071388
-0.012291
-0.012292
0.071353
-0.000340
0.035488
-0.000340
-0.048112
-0.000340
-0.048135
-0.024246
-0.036210
-0.060152
0.035552
0.011621
-0.000340
0.023578
0.011617
0.011616
0.011614
0.059408
0.047433
-0.012281
-0.036171
0.011606
0.071302
0.023530
-0.024209
-0.036154
0.023538
0.035466
-0.012274
0.023527
0.035449
0.059280
0.047330
0.011574
0.047302
0.047279
-0.024146
-0.000340
-0.012245
-0.000340
-0.024155
0.023476
-0.012247
0.011567
-0.024155
-0.000340
0.035381
-0.024152
-0.012248
-0.024161
0.011571
-0.012251
0.011571
-0.024163
-0.000340
-0.024169
0.035402
-0.000340
-0.000340
0.023481
-0.000340
-0.012249
-0.012251
-0.012252
-0.000340
0.011573
0.023481
0.011569
-0.024158
-0.000340
-0.012251
0.011571
-0.000340
-0.000340
0.011570
-0.000340
-0.000340
0.023476
0.011566
-0.000340
0.011564
0.011563
-0.012242
0.011563
-0.024146
-0.000340
-0.047970
-0.000340
0.011570
-0.000340
-0.000340
-0.000340
0.011569
0.011567
0.011566
-0.012245
-0.012247
-0.012248
0.023476
0.011566
-0.000340
-0.000340
-0.000340
0.023467
-0.000340
-0.000340
-0.000340
-0.000340
-0.000340
0.011562
-0.000340
-0.012241
0.023461
-0.012239
-0.000340
-0.000340
0.011560
-0.012239
-0.012241
-0.036052
0.023470
-0.000340
0.011563
-0.000340
0.023461
0.011559
-0.012238
0.142348
-0.024107
-0.012225
0.023430
-0.024110
-0.000340
-0.036005
0.047211
-0.024112
0.011547
-0.000340
-0.024115
0.011549
-0.012228
-0.024121
0.035330
0.011547
0.011546
0.023427
0.023422
-0.012220
-0.047874
-0.047896
-0.012232
0.023444
0.023439
0.023433
-0.024112
-0.036009
-0.047919
-0.000340
0.011557
0.035343
-0.012232
0.011553
0.047217
0.047194
-0.059761
-0.012228
-0.012230
0.023439
-0.000340
0.011547
-0.036005
0.023439
-0.012228
0.011549
0.023433
-0.000340
-0.024112
-0.024118
-0.036018
0.011554
0.011553
-0.024127
-0.012235
-0.000340
-0.000340
-0.024135
0.023456
-0.047936
-0.024146
-0.012245
-0.047976
0.011571
0.011570
0.047285
-0.000340
0.035364
-0.059853
0.011566
0.047268
-0.012239
-0.024144
-0.024149
-0.047976
-0.036082
0.035402
0.023481
-0.000340
-0.000340
-0.024161
0.059202
-0.059881
0.071106
0.106733
-0.095510
-0.047959
0.118665
-0.059825
-0.095589
0.011571
0.035385
-0.000340
-0.059888
0.094921
0.023461
-0.047947
-0.000340
-0.179071
0.011586
0.011584
-0.048044
-0.000340
-0.048067
0.023527
-0.000340
-0.083897
-0.036171
0.047433
0.047410
-0.000340
-0.060030
-0.012282
-0.036176
0.130996
-0.036141
0.071251
-0.024197
-0.048072
-0.024215
END
