y[]
-0.000848
0.036145
-0.025509
-0.013181
-0.062535
-0.025534
0.023837
0.011492
-0.223208
0.036246
0.023873
0.011510
-0.062657
0.196804
-0.013190
0.023834
0.085491
-0.025509
-0.013181
0.023815
-0.037847
0.011486
-0.000848
0.048473
-0.037838
0.048467
-0.062497
-0.025519
-0.050207
-0.050231
0.036191
0.023837
0.048504
0.023818
-0.013181
0.023815
-0.013180
0.023812
0.073098
-0.025491
-0.050152
0.036131
-0.025500
0.011478
-0.025503
-0.000848
0.023806
0.011477
-0.087156
0.060808
0.023803
-0.000848
-0.013174
-0.000848
0.036122
-0.025494
-0.000848
0.011475
0.011474
-0.037819
-0.000848
0.048443
-0.013169
0.036109
-0.037806
0.011472
0.011471
-0.062459
0.036122
-0.013171
0.011474
-0.050146
0.011478
-0.037833
0.011481
-0.000848
-0.013178
0.048461
-0.037828
0.048455
-0.025497
0.048443
-0.000848
-0.062467
-0.000848
-0.087178
0.085481
0.060770
-0.050140
-0.013175
-0.013177
-0.025509
0.073116
-0.013172
0.146935
0.048364
0.072925
-0.050025
-0.050049
0.023755
-0.013149
-0.000848
0.060641
0.011445
0.048310
-0.062300
-0.013143
-0.000848
-0.013145
-0.025446
-0.013149
-0.000848
-0.013151
0.011454
-0.025455
0.036059
-0.013149
-0.013151
0.036054
-0.050055
0.072952
-0.037742
0.036045
-0.013145
0.011448
-0.037742
-0.000848
-0.025452
-0.050073
0.011460
-0.000848
0.036068
0.011454
0.048346
-0.025443
-0.000848
-0.025449
-0.013151
0.048352
-0.000848
0.011448
0.011446
0.023737
-0.050025
0.023743
-0.050037
-0.000848
-0.013149
0.048346
-0.037742
0.085215
-0.000848
-0.013139
-0.000848
-0.000848
-0.000848
-0.000848
0.011442
-0.000848
0.011440
-0.000848
0.011439
-0.025425
-0.025431
-0.062330
-0.000848
-0.000848
-0.000848
0.011451
-0.000848
-0.000848
-0.025449
-0.013151
0.011454
-0.000848
0.011452
0.060633
-0.037733
0.023743
-0.025440
-0.000848
-0.013146
-0.000848
0.036041
-0.000848
-0.013143
0.011446
0.011445
0.036022
-0.000848
-0.013137
0.011440
-0.025428
0.011442
-0.000848
-0.000848
-0.000848
-0.013139
-0.000848
-0.000848
-0.013140
-0.013142
0.023737
0.011442
-0.013139
0.011442
-0.000848
-0.000848
0.011440
-0.000848
-0.000848
-0.000848
0.011439
0.060565
-0.013128
-0.013130
-0.013131
0.011434
0.023712
0.023706
-0.013125
-0.000848
0.035977
-0.000848
-0.000848
0.035964
0.035950
-0.013113
-0.013115
-0.025385
0.035955
-0.025382
-0.013118
-0.000848
-0.037665
-0.013124
-0.000848
-0.013125
-0.000848
-0.037688
-0.000848
-0.013131
0.023715
-0.000848
0.011431
0.011430
-0.000848
-0.013127
-0.000848
-0.049976
0.023719
-0.013131
-0.000848
-0.000848
0.035995
0.048255
-0.000848
0.011424
-0.013121
-0.037674
-0.013127
-0.000848
-0.000848
-0.013128
0.035986
-0.000848
-0.013125
0.011428
-0.037683
-0.000848
0.011431
-0.049976
0.036000
0.023709
-0.049970
0.048273
-0.000848
0.023703
-0.000848
-0.049958
0.035986
-0.013125
-0.013127
0.011430
-0.000848
-0.013127
0.035982
-0.013124
-0.025403
-0.025409
-0.000848
0.011433
0.023709
-0.013127
-0.000848
0.023706
-0.025403
0.011430
-0.025406
-0.013130
0.011433
0.035986
-0.000848
0.011427
0.023697
0.011422
-0.000848
0.023688
-0.013116
-0.000848
0.023685
-0.037652
0.011421
-0.025388
-0.000848
-0.000848
-0.013121
-0.013122
-0.013124
-0.000848
-0.013125
-0.013127
-0.013128
-0.025412
-0.000848
-0.000848
0.011434
-0.013131
-0.013133
-0.099177
-0.025446
-0.037756
0.097540
-0.025437
0.023740
-0.000848
-0.013142
0.048316
0.085131
-0.037688
-0.000848
0.023712
0.023706
0.011427
-0.013124
-0.049964
0.060543
-0.013124
0.011427
-0.049958
-0.000848
-0.074559
0.036013
-0.013134
-0.025425
0.023728
-0.074595
0.023740
0.023734
-0.025431
0.011443
0.011442
0.011440
-0.062308
0.023740
-0.013142
-0.013143
-0.025443
-0.025449
-0.000848
0.023752
-0.000848
0.023746
0.011446
-0.037738
0.011449
0.011448
0.023740
-0.037733
0.048328
-0.000848
0.011442
-0.050019
0.011446
-0.013143
0.011446
0.011445
0.011443
-0.000848
-0.013140
-0.000848
-0.025437
0.023740
-0.000848
0.060595
0.036000
-0.025412
0.060550
-0.000848
-0.000848
-0.013125
-0.000848
-0.000848
0.011428
-0.000848
-0.000848
-0.000848
0.011427
-0.000848
-0.013124
-0.037683
0.011431
-0.000848
-0.000848
-0.013128
-0.000848
0.011431
-0.000848
-0.013128
-0.000848
-0.025412
-0.025419
0.011437
-0.000848
0.011436
-0.013133
-0.000848
0.023719
-0.000848
-0.025416
-0.013134
0.023722
-0.013133
0.023719
-0.025416
-0.000848
-0.000848
-0.037710
0.023728
-0.025425
-0.000848
-0.000848
0.011440
0.011439
-0.013136
-0.013137
-0.013139
-0.000848
0.023731
-0.013137
-0.000848
0.060580
-0.025416
-0.013134
0.011437
-0.000848
-0.025422
-0.000848
-0.013137
-0.000848
0.011440
-0.000848
0.023725
0.011436
0.011434
-0.000848
-0.013131
-0.013133
-0.013134
-0.000848
-0.000848
-0.013136
-0.013137
-0.025431
-0.013142
-0.000848
0.011445
-0.013142
0.011445
-0.013142
-0.000848
-0.000848
-0.013143
-0.013145
0.011448
0.011446
-0.013143
-0.013145
-0.000848
0.011448
0.023740
-0.000848
-0.013142
0.011445
0.011443
-0.025434
0.011445
0.011443
-0.025434
0.023737
-0.000848
-0.000848
-0.037728
-0.000848
-0.013145
0.011448
0.011446
0.048316
-0.050013
-0.062338
-0.013151
-0.062383
0.023770
0.023764
-0.025461
0.011458
-0.013155
0.011458
-0.025464
0.023767
0.036063
-0.025455
-0.000848
-0.013154
-0.000848
-0.013155
-0.025467
0.023770
0.011458
0.011457
0.023758
0.011452
0.048340
-0.037738
0.036041
-0.037738
0.011449
-0.037747
-0.025455
-0.025461
-0.000848
-0.099359
0.023788
0.011468
-0.050122
0.023791
0.023785
-0.050122
-0.000848
-0.013171
0.011474
0.011472
0.023788
-0.025485
-0.050140
-0.000848
0.023800
-0.000848
0.036113
-0.074786
-0.037838
0.060792
-0.025500
0.023803
-0.025500
0.023803
-0.000848
0.011475
-0.000848
-0.037824
0.036127
0.023794
-0.000848
-0.037815
-0.013174
0.011477
0.036118
0.073043
-0.062421
0.073034
0.023767
0.048364
0.036045
-0.025443
0.011449
0.023743
-0.099249
0.011457
-0.025461
0.011458
-0.025464
-0.087050
0.011471
0.048413
-0.050110
0.134561
-0.025455
0.134411
-0.013137
0.048298
0.011434
0.011433
-0.037697
0.048279
-0.062262
0.011437
0.036000
-0.013130
-0.074568
0.023731
0.011439
-0.000848
0.023722
-0.000848
-0.025419
0.011437
-0.000848
0.048279
0.023706
-0.025403
-0.000848
-0.062262
-0.025425
0.023728
-0.000848
0.023722
0.011434
0.011433
0.011431
-0.049976
-0.025422
-0.062308
-0.050043
0.048346
0.023740
0.048310
-0.037715
0.011442
-0.000848
0.072862
-0.000848
0.060535
-0.049952
-0.074550
0.011439
0.060565
0.011430
-0.025406
-0.000848
-0.025412
-0.000848
0.011434
-0.025416
-0.013134
-0.000848
0.011437
-0.025422
-0.037719
0.011443
0.023731
-0.025428
0.011442
-0.013139
-0.000848
-0.025434
0.023737
-0.000848
0.011442
-0.000848
-0.013139
0.011442
-0.000848
-0.013139
0.011442
-0.013139
0.036018
-0.000848
0.011437
0.011436
-0.013133
0.011436
-0.000848
-0.000848
0.011434
0.011433
-0.000848
0.023709
-0.000848
-0.013127
-0.025409
0.011433
-0.013130
-0.013131
0.011434
0.023712
-0.062262
0.023722
-0.025419
0.036004
-0.000848
-0.000848
-0.013131
0.023715
-0.037697
-0.000848
0.048279
0.011430
0.011428
-0.000848
-0.025403
0.011430
0.011428
0.011427
-0.000848
-0.000848
-0.000848
0.011425
0.011424
-0.013121
-0.000848
-0.013122
-0.013124
-0.000848
-0.000848
0.023700
-0.025397
-0.013125
0.011428
0.023700
0.011424
-0.013121
0.023694
-0.000848
-0.000848
0.011421
0.072735
-0.013109
-0.000848
0.035927
END
