y[]
-0.001187
-0.001187
-0.046776
-0.001187
0.014012
-0.001187
0.014009
-0.016384
0.029203
0.029194
-0.001187
0.029185
-0.016372
0.029180
0.059520
-0.046714
0.074680
0.013979
-0.046693
0.013984
-0.016358
-0.016361
-0.031541
0.013991
-0.046728
0.013995
0.013993
-0.046735
0.044361
-0.031550
-0.001187
0.013995
-0.061931
-0.077169
0.074795
0.150604
-0.107417
-0.016372
0.074714
-0.061904
-0.092331
0.120320
0.013991
-0.107481
0.029194
0.120246
-0.016358
-0.061894
-0.061931
-0.001187
-0.001187
-0.001187
-0.061968
-0.062005
0.074830
-0.153278
-0.001187
-0.123027
0.059751
0.074934
-0.046853
0.074911
0.014025
-0.001187
-0.001187
-0.016400
0.044444
0.029222
-0.001187
0.014014
-0.062005
0.029226
0.105188
-0.061959
0.014009
-0.016384
0.014009
0.029199
0.029189
-0.031564
-0.244533
-0.290932
0.334230
-0.031633
-0.092581
0.211935
0.332804
0.119988
0.119842
-0.046556
-0.031444
-0.122308
0.013961
0.074519
-0.182978
0.059446
-0.137665
-0.046721
-0.168322
-0.107692
-0.016411
-0.092581
-0.214765
-0.016460
-0.016463
-0.031745
-0.047041
0.029385
-0.031759
-0.001187
-0.001187
-0.031768
-0.016481
0.014107
0.044681
-0.016474
-0.047062
-0.001187
0.014107
0.029394
0.014100
-0.016474
-0.001187
-0.092958
-0.016491
0.044716
-0.016486
-0.001187
0.014112
-0.001187
-0.031787
-0.016491
-0.001187
0.029417
-0.047097
-0.047118
-0.016502
-0.031824
-0.001187
0.029450
-0.001187
-0.001187
0.060059
-0.031806
0.014123
-0.001187
0.014121
-0.001187
-0.001187
0.044723
0.044702
-0.016481
0.014107
-0.001187
0.105806
-0.077599
0.014100
0.029380
-0.062331
-0.047069
0.029403
-0.001187
-0.077681
0.014116
0.014114
-0.031792
0.029417
0.014112
0.029403
-0.001187
-0.031778
0.014109
-0.016484
-0.047090
-0.016493
0.014119
0.014116
0.014114
0.014112
-0.047090
0.060012
-0.016484
-0.001187
-0.016486
-0.001187
0.029408
-0.001187
-0.001187
0.029399
-0.001187
-0.031773
-0.031782
-0.016488
-0.001187
-0.016491
-0.001187
-0.001187
-0.016493
0.044723
0.059994
0.044674
0.014095
-0.016470
0.014095
0.014093
0.059910
-0.031731
0.014086
-0.001187
0.029352
0.044604
0.059835
-0.016439
-0.001187
0.029315
0.059788
0.120653
0.014032
0.029245
-0.046839
0.044464
0.074853
-0.031596
-0.001187
-0.031605
-0.031615
0.014028
0.014025
-0.001187
0.014023
0.014021
0.014018
-0.016393
-0.031605
0.014023
-0.001187
0.014021
0.059622
-0.046790
-0.016393
-0.062033
-0.001187
-0.001187
-0.001187
-0.031624
0.059677
-0.001187
-0.031615
-0.016404
-0.016407
-0.016409
0.044471
-0.016404
-0.016407
-0.001187
0.059677
-0.016400
0.014025
-0.001187
-0.046832
-0.016407
-0.016409
-0.031638
-0.031647
-0.001187
0.044499
0.029259
0.014032
-0.046853
0.105333
-0.001187
0.090026
-0.016384
-0.016386
-0.031592
0.044416
-0.031587
-0.001187
-0.031596
0.059622
0.150673
0.089818
-0.016349
-0.016351
-0.001187
-0.001187
-0.001187
0.120062
0.013959
-0.001187
0.044236
0.029084
0.104689
-0.061674
-0.001187
-0.016315
-0.031449
0.013945
-0.092014
-0.046631
-0.046652
0.089722
-0.046631
0.013963
0.044250
-0.031476
0.059382
0.029084
0.029075
-0.016317
-0.092014
0.013956
0.089626
-0.031449
-0.046597
-0.183033
0.013979
0.059456
0.013968
0.074553
-0.031476
0.013959
-0.046631
0.044257
0.074507
-0.016322
0.044209
0.029065
-0.031440
-0.001187
-0.031449
0.013945
0.044195
0.059291
-0.046542
-0.031435
0.044181
-0.031431
-0.046570
0.059318
0.013933
-0.001187
0.029047
0.059254
0.059218
0.029001
-0.046474
-0.076710
-0.001187
0.074336
-0.001187
-0.046494
-0.001187
-0.001187
-0.016294
-0.001187
0.059227
-0.016287
0.013913
-0.001187
-0.016287
-0.016290
0.013915
-0.016290
-0.001187
-0.001187
0.029015
0.029006
0.013906
-0.016280
-0.001187
-0.001187
0.013906
-0.016280
-0.001187
0.013906
0.013904
-0.001187
-0.016278
-0.001187
-0.031376
-0.001187
0.013908
-0.031380
-0.016287
0.013913
0.013911
-0.031385
-0.001187
-0.001187
0.013913
0.029006
-0.016283
0.013908
0.013906
0.013904
-0.001187
0.013901
-0.001187
0.028983
0.013895
-0.031353
0.028979
-0.016269
-0.031358
-0.001187
-0.001187
-0.031367
0.013904
0.013901
0.013899
-0.001187
0.013897
-0.001187
-0.016271
0.013897
-0.016271
-0.001187
0.013897
-0.016271
0.028979
-0.046439
-0.001187
-0.001187
-0.016276
0.028988
-0.001187
-0.001187
0.013897
-0.016271
0.013897
-0.001187
-0.016271
-0.016274
0.013899
0.013897
-0.031358
0.028983
-0.001187
-0.016271
-0.031362
-0.046467
-0.016285
-0.031390
0.013915
0.013913
-0.031390
-0.046508
-0.016299
0.013924
0.013922
0.029024
-0.001187
0.029015
-0.016287
-0.001187
-0.031394
-0.046515
-0.031417
-0.061674
-0.107127
0.044230
-0.031463
0.074484
-0.061720
0.013949
-0.001187
0.059336
0.029061
-0.046563
0.013940
0.029061
0.074393
-0.016299
0.013924
-0.061647
-0.046556
-0.076847
0.013949
0.059336
-0.031444
-0.001187
0.029070
-0.016315
0.029065
-0.016312
-0.001187
-0.016315
0.029065
-0.001187
0.013936
-0.046563
0.029065
0.013936
-0.001187
-0.016310
0.029056
-0.001187
-0.031431
0.044175
-0.001187
-0.001187
-0.001187
-0.001187
-0.001187
0.104577
-0.061610
0.029029
-0.001187
0.059218
-0.001187
0.013908
-0.076687
0.089406
-0.001187
0.013904
-0.001187
-0.016278
-0.046474
0.013911
-0.016285
0.044099
0.028992
0.044065
0.134447
-0.001187
-0.031312
-0.121778
0.028974
-0.046433
-0.061546
-0.016283
-0.197636
0.029061
0.134816
-0.031394
-0.016294
0.013920
0.059218
0.044092
-0.001187
0.119458
0.028951
-0.106712
-0.016271
0.013897
-0.061537
-0.016280
-0.001187
0.013906
0.074245
-0.016269
-0.076630
0.044086
0.044065
-0.031353
-0.016274
-0.001187
-0.001187
0.074222
0.013888
-0.031339
-0.001187
0.044038
-0.061492
0.013892
-0.016267
-0.001187
0.028970
-0.031344
0.028970
0.028961
-0.016260
0.044024
-0.076551
-0.001187
0.013890
-0.031344
-0.001187
-0.001187
0.059117
-0.016260
-0.001187
0.013886
0.013883
-0.031330
0.028956
-0.031330
0.013886
0.044017
0.013876
-0.031317
0.013879
0.164388
-0.031271
-0.091494
0.059027
0.043949
-0.046324
-0.001187
-0.001187
-0.001187
0.013861
-0.001187
-0.001187
-0.001187
-0.016235
-0.001187
0.043949
-0.031276
-0.031285
-0.001187
0.013863
-0.016237
-0.016239
0.013865
-0.001187
-0.016239
-0.001187
-0.001187
-0.016242
0.013867
-0.001187
0.013865
0.013863
-0.001187
-0.001187
-0.031290
-0.016242
-0.001187
0.013867
0.028915
0.013861
-0.031285
-0.001187
0.013863
-0.031290
0.028915
-0.016237
0.028911
-0.001187
-0.031285
-0.031294
0.013867
0.013865
-0.016239
0.013865
-0.001187
0.013863
0.013861
-0.001187
-0.001187
-0.031285
0.013863
0.013861
-0.031285
0.013863
0.013861
-0.001187
0.013858
-0.001187
0.043936
-0.001187
-0.016226
0.028888
-0.001187
0.013847
0.103989
-0.001187
-0.031226
0.028852
0.043854
-0.001187
0.013822
0.043827
-0.046202
-0.001187
0.013820
-0.031204
-0.016199
-0.001187
-0.016201
0.013827
-0.046236
0.013831
-0.016206
-0.016208
0.013833
-0.001187
-0.031231
-0.001187
0.013836
-0.031235
-0.001187
0.013838
-0.016212
0.013838
0.013836
0.028852
-0.031226
-0.031235
0.013838
-0.016212
-0.001187
-0.001187
-0.016215
-0.016217
-0.001187
-0.001187
-0.046290
0.013849
-0.046303
0.043929
-0.031262
-0.106522
0.013867
-0.016242
-0.001187
-0.001187
0.013867
-0.031299
-0.046371
0.013876
0.059045
-0.031299
-0.016246
-0.001187
0.028929
-0.016244
-0.001187
0.013870
0.013867
-0.001187
0.013865
-0.031294
-0.031303
-0.016249
-0.016251
0.028938
END
