y[]
0.013959
-0.015721
-0.015723
0.013962
-0.045414
0.043653
0.028797
0.013955
-0.045394
0.058466
-0.030550
0.013955
-0.015716
0.013955
0.028784
-0.015712
-0.015714
-0.000881
-0.015716
0.013955
0.058440
0.013944
0.028762
0.013937
-0.030519
-0.000881
0.028758
-0.045342
-0.000881
-0.030532
0.013946
0.028766
-0.030528
0.013944
-0.015705
-0.030537
-0.015712
-0.015714
0.013953
-0.045388
0.013957
-0.045401
0.028802
0.058458
-0.060219
0.013957
0.206619
-0.015688
0.013926
-0.000881
0.013924
0.028723
-0.000881
0.013918
0.013915
0.013913
0.028701
-0.015670
-0.000881
-0.030467
-0.000881
-0.000881
-0.030475
-0.015681
0.028718
-0.015679
0.013918
-0.030480
0.013920
-0.000881
-0.030484
0.013922
-0.015684
0.013922
0.013920
-0.015681
0.013920
0.013918
-0.060087
0.013924
-0.000881
-0.015686
-0.000881
-0.015688
0.013926
-0.000881
-0.000881
-0.015688
-0.000881
-0.015690
-0.000881
-0.015692
0.013931
0.028736
0.013924
-0.000881
-0.030493
-0.015690
-0.030506
0.013933
-0.015694
-0.015697
0.013935
-0.000881
0.013933
0.013931
-0.015692
-0.000881
0.013931
0.013929
-0.000881
-0.045315
0.043554
-0.015690
-0.000881
-0.000881
-0.015692
-0.015694
0.043554
-0.000881
-0.030502
-0.000881
0.028740
0.013926
-0.000881
-0.045309
0.013931
-0.015692
-0.000881
0.013931
-0.000881
-0.000881
-0.000881
-0.015692
-0.000881
-0.000881
0.013931
-0.015692
0.028740
-0.000881
-0.000881
0.028731
-0.015686
-0.015688
-0.000881
-0.030502
-0.000881
-0.015694
0.013933
-0.000881
-0.000881
-0.015694
-0.045335
0.013940
-0.000881
-0.000881
-0.015701
0.073199
-0.045322
0.028749
-0.000881
-0.000881
0.013931
-0.030506
0.043554
-0.045315
0.028744
-0.015692
-0.030510
-0.015699
0.013937
-0.045342
0.028762
-0.000881
-0.000881
-0.015701
-0.015703
0.013942
-0.015703
-0.000881
-0.045361
-0.015712
-0.000881
0.058431
-0.030532
0.013946
-0.015708
-0.015710
-0.000881
0.013948
0.013946
0.028766
0.013940
-0.015701
0.043574
-0.000881
-0.000881
-0.000881
0.013933
-0.015694
-0.045335
0.028758
-0.000881
0.013935
0.013933
0.058352
-0.030493
0.013926
0.028727
0.013920
-0.060096
-0.015690
-0.030506
-0.000881
0.043554
-0.045315
0.028744
0.028736
0.013924
-0.030493
-0.030502
0.028740
-0.015690
-0.045322
0.028749
-0.074971
-0.045361
0.073243
-0.000881
0.058378
0.028736
-0.045309
-0.030510
0.028749
0.058352
0.058317
-0.015677
-0.015679
-0.030484
-0.000881
-0.030493
0.028731
-0.104561
-0.089836
0.088074
-0.015701
-0.060184
-0.075059
0.043633
-0.030554
0.028793
-0.075081
0.028806
-0.089968
0.013973
-0.075169
0.088259
-0.000881
0.043659
-0.030572
-0.015730
0.043659
0.013962
0.058466
0.028780
0.043593
0.028758
-0.060166
0.028766
-0.060184
0.043600
-0.030532
-0.015710
0.028775
-0.045368
-0.015714
0.013953
0.013951
-0.030546
-0.075081
0.043646
0.043626
0.028780
-0.015710
-0.075059
-0.060263
-0.000881
0.028815
-0.000881
-0.030576
0.043659
-0.119699
-0.015743
0.103108
0.028810
0.028802
-0.000881
0.028793
-0.000881
-0.000881
-0.000881
-0.000881
0.013953
-0.015714
-0.000881
0.013953
-0.030550
-0.000881
0.013955
0.013953
-0.000881
0.013951
-0.015712
0.013951
-0.000881
-0.000881
-0.000881
-0.000881
-0.000881
-0.000881
-0.000881
-0.015712
-0.000881
-0.000881
-0.000881
-0.015714
0.013953
-0.000881
0.043607
-0.000881
-0.000881
0.013944
-0.000881
0.013942
-0.000881
-0.000881
0.013940
-0.015701
-0.000881
-0.045355
0.013946
0.013944
-0.000881
-0.030532
0.013946
-0.000881
-0.000881
-0.015708
-0.000881
-0.000881
-0.000881
-0.015710
-0.015712
-0.015714
-0.000881
-0.000881
-0.015716
-0.000881
-0.000881
0.013955
0.013953
-0.000881
0.028780
-0.015710
-0.045381
-0.000881
-0.000881
-0.000881
0.028788
-0.015714
0.013953
0.013951
0.013948
-0.015710
-0.000881
-0.000881
-0.000881
-0.015712
-0.000881
0.013951
-0.000881
-0.402100
-0.000881
-0.045560
-0.060484
-0.000881
-0.090353
-0.075502
0.028974
-0.000881
0.028966
0.028957
0.014035
-0.015796
0.028948
-0.045627
0.058776
-0.000881
-0.045620
0.028948
-0.015794
-0.000881
-0.000881
-0.030714
0.058776
0.028934
0.014023
-0.000881
0.043819
-0.000881
-0.015778
-0.015781
0.014019
-0.060493
-0.045613
0.028943
-0.030705
-0.045634
0.028957
-0.015798
-0.015801
-0.015803
0.028961
0.014037
-0.000881
-0.015798
-0.015801
0.043872
0.028943
-0.000881
-0.000881
0.014028
-0.045613
-0.015796
0.028948
-0.000881
0.014030
0.014028
-0.015789
-0.030705
-0.015796
0.014035
-0.015796
0.043859
-0.000881
-0.000881
0.014028
-0.015789
0.028934
-0.000881
0.028925
0.014019
0.043805
-0.015774
-0.015776
0.014015
0.073563
-0.015765
-0.000881
0.014004
-0.015765
-0.075335
0.058687
-0.060449
0.043799
0.014008
-0.000881
-0.000881
-0.045554
0.014012
-0.000881
0.043785
-0.015767
-0.000881
0.043772
-0.000881
0.013999
-0.119982
-0.045580
-0.090340
0.043859
-0.090380
0.118433
0.028925
0.088485
-0.045554
0.058678
-0.045547
0.014010
0.014008
0.028890
0.014001
0.028877
0.013995
-0.030634
0.013997
0.013995
-0.015756
-0.000881
-0.000881
-0.000881
0.028868
0.013990
-0.045500
0.013995
-0.060396
0.014001
0.013999
-0.045527
0.073518
0.013992
-0.015754
-0.015756
0.028868
-0.015754
-0.030634
0.043745
-0.000881
-0.000881
0.028859
-0.015750
0.013988
-0.030621
-0.000881
-0.000881
-0.030629
-0.000881
0.013995
-0.015756
0.013995
-0.000881
-0.030634
0.013997
0.013995
-0.000881
-0.030634
-0.000881
-0.015761
-0.000881
-0.060422
0.118167
0.043726
0.013984
0.013981
0.028837
0.028828
-0.000881
-0.015734
-0.000881
0.013973
-0.045447
0.013977
-0.000881
0.768695
0.205305
-0.015594
0.013833
-0.030310
0.043260
0.013828
0.102023
0.057874
-0.030254
-0.074351
-0.000881
0.043208
-0.030271
0.028509
-0.030271
-0.000881
-0.030280
-0.000881
-0.015583
-0.045002
0.028535
-0.030297
0.013828
-0.000881
0.013826
-0.015588
-0.000881
0.028531
-0.000881
-0.030293
0.013826
-0.015588
-0.000881
-0.000881
-0.000881
-0.000881
0.013826
-0.030297
-0.000881
-0.000881
-0.015592
0.013831
-0.000881
-0.030306
0.028544
-0.000881
-0.000881
0.028535
-0.015588
0.013826
-0.000881
-0.000881
-0.015588
-0.000881
0.028531
-0.000881
-0.000881
-0.015586
0.013824
-0.000881
0.013822
-0.000881
0.013820
-0.015581
-0.000881
0.013820
-0.000881
-0.015581
0.013820
-0.030284
-0.000881
-0.000881
0.013822
-0.015583
-0.015586
-0.000881
-0.000881
0.013824
-0.000881
-0.030293
0.013826
0.013824
-0.015586
-0.030297
0.013828
-0.015590
-0.045021
0.028548
-0.030310
-0.000881
0.013835
0.028544
-0.045021
0.043260
-0.000881
-0.045021
-0.000881
-0.045041
0.043279
-0.074491
0.013846
0.013844
0.057995
0.013833
-0.015594
0.013833
0.072654
0.057908
-0.015575
0.043195
-0.000881
0.013807
-0.030258
-0.044963
-0.000881
0.013815
-0.015577
-0.015579
-0.030284
0.028522
0.057900
-0.015573
-0.059670
-0.000881
-0.015583
-0.000881
-0.000881
0.028522
0.028514
-0.030275
-0.000881
-0.015581
-0.015583
0.028522
-0.015581
-0.015583
-0.015586
-0.030297
-0.000881
-0.015592
0.028540
-0.015590
0.028535
-0.015588
0.028531
-0.030293
-0.000881
-0.000881
-0.000881
-0.000881
-0.000881
-0.030301
-0.000881
-0.030310
-0.030319
0.013839
-0.015601
-0.000881
-0.015603
0.028561
0.043266
-0.015594
-0.000881
0.028544
-0.030306
-0.148135
-0.059843
-0.045125
-0.015633
0.013872
-0.074665
0.028640
0.072882
-0.000881
0.028609
0.013861
-0.015622
-0.045119
0.043357
-0.059869
-0.030388
0.013874
0.043370
-0.015629
0.028613
END
