y[]
0.013367
0.000721
0.000721
0.000721
0.000721
0.000721
0.026008
-0.024567
0.000721
0.000721
-0.011926
0.013367
-0.011926
0.013367
-0.011926
0.000721
0.013367
-0.011926
-0.011927
-0.024580
0.000721
-0.011932
0.000721
0.013373
0.000721
0.000721
-0.011932
0.000721
0.013373
-0.011932
0.000721
-0.011934
0.000721
-0.011935
0.026031
-0.011934
0.013375
0.000721
0.026024
0.000721
-0.011930
-0.011932
0.000721
0.000721
0.000721
0.000721
0.000721
0.000721
-0.024589
0.013377
-0.011935
0.013377
-0.011935
0.000721
0.000721
0.013377
0.013375
-0.011934
0.026028
-0.024586
0.000721
-0.062574
0.013383
0.013381
-0.024602
0.013383
0.013381
-0.011940
0.000721
0.000721
0.000721
-0.011942
0.026044
0.000721
0.013380
0.000721
0.013378
-0.011937
-0.011938
-0.024602
-0.011943
-0.024612
0.026053
0.000721
0.026047
0.000721
-0.011942
-0.024609
0.000721
-0.011946
0.013388
0.000721
0.026050
0.013383
0.000721
0.013381
0.013380
-0.011938
0.000721
0.000721
-0.011940
0.013381
0.000721
0.013380
0.026034
0.000721
-0.024593
0.026034
-0.011935
-0.024596
0.000721
-0.024602
-0.011943
0.013385
0.013383
-0.011942
-0.011943
0.013385
0.000721
0.000721
0.000721
0.000721
-0.075286
0.000721
0.013393
-0.011951
-0.049983
0.026076
0.013396
0.000721
-0.011954
0.000721
0.013396
0.013394
0.000721
0.000721
0.000721
0.026063
0.013389
-0.062639
-0.024634
-0.037324
0.064120
-0.024634
0.013399
-0.024637
0.102115
0.026053
0.013385
-0.011943
-0.062623
0.013393
0.026060
-0.024618
-0.113384
-0.050034
0.013412
0.000721
-0.011970
-0.024666
0.013415
-0.011974
0.000721
-0.011975
0.013417
-0.037372
0.114956
-0.037343
0.000721
0.013410
0.000721
-0.024660
-0.024666
0.013415
-0.011974
-0.050073
0.026121
0.038809
-0.011974
0.000721
0.000721
0.000721
0.026108
-0.011972
0.051482
0.051456
0.000721
-0.037329
-0.011966
0.013407
0.026089
-0.075402
-0.011972
-0.075470
0.038823
-0.024679
0.038818
0.026111
0.000721
-0.024670
-0.024676
0.038814
-0.011975
-0.011977
0.026114
-0.037372
0.051508
0.026105
0.026098
0.026092
0.000721
0.013404
-0.011962
-0.011964
-0.024654
0.026095
-0.011966
0.013407
0.000721
-0.011966
0.013407
-0.037343
0.013410
0.013409
-0.011967
0.000721
0.013409
0.000721
0.000721
0.000721
-0.011967
0.000721
0.000721
0.000721
0.000721
0.000721
0.000721
0.000721
-0.011969
-0.024663
0.000721
0.026105
0.000721
-0.011970
-0.011972
0.000721
-0.024670
-0.024676
0.013420
0.000721
0.013418
-0.024676
0.000721
0.013420
0.013418
-0.024676
0.000721
0.000721
0.013420
-0.011979
0.000721
0.000721
0.000721
0.013420
-0.011979
-0.024683
0.013423
0.000721
0.000721
0.013422
-0.011980
0.013422
-0.011980
0.013422
0.013420
0.000721
-0.024679
0.013422
0.000721
0.013420
0.013418
0.000721
0.013417
0.000721
0.013415
0.000721
-0.024670
0.013417
0.000721
0.013415
0.000721
-0.011974
0.013415
0.000721
-0.024670
0.000721
0.013417
-0.037372
0.013420
0.013418
-0.024676
0.013420
0.026114
0.026108
-0.011972
-0.011974
0.026108
0.000721
0.000721
0.000721
0.000721
0.000721
0.013412
-0.011970
0.013412
-0.011970
-0.011972
0.013413
-0.011972
0.013413
-0.011972
-0.011974
-0.011975
-0.011977
0.038809
0.013413
0.000721
0.013412
-0.024663
-0.011974
-0.011975
0.013417
-0.024673
0.013418
0.000721
-0.024676
-0.024683
0.013423
-0.037391
0.038833
0.000721
-0.011982
0.000721
-0.011983
0.000721
0.000721
0.013425
-0.011983
-0.011985
-0.011987
-0.011988
0.013430
-0.024699
0.026140
0.038838
0.026124
0.000721
0.000721
-0.024683
0.013423
0.000721
0.013422
0.013420
-0.011979
0.000721
-0.037387
0.013425
0.013423
0.000721
0.013422
0.013420
-0.011979
-0.011980
0.000721
0.013422
-0.037387
-0.011985
-0.024695
0.026137
0.026130
-0.011983
-0.075538
0.000721
0.038857
-0.024702
0.013433
-0.050138
-0.152009
-0.012017
-0.050248
-0.024773
0.077183
-0.203309
0.090035
-0.024790
-0.012037
-0.024799
-0.114200
0.051813
0.039023
0.039008
-0.024803
-0.024809
-0.024816
0.026257
-0.024816
-0.075927
-0.114361
0.064672
0.090183
-0.088742
-0.012066
0.026293
0.000721
-0.024851
-0.037650
-0.050463
0.077486
0.039081
-0.076015
0.039096
0.000721
0.090206
0.000721
-0.037620
0.013503
0.102918
0.026254
0.013485
-0.012043
0.039008
0.064500
-0.012032
0.013473
-0.037542
-0.037557
0.038998
-0.024796
0.000721
-0.012040
-0.037571
-0.012047
0.077300
-0.050326
0.013485
-0.126993
0.039052
-0.012055
0.026270
0.051800
-0.037586
0.013491
-0.012050
0.000721
-0.024825
0.051806
0.039018
0.051761
0.038984
0.000721
-0.012032
0.013473
0.013472
-0.024783
0.000721
0.013473
-0.012032
0.013473
-0.012032
0.000721
-0.012034
0.026228
0.000721
0.000721
-0.012032
0.013473
0.000721
0.000721
-0.012032
0.013473
0.013472
-0.012030
0.013472
-0.012030
0.000721
0.000721
0.000721
-0.012032
0.013473
0.000721
0.013472
0.013470
0.000721
0.000721
0.000721
0.013468
0.000721
0.000721
-0.012027
0.013468
0.000721
0.000721
0.000721
0.000721
0.013467
0.000721
0.000721
-0.012025
0.000721
-0.012027
0.000721
0.000721
0.000721
-0.024780
0.000721
0.026221
0.026215
0.000721
0.000721
0.026208
-0.024767
0.000721
0.000721
-0.012025
0.000721
-0.024777
0.013470
-0.012029
0.000721
0.013470
0.000721
0.013468
0.000721
-0.024777
-0.024783
0.013473
-0.012032
0.013473
0.013472
-0.024783
0.013473
0.000721
0.000721
0.000721
0.000721
0.013472
0.013470
0.000721
0.026215
0.026208
-0.024767
-0.012025
0.000721
-0.024777
0.000721
0.026218
0.013467
-0.012025
0.000721
-0.012027
0.000721
0.013468
0.013467
-0.012025
0.000721
-0.012027
0.000721
0.000721
0.000721
-0.024780
0.000721
0.013472
0.013470
-0.024780
-0.012032
-0.012034
0.026228
0.026221
0.000721
0.000721
-0.012029
-0.012030
-0.012032
0.000721
-0.012034
-0.024793
0.013478
0.013477
0.000721
-0.012035
-0.012037
0.038988
-0.024790
0.000721
0.038984
-0.012032
-0.012034
0.038979
0.038964
-0.012025
0.026211
-0.037518
0.013468
-0.037528
-0.024786
0.013475
0.026224
0.013470
0.026215
0.000721
-0.012025
-0.012027
0.038959
-0.012024
0.038949
-0.037508
0.026208
0.026202
0.051663
0.000721
-0.012012
0.000721
0.000721
-0.024751
0.013457
-0.012016
0.013457
-0.037493
0.000721
0.000721
0.013460
0.038930
-0.012014
0.038920
0.013451
-0.012009
-0.050215
-0.101229
-0.037537
0.013475
0.000721
-0.037547
0.013478
0.089978
0.064427
0.051657
0.064354
-0.037455
-0.050202
-0.012014
0.013455
-0.088457
0.000721
0.077164
0.013455
-0.075712
-0.012024
0.013465
-0.050267
0.064451
-0.024767
0.051689
-0.012019
-0.037508
0.026208
-0.012022
0.051683
-0.024757
0.000721
-0.012021
0.051676
-0.012016
-0.012017
0.064395
-0.012011
-0.024747
0.000721
0.038920
0.000721
0.000721
0.013451
-0.139398
-0.075790
0.102722
0.140803
0.089762
-0.011995
0.000721
-0.050157
0.038881
0.013438
0.026150
-0.024708
0.051572
0.026137
-0.062832
-0.024712
0.026153
-0.024712
0.064289
-0.037416
-0.024712
0.038867
0.038852
0.026134
-0.024692
0.000721
0.013428
0.000721
0.000721
0.013426
0.000721
-0.011985
0.026130
-0.011983
0.000721
0.000721
-0.011985
0.000721
0.000721
-0.011987
0.000721
0.000721
-0.011988
0.013430
-0.024699
0.013431
0.013430
-0.011988
0.000721
0.000721
0.000721
0.013430
0.000721
0.000721
-0.011988
-0.011990
0.000721
-0.024705
END
