y[]
0.005541
-0.024859
-0.040076
-0.009669
-0.024886
-0.024896
0.020761
0.005541
-0.009678
0.005541
0.020761
0.005541
0.005541
0.005541
-0.009678
0.005541
-0.009681
0.020763
-0.009681
-0.009683
0.035987
0.005541
0.035978
-0.024896
0.005541
-0.024905
0.020765
0.005541
0.066415
-0.009674
0.020756
0.035964
0.020749
0.051151
-0.009660
0.035941
0.005541
0.051123
0.066285
0.066248
-0.024808
-0.024817
0.035899
0.005541
0.051061
-0.009630
0.051047
0.005541
-0.039965
-0.009632
0.005541
-0.070360
0.020726
0.035904
-0.252837
0.035973
0.035964
-0.009669
-0.009672
0.051172
-0.024877
0.066368
0.066331
0.020733
0.005541
-0.055240
0.035936
0.142205
0.020714
-0.024808
0.005541
-0.009637
0.005541
0.051068
-0.024808
0.035890
0.035881
0.035872
-0.024790
-0.024799
0.020712
0.020710
0.005541
0.005541
-0.055148
0.005541
0.005541
-0.009637
-0.040007
0.035909
0.035899
-0.055185
-0.009646
-0.085630
0.005541
0.066331
-0.040048
-0.040069
0.035950
-0.009662
-0.024873
0.051158
0.051137
0.020735
-0.040048
0.081512
-0.009648
0.035918
-0.100818
0.005541
0.020742
-0.009660
0.035941
0.005541
-0.024859
0.020742
-0.009660
0.005541
0.096713
-0.100834
-0.100947
0.051193
-0.101012
0.066442
0.066405
0.035959
-0.009667
0.066359
0.035936
-0.024854
0.051130
0.051110
-0.100818
-0.070499
0.035964
0.020749
0.051151
0.020740
-0.040062
0.005541
0.066341
-0.040055
0.005541
-0.009662
-0.009665
-0.055305
-0.009676
0.051186
-0.070545
0.020763
0.020761
0.020758
0.081593
-0.009665
-0.009667
-0.024882
-0.024891
0.066396
-0.024882
0.066378
-0.024873
-0.009669
0.020751
0.005541
0.020749
0.035950
0.051137
-0.344562
0.127455
0.127307
-0.314410
0.188496
-0.116392
0.264470
-0.177163
-0.208036
-0.376986
0.036197
-0.101796
0.005541
0.005541
0.174162
0.051479
0.066759
-0.147575
-0.332142
0.005541
-0.179131
0.128694
-0.040623
-0.086852
-0.025276
-0.025285
0.036367
0.020951
-0.071530
0.020960
-0.040723
0.005541
-0.009885
0.051812
0.020960
0.020958
0.005541
0.036367
0.020951
0.005541
-0.009868
-0.009871
0.020953
0.020951
-0.009868
-0.040702
0.005541
0.005541
0.020958
-0.040716
0.020962
0.020960
0.005541
-0.009878
0.020960
0.036372
0.020953
-0.133251
-0.133444
-0.025371
0.036453
-0.009914
0.051898
0.020989
0.129036
-0.040752
-0.009895
-0.040780
-0.040802
0.005541
-0.025366
-0.040838
-0.025390
-0.195744
0.113976
-0.040917
0.036515
-0.040924
0.005541
0.005541
0.082970
-0.040909
0.098420
0.082875
0.021001
0.005541
-0.025380
-0.009923
-0.025395
0.036477
-0.040866
0.005541
0.036482
0.005541
-0.025400
-0.040888
-0.009940
0.021022
0.036496
-0.025414
-0.009940
0.005541
0.021022
0.129303
0.005541
-0.009921
-0.056331
0.005541
-0.056369
0.036501
0.005541
0.005541
-0.009938
0.021020
0.051963
0.005541
-0.056359
0.098377
-0.025395
-0.025404
0.036486
-0.025404
0.021015
-0.071852
0.036506
0.067441
0.036477
0.005541
0.036467
-0.071792
0.082875
0.113708
0.005541
0.020984
-0.025347
-0.009907
-0.056273
0.020998
-0.025376
-0.040852
0.051934
-0.226639
-0.009957
-0.009959
0.036539
0.052020
0.021029
-0.025438
0.005541
0.005541
-0.133983
0.021053
0.145044
-0.040938
0.036530
0.005541
-0.071948
-0.025471
-0.025481
-0.103112
-0.180997
0.083308
-0.025558
0.021092
-0.087801
0.083332
0.067730
0.083223
-0.009990
0.005541
0.067653
-0.009983
0.083139
0.005541
-0.009974
-0.009976
-0.041025
-0.103197
-0.041097
0.005541
0.083259
0.021077
0.129745
-0.025496
0.067605
0.036558
0.005541
-0.056503
0.036568
-0.103096
0.005541
0.067634
-0.149763
-0.072201
0.005541
-0.010015
0.067749
-0.010007
-0.041119
-0.290478
0.130288
0.207923
0.005541
-0.134526
-0.103536
-0.056842
-0.244381
0.146199
-0.103842
-0.182252
0.052523
0.052500
0.146287
-0.025719
-0.025728
-0.229293
0.036884
-0.088518
0.099600
0.021209
-0.057145
0.130874
0.021197
0.068139
0.052464
0.099320
-0.025709
0.099262
-0.088180
0.036791
0.005541
-0.056969
-0.072651
0.005541
-0.041404
-0.072749
-0.010124
0.146441
-0.041404
-0.198141
0.021224
0.052574
-0.072860
0.162281
0.021202
-0.025782
-0.088488
0.099570
-0.198301
-0.025856
-0.167320
-0.183376
0.100044
-0.057451
0.052789
-0.246706
-0.073417
-0.010258
0.242265
-0.120642
-0.089201
-0.026059
-0.026069
-0.136830
0.021370
-0.041954
0.258586
-0.105087
0.226675
-0.010238
0.005541
0.005541
-0.041811
0.005541
0.005541
-0.010248
0.021330
0.021328
0.037107
-0.026025
0.115977
0.005541
0.005541
-0.026000
0.021313
-0.026005
-0.026015
0.037097
-0.041796
-0.057610
0.037122
-0.010248
-0.010250
0.037122
0.037112
-0.026030
0.037112
-0.026030
0.052893
-0.026025
0.100208
-0.010231
0.068613
0.021303
-0.089066
0.068623
-0.041766
0.021313
0.005541
0.005541
0.021310
-0.010228
0.005541
0.021310
-0.041774
0.021315
0.037082
0.021308
0.005541
-0.010226
-0.010228
0.021310
0.131605
0.115717
-0.025925
0.037007
0.005541
-0.041662
0.084201
0.005541
-0.057382
0.005541
0.037007
0.021271
-0.025920
-0.010193
0.021275
0.005541
0.005541
-0.010193
0.005541
0.005541
0.005541
-0.041677
-0.010203
-0.010206
-0.010208
-0.025965
0.021295
0.052789
0.037027
0.052752
0.005541
0.005541
0.021273
0.084164
0.052685
-0.010171
0.036963
0.021248
-0.025876
0.005541
0.036958
0.005541
-0.041588
0.005541
0.099777
-0.010159
0.021241
0.052626
0.021231
0.021229
0.021226
-0.025831
-0.072933
0.005541
0.068326
0.036919
0.068267
-0.010137
0.005541
0.005541
0.036894
-0.104237
0.036919
-0.025836
0.005541
-0.010151
-0.025851
0.005541
-0.072983
0.084065
-0.010159
-0.025866
0.052648
-0.025861
0.005541
0.005541
0.084028
0.021231
0.036914
0.036904
-0.010139
0.083917
-0.025802
0.068217
0.005541
0.052523
-0.057106
0.036869
-0.025787
-0.010127
-0.010129
0.052545
-0.010124
0.021206
-0.010124
0.052530
-0.010119
-0.057125
-0.041485
-0.041507
0.005541
0.068267
-0.119949
0.005541
0.052618
0.052596
-0.025827
-0.010146
-0.025841
-0.072958
-0.010166
0.005541
-0.041595
-0.136002
0.037012
-0.088902
-0.010208
0.115734
-0.041670
0.131387
-0.025905
0.131268
0.036948
-0.010161
-0.010164
-0.214585
0.209960
-0.230364
-0.057461
0.162972
-0.120384
-0.104773
-0.073329
-0.010240
-0.152412
-0.073529
0.037177
0.147777
0.147575
-0.010231
-0.231332
-0.105192
0.132083
-0.231857
-0.216540
-0.121584
0.021441
0.085001
-0.042127
0.005541
0.196078
0.068973
-0.137237
-0.010336
-0.121564
0.085001
0.084938
-0.042089
0.449212
-0.010270
0.258226
-0.152312
0.289498
0.021293
-0.104773
-0.120682
0.131764
-0.010228
-0.026005
-0.089156
-0.168303
-0.010278
-0.057760
0.068842
0.100418
0.021345
0.147665
0.052871
-0.073354
0.068662
-0.010236
-0.010238
0.131704
0.194488
0.084164
-0.104548
0.099910
0.084114
-0.057312
-0.199006
-0.025965
-0.089036
0.100119
-0.089036
0.021310
-0.073329
-0.073392
-0.010253
0.005541
-0.010255
0.005541
0.084499
0.021325
0.005541
-0.010243
-0.136628
-0.152662
0.005541
-0.010293
0.021375
0.037202
-0.026120
-0.010293
0.037207
0.005541
0.084661
-0.010278
0.037177
-0.010275
0.052983
0.052961
0.021343
0.194965
-0.026005
0.084387
-0.073305
-0.010236
-0.041804
0.021325
-0.041819
-0.026045
-0.010255
-0.010258
0.021340
0.021338
-0.073467
0.021348
-0.152637
-0.105332
0.084749
-0.026135
0.037217
-0.010295
-0.057830
0.148070
0.053006
-0.041924
-0.041946
-0.073654
0.084736
END
