y[]
0.008564
-0.052761
-0.003700
0.033099
0.008564
0.020822
-0.003700
-0.003700
0.008559
-0.003700
0.033067
0.033054
-0.028200
0.008552
0.045290
-0.040439
-0.003700
0.008549
-0.015948
0.008549
0.020792
-0.003700
-0.040439
-0.003700
0.008549
0.008547
0.033031
0.008541
-0.003700
0.020777
-0.015937
0.008538
-0.015937
-0.015939
0.020777
-0.003700
-0.003700
-0.003700
0.008537
0.069686
-0.015927
-0.015928
-0.003700
-0.003700
-0.015930
0.008531
-0.003700
-0.015930
-0.003700
-0.028164
-0.003700
0.045224
-0.028158
-0.003700
-0.003700
0.045212
-0.040381
0.008529
-0.015928
0.032982
-0.003700
-0.028152
0.057421
0.045170
-0.064791
0.020741
-0.028140
-0.003700
-0.003700
-0.003700
-0.003700
0.008522
0.020738
-0.015918
-0.015919
0.008520
-0.003700
0.020735
-0.028134
-0.015919
-0.015921
-0.015922
0.008523
-0.003700
0.020741
-0.064813
0.057414
-0.015919
0.032955
0.020729
0.118356
0.008498
0.008496
-0.040292
0.081661
0.020676
-0.076843
0.020688
-0.015892
0.008493
0.032870
0.008487
-0.003700
-0.028075
-0.003700
-0.003700
-0.015889
0.032866
0.032852
-0.015882
0.008483
-0.003700
-0.028066
-0.052450
0.008490
0.008489
-0.028078
0.008490
-0.052468
-0.028093
-0.028099
0.020700
0.057272
-0.003700
-0.003700
-0.015891
-0.003700
0.008492
0.032866
-0.015886
0.032857
0.105890
-0.028042
0.032812
-0.028039
-0.028045
0.008474
0.057146
0.032790
-0.040189
-0.003700
-0.015866
0.142197
0.032741
0.081278
0.141808
-0.003700
0.044756
0.020519
-0.015808
0.008409
-0.015808
-0.052149
-0.003700
0.020528
-0.027927
0.032640
0.008411
0.068931
0.044691
-0.052091
0.032596
-0.027895
0.044686
-0.027889
0.008396
0.056756
-0.015788
-0.027880
-0.015792
-0.039986
-0.052102
-0.003700
-0.003700
0.008403
0.056793
-0.027892
0.032587
-0.039986
-0.124750
0.008412
0.081041
0.020499
-0.015798
-0.003700
0.032592
0.020487
0.032570
-0.027877
0.008390
-0.003700
-0.039973
0.044662
0.032556
0.032543
0.008379
-0.003700
0.080806
-0.015767
-0.003700
0.080745
-0.051945
0.020426
-0.051956
-0.039907
0.080765
-0.076093
0.032504
-0.027834
0.032500
0.056603
-0.160562
-0.124531
0.020478
0.032556
-0.027869
-0.015786
0.008387
-0.015786
-0.015788
-0.015789
-0.003700
-0.039977
-0.052091
0.020499
-0.003700
-0.015798
-0.015799
0.020499
-0.003700
-0.015798
-0.015799
-0.003700
-0.003700
-0.003700
-0.015801
0.020502
-0.015799
-0.003700
-0.003700
0.020499
-0.015798
0.032592
-0.003700
-0.003700
-0.064192
0.032600
0.008398
0.020490
-0.003700
-0.015794
-0.015795
-0.027895
-0.015799
-0.015801
0.008402
-0.003700
-0.015801
-0.040013
-0.015807
0.044721
-0.015802
-0.027910
-0.003700
-0.015807
0.008408
0.032614
-0.015802
-0.027910
-0.003700
0.020511
0.032605
-0.003700
-0.003700
-0.003700
-0.015799
0.008400
-0.015799
0.008400
-0.003700
-0.015799
0.020499
-0.015798
0.032592
0.020487
-0.003700
-0.015792
-0.027889
0.008396
-0.003700
-0.039991
0.032592
0.008395
-0.003700
-0.015794
-0.003700
0.008395
-0.039986
-0.003700
-0.015798
0.008399
-0.015798
-0.015799
-0.015801
-0.027907
0.020508
-0.015802
-0.015804
-0.027913
-0.003700
0.032618
0.008403
-0.003700
-0.015802
0.032605
-0.027901
0.032600
-0.003700
-0.015798
0.008399
0.008398
-0.003700
0.020490
-0.003700
0.008393
-0.015792
0.020484
-0.015791
-0.015792
0.080918
0.008383
0.008381
-0.039947
0.008384
-0.003700
-0.003700
0.008383
-0.015782
-0.064133
-0.015791
-0.003700
-0.027886
-0.015795
-0.064199
-0.015804
0.008405
-0.015804
0.008405
-0.003700
-0.040017
-0.015808
-0.027921
-0.088522
-0.015823
0.008424
-0.027948
-0.003700
0.044791
-0.064317
0.020552
0.008424
-0.027948
-0.003700
0.020549
-0.015823
-0.027951
-0.015827
0.020555
-0.003700
0.032671
-0.003700
-0.003700
-0.003700
0.032658
0.032644
0.056844
-0.064243
-0.003700
-0.027927
-0.052173
0.008421
0.020537
0.020531
0.020525
-0.040039
-0.027933
0.068984
-0.015810
-0.052155
0.141597
-0.148996
0.020531
-0.137041
0.056932
-0.015823
0.032666
-0.027942
0.032662
-0.040061
0.081123
-0.076400
0.032658
-0.052178
0.093235
-0.161266
-0.112929
0.081267
-0.137251
-0.015849
0.081319
-0.015841
-0.040132
0.044874
-0.040127
0.057006
-0.003700
-0.040118
-0.003700
0.056991
-0.003700
0.032697
0.044809
0.081134
-0.027930
-0.003700
0.081082
-0.064251
0.081062
0.044703
-0.052102
-0.003700
0.008403
-0.027907
-0.003700
-0.003700
-0.015805
0.105200
-0.015794
-0.027892
-0.052102
-0.003700
-0.040017
-0.027918
0.008411
0.032622
-0.027913
0.068922
0.044686
0.008393
0.056742
0.032548
-0.039947
0.056705
-0.015778
-0.100376
0.020478
-0.027877
-0.076268
-0.040004
0.008403
0.032600
-0.015798
-0.040004
-0.003700
-0.015804
0.008405
0.032605
-0.015799
-0.003700
0.008400
-0.003700
0.008399
-0.003700
-0.027898
0.008400
-0.003700
-0.015799
-0.003700
-0.003700
-0.003700
-0.003700
0.020499
0.008398
-0.015797
0.008398
-0.015797
0.032587
-0.015794
-0.003700
-0.015795
0.008396
-0.003700
-0.015795
-0.003700
0.008396
0.008395
-0.027889
-0.003700
-0.003700
-0.015797
0.008398
-0.003700
-0.003700
-0.003700
-0.015797
-0.003700
0.008398
-0.003700
-0.003700
-0.003700
0.008396
-0.015795
-0.003700
0.008396
0.008395
-0.015794
-0.027892
0.020493
-0.015795
-0.003700
-0.003700
0.008396
-0.015795
-0.015797
-0.003700
0.008398
-0.003700
-0.003700
-0.003700
-0.003700
-0.003700
-0.015797
0.008398
-0.003700
0.032583
0.008392
-0.003700
-0.003700
-0.003700
-0.039977
-0.015795
0.008396
-0.003700
0.020487
-0.015792
0.008393
-0.015792
-0.003700
0.008393
0.020481
-0.003700
0.008389
-0.015788
-0.027880
0.020481
0.008389
-0.003700
-0.015788
-0.003700
-0.015789
-0.015791
-0.003700
-0.003700
-0.003700
-0.003700
-0.027886
-0.015795
0.044674
-0.003700
0.020478
-0.015788
-0.003700
-0.015789
0.008390
0.008389
-0.015788
0.008389
-0.003700
-0.039969
0.008392
0.032565
0.020470
0.032543
-0.015779
0.008380
-0.088287
0.008389
-0.003700
-0.015788
-0.076260
0.032587
-0.015794
-0.015795
0.020490
-0.003700
-0.003700
0.020484
-0.039977
-0.039991
-0.015799
-0.015801
-0.064229
-0.076383
0.008418
-0.052178
-0.112863
0.032702
-0.027965
-0.015835
0.056962
-0.027960
-0.015832
-0.076524
-0.088728
-0.003700
0.032750
0.020593
0.008445
-0.027989
0.008446
-0.052290
-0.015851
0.032750
-0.040149
0.020602
0.044885
0.044862
-0.040118
-0.027986
0.020587
-0.003700
0.032719
-0.027977
0.056984
-0.027968
-0.100834
0.044880
-0.076577
0.008450
0.057028
-0.076577
0.081319
0.032715
0.020569
0.008433
0.020561
-0.076497
-0.040118
0.069125
0.008433
-0.003700
0.032688
-0.052220
-0.003700
-0.052243
-0.040123
-0.040136
0.020593
0.032728
-0.015841
-0.040132
0.020590
-0.003700
-0.003700
-0.027989
-0.076604
0.008455
0.032755
0.032741
0.032728
-0.064420
-0.003700
-0.076612
-0.015857
-0.028019
-0.003700
0.057087
-0.040167
-0.076674
-0.015867
-0.052385
0.020646
0.081464
0.843968
0.237177
0.104506
0.308238
-0.219553
0.068303
0.247903
-0.015666
-0.075530
-0.051615
0.032239
0.163845
0.139687
0.139482
0.067814
-0.075213
-0.111066
-0.147034
-0.003700
-0.087407
0.020224
0.044130
0.032158
-0.027603
0.091880
-0.039531
-0.039544
0.008250
0.020195
-0.015646
0.020193
-0.015645
-0.027594
-0.003700
0.079908
0.008239
-0.015638
-0.027580
-0.003700
-0.003700
0.008242
-0.003700
-0.039527
0.008244
-0.027589
0.020190
0.008243
0.008242
0.008240
-0.003700
0.020175
0.008236
-0.027572
0.020173
0.008234
-0.003700
END
