y[]
-0.013392
-0.001214
-0.025574
-0.001214
0.059676
-0.013389
0.010961
-0.013389
-0.001214
0.010961
0.010960
-0.037739
0.010963
0.071814
0.023117
0.023111
0.010946
-0.013374
0.023105
-0.013373
-0.001214
-0.049864
-0.013380
0.010952
-0.013380
-0.037721
0.010957
-0.001214
-0.013385
-0.025560
-0.025566
0.035311
-0.001214
-0.013388
-0.013389
-0.037748
-0.013395
0.023147
-0.001214
-0.013393
-0.037761
-0.025586
0.023158
0.010970
-0.025583
0.035338
-0.013396
-0.025583
0.010972
-0.001214
-0.001214
0.010970
-0.013398
-0.001214
-0.001214
-0.013399
0.023156
-0.013398
-0.001214
0.010970
-0.013398
-0.001214
-0.001214
-0.001214
-0.013399
-0.025589
-0.001214
-0.037788
-0.001214
0.010979
-0.001214
0.010977
-0.037793
0.010980
0.010979
-0.049994
0.059758
-0.025598
-0.025604
-0.001214
0.010982
0.010980
-0.013408
0.010980
0.010979
-0.013407
-0.001214
0.047549
-0.062171
0.059743
-0.013402
-0.013404
-0.013405
-0.013407
-0.025604
0.010982
0.023173
0.023167
-0.013404
-0.049988
0.010982
0.010980
-0.001214
-0.025604
-0.001214
0.010982
-0.013410
0.010982
-0.025607
0.010983
0.010982
0.010980
0.035360
0.010975
-0.025592
-0.001214
-0.001214
0.010976
-0.037788
-0.001214
-0.001214
-0.025604
0.010982
-0.013410
0.023176
0.023170
-0.013405
-0.013407
0.059736
0.010972
0.010970
-0.037770
-0.001214
0.010973
0.010972
-0.001214
-0.001214
-0.013399
0.084053
0.035307
-0.013386
-0.025563
0.023135
-0.001214
-0.001214
-0.001214
-0.013388
0.010960
-0.013388
-0.013389
0.010961
0.010960
0.023129
-0.001214
-0.037730
-0.025566
0.010963
0.010961
-0.013389
-0.037748
0.035320
0.010961
-0.001214
0.010960
-0.025563
0.096145
0.047430
-0.086357
-0.049899
-0.001214
-0.062104
-0.025580
-0.013399
0.010972
0.071868
0.035307
-0.013386
-0.049917
0.047489
0.023129
-0.049905
0.059647
-0.025554
0.023126
-0.037726
0.023129
0.023123
-0.049893
0.035298
0.047448
0.035267
0.035254
-0.025524
0.010942
-0.001214
0.047395
-0.013364
0.059521
0.035209
-0.037637
-0.061949
-0.074145
-0.195956
-0.074340
-0.001214
0.010977
0.071903
0.010967
0.035320
0.010961
-0.049923
0.023144
-0.074304
0.023156
-0.013398
-0.025586
0.035342
0.010969
-0.037766
-0.025589
0.047531
-0.025583
0.010972
-0.001214
-0.001214
-0.013399
-0.001214
-0.001214
-0.013401
-0.013402
-0.013404
-0.013405
-0.001214
-0.001214
-0.025601
0.023173
-0.013407
0.010979
0.023167
-0.013404
-0.001214
0.010976
-0.001214
0.010975
0.023158
-0.025586
0.010973
0.010972
-0.025586
0.023158
-0.013399
-0.001214
0.010972
-0.013399
0.059699
0.010964
-0.013392
-0.001214
-0.013393
0.010966
0.010964
-0.062119
-0.001214
0.023153
0.010967
-0.025577
0.010969
-0.013396
-0.001214
-0.001214
-0.001214
-0.013398
-0.025586
-0.025592
-0.013405
-0.025601
-0.025607
-0.025613
-0.001214
0.035383
-0.025610
0.023182
-0.001214
0.010982
-0.013410
-0.013411
-0.025613
-0.001214
0.010986
-0.013414
0.023185
0.010983
-0.050012
0.023188
0.010985
0.023179
0.023173
0.010977
0.023164
-0.037784
-0.025601
0.047555
-0.086575
-0.025616
-0.001214
-0.050036
-0.025634
-0.001214
0.047620
-0.025628
0.035405
-0.001214
-0.074465
0.010998
-0.025640
-0.001214
0.023212
-0.013426
-0.025643
0.011001
-0.013429
0.035427
-0.001214
-0.086731
-0.037886
0.011012
0.023233
-0.001214
-0.025661
-0.013440
0.035459
-0.025661
-0.013440
0.023236
-0.001214
-0.037891
-0.001214
-0.037904
-0.001214
0.023248
-0.001214
0.011015
-0.013443
-0.013444
-0.001214
0.011016
-0.037909
-0.062402
-0.062440
0.011034
-0.013462
-0.001214
0.023281
-0.013461
0.011033
0.023275
-0.001214
-0.037949
0.047764
-0.001214
0.023266
0.047728
-0.001214
-0.025682
-0.001214
-0.001214
0.059944
-0.001214
0.023239
-0.025667
0.011013
-0.074599
-0.050168
0.096669
0.047692
-0.062350
-0.025679
-0.246192
0.035571
0.011045
-0.037994
0.047824
0.011042
-0.025727
-0.001214
-0.160694
-0.025772
0.047896
0.023332
0.072388
0.023308
-0.025736
-0.038008
-0.001214
0.060102
0.023302
0.121275
-0.037945
0.011031
0.011030
-0.074698
0.011037
-0.025718
0.035540
-0.025715
-0.001214
0.011037
0.047776
-0.074707
0.060034
0.011031
0.145611
-0.001214
0.011012
0.145378
-0.111138
-0.062335
-0.001214
-0.025673
-0.037913
0.059944
-0.037904
-0.001214
-0.001214
0.084376
-0.074573
0.059922
-0.013438
0.047674
-0.025655
0.023227
0.011004
-0.025652
-0.050108
0.120976
-0.025640
0.011000
0.023209
-0.050066
0.047638
0.010995
0.047608
-0.050036
0.072010
0.035378
0.023173
-0.001214
-0.001214
-0.013407
-0.013408
-0.013410
-0.013411
-0.001214
-0.001214
-0.001214
-0.025613
-0.001214
-0.001214
-0.013416
-0.001214
-0.001214
0.010988
0.010986
-0.025616
-0.037828
-0.013422
0.010994
0.035400
-0.001214
-0.025622
0.023194
0.010988
0.010986
0.059765
-0.037797
-0.013411
-0.037815
-0.001214
0.010988
0.010986
0.010985
-0.025613
0.010986
-0.013414
-0.025619
-0.013419
-0.001214
-0.001214
0.035396
-0.013416
0.010988
0.023185
0.035374
-0.025604
0.010982
-0.001214
0.010980
-0.001214
-0.013408
-0.001214
0.010980
0.023170
-0.001214
0.059721
-0.025583
-0.001214
0.010972
-0.013399
0.010972
-0.001214
0.035334
-0.025577
-0.013398
-0.001214
0.010970
0.010969
-0.001214
-0.013396
-0.013398
-0.001214
-0.025586
0.035342
-0.025583
-0.001214
-0.001214
-0.013401
-0.001214
-0.037784
0.010977
-0.013405
0.023167
-0.001214
-0.001214
-0.013404
-0.001214
0.035351
-0.001214
0.010972
-0.001214
-0.025586
0.010973
0.023156
-0.001214
-0.025583
0.010972
-0.001214
0.071868
0.023135
0.083960
-0.013377
0.035271
0.010945
0.010943
-0.037690
0.023105
0.023099
0.023093
0.010937
0.023084
0.023079
-0.025506
0.035223
-0.001214
-0.013358
-0.013359
0.010932
0.010930
-0.049799
-0.025515
-0.001214
-0.013367
0.035240
0.023082
-0.049811
0.010937
-0.013365
0.010937
-0.001214
-0.025518
-0.013368
-0.013370
0.023096
-0.001214
-0.013368
0.010940
-0.037681
-0.001214
-0.037695
0.010948
0.035262
-0.001214
0.047401
-0.013365
0.023087
0.047371
-0.001214
-0.001214
-0.013358
-0.001214
-0.001214
-0.013359
0.023076
0.010929
-0.013356
0.010929
0.132257
0.059396
-0.013333
-0.013334
0.010907
-0.001214
-0.037580
-0.001214
-0.025465
-0.001214
0.047283
0.132031
-0.037536
0.035108
0.010890
0.059286
0.071337
-0.025392
-0.037492
0.035064
-0.001214
-0.013305
-0.061692
0.047171
-0.061699
0.047177
-0.025406
0.059257
-0.013305
0.022967
-0.001214
-0.013304
0.059220
-0.073739
-0.061692
-0.073836
0.047206
0.035086
-0.061721
0.047195
0.047171
0.047148
-0.073765
0.035068
-0.025401
-0.001214
-0.013309
0.035068
0.022967
0.010874
0.010873
0.047119
-0.037461
-0.001214
-0.001214
0.083342
0.022932
0.010857
0.010855
0.022920
-0.025348
-0.013283
0.034990
0.010851
-0.097774
0.010861
0.047072
0.010854
0.010852
0.059096
0.047008
-0.037378
-0.037391
-0.013276
0.022909
-0.109811
-0.013288
-0.001214
-0.013289
0.010861
0.071206
-0.001214
0.047037
-0.001214
0.022903
0.010842
-0.025328
-0.001214
-0.001214
-0.061524
-0.013280
-0.013282
-0.001214
-0.013283
0.010855
-0.001214
-0.001214
0.022920
-0.013280
-0.025351
0.034990
-0.001214
0.010851
-0.013279
0.022914
-0.001214
-0.013277
-0.013279
0.022914
0.010848
-0.001214
0.059074
0.022891
-0.013266
0.010838
-0.025319
-0.025325
-0.025331
0.010845
-0.025334
0.010847
-0.013274
-0.025339
-0.025345
0.010852
-0.013280
-0.001214
-0.001214
-0.001214
-0.013282
0.010854
-0.013282
-0.001214
-0.001214
END
