y[]
-0.000234
0.024524
-0.000234
-0.000234
-0.000234
-0.000234
-0.012613
0.024521
-0.012611
-0.024993
-0.024999
-0.012619
0.024533
-0.012617
-0.000234
-0.000234
-0.025005
-0.037402
-0.012627
0.012158
-0.012627
0.012158
0.012156
0.012155
-0.025014
-0.025021
0.012160
0.012158
-0.012627
-0.000234
0.036938
0.012153
-0.025011
-0.000234
0.012155
0.012153
-0.025011
-0.012625
0.036933
-0.012622
-0.012624
0.012155
-0.025014
0.012156
0.012155
-0.025014
-0.000234
-0.000234
-0.049813
-0.012633
-0.000234
-0.000234
0.012164
0.012163
0.024555
-0.025024
-0.000234
-0.000234
0.074115
-0.086981
0.049344
0.024546
0.012153
0.098812
-0.012610
0.012141
-0.049745
0.024524
-0.012613
-0.024996
0.012147
-0.024999
0.024530
0.024524
-0.024993
0.036901
0.036887
0.036874
-0.000234
-0.024972
-0.049727
0.024515
-0.037361
0.061635
-0.037352
-0.012610
-0.012611
0.036892
0.012138
-0.012607
-0.012608
-0.049745
-0.000234
-0.024999
-0.012619
-0.025008
-0.037407
-0.062219
-0.025039
0.049369
-0.037434
0.012167
-0.074667
-0.000234
-0.000234
0.024583
0.049381
-0.037444
0.024573
0.036966
-0.000234
0.049344
-0.062211
-0.025036
-0.012637
0.049369
-0.037434
0.036966
0.074124
-0.000234
-0.037407
-0.012628
0.024552
0.024546
0.024540
-0.000234
-0.000234
0.036915
0.148225
-0.024962
-0.111586
-0.024996
0.012147
0.024524
0.012143
-0.037370
-0.024999
-0.111752
-0.025033
0.049357
0.024552
-0.025021
0.036943
0.061697
-0.025002
-0.025008
0.111200
0.012140
-0.000234
-0.062119
0.049277
-0.037365
0.036897
0.073986
0.012130
-0.049703
-0.074483
-0.062150
0.024537
-0.037393
-0.012624
-0.012625
-0.049813
0.036952
0.024549
0.036929
-0.000234
0.012150
-0.037393
0.036924
-0.049782
-0.025017
-0.000234
-0.025024
-0.012631
-0.049838
-0.111932
0.037012
0.049406
0.049381
0.049357
0.061720
0.049301
0.061651
0.061612
-0.024968
-0.012604
-0.000234
-0.024978
-0.000234
0.073977
-0.000234
0.098629
-0.000234
0.012117
-0.062005
0.036832
0.036819
0.061490
-0.037265
0.036796
0.012106
0.012104
-0.024914
-0.000234
0.012106
0.012104
-0.111339
0.036814
0.012112
-0.024929
-0.000234
0.036805
0.012109
0.012108
-0.049611
0.036800
-0.024923
-0.000234
-0.012581
-0.000234
-0.012582
-0.024935
0.024466
-0.012584
-0.012585
-0.024941
-0.012590
-0.024950
-0.012595
-0.000234
-0.012596
-0.037329
0.012132
-0.000234
0.049216
-0.049684
-0.000234
-0.000234
-0.037338
0.012135
-0.037347
-0.024984
-0.049752
0.012147
0.074023
-0.000234
-0.062112
-0.000234
-0.012614
0.061651
0.086340
0.012127
-0.074427
-0.000234
-0.049727
0.012141
0.049252
-0.000234
-0.000234
0.024500
0.036855
-0.037324
-0.000234
-0.000234
-0.012601
0.024497
-0.049703
-0.049727
-0.012611
-0.000234
0.012143
-0.024990
0.036897
-0.024987
-0.000234
0.012143
0.012141
-0.012610
0.012141
0.012140
-0.000234
-0.037361
-0.024993
-0.000234
0.012146
0.012144
-0.012613
0.036897
-0.000234
0.012140
0.012138
-0.037356
-0.000234
-0.037370
0.012146
-0.000234
0.024521
0.012141
-0.000234
0.073986
-0.012601
0.024497
0.086276
0.073858
0.110801
-0.012566
-0.074254
0.061452
0.012098
-0.074254
-0.024920
0.012109
0.012108
-0.061959
0.036805
-0.000234
-0.000234
-0.086681
0.049173
-0.000234
0.073831
-0.024917
-0.024923
-0.012581
-0.061989
-0.000234
-0.000234
-0.000234
-0.000234
0.012120
-0.000234
-0.024944
0.049179
-0.049648
0.024475
-0.012588
-0.012590
0.036828
-0.000234
-0.000234
-0.000234
0.012117
-0.037292
-0.012590
-0.037310
-0.024959
-0.024965
0.012132
0.049216
-0.049684
0.012130
-0.074446
-0.062119
0.024524
-0.000234
-0.000234
-0.099306
0.024543
0.049301
-0.062158
0.049307
-0.037388
-0.012622
-0.012624
-0.012625
0.024546
-0.049801
0.024552
-0.000234
0.012156
-0.000234
0.024543
-0.025011
-0.074602
0.136065
0.086405
0.049240
-0.074455
0.036883
0.061597
-0.012598
-0.074446
-0.062119
0.024524
0.098739
-0.049709
-0.024981
0.036883
0.024503
0.049222
0.012126
0.012124
-0.037315
0.110966
0.049148
-0.037269
0.086159
-0.074281
-0.024929
-0.049641
-0.000234
-0.049666
-0.012596
-0.000234
0.086266
0.024466
-0.037287
-0.062020
0.049197
-0.037306
-0.000234
-0.049684
-0.111586
0.036897
-0.111669
-0.012624
0.036929
-0.000234
0.074051
-0.012611
0.012143
-0.037370
0.012146
-0.012614
-0.024999
0.061666
0.049258
-0.012605
0.036874
0.012132
0.036855
-0.024959
0.061567
0.012121
0.049173
-0.049641
0.012120
-0.049660
0.049191
0.012118
0.123207
-0.037251
0.012106
0.061445
-0.037237
0.036768
-0.000234
-0.012567
0.012098
-0.000234
-0.061913
-0.000234
-0.000234
-0.012575
-0.000234
0.012106
-0.024917
-0.012578
-0.012579
0.036796
-0.024920
0.012109
-0.012578
-0.000234
-0.024926
0.036800
0.012108
-0.000234
0.012106
-0.000234
-0.000234
-0.049605
0.012111
-0.037274
0.012114
-0.012582
-0.000234
-0.012584
-0.000234
0.012115
0.024460
-0.012581
-0.012582
-0.000234
-0.012584
0.012115
-0.000234
-0.024935
-0.012587
0.049167
-0.012582
-0.012584
0.012115
-0.037287
0.012118
0.012117
0.012115
0.024460
0.012111
-0.012579
-0.012581
0.024457
-0.012579
-0.012581
0.012112
0.012111
0.012109
-0.000234
0.024448
-0.000234
-0.000234
-0.012575
-0.012576
0.024448
0.012104
-0.000234
-0.000234
-0.024914
0.012106
0.012104
0.012103
-0.037251
-0.000234
0.024445
-0.012573
-0.000234
-0.037260
-0.000234
-0.037274
0.012114
0.024457
-0.037274
0.012114
-0.012582
-0.012584
-0.000234
-0.012585
0.012117
-0.000234
-0.012585
0.012117
-0.037292
0.012120
0.024469
0.024463
-0.000234
0.061483
0.036778
-0.049587
-0.000234
0.036782
-0.024910
-0.012575
0.061452
-0.037242
0.024439
-0.012570
-0.012572
-0.098988
-0.099085
-0.000234
-0.037329
0.036860
-0.049696
0.061589
-0.037324
-0.049709
-0.049733
-0.012613
0.049271
-0.012608
0.024512
0.012137
-0.024978
0.012138
-0.012607
0.024509
-0.037352
-0.000234
-0.012610
0.024515
0.012138
0.012137
-0.049727
-0.000234
0.024515
-0.012608
0.061620
-0.037342
0.024506
0.036865
0.012129
0.036846
0.012123
0.024475
-0.000234
-0.024944
-0.012591
0.024478
0.061521
-0.012582
-0.012584
0.036810
-0.074336
-0.000234
0.012120
0.012118
0.036814
-0.024932
-0.074363
0.049191
-0.024944
-0.062035
-0.000234
-0.012599
0.036855
-0.099171
0.012138
0.135761
0.073867
0.024454
-0.000234
0.110788
-0.074235
0.061437
-0.037233
-0.000234
0.024433
0.147640
0.036700
-0.049483
-0.049508
-0.098854
-0.135995
0.024463
0.073821
0.049106
-0.135978
0.024460
0.061475
-0.074290
-0.074345
-0.012591
0.098580
-0.012581
-0.086702
-0.037315
0.061559
-0.111490
0.073950
0.012124
-0.000234
0.036832
-0.062020
0.012126
0.073895
-0.049648
-0.123874
0.012137
-0.024978
-0.012608
-0.062127
0.061658
-0.037365
0.012144
0.074005
-0.000234
-0.049721
0.111076
-0.024959
0.061567
-0.000234
0.036828
0.024466
0.012114
-0.000234
0.012112
-0.049629
0.123207
-0.061936
-0.000234
-0.012579
-0.136129
0.049203
0.036828
-0.037297
-0.037310
-0.062058
-0.062096
0.024515
-0.012608
-0.012610
-0.024990
0.012144
-0.024993
0.012146
-0.111710
-0.012628
0.024552
-0.012627
0.024549
-0.000234
-0.000234
0.012155
0.074069
-0.037379
0.024530
0.024524
0.012143
-0.012611
-0.012613
0.012144
-0.000234
-0.000234
-0.024993
-0.000234
0.098763
-0.000234
0.036865
-0.000234
0.024491
0.012126
0.049191
-0.012588
-0.024947
-0.000234
-0.012593
-0.000234
-0.012595
0.024484
-0.024953
-0.012596
-0.000234
-0.012598
-0.000234
-0.000234
0.012129
0.024488
END
