y[]
-0.040990
0.025915
-0.000848
-0.040995
-0.067796
-0.014243
0.025940
0.106233
-0.000848
-0.094538
0.052699
-0.121370
-0.081277
0.119771
-0.457286
-0.081613
0.053002
0.012610
0.120193
0.187147
-0.121662
0.106549
0.012568
-0.135094
0.039445
0.052850
-0.054547
-0.027708
0.079710
0.160074
0.066127
0.173077
-0.014216
0.039251
-0.107814
-0.027608
0.025911
0.106118
-0.067689
-0.040974
-0.000848
-0.014227
-0.094550
0.012543
-0.081223
0.079527
-0.108029
0.159881
-0.027618
-0.014236
0.025926
0.025918
-0.041001
-0.094600
-0.027651
-0.067886
0.066189
0.039353
0.119658
-0.027615
0.092804
-0.014222
-0.000848
0.025897
-0.054346
0.039278
-0.107886
0.066064
-0.040990
-0.041006
0.052692
0.012532
0.025908
0.119465
0.065930
-0.000848
0.052542
0.079184
-0.040856
-0.000848
-0.027529
-0.000848
0.025833
0.012490
0.012488
-0.014184
0.012488
-0.000848
-0.014184
-0.027526
-0.000848
0.052499
-0.027518
-0.000848
-0.014186
0.012490
-0.014186
-0.027529
-0.000848
0.012493
-0.000848
-0.000848
-0.000848
0.012491
0.012490
-0.027526
-0.000848
-0.040878
-0.027543
-0.000848
-0.000848
-0.000848
-0.014198
0.012502
-0.000848
-0.000848
-0.014198
0.025851
-0.000848
-0.014197
0.012500
-0.014197
-0.014198
-0.027554
0.012506
-0.014202
-0.000848
-0.027561
-0.000848
-0.014207
0.012511
-0.000848
-0.000848
-0.000848
0.065921
0.012500
-0.027547
0.012502
-0.014198
-0.000848
0.025851
0.012499
0.025840
0.039171
-0.014186
0.012490
0.039155
-0.040851
0.012488
0.052478
-0.040840
-0.000848
-0.014182
-0.014184
-0.014186
-0.000848
-0.000848
0.039160
-0.040856
0.039160
-0.027518
-0.014186
-0.000848
-0.000848
0.025826
-0.000848
-0.027522
-0.014188
-0.000848
-0.014190
-0.000848
-0.027536
-0.000848
-0.000848
0.025840
-0.040883
0.012499
-0.014195
-0.000848
0.025843
-0.014193
-0.000848
0.052521
-0.027529
0.012493
-0.014190
-0.014191
-0.000848
0.065850
-0.014184
0.065814
-0.000848
0.012479
-0.014175
-0.027508
0.012483
-0.040845
-0.027522
0.025826
-0.027522
0.012490
0.025822
0.012484
-0.027515
0.025819
-0.000848
-0.014181
-0.000848
-0.000848
-0.014182
-0.027522
0.025826
-0.000848
0.039149
-0.000848
-0.054181
-0.000848
-0.054210
0.052514
0.012488
-0.014184
-0.027526
0.025829
-0.000848
-0.000848
-0.000848
0.012488
-0.027522
0.025826
0.025819
0.012483
-0.014179
0.012483
-0.014179
-0.014181
-0.027518
-0.161019
0.039219
-0.014202
-0.014204
-0.014206
-0.000848
-0.054296
0.052599
-0.147897
0.039278
-0.027597
0.066010
0.039245
-0.000848
0.012513
-0.027572
-0.054317
0.012522
0.132752
0.065885
0.119160
0.079077
0.052400
0.078971
0.105478
-0.040707
0.012440
-0.000848
-0.027426
-0.027433
-0.014143
-0.067351
0.039059
0.052336
-0.067333
0.118793
-0.027423
0.012440
-0.014136
0.025726
0.078833
-0.014124
-0.000848
0.052244
-0.027391
-0.014122
-0.014124
-0.027405
0.012431
0.012429
0.025702
-0.014122
-0.040681
-0.040697
-0.067298
0.012445
0.025733
-0.080614
-0.054061
-0.094039
0.065725
-0.054103
0.092330
-0.014154
-0.120680
-0.000848
-0.040824
-0.054174
-0.120936
0.039197
0.012497
0.052514
0.012488
-0.134288
-0.134467
-0.000848
-0.040969
-0.134699
-0.041038
0.119674
0.066046
0.039267
-0.014218
0.092703
-0.067662
-0.027586
0.092703
-0.014207
-0.027572
0.039235
0.025865
-0.000848
-0.000848
-0.027561
-0.054296
-0.014214
-0.000848
-0.000848
0.012518
-0.027583
-0.054338
-0.040985
0.012532
-0.000848
-0.000848
-0.000848
-0.014229
0.025911
0.039278
-0.000848
-0.014222
-0.000848
-0.000848
-0.000848
-0.014223
0.025901
-0.014222
0.012525
-0.014222
0.012525
-0.000848
0.025893
-0.027590
0.012524
-0.040969
-0.014225
-0.027608
0.066037
-0.014222
0.012525
0.012524
0.025890
0.025883
-0.014213
-0.000848
0.012516
-0.000848
-0.040947
0.012520
-0.014216
0.025886
-0.000848
0.012516
-0.000848
0.012515
-0.000848
0.012513
-0.027572
-0.014213
-0.000848
-0.000848
-0.000848
-0.000848
-0.000848
0.012516
0.012515
-0.014211
-0.000848
-0.000848
0.012515
-0.000848
0.025872
-0.014207
-0.000848
-0.014209
-0.000848
-0.000848
0.012513
-0.000848
-0.027572
-0.000848
0.025876
-0.000848
-0.000848
0.012511
-0.040931
0.025876
0.012511
-0.014207
-0.000848
0.025868
-0.000848
-0.000848
-0.014206
-0.014207
-0.000848
0.025868
-0.000848
-0.014206
0.012509
-0.000848
-0.027565
0.025868
-0.000848
0.012507
-0.027561
0.012509
0.012507
-0.067644
-0.000848
-0.014213
-0.000848
0.025879
-0.040942
0.012518
0.012516
-0.027579
0.012518
-0.014214
0.012518
-0.014214
0.039245
-0.014211
-0.040947
-0.014218
-0.014220
0.012524
-0.014220
-0.000848
0.012524
-0.067724
-0.014229
0.012532
-0.014229
0.012532
0.039283
-0.000848
0.025897
-0.040969
0.025901
-0.014222
-0.014223
-0.027604
0.039283
-0.014223
-0.000848
0.052642
0.025886
-0.027583
-0.027590
-0.000848
0.012524
-0.040969
-0.014225
-0.000848
-0.027608
-0.041001
-0.027626
0.012541
0.025926
0.012536
0.025915
-0.040995
0.012536
0.066046
0.012525
-0.014222
-0.040979
0.039283
0.119449
-0.014207
-0.000848
-0.040936
0.012516
-0.014213
-0.054324
-0.094500
-0.161598
-0.014256
0.133146
-0.094625
-0.108130
0.186819
0.159730
-0.027593
-0.040979
-0.067769
-0.000848
-0.081212
0.039342
-0.054439
-0.041060
-0.054489
-0.027679
0.025983
0.079602
0.052750
0.066109
-0.000848
-0.014236
0.052692
-0.014231
-0.000848
-0.054396
0.052699
0.052671
-0.014225
-0.027608
0.146240
0.092641
-0.027550
0.092579
0.012491
-0.014188
-0.040878
-0.000848
-0.040894
-0.000848
-0.000848
-0.027554
-0.094375
0.012518
0.012516
-0.040947
0.025886
-0.027583
-0.134627
0.025922
-0.014232
0.066055
-0.000848
-0.040985
0.039288
0.106104
0.065939
-0.000848
-0.000848
-0.027558
-0.027565
0.039224
0.012506
0.092579
-0.040878
0.025840
0.052507
-0.014184
-0.027526
-0.014190
0.039171
0.012488
-0.014184
-0.000848
-0.000848
0.012488
-0.014184
-0.000848
0.012488
0.065805
-0.000848
-0.014175
0.012479
0.012477
0.039117
0.025787
-0.000848
-0.027483
-0.000848
0.012470
-0.014166
0.012470
-0.027486
-0.000848
-0.000848
-0.000848
-0.000848
-0.000848
-0.000848
-0.000848
-0.014170
0.039112
-0.014166
0.012470
-0.000848
0.012468
-0.014165
0.012468
0.012467
-0.014163
0.012467
-0.000848
-0.014163
0.012467
-0.014163
-0.027483
0.025787
0.012467
-0.027479
-0.014166
0.012470
-0.067457
0.012477
-0.027501
0.052450
-0.027494
-0.000848
-0.000848
-0.000848
-0.000848
0.039117
-0.027490
-0.014172
0.025797
-0.014170
0.012474
-0.000848
0.012472
-0.027490
-0.000848
-0.000848
0.012474
-0.000848
-0.000848
-0.014170
-0.000848
-0.014172
-0.000848
0.025797
0.012472
-0.000848
0.012470
0.012468
-0.000848
0.012467
-0.000848
-0.000848
-0.000848
-0.000848
-0.000848
-0.014163
-0.027483
0.012470
-0.014166
-0.054139
0.012477
0.039117
0.012470
-0.000848
-0.000848
-0.027486
0.025790
-0.027486
-0.000848
-0.027494
-0.000848
-0.014174
0.025801
-0.014172
0.012475
0.012474
-0.000848
-0.027494
-0.000848
0.025797
-0.000848
-0.000848
-0.027494
-0.000848
0.025797
-0.014170
-0.000848
0.025794
-0.014168
-0.000848
-0.027494
-0.000848
0.012475
-0.000848
0.012474
-0.014170
-0.000848
0.012474
-0.014170
0.039112
-0.000848
0.012468
0.025779
-0.014161
-0.027479
0.025783
0.039085
0.065672
0.012451
-0.000848
0.039037
-0.000848
0.039022
-0.040718
0.012444
-0.027433
-0.014143
0.012447
0.012445
-0.000848
-0.027437
-0.000848
-0.000848
-0.014145
0.025744
-0.040739
-0.014149
0.012452
0.012451
0.025744
END
