y[]
-0.001001
-0.001001
-0.001001
0.035498
0.023324
-0.037490
-0.001001
0.011164
-0.013165
0.011164
0.011163
0.011161
-0.025326
-0.001001
0.011163
-0.001001
-0.037495
0.023330
0.071956
0.011154
-0.001001
0.011152
-0.001001
0.059742
-0.001001
0.023286
-0.013143
-0.001001
-0.025290
-0.025296
0.011148
-0.001001
-0.001001
-0.013149
0.023295
-0.013148
-0.025299
0.023298
-0.025299
0.011149
-0.013151
0.011149
0.265925
0.120094
0.023201
-0.061515
-0.013108
0.023212
-0.073658
-0.013115
-0.013117
0.047455
0.023218
0.035317
0.011102
0.035299
-0.073614
-0.013108
0.023212
0.011104
-0.013105
-0.013107
0.035312
0.059492
-0.025193
-0.013099
-0.013101
0.071577
0.011090
0.035264
0.035251
0.023160
-0.001001
-0.037244
-0.025170
0.011085
-0.013086
-0.025176
0.023174
0.071489
-0.037239
0.011080
0.011079
0.011077
0.035225
-0.073464
-0.025167
-0.025173
0.023171
0.011083
-0.061435
-0.049374
0.023189
-0.037287
0.035286
0.011092
-0.025187
-0.013096
-0.061500
0.035304
-0.073622
-0.085793
0.095899
0.011105
-0.037323
-0.013111
-0.001001
-0.049456
-0.037358
0.011120
0.011118
0.035347
-0.049468
-0.037367
-0.061640
-0.001001
-0.001001
0.023259
-0.025261
0.011130
-0.037397
-0.025273
-0.025278
-0.013142
-0.037433
-0.037446
-0.073931
0.023315
0.011155
0.023307
0.047596
0.096122
-0.013136
-0.001001
-0.037415
0.011139
-0.086009
-0.013151
0.023298
-0.025299
0.047590
0.035427
-0.037428
0.096110
-0.037406
0.035405
-0.001001
-0.013134
0.083904
0.047484
-0.110125
0.023259
-0.049527
0.071779
0.023248
-0.049503
0.011127
0.011126
0.011124
-0.001001
-0.013126
-0.001001
-0.001001
-0.013127
0.023251
-0.013126
0.011124
0.047484
0.035347
-0.025231
0.011115
-0.013117
-0.013118
-0.001001
-0.001001
-0.025240
-0.025246
-0.001001
-0.001001
-0.013126
0.011124
-0.001001
0.011123
-0.001001
-0.013124
-0.013126
-0.013127
-0.001001
-0.001001
-0.013129
0.011127
0.011126
-0.037384
-0.001001
-0.001001
-0.001001
-0.001001
0.011129
-0.001001
0.023253
-0.013127
0.011126
0.011124
0.023245
-0.013123
0.011121
-0.001001
-0.013123
-0.001001
-0.013124
-0.001001
-0.001001
0.035365
0.011118
-0.025240
0.023239
-0.013120
-0.013121
-0.013123
0.011121
-0.025246
-0.001001
0.011123
-0.013124
0.011123
-0.013124
-0.001001
0.011123
-0.001001
-0.025249
0.023248
-0.001001
0.023242
-0.037367
0.011123
-0.025249
0.035370
-0.037371
0.011124
-0.001001
-0.013126
0.011124
-0.025252
0.011126
-0.001001
-0.013127
0.011126
-0.013127
0.011126
-0.013127
-0.001001
0.047496
0.059587
0.011112
0.071647
-0.049427
0.023215
-0.013108
-0.025220
0.023218
-0.049444
-0.013115
-0.073719
-0.001001
0.023245
0.059587
-0.001001
-0.013115
0.035339
0.011109
0.035321
0.023206
-0.013104
0.047402
0.011096
-0.013098
-0.049403
0.011102
0.023201
-0.013101
-0.013102
-0.013104
-0.013105
-0.013107
0.011105
0.011104
0.011102
-0.001001
-0.001001
-0.001001
0.011101
-0.001001
0.011099
-0.013101
0.035295
-0.013098
-0.025199
-0.025205
0.023204
-0.037309
-0.025214
0.023212
0.035308
-0.013102
-0.013104
0.035304
0.035290
-0.025193
-0.001001
-0.013099
0.035290
-0.025193
-0.013099
-0.001001
-0.013101
-0.001001
-0.001001
0.023198
0.023192
-0.001001
0.011093
-0.001001
0.011092
-0.013093
0.011092
0.035268
-0.061457
-0.013096
0.023189
-0.013095
-0.001001
-0.013096
0.083637
-0.121934
-0.013102
-0.049421
0.011107
0.047414
0.047390
-0.049392
0.047390
0.023186
-0.025187
-0.013096
0.047373
-0.037279
-0.025193
0.035286
-0.061486
-0.001001
-0.049415
-0.013108
0.011107
-0.025217
0.023215
0.035312
-0.025208
0.023206
-0.001001
0.047396
-0.013098
-0.037301
0.035299
-0.001001
-0.049403
-0.001001
-0.001001
-0.025211
-0.013108
-0.001001
0.011107
0.023209
0.011102
-0.001001
-0.013104
-0.001001
-0.037318
0.035317
0.011102
-0.001001
0.071586
-0.025190
-0.001001
-0.001001
0.023189
-0.025190
0.011095
0.011093
-0.025190
-0.073605
0.023206
-0.001001
0.011101
-0.049415
0.047414
0.047390
-0.025193
0.023192
0.011093
0.023183
-0.001001
-0.001001
-0.013092
-0.001001
-0.001001
-0.001001
-0.001001
-0.001001
-0.001001
0.011090
-0.001001
-0.001001
-0.013092
-0.025187
0.011093
0.011092
-0.013093
0.011092
-0.001001
-0.013093
0.035273
0.011088
0.023171
-0.013086
-0.037265
0.023177
-0.013089
-0.013090
-0.025185
-0.001001
-0.013095
-0.013096
-0.001001
-0.001001
-0.001001
-0.025196
-0.025202
0.023201
-0.001001
-0.001001
-0.001001
0.011098
-0.001001
-0.013099
0.023195
-0.001001
-0.013098
-0.001001
0.011096
-0.037296
-0.037309
0.047408
-0.001001
-0.013101
-0.013102
-0.001001
-0.013104
-0.037318
-0.001001
0.011107
0.011105
-0.025214
-0.001001
-0.013109
0.011108
-0.025220
0.023218
-0.001001
-0.013109
0.023215
-0.001001
0.011105
-0.001001
-0.001001
-0.001001
-0.001001
-0.025214
-0.001001
-0.001001
-0.001001
0.011107
-0.013108
-0.013109
-0.001001
0.035321
-0.001001
-0.001001
-0.013107
0.023209
0.011102
-0.013104
-0.025211
0.011105
-0.001001
0.011104
0.011102
0.011101
-0.001001
0.011099
-0.037305
0.011102
0.011101
0.023198
0.011096
-0.025196
0.011098
-0.013099
-0.025202
-0.013104
0.023204
0.059484
-0.013095
0.011093
-0.061486
-0.013102
0.035299
-0.025199
0.023198
0.071559
-0.013090
0.047349
0.047326
-0.037244
-0.001001
-0.001001
0.023163
-0.013082
-0.013083
0.035242
-0.001001
-0.013080
0.059382
-0.025149
-0.001001
-0.001001
-0.001001
-0.025155
-0.013080
-0.001001
0.011079
-0.025161
0.023160
-0.013080
-0.037248
0.023166
-0.001001
0.011080
-0.001001
-0.013082
-0.001001
-0.001001
-0.013083
0.035242
0.011077
-0.013079
-0.013080
-0.013082
-0.013083
0.011082
0.023160
-0.001001
-0.013080
0.047308
-0.037230
-0.001001
-0.001001
0.011077
0.011076
0.059360
-0.037213
0.023142
-0.001001
-0.001001
-0.013071
-0.001001
0.011070
-0.013071
0.011070
-0.049292
0.035220
-0.061376
-0.013080
-0.049333
0.059411
-0.146051
0.023189
-0.013095
-0.001001
0.011093
0.023183
-0.061471
-0.001001
0.023192
-0.073596
-0.001001
-0.037318
-0.025220
-0.013112
-0.013114
-0.001001
0.083760
0.023204
-0.001001
-0.001001
0.011099
0.047384
-0.013095
-0.013096
-0.037296
0.023198
0.035286
0.011092
0.083607
0.023160
-0.037244
-0.025170
-0.001001
0.011085
-0.025173
0.023171
0.035246
-0.013082
-0.001001
0.011080
-0.025164
0.023163
-0.001001
-0.025164
-0.013085
-0.025173
0.011086
0.011085
-0.013086
0.023168
-0.073526
-0.001001
-0.049380
0.047379
0.023180
0.047343
-0.001001
0.023163
-0.037248
-0.013086
-0.025176
-0.025182
-0.025187
-0.001001
-0.013096
0.035282
0.023180
0.011088
-0.013089
-0.013090
0.011089
-0.001001
0.011088
0.011086
-0.001001
-0.013088
-0.001001
-0.001001
-0.025179
-0.001001
0.011089
-0.001001
-0.001001
0.011088
0.011086
-0.001001
-0.013088
0.011086
-0.001001
-0.001001
-0.013088
0.023171
0.011083
-0.001001
-0.013085
-0.001001
-0.001001
-0.013086
-0.001001
-0.013088
-0.001001
-0.001001
0.011086
-0.001001
0.011085
-0.001001
-0.001001
-0.001001
-0.013086
0.011085
-0.001001
0.023166
0.011080
0.035233
-0.001001
-0.013077
-0.013079
0.035229
-0.013076
-0.001001
-0.001001
-0.013077
0.023151
-0.013076
0.011074
0.011073
-0.013074
0.023145
-0.013073
0.011071
-0.001001
-0.001001
-0.001001
-0.001001
-0.013073
-0.001001
0.011071
-0.013073
-0.001001
-0.001001
-0.013074
-0.001001
0.011073
-0.025149
-0.013077
0.011076
-0.013077
-0.013079
0.011077
-0.013079
-0.013080
0.023157
-0.013079
-0.013080
0.011079
END
