y[]
0.086579
-0.013774
0.061450
-0.176849
-0.089157
0.136896
-0.013784
-0.101686
-0.101787
0.036485
-0.001234
-0.038953
-0.051549
-0.227963
0.124790
-0.064226
0.137296
0.049093
0.124473
0.237175
0.023829
0.174029
0.086282
-0.051234
-0.138863
-0.126516
0.011301
0.136550
0.048822
-0.063808
0.336203
-0.076122
0.123548
-0.225953
0.198541
-0.013708
0.036184
0.011236
0.086010
0.048585
0.023666
0.073430
0.023642
-0.026110
0.023642
0.011201
-0.026107
0.023638
-0.026107
0.011203
0.023635
0.011198
-0.001234
-0.013666
-0.050979
-0.001234
-0.026116
0.011208
0.011206
0.036077
-0.038545
0.023642
0.036068
0.011197
-0.038531
-0.013670
0.011201
-0.050985
-0.038564
-0.013680
-0.013682
0.011214
0.048542
-0.026119
0.036091
0.036077
-0.026107
-0.050998
-0.088380
0.061021
-0.001234
-0.001234
0.085858
-0.013671
0.011203
-0.026110
-0.026116
0.036086
-0.026113
0.023645
-0.013673
-0.013674
0.048517
-0.013670
-0.050992
-0.001234
-0.001234
0.011208
-0.038564
-0.001234
-0.026128
-0.038587
0.011218
0.048561
-0.026128
0.048548
-0.013677
-0.026125
-0.013682
-0.001234
0.011214
0.023657
0.048530
-0.013673
-0.001234
0.023642
0.011201
-0.013670
0.011201
0.185113
0.159986
-0.026020
-0.013630
0.011161
0.035943
0.295686
0.085202
-0.075317
-0.025941
-0.013590
0.048179
0.011115
0.072831
0.035778
-0.038246
-0.087649
-0.050647
0.011122
-0.025947
0.060536
-0.063004
-0.087777
-0.063096
-0.013611
-0.087916
0.060689
0.085394
0.097678
-0.112517
0.072968
-0.063066
-0.100244
0.085405
0.035874
-0.025971
-0.038351
0.023512
-0.075492
-0.025999
0.035911
0.011144
-0.038374
-0.137533
-0.150136
0.184859
-0.847642
0.048753
-0.326600
0.186606
0.473055
-0.238098
0.210723
-0.063528
-0.225813
-0.138726
-0.101347
0.011285
0.011284
0.011282
-0.051309
-0.113995
-0.013771
-0.151799
0.023876
0.023869
0.099117
0.136585
-0.038802
-0.051347
0.011296
0.086436
0.298766
0.036203
0.073598
0.148261
0.036105
-0.088380
-0.250642
0.061176
-0.076131
0.036221
0.135983
-0.026169
0.011234
-0.038643
0.110950
0.235187
0.296607
-0.236952
0.060851
-0.125442
-0.125597
0.172830
-0.013657
-0.075805
0.160267
-0.324497
-0.450561
-0.001234
-0.051284
-0.113938
-0.063903
0.236697
0.148747
0.061192
-0.013716
0.360115
-0.225366
-0.101010
0.011243
-0.113587
-0.038713
-0.138777
0.011278
0.048797
-0.214040
-0.101535
0.161704
-0.114009
0.261710
-0.239106
-0.001234
0.086469
0.023810
-0.063855
-0.139139
0.074010
-0.126673
-0.126831
0.049023
-0.240183
0.187457
-0.001234
0.262337
-0.076469
0.061466
-0.051391
-0.089069
-0.139416
-0.026379
-0.051542
0.124489
0.111782
-0.139382
0.162011
-0.026331
0.011315
-0.063997
0.011322
0.174381
-0.076460
0.023847
-0.001234
0.174161
-0.013752
-0.126500
-0.189428
0.011323
0.124252
0.023844
-0.076488
0.036400
-0.139295
-0.164643
-0.064155
0.300425
-0.026338
-0.139416
-0.089268
-0.013817
-0.038991
-0.076791
0.049144
-0.114620
-0.102130
-0.039096
-0.039110
0.061885
-0.026477
0.099700
-0.013845
0.036595
-0.076906
-0.064338
-0.013860
-0.026490
-0.013864
0.011396
0.024022
-0.051752
-0.317550
0.024108
-0.013904
0.112740
-0.039211
0.024086
0.062037
-0.013885
-0.039197
0.125252
-0.039163
0.036695
-0.051809
0.036700
-0.051816
0.024060
0.011411
-0.102436
-0.001234
-0.026551
-0.026557
-0.026563
-0.039240
0.062101
-0.102590
0.049457
-0.064601
-0.013912
-0.013914
0.049476
0.049450
0.074744
0.024079
0.011420
-0.013888
0.011420
-0.051861
-0.013895
-0.089903
0.074773
-0.013898
-0.001234
-0.039235
0.024102
0.036757
0.062053
0.049367
-0.051835
-0.001234
0.011419
0.062005
0.036690
0.011404
-0.001234
-0.077087
-0.051835
-0.026544
0.049380
0.011415
0.036705
-0.039173
-0.077155
0.175824
0.049296
-0.165552
-0.089825
0.087357
-0.026538
0.011419
-0.026541
0.024073
0.175735
-0.013864
0.061901
-0.001234
-0.001234
-0.026483
0.011391
0.087100
0.011379
0.023987
0.036585
-0.165220
0.137541
0.036580
0.124711
0.099408
-0.064123
-0.051574
-0.101990
-0.114706
0.061822
-0.039063
0.023987
-0.026455
-0.051695
-0.114863
0.011398
0.011396
-0.089679
-0.026519
-0.153075
0.024089
0.150569
-0.026519
-0.039173
-0.077155
0.074686
0.024060
0.024054
0.150358
0.024009
-0.076982
0.024022
-0.001234
0.049258
-0.089612
0.061901
0.099700
0.086999
0.112095
-0.013820
-0.051593
-0.001234
0.011358
0.011356
-0.177645
-0.026461
-0.001234
-0.039087
-0.114878
-0.013869
-0.051790
0.074591
-0.064417
-0.039163
0.112510
-0.013866
-0.051777
0.024041
-0.026509
0.112453
0.112323
0.162566
0.074276
-0.101926
-0.102028
0.036575
-0.064258
0.011374
-0.013842
0.099585
-0.026429
0.338368
0.099168
-0.177003
-0.101812
-0.114506
0.049125
-0.076782
-0.013831
-0.001234
0.338325
0.111696
-0.114165
0.061521
-0.101661
0.337303
0.086348
-0.051272
-0.151497
0.174051
-0.151459
-0.088970
0.086502
0.111456
-0.026265
-0.164090
0.036372
0.124016
-0.126485
0.061411
-0.026287
0.023819
0.073888
0.023794
0.048803
0.148728
0.111090
-0.063621
-0.026200
0.023732
-0.088641
-0.126234
-0.013743
0.086293
0.086217
-0.026212
0.011256
0.086151
0.023719
-0.051147
-0.038685
0.023735
-0.038690
0.011253
-0.051190
-0.038718
0.061231
0.086151
-0.013713
-0.026197
0.036207
-0.076131
0.073663
0.086075
-0.038643
0.135863
0.135676
0.135488
0.011186
-0.063350
0.023617
-0.063373
0.110588
-0.038494
0.023608
0.023601
-0.001234
-0.013651
-0.001234
-0.013653
0.023601
0.023595
-0.175169
-0.013670
0.011201
0.011200
-0.088304
0.023651
0.036082
-0.026110
0.011204
0.048505
-0.013666
0.060912
0.197376
0.048357
0.011160
0.147373
0.072987
-0.137347
-0.050776
-0.026014
0.011157
-0.001234
0.023543
0.035920
-0.038388
-0.075584
-0.026030
0.023561
-0.050831
0.011167
-0.286860
0.185136
-0.088164
0.098108
-0.001234
0.023586
-0.075713
0.023598
0.036003
-0.075722
0.023601
0.122851
-0.100490
-0.050899
-0.001234
-0.026076
-0.038508
-0.013662
0.023620
-0.013660
0.036040
-0.026082
-0.050948
0.023626
-0.038527
0.023629
0.036049
0.023614
-0.063365
-0.038531
0.023632
-0.001234
-0.026100
0.147871
-0.038490
-0.088218
-0.001234
0.036054
0.011192
0.036035
-0.013656
-0.013657
-0.026085
0.036040
-0.038508
0.036040
-0.088228
0.060912
-0.026088
-0.001234
-0.001234
-0.013663
-0.050967
-0.063435
-0.001234
-0.100836
0.061029
-0.026134
0.110769
-0.001234
-0.013673
-0.026116
-0.013677
-0.013679
-0.013680
0.036100
-0.038568
-0.038582
-0.075973
0.023685
0.036133
0.048567
0.011212
0.011211
-0.001234
-0.063473
-0.038596
0.011222
0.011220
0.048567
-0.026131
-0.088423
-0.001234
-0.026159
-0.051103
0.023704
-0.026172
0.036170
-0.076056
0.073588
-0.001234
0.048616
-0.038620
-0.013699
0.011231
-0.001234
-0.051103
-0.038652
0.036184
0.148299
-0.063512
0.036137
-0.026147
-0.100947
-0.001234
0.023704
-0.001234
-0.001234
-0.026172
0.073560
-0.026159
0.023691
0.011226
0.048592
0.011218
-0.026141
-0.001234
-0.063528
0.061060
-0.038606
0.011225
0.036133
0.036119
0.023660
-0.051029
0.023666
-0.013684
-0.026138
0.073458
0.123129
0.110560
-0.001234
0.073226
0.035975
0.122697
0.011151
-0.050782
-0.013625
-0.013626
0.023549
-0.026017
0.023549
-0.050807
-0.088045
-0.001234
-0.038462
0.110408
-0.038434
0.023567
-0.112890
-0.013648
0.036003
-0.026057
-0.001234
-0.137872
-0.050967
0.073356
-0.001234
-0.001234
-0.013662
0.011194
-0.050954
0.023629
-0.013665
-0.038536
END
