y[]
-0.074954
0.115913
0.026831
0.001402
-0.011312
-0.024031
-0.011317
-0.011319
0.014122
0.052266
-0.024028
-0.011315
0.014119
0.014117
-0.074915
-0.024050
0.039577
-0.011322
0.001402
0.001402
0.014125
-0.011322
-0.011324
0.014127
0.001402
0.001402
0.039567
0.014120
-0.049483
0.001402
0.001402
0.115854
0.039523
0.001402
0.052208
-0.011298
0.014101
-0.011298
-0.036706
0.001402
0.153744
0.001402
-0.062046
0.090217
0.001402
-0.049341
-0.023979
0.001402
-0.011291
0.026785
0.039465
0.052131
0.102783
0.026731
-0.011262
0.064705
0.140528
-0.023880
-0.011241
-0.061838
0.001402
0.039350
0.026692
0.039326
0.039311
-0.074433
0.014045
0.026683
-0.036523
0.014045
0.014043
0.001402
-0.061822
0.115174
0.026667
0.014032
-0.023861
0.014033
-0.023864
-0.049148
0.039316
0.014037
0.026667
0.026660
-0.074394
0.026673
-0.023870
0.026673
0.039297
0.001402
0.102386
0.026632
-0.036446
0.014019
0.001402
0.089680
0.152554
-0.023775
-0.048970
-0.036394
0.064386
-0.036384
0.001402
0.076959
0.026575
-0.023772
0.051741
-0.074118
0.064338
0.001402
0.026565
0.127124
0.076760
-0.048831
-0.086566
0.026543
-0.023740
0.039111
-0.074032
-0.023756
0.026559
-0.048919
0.001402
-0.023768
-0.036365
0.051754
-0.111927
0.039192
0.051767
-0.011187
0.026578
0.051735
-0.011179
-0.099303
0.089524
0.039145
-0.036341
-0.023768
0.013987
0.001402
-0.011184
-0.023775
0.013990
-0.011187
-0.074165
0.001402
-0.036403
-0.023810
-0.011206
0.064425
0.064386
0.013994
0.013992
0.026578
-0.061551
-0.011194
-0.023794
0.114730
0.013986
-0.023768
-0.061551
0.013995
-0.036384
0.013998
-0.036394
0.001402
0.051792
0.001402
0.001402
0.076940
-0.011184
0.026571
0.013984
-0.061527
0.001402
0.013990
-0.048964
0.102106
-0.301018
-0.061718
0.051900
-0.011221
-0.175478
0.014046
-0.099800
-0.011256
0.026715
-0.061894
-0.150670
-0.023966
0.001402
-0.100134
0.026795
0.039480
0.153570
-0.049296
-0.087380
-0.074760
0.064873
-0.214568
0.128499
-0.112979
0.153879
-0.023995
0.077573
0.014091
0.140880
-0.036619
0.052092
-0.061966
-0.011277
0.026757
-0.112746
-0.011290
0.052157
-0.036662
0.077515
0.001402
-0.214403
-0.138485
-0.062248
-0.100522
-0.049599
-0.138985
-0.088038
-0.024167
0.205770
0.014161
-0.177375
0.001402
-0.049736
-0.100953
-0.062623
0.091025
0.090944
-0.113740
0.218779
-0.049704
0.014180
-0.088084
-0.421540
0.039925
-0.255701
-0.178964
-0.063094
0.117463
0.091579
0.014277
0.065756
-0.024335
-0.037216
0.001402
-0.024352
0.078642
-0.011468
0.001402
0.065731
0.001402
-0.256165
0.065855
-0.127548
-0.088962
0.014316
0.040134
-0.114840
-0.024448
0.040174
0.078901
-0.011511
0.053041
0.027211
-0.063135
-0.076098
-0.011521
0.091823
0.078841
0.027201
0.014299
-0.050198
-0.076048
0.091753
0.065889
0.014294
-0.037281
-0.037296
-0.024405
-0.024412
0.001402
0.014309
-0.011506
0.040119
0.001402
0.014304
-0.011501
-0.088962
0.027228
0.040129
0.065914
0.014299
0.014297
0.052968
0.027175
-0.050151
0.078721
-0.011481
0.078671
-0.062986
-0.024365
0.014286
-0.037256
0.117329
-0.088752
0.014286
0.027165
-0.037246
-0.011484
0.027171
0.091544
0.078602
-0.011461
0.001402
-0.024329
-0.011466
0.001402
0.014269
-0.011466
0.001402
-0.011468
-0.011469
0.001402
-0.024345
0.078622
0.027128
-0.050059
0.065723
-0.011459
0.129936
0.078443
0.052730
0.001402
-0.037092
0.091197
0.039861
0.065467
-0.152425
-0.024259
-0.011431
-0.037107
0.065574
0.001402
-0.011430
-0.037102
-0.139905
0.155544
0.001402
0.065558
-0.011426
0.014229
0.039875
0.180751
0.078167
-0.062566
-0.036998
0.129344
-0.036964
-0.049776
-0.075413
0.065418
0.014200
-0.434664
-0.024309
-0.024315
0.104229
0.001402
0.104124
-0.011433
0.155307
-0.075522
0.014226
0.052684
0.142292
0.065377
0.026980
0.129197
0.116278
0.116146
0.001402
-0.036832
-0.381741
-0.177902
0.052664
-0.011412
-0.126820
0.065533
0.027043
-0.139706
0.065566
-0.139814
0.039935
-0.024286
-0.049993
-0.024305
-0.050032
0.001402
-0.050059
-0.050085
0.014276
-0.062986
0.052915
-0.140324
-0.101798
0.014307
-0.037321
-0.257130
-0.063336
0.143769
-0.024468
0.091917
0.014326
0.078911
-0.024428
-0.063202
0.117658
0.130417
-0.101798
0.374993
-0.011458
-0.204572
-0.127548
0.078791
-0.205103
0.143420
0.143218
-0.050145
0.181698
0.296899
0.078344
0.257451
-0.088141
-0.126656
-0.062689
-0.101228
-0.191314
-0.062920
0.117150
0.052802
0.181096
0.014225
-0.139742
0.206635
-0.062689
0.193549
-0.049802
-0.113902
-0.024239
-0.037072
0.116779
-0.088325
0.103939
0.027020
-0.049841
0.014215
0.052638
-0.024213
0.001402
0.193352
0.231257
0.116132
-0.049573
0.026892
-0.164404
0.167207
-0.100600
0.001402
-0.164574
0.090807
-0.024135
-0.024141
0.052481
-0.036905
-0.100822
-0.126525
-0.177971
0.039866
0.078285
-0.037033
-0.126820
-0.075610
-0.101373
-0.037166
0.065673
0.116986
0.168122
-0.101163
-0.075591
0.052736
0.065533
0.039861
-0.062705
0.065508
0.001402
0.027033
0.027026
0.001402
0.001402
-0.101136
0.001402
0.078315
0.001402
-0.024230
0.103887
0.001402
0.001402
-0.011403
0.014206
0.014205
-0.024207
-0.075462
-0.037053
-0.011420
0.039861
-0.037058
0.027043
-0.024239
-0.101228
0.001402
0.039900
0.091174
0.091093
0.167759
-0.088141
0.039787
-0.075384
0.001402
-0.011402
-0.049828
0.027020
0.027013
0.014205
0.065393
0.014195
-0.024187
0.103716
0.026964
-0.036944
0.039748
-0.062517
-0.088153
0.065377
0.065336
0.039743
0.039728
-0.011372
0.039718
0.001402
0.014171
0.039699
0.001402
-0.075207
0.026944
-0.024141
-0.024148
-0.036935
0.014182
-0.011379
-0.024164
0.001402
0.052526
0.001402
0.026954
0.014175
0.001402
-0.024148
-0.011376
-0.036940
0.026964
-0.024161
0.014184
0.014182
0.001402
-0.511092
0.027089
0.014243
-0.037127
-0.037142
0.001402
-0.011449
-0.088602
0.014264
0.014262
-0.075789
0.091451
0.078522
-0.062862
0.065665
-0.050006
-0.011454
-0.101506
0.001402
0.078592
-0.037186
-0.140214
-0.140415
0.001402
0.014302
-0.153517
0.143420
-0.205237
0.001402
0.117688
0.053041
0.117493
-0.153417
0.027221
-0.063160
-0.166655
0.104854
-0.089114
0.066064
-0.076198
-0.037421
-0.141076
-0.050459
0.105096
0.092046
-0.024488
-0.024495
0.143750
-0.024465
-0.063294
0.104894
0.078951
0.027238
0.027231
-0.140745
0.027261
0.117688
-0.050265
-0.050291
0.014327
0.014326
-0.024448
-0.115005
-0.063328
-0.037456
0.143806
0.014337
0.001402
0.053128
0.027255
-0.050311
0.078961
0.014322
-0.024442
-0.037376
0.001402
0.027255
0.027248
0.104721
-0.024418
-0.101944
-0.102051
-0.089207
0.104948
-0.063302
0.053168
-0.050365
0.091975
-0.076228
0.040224
0.066072
0.117703
0.014316
-0.127814
0.014331
-0.218621
-0.011556
0.079122
0.027295
0.143695
0.027251
-0.102038
-0.037416
0.130734
-0.063244
-0.166872
0.104988
0.053155
-0.063294
-0.063336
0.117899
0.104841
-0.114975
0.208200
-0.063177
0.207907
0.014294
0.143109
0.014274
0.104322
-0.088648
-0.024342
0.052882
-0.050078
-0.050105
0.142981
0.014262
-0.011459
-0.037191
-0.024335
-0.088729
-0.088810
-0.050185
-0.076028
0.014311
0.117508
-0.063085
0.065889
-0.037286
-0.114750
0.117553
0.027195
0.156021
-0.050112
0.104401
0.027135
0.014266
-0.062936
0.027142
0.091440
0.027112
0.039955
-0.037151
-0.037166
-0.024319
0.065690
-0.037166
0.014259
0.027112
END
