y[]
-0.000718
-0.014354
-0.000718
-0.000718
-0.000718
0.012918
0.012917
-0.000718
-0.014352
-0.014354
0.012918
-0.000718
-0.000718
-0.014354
0.026553
0.012915
-0.000718
-0.000718
-0.041620
-0.000718
0.026553
-0.014352
-0.000718
0.040179
-0.000718
-0.014348
-0.014350
0.040174
0.012909
0.012907
-0.014343
-0.000718
-0.014344
-0.000718
-0.082517
0.012920
0.012918
0.026549
0.040168
-0.027973
-0.000718
-0.082528
-0.014359
-0.014361
0.081115
-0.014352
0.012917
-0.000718
0.012915
-0.000718
0.026541
-0.000718
-0.000718
-0.027977
-0.000718
0.012913
-0.041615
-0.000718
-0.014354
-0.014356
-0.014357
0.026560
0.012918
-0.027992
-0.000718
-0.027999
-0.041654
-0.000718
0.026575
-0.055310
-0.014370
-0.000718
0.012935
0.026582
-0.014367
0.026579
0.040213
-0.000718
0.012922
-0.014357
0.026560
0.026553
-0.000718
0.012915
-0.014350
-0.027988
0.026553
-0.027988
-0.014356
0.012920
0.012918
0.012917
0.012915
-0.014350
-0.068907
0.012924
0.026560
-0.041637
-0.055303
0.053867
0.012924
0.149218
-0.068842
0.026538
-0.027973
-0.014348
0.108274
0.067342
-0.055162
0.040118
0.026497
-0.000718
-0.014324
-0.014326
0.012891
-0.041548
-0.055184
-0.041587
0.040151
-0.027962
-0.014343
-0.000718
0.012907
0.040146
-0.027958
0.012904
-0.000718
-0.027962
-0.082495
-0.000718
0.012917
-0.150796
-0.110007
-0.000718
0.026616
-0.028051
-0.069084
-0.110202
-0.055505
0.054069
-0.096615
-0.000718
0.054092
-0.096654
0.067818
-0.055542
-0.028141
-0.000718
0.081530
-0.055542
0.026698
-0.110427
-0.096812
0.013016
-0.055663
0.026759
-0.069423
-0.124506
0.026804
-0.179744
-0.042077
0.054424
-0.000718
-0.097236
-0.028311
-0.042123
-0.069764
0.137328
0.082018
-0.014502
-0.055875
0.054440
0.081961
-0.028270
0.013059
0.013057
0.013055
-0.028266
0.040602
-0.000718
-0.014489
-0.014491
0.026827
0.013052
-0.000718
-0.028258
-0.000718
-0.000718
0.040590
-0.028255
-0.014489
0.013054
0.026819
-0.000718
-0.028255
0.013052
-0.014487
-0.000718
0.013052
-0.000718
-0.014487
0.013052
-0.000718
-0.014487
0.013052
-0.000718
0.013050
-0.014485
-0.000718
-0.000718
-0.000718
-0.000718
0.013050
0.013048
0.026808
-0.014479
-0.000718
-0.000718
-0.028247
-0.000718
-0.000718
-0.000718
-0.000718
0.013048
-0.014483
0.026812
-0.014481
0.026808
-0.000718
-0.000718
-0.014479
-0.028247
-0.014485
-0.000718
0.026815
-0.000718
-0.000718
-0.000718
-0.000718
-0.000718
-0.014483
-0.000718
-0.000718
-0.014485
-0.000718
-0.042031
0.013055
-0.000718
-0.028266
-0.000718
-0.028273
0.026838
-0.000718
-0.014495
-0.000718
0.013059
0.013057
0.013055
0.013054
-0.014489
-0.000718
-0.014491
-0.000718
-0.000718
-0.014493
-0.000718
-0.000718
-0.014495
-0.000718
-0.014497
0.013061
-0.028277
-0.000718
0.013063
0.040613
-0.000718
-0.014493
0.013057
-0.097183
0.068196
0.040607
0.013054
-0.014489
0.026823
0.013050
0.026812
0.013044
0.026800
-0.014476
-0.000718
0.013040
-0.000718
-0.014476
-0.000718
0.013040
0.026793
-0.014472
-0.055753
-0.000718
-0.042014
0.040579
-0.000718
0.013044
-0.028243
0.013046
-0.000718
0.013044
0.026800
-0.055761
0.013046
0.040562
0.013038
-0.028232
-0.014478
0.040556
0.013037
-0.014472
-0.014474
0.026793
0.013035
-0.014470
-0.041986
-0.000718
-0.014478
0.026800
0.026793
0.054280
-0.000718
-0.000718
-0.014464
-0.000718
0.026774
-0.014462
-0.014464
-0.000718
-0.069479
-0.014476
0.081802
0.013029
-0.014464
0.013029
0.054250
-0.041941
0.013025
-0.000718
-0.000718
-0.014461
0.109172
-0.014447
-0.138118
-0.083249
0.013042
0.054303
0.095496
0.081677
-0.014445
0.026736
-0.028171
0.054182
-0.041890
0.095324
-0.014432
0.012997
0.150019
-0.041805
-0.014417
0.177230
-0.028074
-0.028081
0.026646
-0.014399
-0.041771
0.026653
-0.000718
0.040325
-0.000718
0.012959
0.040302
0.081272
-0.028040
0.040263
0.040246
-0.028025
-0.041693
-0.028044
-0.014384
0.012948
0.067584
-0.028033
-0.014378
-0.000718
0.108512
-0.082629
-0.055362
-0.000718
0.026608
-0.041710
0.012948
-0.014384
-0.000718
0.108557
-0.000718
-0.000718
0.040230
0.026571
-0.082607
-0.000718
0.012935
0.012933
0.067509
0.026560
0.040185
-0.027984
-0.000718
-0.068917
-0.014363
0.067491
0.012918
-0.068917
0.040207
-0.014357
-0.000718
-0.000718
-0.000718
-0.014359
0.012924
0.026560
-0.000718
-0.027995
-0.041648
0.012928
-0.000718
0.012926
0.040202
0.040185
-0.027984
-0.000718
-0.014354
-0.014356
-0.000718
-0.000718
0.012920
-0.041637
-0.000718
0.012924
-0.000718
-0.000718
-0.000718
-0.000718
-0.000718
-0.000718
-0.000718
0.012922
0.012920
-0.014356
-0.000718
-0.055288
0.012928
-0.014363
-0.000718
-0.014365
-0.000718
0.012930
-0.000718
-0.000718
-0.000718
-0.014365
0.012930
0.012928
-0.000718
-0.000718
-0.014363
-0.000718
0.012928
-0.000718
-0.014363
0.012928
-0.000718
-0.014363
-0.014365
-0.000718
0.012930
-0.000718
-0.000718
-0.000718
0.012928
0.012926
-0.014361
0.012926
-0.000718
-0.000718
-0.000718
0.026564
-0.000718
-0.014357
-0.000718
0.012922
0.012920
-0.014356
-0.000718
-0.000718
-0.000718
0.012920
-0.014356
0.012920
-0.014356
0.012920
-0.000718
-0.000718
0.012918
-0.000718
-0.000718
0.012917
-0.014352
-0.014354
-0.027995
-0.014359
0.012924
0.012922
0.026556
-0.027992
-0.014357
-0.000718
0.040196
-0.041631
-0.028003
0.012926
0.067472
0.012915
0.053793
0.108215
0.012891
-0.027936
-0.000718
-0.014330
-0.027947
-0.014335
-0.027958
-0.000718
0.012904
0.012902
0.012900
-0.041576
0.040140
-0.014335
-0.041581
-0.000718
0.012905
-0.027966
0.012907
-0.000718
0.026527
0.012902
-0.000718
-0.014337
0.012902
-0.000718
-0.000718
0.012900
-0.000718
0.012898
-0.000718
0.026508
-0.014330
0.026504
0.040101
-0.055147
0.012892
-0.014328
-0.000718
-0.000718
-0.000718
-0.000718
0.026501
-0.027936
-0.027943
0.026508
-0.027943
-0.000718
-0.027951
-0.000718
0.026515
-0.014333
0.026512
-0.055184
-0.000718
-0.027962
0.053763
0.026512
-0.014331
0.026508
0.040107
0.012887
-0.000718
-0.068759
0.135318
-0.027910
0.012879
-0.027914
0.026478
0.189448
-0.000718
-0.014289
-0.014291
0.012855
0.012854
-0.041437
-0.027873
-0.014298
-0.000718
0.040018
0.189164
-0.041376
0.012837
-0.109207
-0.055006
0.012857
0.026427
-0.014289
-0.000718
-0.000718
0.121358
-0.014274
-0.041398
0.039963
-0.027836
-0.014280
0.026405
-0.109251
0.039996
0.026416
-0.000718
0.012846
-0.014282
-0.000718
-0.000718
-0.109295
0.026438
-0.014294
-0.014296
-0.000718
-0.000718
-0.055051
0.053615
-0.000718
0.094294
0.012848
-0.014283
-0.000718
-0.014285
0.039980
0.026405
0.012841
0.026394
-0.014272
-0.041393
-0.068546
-0.027862
0.026427
0.039985
-0.000718
-0.041420
0.012852
0.026416
-0.109295
0.053586
-0.027866
-0.000718
0.012857
-0.000718
-0.014293
0.012857
-0.014293
0.012857
0.012855
-0.027866
0.012857
-0.027869
-0.000718
0.012859
0.012857
-0.000718
0.012855
-0.014291
0.012855
0.012854
-0.000718
-0.000718
0.026419
-0.014285
0.039980
0.012844
-0.014280
-0.014282
-0.014283
0.012848
0.012846
-0.000718
0.012844
-0.000718
-0.014280
-0.014282
0.012846
-0.027847
0.012848
-0.054992
-0.000718
0.026423
0.012850
-0.000718
-0.000718
0.026412
-0.014282
-0.000718
-0.000718
-0.000718
-0.000718
-0.000718
-0.000718
-0.000718
-0.000718
-0.000718
-0.000718
-0.000718
-0.014283
-0.000718
0.012848
0.026408
-0.000718
-0.014280
0.012844
-0.000718
-0.000718
-0.000718
-0.000718
-0.014280
-0.000718
-0.000718
-0.000718
END
