y[]
-0.024056
0.145164
0.169070
-0.048108
-0.036064
-0.036077
0.072534
-0.096417
0.024277
-0.084405
0.048446
-0.096522
-0.036138
0.036400
-0.060325
0.108925
0.084667
0.048405
-0.060215
0.072542
0.180930
0.084392
-0.096173
0.168603
0.012154
0.096262
0.000131
-0.035907
0.012145
0.000131
-0.011883
0.012145
-0.047934
0.060209
0.000131
-0.059947
-0.011889
0.000131
-0.047963
0.024181
0.000131
0.000131
-0.035946
0.012158
-0.011896
-0.011898
0.012160
-0.023928
0.000131
0.012161
-0.023931
0.000131
0.000131
0.036221
0.000131
-0.011898
-0.084110
-0.072132
0.024224
-0.036011
-0.036025
-0.011924
0.012186
0.012184
0.000131
0.000131
0.084463
-0.060099
-0.036025
-0.023980
0.024242
0.024236
-0.084262
-0.011931
-0.048132
-0.036081
0.012203
-0.072324
0.060514
0.036343
0.024265
-0.011935
0.024262
-0.011934
0.000131
-0.011935
0.024262
0.012194
0.012193
-0.011931
0.000131
0.012193
-0.060194
0.000131
0.012199
0.036326
0.000131
0.012193
0.024251
-0.011928
0.024248
-0.036046
0.000131
0.012192
-0.048120
0.036321
0.000131
0.024251
0.012189
-0.011927
-0.036051
0.012193
-0.011931
0.012193
0.000131
0.024251
0.000131
0.000131
0.012189
0.024242
0.024236
0.036278
0.036265
-0.011912
0.000131
-0.011914
-0.023963
-0.048073
0.000131
-0.036038
-0.156751
-0.011947
0.012209
0.096703
0.024259
0.156824
-0.084211
-0.096348
-0.048143
0.048405
-0.011935
-0.096452
0.060507
-0.048167
-0.120715
-0.036151
0.048504
0.036396
0.000131
0.036383
0.036369
0.000131
-0.084446
0.036387
0.132957
-0.060223
0.012205
0.012203
0.024271
-0.011938
-0.036086
0.012205
-0.011943
-0.024021
-0.048190
-0.011953
-0.084497
0.036409
0.012221
-0.060332
-0.011966
0.024324
-0.072464
-0.133097
0.000131
-0.072614
0.072876
-0.036235
0.012254
-0.048372
0.000131
-0.121228
0.000131
0.024415
-0.072738
0.024426
-0.024164
0.085139
0.024406
-0.048425
0.036550
-0.060574
-0.097074
0.024441
-0.024179
-0.024185
0.012290
0.012288
-0.231111
0.243529
0.242938
-0.096921
-0.230746
0.231008
-0.036288
-0.060597
-0.206619
-0.085126
0.231373
0.109480
0.194235
0.012250
-0.011988
0.278497
0.132989
-0.072315
-0.060281
-0.048225
-0.120861
-0.084651
0.000131
-0.036226
-0.048366
0.157659
-0.036200
-0.060449
-0.084743
-0.060538
0.048669
-0.048407
0.060800
0.048639
-0.084774
0.085036
0.048616
0.024365
-0.011985
-0.060471
-0.157607
0.060829
0.109295
0.012253
0.000131
-0.072623
0.109242
0.012247
0.145409
0.096866
-0.048225
-0.096651
0.000131
-0.060405
-0.011981
0.084882
0.036431
-0.072482
-0.145253
0.084964
-0.084702
-0.096909
0.036532
0.012262
0.024388
0.024382
0.048616
0.109136
-0.133114
-0.121155
0.085046
-0.169772
0.109387
-0.024138
0.024400
0.012263
0.000131
-0.036270
0.036532
0.012262
0.000131
-0.096956
0.048686
0.000131
0.036532
0.012262
0.012260
0.000131
0.084995
-0.036230
0.000131
0.036492
-0.011988
0.036484
0.024359
0.012243
0.012241
-0.011979
0.000131
0.024350
-0.036200
0.012243
0.036457
-0.036195
-0.011981
0.072779
0.024335
-0.060391
-0.048313
0.000131
-0.036217
0.012249
-0.011987
-0.036230
-0.024117
0.036501
0.012251
0.048598
-0.011984
-0.036222
0.036484
0.000131
-0.024103
0.012249
0.036475
0.000131
0.000131
0.024353
-0.024091
0.024353
0.012240
-0.060427
0.060689
0.012238
0.000131
0.024341
-0.072517
0.024353
-0.048319
0.024359
-0.048330
0.048592
-0.024097
-0.024103
-0.060479
0.036501
-0.024114
0.048616
0.012249
-0.011987
0.048592
-0.036213
0.000131
0.024362
-0.011984
-0.024103
0.012249
0.012247
0.048581
-0.011979
-0.011981
0.000131
0.012243
-0.011981
0.012243
-0.011981
0.072779
0.012234
0.024332
0.012229
0.012228
-0.060369
0.000131
-0.048295
0.048557
0.048534
0.024324
-0.036160
0.024326
-0.157245
0.012246
-0.060457
0.036488
-0.121111
-0.012001
-0.012003
-0.012004
-0.109152
-0.243149
0.024486
0.097490
-0.060707
-0.012041
0.012303
0.109613
0.060903
-0.048484
0.000131
-0.097169
0.012299
0.024462
-0.012034
-0.012035
-0.024206
-0.024212
-0.024218
0.060992
0.012299
-0.012037
0.036630
0.133845
0.060851
0.048681
0.000131
-0.036279
0.036541
0.000131
0.000131
-0.084846
-0.084919
-0.060663
0.000131
0.036612
0.024444
0.000131
-0.121494
0.060962
0.000131
-0.012032
0.085243
-0.036337
0.024444
0.036590
0.000131
-0.012020
-0.109298
0.012296
-0.097228
-0.109511
0.036692
0.073213
0.012306
0.060984
0.085263
0.182314
0.290935
0.012229
0.000131
-0.024067
0.048522
0.362319
-0.084262
-0.048126
0.000131
0.325413
-0.108179
0.072351
-0.120264
-0.036016
-0.120453
0.048382
-0.072254
-0.132711
-0.060310
-0.084548
-0.084620
0.024353
-0.339510
-0.036328
-0.012025
0.024441
-0.012023
-0.121494
-0.194777
-0.170726
-0.146550
-0.073290
-0.318653
0.269937
0.012378
-0.146928
-0.012134
0.085952
0.073633
-0.048865
-0.012122
-0.122478
0.098230
-0.085701
0.220692
0.134679
-0.158900
-0.024358
0.061342
-0.024349
-0.122358
0.049145
-0.024373
0.073624
-0.048859
-0.048883
0.036893
0.085858
0.012372
0.000131
-0.012110
0.220234
0.110001
0.012331
-0.109726
-0.073174
-0.024316
0.049019
-0.097669
-0.012101
-0.073290
0.073552
0.024593
0.012360
-0.024328
0.073490
-0.012092
0.085658
-0.048733
-0.012089
0.000131
0.012351
0.012349
0.024563
0.000131
-0.024301
0.024563
0.036768
0.036754
-0.036492
0.000131
0.048959
-0.012074
0.061140
-0.036470
0.000131
0.000131
-0.060900
0.012340
0.000131
0.036750
0.000131
0.036736
-0.024271
0.073320
0.000131
-0.024259
0.024521
-0.024259
0.024521
-0.060856
-0.012071
0.000131
0.000131
0.000131
0.000131
-0.036483
-0.036497
0.036759
0.024542
0.012334
0.000131
-0.024277
0.000131
0.000131
0.036741
0.012331
-0.012069
0.000131
-0.024274
0.024536
0.061118
-0.024259
-0.036466
0.024530
0.024524
-0.024262
0.000131
0.024524
-0.012065
0.012327
0.000131
-0.024262
0.012328
0.000131
-0.024265
-0.012069
0.012331
-0.012069
-0.012071
-0.012072
0.024536
0.000131
-0.012071
0.000131
0.024533
-0.048679
0.000131
-0.036492
0.000131
0.012340
0.012339
0.000131
-0.048709
0.024554
0.024548
0.061148
0.061110
0.024512
-0.036443
-0.048655
-0.012069
0.061118
-0.048655
-0.036474
0.109907
0.182824
-0.024209
-0.048566
-0.133909
-0.048655
0.073302
-0.085240
0.012331
-0.048679
0.048941
0.012330
0.109854
0.000131
0.061036
-0.085146
-0.073022
-0.036466
0.036727
0.000131
0.036714
0.000131
0.048888
-0.060819
0.024515
0.048882
0.024497
0.048846
-0.036403
-0.036417
0.012315
0.012313
0.012312
-0.048602
-0.097406
-0.024268
-0.012071
-0.073111
0.085575
-0.060893
0.036750
0.048935
-0.036470
-0.121969
0.024563
0.024557
-0.036510
-0.085417
0.061244
0.036781
0.024557
0.061170
0.024536
-0.024274
-0.097549
0.012346
0.061185
-0.036497
-0.048727
0.012348
0.036772
-0.048727
0.012348
0.000131
0.024560
-0.085397
0.024575
0.073427
0.061170
0.207385
0.061006
-0.206997
-0.121910
0.024551
-0.073147
0.134433
0.036727
0.146383
-0.072968
0.097585
0.437503
-0.084764
-0.060552
-0.084888
-0.048484
0.036594
0.012282
0.048722
-0.109232
-0.097181
0.036634
-0.133779
0.048846
0.024480
-0.012043
-0.036399
-0.182718
0.000131
0.085502
0.012321
0.036692
-0.036430
0.061058
0.085367
0.158234
-0.084970
0.000131
0.012293
0.048763
-0.036341
0.097360
0.048710
-0.024156
0.060836
-0.024147
-0.072738
0.109414
-0.084857
0.109387
0.060777
0.181850
END
