y[]
-0.000777
-0.048767
-0.000777
0.059208
-0.072762
-0.000777
-0.000777
-0.000777
-0.012779
-0.000777
0.011226
-0.012779
-0.000777
-0.000777
-0.036793
0.011230
-0.012784
0.023236
-0.000777
-0.000777
-0.000777
-0.000777
-0.000777
-0.000777
-0.000777
-0.000777
-0.012782
-0.012784
0.023236
-0.000777
-0.000777
-0.000777
-0.000777
-0.000777
0.011227
-0.024786
-0.000777
-0.024792
0.011232
-0.012785
0.011232
0.011230
-0.012784
-0.012785
-0.000777
-0.000777
-0.000777
0.011232
-0.000777
0.011230
-0.000777
0.011229
-0.012782
-0.000777
-0.000777
-0.012784
0.023236
-0.012782
0.011229
0.023230
-0.000777
-0.000777
0.047219
-0.012774
0.011220
-0.048773
-0.000777
-0.000777
-0.012779
0.011226
0.011224
0.011223
0.011221
-0.000777
0.023215
-0.000777
-0.000777
-0.000777
0.023210
-0.000777
-0.012769
-0.000777
0.011216
-0.000777
-0.000777
-0.000777
-0.000777
-0.012769
-0.000777
-0.000777
0.035197
0.047168
-0.012761
-0.024749
0.011210
0.011209
-0.000777
-0.048727
-0.048750
-0.000777
-0.000777
0.011219
0.011217
-0.000777
-0.024766
-0.000777
-0.024772
0.047208
0.023207
-0.024761
0.047185
-0.012765
-0.036750
0.083141
-0.024746
0.059136
0.011201
-0.012755
-0.012756
-0.000777
0.023181
0.023175
0.047110
-0.036690
-0.024726
-0.000777
-0.012754
0.047122
-0.000777
-0.000777
-0.012749
0.011196
-0.024723
-0.000777
0.011197
-0.024726
0.011198
0.011197
-0.000777
-0.000777
-0.000777
-0.000777
-0.036703
0.011200
-0.012754
0.011200
-0.036711
-0.000777
0.011203
0.011201
0.011200
-0.012754
-0.012755
-0.012756
-0.000777
-0.012758
0.011204
0.047133
-0.024729
-0.000777
-0.012755
-0.000777
-0.000777
0.011201
0.011200
-0.000777
0.023172
-0.012751
0.011197
-0.000777
0.011196
0.023164
-0.036690
-0.012751
0.011197
-0.012751
-0.012752
-0.060675
-0.012761
0.047150
0.106975
-0.024712
0.023158
-0.000777
-0.036681
-0.072625
0.023178
-0.024732
0.142867
-0.036668
-0.024712
-0.048664
0.047110
0.011191
0.023155
0.047070
0.023138
-0.012734
-0.036656
0.011184
-0.048629
0.011188
0.035110
0.011183
-0.012736
0.011183
-0.024697
-0.012739
-0.048641
0.011191
-0.036686
0.023164
-0.000777
-0.036690
0.011196
-0.024723
0.023170
0.035132
-0.036686
-0.036699
-0.036711
-0.072685
-0.048744
0.023210
0.047179
0.011209
0.011207
-0.000777
-0.000777
0.023187
0.011203
0.047127
-0.000777
-0.036703
0.047122
-0.024723
0.059078
-0.036686
0.082990
0.059014
-0.036647
0.059000
-0.048595
0.011180
0.023132
0.011176
0.058964
0.011167
0.023107
-0.012718
-0.024663
-0.000777
-0.012722
0.023112
-0.000777
0.058921
-0.000777
-0.012714
0.023095
-0.000777
-0.120194
0.035063
0.023109
-0.024663
-0.000777
-0.012722
-0.012724
-0.024675
-0.036634
-0.060568
-0.024703
-0.000777
0.011187
-0.036673
-0.012745
0.023158
-0.012744
0.011190
-0.000777
0.035115
-0.012739
-0.012741
0.011187
-0.012741
-0.012742
0.011188
-0.000777
-0.000777
0.011187
0.011186
-0.000777
0.011184
-0.000777
-0.000777
-0.012738
-0.000777
-0.000777
0.011184
-0.000777
-0.000777
-0.036664
0.011187
-0.000777
-0.012741
0.023149
-0.000777
0.011184
-0.012738
-0.000777
-0.012739
0.011186
-0.012739
0.023147
-0.012738
0.011184
0.011183
-0.012736
0.011183
-0.000777
0.011181
0.011180
-0.024692
0.023138
-0.024692
0.011181
0.011180
-0.012734
0.011180
0.011178
-0.012732
0.011178
-0.000777
-0.000777
-0.012732
-0.000777
-0.012734
0.023135
-0.024689
0.011180
-0.024692
-0.012736
0.023141
-0.012735
0.011181
-0.000777
-0.036656
0.011184
-0.024700
-0.000777
0.011186
-0.012739
-0.000777
0.011186
-0.048635
-0.024715
0.023161
-0.012745
0.011191
-0.036686
0.011194
0.011193
0.011191
0.035119
-0.000777
0.011186
-0.000777
-0.024703
-0.000777
-0.012742
-0.000777
0.023152
0.011186
-0.000777
-0.012739
0.011186
0.023144
-0.000777
-0.000777
-0.012736
-0.000777
-0.000777
0.011183
-0.012736
-0.000777
-0.012738
-0.024703
-0.000777
0.011187
-0.012741
0.023149
0.011184
-0.000777
0.023141
-0.000777
0.011180
-0.024692
-0.000777
-0.000777
-0.000777
0.011181
-0.012735
0.023138
-0.012734
0.011180
-0.000777
0.011178
-0.000777
-0.024689
-0.012735
0.023138
-0.012734
0.011180
-0.012734
0.035089
-0.072521
0.070968
-0.048601
0.011181
-0.000777
-0.024695
-0.012738
-0.012739
0.023147
0.023141
-0.024695
-0.012738
0.023144
0.011181
-0.012735
-0.000777
0.011181
0.011180
-0.000777
-0.012734
-0.024695
-0.000777
-0.000777
0.011183
-0.000777
-0.000777
0.059000
0.011174
-0.000777
-0.024680
-0.000777
0.035076
-0.000777
0.058950
0.011164
-0.036604
-0.000777
-0.216011
-0.096585
0.035162
0.035149
-0.024726
-0.060675
-0.036733
0.047162
0.047139
-0.012754
-0.120623
0.095112
-0.192646
-0.024786
0.011229
0.047231
0.023218
-0.036772
0.047214
-0.000777
0.035201
-0.000777
-0.036755
-0.012772
-0.012774
-0.012775
-0.012777
0.011223
0.023218
-0.012774
-0.000777
-0.048779
0.035227
-0.000777
-0.000777
-0.012777
0.011223
0.011221
-0.000777
0.023215
-0.048767
-0.024781
0.023227
0.023221
0.011220
0.023213
-0.000777
-0.000777
0.011216
-0.012769
0.011216
0.011214
-0.024761
-0.000777
-0.012771
0.011217
0.023207
-0.000777
-0.012768
0.011214
0.035188
-0.012764
-0.000777
0.011210
-0.012764
0.011210
-0.000777
-0.000777
-0.000777
-0.000777
-0.000777
-0.000777
0.023192
-0.060711
0.011213
0.023198
-0.000777
-0.012764
-0.000777
-0.000777
0.011210
-0.000777
-0.012764
-0.048738
-0.012771
-0.012772
-0.000777
-0.012774
-0.012775
0.023218
-0.000777
0.023213
0.011216
-0.012769
0.035197
-0.024758
-0.024763
0.011217
-0.036763
0.011220
-0.012774
0.011220
-0.000777
-0.012774
-0.000777
0.011220
0.011219
-0.012772
-0.024772
0.023218
-0.012774
-0.048779
-0.000777
-0.048802
0.047248
0.023227
0.011223
-0.000777
-0.012777
0.083191
0.059157
-0.000777
0.059121
0.023172
0.011196
0.035132
-0.036686
-0.036699
-0.024732
0.059100
0.023164
-0.012746
0.011193
-0.072616
0.059093
0.011193
-0.000777
0.035123
0.106846
-0.000777
-0.000777
0.011174
-0.012728
-0.000777
0.011174
0.011173
-0.036630
0.011176
-0.048595
0.011180
-0.012734
0.023135
-0.012732
0.047036
-0.000777
-0.000777
-0.000777
0.023121
-0.012725
-0.000777
0.011171
-0.024675
-0.024680
-0.012731
-0.012732
-0.036651
-0.048629
-0.012744
0.035119
-0.048641
0.059050
0.023144
-0.000777
0.035093
-0.060568
0.011184
0.011183
0.023138
-0.120408
-0.048670
0.023172
-0.036703
0.130889
-0.000777
0.047059
-0.036651
-0.024700
0.035106
0.023138
-0.012734
0.035089
-0.000777
-0.132348
0.059050
-0.048635
0.011190
0.023152
0.059021
0.023132
-0.000777
0.011176
0.011174
-0.012728
0.035072
-0.000777
0.011170
-0.036621
-0.000777
-0.012728
0.106731
0.011161
-0.024655
-0.000777
0.011163
0.023098
0.058885
-0.012706
0.070779
-0.000777
0.046899
0.011139
-0.060368
0.011144
-0.000777
-0.036544
-0.000777
0.011147
-0.036553
-0.000777
0.023075
-0.036557
0.046927
-0.024626
0.011148
-0.012702
-0.036561
-0.012708
0.046939
-0.000777
-0.012704
0.011150
-0.048492
-0.024643
-0.024649
-0.036596
0.023104
0.142387
0.011144
-0.024620
-0.048481
0.011151
0.058843
-0.000777
-0.012698
0.011144
-0.000777
-0.024620
-0.012701
-0.000777
-0.012702
-0.000777
-0.000777
-0.024632
-0.000777
-0.000777
-0.012706
0.023081
0.011150
-0.000777
0.011148
0.011147
-0.000777
-0.012701
-0.012702
-0.000777
-0.000777
-0.000777
0.011148
-0.012702
0.011148
-0.024629
-0.000777
-0.000777
-0.000777
0.011150
-0.000777
-0.000777
-0.000777
END
