y[]
-0.014957
-0.014959
-0.002600
-0.002600
-0.002600
0.009759
-0.014959
0.009759
0.022113
0.022107
-0.027307
-0.014956
0.022110
-0.014954
0.009754
-0.002600
0.046801
-0.002600
-0.002600
0.022091
-0.002600
0.009743
0.022082
0.022076
0.120689
0.034357
0.009716
0.034339
-0.027224
-0.027231
-0.002600
-0.002600
-0.014918
0.009718
-0.002600
0.022031
-0.014914
0.169665
-0.051788
-0.101049
-0.002600
-0.027227
0.009715
-0.002600
-0.064188
-0.027246
-0.039580
-0.064264
-0.027276
0.009739
0.009737
-0.076647
0.009745
-0.089046
-0.027313
-0.002600
0.071520
-0.039653
-0.126209
0.046862
-0.002600
-0.039694
0.059216
0.034471
-0.014956
-0.002600
0.022110
-0.014954
0.022107
-0.027307
-0.002600
0.059155
-0.014948
0.022094
0.046771
0.083740
0.071346
-0.051891
0.059011
-0.014919
-0.039566
-0.027252
-0.014928
0.034380
0.022046
0.071301
0.058942
-0.051831
-0.002600
-0.027224
-0.014914
0.009715
-0.039548
-0.014919
-0.014921
-0.014922
0.034362
-0.027240
0.009721
0.034353
0.034339
-0.051855
-0.039557
0.009721
0.009719
0.034348
-0.051867
0.009719
-0.039562
0.009722
0.009721
0.009719
0.022034
-0.014916
-0.027237
-0.039566
0.071319
0.034339
-0.051855
0.009716
0.022028
-0.175120
0.059049
0.009725
-0.051910
0.009730
-0.163005
-0.014949
-0.101451
-0.027328
-0.039703
-0.052093
0.046893
0.121025
-0.052031
0.096239
-0.052007
-0.064393
-0.126301
0.133463
0.133278
-0.027291
0.120796
0.034389
-0.027258
-0.014931
-0.064279
-0.014940
0.046752
0.034398
-0.064271
-0.002600
0.022073
0.046728
-0.051928
0.009734
-0.002600
-0.138361
-0.126179
-0.027334
-0.101598
-0.200890
-0.052234
0.071842
-0.064631
0.121423
-0.076996
0.146136
-0.138933
-0.027408
0.059408
0.059369
-0.076968
0.059377
0.059339
0.244772
-0.113842
0.034494
-0.052062
0.034499
0.083911
-0.225207
-0.126485
0.034582
-0.076977
-0.015002
-0.101868
-0.052271
-0.064723
-0.002600
-0.089638
-0.015040
-0.064824
0.084503
0.009837
0.034702
-0.015032
-0.027469
0.022269
-0.002600
-0.015034
-0.002600
0.022266
0.034688
-0.002600
-0.002600
-0.015028
-0.027460
-0.002600
-0.027466
-0.015035
-0.039916
0.022279
-0.015039
0.034711
0.009834
-0.064785
0.047151
-0.027472
0.009837
-0.002600
0.059562
0.071943
-0.039865
0.034665
-0.002600
0.047065
-0.002600
-0.015014
0.009814
-0.015014
-0.002600
-0.027432
0.022232
-0.015015
0.009815
0.022226
-0.015012
-0.002600
-0.039846
0.022232
0.022226
-0.002600
0.022220
0.022214
0.034609
-0.039809
0.009805
0.022205
-0.015002
0.009802
0.059385
-0.039786
-0.039800
0.022202
-0.039805
-0.002600
-0.039818
-0.015009
0.047028
-0.052228
-0.027423
-0.027429
0.034642
0.009811
0.022217
-0.027417
-0.002600
0.022217
-0.077069
-0.002600
0.009815
-0.027432
0.022232
-0.027432
0.022232
0.009814
0.009812
-0.052259
-0.015018
0.022236
-0.015017
-0.015018
0.047065
0.022223
-0.039837
-0.027432
0.034646
0.009812
0.034628
0.009806
0.009805
-0.002600
-0.015005
-0.015006
-0.027417
0.034623
-0.015006
0.034614
-0.027408
-0.052234
0.034628
-0.039828
0.009811
0.009809
-0.052246
0.071860
0.009805
-0.139136
0.034656
0.022229
-0.027429
0.009815
0.022226
-0.039842
0.022229
-0.002600
-0.002600
0.009812
0.034628
0.022211
-0.002600
0.009803
-0.015003
-0.015005
-0.015006
0.009806
-0.002600
0.047009
-0.039805
0.022205
-0.039809
0.034609
0.059385
-0.052185
-0.015000
-0.002600
-0.027405
0.022205
-0.027405
-0.002600
0.034605
-0.002600
-0.052209
-0.015006
0.047016
-0.039809
0.022208
0.009802
0.059385
-0.027389
-0.002600
-0.027395
-0.039805
0.022205
-0.039809
0.022208
0.183262
0.108752
-0.064447
-0.126408
0.059323
0.158222
-0.014962
0.195004
-0.187842
0.207316
0.096032
0.108244
0.083527
0.120311
-0.137810
0.046588
0.120265
-0.088590
-0.100965
0.071183
0.058844
0.083358
0.009674
0.021943
0.034203
0.034190
-0.027125
-0.027131
-0.039408
-0.014872
0.046480
0.058716
0.107674
-0.088358
-0.002600
0.083158
0.009645
0.034126
0.119724
0.070723
-0.002600
0.082875
-0.039223
-0.063669
0.021832
-0.027032
0.034046
0.034032
-0.051446
-0.088138
0.009624
0.009623
-0.088190
-0.039304
-0.027077
-0.125074
-0.076156
-0.002600
-0.088484
0.046486
0.083242
-0.027119
0.132179
0.009644
0.070830
0.070777
-0.063743
-0.076021
0.058588
0.058551
-0.002600
0.095164
-0.088138
-0.027053
-0.039290
-0.002600
0.082990
0.192760
0.046181
0.058342
0.094830
0.033912
-0.002600
0.021734
0.009565
0.021725
-0.039090
0.179715
0.045961
0.009537
-0.026875
-0.002600
-0.002600
0.021675
-0.002600
-0.014737
-0.014738
-0.026881
-0.002600
-0.002600
-0.002600
-0.002600
-0.026887
0.033828
-0.039028
0.009544
0.009543
-0.051179
0.033837
-0.063335
0.009550
0.009548
0.021693
-0.026892
0.033837
-0.014744
0.021687
0.009541
-0.026884
0.009543
-0.014743
-0.039036
-0.002600
-0.039050
-0.002600
-0.002600
-0.014753
-0.014754
0.009554
0.046003
-0.014748
-0.026901
-0.002600
-0.002600
-0.002600
-0.002600
0.009551
-0.014751
-0.014753
-0.002600
-0.014754
-0.014756
0.021710
-0.002600
-0.014754
0.021707
-0.002600
0.009551
0.009550
-0.014750
-0.026904
0.009553
-0.014753
0.009553
-0.026907
0.009554
-0.026910
-0.002600
-0.014757
0.021713
-0.026913
-0.002600
-0.002600
-0.014759
0.009559
0.009557
0.021710
-0.002600
0.009553
0.009551
-0.014751
0.009551
-0.039059
-0.026913
-0.026919
0.033876
-0.039076
-0.002600
-0.002600
-0.014762
-0.002600
-0.051262
0.009568
-0.014768
0.046062
0.033881
-0.014759
-0.063416
-0.039107
0.058238
-0.051268
-0.014771
0.033907
0.021731
0.009563
0.009562
-0.014762
-0.026928
-0.002600
-0.002600
0.009565
0.009563
-0.002600
-0.002600
-0.014763
0.033885
0.009559
0.009557
0.033863
0.021701
0.021695
0.070251
0.009537
0.033801
-0.002600
0.082285
-0.038970
0.045891
-0.038966
-0.038979
-0.002600
-0.026860
0.021660
-0.014729
-0.014731
0.009531
-0.002600
0.251807
0.263229
0.057717
-0.159501
0.009478
-0.063005
0.045727
-0.002600
0.081916
-0.062961
0.021549
-0.002600
-0.099230
-0.014685
-0.002600
0.021569
-0.002600
0.009482
0.021560
-0.038843
-0.075125
-0.014693
-0.087289
0.033704
-0.063114
-0.075266
0.118480
0.069978
0.057841
0.081956
-0.075072
-0.063034
-0.184121
-0.026828
0.094276
0.021604
-0.063122
0.106313
-0.172071
-0.051073
0.033757
0.142696
-0.123665
-0.111684
0.033775
-0.075363
-0.075415
-0.051173
0.082388
-0.051155
-0.039032
0.070251
-0.014738
-0.002600
0.070207
0.070154
0.070101
-0.063180
-0.063217
0.070136
-0.051085
0.082233
-0.148072
0.045914
0.082243
-0.026834
0.118509
-0.002600
0.057900
-0.026795
0.106234
-0.014687
-0.063056
0.045768
-0.026781
0.021581
0.033660
0.009484
-0.002600
0.106089
0.069794
-0.026725
-0.014665
0.009465
-0.099160
-0.062997
-0.014684
-0.050950
-0.014691
0.009491
0.021578
0.069899
-0.014679
-0.038847
-0.050950
-0.014691
-0.087279
-0.026807
-0.002600
-0.002600
-0.002600
-0.026813
0.009507
0.033713
-0.002600
-0.014703
-0.014704
-0.051032
0.009510
-0.002600
-0.014710
0.045832
-0.014706
0.021610
-0.014704
-0.014706
-0.014707
-0.014709
-0.002600
0.009509
0.009507
0.009506
-0.051032
-0.026825
-0.075310
0.033761
-0.002600
-0.026839
0.009521
-0.014720
0.033757
0.070074
0.033717
-0.014704
-0.002600
0.045809
-0.014700
-0.014701
-0.014703
-0.099476
0.009515
0.009513
-0.051061
-0.002600
0.009518
-0.014718
0.021634
-0.051073
0.057988
-0.014715
-0.002600
-0.014716
-0.014718
-0.014719
-0.014720
END
