y[]
0.057145
-0.027612
0.020814
-0.051831
-0.027624
0.093465
0.008703
-0.015500
0.032901
0.129588
-0.039650
0.008686
0.093231
-0.063782
-0.027562
0.056999
-0.051714
0.093208
0.020738
-0.087904
-0.015477
-0.075898
0.057020
-0.051731
0.057013
0.008679
0.081106
-0.039607
0.044875
-0.003399
-0.015465
-0.015467
0.020735
0.020729
0.008663
0.093045
0.153124
0.080781
-0.003399
-0.075549
0.044707
0.044684
-0.123649
-0.087660
0.020683
0.020677
0.020671
-0.063585
0.128964
-0.015425
-0.039485
-0.027463
0.080801
0.128773
-0.027417
0.008611
-0.039433
0.008614
-0.003399
0.008612
0.020619
-0.027417
-0.003399
0.008611
0.008609
-0.003399
0.032618
0.008604
0.056593
-0.003399
0.008595
0.020585
0.008591
-0.003399
-0.015389
-0.015390
0.032570
0.020573
0.020568
-0.015381
0.008584
-0.015381
-0.003399
0.020565
0.032536
0.032523
-0.003399
-0.015371
-0.015373
0.020547
-0.051297
-0.003399
0.020553
0.008575
-0.027348
-0.003399
-0.027354
0.008579
0.020553
-0.003399
0.020547
-0.063276
0.044505
-0.027348
0.020550
-0.015373
0.032518
0.020539
-0.003399
-0.003399
0.008568
0.008566
-0.015364
0.008566
-0.003399
-0.015364
0.008566
-0.003399
0.020527
-0.003399
-0.027325
-0.003399
0.020527
-0.015361
0.008564
-0.015361
-0.003399
-0.015363
0.020527
-0.015361
-0.003399
-0.003399
-0.003399
-0.003399
-0.003399
-0.027328
-0.003399
-0.003399
0.020530
-0.003399
-0.027328
0.008566
-0.003399
-0.003399
-0.003399
-0.015364
0.008566
-0.003399
0.008565
0.008564
-0.039291
-0.003399
-0.015366
0.008568
0.020530
-0.039295
0.008568
0.020530
-0.027328
-0.003399
-0.003399
-0.003399
0.008566
-0.015364
-0.003399
0.008566
-0.015364
-0.015366
-0.003399
-0.003399
0.008568
-0.015366
0.020533
0.020527
-0.027325
-0.003399
-0.027331
-0.003399
0.008568
0.008566
0.008565
-0.015363
-0.015364
-0.003399
0.008566
-0.003399
0.008565
-0.015363
-0.003399
-0.003399
0.008565
-0.003399
-0.003399
0.008564
0.044437
0.044414
-0.027302
0.008554
-0.027305
-0.003399
-0.015354
-0.003399
0.056363
0.044385
-0.003399
-0.015343
-0.003399
-0.003399
-0.039239
0.008549
-0.027297
0.020499
-0.003399
-0.075109
0.139970
0.020476
-0.051154
0.020482
-0.075058
0.056320
0.032416
0.008536
-0.098921
0.032433
0.008542
-0.039226
0.020487
0.044357
-0.003399
0.008536
-0.027271
0.080128
-0.027257
0.020459
-0.027257
-0.003399
-0.027262
-0.015333
0.032398
-0.027262
-0.027268
-0.027274
0.008539
0.020473
0.008535
-0.003399
-0.015333
-0.063090
-0.051177
-0.015347
0.032441
-0.003399
-0.027291
0.008548
-0.051194
0.020502
-0.003399
0.008549
-0.051200
0.020505
-0.015350
-0.063175
0.008559
-0.051240
0.044442
-0.027317
-0.015360
-0.015361
0.020525
0.008561
0.020516
0.020510
-0.003399
0.008554
-0.003399
-0.003399
0.032450
-0.003399
-0.027297
-0.003399
0.032446
-0.003399
0.020490
0.032424
-0.063111
0.044374
-0.098967
0.032450
-0.003399
0.008548
-0.051194
-0.039260
0.020510
-0.027308
0.032463
-0.015351
0.020505
-0.015350
0.032450
-0.039248
-0.015351
-0.003399
-0.039265
-0.135017
-0.003399
-0.003399
-0.039325
0.080408
-0.039308
0.008572
-0.087226
-0.063319
-0.063355
0.032579
0.008591
0.020576
-0.027374
-0.135365
-0.039420
-0.003399
-0.027420
0.020622
-0.015409
0.020619
0.020614
0.008605
-0.003399
-0.039415
-0.003399
0.128598
0.200255
0.092295
0.032463
-0.075135
-0.206931
0.008585
0.152262
0.235607
0.139731
-0.039162
-0.003399
-0.110765
-0.039213
-0.003399
0.104006
0.008528
-0.074981
0.020467
-0.098898
-0.087036
0.056349
-0.051194
-0.099058
-0.003399
-0.039295
-0.027337
-0.051292
0.044494
-0.015370
-0.003399
-0.003399
-0.003399
0.008572
0.008571
-0.015369
-0.027342
-0.003399
-0.003399
-0.003399
-0.003399
0.020545
-0.003399
-0.003399
-0.003399
0.008571
-0.003399
0.020536
-0.003399
-0.015366
0.008568
0.008566
0.008565
-0.027328
0.008566
-0.003399
-0.051269
-0.015370
-0.003399
0.008572
0.008571
-0.015369
-0.003399
-0.015370
-0.015371
-0.003399
-0.003399
-0.123202
0.020573
0.008585
-0.039355
0.008588
0.044534
-0.015380
-0.039351
-0.015386
-0.003399
0.020573
-0.003399
0.020568
-0.015381
0.008584
-0.003399
-0.015381
-0.027368
0.008586
0.008585
-0.015383
-0.003399
-0.003399
-0.015384
-0.003399
-0.003399
-0.015386
-0.039368
-0.003399
-0.003399
-0.003399
-0.003399
0.008592
-0.015390
-0.015391
0.020585
-0.027383
-0.003399
-0.003399
-0.003399
-0.015393
-0.015394
0.020591
-0.003399
-0.015393
-0.015394
-0.003399
-0.003399
-0.015396
-0.003399
-0.015397
-0.003399
-0.015399
-0.003399
0.080569
-0.015390
0.020582
0.044545
0.020565
0.008581
0.008579
0.056471
-0.015370
0.032510
-0.003399
-0.051280
0.020545
0.008571
-0.063261
0.092364
0.080318
0.032458
-0.015350
0.020502
0.020496
-0.075101
-0.075152
-0.111125
0.116290
-0.003399
0.032480
0.008558
-0.075161
0.044448
-0.003399
-0.075178
-0.111164
0.080428
0.044471
-0.111138
0.020553
-0.099242
0.080469
0.068432
0.044459
0.056392
0.044408
-0.039252
0.032454
0.080208
-0.015338
0.032416
-0.039213
0.008541
0.068209
-0.015330
-0.015331
-0.027268
0.008536
-0.015334
0.032403
-0.039201
-0.075041
0.044368
-0.027280
0.032420
0.020473
-0.015334
0.008536
0.020467
-0.039201
0.032403
-0.027265
0.068183
-0.051115
-0.015331
0.044322
-0.015327
-0.027260
-0.039201
0.020470
-0.003399
0.056249
0.258631
-0.050990
-0.003399
0.186828
-0.015278
-0.015279
0.079732
0.091523
0.008460
-0.027118
0.032178
-0.050837
0.008463
0.044034
0.091399
-0.003399
0.032127
0.091276
-0.003399
-0.050725
-0.015234
0.043933
-0.003399
0.032085
0.008426
-0.050708
-0.015230
0.020261
-0.015228
-0.027062
-0.003399
0.114860
0.055678
0.043838
-0.074262
-0.027031
-0.038858
-0.050697
0.032077
-0.062532
-0.015230
-0.074413
-0.003399
-0.015240
0.008442
0.032115
-0.038912
0.008440
-0.038921
0.079466
-0.050742
0.008439
0.067599
-0.038891
0.008433
0.043916
0.008426
0.020247
0.008422
-0.038866
-0.015224
-0.027054
0.032081
0.055706
0.043860
-0.109763
0.067523
-0.074321
-0.062539
0.020261
-0.003399
0.020256
0.032073
-0.027045
0.020247
-0.027045
0.020247
-0.027045
-0.003399
0.032068
0.008421
-0.027040
-0.086185
0.020261
-0.050725
-0.027070
-0.015237
-0.003399
-0.015238
-0.015240
-0.015241
0.032123
-0.015238
0.008440
-0.003399
0.020275
0.008436
-0.015234
0.043933
-0.015230
-0.003399
0.032089
-0.027056
-0.015230
0.008432
-0.027062
-0.038904
0.008438
-0.015235
0.020273
-0.003399
-0.003399
-0.003399
-0.003399
-0.003399
0.008435
-0.003399
-0.003399
-0.015233
-0.015234
-0.003399
-0.015235
0.020273
0.008435
0.008433
-0.003399
-0.015231
0.008433
-0.003399
-0.027065
-0.015234
0.020270
-0.003399
-0.003399
-0.003399
-0.003399
-0.003399
0.008433
-0.003399
-0.015231
-0.003399
-0.015233
0.008435
-0.027068
-0.003399
0.008436
-0.003399
-0.003399
-0.015234
-0.003399
0.020270
-0.003399
-0.015233
0.008435
0.008433
-0.015231
0.020264
-0.003399
-0.003399
-0.003399
0.020259
-0.015227
-0.003399
-0.003399
-0.015228
-0.003399
0.008431
-0.062560
0.008436
0.008435
-0.003399
-0.038904
0.008438
-0.015235
0.008438
-0.003399
0.020270
0.020264
-0.003399
-0.027062
-0.003399
0.020264
0.032085
0.020250
0.008424
0.043877
-0.038854
-0.003399
-0.015220
-0.015221
0.032064
0.043866
-0.015213
-0.015214
0.020231
0.032035
-0.050647
-0.003399
-0.050669
-0.003399
0.008421
0.043866
0.020225
0.032026
-0.015206
-0.003399
0.008408
-0.003399
-0.027014
-0.027020
END
