y[]
-0.012004
-0.012005
-0.000160
-0.000160
-0.000160
0.011685
-0.000160
0.011683
-0.000160
-0.000160
-0.000160
0.011682
-0.000160
-0.000160
-0.012002
0.023522
-0.000160
-0.000160
0.011679
0.011678
-0.000160
0.023511
0.011673
-0.035665
-0.000160
-0.011998
0.011678
-0.000160
-0.011998
-0.011999
-0.000160
0.011679
0.011678
-0.011998
0.011678
-0.011998
0.011678
-0.000160
-0.000160
0.011676
-0.035674
0.011679
-0.011999
-0.012001
0.023520
-0.011999
-0.000160
-0.000160
0.011679
0.023514
0.011675
0.035336
0.035324
-0.000160
-0.000160
-0.047475
0.035328
-0.000160
-0.023818
-0.035657
-0.000160
0.023506
-0.023826
0.023506
-0.059335
-0.000160
-0.035682
-0.012004
-0.000160
-0.000160
-0.000160
0.059043
0.011676
0.023508
-0.023829
-0.000160
-0.011997
-0.000160
-0.047520
0.011682
0.047194
0.094481
-0.000160
-0.011985
-0.011987
-0.011988
-0.000160
0.047144
-0.035636
-0.000160
-0.035648
0.023500
-0.011990
-0.011991
0.023500
0.035320
-0.011985
-0.011987
-0.011988
-0.000160
0.011668
-0.011988
-0.000160
-0.000160
0.023494
0.011665
0.011664
-0.023809
0.011665
-0.000160
-0.000160
-0.000160
-0.023812
-0.011988
-0.011990
-0.011991
-0.011992
-0.011994
0.011673
-0.000160
-0.023829
0.011675
0.023506
0.023500
-0.023820
0.023500
-0.011990
-0.023823
-0.059342
-0.071225
-0.059419
0.035400
-0.059433
0.035408
0.023545
-0.000160
-0.000160
0.023539
0.035379
0.035366
-0.130484
-0.047593
-0.166352
0.094840
-0.012030
0.035446
0.047295
-0.047615
0.011706
0.106570
-0.000160
-0.000160
0.011692
0.011690
0.082754
-0.012001
0.011680
-0.047531
-0.000160
0.035370
-0.012002
-0.000160
-0.023848
-0.000160
-0.035703
-0.023862
0.011692
-0.130608
0.059155
0.023556
0.047256
-0.012012
0.094615
-0.012002
-0.000160
-0.023848
0.011685
0.011683
-0.130515
0.047261
-0.012013
0.035395
-0.012011
-0.035720
0.023548
0.023542
-0.083143
-0.023882
-0.047621
0.023573
-0.083251
-0.071436
0.106735
-0.035779
-0.000160
-0.023913
-0.107118
0.047391
0.094874
0.047323
-0.035771
0.059184
-0.012026
0.094728
-0.012016
0.047256
-0.023865
-0.023871
0.023551
0.059092
-0.000160
-0.000160
-0.012008
-0.000160
0.011687
-0.012008
-0.023860
-0.012012
0.023542
-0.035716
-0.012015
0.011695
-0.000160
-0.000160
-0.012015
-0.000160
-0.012016
-0.000160
-0.012018
-0.023879
-0.023885
-0.000160
-0.023891
-0.000160
0.011706
-0.000160
0.011704
-0.000160
-0.012025
-0.023893
0.011707
-0.000160
-0.000160
-0.012027
-0.000160
-0.012029
0.011709
-0.000160
-0.012029
-0.012030
0.011710
-0.000160
-0.000160
-0.000160
-0.000160
-0.000160
0.011709
0.011707
-0.012027
0.011707
-0.000160
-0.000160
-0.000160
0.011706
-0.000160
-0.012026
-0.000160
0.011706
0.011704
-0.012025
-0.000160
0.023567
-0.000160
-0.000160
-0.012023
0.011703
-0.012023
-0.012025
0.011704
-0.000160
0.011703
-0.000160
-0.000160
0.011702
-0.023885
0.023565
-0.000160
0.035416
0.011696
-0.012016
-0.023877
-0.000160
-0.023882
-0.012023
-0.047627
0.023576
-0.000160
-0.000160
0.011706
-0.023893
0.011707
-0.012027
0.011707
-0.000160
0.011706
-0.012026
-0.000160
-0.012027
-0.023899
0.023579
0.023573
-0.012026
0.011706
0.011704
0.011703
0.011702
-0.000160
0.023559
-0.000160
0.011697
-0.047598
0.011702
0.011700
-0.012020
-0.000160
-0.059483
0.011707
-0.000160
-0.023896
-0.000160
-0.012030
0.011710
0.023576
-0.000160
-0.000160
-0.000160
-0.012027
-0.000160
-0.000160
0.023573
-0.012026
-0.000160
-0.047638
0.011711
-0.012032
-0.000160
-0.000160
0.047318
-0.012027
-0.000160
-0.000160
-0.012029
0.011709
0.011707
-0.000160
0.023570
0.023565
-0.023885
0.011703
-0.000160
-0.047621
0.011707
-0.000160
-0.000160
-0.012027
-0.000160
0.023573
0.023567
-0.035754
-0.000160
-0.035766
0.023579
-0.000160
0.035438
0.035425
-0.035745
0.011703
-0.012023
-0.000160
-0.000160
-0.000160
0.047284
-0.000160
-0.023879
-0.047615
0.094728
-0.071318
-0.130747
0.047346
-0.000160
0.071056
0.011704
-0.035758
0.023573
0.071006
-0.023877
-0.000160
0.059120
-0.000160
0.035391
-0.047565
-0.000160
0.011693
-0.000160
-0.035724
-0.071326
0.059148
0.023553
0.023548
-0.035724
0.011696
0.011695
0.011693
-0.000160
-0.012013
0.082783
0.011683
-0.047542
-0.035712
0.023542
-0.047570
-0.000160
-0.012016
-0.000160
-0.035737
-0.012022
-0.059490
0.047306
-0.023891
0.023570
0.011703
-0.012023
0.035425
0.011699
-0.035741
-0.000160
-0.012023
0.011703
-0.000160
-0.118855
-0.047677
0.023601
-0.035804
-0.012044
0.023607
-0.047700
0.047380
0.059233
-0.023913
-0.059567
-0.059603
0.083049
-0.047700
-0.047723
0.059289
0.047374
0.047351
0.023587
-0.035783
-0.023916
0.011718
0.011717
0.011716
-0.023913
0.011717
-0.023916
0.047346
0.059191
-0.000160
0.035433
-0.000160
-0.035754
0.011706
-0.000160
-0.000160
-0.012026
0.011706
0.011704
-0.000160
-0.023891
-0.000160
-0.000160
-0.012027
-0.000160
-0.012029
-0.000160
-0.000160
-0.023902
0.011711
-0.012032
-0.012033
-0.012035
-0.012036
-0.023916
0.011718
0.011717
-0.012037
-0.012039
-0.000160
0.023596
0.011716
0.011714
0.023584
-0.000160
-0.023905
-0.000160
-0.012035
-0.023913
-0.000160
-0.012039
0.011718
0.011717
0.011716
0.011714
0.011713
-0.012033
-0.012035
0.011714
-0.000160
-0.000160
-0.000160
-0.000160
-0.000160
-0.000160
-0.000160
-0.012035
0.011714
-0.000160
-0.000160
-0.000160
-0.012035
0.011714
-0.000160
-0.000160
0.011713
-0.012033
-0.000160
-0.000160
-0.000160
-0.012035
-0.012036
-0.012037
0.011717
0.011716
-0.000160
-0.012036
-0.000160
-0.000160
0.011716
-0.012036
-0.012037
0.011717
-0.000160
0.011716
-0.000160
0.011714
-0.023910
-0.012037
-0.000160
-0.000160
-0.000160
-0.000160
0.047340
0.011711
0.023579
0.106595
-0.023874
-0.012019
-0.023882
-0.047621
-0.000160
0.011707
-0.035766
-0.035779
0.011714
-0.000160
0.011713
-0.000160
0.011711
-0.012032
-0.012033
-0.000160
0.035454
-0.023902
-0.000160
-0.000160
0.011711
-0.000160
-0.012032
-0.000160
-0.000160
-0.012033
0.011713
-0.000160
-0.012033
-0.023910
0.023590
-0.000160
-0.023910
-0.023916
-0.023922
0.035480
-0.047683
-0.000160
-0.000160
-0.023930
-0.000160
0.035493
-0.023927
0.023607
-0.023927
-0.023933
-0.012049
-0.023941
0.023621
-0.023941
-0.012053
0.011733
0.023621
0.011728
-0.012049
-0.000160
-0.035834
-0.023950
-0.000160
-0.000160
-0.035855
0.047431
-0.012056
0.023630
0.023624
0.035505
0.071133
-0.035800
0.094852
0.035446
0.035433
0.011702
0.177597
-0.059377
0.011686
0.035370
-0.047537
0.023531
-0.012005
-0.000160
0.011685
-0.000160
-0.047548
-0.000160
0.023537
0.023531
-0.035699
0.118253
-0.035669
-0.000160
-0.011999
-0.047531
-0.000160
0.011685
-0.094958
-0.071318
-0.000160
0.035425
-0.012020
-0.012022
0.035421
0.023553
0.011695
0.011693
-0.000160
0.011692
-0.023865
-0.000160
0.035395
0.035383
0.023528
0.011682
-0.023846
0.011683
-0.000160
-0.023848
-0.035703
-0.023862
-0.023868
0.023548
-0.000160
0.035391
0.035379
0.035366
-0.023843
0.059036
0.011675
0.035336
-0.011991
0.011671
0.058973
-0.000160
0.023483
-0.000160
0.011659
-0.023801
-0.023806
0.011664
-0.000160
0.011662
-0.000160
-0.023806
0.023486
-0.023806
-0.000160
0.023486
-0.023806
-0.000160
-0.000160
-0.000160
-0.000160
-0.000160
-0.000160
-0.000160
-0.011985
0.011665
-0.000160
-0.011985
-0.011987
0.011666
-0.000160
-0.011987
-0.000160
-0.011988
-0.000160
0.011668
-0.011988
-0.000160
0.011668
-0.011988
-0.000160
-0.000160
-0.000160
END
