y[]
0.081747
-0.032238
-0.060752
-0.018004
0.024763
0.024754
-0.060760
0.010508
-0.060785
-0.003748
-0.003748
-0.003748
0.010515
0.010513
-0.032270
-0.032278
-0.003748
-0.003748
0.024783
-0.032278
0.010519
-0.060825
-0.003748
-0.060858
-0.046602
-0.032327
-0.060931
0.096302
-0.089499
0.110571
-0.060891
-0.018039
-0.003748
0.096245
0.067615
0.053305
-0.189290
0.110473
-0.260927
-0.089621
0.024885
0.110702
0.024844
-0.060940
0.053444
0.053411
0.224563
0.138682
-0.046455
0.053192
0.110034
0.010466
0.095691
-0.046352
0.010456
-0.017951
0.038857
0.067220
0.081347
0.067109
0.010418
-0.074594
-0.017923
0.038772
-0.032092
-0.032100
-0.017927
-0.003748
0.038784
0.052934
-0.032084
0.052918
-0.088758
0.052934
0.024581
-0.017911
0.010416
-0.017911
-0.003748
-0.003748
0.024577
-0.046238
-0.003748
-0.032084
0.024589
0.010418
-0.032080
-0.074614
-0.017927
0.010432
-0.017927
-0.003748
0.052958
-0.017921
0.010426
0.024593
0.024585
0.123650
0.038682
0.010392
-0.060317
0.010398
-0.060341
0.010404
0.010402
0.024545
0.066949
-0.088589
0.010398
-0.017893
0.024541
-0.032036
0.052821
-0.088613
0.024549
0.109358
-0.131001
-0.017897
0.010402
0.010400
-0.003748
0.010398
0.010396
-0.017891
0.010396
-0.003748
-0.003748
0.038670
-0.046166
-0.032036
-0.003748
0.010398
0.010396
-0.003748
-0.017891
0.010396
-0.003748
-0.003748
0.024533
-0.046172
-0.017893
0.024541
-0.003748
-0.017891
-0.003748
-0.003748
-0.003748
-0.017893
0.010398
-0.003748
-0.017893
-0.003748
-0.046196
0.010404
0.010402
-0.003748
-0.003748
0.010400
0.024541
0.010394
-0.032032
-0.060341
0.024553
-0.003748
-0.003748
-0.032048
0.038700
-0.017895
0.010400
-0.017895
-0.003748
0.024545
0.010396
-0.003748
-0.003748
-0.017891
0.010396
-0.032036
0.010398
-0.017893
0.024541
-0.003748
-0.003748
-0.003748
-0.017891
-0.017893
0.010398
-0.003748
-0.003748
0.010396
-0.032036
0.010398
-0.003748
0.024537
0.024529
0.010388
-0.032020
0.024525
-0.003748
-0.032020
0.024525
0.010386
-0.017881
0.024517
-0.017879
0.348937
-0.074185
-0.003748
-0.003748
-0.017841
-0.017843
0.038533
-0.017839
-0.017841
-0.031941
-0.003748
-0.046052
-0.003748
0.024457
-0.046058
-0.017855
-0.017857
0.024469
-0.003748
-0.102541
-0.003748
-0.031992
-0.003748
-0.003748
-0.046130
0.010382
-0.032008
-0.017881
-0.003748
-0.032020
0.095171
-0.032000
0.010380
0.066859
0.052702
-0.003748
0.010360
-0.003748
-0.003748
0.010358
-0.017853
0.010358
-0.003748
-0.046070
0.024469
-0.031964
-0.017859
0.010364
0.010362
-0.031968
-0.003748
-0.003748
-0.017861
0.024477
-0.031972
-0.017863
0.038592
-0.046088
-0.017865
0.024485
-0.031980
0.052710
0.024469
-0.003748
-0.003748
-0.003748
0.066759
-0.060149
0.038556
-0.017847
-0.031952
0.066749
0.038527
-0.031929
0.052606
-0.031921
-0.031929
0.010344
-0.724956
0.138076
0.166176
0.391621
0.151149
0.080640
-0.116281
0.108786
-0.074066
0.010320
0.038443
0.150801
0.080451
-0.101986
-0.116139
0.080557
-0.088053
-0.031865
-0.172619
0.108865
-0.215001
0.038539
0.080771
-0.116456
0.108960
0.136959
-0.060007
0.038449
0.038432
-0.031865
0.024370
0.038414
0.024350
0.038384
0.066433
0.094422
-0.003748
-0.031786
-0.045820
0.038325
0.010273
-0.003748
0.038301
-0.073840
-0.003748
-0.017772
0.052338
0.010269
0.024279
0.024271
0.010259
-0.003748
0.010257
-0.017752
0.024260
0.094216
0.010239
-0.003748
0.052181
-0.003748
0.010230
-0.017725
0.038178
-0.031696
-0.031704
0.010231
0.066119
-0.087593
0.024209
0.121959
-0.045633
-0.003748
0.010216
-0.003748
0.038131
0.038114
0.010202
0.038090
-0.073488
0.010204
0.010202
0.024146
0.024139
-0.017690
-0.003748
0.010194
0.010192
-0.031630
-0.017692
-0.003748
0.010196
0.024135
-0.031630
0.024135
0.010191
0.010189
-0.031622
-0.031630
0.010194
0.010192
-0.031630
-0.017692
-0.059544
-0.031657
0.038114
-0.031653
0.010206
0.052048
-0.059544
0.010204
-0.003748
0.024150
-0.031646
-0.003748
-0.031653
0.066002
-0.059544
-0.031657
0.010208
-0.003748
0.024158
-0.003748
0.038096
-0.003748
-0.003748
-0.017694
0.010198
-0.031642
-0.031649
-0.003748
-0.031657
-0.017705
0.010210
0.010208
-0.017703
0.024162
0.010204
-0.031653
-0.003748
-0.017703
0.010208
-0.003748
0.010206
-0.003748
0.010204
-0.017700
-0.003748
-0.031657
0.010208
-0.003748
-0.017703
0.010208
0.010206
-0.003748
0.010204
0.010202
-0.017698
0.010202
0.024146
0.024139
-0.017690
-0.031638
0.024142
-0.031638
0.010198
0.024139
-0.031634
-0.031642
0.038090
-0.017692
-0.017694
-0.003748
0.010198
0.010196
0.010194
-0.059528
0.010200
-0.031646
-0.003748
-0.003748
-0.073527
0.038125
-0.017703
-0.059590
0.010216
-0.003748
-0.017711
0.038137
-0.031669
-0.017711
-0.031681
-0.017717
-0.003748
-0.031692
-0.003748
-0.017723
-0.017725
0.024205
0.024197
-0.003748
0.024189
0.010218
-0.031681
-0.017717
-0.073624
0.024209
0.038172
0.010222
-0.031688
-0.003748
0.010224
0.038155
-0.031681
-0.003748
-0.017717
-0.059645
0.010230
-0.031704
0.010231
-0.003748
-0.017727
-0.003748
-0.017729
-0.031716
0.024220
-0.045703
0.010239
-0.045715
0.024232
0.010239
-0.003748
0.052181
-0.017727
-0.045697
0.038202
0.038184
0.024197
-0.031692
-0.003748
0.038166
-0.031688
0.024193
-0.045662
0.010226
-0.031696
0.108000
-0.003748
-0.003748
-0.003748
-0.045638
-0.017715
0.038149
0.010214
0.010212
-0.017707
0.010212
-0.017707
-0.073575
-0.031692
0.038166
0.163733
-0.059544
0.010204
-0.045609
-0.017705
0.038120
-0.003748
-0.031657
-0.087523
-0.003748
-0.017717
-0.087605
0.010233
-0.003748
-0.073673
0.094134
-0.017725
0.024205
0.066099
-0.017713
0.052103
0.024166
0.052056
-0.045597
-0.017702
-0.059582
0.010214
0.024170
0.010208
-0.031661
0.038120
-0.031657
-0.017705
0.010210
-0.003748
0.010208
-0.003748
-0.003748
-0.031661
0.038120
-0.003748
0.024154
-0.017698
-0.003748
-0.031653
0.052056
-0.017696
0.065973
-0.017688
0.024131
-0.017686
0.024127
0.051978
-0.031607
-0.017680
-0.003748
-0.003748
-0.017682
-0.031622
-0.003748
-0.031630
-0.017692
0.079888
0.010185
-0.087371
0.065944
0.038044
-0.003748
-0.017676
-0.003748
-0.017678
-0.003748
0.010183
0.010181
-0.003748
-0.003748
0.010179
0.024100
-0.017670
-0.045528
-0.003748
-0.017678
0.024111
-0.003748
0.010179
-0.031603
0.024107
-0.017674
-0.031607
0.010183
0.010181
-0.003748
0.010179
0.010177
-0.017672
0.010177
0.065847
0.037986
-0.045481
-0.017663
-0.017665
0.010169
-0.017665
0.037997
0.024073
0.037968
-0.003748
-0.003748
-0.031556
0.010158
-0.031560
-0.003748
-0.003748
-0.003748
-0.017657
0.010161
-0.003748
0.010160
0.010158
-0.017653
0.024061
-0.031556
0.010158
-0.017653
-0.003748
0.010158
-0.003748
-0.003748
-0.017653
0.024061
0.037951
0.037933
-0.017639
-0.003748
-0.003748
-0.003748
-0.003748
-0.003748
-0.017641
-0.003748
-0.003748
0.010146
0.024034
0.037910
-0.003748
-0.045406
-0.017638
0.010142
-0.003748
0.024026
-0.017634
-0.031525
-0.017639
0.010144
-0.031533
0.010146
-0.003748
-0.031537
-0.003748
-0.017645
0.010150
-0.003748
-0.003748
-0.003748
0.051823
0.065673
-0.045394
0.010136
-0.031518
-0.031525
-0.031533
0.010146
-0.003748
0.010144
-0.003748
-0.017639
0.051808
-0.045411
-0.045429
0.051823
0.065673
0.093360
0.010117
-0.059219
0.023992
-0.031487
-0.031495
-0.003748
0.023999
-0.017620
-0.017622
0.010127
-0.003748
0.010125
0.051723
-0.017613
END
