y[]
0.001885
-0.010806
0.052640
0.014570
-0.023486
-0.023493
0.001885
-0.048889
-0.074325
0.001885
0.014591
0.014589
-0.010819
0.014589
-0.048941
0.001885
0.090813
-0.023515
0.014586
-0.048928
0.001885
0.065397
-0.036218
0.001885
0.014587
-0.061644
-0.010826
0.027304
0.052704
-0.048935
0.027298
0.052691
0.001885
-0.023515
-0.036227
0.039997
0.014586
-0.036222
0.027291
0.027285
-0.074335
0.014592
0.027295
-0.227036
0.090972
-0.023560
-0.010840
-0.023570
-0.036310
-0.036324
0.040094
0.065535
-0.036300
0.027343
0.014612
-0.010842
0.027337
-0.074490
0.040080
-0.023577
-0.010848
0.078260
-0.036295
-0.074519
-0.100078
-0.202353
0.052983
0.040192
-0.061968
0.040201
0.001885
-0.100325
0.155161
0.078435
-0.049142
-0.049168
0.142218
0.014633
0.014631
0.040114
0.192810
-0.048993
0.014607
0.078182
0.090825
-0.061635
0.001885
-0.036247
0.103537
0.103433
0.090655
-0.074199
-0.010801
-0.036184
-0.048896
0.039973
0.078017
0.027249
-0.023480
-0.048864
-0.137807
0.040002
-0.087077
0.001885
-0.074432
0.052769
0.001885
0.116280
-0.048941
-0.036252
0.001885
0.078143
0.014589
0.052685
0.078037
-0.086965
-0.074335
0.052704
-0.010818
0.065381
-0.074315
-0.048948
-0.048973
-0.125374
0.014618
0.078250
0.014607
-0.023560
0.040050
0.040036
0.090847
0.001885
0.166891
0.014566
0.103279
-0.061474
0.001885
-0.163037
0.128772
-0.036164
-0.010801
-0.061571
0.014579
0.001885
-0.048902
-0.010816
0.001885
0.014586
0.001885
0.001885
-0.010816
0.027285
-0.010814
0.014584
0.014582
-0.023512
0.027282
0.001885
-0.023512
0.014584
0.001885
0.001885
0.001885
0.001885
0.001885
0.014582
0.001885
0.001885
0.001885
0.014581
-0.010811
0.014581
0.001885
0.001885
0.001885
-0.010811
-0.010813
-0.010814
0.014584
-0.010814
-0.010816
0.027285
-0.010814
-0.010816
0.014586
0.001885
0.001885
0.001885
0.027282
0.027275
0.014578
-0.023502
-0.010811
0.001885
-0.048915
0.027288
0.001885
0.027282
-0.023512
0.014584
0.001885
0.001885
0.001885
-0.010814
0.027282
0.001885
0.014581
0.001885
0.001885
0.001885
-0.010811
-0.010813
0.014582
0.014581
0.014579
0.001885
0.001885
0.001885
0.001885
0.014578
0.001885
0.039954
0.001885
0.001885
0.027256
0.001885
0.001885
0.001885
0.001885
-0.023486
0.014571
0.001885
0.014570
0.001885
-0.010800
0.001885
-0.023489
0.001885
0.014573
0.001885
0.027256
0.014568
-0.010798
-0.023486
0.014571
0.001885
0.027253
0.077950
0.001885
0.027227
-0.061482
-0.010793
0.027240
-0.023470
0.039915
-0.023467
0.027237
0.001885
-0.010790
0.065244
0.027217
-0.036116
0.001885
0.001885
0.014554
0.014552
-0.023451
-0.023457
0.014557
0.001885
0.103202
0.001885
0.103099
0.014529
0.001885
-0.010760
-0.036059
-0.010766
0.014536
-0.010766
-0.023422
0.027192
0.039833
-0.010763
-0.010765
0.014534
-0.023416
-0.061394
0.027201
0.001885
0.027195
0.027188
0.001885
-0.048729
0.014541
0.077786
0.027172
-0.073997
0.001885
-0.010768
-0.010769
0.052492
-0.048722
-0.010771
0.001885
0.039848
0.014536
-0.010766
-0.036078
0.001885
0.039848
-0.061394
-0.010776
-0.061442
-0.112205
0.065284
0.039905
-0.023460
0.077902
-0.150206
-0.137736
0.014586
-0.125196
0.052737
-0.163478
0.167248
0.141594
-0.010808
-0.087010
0.065389
0.128772
0.065268
0.077892
0.027208
-0.036102
0.141099
-0.023412
-0.048729
0.039848
0.065124
-0.023406
-0.086684
-0.099432
0.001885
-0.010787
0.001885
-0.023464
0.090577
-0.023448
-0.162933
-0.023496
-0.125115
-0.023535
0.065421
0.039987
-0.061627
0.090791
-0.023509
0.065357
-0.086987
0.001885
-0.125212
0.040031
-0.150787
-0.112772
0.103809
0.014618
0.027346
0.027340
-0.049032
-0.061797
0.141932
0.027327
-0.023557
0.078192
0.001885
-0.023544
-0.087168
0.014612
-0.010842
0.167206
0.039997
-0.061644
0.166975
-0.023496
-0.010808
-0.036203
-0.176051
-0.087202
0.014616
0.040070
0.014610
-0.049025
-0.074529
0.014625
-0.061830
0.001885
0.001885
-0.023612
0.001885
0.052873
-0.049103
0.014634
0.014633
0.027376
-0.010860
0.001885
-0.010861
0.001885
0.027376
0.001885
0.001885
-0.023606
-0.010863
0.014633
-0.023612
0.014634
0.014633
0.014631
0.027372
-0.010858
-0.023606
0.001885
-0.036363
-0.049136
0.014642
0.027395
0.027389
0.027382
-0.036363
0.001885
-0.023622
0.001885
0.001885
0.001885
0.027392
0.040133
0.014631
-0.010861
-0.010863
0.014633
0.001885
0.001885
0.027376
0.001885
0.027369
-0.010856
0.001885
-0.010858
0.052847
0.001885
0.001885
0.001885
0.014621
-0.010852
0.014621
0.065543
0.001885
-0.049038
0.014618
-0.023583
0.027353
-0.010848
-0.010850
0.001885
0.014620
-0.010850
0.014620
0.027350
-0.023580
-0.010850
0.040084
0.001885
0.040070
-0.036300
-0.010847
-0.010848
0.001885
0.001885
0.014618
0.001885
0.027346
-0.010845
-0.023580
-0.010850
-0.010852
0.078279
0.014612
-0.023570
-0.010845
0.027343
-0.023573
0.001885
0.027343
-0.023573
-0.010847
0.001885
0.040075
-0.023573
0.065518
-0.036290
0.014612
0.103640
-0.010829
-0.010831
-0.048993
-0.049019
-0.061781
-0.010853
0.040094
0.027350
0.052795
-0.023567
0.014612
0.001885
0.040055
-0.010837
0.040046
-0.036276
-0.010839
0.001885
-0.010840
0.014610
-0.023567
0.001885
-0.010843
-0.049045
0.014620
0.001885
0.040080
-0.023577
0.014616
0.001885
-0.010847
0.040075
-0.036305
-0.010848
0.001885
0.027350
-0.010847
-0.010848
0.027350
0.014615
-0.023577
-0.036320
-0.036334
-0.023603
-0.023609
0.027379
-0.023609
-0.023616
0.040133
0.027376
-0.176687
0.078455
-0.010873
0.040153
0.014638
-0.023622
0.052892
-0.010865
0.052873
0.027369
-0.023599
0.001885
-0.023606
-0.151196
-0.202588
-0.164558
0.078739
0.014688
-0.241658
-0.010950
0.155790
0.065942
0.001885
-0.100627
-0.139240
0.143010
0.091588
0.001885
0.181050
0.065795
-0.074812
0.027457
-0.062058
-0.100509
0.001885
-0.049351
-0.036559
-0.010933
0.065959
-0.075009
0.091588
-0.151942
0.014713
0.027536
-0.010940
-0.023769
-0.049443
-0.100850
0.040423
-0.049503
0.001885
-0.023819
-0.023825
-0.075286
0.027615
-0.023845
-0.152635
-0.036782
0.079204
-0.101221
0.014779
0.104978
0.014764
0.001885
0.001885
0.027638
-0.023868
0.027638
-0.010991
-0.114072
-0.023902
-0.127147
-0.049775
0.053544
0.040612
-0.036842
0.182483
-0.075475
0.156544
0.117722
-0.139713
-0.127014
0.105018
0.040532
0.001885
0.040517
0.001885
-0.036748
-0.010996
0.053398
0.001885
-0.062511
0.040527
-0.010994
0.040517
-0.010991
0.014761
-0.010991
0.001885
0.014761
0.001885
0.001885
-0.010991
-0.023872
0.027641
0.014761
0.014759
-0.023865
0.001885
0.001885
-0.036753
0.014766
0.001885
-0.023878
0.027648
0.014764
0.027638
-0.010991
0.040507
0.001885
-0.010988
-0.036743
0.001885
0.027638
0.014759
-0.010989
0.001885
0.014759
-0.010989
0.001885
0.014759
0.014757
0.001885
-0.023862
0.001885
0.014759
0.014757
-0.023862
-0.010991
-0.010993
-0.036758
0.027648
0.014764
0.027638
0.001885
-0.023868
0.040512
-0.010989
0.001885
0.001885
0.040502
0.001885
0.001885
-0.010986
-0.036738
-0.010993
0.040512
0.014757
0.014756
0.001885
0.014754
0.027618
-0.010981
0.001885
0.001885
-0.010983
0.001885
0.001885
0.001885
0.027618
0.001885
-0.010981
0.014751
-0.010981
-0.049595
-0.010989
0.014759
-0.023865
0.027635
0.001885
0.027628
-0.036733
-0.023868
0.014762
0.014761
0.053372
END
