y[]
-0.000040
0.074548
-0.089553
0.029806
-0.029887
0.149102
-0.044760
0.059581
-0.014942
-0.000040
-0.089499
0.074514
-0.029856
-0.000040
-0.089539
-0.104557
0.059697
-0.014971
0.014891
0.044739
-0.104557
0.044766
0.074592
0.029797
-0.000040
-0.044800
0.044719
-0.074651
0.029810
-0.014965
0.059643
0.134118
-0.104370
0.044686
-0.059680
0.044692
0.014866
-0.000040
-0.014947
-0.044773
0.029784
0.059581
-0.044753
0.014866
-0.029856
-0.000040
-0.119390
-0.029900
-0.029909
-0.029918
-0.074773
-0.074829
-0.089861
-0.029998
-0.074975
0.029940
0.029931
-0.000040
0.014942
-0.000040
-0.059983
-0.000040
-0.015032
-0.000040
-0.000040
0.044927
-0.089995
-0.060055
0.029972
-0.015045
0.089955
-0.045028
-0.000040
0.014958
0.074917
-0.015027
-0.030021
0.029940
-0.030021
-0.000040
-0.000040
-0.000040
0.014951
-0.015032
0.014951
-0.000040
-0.015032
0.014951
-0.000040
-0.045021
-0.015039
-0.000040
-0.000040
0.014958
-0.030039
-0.045055
-0.045075
-0.045096
-0.060146
0.030017
0.030008
0.014980
-0.000040
0.075029
-0.030061
-0.015054
0.014974
0.044988
-0.030057
-0.000040
0.044981
-0.000040
-0.000040
0.029963
-0.045048
-0.000040
0.044967
-0.015041
0.014960
-0.045048
-0.030057
-0.000040
0.014969
0.014967
-0.000040
0.044967
0.014958
-0.015039
-0.000040
-0.000040
0.014958
-0.030039
0.014960
-0.000040
0.044947
0.029940
-0.030021
-0.000040
-0.000040
-0.015034
-0.030034
0.029954
0.014953
-0.015034
0.044934
-0.030021
0.029940
-0.000040
0.059894
-0.000040
-0.015021
-0.030007
-0.000040
-0.000040
-0.015027
0.014947
-0.030016
0.014949
0.044914
0.014940
0.029913
-0.015016
0.014935
-0.000040
-0.059957
0.014942
0.044893
-0.044974
-0.059983
0.029936
0.014944
0.044900
-0.015018
-0.015021
-0.089968
0.044934
0.089847
-0.015016
0.014935
0.029904
-0.074919
-0.059983
0.014949
-0.030021
-0.015034
0.014953
-0.015034
0.014953
-0.090036
0.074961
0.029945
-0.015032
-0.015034
0.029945
-0.015032
0.029940
-0.000040
-0.075009
0.029954
-0.015036
0.044941
0.029936
-0.000040
-0.060001
0.014953
0.029940
-0.060010
-0.000040
0.059930
0.014947
-0.015027
0.029931
-0.015025
0.029927
0.029918
0.044880
0.044860
0.014922
-0.015003
-0.015005
-0.015007
-0.015009
-0.015012
-0.015014
0.014933
0.014931
-0.015012
0.029900
-0.059930
-0.000040
-0.000040
-0.164921
-0.015043
0.164865
-0.074964
0.149750
-0.074907
-0.119944
0.059930
0.074872
0.014935
-0.104917
-0.030025
0.044934
-0.300251
-0.030111
-0.075257
-0.000040
0.075176
-0.045163
0.045083
-0.045163
-0.165666
-0.045259
-0.075449
-0.000040
0.045212
-0.015122
-0.045299
0.030135
-0.075495
-0.075552
-0.015150
0.090580
-0.000040
0.090498
-0.090579
0.090498
-0.015124
-0.060400
-0.015136
-0.075552
0.030171
0.105628
-0.060409
-0.030238
-0.060463
0.045280
-0.105821
-0.030284
0.015082
-0.090812
0.166311
0.030176
-0.075598
-0.015159
-0.105933
0.075608
-0.015166
0.105788
-0.060500
-0.090798
0.136065
0.120787
0.060319
-0.211457
0.090621
-0.181446
-0.000040
-0.166619
-0.015198
0.030272
-0.015195
-0.106189
0.060630
-0.000040
-0.045540
-0.000040
-0.060738
-0.030403
-0.015225
-0.000040
0.227491
0.015110
0.060538
0.075631
0.045335
-0.060546
-0.030307
-0.030316
0.136127
-0.045409
0.105788
0.105676
-0.045334
-0.015143
0.075448
-0.015134
0.015053
-0.015134
-0.060436
-0.030252
-0.000040
-0.015150
-0.030266
0.045294
-0.015150
-0.015152
-0.000040
-0.000040
-0.000040
-0.045388
0.015078
0.015076
0.030185
-0.000040
0.045280
0.015062
-0.090689
0.030185
-0.015152
0.015071
-0.015152
0.015071
-0.000040
0.030176
-0.000040
0.060364
0.015055
-0.000040
-0.000040
-0.030234
-0.000040
-0.015140
-0.045354
0.015066
-0.015147
-0.000040
0.015066
-0.000040
0.015064
0.045260
-0.030238
-0.015143
0.015062
-0.015143
-0.030252
0.030171
-0.015145
0.030167
-0.030247
0.030167
0.015060
0.015057
-0.000040
0.015055
-0.015136
-0.000040
-0.000040
-0.000040
-0.000040
-0.000040
-0.045340
0.015062
0.015060
-0.000040
-0.000040
-0.000040
0.045246
-0.030229
-0.015138
0.060337
-0.030225
-0.030234
-0.030243
0.015062
-0.015143
-0.000040
-0.030252
0.015066
0.030167
-0.000040
-0.015143
0.015062
-0.030247
0.015064
0.045260
-0.060445
-0.000040
-0.030256
0.015069
0.045273
-0.045354
-0.015150
-0.015152
0.015071
-0.015152
0.015071
0.075483
-0.000040
-0.000040
0.015057
0.120660
-0.045286
0.015044
-0.015124
-0.045306
-0.000040
0.030139
-0.060409
-0.015138
0.060337
-0.030225
-0.045334
0.030157
-0.030238
0.045253
0.030144
-0.045320
0.015055
0.015053
0.060310
-0.030211
-0.030220
-0.045327
0.015057
-0.045340
-0.000040
-0.060472
-0.015154
0.030185
-0.105868
-0.030298
0.060465
0.045315
0.075505
-0.015145
-0.060482
0.045294
-0.030261
-0.015154
-0.045395
-0.000040
0.030199
0.060410
-0.090730
0.030199
-0.060527
-0.015168
-0.212065
-0.015202
-0.075884
0.212177
-0.121253
-0.075873
0.090951
-0.015200
0.136313
0.030235
-0.106045
0.015110
-0.106141
-0.182190
0.060713
-0.091184
-0.060849
-0.076103
-0.121862
0.106561
0.121651
-0.045657
0.151935
0.015144
-0.000040
0.015142
-0.030408
0.030327
-0.000040
-0.000040
-0.000040
0.060667
-0.045567
-0.075965
-0.000040
-0.030426
0.121448
0.030309
0.151567
0.105948
0.151177
-0.090743
-0.060555
0.030221
0.015087
0.015085
-0.015166
0.120897
-0.075609
-0.060536
0.030212
0.090663
0.105676
-0.120868
-0.060509
0.060428
0.105692
-0.000040
-0.030238
-0.045354
-0.000040
0.015066
-0.000040
0.030167
-0.166291
-0.196876
0.090855
-0.030330
-0.106125
-0.015205
0.015124
-0.045540
0.015128
-0.015209
0.060621
-0.015202
-0.000040
-0.015205
-0.000040
-0.030376
0.045459
0.045438
0.105996
0.015099
-0.000040
0.015096
0.060483
-0.000040
-0.015168
0.030212
0.015082
-0.015163
-0.015166
-0.000040
-0.000040
0.015085
-0.015166
-0.015168
-0.015170
-0.000040
-0.015172
-0.015175
-0.000040
-0.000040
-0.000040
-0.000040
-0.000040
-0.000040
0.045356
-0.000040
0.015087
-0.015168
0.015087
-0.015168
0.015087
0.015085
-0.015166
0.030208
-0.015163
-0.000040
-0.000040
0.045321
0.015076
0.015073
-0.000040
-0.015154
-0.000040
0.015073
-0.000040
-0.000040
-0.030270
-0.030279
-0.030288
0.045328
0.045308
0.030180
-0.000040
-0.000040
-0.015150
-0.000040
0.015069
0.045273
-0.015143
-0.000040
-0.015145
-0.000040
-0.000040
0.030167
-0.000040
-0.000040
-0.015143
0.060355
-0.030234
0.030153
0.030144
-0.030225
-0.000040
0.015053
-0.015134
-0.000040
0.015053
-0.030229
0.015055
-0.015136
0.015055
0.015053
-0.000040
0.030139
-0.015129
-0.000040
-0.015131
0.015051
-0.000040
-0.015131
-0.000040
0.015051
-0.045320
-0.075552
0.060373
0.090512
-0.015127
0.015046
0.030126
0.075335
0.075278
-0.000040
-0.015099
-0.000040
0.135410
-0.030125
-0.015086
0.015005
0.015003
-0.030129
-0.015088
-0.000040
0.015007
-0.015088
0.030053
-0.000040
0.045083
-0.030120
-0.000040
-0.000040
0.075142
-0.045143
0.014996
-0.015077
0.014996
-0.000040
0.090131
-0.015063
-0.075189
0.060083
0.045028
0.045008
-0.000040
-0.045089
0.029994
0.044995
-0.030061
-0.060109
0.045015
0.014974
-0.045089
-0.000040
-0.030084
-0.015066
-0.015068
0.030012
0.014983
0.014980
-0.105232
-0.000040
-0.015077
-0.060209
0.105231
-0.030107
0.014994
0.060074
0.240056
-0.045015
-0.015036
0.014955
-0.030034
0.104899
0.089820
0.119648
-0.044907
0.074726
0.029851
0.029842
-0.074762
-0.014991
0.029859
0.014906
-0.014987
0.149325
0.029806
0.014879
END
