y[]
0.061132
-0.050590
-0.013355
-0.075472
0.011488
0.023910
0.023904
-0.013358
-0.013359
0.036322
-0.050621
-0.025789
-0.000938
-0.075527
0.011498
-0.075574
0.086132
-0.013372
0.023929
0.048776
-0.025792
0.036341
0.023907
-0.013359
-0.013361
-0.013362
-0.050652
-0.038240
0.061224
-0.000938
0.023916
0.036332
0.023901
0.036309
-0.025767
0.036304
-0.025764
0.011476
0.011475
-0.000938
-0.013350
0.011475
-0.025764
-0.013353
-0.000938
0.036304
-0.038179
-0.063038
0.011485
0.036322
-0.025776
0.048733
-0.025770
-0.000938
0.061132
0.048690
0.023867
-0.025742
-0.013342
0.036272
-0.000938
0.036258
-0.000938
0.023852
0.023845
-0.013329
-0.038119
0.036244
-0.013330
0.036235
-0.038110
-0.013332
0.048629
-0.000938
0.023836
-0.013324
-0.025715
0.011452
0.011450
0.011448
0.011447
-0.112455
-0.112580
-0.000938
-0.000938
-0.025764
-0.038189
0.048727
-0.000938
-0.025767
-0.137609
-0.050683
0.048807
-0.013372
0.098491
-0.025786
0.185270
-0.038152
-0.013345
0.036281
-0.100218
0.048715
-0.000938
-0.063007
0.048721
0.011473
0.011472
0.110676
-0.013333
-0.000938
-0.000938
-0.062938
-0.013342
0.023870
0.036262
0.036249
-0.000938
-0.025727
0.036244
-0.000938
-0.000938
-0.100119
0.011465
0.011464
-0.137440
-0.087900
0.036341
0.023907
0.011482
-0.038203
0.073578
0.048709
0.036281
0.011465
0.011464
-0.025742
0.011465
-0.025745
0.036272
0.061047
-0.025727
0.023852
-0.050522
-0.062953
0.061078
-0.000938
0.048647
-0.038124
0.023855
0.061016
0.036216
-0.000938
-0.013321
0.023827
0.011442
-0.000938
-0.025699
-0.038092
0.011448
-0.000938
0.011447
-0.000938
-0.013322
-0.025712
-0.025718
-0.000938
-0.000938
-0.000938
-0.025724
0.023848
-0.013330
-0.000938
0.011455
-0.000938
-0.000938
0.023842
-0.025718
-0.000938
-0.013330
-0.013332
0.011456
-0.025727
-0.025733
0.023858
-0.025733
0.023858
-0.025733
0.011461
0.023855
-0.000938
-0.000938
-0.013333
-0.000938
-0.000938
-0.000938
-0.013335
-0.000938
-0.000938
-0.000938
0.011459
-0.000938
-0.000938
-0.013335
0.011459
0.023852
-0.013332
0.011456
-0.013332
0.011456
-0.013332
-0.013333
0.011458
0.048629
-0.025718
-0.013330
-0.112538
-0.025755
-0.038175
0.023888
0.023882
0.011470
0.023873
-0.038156
-0.025758
-0.013350
0.023885
-0.038175
0.011476
-0.000938
0.011475
-0.087856
0.011484
0.011482
0.036313
-0.038189
0.023898
0.011478
0.023888
0.023882
0.048684
-0.038152
-0.013345
0.048684
-0.000938
-0.000938
-0.025745
-0.013344
-0.025755
0.011472
0.011470
0.036276
-0.013341
-0.013342
-0.013344
-0.025755
-0.000938
-0.063007
0.048721
-0.038179
0.098342
-0.000938
-0.038156
0.023876
-0.038161
-0.050590
0.073532
-0.013345
-0.013347
-0.000938
-0.038175
-0.000938
0.023888
0.023882
-0.013347
-0.038175
0.048709
0.011470
-0.013345
-0.025758
0.023882
-0.000938
-0.000938
-0.000938
-0.013347
0.011472
0.011470
0.061078
-0.038142
-0.000938
0.036267
-0.013338
0.048653
-0.050529
-0.000938
-0.000938
0.023861
-0.025736
-0.000938
0.023861
-0.000938
-0.000938
-0.000938
-0.025736
-0.025742
-0.075389
-0.000938
0.011475
0.011473
0.048690
0.036267
-0.050547
-0.038161
-0.025761
0.023885
0.048690
-0.013342
0.023870
0.222055
0.060917
-0.038046
0.233848
-0.075021
-0.050357
-0.062746
-0.013304
-0.062792
-0.038069
-0.013318
-0.025702
-0.050486
0.048610
-0.025709
-0.050498
-0.075324
0.011464
-0.211974
0.148075
0.011470
-0.087824
0.185155
0.011456
0.036235
0.011450
0.011448
0.085723
-0.062830
0.085701
0.085626
-0.025663
-0.038037
-0.000938
0.085605
-0.062746
-0.038041
-0.050430
-0.013315
0.036189
0.097999
-0.025663
-0.000938
-0.013302
-0.062784
0.097999
-0.025663
0.011425
0.023784
-0.025660
0.011424
0.023781
0.048482
0.011413
-0.013289
-0.013290
-0.013292
0.011416
-0.013292
-0.013293
0.036124
-0.013290
0.011415
-0.000938
-0.050357
-0.000938
0.023775
0.036120
0.048451
-0.050327
-0.037995
0.011416
0.023766
-0.000938
0.036106
0.023751
-0.000938
0.036083
-0.013277
0.023738
0.023732
-0.000938
0.048384
0.048360
-0.000938
-0.025583
-0.000938
0.023708
-0.013260
-0.000938
-0.025586
-0.000938
-0.037922
-0.000938
-0.013269
0.023723
0.023717
-0.000938
-0.000938
0.011387
0.011386
-0.013261
-0.000938
-0.000938
-0.000938
-0.000938
0.011386
-0.000938
-0.000938
-0.000938
-0.025586
0.011387
-0.000938
0.011386
-0.013261
-0.000938
-0.000938
0.011386
0.011384
-0.013260
-0.000938
-0.000938
-0.000938
0.011384
-0.037909
-0.013264
-0.013266
0.011390
-0.000938
0.011389
0.036033
0.036019
-0.025574
-0.013258
0.011383
-0.000938
-0.025580
0.023705
-0.013258
-0.000938
-0.000938
0.023702
-0.000938
0.011380
-0.000938
-0.000938
-0.000938
0.011378
-0.025571
0.011380
-0.013255
0.048323
-0.000938
0.011374
-0.000938
0.011372
0.023678
-0.013245
-0.000938
-0.013246
-0.025559
0.023684
0.011371
-0.013246
-0.000938
0.011371
-0.000938
0.011369
-0.000938
0.011368
0.023669
-0.000938
-0.000938
0.011363
-0.013239
-0.013240
0.023666
-0.000938
-0.037845
0.011366
0.011365
-0.025544
-0.025550
-0.013246
-0.000938
0.011371
-0.025556
0.011372
-0.013248
-0.025562
-0.050205
0.011381
-0.000938
0.023696
0.060620
-0.025556
0.011372
-0.013248
0.035988
0.011368
-0.037859
0.011371
0.011369
-0.000938
-0.037863
-0.013249
-0.025565
-0.000938
0.011377
0.035997
-0.037872
0.011375
-0.013251
-0.000938
-0.013252
-0.099508
-0.025596
-0.000938
-0.025602
0.011395
0.011393
-0.025602
0.023726
-0.050272
0.036065
-0.037941
-0.000938
0.036065
-0.000938
0.023723
0.048366
-0.025586
-0.013264
0.060680
-0.013258
-0.000938
-0.037909
-0.000938
-0.025593
-0.025599
0.048378
0.011387
-0.000938
-0.025590
-0.013266
0.036042
0.060665
0.036006
0.023684
0.060589
-0.087086
-0.074838
-0.062563
-0.111960
0.011404
0.036079
-0.050296
0.023744
-0.050308
-0.124471
0.060848
-0.062723
0.060848
0.023766
0.110153
-0.037954
-0.075012
-0.037995
-0.062731
0.110263
-0.000938
0.097803
0.073054
-0.000938
-0.013266
-0.000938
0.023717
0.036033
0.036019
-0.000938
-0.037895
-0.037909
0.011387
0.011386
-0.062571
0.036047
-0.025593
0.048366
-0.000938
-0.013261
0.011386
-0.025586
-0.037922
0.011392
0.023717
0.023711
-0.025586
0.011387
-0.000938
-0.000938
0.060665
-0.025574
-0.013258
0.011383
-0.000938
-0.025580
-0.000938
-0.000938
-0.013261
-0.000938
-0.074911
-0.062624
0.060749
-0.025608
-0.000938
-0.099679
0.073127
-0.025620
-0.025626
-0.075039
0.023769
-0.050357
0.023775
0.048469
0.073127
-0.013278
0.134722
-0.099581
0.023732
-0.062624
-0.025623
0.048427
0.011400
0.011398
-0.013274
-0.025614
0.011401
-0.013277
-0.013278
-0.000938
-0.025623
-0.013283
-0.000938
0.011407
0.011406
-0.000938
-0.000938
-0.000938
0.023744
0.048408
-0.099654
-0.025632
0.011410
0.023754
0.023748
0.011403
0.011401
-0.013277
-0.000938
-0.000938
-0.000938
0.036074
0.085370
-0.013263
0.048354
-0.000938
-0.050229
-0.025593
0.023717
-0.000938
-0.013264
-0.013266
0.011390
-0.013266
-0.000938
0.011390
-0.013266
-0.013267
0.036047
-0.013264
0.011389
0.011387
-0.000938
-0.025590
-0.000938
-0.000938
-0.000938
-0.025596
0.023720
-0.000938
-0.000938
-0.013266
0.011390
0.060680
-0.050229
-0.037922
0.011392
-0.037931
0.011395
0.023723
-0.025599
-0.037941
0.011398
-0.013274
-0.000938
0.036065
0.023723
0.023717
-0.062586
-0.025608
0.036065
-0.025605
0.011397
0.011395
0.011393
0.011392
-0.000938
-0.000938
-0.000938
-0.000938
-0.013267
-0.013269
END
