y[]
-0.012068
-0.025849
0.070582
-0.025838
-0.012068
-0.122354
0.043078
-0.108653
-0.150237
0.070801
0.001707
-0.039744
0.029343
0.001707
0.056955
0.112113
0.056864
-0.025868
-0.039670
0.015501
-0.094892
0.001707
0.015512
0.084500
0.070649
-0.094825
0.015503
-0.067292
0.084500
0.029289
0.029282
0.015491
0.070601
0.001707
0.029251
0.001707
-0.039613
-0.025849
-0.025857
-0.081029
-0.012089
0.015503
-0.012089
-0.053496
-0.025906
-0.122645
-0.025948
0.126094
-0.053557
0.043158
0.043140
-0.205633
0.112342
0.001707
-0.247394
0.043267
-0.206265
0.043336
-0.026044
0.098801
-0.067636
-0.109343
-0.067762
-0.081719
-0.095712
0.085214
0.085144
-0.053910
0.071224
0.098949
0.015591
-0.026063
0.015593
-0.026067
0.001707
0.001707
-0.039968
-0.012189
-0.109528
0.057340
0.057309
-0.081708
0.112911
0.015599
-0.026079
-0.039986
-0.040003
-0.012200
-0.040026
0.085156
-0.040009
-0.109621
-0.054003
-0.081917
0.015649
-0.095929
0.001707
0.085401
0.057464
-0.012229
-0.012231
-0.040120
-0.068043
0.043562
-0.109947
-0.040196
-0.096134
0.085576
0.029648
-0.012263
-0.152086
0.155499
-0.278092
0.015715
-0.040325
-0.138526
0.057824
-0.012319
-0.040384
0.001707
-0.012327
0.001707
-0.026367
-0.026375
0.001707
0.043827
-0.152820
0.029820
-0.012349
-0.082669
0.015775
-0.012361
0.072025
0.100070
0.001707
0.043833
-0.138782
0.057926
-0.054512
0.057926
0.043851
0.029793
0.085917
-0.012323
0.015737
0.029761
0.057792
0.015723
-0.096449
0.057808
-0.040366
0.029757
0.001707
0.071799
-0.082409
0.057792
0.043750
-0.012306
0.001707
0.001707
0.029730
0.001707
0.001707
0.015715
0.015713
0.015711
0.001707
0.015710
-0.026300
0.001707
-0.124423
0.043768
0.029738
0.029730
-0.040331
0.029734
0.029726
0.015713
0.001707
0.001707
0.029714
0.043703
0.043685
-0.040272
0.001707
-0.026289
0.001707
0.015706
0.001707
0.001707
-0.026293
-0.054316
0.015715
0.057721
-0.012294
-0.012296
0.001707
0.001707
0.001707
-0.026304
-0.012302
-0.054347
0.015723
-0.012310
-0.068405
0.113862
0.015717
0.015715
-0.012302
0.001707
0.071730
0.043697
0.001707
0.029691
-0.012284
0.029687
0.043662
0.001707
0.029667
0.001707
0.057604
0.015676
-0.082139
-0.054229
-0.040266
-0.012288
0.043685
0.043668
0.015690
0.001707
0.001707
0.029667
-0.110181
-0.068287
0.029710
0.015706
-0.026293
0.099671
-0.040266
-0.026285
-0.026293
0.057698
0.015700
-0.054276
0.015706
-0.054300
-0.124423
0.057784
0.113767
0.029702
-0.012290
0.015704
0.043685
-0.026277
-0.026285
-0.068306
0.001707
0.071720
0.057682
0.057651
0.043644
-0.012270
0.071573
0.015674
0.015672
-0.012259
0.001707
0.029636
0.015668
0.043580
-0.026207
-0.054143
-0.012261
-0.026234
-0.026242
0.029655
0.029648
0.001707
-0.012263
0.001707
0.057573
-0.054159
-0.054190
-0.026253
0.043644
-0.026250
-0.026257
0.001707
-0.026265
-0.012282
0.057651
-0.096216
0.211424
-0.096106
-0.054229
0.099575
-0.068189
-0.054245
-0.110291
-0.180557
-0.082527
-0.026387
-0.110747
0.212455
0.057831
-0.026352
-0.054433
-0.040419
-0.040437
0.071937
0.015747
-0.082563
-0.026399
-0.054528
0.043886
-0.110811
-0.153212
-0.054687
-0.054719
0.058132
-0.210053
0.072343
-0.026542
0.072313
0.100472
-0.012397
0.015810
-0.054719
0.086333
0.100347
0.142453
-0.068641
0.015780
-0.082765
0.128387
0.198447
0.029781
0.043803
0.015735
-0.012321
0.099863
0.015721
-0.068385
0.057784
0.127766
0.029698
-0.054284
0.071691
0.029687
-0.082256
0.029702
0.099630
-0.096216
-0.110322
0.029726
-0.082374
-0.012313
-0.054394
-0.180839
-0.167093
-0.110985
0.029892
0.072134
-0.125098
0.001707
-0.026494
0.001707
0.015808
-0.012395
0.001707
-0.068830
0.044035
0.072214
0.086250
-0.012379
0.029876
0.058021
0.015780
-0.012367
-0.012369
0.001707
-0.040532
0.015788
-0.026458
0.001707
0.043951
-0.012373
0.029864
-0.012371
0.001707
0.015784
0.015782
-0.012369
-0.012371
0.001707
0.086143
-0.012361
0.029840
-0.012359
0.029836
0.001707
0.015769
0.015767
0.001707
0.001707
-0.026415
-0.012357
0.043892
-0.026415
0.015769
-0.026419
0.029832
0.001707
0.015767
-0.012353
0.015767
0.043874
0.085988
0.001707
0.043821
-0.068493
0.029793
0.001707
0.043821
0.001707
-0.012329
0.015743
-0.040407
0.001707
0.015747
0.015745
0.001707
-0.012331
-0.012333
0.029785
-0.012331
-0.012333
0.015747
0.001707
-0.012333
0.001707
0.015747
0.001707
0.015745
0.015743
-0.012329
0.015743
-0.012329
-0.026371
-0.012335
0.001707
0.001707
-0.054481
0.015757
0.043845
-0.040431
-0.012343
0.085977
0.015745
0.029777
0.043797
0.043780
0.001707
0.043762
0.001707
0.015721
-0.026324
0.001707
0.001707
0.043750
-0.040336
-0.026332
-0.026340
0.057792
0.001707
0.071769
-0.040325
0.001707
0.001707
0.029730
-0.012304
0.029726
0.015713
-0.012300
0.043721
0.043703
-0.012290
-0.068306
0.001707
0.001707
-0.012302
0.015715
0.001707
-0.040325
0.029730
0.029722
0.001707
-0.026308
0.015715
-0.012302
0.001707
0.015715
-0.026312
-0.012306
-0.040342
-0.026336
0.043768
-0.012312
0.029742
0.029734
-0.012306
0.001707
-0.012308
-0.040348
0.001707
-0.026340
0.001707
0.015731
-0.054402
0.015737
-0.068464
0.043815
0.001707
0.043797
0.043780
0.015727
0.029742
-0.278995
-0.110795
0.100153
0.029816
0.142137
-0.110621
0.001707
-0.167022
0.072045
-0.012357
0.072006
0.057910
0.071917
0.127961
0.001707
0.085788
0.113705
-0.068277
-0.068326
0.099739
-0.124352
0.099767
0.099671
-0.068257
-0.082315
0.085729
0.099643
-0.012278
-0.068248
-0.138349
-0.054371
0.001707
0.015729
-0.166691
-0.012339
0.043839
0.057855
-0.012327
0.127943
-0.082433
0.043786
0.001707
0.085811
0.057737
-0.068336
-0.012308
-0.068395
0.071809
0.029734
-0.026320
0.057753
0.071720
0.001707
-0.026293
-0.096353
0.071759
0.001707
-0.026308
-0.068365
0.057769
0.015717
0.043727
0.043709
-0.026293
0.029706
0.029698
-0.012288
0.043685
-0.040272
-0.026289
0.029702
-0.012290
0.001707
0.029698
0.043680
0.029679
-0.012278
-0.040260
-0.054276
0.029702
0.113611
-0.012274
0.001707
0.015688
0.043639
-0.012268
-0.012270
0.001707
0.239054
0.099275
0.001707
0.001707
0.210461
0.015608
-0.095644
-0.026125
0.043452
-0.053957
0.001707
-0.040061
0.029554
-0.040067
0.015633
0.043475
0.085191
-0.012202
0.015616
-0.012202
0.015616
-0.053941
0.015622
-0.012208
0.015622
0.029531
0.015616
-0.026113
0.043434
-0.012200
0.001707
-0.012202
0.057332
-0.026102
0.001707
0.001707
-0.012200
0.001707
0.001707
0.001707
0.001707
-0.012202
0.001707
0.001707
0.001707
0.001707
0.015616
0.015614
0.001707
-0.012200
0.001707
-0.012202
0.071233
0.043400
-0.012189
0.015602
-0.067791
0.001707
-0.081754
0.015622
0.001707
0.015620
0.001707
0.001707
-0.012206
0.015620
-0.012206
0.043440
-0.012202
0.029523
-0.040021
0.015618
-0.040032
0.029535
0.001707
0.001707
-0.012206
0.001707
0.015620
0.043434
-0.026110
0.057332
-0.040009
0.001707
-0.012202
0.001707
-0.012204
0.029527
-0.026113
-0.067878
0.029546
0.043452
0.043434
-0.026110
0.029523
0.001707
-0.026110
-0.012204
-0.067878
0.015628
0.001707
0.015626
0.015624
0.071262
0.071214
0.001707
-0.081708
-0.026113
0.001707
-0.026121
0.001707
-0.081824
-0.109776
-0.165751
0.071515
0.071466
-0.026191
0.029605
0.043539
-0.068023
0.057495
-0.012237
0.015651
-0.040131
END
