y[]
0.032378
0.044772
-0.054508
0.069583
0.044735
-0.029667
0.032327
-0.004868
0.069481
-0.004868
0.106552
0.044612
-0.116234
0.007512
0.094117
0.094019
-0.004868
-0.017224
-0.066669
-0.029599
-0.091475
-0.004868
0.069371
-0.004868
0.019866
0.056940
0.007489
0.019841
-0.079016
0.007493
-0.054324
-0.004868
-0.029606
-0.004868
-0.004868
-0.054361
0.044624
0.019869
-0.041976
0.007503
-0.029612
0.168206
-0.079007
0.007492
0.019847
0.032194
0.007483
-0.004868
-0.029572
0.056879
-0.066616
-0.054294
-0.017229
0.007492
-0.041953
0.007495
-0.017232
0.044575
0.019844
-0.066662
-0.017232
-0.079080
-0.116289
-0.042036
-0.004868
-0.004868
-0.042050
-0.066869
0.044735
-0.054472
-0.066907
0.044766
0.081932
0.329228
0.192589
0.056757
-0.189859
-0.054257
-0.017219
-0.079007
0.143353
-0.041903
0.069187
-0.066578
-0.066616
0.069224
-0.078961
-0.128478
0.069316
-0.066685
0.056948
-0.029590
-0.029596
-0.103842
0.106470
0.069288
0.032189
0.044520
-0.017213
0.069178
0.032134
-0.115918
0.069178
0.106099
0.032093
0.069014
0.044356
-0.078715
-0.091091
0.081354
0.081280
0.044326
0.007426
0.117997
-0.066282
-0.004868
0.031984
-0.078588
0.105690
0.031957
0.056478
-0.078488
0.068751
0.031921
-0.004868
-0.017130
0.154416
-0.004868
-0.029357
-0.090626
0.007387
0.166553
-0.004868
0.031827
-0.029330
0.141813
-0.004868
0.043978
-0.090365
0.007350
-0.004868
0.129434
0.019531
-0.090292
0.019546
0.056141
0.007329
-0.017066
-0.017067
0.031724
-0.065863
-0.114752
-0.004868
-0.004868
0.019561
-0.017082
-0.017084
-0.004868
-0.017085
0.019564
0.007345
0.007344
-0.041510
-0.004868
-0.004868
0.031773
-0.017081
0.007344
-0.004868
-0.017081
0.007344
-0.053726
0.019564
-0.017084
-0.004868
-0.017085
0.007348
0.031773
0.007342
0.007341
-0.004868
0.043954
0.019534
0.043918
-0.004868
0.092633
-0.017051
-0.029238
0.031684
-0.029235
-0.017054
-0.041434
0.007322
-0.029250
-0.017061
-0.053655
0.031724
-0.017064
0.007327
0.019519
-0.041452
-0.017066
0.007329
0.007327
-0.004868
0.007326
0.007325
-0.004868
-0.017061
0.007325
0.019513
-0.017058
0.019510
-0.004868
-0.017057
0.043876
-0.004868
-0.004868
0.007314
-0.041420
0.019501
-0.017052
-0.017054
-0.029244
-0.017058
-0.029253
0.007325
0.007323
0.019510
-0.004868
-0.053631
0.043894
-0.017057
-0.004868
-0.017058
-0.029253
-0.053655
-0.090302
0.007341
-0.041501
-0.004868
-0.004868
-0.041514
0.019564
0.043978
0.019546
0.007336
-0.090333
0.068392
-0.041492
0.031755
-0.053702
0.092776
0.031724
0.068276
0.007317
-0.004868
-0.017054
-0.029244
0.007320
-0.004868
0.043871
0.031670
0.104667
0.031617
0.031604
-0.017024
-0.017026
-0.004868
-0.017027
-0.029190
0.019454
-0.017029
0.019451
-0.053512
0.007295
0.043770
0.031595
-0.017021
0.007285
0.080160
-0.029155
-0.029161
-0.004868
-0.004868
-0.053471
-0.029179
-0.053507
0.019454
-0.041354
-0.004868
0.031617
0.019448
-0.077834
-0.017035
-0.004868
-0.065722
0.007305
0.019474
-0.017039
0.007302
-0.004868
-0.053560
-0.004868
0.019480
-0.041394
0.116831
0.043770
-0.017026
-0.077843
0.068107
-0.114351
0.007302
-0.053560
-0.004868
-0.017045
-0.114524
-0.151263
0.056156
-0.126954
0.068401
0.129319
-0.114645
0.153659
-0.138990
0.007332
-0.017069
0.263196
0.092432
0.019442
0.068027
0.043699
-0.065581
-0.089928
0.043746
0.019430
0.067991
0.007270
0.092184
-0.041252
-0.053400
-0.017005
0.031537
0.043652
-0.041256
0.043646
-0.053383
-0.114112
0.007276
-0.150694
-0.065692
-0.017038
-0.017039
0.104614
0.104494
-0.089918
0.007286
-0.175164
-0.077941
0.007314
0.031670
0.019483
-0.029220
0.116831
0.007293
0.019451
0.068053
-0.114271
-0.138745
-0.199919
0.007333
0.007332
-0.188030
0.080649
0.080576
-0.139170
0.019564
-0.176018
-0.017105
0.007368
0.056290
0.153968
0.080555
-0.139138
0.092800
-0.102537
0.117202
-0.004868
0.007330
0.007329
-0.004868
0.043906
0.031697
-0.053625
-0.041452
-0.053667
0.031733
-0.017067
-0.029271
-0.017072
0.007335
-0.004868
0.019534
-0.017069
-0.017070
-0.053691
0.031750
-0.017073
0.007336
-0.029279
-0.041496
-0.017081
-0.029297
-0.004868
0.031773
-0.017081
0.031764
0.043954
-0.029276
-0.004868
0.056141
-0.004868
-0.017067
0.019528
0.007327
-0.053661
0.019531
-0.004868
-0.017067
-0.029271
-0.004868
0.031733
-0.017067
0.031724
-0.004868
0.007326
-0.004868
-0.029259
0.007327
-0.029262
-0.004868
-0.017067
-0.029271
-0.029276
-0.029282
-0.017078
0.007341
0.007339
0.019543
0.007335
-0.029276
-0.017075
-0.004868
-0.041496
-0.029294
0.031768
-0.017079
0.019552
-0.004868
0.019546
-0.065915
-0.029297
-0.017085
-0.004868
-0.017087
0.007350
0.007348
0.007347
-0.029300
0.019564
-0.004868
0.019558
-0.029294
-0.029300
0.007348
0.007347
-0.017084
-0.017085
0.007348
-0.029303
0.031782
0.019558
0.019552
-0.017078
-0.041505
0.007345
-0.004868
-0.029297
-0.017085
-0.029306
-0.017090
0.019573
-0.004868
-0.017088
0.019570
-0.065974
-0.017094
0.031804
0.019573
-0.017088
0.007351
-0.017088
0.044002
-0.004868
-0.053738
-0.017090
-0.029315
0.007356
0.007354
0.044007
-0.029303
-0.004868
-0.029309
-0.041541
0.019582
-0.078236
0.019593
0.031813
-0.004868
0.019579
-0.017091
0.007354
-0.065997
0.056260
0.007353
0.068427
-0.004868
0.080576
0.007332
-0.004868
0.092681
-0.053631
-0.004868
0.092633
0.068195
-0.077932
0.019492
-0.029229
-0.029235
-0.017054
-0.029244
-0.017058
0.031697
-0.004868
-0.017055
0.043871
-0.017051
-0.004868
-0.004868
0.043853
-0.065773
0.129074
-0.004868
0.055955
0.019451
-0.077843
-0.004868
-0.029205
-0.004868
0.007301
-0.017038
0.153215
-0.150783
0.153196
0.080140
-0.089877
0.068000
-0.077737
-0.089949
0.104508
-0.138566
0.080233
-0.089970
0.092384
-0.102121
0.104534
-0.053477
-0.004868
0.104468
0.019412
0.007270
0.055800
0.067885
0.007252
0.067824
-0.004868
-0.089681
-0.041239
-0.029123
0.031511
0.128408
-0.101779
-0.004868
-0.016989
-0.053365
-0.016996
0.055756
-0.004868
0.019371
0.079924
-0.041199
0.055675
-0.016974
-0.089650
0.031475
0.007243
-0.077560
-0.004868
0.019368
0.055697
0.381886
-0.173889
-0.029038
-0.004868
-0.065317
0.091832
0.067595
-0.065251
0.103794
0.043388
-0.053125
0.115730
0.031283
-0.028968
0.067412
0.067360
0.019196
0.055268
0.079261
-0.040915
-0.028907
-0.028913
-0.004868
-0.004868
-0.004868
0.007154
-0.016891
-0.016893
-0.028921
0.007159
-0.016896
-0.004868
-0.016897
0.007160
0.055253
0.019170
0.007149
-0.016885
0.031178
0.019156
-0.040907
-0.004868
-0.016884
0.007147
0.007146
0.031165
-0.028890
0.007143
0.043162
0.019138
-0.016871
-0.016872
0.007136
-0.028878
-0.004868
-0.028884
0.007140
-0.004868
-0.004868
0.067152
0.007130
0.019124
-0.004868
-0.028861
-0.040868
-0.004868
0.007133
-0.040876
-0.040889
0.007140
0.007139
-0.016875
0.007139
0.043145
-0.040876
-0.040889
-0.052916
-0.004868
0.067195
-0.064918
-0.016883
0.043180
-0.052916
0.043180
-0.028890
0.007143
-0.004868
-0.004868
0.007141
-0.004868
-0.016878
0.019150
0.019144
-0.016874
0.007137
0.019138
0.031131
-0.016867
-0.016868
0.007131
-0.028869
-0.028875
-0.004868
0.007136
-0.004868
-0.016872
-0.004868
-0.028881
0.007139
0.019141
0.007134
-0.040881
-0.028884
0.031153
0.019138
0.031131
0.007129
0.019121
-0.016862
0.019118
-0.028855
0.007126
-0.004868
-0.016862
0.067074
-0.040833
0.031096
0.031083
0.019092
END
