y[]
-0.001316
-0.013382
-0.013384
-0.061677
-0.037550
-0.025479
0.010766
-0.001316
-0.025482
-0.025488
-0.001316
0.010771
0.022853
0.071156
-0.049625
0.022841
-0.013394
0.034914
-0.013391
-0.013393
0.034909
0.046964
-0.025453
-0.049608
0.022833
-0.025465
0.010759
0.022830
-0.025462
-0.001316
0.034901
-0.013387
0.022824
-0.001316
0.059008
-0.013378
-0.013380
-0.001316
0.034870
-0.013377
0.071025
-0.013369
0.010737
0.083016
0.022766
0.010723
0.010721
-0.013353
-0.013355
-0.013356
-0.037445
-0.073614
-0.001316
-0.025427
-0.037493
0.034861
-0.013374
-0.037498
-0.001316
-0.037511
0.034879
0.058979
-0.025430
0.107150
0.203245
-0.037385
-0.013342
-0.302430
0.119239
-0.049520
0.034839
-0.001316
-0.061582
0.034848
-0.013369
-0.049544
-0.085770
-0.049608
-0.001316
0.071113
-0.037524
-0.001316
-0.134190
0.059103
0.083210
0.095197
-0.037498
0.083087
-0.049538
-0.025436
0.046917
-0.001316
0.046894
-0.001316
0.155207
-0.073527
0.034796
-0.025389
-0.037437
0.070912
0.022748
-0.061488
0.046825
0.010715
0.010714
0.010713
-0.049439
-0.061503
-0.001316
0.058871
-0.061503
-0.013358
0.022766
0.022760
0.022754
-0.061503
0.010724
-0.001316
0.119006
-0.013342
-0.025372
0.022740
0.118876
-0.049376
0.250740
-0.037285
-0.049295
0.046663
-0.085294
0.010685
0.022682
-0.001316
0.034670
-0.013310
0.010678
0.046646
0.010671
0.010669
-0.001316
-0.013301
-0.025291
-0.001316
-0.001316
0.022659
0.022653
0.010666
-0.025283
-0.025288
-0.025294
0.010674
0.034644
-0.013301
0.010669
-0.025288
-0.013304
0.022659
-0.001316
-0.001316
-0.013303
-0.001316
-0.001316
-0.001316
-0.025294
0.022662
0.022656
-0.013301
-0.025291
-0.025297
-0.037298
-0.001316
0.010679
-0.001316
-0.037307
0.010682
0.022676
-0.001316
-0.013312
-0.001316
0.010679
-0.001316
-0.001316
-0.013312
-0.025311
-0.013316
0.010684
-0.013316
0.010684
-0.001316
-0.001316
0.010682
0.010681
0.010679
-0.013312
-0.013313
-0.013314
0.010682
0.010681
-0.013313
0.010681
-0.001316
-0.001316
0.010679
0.022671
-0.013309
-0.013310
-0.001316
0.010678
-0.013310
-0.037307
0.022679
0.010679
-0.013312
-0.013313
0.010681
-0.001316
0.010679
-0.001316
-0.001316
-0.001316
-0.001316
-0.001316
-0.013312
0.082622
-0.001316
0.046617
-0.025280
-0.013300
-0.013301
-0.013303
-0.001316
-0.001316
-0.013304
0.022659
-0.037281
0.010674
0.022659
0.022653
0.022648
0.010664
-0.037259
-0.049260
0.010672
-0.061272
0.010678
-0.013310
-0.001316
-0.001316
-0.013312
0.022673
-0.037302
0.010681
-0.001316
-0.013313
-0.001316
0.010681
-0.001316
0.010679
-0.013312
-0.013313
-0.001316
0.010681
-0.013313
-0.013314
0.034675
-0.025308
0.022676
0.010678
-0.013310
0.010678
0.010677
0.046640
-0.037281
0.010674
0.082572
-0.037259
0.010666
0.022645
-0.013296
-0.013297
0.022645
0.046588
0.022627
-0.025260
-0.013290
0.022630
-0.025262
0.010658
0.034597
0.010652
0.010651
-0.001316
-0.001316
-0.025251
0.022619
-0.013283
-0.025254
-0.001316
-0.037233
0.046571
-0.013286
-0.001316
-0.037233
-0.001316
0.010658
-0.013290
0.022630
-0.025262
-0.025268
0.010661
-0.013293
0.022636
-0.049226
-0.061236
0.046623
0.034623
-0.013294
0.034614
0.058539
-0.013284
0.010652
0.010651
0.046537
0.046514
-0.001316
-0.001316
0.010638
-0.013270
0.046491
-0.025217
0.010635
0.046474
0.034511
0.010624
-0.001316
-0.001316
-0.049083
-0.013261
-0.001316
-0.013263
-0.001316
0.034520
-0.025205
0.022573
0.010626
0.010625
-0.013257
-0.013259
0.010626
0.010625
-0.013257
-0.037148
0.010629
-0.061057
0.046479
0.022573
0.022567
0.022562
-0.001316
-0.001316
-0.037135
0.058375
-0.037126
-0.072975
0.022576
-0.013261
0.046457
0.034498
0.010619
0.034481
-0.049049
-0.013253
0.010621
-0.084903
0.010629
0.034511
0.034498
0.010619
-0.001316
-0.001316
0.022550
0.010615
-0.025180
0.034477
-0.001316
-0.001316
-0.001316
0.010612
-0.013244
-0.001316
-0.013246
0.022542
-0.001316
-0.001316
0.034460
-0.013240
-0.001316
-0.025168
0.022536
-0.013241
-0.001316
-0.001316
0.010609
0.010608
-0.001316
-0.001316
-0.001316
-0.001316
-0.001316
-0.001316
-0.001316
-0.025165
-0.001316
-0.001316
-0.025171
-0.049043
-0.001316
0.010618
-0.001316
-0.001316
-0.001316
0.010616
-0.001316
0.010615
-0.001316
-0.013247
-0.001316
-0.001316
0.022545
-0.013246
0.010614
0.010612
0.010611
-0.013243
-0.013244
-0.001316
-0.049043
0.010618
-0.001316
-0.013250
-0.001316
-0.025188
-0.037135
0.022565
-0.001316
-0.001316
-0.025197
0.010625
0.010624
0.010622
-0.001316
-0.001316
-0.013254
0.022559
0.010619
-0.061007
-0.013259
-0.001316
0.022567
-0.001316
0.010624
-0.013256
0.010624
-0.001316
-0.001316
0.022559
-0.013253
-0.013254
-0.001316
-0.001316
-0.001316
-0.013256
-0.001316
-0.013257
-0.001316
-0.001316
0.022565
-0.013256
0.046434
-0.025188
-0.001316
-0.025194
0.010624
-0.001316
-0.013256
0.010624
-0.049083
-0.001316
-0.001316
-0.001316
-0.013261
-0.073018
-0.025228
0.022596
0.022590
-0.001316
-0.013268
-0.013270
0.022590
-0.013268
-0.013270
-0.025228
-0.073086
0.022613
-0.013280
0.034571
-0.013277
-0.013279
0.022607
0.022602
0.022596
-0.001316
0.010638
-0.001316
-0.001316
0.010636
-0.037178
0.022593
0.046485
0.022576
0.022570
-0.001316
-0.037148
-0.013263
0.034520
-0.049100
0.010632
0.022576
0.010628
-0.001316
-0.037152
-0.013264
-0.001316
-0.001316
0.010632
-0.013264
0.022579
-0.013263
-0.001316
-0.025214
-0.013267
-0.013268
-0.013270
-0.001316
0.046491
0.010632
-0.049117
-0.013270
-0.037186
0.058460
-0.013268
-0.037182
0.034550
-0.037182
0.070403
0.022579
0.022573
-0.013260
0.118058
0.070240
0.082102
0.010595
0.010594
0.010592
-0.037045
0.022505
-0.025137
0.022505
0.034405
-0.001316
-0.037037
-0.013226
-0.025140
-0.013230
-0.037067
0.010602
0.010601
0.022513
-0.013230
-0.048986
0.094001
-0.060879
0.034426
-0.084734
-0.013239
0.010606
-0.037088
-0.037101
-0.001316
-0.013247
-0.013249
0.034477
-0.025177
0.034473
-0.025174
0.010614
-0.072915
-0.096861
-0.013266
0.034528
-0.096930
-0.013274
0.058460
-0.061093
-0.073095
0.082421
0.046502
0.010635
-0.013267
-0.049134
-0.013274
0.034554
-0.025228
0.058453
0.010634
-0.144805
0.010649
-0.025248
0.094378
-0.049152
-0.049174
-0.109081
0.010664
0.022639
0.022633
-0.049220
-0.073215
0.010671
0.022653
-0.001316
0.022648
-0.037264
-0.001316
-0.001316
-0.001316
0.022650
0.010665
0.010664
0.010662
0.022636
-0.001316
-0.013291
-0.013293
-0.025274
-0.025280
-0.001316
0.010666
-0.001316
-0.001316
0.010665
-0.001316
-0.001316
-0.013297
-0.001316
0.010665
0.010664
-0.001316
-0.001316
-0.001316
-0.013296
-0.001316
-0.001316
0.010664
-0.013296
0.022642
-0.013294
-0.001316
-0.001316
-0.001316
-0.001316
-0.001316
-0.001316
0.010662
-0.013294
0.022639
0.022633
0.010656
0.010655
-0.001316
0.010654
0.010652
-0.001316
-0.001316
0.022616
-0.001316
-0.025248
-0.013284
-0.001316
-0.001316
-0.013286
-0.001316
0.034588
-0.013283
-0.001316
0.022616
-0.001316
0.010648
-0.013280
-0.001316
-0.001316
-0.001316
-0.001316
-0.013281
0.010649
0.010648
-0.013280
-0.001316
-0.001316
-0.001316
0.010648
-0.013280
-0.001316
-0.001316
0.010648
-0.001316
-0.001316
0.010646
-0.001316
-0.013279
0.010646
-0.001316
-0.001316
-0.001316
-0.013279
-0.001316
-0.001316
-0.001316
0.010646
-0.013279
-0.001316
0.058482
-0.001316
-0.001316
0.046497
0.010634
-0.013266
-0.013267
0.010635
-0.025219
0.034537
END
