y[]
-0.011561
-0.023350
-0.011566
-0.011567
0.023803
-0.035148
0.012015
0.023803
-0.023356
0.035590
0.035578
-0.023345
0.023792
-0.011560
-0.023348
-0.023353
0.000223
-0.011567
0.012014
0.047371
-0.070506
-0.023364
-0.094183
-0.023392
0.023839
0.012029
-0.047008
0.035649
-0.011584
0.047443
-0.035189
-0.177029
0.035699
-0.118078
-0.106367
0.000223
-0.035332
-0.082789
-0.011641
-0.035379
0.035825
-0.047249
-0.047271
0.023974
-0.023527
-0.094834
-0.023555
-0.035455
0.024010
-0.059254
0.071593
0.071542
0.059616
-0.023530
0.012101
-0.082947
0.023993
-0.023546
-0.035442
0.035889
0.059638
0.000223
-0.059191
-0.023552
0.023999
-0.023552
-0.083036
0.000223
-0.059290
-0.011683
0.047842
0.059715
0.035902
-0.083045
-0.095026
-0.011689
0.012136
0.012135
-0.047430
0.012139
0.024050
0.035953
-0.047418
-0.035523
0.012140
0.047877
-0.035514
-0.059368
0.000223
0.035982
0.024056
0.035961
-0.011688
0.047859
0.047837
0.047814
0.035902
0.000223
-0.023561
-0.023566
0.107233
0.035868
0.047729
-0.011651
0.000223
0.000223
0.012098
-0.011651
0.012098
0.012096
0.023965
-0.011647
-0.059148
0.000223
0.012101
-0.023532
-0.011657
0.023982
0.023976
-0.023530
0.012101
0.000223
-0.023532
0.000223
-0.023538
0.012105
0.000223
0.000223
0.012103
-0.011657
0.047735
-0.094822
0.012109
0.035872
-0.035425
0.023991
0.023985
-0.023538
0.000223
0.023985
0.000223
0.000223
-0.011657
0.012103
0.012102
-0.011655
0.012102
-0.023535
0.000223
0.000223
0.000223
-0.011658
0.000223
0.000223
-0.035429
-0.035442
0.012113
0.000223
0.000223
0.000223
0.023999
0.000223
0.000223
0.000223
-0.023552
0.023999
0.012109
0.000223
0.000223
-0.011662
0.012109
-0.011662
0.012109
0.000223
-0.035438
0.012112
0.000223
0.023996
0.023991
0.012105
-0.047311
0.012109
0.000223
-0.011662
0.000223
-0.011664
-0.011665
0.012112
0.000223
-0.023555
-0.023561
0.024007
0.012113
0.035885
0.000223
-0.011662
0.000223
0.012109
-0.011662
0.000223
0.012109
0.000223
0.012108
0.047746
0.012101
0.000223
-0.035412
-0.011658
0.047741
-0.047294
-0.059205
0.000223
0.023999
0.023993
0.012106
-0.035429
-0.011664
-0.047339
0.024007
0.024002
-0.023555
-0.023561
0.024007
0.012113
-0.011666
0.047775
0.035872
-0.023541
0.035868
0.035855
-0.035408
0.023979
0.059588
0.000223
0.012092
0.035821
0.012087
-0.059106
0.000223
0.012092
-0.023515
0.000223
-0.011648
-0.011650
0.000223
0.035838
-0.023518
0.012095
0.000223
0.000223
0.023962
-0.011645
0.012092
0.035821
-0.035374
0.023957
-0.011642
-0.023513
0.012092
0.000223
0.023957
0.023951
0.035804
0.023937
-0.023490
0.035792
0.000223
-0.011631
-0.023490
-0.035357
0.012085
-0.035366
-0.023510
0.035821
-0.035374
0.023957
-0.035379
-0.071019
0.071465
0.083275
0.023940
0.284382
-0.082573
-0.070799
0.012064
0.023900
0.000223
-0.070825
0.083108
0.023892
-0.011610
-0.011612
0.071213
0.047522
-0.011599
-0.011600
-0.011602
-0.011603
0.035699
0.012046
0.082941
-0.011589
0.035657
-0.011586
0.000223
0.012033
-0.023398
0.047460
-0.047013
0.000223
-0.047036
0.012040
0.000223
-0.011593
0.012040
0.059287
0.059252
-0.035189
0.047438
0.023822
-0.011575
0.000223
-0.011577
0.000223
0.012024
0.035615
0.047393
-0.046946
-0.011573
0.012019
0.035603
-0.011568
-0.023364
0.000223
0.012018
0.012017
0.035595
0.047365
0.023786
0.012003
-0.023336
0.000223
0.012004
0.000223
0.047332
0.000223
-0.094016
-0.011563
0.012010
-0.023350
-0.023356
0.000223
0.000223
0.000223
-0.011568
0.000223
0.000223
0.012015
0.000223
0.047377
-0.023350
-0.011566
-0.011567
0.012014
0.012012
-0.011566
0.012012
0.000223
0.000223
0.000223
0.000223
0.000223
0.000223
-0.011566
0.012012
0.023797
0.000223
-0.011563
-0.023353
0.000223
0.023800
0.023794
0.000223
-0.046924
0.000223
0.000223
0.023800
-0.011564
0.012011
0.012010
0.000223
0.000223
0.000223
0.012008
-0.011561
0.000223
-0.011563
-0.011564
0.000223
0.000223
0.012011
-0.023353
0.012012
0.000223
0.000223
0.000223
0.000223
-0.011566
0.000223
0.012012
-0.011566
-0.011567
-0.011568
0.000223
-0.011570
-0.011571
0.000223
0.000223
0.000223
0.000223
0.012018
0.000223
0.012017
0.000223
0.000223
0.000223
0.000223
0.000223
0.000223
-0.011570
0.012017
-0.011570
-0.011571
-0.011573
0.000223
0.012019
-0.011573
0.012019
-0.011573
-0.011574
0.000223
-0.011575
-0.035181
0.012026
0.012025
-0.011578
-0.011579
0.000223
0.000223
0.047427
0.012021
-0.011574
-0.011575
-0.023378
-0.046996
-0.011585
0.023839
-0.023392
-0.023398
-0.023403
0.047471
-0.023398
-0.023403
0.023850
-0.011589
0.023847
-0.011588
0.035653
0.023836
0.000223
0.000223
0.023831
0.012025
0.000223
-0.023381
0.059224
-0.011574
-0.070590
0.000223
-0.011584
0.023836
0.023831
-0.035189
0.023833
0.035628
-0.011577
0.023822
-0.023375
0.012024
0.035615
0.000223
-0.035169
0.000223
-0.011577
0.012024
0.023819
-0.023373
0.000223
0.047410
-0.023367
-0.035173
-0.023381
0.000223
0.000223
-0.047002
-0.011586
-0.058847
0.023856
0.000223
0.012037
0.000223
-0.047041
0.035674
-0.011592
0.071095
-0.023395
-0.011588
-0.023403
0.023850
-0.011589
0.023847
0.000223
0.035649
0.000223
0.023833
0.082814
-0.058763
0.059210
-0.176841
-0.141654
0.023884
0.023878
0.047516
-0.011598
-0.023423
-0.070749
-0.047119
0.071229
0.000223
0.047533
0.012047
-0.058910
0.059357
0.106575
0.000223
-0.047030
0.035666
-0.047036
0.000223
-0.177197
0.012061
0.012060
0.012058
0.047550
-0.011606
0.094820
-0.023417
-0.118064
0.023892
0.023886
0.012053
-0.011606
0.083000
-0.035244
0.012047
-0.058910
0.035707
-0.035261
0.071179
0.023864
-0.011596
0.059308
-0.047041
0.000223
0.023859
-0.023412
0.082922
0.094652
-0.046980
0.023828
0.000223
0.000223
0.000223
0.059210
-0.023367
0.000223
-0.035173
-0.035185
0.012028
0.023828
-0.023381
0.047427
0.000223
0.000223
0.023817
0.035603
0.082727
0.012004
0.000223
0.012003
-0.011556
0.012003
0.000223
-0.023336
0.000223
0.023783
-0.046902
0.000223
0.000223
0.000223
0.012007
0.000223
0.000223
0.000223
0.000223
-0.011560
0.000223
0.000223
-0.011561
-0.011563
0.000223
0.023794
-0.011561
0.012008
0.000223
-0.011561
0.023792
0.012005
-0.011559
0.000223
0.012005
0.000223
0.012004
0.000223
0.012003
-0.011556
0.000223
0.012003
-0.011556
0.012003
-0.011556
0.000223
0.000223
0.000223
-0.011557
-0.046913
0.000223
0.000223
0.000223
0.000223
-0.011564
0.000223
0.012011
-0.011564
0.000223
0.000223
-0.011566
0.012012
0.012011
-0.011564
0.012011
0.000223
0.000223
0.000223
0.000223
0.012010
-0.023350
0.012011
0.012010
0.000223
0.000223
0.012008
0.012007
0.000223
-0.011560
0.012007
0.000223
0.000223
0.000223
-0.023345
0.023792
0.012005
-0.011559
-0.011560
0.000223
0.012007
-0.011560
0.000223
-0.023348
-0.023353
-0.023359
0.000223
0.000223
-0.011570
0.012017
0.000223
-0.011570
-0.011571
-0.011573
-0.011574
0.000223
-0.046980
-0.035194
-0.047019
-0.070682
0.000223
0.012044
-0.118050
0.000223
0.083029
0.047510
0.035674
-0.011592
-0.129839
0.071187
-0.047080
0.071171
-0.023420
-0.023426
0.000223
0.023872
0.035687
-0.035240
0.023867
0.000223
-0.023420
0.012046
-0.023423
-0.023428
-0.011605
0.035703
0.023870
0.000223
0.035682
0.012040
0.000223
0.071095
0.035640
0.000223
END
