y[]
0.028373
0.013940
-0.058207
0.086080
0.042768
-0.000487
-0.072591
0.071616
0.042750
-0.000487
-0.014898
-0.014900
-0.072580
-0.000487
0.071606
0.028335
-0.014898
-0.000487
-0.000487
0.057141
-0.029297
0.013919
-0.000487
-0.014893
0.085918
0.042687
-0.029268
-0.014881
0.057075
-0.058050
0.042687
0.042669
-0.014871
0.057034
0.013888
-0.043619
-0.043637
0.028281
0.042650
-0.000487
-0.000487
0.042632
0.013881
-0.014856
-0.029231
-0.043619
-0.014869
-0.029256
-0.043656
0.013904
0.071440
-0.101200
-0.000487
0.057075
0.028281
0.028273
-0.058016
-0.029264
-0.043668
0.071471
-0.014875
-0.014877
0.013902
-0.000487
0.013900
0.013898
-0.014873
-0.043656
0.028294
0.013900
0.013898
-0.000487
0.028277
0.013892
-0.029248
0.013894
-0.058025
-0.000487
0.028285
-0.043650
-0.014879
0.042681
0.028281
-0.000487
-0.000487
0.028273
-0.014867
-0.000487
0.013892
-0.014867
0.013892
-0.000487
0.013890
-0.000487
-0.029244
-0.029252
-0.000487
0.013896
-0.000487
-0.000487
-0.058033
-0.000487
0.028290
0.013898
-0.014873
0.028281
0.013894
-0.043637
-0.000487
-0.014875
0.028285
0.013896
-0.014871
-0.000487
-0.000487
-0.014873
-0.014875
0.013900
-0.014875
0.013900
-0.014875
-0.000487
0.013900
-0.014875
0.013900
-0.000487
-0.000487
0.042663
-0.014869
-0.000487
0.013894
-0.014869
0.013894
0.013892
-0.000487
0.013890
-0.000487
-0.000487
0.013888
-0.000487
-0.014862
-0.000487
-0.014864
0.013890
-0.000487
-0.000487
-0.000487
-0.014864
-0.000487
-0.014867
0.013892
-0.014867
0.042644
-0.000487
-0.000487
0.100080
-0.014848
-0.029215
-0.014854
0.013879
-0.029223
-0.029231
0.013886
-0.014860
-0.029240
-0.086793
0.042675
-0.043650
0.013902
-0.029268
-0.014881
0.042687
-0.043662
0.057075
-0.000487
-0.000487
-0.014875
0.013900
0.013898
0.013896
-0.029256
-0.000487
0.013898
0.028277
-0.043637
-0.014875
-0.000487
-0.014877
-0.029273
0.013906
0.013904
0.013902
-0.014877
0.013902
0.013900
-0.043656
0.013904
-0.014879
0.028294
-0.029268
0.013904
-0.000487
-0.014879
0.013904
-0.000487
-0.043668
-0.014885
-0.000487
0.028306
0.013906
0.042681
-0.029264
-0.000487
0.013902
-0.000487
0.013900
-0.029264
-0.000487
-0.014879
0.028294
0.057050
-0.029252
0.013896
-0.000487
0.013894
-0.029252
-0.014873
0.028281
0.013894
0.013892
-0.000487
0.028265
0.013886
-0.014860
-0.014862
-0.058008
0.042656
0.028265
0.085720
0.056943
-0.014842
-0.115397
-0.043612
0.042638
-0.043612
-0.058016
-0.043656
0.042681
-0.043656
0.028294
-0.043662
0.042687
0.028285
-0.043650
0.042675
-0.000487
-0.029260
-0.000487
-0.029268
0.071450
0.013894
-0.029252
0.057034
-0.000487
-0.043625
0.042650
-0.000487
-0.029244
0.013892
-0.000487
0.057009
-0.014858
-0.000487
-0.014860
0.013886
-0.043612
-0.000487
0.028265
-0.029240
-0.000487
0.028265
-0.072383
-0.000487
-0.029260
-0.014877
-0.130086
0.057133
0.028310
0.013908
-0.014883
0.028302
-0.043675
-0.014887
0.071491
0.013902
0.028285
-0.014873
-0.058050
0.028298
0.028290
0.013898
0.028277
0.013892
-0.029248
-0.000487
-0.014871
-0.014873
-0.000487
-0.000487
-0.000487
-0.014875
0.028285
-0.014873
-0.000487
-0.000487
-0.029264
0.028290
-0.014875
0.013900
-0.000487
-0.000487
0.013898
-0.014873
-0.000487
-0.014875
-0.000487
-0.000487
0.028285
-0.014873
-0.000487
-0.000487
-0.014875
0.042669
-0.014871
-0.000487
-0.000487
-0.000487
-0.043650
0.028290
-0.014875
0.013900
-0.058050
0.028298
-0.000487
-0.000487
-0.014879
-0.000487
-0.014881
0.013906
0.013904
-0.000487
-0.014879
-0.000487
-0.014881
-0.014883
-0.014885
-0.000487
-0.000487
0.013910
-0.000487
-0.000487
-0.000487
0.013908
-0.014883
0.028302
0.013904
-0.014879
0.013904
-0.000487
-0.000487
-0.014879
-0.014881
-0.014883
-0.000487
-0.000487
0.013908
-0.000487
-0.000487
0.013906
-0.000487
-0.000487
-0.014881
0.013906
-0.000487
-0.000487
-0.000487
-0.000487
0.013904
-0.000487
-0.014879
0.013904
-0.000487
-0.000487
0.013902
0.013900
-0.000487
0.013898
-0.014873
-0.000487
-0.000487
-0.029264
0.013902
-0.000487
-0.000487
-0.029268
-0.014881
0.013906
-0.000487
-0.000487
-0.000487
-0.029277
-0.014885
0.042700
-0.000487
0.057067
0.013896
-0.014871
0.013896
-0.029256
0.013898
-0.029260
-0.014877
0.013902
0.013900
-0.000487
-0.000487
-0.014875
-0.000487
-0.029268
-0.000487
0.028294
0.013900
-0.014875
-0.014877
0.013902
0.013900
-0.000487
-0.014875
-0.000487
-0.014877
0.013902
-0.014877
-0.000487
-0.000487
-0.000487
-0.014879
0.028294
-0.014877
-0.000487
-0.000487
-0.029273
0.013906
-0.000487
0.013904
-0.000487
0.028290
-0.014875
-0.000487
0.042669
0.013894
0.013892
-0.014867
-0.029252
0.028277
-0.014869
0.028273
0.028265
0.056992
-0.014854
0.028244
0.143046
0.028195
-0.014827
-0.014829
-0.014831
0.056877
0.013849
-0.014823
-0.000487
-0.000487
0.056844
0.013840
0.042483
-0.014809
0.199827
-0.014782
0.085251
0.042354
0.142186
0.042275
-0.128830
-0.000487
-0.000487
-0.128995
-0.172088
-0.272791
0.257503
0.028137
-0.014799
-0.100724
-0.072146
0.056844
0.028166
0.056795
-0.014805
0.071079
0.071028
-0.043390
-0.000487
-0.100666
-0.000487
0.071079
-0.057737
-0.029124
-0.000487
-0.029132
0.028158
0.013832
0.056770
-0.000487
0.028129
-0.029104
0.013822
-0.029108
0.056745
-0.000487
0.028117
0.042403
-0.000487
-0.043378
0.070987
-0.014778
-0.086275
-0.014792
0.056721
0.013810
0.128093
-0.000487
-0.043329
0.042354
0.028064
0.056590
-0.057565
0.013785
-0.014760
-0.014762
-0.014764
-0.100480
0.070946
-0.071921
-0.000487
0.028092
-0.014776
-0.014778
-0.000487
-0.000487
0.028092
0.013799
-0.014774
-0.000487
-0.000487
-0.000487
-0.129160
0.013818
0.013816
-0.000487
-0.014790
0.013816
-0.000487
-0.014790
-0.000487
-0.000487
-0.000487
0.013816
-0.000487
0.013814
0.013812
-0.014786
-0.000487
-0.000487
-0.000487
0.013812
-0.000487
-0.000487
-0.000487
-0.043390
-0.000487
0.013816
-0.014790
-0.043409
-0.000487
0.013822
-0.000487
-0.014797
0.013822
-0.000487
-0.000487
0.013820
-0.000487
-0.029104
-0.000487
-0.000487
0.028129
-0.000487
0.042422
-0.014788
-0.000487
-0.000487
-0.000487
-0.000487
0.013814
-0.000487
0.013812
-0.014786
-0.000487
-0.000487
-0.043397
-0.057728
-0.000487
-0.000487
-0.014803
0.013828
-0.014803
0.028141
-0.014801
-0.029120
-0.029128
-0.014811
-0.029141
-0.029149
-0.000487
-0.000487
-0.057835
0.013853
-0.014827
0.028191
0.013849
-0.000487
-0.029161
-0.014827
-0.000487
-0.014829
-0.029178
0.028203
-0.014831
-0.000487
-0.000487
-0.014834
-0.014836
0.042551
-0.000487
0.013855
-0.029174
-0.014834
-0.014836
-0.014838
-0.029194
-0.057926
0.100008
-0.014838
-0.014840
-0.057917
-0.029215
0.071316
-0.057926
0.028236
-0.086682
-0.057992
0.028269
-0.029244
-0.029252
-0.029260
0.085806
-0.000487
0.028261
-0.014860
0.028257
0.028248
0.028240
-0.014850
0.013875
0.013873
-0.000487
-0.043575
-0.014854
-0.029227
0.028252
-0.000487
-0.043600
0.013886
-0.000487
-0.029235
0.028261
-0.057992
-0.000487
-0.000487
0.028269
-0.043625
0.028273
0.071378
0.028244
-0.029219
0.013879
0.042601
-0.043575
-0.014854
-0.057975
0.013888
0.056992
0.042601
-0.029211
-0.000487
-0.000487
0.028236
-0.014848
-0.000487
0.028232
-0.000487
-0.043569
0.056951
0.028219
0.042557
-0.014834
-0.000487
0.013859
-0.014834
0.013859
0.013857
-0.072229
0.114274
-0.215773
-0.000487
-0.144269
-0.000487
0.128925
0.085695
-0.129788
-0.043625
0.013894
END
