y[]
0.061934
0.012194
0.235628
-0.186397
0.061857
-0.124459
0.037048
-0.000235
-0.000235
-0.049950
0.049479
-0.012662
0.024615
0.086694
-0.037482
0.012182
-0.062336
-0.049943
-0.099726
-0.025123
0.024653
-0.149656
-0.037626
-0.000235
-0.012702
0.062082
-0.000235
0.062043
-0.037598
0.012220
0.037122
0.049553
-0.025127
0.012211
0.012209
0.074401
-0.000235
-0.087316
0.012209
0.037090
-0.000235
0.074373
-0.000235
-0.000235
0.024622
0.012191
0.012189
-0.074807
-0.000235
0.049485
-0.025092
-0.000235
-0.037533
-0.074872
0.049528
-0.074890
0.037099
-0.025123
0.024653
0.024646
0.049510
0.037057
-0.037528
-0.025105
0.012200
0.024631
-0.012668
0.024628
-0.025099
-0.062421
-0.050011
0.037099
-0.000235
-0.000235
0.086824
0.012195
0.061896
0.049442
0.012180
-0.161756
-0.174473
-0.124877
-0.012708
0.024708
-0.012707
0.049640
-0.075058
0.149353
0.074475
-0.025133
0.024662
-0.000235
-0.025133
-0.025139
0.086900
-0.087371
0.099341
0.024643
-0.000235
-0.000235
0.086791
-0.049956
-0.062421
0.012205
-0.025117
-0.050018
-0.037588
0.012217
-0.012688
-0.087447
0.012228
0.049603
-0.025151
-0.012696
0.037141
0.049578
0.037108
-0.025130
-0.000235
-0.000235
0.024659
0.012209
-0.112294
0.012222
0.012220
-0.012691
-0.062537
0.024690
0.037141
0.049578
0.012214
-0.012685
-0.025139
-0.000235
-0.025145
-0.050073
-0.012699
0.037150
-0.062552
0.049621
-0.012697
-0.012699
0.037150
0.049590
0.024668
0.061996
0.037085
-0.000235
0.061934
-0.037533
-0.012671
-0.012672
-0.025114
0.049516
-0.025108
-0.000235
-0.025114
-0.012677
-0.000235
0.012206
-0.012677
0.124112
-0.037523
-0.012668
-0.049980
0.024640
-0.025111
-0.000235
0.012203
-0.000235
0.024637
0.037062
-0.000235
-0.037533
0.012199
0.049485
-0.025092
-0.025099
-0.025105
0.037066
-0.012668
0.037057
0.012192
-0.062390
0.012199
-0.000235
-0.000235
0.012197
-0.000235
-0.000235
-0.000235
-0.012668
-0.049980
0.012203
-0.000235
0.024637
-0.025108
-0.025114
0.012205
-0.000235
-0.012676
0.012205
-0.000235
-0.000235
-0.000235
-0.000235
0.024640
-0.012672
0.024637
-0.012671
-0.012672
-0.000235
-0.012674
-0.012676
-0.000235
0.012205
-0.000235
-0.012676
-0.050011
0.024656
-0.012680
-0.000235
-0.012682
-0.012683
0.024659
-0.012682
-0.000235
-0.012683
0.024659
0.012209
-0.000235
-0.012680
0.012209
0.012208
0.012206
-0.037565
0.012209
-0.000235
0.024649
-0.012677
0.012206
-0.000235
0.012205
0.061942
-0.049974
-0.000235
-0.049999
-0.000235
0.012208
-0.000235
-0.025123
-0.000235
0.049534
-0.012676
-0.050011
-0.012683
-0.000235
-0.025136
0.049559
0.061973
0.024637
-0.037547
-0.012676
0.024643
0.024637
-0.012671
-0.025111
-0.037560
-0.025127
0.061981
-0.012676
-0.050011
-0.012683
0.024659
-0.037579
0.061996
-0.050018
0.037104
0.012208
0.024646
-0.000235
0.012203
-0.012674
-0.000235
0.012203
0.012202
-0.012672
-0.025114
0.012205
-0.000235
-0.012676
0.012205
0.012203
-0.000235
-0.025114
-0.012677
0.012206
-0.025120
0.024649
-0.025120
0.012208
-0.025123
-0.000235
0.012209
-0.062475
0.024665
-0.037588
0.049565
-0.000235
0.037099
0.012206
-0.012677
-0.012679
-0.025127
0.049541
0.024643
0.024637
0.012199
-0.012669
-0.000235
0.037062
0.086737
0.111476
-0.012642
-0.012643
-0.062297
-0.000235
-0.062336
-0.012660
-0.012662
0.049460
0.024603
0.012182
-0.049913
-0.087230
-0.099750
0.012209
0.099267
0.024625
-0.037528
-0.049980
0.086802
0.086727
-0.000235
-0.012654
-0.037500
0.012188
-0.012659
-0.000235
0.024609
0.049436
-0.012651
0.024594
0.012177
0.012175
-0.025059
0.012177
-0.000235
0.049399
-0.000235
0.012169
-0.000235
-0.012640
0.148519
-0.049796
0.012157
-0.000235
-0.012628
0.049325
-0.025012
0.012154
-0.025016
-0.037417
-0.000235
-0.012632
-0.049839
0.036969
-0.012635
-0.025040
-0.062274
-0.149285
-0.012666
0.012195
0.037048
-0.049950
0.049479
0.012189
-0.012660
-0.062382
-0.025105
-0.074881
0.049534
-0.000235
0.012203
0.061934
0.037048
0.049454
-0.074779
-0.025096
-0.037537
-0.000235
-0.000235
0.012200
-0.000235
0.024631
-0.012668
0.024628
-0.000235
-0.099726
0.024646
0.012203
0.024637
-0.000235
0.012199
-0.012669
-0.000235
-0.012671
-0.025111
-0.025117
-0.074918
-0.000235
-0.000235
0.012216
-0.025139
-0.000235
-0.037602
0.012222
0.024674
-0.012689
-0.000235
0.012219
-0.012689
-0.037607
0.024680
-0.037612
0.049596
0.012219
0.012217
-0.012688
-0.012689
0.012219
0.012217
0.049559
0.012209
-0.000235
-0.000235
-0.000235
-0.000235
-0.012680
0.012209
0.061965
0.049497
-0.037533
-0.000235
-0.000235
-0.000235
-0.000235
-0.012671
-0.000235
-0.012672
-0.025114
-0.012677
0.024646
-0.025117
-0.000235
-0.000235
0.024646
-0.012676
0.024643
-0.000235
-0.000235
-0.000235
0.024637
-0.012671
-0.012672
-0.000235
-0.012674
-0.012676
0.012205
-0.000235
-0.012676
0.012205
-0.124706
-0.050067
0.086954
-0.012686
0.049559
-0.050030
0.049559
-0.025130
-0.000235
-0.012685
-0.000235
-0.025139
0.049565
-0.000235
0.024656
0.024649
-0.000235
-0.012677
-0.050018
-0.012685
-0.012686
-0.012688
0.037117
0.012212
0.086856
0.037066
0.024625
0.012192
0.049460
-0.037505
0.037034
-0.000235
0.024603
-0.037496
-0.012659
0.049448
-0.000235
-0.025074
-0.000235
0.012185
-0.037500
-0.000235
0.012188
-0.000235
-0.049937
-0.112155
-0.050018
-0.037588
0.062012
-0.062483
-0.099911
-0.000235
0.062074
0.037131
-0.000235
-0.000235
-0.037602
0.049584
-0.012688
-0.012689
-0.037607
0.012223
0.024677
0.086911
-0.012680
-0.000235
-0.012682
-0.025133
0.037108
-0.050030
0.024665
-0.037588
0.062012
-0.025130
-0.062498
-0.025151
-0.037621
0.024690
0.037141
-0.075002
0.024693
-0.025164
0.062074
0.024677
-0.037607
-0.012696
0.037141
0.049578
-0.012686
-0.025142
-0.050067
0.037141
0.099366
-0.137213
0.024684
0.074484
-0.012685
0.086878
-0.025117
-0.137196
0.049590
-0.112378
-0.100023
-0.037682
-0.000235
-0.100160
-0.062739
-0.050267
-0.000235
-0.062810
-0.012755
0.074858
0.062300
-0.000235
-0.112827
0.037309
-0.000235
-0.012749
0.137325
0.099690
0.024730
-0.025201
0.049690
-0.000235
-0.025195
0.037201
0.136913
-0.025158
-0.050098
-0.012705
-0.012707
-0.025182
-0.087599
0.024733
-0.012719
0.012248
-0.012719
0.099590
0.149316
0.024668
-0.062506
-0.000235
-0.025154
-0.075030
-0.012707
-0.025182
0.049652
-0.050123
0.074587
0.049615
-0.037621
0.012228
-0.025164
0.062074
-0.000235
-0.050080
-0.025167
0.074540
-0.025154
-0.025161
-0.000235
-0.050105
0.037169
-0.000235
0.024693
-0.025164
0.049615
0.037136
-0.037607
-0.050086
0.024693
-0.025164
0.024693
-0.062568
0.037169
-0.050111
-0.025182
-0.000235
0.024712
0.012236
-0.025179
-0.000235
0.012237
-0.000235
0.024705
-0.025176
0.037173
0.012231
-0.012702
0.062082
-0.012696
-0.012697
0.012226
-0.012697
-0.012699
-0.000235
-0.012700
-0.000235
-0.025170
0.012233
-0.000235
0.024696
-0.037635
0.024699
-0.037640
0.049634
0.024690
0.012225
0.136725
-0.050018
-0.000235
0.024659
0.012209
-0.062475
-0.000235
0.024665
-0.000235
-0.037588
0.049565
0.124158
-0.037537
0.049497
-0.000235
0.012194
-0.000235
-0.062397
0.012200
0.012199
-0.012669
-0.000235
-0.025108
0.024637
0.012199
-0.000235
0.012197
-0.037537
-0.037551
-0.012677
0.024646
0.037076
-0.000235
-0.012671
0.024634
-0.000235
-0.000235
0.012197
0.061903
0.136334
-0.111960
0.024603
0.024597
0.012178
0.049405
-0.037463
-0.025062
-0.012651
-0.000235
END
