y[]
-0.093668
-0.000663
0.025918
-0.013953
-0.013955
-0.053848
0.012635
0.012634
-0.013960
0.012634
0.012632
-0.080461
-0.040586
-0.120527
-0.000663
-0.053982
0.065981
0.025982
0.052606
-0.080578
-0.053975
0.025996
0.025989
0.052620
-0.027302
0.039291
0.079198
0.012641
-0.013967
-0.013969
-0.027280
-0.067237
0.039286
0.012650
0.065875
-0.040581
-0.040597
-0.160557
-0.027337
-0.120783
0.039393
-0.040719
-0.040735
0.026053
-0.040741
0.012698
0.039409
0.012691
-0.054089
-0.040751
-0.107644
-0.014044
0.052848
0.012710
-0.080931
-0.094390
-0.040859
-0.000663
0.012737
0.106475
-0.014049
-0.000663
0.052870
-0.040810
-0.014049
-0.067620
0.079680
-0.081006
0.026125
0.052891
0.012721
-0.014047
0.039484
0.066213
-0.014035
0.173029
-0.014014
-0.094165
0.012699
-0.080866
-0.040789
-0.040805
0.012719
-0.000663
-0.000663
-0.000663
0.012717
0.012716
-0.000663
-0.000663
-0.000663
-0.014042
-0.014044
-0.000663
-0.014046
0.012719
-0.000663
-0.014046
-0.000663
-0.000663
-0.014047
0.012721
-0.027433
-0.014051
-0.000663
-0.027444
-0.000663
0.012728
-0.000663
0.012726
-0.014053
0.012726
-0.000663
0.012724
-0.000663
0.026107
-0.014047
-0.014049
-0.000663
-0.000663
0.012723
-0.014049
0.012723
-0.014049
-0.014051
0.012724
-0.000663
-0.014051
-0.027444
0.026118
-0.027444
0.026118
0.039495
-0.014047
0.012721
-0.027433
0.026107
-0.000663
-0.000663
0.039479
-0.014042
0.012716
-0.000663
-0.014042
-0.040810
-0.014049
0.012723
-0.000663
0.012721
-0.000663
0.012719
0.026096
-0.000663
-0.000663
-0.040805
-0.027433
-0.000663
-0.014051
0.012724
0.012723
0.012721
-0.014047
0.026103
-0.000663
-0.000663
0.012717
-0.027426
0.026100
0.039468
0.012710
-0.027412
-0.014040
-0.000663
0.012714
0.026085
-0.027412
-0.000663
0.039457
-0.040784
0.026085
0.052813
-0.000663
0.052784
-0.067477
-0.027401
-0.067539
0.026093
0.026085
-0.014037
-0.000663
-0.054175
-0.027430
0.012721
0.026100
0.039468
0.039452
0.052798
0.066124
-0.040730
-0.000663
0.039403
-0.014017
-0.027376
-0.014022
-0.000663
-0.040751
0.026064
0.026057
-0.000663
0.026050
-0.014019
0.012692
0.066088
-0.014010
0.012683
0.026025
-0.014006
-0.027355
0.012683
-0.040709
0.026035
-0.000663
-0.014012
0.012685
-0.014012
-0.000663
-0.027366
-0.027373
-0.000663
-0.014021
-0.027383
0.039414
-0.014021
-0.014022
0.039409
-0.014019
0.026046
0.026039
-0.014014
0.026035
-0.027362
-0.014015
-0.027373
0.026046
0.026039
-0.000663
-0.000663
-0.014014
0.039382
0.012682
0.106032
-0.027326
-0.013998
0.012671
-0.027334
0.039339
-0.027330
0.105961
0.185656
-0.027259
0.012635
0.079092
-0.040533
0.025918
0.025911
-0.000663
-0.067113
-0.013959
0.092366
0.012620
-0.027231
0.025904
0.039175
-0.120225
0.012628
0.052486
-0.000663
-0.080398
-0.067157
-0.013967
0.025943
-0.067192
0.012646
-0.000663
0.012644
-0.053904
0.039270
0.012644
0.012643
0.079135
-0.000663
0.025922
-0.013955
0.025918
-0.000663
0.052479
0.012618
-0.040512
-0.000663
-0.013950
-0.013951
0.012625
0.039191
-0.027231
0.039185
-0.093668
0.118898
-0.173409
0.052521
0.025918
0.065760
0.025894
0.039159
-0.013936
-0.000663
-0.027213
0.052429
-0.000663
0.039138
0.012600
0.012598
0.012597
-0.040448
0.025862
-0.040454
0.039127
-0.000663
0.012597
-0.000663
-0.000663
-0.040448
-0.013929
-0.040470
0.039143
-0.027199
-0.040480
-0.000663
0.025883
-0.013936
0.025880
-0.000663
0.012605
-0.013932
-0.000663
-0.000663
-0.013934
0.012607
-0.000663
-0.013934
0.012607
-0.000663
0.012605
-0.000663
-0.000663
-0.013932
-0.027206
0.012609
0.012607
-0.000663
0.039138
-0.053735
0.012607
0.012605
-0.027203
-0.000663
-0.027210
0.025883
-0.000663
-0.013936
-0.000663
0.025880
-0.013934
-0.013936
0.012609
-0.000663
0.039143
-0.027199
0.012605
-0.000663
0.118676
-0.000663
0.012588
0.012586
-0.013913
0.025834
-0.000663
0.012583
0.025823
-0.013906
0.025820
-0.000663
-0.000663
-0.000663
-0.013904
0.012577
0.012576
-0.000663
-0.013902
-0.000663
0.025813
-0.013900
-0.013902
0.012576
-0.000663
0.091960
-0.027118
0.012565
-0.013892
-0.013893
0.012567
-0.027125
0.012569
0.012567
-0.013893
0.012567
-0.027125
-0.000663
-0.013897
-0.000663
0.012570
-0.000663
-0.027132
-0.013900
0.012574
0.025806
-0.027132
-0.013900
-0.013902
-0.013904
0.012577
-0.000663
0.012576
-0.013902
-0.000663
0.012576
-0.000663
-0.027143
-0.013906
-0.013907
0.012581
-0.013907
-0.066910
0.039090
-0.040417
0.012590
-0.013916
0.025841
-0.013914
0.012588
0.012586
-0.000663
0.012584
0.012583
-0.013909
-0.040412
-0.000663
-0.040427
0.012593
-0.000663
0.025844
-0.027171
0.039096
-0.000663
-0.027167
0.012590
-0.027171
0.012591
-0.053693
0.052366
0.052338
-0.027160
-0.027167
-0.013918
-0.000663
-0.000663
0.012591
-0.027174
-0.000663
-0.000663
-0.013921
-0.013923
0.012597
-0.013923
-0.000663
-0.000663
-0.040454
0.012602
0.025862
-0.000663
-0.000663
-0.000663
0.025855
0.025848
0.039090
-0.080186
0.012595
-0.000663
-0.027181
0.025855
-0.000663
0.012593
0.012591
0.025841
-0.040422
-0.040438
-0.053721
0.118676
0.105297
0.025809
-0.040375
-0.106638
0.065584
0.065540
-0.040380
0.039053
-0.000663
0.025806
-0.013897
0.091935
-0.000663
-0.013886
-0.040343
0.052240
-0.013886
0.052219
0.025767
0.012549
-0.013876
-0.013878
0.025764
-0.000663
-0.027090
-0.000663
-0.040317
-0.000663
-0.000663
0.038990
-0.013879
0.038980
-0.013876
-0.013878
-0.040317
0.038990
-0.013879
-0.000663
0.012553
0.025764
0.025757
-0.000663
0.025750
-0.027076
0.025750
-0.013869
-0.027080
0.025753
-0.000663
-0.000663
-0.000663
-0.000663
-0.013871
0.025750
-0.013869
0.025746
-0.027073
-0.040291
-0.027090
0.025764
-0.013876
-0.000663
-0.027094
0.012553
-0.066762
-0.000663
-0.013888
-0.040348
0.012567
0.012565
0.025788
-0.013888
0.012562
-0.013888
-0.013890
0.012563
-0.013890
-0.013892
0.025792
-0.013890
-0.000663
-0.000663
-0.000663
0.012563
-0.000663
-0.013890
0.025788
-0.000663
-0.000663
-0.000663
-0.000663
0.012560
-0.013886
-0.000663
-0.000663
-0.000663
-0.000663
-0.000663
-0.000663
-0.013888
-0.000663
0.012562
-0.013888
-0.000663
0.012562
-0.053573
0.012567
0.012565
-0.000663
0.012563
-0.013890
-0.013892
-0.000663
0.025792
0.012562
0.012560
-0.000663
-0.027111
0.025785
-0.000663
0.012558
-0.013885
0.038996
-0.000663
0.012553
-0.000663
-0.000663
-0.027097
0.012555
0.012553
0.012551
-0.013878
-0.000663
0.012551
-0.013878
-0.013879
-0.027101
-0.013885
0.012558
-0.000663
0.012556
-0.027104
0.012558
0.012556
-0.000663
-0.000663
0.012555
-0.000663
0.012553
-0.000663
-0.013879
-0.013881
0.025771
-0.013879
0.012553
-0.000663
-0.013879
-0.000663
0.012553
-0.013879
-0.000663
-0.013881
-0.000663
-0.000663
0.025771
-0.013879
-0.053545
0.025781
-0.000663
-0.000663
-0.000663
-0.000663
-0.000663
-0.000663
-0.000663
-0.000663
0.025774
-0.027101
-0.040333
0.012562
-0.000663
-0.027115
0.025788
0.012560
0.012558
0.025774
-0.040322
0.012558
0.012556
-0.000663
-0.000663
-0.013883
0.025774
-0.013881
0.025771
-0.000663
-0.000663
-0.027097
-0.000663
0.012555
0.012553
-0.000663
-0.000663
-0.013879
0.012553
0.025764
-0.000663
0.012548
-0.013874
-0.000663
-0.013876
-0.027094
-0.000663
-0.013881
-0.000663
-0.013883
0.025774
0.025767
0.012549
-0.027090
0.012551
0.012549
-0.000663
-0.000663
-0.027090
0.012551
-0.013878
-0.013879
-0.013881
-0.000663
0.012555
0.012553
END
