y[]
0.041088
0.041072
0.108618
0.014002
-0.013012
0.027508
-0.053537
0.027515
0.068013
-0.026506
-0.013008
0.081489
0.054455
0.067904
0.000495
0.013972
0.027442
0.000495
0.027435
-0.039917
0.054375
-0.026441
-0.026448
0.000495
-0.039933
0.000495
-0.012984
0.013975
-0.012984
-0.026470
0.000495
0.013979
0.027457
0.000495
-0.053435
-0.026481
0.000495
-0.012995
0.000495
0.040962
0.013981
0.000495
-0.026477
0.013982
-0.039971
0.027475
0.027468
0.013979
-0.080433
-0.080498
-0.040026
-0.026528
0.041028
0.014002
-0.148183
0.081620
-0.053581
0.041055
-0.067113
-0.175501
-0.026609
0.027599
0.054681
-0.040141
-0.013054
0.014045
-0.013054
-0.026609
0.014048
0.000495
0.014046
-0.026609
-0.013059
-0.040180
-0.013067
0.014057
0.054725
-0.013059
0.000495
0.014050
0.000495
0.000495
0.027599
0.014045
0.014043
0.000495
0.000495
-0.026601
0.027592
0.027585
-0.013048
0.014039
-0.013048
0.027581
0.000495
0.000495
0.014035
0.014034
-0.013043
-0.013045
0.000495
-0.040136
0.014041
-0.053698
-0.013058
0.014048
-0.013058
0.014048
-0.013058
0.000495
0.000495
0.000495
0.000495
0.000495
0.000495
0.000495
0.014048
0.000495
0.027596
0.014043
-0.026601
0.000495
0.000495
0.014045
0.000495
0.000495
0.000495
0.000495
-0.013054
0.000495
0.014045
0.014043
0.000495
-0.013052
0.000495
-0.026605
-0.013058
0.014048
-0.013058
0.014048
-0.013058
0.041149
-0.013054
-0.013056
-0.013058
0.014048
-0.026612
-0.013061
0.000495
-0.040185
0.000495
0.027618
0.014054
0.014052
-0.013061
0.027607
0.000495
0.027599
0.014045
-0.094388
0.000495
0.014056
0.000495
0.000495
0.014054
0.027607
-0.013059
0.000495
-0.026620
-0.013065
-0.026631
0.041182
-0.013065
-0.026631
-0.013070
0.027625
-0.053771
0.054762
-0.013069
0.027621
0.014056
-0.040191
0.014059
0.000495
0.000495
0.014057
-0.026631
-0.013070
-0.013072
0.014063
0.000495
0.000495
0.014061
-0.013070
0.027625
-0.013069
0.014059
-0.013069
-0.013070
0.000495
-0.013072
-0.053793
0.041215
0.000495
0.014065
0.014063
-0.040213
0.027636
0.000495
0.027629
-0.040207
0.014065
0.027629
0.000495
-0.040207
-0.026649
-0.040235
0.041226
0.027640
-0.026649
0.014068
0.000495
0.000495
-0.026653
0.041215
0.014065
0.014063
0.000495
0.054747
0.041165
0.000495
-0.026616
0.014052
0.068251
-0.013052
-0.026605
0.027596
0.122356
-0.229810
-0.067343
-0.013078
-0.053816
-0.067435
-0.067481
0.217857
-0.080960
0.217562
-0.094413
-0.040207
0.081884
0.027610
0.000495
0.081796
-0.053698
-0.053727
0.163075
0.122257
0.027533
0.068058
-0.040037
-0.040053
-0.026546
-0.080673
-0.094285
-0.026601
0.041138
-0.026598
-0.026605
0.014046
0.081763
0.000495
-0.053676
0.054667
0.000495
0.000495
0.000495
0.081697
0.000495
-0.040097
0.027559
0.027552
-0.040092
-0.067187
-0.053683
0.054674
0.000495
-0.148566
0.014056
0.054718
-0.053727
0.095366
0.000495
-0.040152
-0.013058
-0.053735
0.027614
0.000495
0.000495
-0.148748
-0.026664
0.014076
0.014074
0.027647
0.000495
-0.040235
-0.013085
0.122654
0.122504
0.000495
0.054674
0.014035
0.000495
0.014034
0.000495
0.000495
0.014032
0.027563
0.000495
0.000495
-0.013037
0.000495
0.014028
0.014026
-0.013036
0.014026
0.000495
-0.013036
0.000495
-0.013037
-0.013039
0.041094
0.000495
0.000495
0.041077
0.000495
0.014019
0.014017
-0.026550
-0.013030
-0.013032
0.000495
0.014023
0.000495
-0.013032
0.027548
0.000495
0.041061
0.027530
-0.053581
0.027537
-0.013025
0.041050
-0.040059
0.041050
0.000495
-0.040059
-0.013026
0.000495
0.041055
0.014012
0.014010
0.000495
0.014008
-0.040048
0.041039
0.014006
0.000495
0.000495
0.054520
0.000495
-0.026513
0.027504
-0.013008
-0.040026
-0.013015
0.027515
0.000495
0.014002
-0.013012
0.014002
-0.026521
0.041017
0.000495
-0.013010
-0.013012
0.041011
0.000495
-0.013008
0.013999
-0.026513
0.027504
0.000495
-0.013008
0.000495
0.000495
-0.026517
0.027508
0.013999
0.000495
0.000495
0.000495
0.040995
0.000495
0.013992
-0.039999
0.013995
0.000495
-0.013004
-0.026510
0.013999
0.027497
-0.013004
0.000495
0.013995
0.027490
0.040973
-0.093978
-0.013008
-0.053537
0.000495
0.068031
-0.040021
-0.013014
0.014004
-0.013014
-0.013015
-0.013017
-0.013019
0.027522
-0.026532
-0.013021
0.000495
-0.013023
0.014013
-0.013023
-0.026546
0.068086
-0.013019
0.041033
0.000495
-0.013015
0.014006
0.000495
-0.013015
0.014006
-0.040042
0.014010
-0.013019
-0.013021
0.027526
0.000495
0.000495
0.014008
0.014006
0.000495
-0.013015
-0.040048
-0.013023
0.014013
0.000495
0.000495
0.027526
-0.040053
-0.040070
-0.026557
-0.013034
0.068122
0.014015
-0.026546
-0.040081
-0.013034
0.000495
0.041077
-0.026557
0.027548
0.041061
-0.013025
-0.013026
-0.026554
0.014021
-0.080684
0.014030
-0.013039
-0.053661
0.108779
-0.148425
0.027588
-0.107920
-0.148769
0.014074
0.190403
-0.040169
0.068260
0.095289
0.081675
0.027541
0.041050
-0.053581
-0.013028
-0.067150
0.014028
0.000495
0.027555
0.081631
0.014012
0.014010
-0.134731
0.054608
-0.080684
0.000495
0.014030
0.014028
0.000495
0.054608
0.000495
-0.040086
0.095160
0.000495
-0.013023
0.000495
0.014013
-0.040064
-0.121283
0.041105
0.027559
0.014024
0.000495
0.000495
-0.026565
0.108691
-0.026543
-0.094195
-0.013039
-0.121398
-0.067287
-0.080905
0.014067
-0.162482
0.041265
0.068407
-0.013083
-0.013085
0.041231
0.027643
-0.067389
0.014076
-0.013085
0.014076
0.081940
-0.026645
0.027636
-0.026645
0.081895
-0.013067
-0.040202
-0.026645
-0.013078
0.014068
0.000495
0.027636
-0.013074
0.014065
0.027629
0.068297
0.014050
-0.013059
0.000495
-0.053742
-0.040202
0.041193
0.014057
-0.013067
0.000495
0.000495
-0.013069
0.027621
-0.013067
0.000495
-0.026634
-0.013072
0.027629
0.041182
-0.013065
-0.026631
-0.026638
0.014063
0.054747
-0.026627
0.000495
0.014057
0.014056
0.014054
0.014052
-0.026620
0.027610
0.027603
0.054689
-0.013050
0.014041
0.027581
0.014035
-0.067223
0.027588
0.014039
-0.013048
-0.013050
0.014041
0.000495
-0.013050
-0.026601
-0.026609
0.027599
0.014045
0.027588
0.000495
0.000495
0.000495
0.027581
0.027574
-0.013043
0.000495
-0.026587
-0.013048
0.000495
0.000495
0.000495
0.000495
-0.013050
-0.013052
0.000495
0.014043
-0.013052
0.000495
0.000495
0.014043
0.041127
0.014035
-0.013045
0.014035
-0.013045
-0.013047
0.000495
-0.026594
0.027585
0.000495
-0.013048
0.041121
0.000495
0.000495
0.000495
-0.026587
0.014037
0.014035
-0.013045
-0.026590
0.014039
0.027577
0.000495
0.000495
-0.013045
0.014035
-0.013045
-0.067232
0.027592
0.027585
-0.053690
0.014045
0.014043
0.054667
-0.026587
-0.013048
0.014039
-0.026594
-0.053705
0.014048
-0.107979
-0.121679
0.068389
-0.013080
-0.080993
0.000495
-0.067463
-0.013102
-0.149195
0.095779
0.054902
-0.040307
-0.040324
0.000495
-0.053956
-0.013122
-0.108511
-0.013139
0.027762
0.014126
-0.026767
0.095883
-0.013126
-0.026753
-0.013131
0.000495
0.041370
0.041353
0.000495
0.014111
0.027721
-0.013117
-0.026734
0.054947
0.041314
-0.026716
-0.013113
-0.081193
0.082184
0.068518
0.014094
-0.053912
0.027703
0.014096
0.000495
0.000495
0.068472
0.054843
0.054814
0.027643
-0.040230
-0.040246
0.054814
0.000495
-0.080993
0.041248
0.000495
0.204009
0.000495
-0.053735
-0.243904
0.149921
0.041209
-0.108112
END
