y[]
-0.029632
-0.002276
-0.043324
0.161816
0.216095
0.120349
0.011340
-0.056749
-0.138590
-0.015917
-0.166120
-0.111655
-0.084389
-0.235296
0.175965
0.011422
0.107239
-0.344906
-0.125910
0.135087
-0.070933
-0.057236
0.189953
-0.043436
0.066316
-0.125775
-0.167179
-0.029786
-0.098621
-0.126285
0.011511
0.121717
0.011492
-0.167610
0.107978
0.039038
-0.016045
-0.153864
-0.016068
-0.098874
0.149480
-0.071227
0.163128
-0.071160
-0.057418
0.259379
0.066467
0.066420
-0.029748
0.025197
0.244638
0.134636
-0.029643
-0.043340
-0.098159
0.079916
0.175575
0.079703
0.079636
0.134094
-0.138645
-0.002276
-0.097845
0.229664
0.093073
-0.124883
0.093099
-0.056764
-0.056794
0.120349
0.065784
-0.029494
0.079357
-0.002276
0.079291
0.092801
0.038444
0.011294
0.011292
-0.015843
0.011292
0.051976
-0.029398
-0.015839
-0.015841
-0.015843
-0.029416
-0.002276
-0.015849
-0.015851
-0.002276
-0.002276
-0.002276
-0.015852
0.011301
-0.015852
-0.002276
-0.002276
-0.002276
-0.015854
0.011303
-0.015854
0.011303
-0.002276
-0.015854
-0.015856
0.038460
-0.015852
-0.002276
0.011301
-0.002276
-0.029431
0.038455
-0.015851
-0.002276
0.011299
-0.002276
-0.002276
-0.002276
-0.015851
0.024873
0.038433
-0.015843
0.024858
-0.002276
0.038411
0.011283
0.024836
-0.015830
0.024832
-0.029383
-0.002276
-0.002276
0.024832
0.024825
-0.002276
0.024817
-0.015821
-0.015823
0.011272
0.011270
-0.002276
-0.015821
-0.002276
-0.015823
-0.002276
-0.002276
-0.015825
-0.015827
-0.002276
-0.002276
0.011276
-0.002276
-0.002276
0.011274
0.011272
-0.015823
0.011272
0.024814
-0.029365
-0.029372
-0.029379
0.024828
-0.002276
-0.029379
0.024828
0.038367
0.038350
0.011263
0.011261
0.105950
-0.029321
-0.002276
-0.015801
-0.083466
0.024795
-0.002276
-0.002276
-0.002276
0.011257
-0.029343
-0.056432
0.051881
0.024792
-0.015808
-0.015810
0.024792
-0.015808
-0.015810
-0.056432
0.065416
-0.002276
-0.029346
-0.002276
-0.002276
0.011261
0.038323
-0.015806
0.011255
0.024781
-0.015803
0.051822
-0.015797
0.011246
-0.015797
-0.015799
0.011248
-0.002276
0.011246
-0.029321
0.011248
-0.015799
0.024770
-0.002276
-0.015797
-0.015799
-0.015801
-0.029332
-0.002276
0.011254
-0.015805
-0.015806
-0.002276
0.024784
0.024777
0.011248
-0.042852
0.011252
-0.015803
0.038301
-0.042852
-0.015805
-0.015806
-0.015808
0.011257
0.038312
-0.029332
0.011254
0.024777
-0.042857
-0.029339
-0.029346
-0.015814
-0.002276
0.065397
-0.029339
0.038317
0.024777
0.038290
0.051786
-0.178082
0.092428
-0.151135
-0.110677
0.051940
-0.110735
0.065526
-0.029391
0.133226
0.011265
-0.110647
0.024828
-0.178583
0.106258
-0.015836
-0.042967
-0.015843
0.051984
0.133244
0.011266
0.038339
-0.002276
-0.056432
0.024806
0.092453
-0.042863
0.105920
0.092300
-0.042797
0.011233
0.024737
-0.002276
-0.096851
0.051779
-0.083368
0.065306
-0.164547
-0.097056
0.092505
0.051844
0.011250
0.038290
-0.124021
-0.002276
0.011259
0.065370
-0.069921
0.092415
-0.015797
-0.002276
-0.137594
0.105994
-0.015803
0.105891
-0.042824
0.092313
0.051735
-0.015775
-0.029281
0.038229
-0.015775
0.011224
0.038213
-0.015770
0.011219
0.065169
-0.002276
0.065124
0.024671
-0.110107
-0.056235
0.038197
-0.096736
-0.015777
-0.029284
0.011230
-0.002276
0.038229
0.011222
0.024715
-0.002276
-0.177844
-0.015794
0.011243
-0.002276
-0.029314
0.011244
-0.042841
-0.029328
0.024777
-0.015801
-0.015803
0.011252
0.024773
-0.002276
-0.015799
0.051808
-0.015794
0.011243
-0.002276
-0.002276
-0.015794
0.038273
-0.056344
-0.002276
0.038279
-0.015792
-0.015794
0.038273
-0.015790
0.011239
0.011237
-0.015788
0.024748
-0.015786
-0.002276
-0.002276
0.065260
-0.042791
-0.029295
-0.002276
0.038251
-0.029292
-0.002276
-0.042813
-0.015792
-0.015794
-0.002276
0.024759
0.011239
-0.002276
-0.002276
-0.056344
-0.002276
-0.015797
0.011246
0.011244
-0.015795
0.011244
-0.029317
-0.002276
-0.015799
-0.002276
-0.002276
0.011248
-0.015799
0.038290
-0.002276
-0.002276
-0.015795
0.011244
0.011243
-0.002276
-0.002276
-0.002276
-0.015794
0.011243
0.011241
0.051771
-0.015784
-0.029299
0.024748
-0.002276
-0.015786
-0.002276
-0.002276
-0.042819
-0.029314
-0.002276
-0.002276
0.038279
0.011239
-0.015790
-0.015792
0.011241
-0.002276
-0.002276
-0.015792
-0.042835
0.011246
0.011244
0.011243
-0.056359
0.038290
-0.002276
0.038273
-0.015790
0.038262
-0.056330
-0.002276
-0.002276
-0.015794
-0.002276
-0.002276
-0.015795
0.011244
-0.002276
-0.002276
-0.056366
0.011250
-0.002276
0.024770
-0.015797
0.011246
-0.002276
-0.029321
-0.015801
0.051815
-0.042841
-0.042857
-0.029339
0.038317
0.024777
-0.042857
0.038306
-0.015801
0.051815
-0.002276
0.011243
-0.042835
0.051800
-0.015792
0.051779
-0.002276
-0.002276
0.024741
0.038235
0.051713
-0.002276
-0.002276
-0.029266
0.011221
0.024711
0.105599
-0.015754
0.011202
0.051618
-0.015746
-0.015748
0.024668
-0.015746
-0.002276
0.011195
-0.029219
-0.015750
-0.029230
-0.096672
-0.029262
0.159537
-0.096634
-0.137228
0.078718
0.038197
0.051662
-0.015757
-0.029244
0.051655
0.105498
0.051568
-0.069584
0.011190
-0.029208
0.091956
0.011179
-0.029186
-0.083051
0.078500
0.011181
-0.069575
-0.069620
0.051604
-0.110063
0.065105
0.105440
-0.029193
-0.002276
-0.136974
0.092032
-0.029212
-0.029219
0.132368
-0.029190
0.024639
0.024631
0.038071
0.091804
-0.042585
-0.015715
0.024603
-0.015714
0.051466
0.064861
-0.042552
0.038001
-0.029125
-0.015703
-0.002276
-0.002276
0.051423
-0.029121
-0.055988
0.024585
-0.015705
-0.056010
-0.002276
0.051459
-0.002276
0.064852
-0.015697
-0.002276
-0.042552
-0.042568
-0.042585
-0.029157
0.011166
-0.096406
0.011177
-0.083018
0.051560
0.038082
-0.002276
-0.002276
0.011173
-0.002276
-0.002276
-0.015725
-0.029179
-0.042644
0.078446
0.011172
0.011170
0.011168
0.011166
-0.002276
-0.002276
0.024603
0.064888
-0.042568
0.024588
0.038006
-0.002276
-0.002276
-0.015701
-0.029132
-0.015706
0.011155
-0.015706
0.051437
-0.029128
-0.002276
-0.002276
0.024577
-0.042558
-0.002276
-0.002276
-0.029139
0.011157
0.011155
-0.002276
-0.015706
0.011155
-0.002276
-0.002276
-0.002276
-0.002276
-0.002276
-0.002276
-0.056010
-0.002276
0.011161
-0.002276
-0.002276
0.038023
0.011154
-0.029136
-0.029143
-0.056032
0.024606
-0.015715
-0.015717
-0.015719
0.024610
-0.002276
-0.015717
0.011166
-0.002276
-0.015717
0.024606
-0.015715
0.011164
0.011163
-0.029154
0.024603
-0.015714
-0.002276
-0.015715
-0.015717
0.011166
-0.002276
0.024603
0.011161
-0.002276
-0.002276
-0.015712
-0.002276
0.011161
-0.015712
-0.002276
0.011161
-0.015712
0.024595
-0.029146
-0.015714
0.024599
-0.015712
-0.002276
0.011161
-0.015712
0.011161
-0.015712
0.011161
-0.015712
-0.002276
0.011161
-0.015712
0.011161
-0.002276
-0.029150
0.011163
-0.029154
-0.002276
0.011164
-0.002276
-0.002276
-0.015715
-0.002276
-0.002276
0.011164
-0.029157
0.011166
0.011164
0.024599
-0.029150
-0.002276
-0.002276
-0.002276
-0.002276
-0.015715
-0.002276
-0.002276
-0.002276
-0.015717
-0.002276
-0.002276
-0.015719
0.011168
-0.015719
-0.002276
-0.002276
0.011168
-0.002276
-0.015719
0.038050
0.011163
-0.002276
-0.015714
0.011163
0.024595
-0.002276
-0.015710
-0.002276
-0.002276
0.011159
0.011157
-0.015708
-0.002276
-0.015710
-0.015712
-0.015714
-0.002276
-0.015715
-0.042606
-0.029172
-0.002276
-0.002276
-0.029179
-0.029186
0.038088
0.024624
END
