y[]
-0.053873
0.027519
-0.013180
-0.013182
-0.026755
0.013957
-0.013185
0.041094
-0.013182
-0.013184
0.013955
-0.040328
0.013959
0.000386
-0.013187
0.013959
0.000386
-0.013187
0.000386
0.000386
0.000386
-0.026766
-0.026773
-0.013196
0.000386
-0.013198
0.000386
0.041133
0.000386
0.000386
0.013965
-0.053940
0.013970
-0.013198
-0.026788
-0.026795
-0.026803
-0.013211
0.027578
-0.013209
0.041166
-0.013206
-0.026803
0.013981
0.000386
0.027571
-0.013206
-0.013208
0.000386
-0.013209
0.013981
0.054749
-0.013202
-0.026795
0.027567
-0.013204
0.013976
-0.013204
-0.026799
0.000386
0.027571
0.000386
0.000386
0.027564
-0.013202
0.013974
-0.013202
0.013974
-0.026792
0.013976
-0.040389
-0.013209
0.000386
0.027575
-0.013208
0.013979
0.054741
-0.026788
-0.026795
0.000386
-0.040400
-0.040417
0.041188
0.013983
0.013981
-0.081213
0.013990
0.000386
-0.013219
0.000386
-0.013220
0.054800
-0.013215
-0.040428
0.068399
-0.026814
-0.026821
0.013990
0.041188
0.027578
-0.026806
0.041172
-0.094807
-0.013220
0.027597
0.109155
-0.026795
0.000386
-0.040400
0.000386
0.041172
0.027567
-0.053984
-0.013211
-0.040417
-0.040433
-0.081302
-0.040483
0.041255
0.054852
0.013998
0.000386
0.013996
-0.013224
0.027604
0.109185
-0.013208
-0.013209
-0.013211
-0.040417
-0.054043
0.054815
-0.013219
0.041194
0.013985
0.013983
0.013981
-0.013209
0.013981
-0.067609
0.041188
0.000386
0.109111
-0.067553
0.013977
0.000386
-0.026799
0.000386
0.041161
-0.026795
-0.013208
0.000386
-0.026806
0.000386
0.013983
-0.026810
0.041177
0.000386
0.027571
-0.013206
-0.026803
0.013981
0.013979
-0.013208
-0.040405
0.027582
0.013981
-0.026806
-0.067627
0.068399
0.095527
-0.081158
-0.122055
-0.013228
0.054830
0.000386
-0.013222
0.000386
0.000386
0.013994
0.000386
0.013992
-0.013220
0.013992
0.000386
-0.013220
0.000386
-0.026832
0.000386
-0.054073
0.014003
0.000386
0.000386
0.014002
0.027612
0.000386
0.013996
0.000386
0.013994
-0.013222
-0.013224
0.013996
0.013994
-0.013222
0.013994
0.000386
-0.013222
0.013994
0.013992
-0.013220
0.000386
0.013992
-0.013220
-0.054058
-0.013230
0.027615
-0.013228
0.014000
-0.026843
-0.013232
0.027619
0.000386
-0.013230
0.014002
0.000386
0.000386
0.014000
0.027608
-0.040450
0.000386
0.027612
0.054815
0.000386
-0.013219
0.013990
0.000386
0.000386
0.013989
0.000386
0.000386
0.000386
0.000386
0.000386
0.013987
0.013985
0.000386
-0.013213
0.013985
-0.013213
0.000386
0.000386
-0.026818
0.013989
0.000386
0.000386
0.000386
-0.013217
0.000386
0.027589
0.000386
-0.026818
0.013989
-0.013217
0.000386
0.013989
-0.026821
0.000386
0.054793
-0.013213
0.000386
-0.026818
0.000386
-0.040433
-0.013224
0.000386
0.000386
0.000386
0.013996
0.000386
0.027601
0.000386
0.041194
-0.026818
-0.040433
-0.013224
0.013996
0.041205
-0.026825
0.027597
0.000386
-0.026825
0.041199
0.000386
0.013987
-0.026818
0.027589
0.027582
0.000386
0.000386
0.013981
0.041161
0.013974
0.000386
0.081874
0.000386
0.027534
0.000386
0.013957
-0.013185
-0.026762
0.013961
-0.013189
0.013961
0.000386
0.000386
0.000386
0.000386
0.000386
0.013959
-0.013187
0.027530
0.013955
-0.053903
0.000386
-0.013191
0.013963
-0.026770
0.013965
0.000386
-0.040356
-0.026784
-0.013202
-0.013204
-0.053991
-0.026814
0.000386
0.000386
0.054778
-0.135650
0.027608
0.027601
0.000386
0.054793
-0.054021
-0.013220
-0.013222
0.082007
-0.040417
-0.026825
0.041199
0.013987
-0.176569
0.000386
0.054867
0.000386
0.027615
0.013998
0.041211
-0.026829
0.013994
0.013992
-0.013220
0.013992
0.013990
0.041188
0.027578
-0.013209
0.000386
0.000386
0.000386
-0.013211
-0.026814
0.013987
0.000386
0.027582
0.000386
0.013981
0.041161
0.013974
0.000386
-0.013202
-0.026795
0.027567
0.000386
-0.026795
-0.053999
0.041177
-0.122038
-0.094936
0.095708
-0.013226
-0.040461
0.014003
-0.013232
0.014003
0.041227
0.013996
-0.040450
0.041222
0.000386
0.013994
-0.026832
-0.026840
0.000386
-0.054088
0.014007
0.000386
-0.026858
-0.054125
-0.040517
-0.067822
0.027675
-0.081503
-0.040584
0.000386
0.123244
-0.013258
0.000386
0.000386
0.000386
0.109482
-0.013245
0.000386
0.000386
-0.013246
0.014018
0.000386
0.000386
0.000386
-0.013246
-0.013248
0.027652
-0.026881
-0.013250
-0.026892
0.014026
-0.013254
0.014026
0.014024
0.041288
0.027645
-0.054140
-0.040528
-0.013256
-0.026903
-0.040561
0.014037
0.000386
0.000386
0.014035
0.000386
-0.013263
0.000386
0.000386
-0.054229
0.014042
0.041344
-0.013265
0.054979
-0.013259
0.014031
0.000386
0.041311
0.000386
0.000386
0.014024
0.000386
0.014022
-0.013250
0.014022
0.014020
0.014018
0.014016
-0.026877
0.000386
0.000386
0.014018
-0.026881
-0.013250
0.000386
0.000386
0.041288
0.000386
0.000386
-0.013246
0.000386
0.000386
0.014018
0.000386
0.000386
0.000386
0.014016
0.000386
-0.013245
-0.013246
0.000386
-0.013248
0.027652
0.027645
0.000386
0.000386
-0.026873
0.000386
0.000386
-0.013246
0.014018
0.014016
-0.013245
0.000386
0.000386
0.000386
-0.013246
0.000386
-0.013248
0.000386
-0.026888
-0.054184
0.000386
0.041316
0.041300
-0.040528
0.014026
0.000386
-0.013254
-0.013256
0.000386
-0.026903
-0.040561
0.014037
0.014035
0.014033
0.000386
0.027675
-0.013258
0.014029
0.041305
0.014022
0.000386
-0.013250
-0.026892
0.000386
0.014026
0.000386
0.000386
0.014024
0.000386
0.000386
0.014022
0.000386
0.014020
0.000386
0.000386
0.000386
0.014018
0.000386
0.014016
0.000386
-0.013245
0.000386
0.014016
0.000386
-0.013245
0.014016
-0.040511
0.014020
0.027649
-0.013245
-0.013246
0.014018
0.014016
-0.013245
0.014016
-0.040511
0.014020
-0.013248
0.014020
-0.013248
0.014020
0.014018
-0.026881
0.027652
-0.013246
-0.026884
0.014022
-0.013250
0.014022
-0.013250
0.027656
0.014018
0.000386
-0.013246
0.000386
0.014018
-0.013246
0.027649
-0.013245
-0.013246
0.000386
0.000386
0.000386
0.014018
-0.013246
0.000386
0.000386
-0.013248
0.014020
-0.013248
0.000386
-0.013250
0.000386
0.000386
0.014022
0.000386
-0.013250
0.027656
-0.013248
0.041283
-0.026877
0.000386
0.014018
-0.013246
0.000386
0.014018
-0.013246
0.000386
0.000386
0.014018
-0.013246
0.014018
0.014016
0.000386
0.014015
0.150178
0.000386
-0.013222
0.013994
-0.013222
-0.013224
0.013996
-0.026836
0.013998
0.041211
0.095579
0.013977
0.000386
0.000386
0.136200
-0.026762
0.013961
-0.013189
0.013961
0.000386
-0.013189
-0.040350
0.000386
0.013966
0.000386
0.013965
0.013963
0.013961
0.000386
0.000386
0.000386
0.000386
0.000386
-0.026766
0.013963
-0.013191
0.013963
-0.013191
0.000386
-0.013193
0.027541
0.000386
0.013961
0.000386
-0.013189
0.013961
0.000386
0.000386
0.013959
-0.013187
0.013959
0.013957
-0.013185
-0.013187
-0.013189
0.013961
-0.013189
0.013961
-0.026766
0.000386
-0.026773
0.000386
-0.013196
-0.013198
0.000386
0.000386
0.000386
0.027552
0.013966
-0.026777
-0.026784
0.027556
0.027549
-0.053947
0.013972
0.000386
-0.026788
0.000386
0.013974
-0.026792
-0.013206
0.000386
-0.026803
-0.013211
0.013983
0.013981
0.013979
0.013977
0.041150
-0.081158
-0.040411
0.027586
0.013983
0.000386
0.000386
0.013981
0.000386
0.000386
-0.026806
-0.026814
0.000386
-0.026821
-0.026829
0.054808
0.027586
0.013983
-0.026810
END
