y[]
0.011144
-0.014371
-0.027133
0.011148
-0.014374
-0.014376
-0.027143
0.011152
-0.001613
-0.001613
-0.014379
0.011152
-0.001613
0.011151
-0.001613
0.023910
-0.027136
-0.027143
0.011152
-0.014379
-0.014381
0.011154
-0.001613
-0.001613
-0.001613
0.011152
0.011151
-0.027143
-0.001613
-0.014381
0.011154
-0.014381
-0.027153
-0.001613
-0.014385
0.011159
-0.001613
-0.001613
-0.001613
0.011157
-0.001613
-0.001613
-0.001613
-0.001613
-0.001613
0.011156
0.011154
0.011152
-0.001613
-0.001613
-0.001613
-0.001613
-0.001613
0.011151
-0.014377
-0.014379
0.011152
-0.014379
0.011152
-0.001613
0.011151
0.011149
-0.001613
-0.001613
-0.027140
-0.014379
-0.001613
0.011152
-0.001613
0.062191
0.036650
0.011138
-0.052627
0.011143
-0.001613
-0.001613
-0.001613
-0.014369
-0.001613
-0.001613
0.049401
-0.014364
-0.001613
0.100350
0.011125
0.011123
-0.039827
-0.027097
-0.014358
0.023874
0.023868
-0.027094
-0.027101
0.036616
-0.001613
-0.014354
-0.027101
0.011131
-0.027104
-0.014361
-0.014363
0.011136
-0.014363
0.011136
-0.001613
-0.027114
0.011138
-0.001613
0.011136
-0.014363
-0.027117
-0.001613
-0.001613
0.036640
0.011135
0.011133
-0.001613
-0.001613
0.011131
-0.014358
0.023874
-0.001613
-0.014356
-0.001613
0.011130
0.011128
0.049336
-0.014348
-0.001613
0.011122
-0.014348
0.011122
0.011120
0.023848
-0.052543
-0.014350
0.011123
-0.039827
-0.001613
-0.001613
-0.001613
0.036601
-0.052569
0.036606
0.062053
-0.014343
-0.001613
-0.039813
-0.027088
-0.001613
-0.039837
-0.014358
-0.001613
0.113029
0.074742
-0.027058
0.036552
0.049252
-0.052478
0.036538
-0.065206
0.125532
-0.014320
-0.014322
0.049213
-0.014317
-0.065158
0.036518
-0.014322
0.011096
0.011094
-0.027029
0.036509
-0.027026
0.011094
-0.014320
0.036504
0.036489
-0.027013
0.023787
-0.001613
-0.039716
0.049187
-0.027010
-0.027016
-0.001613
-0.039730
-0.039745
0.049226
-0.027029
0.023803
-0.014320
0.023800
-0.001613
-0.014319
0.023797
-0.039730
-0.001613
-0.014322
0.011096
-0.014322
-0.001613
-0.001613
-0.014324
-0.014325
-0.001613
-0.027042
0.036528
0.011097
-0.001613
0.011096
-0.001613
-0.039745
-0.027042
0.011102
0.011101
0.023809
0.023803
0.023797
0.011089
-0.027020
-0.001613
0.011091
-0.014317
0.023793
0.011088
-0.001613
0.011086
-0.014312
0.011086
-0.014312
-0.001613
0.023784
-0.014311
0.011084
-0.027010
0.011086
-0.001613
-0.001613
-0.014312
-0.001613
0.011086
0.011084
-0.014311
0.036475
-0.014308
-0.001613
-0.001613
-0.001613
-0.001613
-0.014309
-0.001613
-0.001613
-0.001613
-0.001613
-0.014311
0.011084
-0.001613
-0.014311
-0.001613
0.011084
-0.014311
0.011084
-0.001613
-0.001613
-0.001613
-0.001613
0.011083
-0.001613
-0.014309
-0.001613
0.011083
-0.001613
0.011081
-0.001613
-0.001613
-0.001613
-0.001613
-0.001613
-0.014308
-0.001613
-0.001613
-0.001613
-0.001613
0.011081
-0.001613
-0.001613
0.011080
-0.027000
0.011081
-0.001613
0.011080
-0.014306
-0.001613
-0.001613
-0.001613
-0.001613
-0.001613
-0.001613
-0.001613
-0.001613
0.011080
0.023768
0.011075
-0.001613
-0.014301
0.011075
0.011073
-0.014300
-0.001613
0.023758
-0.026984
0.023758
-0.001613
0.011070
-0.026981
0.011072
-0.052362
0.011076
0.011075
-0.001613
0.036441
-0.014296
0.011070
-0.014296
-0.001613
0.011070
-0.014296
0.036431
-0.001613
0.074432
-0.026955
-0.014287
-0.001613
-0.001613
0.049071
-0.039624
-0.039638
-0.039653
-0.001613
-0.014296
0.011070
-0.001613
-0.026981
0.011072
-0.001613
-0.001613
-0.014298
0.049116
-0.014293
0.011067
0.011065
-0.014291
-0.014293
-0.026978
-0.026984
0.011073
0.023755
-0.026981
-0.001613
-0.014300
0.023758
-0.026984
-0.001613
-0.001613
-0.014301
-0.001613
-0.039687
-0.027004
0.036470
0.036455
-0.014301
-0.001613
0.011075
-0.014301
-0.001613
0.036446
0.011070
0.011068
-0.001613
-0.001613
-0.052349
0.023758
-0.026984
0.011073
0.061794
0.074423
-0.052297
-0.001613
-0.026965
0.011063
0.011062
-0.001613
0.023732
-0.039634
0.011062
-0.001613
0.023732
-0.014285
-0.052317
0.061762
0.061722
-0.039610
0.049045
-0.026939
0.023713
0.011047
-0.039600
0.023713
0.011047
0.036359
0.061642
-0.014261
-0.026914
0.011038
-0.001613
0.011036
-0.001613
-0.026914
-0.026920
0.011041
0.011039
0.011038
-0.001613
-0.001613
0.023684
-0.014261
0.048968
0.011028
-0.026898
0.011030
0.011028
-0.039542
0.011031
0.023671
-0.014255
-0.014256
-0.001613
-0.001613
-0.001613
-0.014258
0.023674
-0.014256
0.011030
-0.001613
0.011028
0.011027
-0.001613
0.023662
0.036287
-0.014245
0.023649
-0.014243
-0.001613
-0.001613
-0.001613
0.011017
-0.014243
-0.001613
-0.014245
-0.001613
-0.026882
-0.001613
-0.001613
0.011022
-0.026885
-0.014251
-0.026894
-0.014256
0.023671
-0.014255
-0.001613
-0.001613
-0.014256
0.011030
-0.001613
-0.001613
0.011028
-0.014255
-0.001613
-0.014256
0.011030
-0.001613
-0.001613
-0.026901
-0.014259
0.011033
-0.001613
-0.001613
-0.001613
0.011031
-0.001613
-0.014258
-0.001613
-0.014259
0.011033
-0.001613
-0.014259
-0.001613
-0.001613
-0.014261
0.036325
-0.001613
-0.001613
-0.026904
0.011033
-0.014259
0.011033
-0.001613
0.011031
-0.014258
-0.001613
-0.001613
-0.026907
-0.001613
-0.014263
-0.026917
-0.026923
0.023697
-0.001613
-0.001613
0.011039
-0.014266
0.011039
-0.014266
-0.014267
-0.001613
-0.001613
0.011041
-0.001613
-0.001613
-0.001613
-0.001613
0.011039
-0.001613
-0.001613
-0.001613
0.011038
0.011036
-0.001613
-0.001613
-0.001613
0.011035
-0.014261
-0.014263
0.011036
-0.026914
-0.014266
-0.001613
0.011039
-0.001613
-0.001613
-0.014266
0.011039
-0.014266
-0.001613
-0.001613
0.023690
-0.026917
0.011039
-0.001613
0.011038
-0.014264
-0.001613
-0.014266
-0.001613
-0.001613
-0.001613
0.011039
-0.001613
-0.014266
-0.026923
-0.001613
0.011043
0.011041
-0.026923
-0.014271
0.011044
0.023697
0.036340
-0.001613
-0.026914
0.011038
-0.014264
-0.039576
-0.077582
-0.026949
0.011055
0.023719
-0.001613
0.011051
-0.001613
-0.001613
0.011049
0.023706
-0.014272
-0.014274
-0.014275
0.011049
-0.014275
-0.001613
0.023710
-0.026936
0.023710
-0.001613
0.011046
-0.026933
0.023706
0.011044
-0.014271
-0.001613
0.061658
-0.001613
-0.039571
-0.001613
0.011041
0.011039
0.023687
0.023681
-0.014259
-0.001613
-0.001613
-0.001613
-0.001613
0.061602
-0.001613
-0.001613
-0.026894
-0.026901
-0.026907
-0.064876
-0.026930
0.023703
0.011043
-0.052246
0.011047
-0.001613
0.036359
-0.014269
0.023697
-0.039581
-0.001613
-0.026933
0.049020
0.048994
0.023681
0.011031
0.061586
-0.039528
-0.001613
0.023665
-0.026891
0.048937
0.061538
-0.026869
-0.052144
-0.001613
0.023655
0.074154
-0.014237
0.011011
0.011009
-0.026859
-0.001613
0.011011
0.023630
-0.001613
-0.001613
-0.001613
-0.014234
-0.014235
0.011009
-0.014235
-0.001613
0.011009
-0.001613
-0.014235
-0.001613
0.011009
-0.001613
0.011007
-0.014234
0.023627
0.036235
0.036220
-0.026834
0.023607
-0.052061
0.036225
-0.052067
-0.001613
-0.001613
-0.178403
0.023662
0.011022
0.048911
0.036263
0.074097
-0.026843
-0.014231
0.099282
0.023595
0.036187
0.010984
-0.001613
0.010982
-0.026805
-0.014212
0.036177
0.036163
-0.039389
-0.001613
-0.077209
-0.014218
-0.026828
0.023601
-0.014220
-0.001613
0.010993
-0.001613
-0.001613
-0.001613
0.010992
-0.026824
0.023598
-0.052042
0.010996
-0.001613
-0.014223
-0.001613
0.010996
-0.001613
-0.001613
-0.001613
-0.001613
-0.001613
-0.001613
-0.001613
0.010995
END
