y[]
-0.017566
0.006294
-0.017572
0.018228
-0.005640
-0.077283
-0.005651
-0.005652
0.018241
0.006294
0.042126
-0.017592
0.006294
0.018238
-0.125167
0.078022
-0.005657
0.054090
0.066006
0.030169
0.006294
0.018230
-0.065339
0.030178
-0.053425
-0.029554
-0.017612
0.006294
0.042152
0.018244
0.030189
-0.041501
0.018245
-0.005657
0.042143
0.042130
0.006294
-0.005650
0.042122
-0.005647
-0.005648
0.018237
-0.005648
-0.005650
0.018238
-0.005650
0.030181
0.006294
0.006294
-0.005648
0.018237
-0.005648
0.030178
0.006294
0.006294
0.006294
-0.005647
0.018235
0.006294
-0.005647
0.018235
0.018234
0.006294
-0.005645
-0.005647
0.018235
-0.005647
0.006294
-0.005648
-0.005650
0.018238
0.089861
0.006294
0.006294
0.006294
0.006294
0.006294
0.054016
-0.005634
0.030149
0.053987
-0.005627
0.006294
-0.005628
0.018217
-0.005628
-0.017555
-0.041421
-0.029507
0.042096
0.006294
0.006294
0.006294
0.018225
0.018224
-0.005635
-0.017569
-0.005640
0.018228
-0.005640
-0.005641
0.018230
-0.017578
0.018231
-0.053404
0.018237
-0.005648
-0.029542
0.018241
-0.029550
0.018244
0.018242
-0.017603
-0.005657
0.018245
0.006294
0.006294
0.006294
-0.017609
-0.041530
0.030209
0.018250
-0.005661
0.006294
0.006294
-0.005662
-0.041547
-0.017635
0.030223
0.006294
0.042177
0.006294
0.018252
-0.005664
-0.041553
-0.209301
0.054244
0.054221
0.018272
0.006294
0.018271
0.030243
0.102034
0.006294
-0.053532
0.078082
-0.005667
0.054130
-0.029580
-0.077463
0.006294
0.030232
0.054153
-0.041564
0.006294
-0.017644
0.030232
-0.173379
0.018282
0.066214
-0.017669
-0.041650
0.018282
0.018281
0.030264
-0.005690
-0.017678
0.030266
0.006294
0.030261
0.006294
-0.005688
0.054216
0.078133
-0.005675
-0.005677
-0.029627
0.006294
0.042216
0.006294
0.078099
0.042177
0.018252
-0.041547
-0.017635
-0.017641
-0.029619
0.018267
0.066135
-0.005671
0.006294
-0.029610
-0.017649
0.054175
0.018261
-0.017641
-0.065545
0.006294
0.042220
-0.041610
-0.017666
0.030255
0.018272
-0.005684
0.030249
0.018270
0.018268
-0.053590
0.054204
-0.029636
0.042225
-0.113524
0.006294
0.030269
-0.029671
-0.185737
-0.101885
0.018320
-0.089952
0.030365
-0.065934
0.198787
0.066372
-0.053784
-0.065847
0.090454
-0.077866
-0.089975
-0.114173
-0.041933
-0.114377
0.151082
-0.017822
0.042467
-0.114333
-0.005777
-0.066161
-0.017869
0.054615
-0.066196
-0.017881
0.115036
-0.017860
0.054598
-0.017855
-0.042021
0.078758
0.078706
0.066597
0.042458
-0.041928
0.054516
0.018346
0.054487
-0.017799
0.102633
-0.017782
-0.005746
-0.041881
-0.017802
0.162817
0.066430
-0.041812
0.126515
0.282256
0.233689
-0.113323
0.090041
-0.137315
-0.065588
0.030261
-0.221619
-0.005716
-0.234206
-0.053921
0.126689
-0.017773
-0.005742
0.078488
0.066416
-0.065856
0.078444
0.102413
0.066322
-0.306244
-0.162401
-0.029892
0.030420
-0.017831
-0.041974
0.042498
0.042485
0.006294
0.042471
-0.054008
0.042480
0.030411
0.006294
0.042458
-0.005759
0.018348
-0.017814
0.006294
0.018349
0.018348
-0.017814
0.018349
0.006294
-0.005761
0.018349
0.018348
0.018346
0.006294
0.006294
0.030394
0.006294
-0.017805
0.018345
0.030391
0.006294
0.006294
0.018340
-0.005752
0.030385
-0.005750
0.006294
0.018339
-0.017796
0.006294
-0.005753
-0.005755
0.006294
0.042437
-0.005752
0.042428
-0.053936
-0.029861
0.030399
0.030394
-0.017805
0.018345
-0.053972
-0.017822
0.042467
0.030402
0.006294
-0.005759
0.006294
-0.017817
-0.005763
0.042463
-0.017817
0.042458
0.006294
0.030396
0.018343
0.042432
0.030379
-0.017791
0.018337
0.006294
0.030376
-0.005746
0.018334
-0.017788
-0.005749
-0.005750
0.054464
0.018333
0.030367
-0.053900
0.006294
-0.053936
0.030391
-0.017802
-0.017808
-0.005759
0.018348
0.006294
-0.017814
0.006294
-0.029879
-0.029892
-0.017837
0.006294
-0.066135
-0.102447
0.066721
0.054609
0.066655
-0.078221
0.030449
-0.029940
0.054603
-0.005781
-0.114537
0.066728
0.078767
0.006294
-0.054096
0.018375
-0.054125
0.006294
-0.078354
0.042581
-0.005800
0.030481
-0.078385
0.006294
-0.042126
0.042612
-0.139055
-0.042202
-0.042226
0.079066
-0.066477
-0.066530
-0.042285
-0.054463
-0.078828
0.115723
0.067036
0.054861
0.018432
0.030566
-0.030116
-0.042273
0.030581
-0.005848
0.042717
-0.005845
0.018434
-0.090864
0.006294
-0.018010
0.030599
0.042740
0.030584
-0.030142
-0.103095
0.018454
0.030610
0.054909
-0.005857
0.079181
0.066992
-0.005842
-0.005844
-0.090864
0.006294
0.042740
0.042726
0.188256
-0.042197
0.127477
-0.090640
-0.054338
0.066926
-0.054338
-0.042238
-0.030120
-0.005847
-0.066583
0.067029
0.164033
-0.187881
-0.005854
-0.078786
-0.115375
-0.018057
0.091499
-0.200758
-0.030289
-0.005903
0.189098
-0.018060
0.115843
0.067103
-0.103188
-0.054581
-0.078994
-0.042474
0.067251
0.103748
-0.091160
0.067214
-0.005887
-0.018072
0.115897
-0.042403
0.042819
-0.054589
-0.042439
-0.140047
0.103879
0.006294
-0.005899
-0.127926
-0.054774
-0.079265
-0.018165
-0.018171
0.079671
0.152886
0.103903
-0.079108
0.042904
-0.042522
0.140481
-0.042480
-0.005903
-0.127975
-0.005921
-0.054804
0.091822
-0.164834
-0.091625
0.006294
-0.067208
0.067550
-0.054962
0.030801
0.043043
-0.005954
-0.042713
0.018548
0.140991
0.030765
-0.103872
-0.067217
-0.190001
-0.165781
-0.092167
-0.067616
-0.191066
0.105023
0.055622
-0.030699
0.006294
-0.030713
-0.018385
-0.006048
-0.006049
0.006294
0.092666
-0.030713
0.043302
-0.006040
-0.006042
0.030964
-0.018376
-0.018382
0.030970
0.030964
0.006294
-0.018376
0.018630
0.006294
0.018628
0.018627
0.006294
0.030955
0.006294
0.018622
-0.006034
0.006294
0.018622
-0.018364
0.018624
0.030949
0.006294
0.006294
0.030943
-0.006029
0.018618
-0.018355
0.030943
-0.018355
0.006294
-0.043022
-0.006039
0.006294
0.018627
0.043283
-0.512802
0.068233
-0.142423
0.130241
0.018680
-0.006092
0.006294
-0.092851
-0.142608
-0.093097
-0.105639
0.080930
0.031161
-0.018572
0.056021
0.068418
0.080791
0.043522
0.093105
0.055867
-0.018489
-0.030892
-0.018504
0.080671
-0.068083
0.018694
0.043485
-0.018498
-0.055714
-0.006112
0.006294
0.006294
-0.006113
-0.006115
0.031111
-0.006113
0.068317
0.006294
-0.006107
-0.018514
-0.030929
0.043517
-0.018520
-0.093023
0.105611
0.031108
0.055904
0.031090
-0.006103
0.043480
0.006294
0.031077
0.055842
-0.030864
0.031068
-0.018480
0.092976
-0.068000
0.068210
0.130011
0.006294
0.166897
-0.018397
-0.179086
0.129919
-0.043137
0.043370
0.105096
-0.043095
-0.067835
0.129812
0.030979
-0.006048
-0.080142
-0.018415
0.092751
0.068004
-0.006045
0.092634
-0.043034
-0.030718
0.018633
0.067966
-0.006037
0.006294
0.018625
-0.092398
-0.104851
0.006294
0.055707
-0.030763
0.006294
-0.104961
-0.080323
0.142374
-0.105030
0.031044
0.055775
-0.006074
0.031028
-0.080302
-0.030841
0.105292
-0.043192
0.043411
0.117563
-0.030782
-0.043162
-0.055560
0.031041
-0.105113
-0.068046
0.006294
0.018688
0.080625
0.006294
-0.006090
0.092955
0.006294
-0.030837
-0.043235
0.006294
0.006294
-0.006092
-0.229336
-0.267236
0.267407
0.055953
-0.117899
0.130487
0.055928
0.303582
-0.204193
-0.130140
0.117936
-0.167425
-0.130411
-0.317573
0.155902
-0.093419
0.031232
-0.081015
-0.118565
-0.344144
0.206695
-0.156501
0.106507
-0.181688
-0.094107
0.257110
-0.043819
0.206595
0.118787
0.193502
-0.218397
END
