y[]
-0.081889
-0.015766
-0.015768
0.010699
-0.055479
-0.002534
-0.002534
-0.121763
-0.015791
0.023977
0.103440
-0.042262
-0.015780
-0.015782
-0.095317
-0.002534
-0.161791
0.156722
-0.068861
-0.015805
0.010736
0.010734
0.156554
-0.068790
0.037224
-0.068808
-0.095391
-0.029081
-0.015810
0.010741
0.063818
-0.015801
-0.042346
0.103595
-0.015794
-0.042325
0.063774
-0.015793
-0.055585
0.037256
-0.068861
0.063792
-0.068861
-0.055627
0.024015
-0.055641
0.077115
0.010734
-0.122017
-0.162066
-0.095712
-0.015853
-0.122478
0.024132
-0.002534
0.104061
0.064030
-0.055782
-0.082460
-0.042521
0.077423
-0.029180
0.037431
0.117266
0.010768
-0.042447
0.063977
-0.042436
-0.029144
0.010771
-0.015840
-0.095725
-0.015854
-0.149172
-0.015876
0.037484
0.144064
0.077338
0.170304
-0.015819
-0.095576
0.183463
0.063809
-0.214990
0.010757
0.223154
0.103496
-0.055536
-0.002534
0.076957
-0.161580
0.077020
-0.174982
0.077094
0.103538
0.050460
0.103370
-0.095194
-0.042272
-0.015784
0.037209
-0.015780
-0.002534
0.063678
0.023938
-0.015770
0.023935
-0.055479
-0.121763
0.090212
-0.068773
-0.015787
0.063713
-0.121811
0.023984
0.103468
0.037188
-0.015773
0.142997
-0.055430
0.037140
-0.042209
-0.068694
0.063625
0.023917
0.129618
0.023875
-0.068571
-0.002534
-0.015747
-0.028965
0.050320
0.023882
-0.015742
0.023879
0.076663
0.102965
-0.015716
-0.121244
-0.015733
0.010664
0.023858
0.050229
0.063381
-0.002534
0.023820
0.023813
0.063303
0.050104
-0.028850
0.010624
0.023778
-0.042005
0.102687
-0.041979
0.036911
0.023754
0.076289
-0.041938
-0.015672
-0.002534
-0.015674
-0.002534
0.023743
-0.015672
-0.015674
-0.002534
-0.028819
-0.002534
-0.002534
0.023750
0.010605
-0.002534
-0.028816
-0.028822
-0.041979
-0.015686
-0.002534
-0.107811
-0.028871
-0.002534
-0.015705
-0.028881
-0.002534
-0.028888
0.023820
0.036984
0.010635
-0.068397
-0.015712
-0.002534
0.010643
0.036989
-0.042057
-0.028892
-0.068458
-0.002534
0.076569
-0.042078
0.050187
-0.028892
0.102854
-0.028871
0.076455
-0.055187
-0.107922
-0.055270
-0.028913
0.050215
-0.028906
0.063381
-0.094828
-0.028920
0.037041
-0.028916
-0.015728
-0.042125
-0.015735
-0.015737
-0.002534
0.023868
-0.002534
0.010664
-0.002534
0.023858
-0.002534
-0.002534
-0.081732
0.010670
-0.015738
-0.055368
0.037093
-0.028951
-0.055388
0.063529
-0.002534
-0.028954
-0.002534
-0.015747
0.023889
-0.002534
0.023882
0.023875
-0.028944
-0.055375
-0.015749
-0.028968
0.010684
-0.108326
0.050376
-0.042214
0.050369
-0.121606
0.010703
-0.015771
-0.068746
0.129846
0.103244
0.089930
-0.055361
0.129479
-0.002534
0.116129
0.142307
-0.081513
0.010633
0.010631
-0.042037
-0.028878
0.076475
0.023788
-0.002534
-0.015695
0.102701
0.023757
-0.055124
-0.015686
-0.055159
-0.015695
-0.055194
0.089601
0.115801
0.036880
0.128734
-0.002534
-0.028774
0.036823
0.063027
0.036782
0.193814
-0.015612
-0.028695
-0.028702
-0.028709
0.049808
0.102068
0.101959
-0.067830
0.062761
0.010520
-0.133151
0.062795
-0.067864
-0.015605
-0.080996
0.049781
0.023613
-0.185709
-0.015631
0.062932
-0.054904
0.036746
-0.107315
0.089155
-0.041819
-0.002534
0.049842
0.075979
0.049774
-0.094091
0.049794
-0.041778
-0.002534
-0.081068
0.180616
-0.054829
0.167323
0.036622
-0.028637
0.062710
-0.041676
0.062693
-0.028620
0.088736
-0.041640
0.062633
0.062591
0.023504
-0.002534
-0.028573
0.075560
-0.015546
-0.015548
0.062515
0.049474
0.088416
0.062380
-0.028495
-0.015517
0.036409
-0.002534
-0.015514
0.049373
0.010438
-0.015507
-0.015509
-0.015510
-0.054455
-0.002534
-0.054482
-0.028519
0.010459
-0.002534
-0.028522
-0.067533
0.088452
0.140276
0.075277
0.023389
-0.002534
-0.002534
-0.054388
0.114099
-0.041397
0.023376
-0.041402
0.010423
0.010422
0.062220
-0.067289
-0.054368
0.049299
0.023372
-0.002534
0.139833
-0.002534
0.049185
0.049159
-0.080084
-0.054267
0.075055
-0.041322
0.075025
0.074965
-0.015447
0.126515
-0.041232
0.049059
-0.015430
0.023255
-0.002534
-0.002534
0.023249
-0.002534
-0.041212
-0.067030
0.010368
-0.002534
-0.002534
-0.002534
-0.015437
0.010368
-0.015437
-0.002534
0.010368
-0.054154
-0.015443
-0.002534
0.023282
-0.054174
0.036198
-0.028354
-0.002534
-0.002534
0.010376
-0.015445
-0.015447
0.023289
-0.015445
0.010376
0.010375
0.023279
-0.015440
-0.002534
-0.015442
-0.002534
-0.015443
-0.028357
-0.002534
-0.015448
0.010380
-0.015448
0.023292
-0.002534
-0.002534
-0.015447
0.023289
-0.002534
-0.028357
0.010378
-0.002534
-0.015447
-0.002534
-0.015448
-0.015450
0.010381
0.010380
-0.002534
-0.002534
0.010378
-0.002534
0.010376
-0.015445
-0.002534
0.010376
-0.015445
0.010376
0.010375
0.010373
-0.002534
-0.002534
-0.015442
0.010373
-0.002534
-0.002534
-0.015442
-0.015443
-0.015445
0.010376
0.010375
0.061986
0.023262
0.087701
0.048992
0.048966
-0.041157
0.048959
-0.028278
-0.066922
-0.002534
-0.131434
-0.028334
-0.092886
0.036198
0.023279
-0.002534
-0.015440
-0.002534
-0.002534
-0.028351
-0.067105
-0.067146
-0.002534
0.113737
-0.054194
-0.041297
-0.080104
0.087958
-0.002534
0.010386
0.049132
0.010378
-0.105880
-0.054247
-0.015467
-0.002534
-0.015468
-0.015470
-0.041352
0.010406
-0.028418
0.062161
0.010400
-0.002534
0.010398
-0.041337
0.075055
-0.067188
-0.002534
0.036263
0.036248
-0.028388
-0.028394
-0.015467
-0.002534
0.023329
-0.041332
0.023332
0.010396
-0.015465
0.075025
-0.002534
0.010386
-0.015455
0.036223
0.023295
-0.015448
-0.080054
-0.002534
0.010390
0.010388
0.023305
0.010383
0.049119
-0.067105
-0.041297
0.010388
0.049139
-0.015450
0.010381
0.074925
-0.015440
-0.080004
0.113647
0.113512
-0.054094
-0.041222
-0.002534
-0.002534
-0.015433
-0.028337
-0.144571
-0.054234
0.165392
0.165110
0.010350
-0.092758
-0.105747
-0.080014
0.203944
-0.002534
-0.002534
-0.041217
-0.054134
0.036168
0.049045
-0.002534
-0.054114
0.177878
0.036083
-0.015405
-0.066913
0.074716
-0.028278
-0.002534
-0.041162
-0.041177
-0.015418
-0.028308
-0.092793
-0.118701
0.010380
0.023289
-0.157573
-0.054267
-0.041352
-0.002534
0.075085
-0.002534
0.036253
-0.067188
-0.093120
-0.145049
-0.067381
0.075277
0.088169
-0.145105
-0.002534
-0.093367
0.101267
-0.002534
-0.080376
-0.054462
0.049393
-0.106417
0.114326
0.049360
-0.067406
0.101240
0.049313
-0.002534
-0.015494
-0.080325
-0.002534
-0.067406
-0.054462
-0.041498
-0.171552
0.062506
-0.067575
0.153492
0.101348
-0.028495
0.023426
-0.028495
-0.002534
-0.015517
-0.041493
-0.002534
-0.015524
-0.002534
-0.002534
-0.028519
0.127319
-0.002534
0.023416
-0.002534
-0.002534
-0.015509
0.010440
-0.015509
0.010440
0.023409
-0.015505
0.049340
-0.028468
-0.002534
-0.054422
-0.015510
0.010442
-0.067431
0.010448
0.023426
-0.041478
0.062363
-0.015510
-0.054455
0.010448
-0.028502
0.010450
-0.041493
0.010454
-0.028512
-0.067507
0.010464
0.023457
-0.028525
0.023457
-0.028525
0.010462
0.023453
-0.015527
0.036439
-0.106498
0.036465
-0.015532
-0.028535
0.010467
-0.002534
0.036460
0.036444
-0.028519
-0.002534
-0.002534
-0.002534
-0.002534
-0.002534
0.010459
0.023446
0.023440
0.010450
0.023430
0.023423
-0.015512
-0.002534
0.023419
-0.015510
-0.002534
-0.054455
0.023430
-0.015515
-0.015517
-0.041493
-0.028515
-0.015527
0.062413
-0.028508
-0.002534
-0.002534
0.010454
-0.015522
0.101321
-0.041468
-0.015515
-0.002534
-0.002534
0.010447
-0.002534
0.036399
END
