y[]
0.012117
0.000304
0.012115
0.000304
0.000304
-0.011507
-0.023323
0.023931
0.000304
0.023925
-0.023317
0.000304
0.012115
0.012114
-0.011506
-0.023320
0.000304
-0.023325
0.023934
0.000304
0.012117
-0.011509
0.000304
-0.011510
0.012118
0.012117
-0.011509
-0.023325
-0.023331
-0.011516
-0.058815
-0.047016
-0.011530
0.012138
0.012136
-0.047033
-0.047056
-0.011539
-0.070786
-0.035260
-0.011553
0.059577
0.012155
0.024001
-0.035243
0.083228
-0.023381
-0.047084
-0.035251
0.000304
0.059556
0.000304
-0.023393
-0.011546
0.035851
0.000304
0.000304
-0.011544
-0.011545
-0.035251
-0.118306
0.035902
-0.023426
0.024034
-0.035294
0.000304
0.000304
-0.023435
0.000304
0.024043
0.024037
0.012169
-0.011560
0.000304
-0.023429
-0.023435
0.024043
0.000304
0.012171
0.059620
0.024020
-0.023412
0.024020
-0.035273
-0.023421
-0.011560
-0.011562
-0.011563
-0.094685
0.000304
-0.011576
0.000304
-0.035344
-0.035357
0.012193
-0.011584
-0.011586
0.000304
-0.011587
0.012195
-0.011587
0.059746
0.012188
0.071580
-0.047208
-0.201872
0.000304
-0.011601
-0.094991
-0.011614
0.059881
0.047940
0.000304
0.024114
0.012207
-0.011599
-0.094968
-0.059287
0.416699
0.095237
-0.035285
0.012169
-0.011560
0.035893
0.012164
-0.011556
-0.011558
0.000304
0.000304
0.012166
-0.023421
0.000304
-0.011560
0.012169
0.000304
-0.023426
0.000304
0.000304
0.000304
-0.011563
-0.023435
0.012174
0.000304
0.000304
0.024040
-0.011563
0.000304
0.012171
0.012170
-0.011562
-0.011563
0.000304
-0.011565
0.000304
0.000304
0.000304
0.024040
0.000304
0.012170
0.012169
0.000304
0.000304
-0.011560
0.000304
-0.011562
-0.011563
0.000304
0.000304
0.024037
-0.011562
-0.011563
-0.011565
0.000304
0.000304
0.012173
0.000304
0.012171
0.000304
0.000304
0.000304
0.000304
0.012170
-0.011562
0.000304
0.000304
-0.011563
0.012171
0.000304
0.000304
0.000304
0.000304
0.012170
-0.011562
0.012170
0.000304
-0.011562
0.000304
-0.011563
0.035902
-0.011560
0.012169
0.012167
0.012166
0.071445
0.000304
0.000304
0.012156
0.012155
0.047692
-0.011541
0.071352
0.012140
-0.011532
0.023976
-0.011531
0.035805
0.000304
0.035792
0.012131
0.023953
-0.011520
-0.011521
-0.011523
0.012131
0.023953
0.000304
0.012126
0.012125
0.071201
0.047541
-0.011503
0.012111
-0.011503
-0.011504
0.023920
-0.046933
-0.011509
0.023928
-0.035134
0.000304
0.000304
0.035742
-0.023320
0.023928
-0.035134
-0.011511
0.000304
0.012120
-0.046966
0.000304
0.012124
0.000304
-0.011516
-0.011517
-0.023342
-0.070668
-0.047039
0.035813
0.047630
0.000304
0.000304
0.000304
-0.011525
-0.023359
0.012136
0.083090
0.012125
-0.046988
-0.023351
-0.023356
0.047619
-0.047011
-0.035197
0.035805
-0.011528
-0.070719
0.023984
-0.035218
0.095001
0.130366
0.047557
-0.011507
-0.011509
-0.035142
0.035750
-0.141557
0.059437
0.083032
0.012117
0.000304
0.082954
0.000304
-0.070534
0.035729
0.000304
0.012110
0.082905
-0.082297
0.035713
-0.023300
0.106480
0.000304
0.012094
0.047452
-0.011481
-0.046849
-0.046871
0.012100
-0.023289
-0.011495
-0.058710
-0.035121
-0.035134
0.000304
-0.094259
-0.011523
0.035780
0.012126
-0.011518
0.059402
0.000304
0.000304
-0.058794
-0.035172
0.035780
-0.058829
0.023962
-0.035184
0.012135
0.047613
-0.011521
0.047597
0.035759
-0.023331
0.000304
0.000304
-0.035159
0.059402
-0.011513
-0.011514
0.071193
-0.011507
-0.035138
0.035746
0.000304
-0.035138
0.035746
-0.035138
-0.011513
-0.023334
-0.023339
-0.023345
0.035776
-0.058822
-0.058857
0.047636
0.012133
0.059430
0.023945
-0.011516
-0.011517
0.000304
0.012125
-0.023339
0.012126
0.035763
-0.011514
0.023939
-0.011513
0.012121
0.000304
0.000304
0.000304
0.000304
0.012120
0.000304
-0.011511
0.000304
0.012120
0.047552
-0.023317
0.000304
0.012115
-0.011507
0.012115
-0.011507
-0.011509
-0.011510
0.000304
-0.035146
0.023939
0.023934
0.012117
-0.011509
0.023928
-0.011507
0.000304
0.000304
-0.011509
0.023928
0.000304
-0.011507
0.000304
0.000304
0.000304
0.000304
0.012115
0.012114
-0.011506
0.000304
0.012114
0.000304
0.000304
0.000304
0.012113
-0.011504
-0.011506
0.012114
0.012113
-0.023314
0.000304
0.000304
0.023922
-0.011504
-0.011506
0.000304
-0.011507
0.035734
-0.011504
0.012113
-0.011504
0.059332
0.012106
-0.011497
-0.011499
0.012107
0.000304
0.012106
-0.011497
0.023906
-0.023298
0.012106
0.023903
-0.011495
0.012103
0.000304
-0.011495
0.000304
0.000304
0.012103
0.023897
0.023892
-0.046877
0.023897
0.012099
-0.035084
-0.011495
-0.011496
0.023903
0.000304
-0.011495
-0.046905
0.023911
0.000304
-0.035109
0.012110
-0.011502
0.047518
0.023903
-0.058703
-0.023309
0.023917
-0.011502
-0.011503
0.000304
0.012111
-0.058745
0.012117
0.012115
0.000304
0.023922
-0.023314
-0.023320
-0.035142
-0.011514
0.012122
0.000304
0.000304
0.012121
0.012120
-0.011511
0.023934
-0.011510
0.012118
-0.035142
0.059374
0.000304
0.000304
-0.011507
0.012115
0.035729
0.000304
-0.011503
-0.035126
-0.035138
0.012120
0.023931
0.012115
0.035729
0.012110
0.023911
0.012106
0.000304
-0.011497
0.012106
0.012104
0.000304
-0.023298
0.000304
-0.035109
0.012110
-0.070551
0.023928
-0.023320
-0.070601
-0.011518
0.023948
0.012124
-0.023337
0.059395
0.082973
-0.023309
-0.023314
0.035729
0.000304
0.035717
0.071092
-0.023286
-0.023292
-0.117760
-0.035142
0.012121
-0.046972
-0.082482
0.035792
0.012131
-0.035180
0.083081
0.012124
-0.035159
-0.011520
-0.035176
0.047608
-0.011520
0.012128
0.000304
-0.011520
-0.047005
-0.070702
0.023978
0.023973
-0.011530
0.000304
0.023970
0.012135
0.000304
-0.023359
-0.011530
-0.011531
0.000304
0.059465
0.012132
0.000304
-0.011524
0.023959
0.035776
-0.011518
-0.011520
0.012128
-0.011520
0.012128
0.000304
0.000304
0.000304
-0.011520
0.118479
-0.011507
0.000304
-0.011509
0.012117
-0.046955
-0.011514
0.000304
0.047569
0.012117
-0.023323
0.000304
0.035742
-0.011507
-0.023323
-0.011511
-0.011513
0.059374
0.047535
-0.023309
0.000304
0.023917
-0.046927
0.035729
0.000304
0.000304
0.000304
0.000304
0.023914
0.000304
0.000304
-0.011500
-0.023309
0.000304
0.000304
0.000304
0.000304
0.012111
0.000304
0.012110
-0.035117
-0.011506
0.012114
0.000304
-0.011506
0.012114
0.000304
0.000304
0.023920
-0.035121
0.012114
0.012113
0.012111
-0.011503
0.000304
-0.011504
0.000304
0.012113
-0.023314
0.000304
-0.011507
0.000304
-0.023323
-0.011511
0.000304
0.000304
0.012120
-0.011511
0.000304
0.000304
0.000304
0.000304
0.012120
-0.011511
0.012120
-0.011511
0.012120
0.012118
-0.011510
0.000304
0.000304
0.000304
-0.011511
0.012120
-0.011511
0.023934
-0.011510
-0.011511
0.000304
0.000304
0.012120
0.000304
0.000304
0.012118
-0.011510
0.000304
0.012118
0.000304
-0.011510
0.000304
0.000304
-0.011511
0.000304
0.012120
0.000304
0.000304
-0.023328
-0.023334
0.000304
-0.011517
0.012125
-0.011517
0.000304
-0.035167
0.023953
-0.011520
0.012128
0.000304
0.000304
0.012126
-0.011518
0.035767
0.000304
0.035755
-0.035146
0.083002
-0.035130
0.000304
-0.023325
0.012120
-0.058787
-0.011518
0.023948
0.012124
0.012122
0.012121
-0.011513
-0.023334
0.012124
-0.011516
-0.011517
-0.023342
-0.011521
0.000304
-0.011523
0.023956
0.047591
0.000304
0.012122
-0.046977
0.000304
-0.165357
0.023987
0.000304
END
