y[]
-0.012981
-0.012982
-0.012984
-0.037137
0.011165
-0.012988
0.059457
-0.037128
-0.000911
0.083573
-0.073323
-0.012985
-0.073384
0.071561
0.059442
0.035283
0.023211
-0.061229
-0.049191
-0.000911
0.035301
0.023223
-0.121641
-0.049244
0.011174
0.047415
-0.025072
0.107765
-0.000911
-0.085427
-0.012991
-0.000911
-0.012992
0.011169
0.035323
-0.012988
-0.012989
0.011167
-0.000911
-0.025069
0.011168
0.035318
0.035305
-0.000911
0.023226
0.011155
0.023217
-0.025040
-0.000911
-0.000911
-0.000911
-0.012978
0.035283
-0.037106
0.023220
0.035275
-0.012972
0.023208
-0.037093
0.023211
-0.037097
-0.037111
-0.000911
0.023223
-0.000911
0.023217
0.011151
-0.025037
0.023214
0.059377
-0.049139
0.047316
-0.012966
0.047299
-0.097355
0.095532
-0.049122
-0.049145
-0.025037
0.059391
-0.012969
-0.000911
-0.025031
-0.025037
-0.012976
0.035279
-0.012973
-0.000911
-0.037106
0.011155
0.011153
-0.000911
-0.000911
0.011152
-0.012975
0.011152
0.035270
-0.012971
-0.000911
-0.012972
-0.012973
0.023211
-0.012972
-0.012973
0.011151
-0.000911
-0.000911
0.011149
0.011148
-0.000911
-0.000911
-0.000911
-0.000911
-0.000911
-0.000911
-0.012971
-0.000911
0.011148
-0.012971
0.023205
-0.012969
-0.025031
-0.000911
0.011149
0.023205
-0.000911
-0.012969
0.011146
-0.000911
-0.000911
-0.012969
0.011146
-0.000911
0.011145
-0.000911
-0.000911
0.011143
-0.012966
-0.012968
-0.000911
-0.000911
-0.000911
-0.000911
-0.012969
0.011146
-0.000911
0.011145
-0.000911
-0.012968
0.011145
0.011143
-0.000911
-0.000911
-0.000911
0.011142
-0.012965
-0.012966
0.011143
0.011142
-0.000911
-0.000911
-0.000911
0.011140
-0.012963
0.011140
-0.012963
0.011140
-0.000911
0.011139
-0.000911
-0.000911
0.023185
-0.000911
-0.037058
-0.073244
0.023205
-0.000911
0.011145
-0.012968
0.023199
-0.025022
-0.012969
-0.037093
0.023211
-0.049162
-0.012978
0.023220
0.011152
0.047328
0.023199
-0.000911
-0.037080
-0.025031
0.023208
-0.025031
-0.000911
-0.012973
-0.012975
0.011152
0.011151
-0.049168
0.035283
-0.012975
0.035275
0.011148
-0.025031
-0.000911
-0.000911
-0.000911
0.011149
-0.000911
0.023205
-0.012969
0.023202
-0.000911
-0.012968
0.011145
-0.000911
0.023197
-0.000911
0.011140
-0.000911
-0.000911
0.023188
-0.025011
0.023188
-0.000911
-0.025011
0.011139
0.011137
-0.000911
-0.025011
-0.000911
0.035235
0.047264
-0.012953
0.011130
0.023168
-0.037032
-0.000911
0.011130
-0.012953
-0.012955
0.239676
-0.036963
-0.012931
0.083198
0.011098
0.071117
-0.000911
-0.048925
0.023098
-0.012916
-0.048942
-0.024935
-0.024941
-0.048988
-0.000911
-0.000911
0.059181
-0.024944
-0.121162
0.071256
0.035153
-0.109143
-0.049052
0.023162
-0.037023
0.119411
-0.000911
-0.024964
0.023141
0.011113
0.035153
-0.024953
-0.000911
0.023130
-0.012931
-0.012933
-0.012934
-0.024961
0.011114
-0.036993
0.095277
-0.048994
-0.024961
0.023139
-0.000911
0.059188
-0.012929
-0.000911
0.011106
-0.000911
0.035131
-0.024938
-0.012927
-0.012929
-0.000911
0.035135
0.023113
-0.024935
-0.048977
-0.036976
0.059188
-0.024947
0.011107
0.023121
0.011103
0.035122
0.023104
-0.012918
-0.036941
-0.000911
-0.000911
-0.012924
-0.012926
-0.109104
0.011116
0.047183
-0.036980
0.023136
0.011110
-0.097123
0.011120
0.023147
0.035166
0.023133
-0.000911
-0.000911
-0.024956
-0.000911
-0.000911
-0.049017
0.023144
-0.012939
-0.000911
-0.024970
-0.012943
0.011120
0.011119
0.023144
-0.000911
-0.000911
-0.024967
0.035170
-0.000911
-0.000911
-0.000911
0.011113
0.011111
-0.000911
-0.000911
-0.000911
0.011110
-0.000911
-0.012933
-0.024959
-0.012937
0.011114
0.011113
-0.012936
0.011113
0.011111
-0.012934
0.011111
-0.000911
0.011110
-0.000911
0.011108
-0.012931
-0.000911
0.011108
-0.000911
-0.000911
-0.000911
0.011107
0.011106
0.011104
-0.000911
-0.000911
0.011103
-0.012926
-0.000911
-0.012927
-0.000911
-0.012929
0.011106
0.011104
-0.000911
-0.000911
-0.000911
0.011103
0.011101
0.011100
0.011098
-0.012921
-0.000911
-0.012923
0.023110
-0.012921
-0.000911
0.023107
-0.012920
-0.012921
0.011098
-0.000911
0.023104
-0.012918
0.011096
-0.024927
0.035109
-0.036932
-0.012921
-0.012923
0.023110
-0.036945
-0.012926
-0.000911
-0.024944
-0.000911
-0.000911
-0.024950
0.011108
0.011107
-0.012930
0.023124
-0.012929
-0.012930
0.011107
-0.012930
-0.012931
0.011108
-0.000911
-0.012931
0.011108
-0.000911
-0.012931
-0.012933
0.023130
-0.024953
-0.000911
-0.000911
-0.000911
-0.000911
0.023130
-0.000911
-0.000911
-0.000911
-0.012931
-0.012933
0.023130
-0.012931
0.035144
0.011104
-0.012927
-0.036967
0.035144
-0.000911
-0.000911
-0.000911
-0.012929
0.023121
-0.000911
-0.000911
-0.024944
-0.036971
0.047165
-0.012929
-0.024950
0.011108
-0.012931
0.011108
-0.000911
-0.012931
0.011108
0.011107
-0.012930
0.011107
0.011106
0.011104
-0.012927
0.011104
-0.000911
-0.024944
0.023121
0.011103
0.023113
-0.000911
-0.012923
-0.000911
-0.000911
-0.012924
-0.000911
-0.000911
-0.000911
-0.000911
-0.012926
0.011103
0.035122
-0.036945
-0.048977
0.035140
-0.073027
0.023133
0.083198
-0.036950
0.023115
-0.036954
0.011104
0.011103
0.023113
-0.012923
0.023110
0.011097
-0.024930
0.011098
0.023104
0.035101
-0.024918
0.011093
-0.012916
0.023095
-0.036924
-0.000911
-0.000911
-0.012918
0.023101
-0.000911
0.011093
-0.000911
-0.000911
-0.024921
0.011094
-0.036932
-0.036945
-0.000911
-0.000911
-0.145177
0.083269
-0.061033
0.023141
0.059196
0.083178
-0.012920
-0.000911
-0.024933
0.011100
-0.000911
0.011098
-0.000911
-0.000911
0.011097
-0.000911
-0.012920
0.035109
-0.012917
-0.012918
0.011096
0.011094
-0.036932
0.011097
-0.000911
-0.000911
-0.000911
-0.000911
-0.012920
-0.000911
0.011097
0.011096
0.023098
-0.000911
-0.000911
-0.012916
-0.000911
-0.012917
-0.000911
-0.000911
-0.000911
-0.012918
-0.012920
0.011097
-0.012920
-0.000911
0.011097
-0.024930
-0.000911
0.011098
-0.012921
0.011098
-0.000911
-0.012921
0.011098
-0.000911
-0.000911
-0.000911
-0.000911
-0.000911
-0.012921
-0.012923
-0.000911
0.023110
-0.000911
-0.012921
-0.000911
0.011098
-0.000911
-0.000911
-0.000911
-0.000911
-0.012921
-0.012923
0.011100
-0.000911
-0.000911
-0.000911
-0.012923
0.011100
-0.012923
0.011100
-0.000911
-0.000911
0.011098
-0.000911
-0.000911
-0.000911
-0.000911
-0.012921
0.011098
-0.012921
-0.000911
-0.000911
-0.000911
-0.000911
-0.000911
0.011098
-0.012921
-0.000911
0.011098
-0.000911
-0.000911
-0.012921
0.023107
-0.000911
-0.000911
-0.000911
-0.000911
-0.000911
-0.000911
0.023101
-0.000911
0.011093
-0.000911
-0.000911
-0.012916
-0.000911
-0.000911
-0.012917
-0.000911
-0.012918
-0.000911
0.011096
-0.000911
-0.012918
-0.012920
0.011097
-0.012920
0.011097
-0.024930
0.011098
-0.012921
0.011098
-0.012921
-0.000911
0.011098
-0.000911
-0.000911
-0.000911
-0.000911
-0.012921
0.011098
-0.000911
-0.000911
0.011097
-0.000911
0.011096
-0.000911
-0.012918
0.011096
-0.012918
0.011096
-0.012918
0.023101
-0.012917
0.023098
-0.048936
0.035109
0.011093
-0.000911
-0.000911
0.011091
-0.000911
-0.000911
0.011090
-0.000911
0.011088
0.071057
-0.012903
0.023069
0.070997
0.011068
0.035019
-0.048821
-0.060831
-0.000911
-0.000911
-0.000911
-0.012900
0.035049
0.011072
-0.024881
0.035040
0.011070
-0.036859
0.011072
-0.012895
-0.012897
0.023058
0.011071
-0.000911
-0.000911
-0.012894
-0.000911
-0.036868
-0.036881
0.047044
-0.012898
-0.012900
0.011077
-0.000911
END
