y[]
0.057377
0.028850
0.057328
0.057295
0.043037
0.099886
-0.056519
0.043001
-0.013868
-0.028090
-0.028098
-0.013878
0.057239
0.014565
-0.013870
0.071416
0.000348
0.014555
-0.042281
0.014559
0.057174
0.071335
0.014539
-0.056430
0.014545
-0.042251
0.028749
-0.028053
0.028749
0.028741
0.000348
-0.013848
0.000348
0.014543
-0.042245
-0.013854
-0.013856
-0.056487
0.028769
0.000348
0.014555
-0.013860
0.057166
0.000348
0.071325
-0.028037
-0.013848
0.000348
0.000348
0.014543
0.042922
-0.084819
0.028745
-0.084867
0.042964
-0.056478
0.014557
-0.028073
0.028769
-0.099162
0.028789
-0.056543
-0.042342
0.014580
-0.013884
0.014580
0.000348
0.000348
0.028805
0.000348
0.000348
-0.013880
-0.028114
-0.028122
0.014584
0.000348
0.000348
0.014582
0.000348
0.014580
0.000348
0.000348
0.000348
0.014578
0.028801
0.028793
0.014568
0.028781
-0.013868
0.014563
0.000348
0.014561
-0.028081
-0.013870
0.014565
0.085611
-0.013858
0.000348
0.000348
-0.028069
0.028765
0.014553
-0.028065
-0.013862
0.000348
0.000348
0.028765
0.000348
0.000348
0.000348
0.014553
0.000348
0.028753
-0.013854
0.000348
0.000348
-0.013856
0.000348
-0.013858
0.014553
0.028753
0.128071
0.028709
-0.042196
0.028713
0.014527
-0.013832
0.000348
0.014527
-0.013832
0.000348
0.127890
0.014509
0.000348
-0.013813
-0.013815
-0.013817
0.014513
0.000348
-0.013817
0.014513
-0.013817
-0.013820
-0.013822
-0.027997
-0.013828
0.000348
0.014523
0.000348
-0.028005
0.014525
0.000348
0.000348
0.000348
0.000348
0.014523
0.000348
0.057029
-0.027989
-0.013824
0.028688
-0.042166
0.000348
0.042862
-0.042166
-0.013828
0.014523
0.014521
0.014519
0.014517
0.000348
0.028680
-0.027985
0.000348
-0.013822
-0.027997
0.014521
0.000348
0.014519
-0.013824
-0.042178
0.014525
0.000348
0.028697
0.028688
0.014515
0.014513
-0.027985
0.000348
0.000348
0.014515
0.014513
-0.013817
0.014513
0.014511
0.000348
0.014509
0.000348
0.028664
0.042808
-0.013803
0.000348
-0.027961
-0.013809
0.014505
0.014503
-0.027965
0.000348
-0.042136
-0.013817
0.042838
0.000348
-0.056309
0.000348
0.028680
0.042832
0.014505
-0.027969
0.000348
-0.013813
0.014509
-0.027977
-0.013817
0.000348
-0.013820
0.000348
0.014515
-0.027989
0.014517
0.000348
0.014515
-0.027989
0.014517
0.000348
0.000348
0.057005
0.000348
-0.056309
0.000348
-0.013822
0.170247
0.085189
-0.027925
0.042754
-0.027921
-0.070359
0.014493
-0.013797
-0.183723
0.028688
0.000348
-0.013822
-0.084710
-0.113176
0.014545
0.028737
0.071285
0.057061
0.000348
0.000348
-0.056366
0.000348
0.085406
-0.027997
-0.042184
0.028705
0.000348
-0.013830
0.057045
0.014517
0.042844
-0.013815
0.014511
-0.013815
-0.042154
-0.013824
0.028688
0.000348
-0.013822
0.085334
0.014505
-0.013809
-0.027973
0.000348
-0.013815
0.000348
-0.027985
0.000348
-0.013822
-0.027997
0.028692
0.028684
-0.027989
0.042850
0.014511
-0.013815
0.014511
0.014509
-0.042142
0.042838
0.042820
-0.070449
-0.042154
0.000348
0.000348
0.042850
0.085298
-0.027961
-0.013809
0.000348
-0.013811
0.000348
-0.013813
0.000348
0.000348
0.000348
0.000348
-0.027981
-0.042160
-0.042178
0.042874
-0.028001
-0.042190
0.014529
-0.013834
0.000348
-0.013836
-0.013838
-0.013840
0.028721
0.000348
-0.013838
-0.013840
0.014535
0.000348
0.000348
0.014533
0.028713
-0.028017
0.000348
0.028713
0.014527
0.028701
-0.013828
-0.042190
-0.013836
-0.028025
0.028721
-0.028025
0.014535
0.014533
-0.013838
0.000348
0.028717
-0.013836
-0.013838
0.014533
0.000348
0.014531
0.014529
0.000348
0.028705
0.000348
-0.028009
0.000348
0.000348
0.014527
-0.013832
0.000348
0.014527
-0.013832
-0.028017
0.014531
-0.013836
0.000348
0.014531
0.014529
-0.013834
0.028709
0.028701
0.000348
-0.013828
0.000348
-0.013830
0.000348
0.042874
0.000348
0.000348
-0.013826
-0.013828
0.000348
0.014523
0.000348
-0.028005
0.028701
-0.013828
-0.013830
0.000348
0.014525
0.014523
0.000348
0.028692
-0.013824
-0.013826
-0.013828
0.000348
-0.013830
0.000348
0.014525
0.000348
0.000348
0.014523
-0.013828
0.014523
0.000348
-0.028005
0.000348
0.000348
0.028701
0.014521
-0.070539
0.028709
0.042874
0.014519
0.000348
-0.013824
0.014519
-0.013824
-0.042178
-0.028013
-0.013836
0.000348
0.028713
0.028705
-0.013830
0.028701
-0.028005
0.028701
-0.013828
0.042868
-0.013824
-0.013826
-0.028005
-0.013832
-0.013834
0.000348
-0.013836
0.028713
0.000348
0.000348
0.028705
-0.013830
-0.042196
0.000348
0.014531
-0.013836
0.028713
0.000348
0.000348
0.000348
0.085394
0.028680
-0.027985
0.028680
0.042832
-0.070469
0.368047
0.056797
0.000348
0.084962
-0.056054
0.042652
-0.041956
-0.027865
0.070865
-0.084278
-0.041992
0.014463
0.014461
-0.027881
0.014463
-0.027885
0.000348
0.014465
-0.084386
-0.027913
0.099225
-0.042016
-0.169288
-0.027953
0.028648
-0.268831
0.000348
-0.084807
0.042934
-0.127466
-0.084952
0.028789
0.028781
0.071396
-0.113353
0.028785
-0.070761
-0.184772
0.057344
-0.028146
0.114275
0.014580
0.014578
0.071467
0.028781
0.014561
0.071386
0.042946
-0.028049
-0.028057
0.014551
-0.084904
0.042983
0.000348
-0.113385
-0.028106
-0.028114
-0.042360
0.028822
0.014582
-0.127830
-0.042415
0.000348
0.014604
-0.128031
0.043159
-0.099574
-0.099674
0.057515
-0.071116
0.000348
-0.042555
-0.042574
0.071873
0.043239
0.000348
0.057507
-0.028228
-0.085428
-0.056877
0.000348
-0.028277
-0.085575
-0.056975
0.043343
-0.013982
-0.056992
0.057687
0.014678
0.029001
0.014671
0.028989
0.014665
0.014663
0.000348
-0.042604
-0.013974
-0.042629
0.014675
-0.013980
0.014675
0.014673
-0.071301
0.029013
-0.085674
0.043368
0.057679
0.014675
0.000348
0.043319
0.000348
0.014667
0.028981
0.014661
0.000348
0.071884
-0.028260
-0.013959
0.028960
0.014651
-0.013955
-0.013957
0.014653
0.000348
0.028952
0.014647
-0.028252
0.014649
-0.013953
0.028948
-0.013951
-0.013953
0.000348
-0.013955
-0.028264
0.014655
0.014653
0.000348
0.014651
0.043245
-0.013949
-0.028252
-0.013955
0.000348
0.000348
0.028952
0.000348
0.028944
-0.028248
0.000348
-0.028256
0.000348
0.000348
0.000348
0.014651
0.000348
0.000348
0.000348
0.000348
0.000348
0.028948
0.000348
0.000348
0.000348
0.014645
-0.013949
0.000348
0.014645
0.000348
-0.013949
-0.013951
-0.013953
0.014649
0.000348
0.000348
-0.013953
-0.042568
0.014655
-0.013959
0.014655
0.000348
-0.013959
0.028960
0.000348
-0.013957
0.014653
0.014651
0.000348
-0.028260
-0.042580
0.000348
0.014659
0.028964
0.014653
0.014651
0.000348
0.014649
0.014647
0.000348
0.000348
0.014645
-0.013949
0.000348
0.000348
0.057523
0.028923
0.000348
-0.013939
0.014635
0.043196
-0.028215
0.000348
-0.028224
0.014635
0.000348
0.014633
-0.013937
-0.042519
0.014639
-0.013943
0.028927
0.000348
0.014635
-0.042519
0.014639
-0.013943
0.000348
0.028927
-0.042525
0.000348
0.014641
0.000348
0.000348
-0.028240
-0.013949
-0.028252
-0.013955
0.028952
0.000348
0.014647
0.014645
0.014643
0.014641
-0.013945
-0.071147
0.000348
0.000348
-0.042574
-0.056910
0.028981
-0.042604
0.071925
0.014657
-0.028273
0.071884
-0.372199
0.000348
-0.172066
0.072223
0.115241
0.043399
0.286881
-0.013959
-0.042586
-0.128564
0.100627
-0.013972
0.071925
0.100469
-0.114085
-0.114216
0.114912
0.100484
END
