y[]
0.062326
0.013886
-0.119328
-0.058828
-0.070998
-0.083195
-0.119740
-0.083371
-0.083444
0.038316
-0.010395
0.074819
-0.119976
-0.071344
0.026163
-0.059183
0.038365
-0.083600
0.013984
0.001782
0.026181
0.001782
0.013979
0.038365
0.001782
0.038352
0.026154
0.001782
0.013966
-0.034775
-0.010407
0.001782
0.026157
-0.046975
0.013973
0.160135
0.026122
-0.022558
-0.034739
0.050473
-0.022561
0.001782
-0.010392
0.026128
0.026122
0.001782
0.001782
0.026116
0.013947
-0.010383
0.001782
0.038272
-0.010380
-0.010381
0.001782
-0.022549
-0.022555
-0.046910
0.001782
-0.010395
0.026133
0.013955
0.026125
-0.034735
0.026128
-0.034739
-0.010395
-0.010396
-0.010398
0.013961
0.013960
0.001782
-0.046939
0.050503
0.038307
0.038294
-0.034730
0.013954
-0.034739
-0.010395
-0.022576
0.013961
-0.022579
0.001782
0.001782
-0.010401
-0.010402
0.001782
0.026148
0.038320
-0.010396
0.001782
0.001782
0.062657
0.013952
0.013951
0.013949
-0.034726
-0.022564
-0.388558
0.001782
0.001782
-0.034891
-0.022674
-0.010448
0.014012
0.014011
0.026235
0.001782
0.001782
-0.047130
0.038468
-0.047136
-0.034922
0.026253
-0.010453
0.026250
0.038472
-0.034909
0.038472
-0.096089
0.014021
0.062955
0.099581
0.001782
-0.120483
0.075158
-0.047130
-0.083871
-0.022704
-0.120737
-0.022740
0.014043
-0.022743
-0.035017
0.014050
0.112123
0.026286
0.099737
-0.096173
0.001782
0.050771
-0.034958
0.038522
-0.010463
-0.120752
-0.059542
-0.145548
-0.047376
0.075510
-0.133428
-0.244524
-0.047552
-0.072265
0.100499
-0.022888
0.137392
-0.109158
0.026446
-0.047552
-0.022894
-0.035244
0.051146
-0.035239
0.149784
-0.109199
0.075783
-0.121584
-0.047607
-0.109432
0.014145
0.038862
-0.060027
0.014147
-0.010583
0.088303
-0.035290
0.063560
0.075865
0.001782
-0.022906
0.063491
0.051122
0.001782
-0.084579
0.001782
-0.134079
-0.382096
0.014188
0.162922
0.026550
0.088421
-0.283172
-0.060272
0.001782
0.324043
0.001782
-0.047729
-0.097314
0.212243
0.051238
-0.109529
-0.084879
-0.060165
-0.060203
-0.010620
0.014183
-0.109888
0.175436
0.076113
-0.196557
-0.134805
0.125959
0.063813
-0.085072
0.039014
-0.184519
-0.035520
-0.060419
-0.110277
-0.023137
0.039158
0.064044
-0.097857
0.076520
-0.110347
0.126361
0.051570
0.039107
-0.023100
0.001782
-0.023106
-0.110291
0.051607
0.076474
0.101284
-0.060396
-0.010658
-0.023103
0.126144
0.138402
-0.184565
-0.010654
0.001782
0.014217
-0.060411
0.001782
-0.023106
0.039112
-0.234875
-0.048112
-0.085593
-0.035688
0.089189
0.051694
-0.085582
-0.035683
0.001782
0.026760
0.089156
-0.060621
-0.085647
-0.135761
-0.023246
0.051832
0.051807
0.039284
-0.073237
0.064301
0.101732
0.051719
0.089113
-0.060590
0.026735
-0.023171
0.001782
0.026735
0.001782
-0.023171
0.026735
-0.035650
0.076632
-0.035636
0.014256
-0.010692
-0.010694
-0.010696
0.014259
0.014258
-0.048131
-0.010700
0.001782
0.039223
0.001782
0.014259
0.026732
0.089058
-0.048081
0.014250
0.026713
0.076539
-0.072975
0.039167
-0.035604
0.026707
-0.035608
0.001782
0.026710
-0.010682
0.051626
-0.048062
-0.010683
0.014247
0.014245
-0.023147
0.014247
0.001782
0.014245
0.039163
0.076502
0.014230
0.001782
0.014228
-0.010664
0.014228
0.014227
0.001782
0.001782
-0.035557
0.001782
0.026676
-0.010664
-0.023115
0.026679
-0.010666
-0.060481
0.014237
0.039139
0.039125
0.001782
0.026670
0.051539
0.026651
-0.035525
0.014219
0.026651
0.001782
0.001782
-0.010652
0.051508
0.001782
0.001782
-0.035511
0.063928
-0.023072
0.063905
0.039037
0.076251
0.026593
0.076177
-0.060211
0.001782
-0.060249
0.001782
0.076214
-0.035427
-0.097511
0.138284
0.088550
0.076094
-0.072531
-0.196656
-0.047889
-0.134941
-0.010657
0.138521
-0.047920
0.113576
-0.023051
0.001782
0.051440
0.051416
-0.047852
0.051416
0.026590
-0.010621
-0.147175
0.026623
-0.010638
-0.035488
0.001782
0.014207
0.051465
-0.035478
0.039042
-0.010637
0.039033
-0.159739
0.001782
-0.072854
-0.110277
-0.235200
0.039237
-0.060652
-0.185753
0.214295
0.001782
0.014269
-0.123156
-0.110796
-0.123453
0.051895
0.051869
0.026816
0.001782
-0.048293
0.039341
0.076857
-0.035749
-0.148481
0.064419
0.101920
-0.023243
0.076838
0.114261
0.139084
0.064130
0.113910
-0.035580
-0.110389
-0.023162
0.039195
-0.048106
-0.073096
0.300959
-0.309881
0.114092
-0.023165
-0.235525
0.114261
0.126610
0.213633
-0.534948
-0.186129
0.051926
0.164577
0.101832
-0.198418
0.064387
-0.148538
0.089496
-0.336968
-0.098809
0.202863
-0.086141
-0.136539
0.001782
0.102398
-0.111419
0.315912
0.102095
0.177089
0.014292
0.089309
0.126688
0.076651
-0.035646
-0.098093
-0.110697
0.176694
0.213765
-0.060520
-0.023150
-0.172913
0.076688
-0.135589
0.089222
-0.110655
-0.085756
0.039308
0.089287
-0.073218
0.101769
0.126626
-0.098081
-0.048187
-0.035711
-0.048231
0.089287
-0.010714
0.189059
0.076595
-0.122938
-0.148087
-0.010717
0.139187
0.001782
0.126532
0.026713
-0.023150
0.126377
0.163524
0.150850
-0.060303
-0.072771
-0.085267
0.076399
0.051496
0.001782
0.001782
-0.010644
-0.010646
0.101161
0.051434
-0.023041
0.063828
0.138148
0.001782
-0.072577
0.026574
0.038959
-0.060188
0.014179
-0.060218
-0.035437
0.039000
-0.035437
-0.035451
0.051422
-0.060272
0.001782
-0.035469
0.063859
0.026602
-0.023038
-0.047877
-0.060326
0.076307
0.014197
-0.010634
0.039023
-0.047877
-0.035478
0.014203
0.039037
-0.010635
-0.047901
0.088711
0.014194
0.001782
0.039010
-0.023035
0.014191
0.014190
0.001782
-0.023035
-0.023041
0.014194
0.014193
0.026599
0.014188
-0.010624
-0.010626
0.026596
0.001782
-0.047852
-0.035460
0.051434
-0.035455
0.001782
-0.010634
0.026611
0.014194
-0.023044
0.026608
-0.010631
-0.010632
-0.023051
-0.047901
0.026627
-0.010640
-0.023066
-0.035501
-0.010649
0.014213
-0.010649
-0.010651
0.001782
-0.023088
0.026651
0.039074
0.026636
0.026630
0.001782
-0.010641
-0.023069
0.014208
-0.010644
0.039056
0.039042
0.039028
0.001782
0.014194
-0.060295
-0.023060
-0.023066
-0.010644
-0.010646
0.063905
0.014202
0.163102
0.051367
-0.023007
0.187552
0.063629
-0.060065
-0.010592
0.051268
0.075966
0.100608
0.014128
-0.047613
0.026482
0.014130
0.026473
-0.022910
-0.035267
0.051177
0.014127
-0.010563
0.014127
0.038807
-0.059935
-0.097045
-0.022940
0.063575
0.063537
-0.010566
-0.059981
0.100584
0.051146
-0.022897
-0.047595
-0.047619
0.014134
0.026482
0.001782
0.149857
-0.059889
0.014119
-0.047577
0.001782
0.038803
-0.047583
-0.010563
0.038812
-0.047595
-0.047619
-0.072365
0.026504
0.075911
-0.035276
0.026488
-0.035280
-0.035294
-0.010580
0.038862
0.112941
-0.022910
0.137509
0.051091
0.186477
-0.035130
-0.035144
-0.010530
0.063324
-0.047449
0.124813
0.050952
0.185955
0.026313
0.038567
0.038553
-0.071775
-0.010483
-0.071838
-0.047328
0.099977
-0.108695
0.001782
0.026343
0.136759
-0.059549
-0.120993
0.038630
0.014062
0.063158
-0.035039
0.026331
-0.059602
-0.047352
-0.096559
-0.022818
0.050976
0.149220
0.075420
-0.059579
0.014057
0.026328
0.173435
0.197596
-0.059369
-0.047166
0.026259
0.087404
-0.132799
-0.010462
-0.059459
-0.047238
-0.022737
-0.071811
0.099893
-0.034999
0.112083
0.099725
-0.108411
0.099737
-0.083924
0.099725
-0.010456
-0.010457
0.026259
-0.047178
0.026265
-0.034945
-0.059459
0.001782
-0.071757
-0.096354
END
