y[]
-0.055845
0.028360
0.016327
-0.019760
0.016328
0.004298
-0.019763
0.004298
0.028360
0.028354
-0.019758
0.016327
0.076440
0.052364
0.028322
0.016308
-0.019723
-0.019729
0.004298
0.100371
-0.019711
0.028308
0.052300
-0.007700
-0.007701
-0.019706
0.016301
-0.019708
0.004298
0.016302
0.028302
0.004298
-0.019706
-0.019711
0.028308
-0.019711
0.004298
-0.019717
-0.031736
0.016311
0.028319
-0.019723
0.016310
-0.031740
0.040336
0.016308
0.016307
-0.007710
0.016307
0.016305
0.016304
0.016302
0.100279
0.016289
0.028276
-0.007690
-0.019683
-0.007694
0.004298
0.016291
0.028279
0.040259
-0.007687
0.052231
0.028256
-0.043623
0.004298
-0.055636
-0.007693
-0.019688
0.016292
-0.019691
0.004298
-0.007699
0.052277
-0.031684
-0.007699
-0.031701
0.004298
-0.007704
-0.127826
0.040349
-0.019734
-0.091890
0.076448
-0.128017
-0.067947
-0.019795
-0.068017
0.076614
-0.019801
0.004298
-0.152489
0.040502
-0.031905
0.064630
-0.019830
0.064608
-0.056012
0.052549
0.004298
0.052526
0.028403
0.052491
-0.031844
0.100649
0.016336
-0.043860
0.004298
0.076527
0.004298
0.160614
-0.019734
0.064369
-0.007713
0.004298
-0.067800
0.016318
-0.031766
-0.164173
0.040423
0.028374
-0.116140
-0.019807
0.016352
0.112712
-0.019784
-0.007745
-0.092099
0.016353
0.052503
0.016346
0.004298
0.100626
-0.043854
-0.019787
-0.080044
0.004298
-0.080115
-0.068113
0.028441
0.052567
-0.068113
0.052578
0.064616
-0.068087
0.052561
-0.080176
0.028441
-0.056070
-0.068192
0.016384
0.028465
0.004298
-0.019868
-0.019874
-0.007790
0.028473
0.004298
0.016384
0.004298
0.028465
-0.019868
0.004298
0.016382
-0.019871
0.028467
0.004298
0.004298
0.016381
-0.019868
0.004298
0.016382
-0.019871
0.004298
0.028467
0.040541
-0.007781
0.004298
0.016378
0.064674
-0.007774
0.016370
0.016369
0.004298
0.040502
-0.019836
0.052561
0.004298
0.016360
0.028418
-0.019821
0.016359
-0.043953
0.004298
0.016363
-0.007767
-0.019836
0.040497
0.016362
-0.007765
0.016362
0.004298
0.004298
0.004298
-0.007765
0.004298
0.052543
0.016356
0.028409
0.004298
-0.007756
0.004298
-0.007758
0.004298
0.004298
0.028409
0.004298
0.004298
-0.007756
-0.007758
0.028409
-0.019813
0.004298
0.028409
0.004298
-0.019813
-0.007759
0.016356
0.052514
-0.019807
0.028403
-0.007754
0.028400
0.004298
-0.019804
-0.031866
0.040462
-0.019810
0.028406
-0.007755
-0.043929
0.016357
0.004298
-0.043947
-0.007767
0.076666
0.004298
0.028409
-0.007756
0.016353
0.040454
-0.007752
0.004298
-0.019807
-0.068052
-0.068104
0.004298
0.040506
0.088732
0.004298
0.136836
0.016338
-0.019784
-0.031835
-0.068008
-0.068061
-0.019833
-0.019839
-0.019845
-0.044005
0.004298
0.052602
-0.031927
0.100870
-0.031905
-0.116475
0.004298
-0.056143
0.004298
-0.019888
-0.031993
0.076867
0.004298
0.004298
-0.007793
-0.031984
-0.007799
-0.019900
0.076876
-0.031984
0.004298
0.016394
0.028485
0.016389
0.137205
-0.019853
-0.031940
0.028459
0.016376
-0.044023
0.004298
0.016381
0.040537
-0.031940
0.016379
-0.031949
-0.044052
-0.116679
-0.068359
0.016411
-0.032046
-0.007819
0.064871
-0.056275
-0.044187
0.040664
0.028535
0.016414
-0.056297
-0.202000
-0.032152
0.004298
0.016450
-0.007853
0.052895
-0.092919
0.040766
0.028603
0.016448
-0.165935
0.125923
0.052907
-0.020003
-0.032165
-0.129514
0.198875
0.052883
-0.068588
0.186415
0.028555
0.028550
0.004298
-0.165584
-0.044293
-0.044316
-0.056503
0.028623
-0.056525
0.016466
0.016464
0.077264
-0.117341
-0.105304
-0.020074
-0.044464
0.028683
0.004298
0.028677
0.028671
0.101729
0.004298
0.052978
-0.044381
0.125953
0.004298
-0.044346
0.065100
0.004298
-0.068668
-0.056547
0.052978
-0.007869
-0.044387
-0.056592
-0.020068
-0.044452
0.174822
-0.068748
-0.080990
-0.056666
-0.044500
-0.105585
0.126384
-0.056726
0.028712
0.077505
-0.020098
-0.081135
-0.007912
-0.130119
0.004298
-0.130299
-0.007947
0.065509
-0.081407
-0.007951
-0.007953
0.016549
0.016548
0.053282
0.016540
-0.081428
-0.007954
-0.032469
0.053318
0.004298
0.004298
0.053294
-0.020197
0.016546
0.065517
0.028775
0.004298
0.065464
-0.032397
-0.007936
-0.032415
0.016537
0.004298
-0.020182
0.004298
0.004298
0.016539
0.028775
0.065464
0.004298
-0.007932
0.004298
0.028757
-0.032392
0.028760
0.028754
-0.020158
0.028754
0.004298
-0.007929
0.016525
-0.020158
-0.007932
0.004298
-0.007933
-0.032406
0.016534
0.004298
0.016533
0.016531
-0.007935
0.004298
-0.007936
-0.020176
0.016536
-0.007939
-0.032424
0.028781
0.004298
-0.020185
0.016540
0.016539
-0.020185
0.016540
0.004298
-0.007944
-0.007945
-0.007947
-0.044697
0.041047
0.053276
-0.020188
-0.020194
0.028790
-0.032442
0.028793
0.028787
0.028781
0.028775
-0.044661
-0.020191
0.065509
-0.007941
0.004298
0.053246
0.004298
-0.032410
-0.020182
-0.007944
-0.007945
-0.007947
0.053270
-0.007942
0.065487
-0.020173
0.004298
0.028769
-0.044649
0.053246
0.016531
0.016530
0.016528
0.016527
-0.105814
-0.044679
0.089993
-0.020179
0.065479
0.077666
0.004298
-0.044607
-0.069105
0.089930
-0.056860
0.004298
-0.032415
0.004298
-0.007942
-0.032433
-0.069204
0.065554
0.004298
0.016545
0.041029
0.028778
-0.032424
-0.032437
0.028790
-0.007947
-0.007948
-0.007950
0.016546
0.004298
-0.020200
-0.020206
-0.020212
-0.081533
-0.020239
-0.020245
-0.081649
-0.007986
0.028865
0.016580
0.028856
0.028850
0.041115
0.028835
-0.007969
-0.007971
-0.007972
0.004298
0.016569
0.028835
-0.044781
-0.007975
-0.007977
-0.057100
0.090246
-0.032527
0.016575
0.053390
-0.044794
-0.069385
0.114802
0.077900
-0.044763
-0.044788
0.090183
-0.044769
-0.007972
-0.057078
0.053402
0.102434
-0.057025
-0.192190
0.004298
-0.007995
-0.167967
-0.094272
-0.193135
0.115403
0.041306
-0.094418
0.028987
0.028980
-0.008042
0.115307
-0.057358
0.041296
-0.057373
-0.180944
0.251212
-0.020366
0.004298
-0.057388
0.053651
0.078281
0.078226
0.090479
0.065810
0.139492
0.028859
-0.118567
-0.069493
-0.069548
-0.094248
-0.032682
0.041278
0.065901
0.016614
-0.131262
-0.069721
0.065985
0.028962
0.016628
-0.119067
0.028984
0.016639
0.090638
-0.082042
0.028974
-0.045060
0.065992
-0.032714
-0.094467
0.053693
-0.094516
-0.032782
-0.094650
-0.082362
0.152813
-0.008070
0.078482
-0.218419
0.004298
0.115719
-0.057587
0.103296
-0.057564
-0.057602
-0.020473
-0.032870
0.041466
0.053834
0.004298
-0.032851
-0.119633
-0.032911
-0.119833
0.016718
-0.493711
-0.020667
-0.020674
0.054236
0.041735
0.041721
0.128940
-0.058003
-0.020633
0.054155
-0.045558
0.054155
0.079037
0.004298
0.004298
-0.070440
0.016759
0.004298
0.091477
-0.020602
0.029199
0.004298
0.041637
0.054062
0.054037
0.016729
0.016728
-0.008131
0.041582
0.016723
-0.070273
0.016731
0.016729
0.004298
-0.020565
-0.008136
0.004298
-0.033013
0.054043
-0.020571
-0.020577
-0.020584
-0.045484
0.016746
0.029189
-0.020593
0.029189
-0.020593
-0.020599
0.029196
-0.008150
-0.008151
0.004298
0.029196
0.054074
0.029177
-0.008140
0.066476
0.016729
-0.032999
-0.020574
0.004298
-0.008140
0.016737
-0.020580
0.016738
0.004298
0.016737
-0.008140
-0.020584
-0.033036
0.054074
-0.020587
-0.020593
0.016745
0.066507
-0.008140
-0.020584
0.016740
0.054050
0.016732
-0.033008
0.016735
-0.008139
-0.008140
0.041609
0.078879
0.116065
0.053932
-0.032925
-0.045354
0.029128
END
