y[]
0.021864
0.046030
-0.014405
-0.002320
-0.014407
-0.099067
0.033971
0.009774
0.082298
-0.014404
0.106382
-0.026466
-0.014395
0.021829
0.058026
0.033870
-0.002320
-0.026446
-0.026451
-0.014388
0.106238
0.033840
-0.074653
-0.050571
-0.050594
0.045954
-0.026454
0.033879
-0.147195
-0.026486
-0.050670
0.094357
0.033910
-0.038550
0.009758
-0.002320
-0.002320
-0.002320
0.021832
-0.002320
-0.002320
-0.607869
0.106950
-0.014455
0.094720
-0.111497
-0.014458
0.034090
-0.038730
-0.026601
0.009821
-0.063040
0.009827
0.034112
-0.014463
0.082647
0.034072
0.009808
-0.087246
0.046218
-0.014452
-0.002320
-0.050864
-0.002320
-0.014460
-0.038748
0.009824
0.021964
0.021958
-0.026598
-0.026604
0.034103
-0.026601
0.009821
0.021958
-0.002320
-0.014458
-0.002320
-0.002320
0.046224
-0.002320
-0.026589
-0.014457
0.034085
0.058326
-0.002320
0.021928
0.046159
-0.038677
-0.002320
-0.014442
0.021922
0.009799
-0.014439
0.082482
0.167069
-0.014410
-0.038598
-0.014416
-0.026516
-0.111272
0.021902
-0.002320
-0.002320
-0.002320
0.094509
0.070240
-0.026501
-0.026507
0.070223
-0.074863
0.021867
-0.014413
-0.147546
0.046112
-0.026533
0.058202
0.009780
-0.014420
0.021878
0.058150
-0.050694
-0.014417
-0.074933
0.058194
-0.014420
-0.099172
-0.123518
0.058297
0.094591
-0.062878
-0.014436
-0.026557
0.106698
0.336090
0.033870
0.286732
-0.303434
-0.026448
0.009745
0.118249
0.094031
-0.014359
-0.062536
-0.038467
-0.014372
0.094054
0.009720
0.033792
-0.014356
0.033783
-0.098624
0.045844
-0.002320
-0.038441
0.021762
0.021756
0.045815
0.009710
0.129915
0.081739
0.057679
-0.050316
-0.002320
-0.038332
0.033692
0.129614
-0.038285
-0.038298
-0.002320
-0.050311
0.033675
-0.038315
-0.014321
-0.002320
0.009681
-0.026324
0.009683
-0.026327
0.009684
0.021684
0.021678
-0.050322
-0.026330
0.009685
0.057686
-0.002320
-0.062326
0.045688
-0.026321
-0.014323
-0.074366
0.021701
-0.026341
0.021701
-0.002320
0.009688
-0.002320
0.021692
0.009684
-0.026330
0.021689
-0.002320
0.021684
0.033675
0.021669
0.057628
0.057592
-0.026281
0.105458
-0.074159
0.033606
-0.014294
0.033597
0.105355
-0.062125
-0.062161
0.021621
-0.062182
0.045573
-0.002320
0.021618
0.009647
0.009645
-0.062161
-0.038242
0.021629
0.021623
0.093397
-0.050167
-0.026252
0.009647
-0.026255
0.009648
-0.026258
0.021618
-0.074151
0.021629
0.033593
-0.050207
-0.026272
-0.026278
-0.014301
0.009661
0.045590
-0.014295
0.009655
0.009654
0.009652
-0.002320
0.009651
0.009649
-0.038233
-0.050224
0.057557
-0.014293
0.057528
-0.014287
0.045538
-0.050178
-0.002320
0.033576
-0.026249
-0.002320
0.105316
0.009632
-0.038182
0.009635
0.009634
0.033533
0.033520
-0.014265
0.033511
-0.002320
0.009621
-0.062039
0.081277
-0.002320
-0.002320
0.009617
-0.014257
-0.002320
-0.014258
-0.002320
-0.014260
0.033494
-0.014257
0.021552
-0.050070
-0.026204
-0.014264
0.009624
0.021563
-0.014261
-0.014263
-0.002320
0.009622
-0.014263
0.009622
-0.014263
-0.002320
-0.002320
-0.014264
-0.014265
0.009625
-0.002320
-0.002320
-0.002320
0.009624
0.021563
-0.014261
0.009621
-0.014261
0.009621
-0.014261
0.009621
0.021558
-0.014258
-0.014260
0.021558
-0.002320
-0.014258
0.009618
-0.038139
-0.002320
-0.002320
-0.002320
0.021560
-0.014260
-0.014261
-0.002320
-0.002320
0.009621
0.009619
-0.002320
-0.002320
-0.002320
-0.014260
-0.002320
-0.002320
0.009619
-0.002320
-0.002320
-0.014260
-0.002320
-0.002320
-0.026204
0.021563
-0.026204
0.009622
-0.002320
-0.014263
0.009622
0.009621
-0.014261
-0.002320
-0.014263
0.009622
0.009621
-0.002320
-0.014261
-0.002320
0.009621
-0.014261
-0.002320
-0.002320
-0.014263
-0.002320
0.009622
-0.026206
0.021566
-0.014263
-0.014264
0.069322
-0.026195
-0.014260
-0.002320
-0.050093
0.009625
-0.050110
0.009629
-0.002320
0.009628
-0.002320
-0.002320
-0.002320
-0.002320
0.009627
-0.014267
-0.038169
0.045475
0.021569
-0.026209
0.021569
-0.050104
-0.002320
-0.026221
0.021580
-0.014270
0.057413
-0.038156
0.009627
-0.014267
0.009627
0.009625
-0.014265
0.009625
-0.002320
-0.002320
-0.002320
-0.026212
-0.002320
0.021572
0.009624
-0.014264
-0.002320
-0.002320
-0.026212
0.033516
-0.002320
-0.014264
-0.014265
-0.002320
0.009625
-0.002320
-0.002320
0.021566
0.021560
0.009618
-0.038139
0.009621
-0.002320
0.021558
-0.014258
-0.026201
0.009621
-0.014261
-0.014263
-0.014264
0.021566
-0.002320
0.009621
0.021558
-0.026198
-0.050093
0.009625
-0.038160
-0.026221
-0.050138
0.045498
-0.014273
0.009632
0.009631
0.021578
0.081277
-0.026198
0.069296
0.081167
-0.014243
-0.002320
-0.038096
0.009607
0.057292
0.009598
0.021512
0.021506
-0.014233
-0.002320
0.021504
0.009590
0.033401
-0.002320
0.033388
-0.002320
0.009580
0.009578
-0.038020
0.045276
-0.014217
0.009577
0.033362
-0.038003
-0.026115
0.009578
-0.026118
-0.002320
-0.014221
-0.002320
-0.085668
0.033409
0.009587
-0.014227
0.069100
-0.014220
-0.026124
0.021484
0.021478
-0.026118
-0.038028
0.045288
0.009578
-0.002320
-0.002320
0.009577
0.033362
-0.014213
0.033354
0.045225
-0.002320
-0.014204
-0.002320
0.009564
0.021444
0.021438
0.009557
-0.002320
-0.002320
-0.002320
-0.049837
-0.037973
0.009566
-0.061763
-0.038003
0.080919
-0.037986
-0.002320
-0.002320
-0.026104
0.009573
0.009571
0.009570
0.009568
-0.002320
-0.002320
-0.014209
-0.037994
-0.026110
-0.038015
0.021478
-0.026118
-0.002320
0.009580
-0.002320
-0.014220
-0.014221
0.009581
-0.014221
-0.014223
-0.002320
-0.002320
-0.002320
-0.002320
-0.014224
-0.026132
-0.002320
-0.002320
0.009587
0.021489
0.009583
0.009581
-0.014221
0.021481
0.009578
-0.014219
0.021475
-0.002320
-0.014217
0.009577
0.104689
-0.026090
0.009566
-0.002320
-0.002320
0.033328
-0.002320
-0.002320
-0.014202
-0.014203
0.128313
0.021413
-0.049792
-0.014192
-0.002320
-0.014193
-0.014194
-0.037952
0.009558
-0.014199
-0.002320
-0.002320
0.009558
-0.002320
-0.002320
-0.014199
0.009558
-0.014199
-0.002320
-0.002320
0.009558
-0.002320
0.009557
-0.014197
-0.002320
-0.002320
-0.014199
-0.014200
-0.014202
-0.002320
-0.014203
-0.014204
0.021447
-0.026087
-0.014206
0.009566
-0.037981
0.033341
-0.002320
0.009564
0.021444
0.009560
-0.026082
-0.014203
0.033324
-0.002320
-0.037964
-0.002320
0.045203
-0.037960
0.033320
-0.014199
0.009558
-0.002320
0.009557
-0.049837
0.021441
-0.014200
-0.037969
-0.002320
-0.014206
-0.014207
-0.002320
-0.014209
0.009568
0.009567
-0.026096
0.009568
0.021453
-0.002320
0.009564
-0.026090
0.009566
0.033328
-0.014202
-0.002320
-0.014203
-0.014204
-0.002320
0.009564
-0.014204
-0.014206
0.009566
0.009564
-0.014204
-0.002320
-0.002320
-0.002320
0.009564
-0.002320
0.009563
-0.049860
0.009567
-0.014207
-0.014209
0.021455
0.033333
0.009561
-0.002320
-0.026084
0.009563
-0.002320
0.009561
-0.026084
0.021444
-0.026084
0.009563
-0.014203
-0.014204
0.009564
-0.014204
-0.002320
-0.014206
-0.014207
-0.014209
-0.002320
0.009568
-0.014209
0.009568
-0.049883
-0.014214
0.009574
-0.049905
0.104714
-0.097456
0.069040
-0.014210
0.033345
-0.061770
0.080899
0.068956
-0.061713
-0.026087
0.033328
0.045191
0.033299
-0.002320
0.033286
-0.026056
-0.014190
0.033286
-0.026056
-0.014190
-0.037939
0.009554
-0.002320
-0.014194
-0.073596
-0.002320
0.021444
-0.002320
-0.037969
-0.026093
0.021453
0.021447
-0.014203
0.021444
0.009560
-0.109291
0.045237
-0.014207
END
