y[]
-0.000180
-0.013475
-0.000180
0.013115
0.013114
-0.000180
-0.000180
0.066261
0.079491
-0.000180
0.079427
0.092615
0.013070
0.026314
-0.000180
-0.000180
0.052786
0.026293
-0.039891
-0.000180
0.052765
-0.000180
-0.053125
-0.066401
0.026314
0.039547
-0.000180
0.013059
-0.039902
0.039542
0.052758
-0.039881
0.039521
-0.026645
-0.026652
0.026293
0.013054
-0.000180
0.026282
0.026275
-0.026635
-0.013410
-0.039881
0.013056
0.013054
-0.039886
0.013057
0.013056
0.013054
0.013052
0.013050
0.013049
-0.026638
0.026279
-0.000180
0.013047
-0.053097
0.052737
0.039490
-0.013401
-0.000180
-0.026628
0.013045
0.013043
-0.013403
-0.000180
0.052702
-0.000180
-0.013398
0.026254
-0.000180
-0.000180
-0.000180
0.026247
-0.000180
-0.000180
0.026240
-0.039813
0.039453
-0.000180
0.013028
-0.000180
-0.000180
-0.000180
0.013026
0.013024
-0.013384
0.026226
-0.000180
-0.000180
-0.079419
0.013031
-0.013391
0.013031
0.013029
0.013028
-0.013387
0.039437
-0.013384
0.013024
-0.000180
-0.013384
0.013024
-0.000180
0.013022
-0.013382
0.013022
-0.026586
0.026226
-0.000180
0.013021
-0.013380
0.013021
-0.026582
0.013022
-0.000180
-0.000180
-0.000180
0.026219
-0.013378
-0.026582
0.052619
-0.000180
-0.013377
-0.000180
-0.000180
0.026212
-0.000180
0.013014
-0.026568
0.013015
-0.013375
-0.013377
-0.013378
-0.000180
-0.000180
-0.026582
0.013022
-0.000180
-0.000180
-0.000180
-0.000180
-0.000180
-0.013382
0.026223
-0.000180
-0.013380
-0.000180
-0.013382
0.013022
-0.000180
0.013021
-0.000180
-0.000180
-0.000180
0.013019
-0.000180
0.026212
-0.013375
0.026209
-0.000180
-0.013373
0.013014
-0.000180
-0.000180
-0.013373
0.026205
-0.013372
-0.000180
-0.000180
-0.000180
-0.000180
-0.039765
-0.000180
0.013017
-0.013377
0.013017
-0.039776
0.026219
0.013017
0.013015
-0.026572
0.039406
-0.013373
0.026205
-0.000180
-0.026565
-0.000180
-0.013375
-0.026575
0.026216
0.026209
0.013012
-0.013372
0.026202
-0.000180
0.013008
0.013007
-0.000180
-0.000180
-0.013366
-0.013368
-0.013370
-0.013372
0.039390
-0.000180
0.013007
-0.000180
-0.039745
-0.000180
-0.013372
-0.000180
-0.013373
0.013014
-0.013373
-0.000180
-0.026572
-0.000180
-0.000180
0.013017
0.065779
-0.013368
-0.000180
0.013008
-0.013368
-0.000180
0.013008
-0.013368
-0.013370
0.013010
0.026195
-0.013366
0.013007
-0.026555
0.026195
0.013005
0.013003
-0.013363
-0.000180
-0.013365
0.013005
0.013003
-0.039734
-0.013368
-0.013370
-0.013372
-0.105776
0.039432
0.013021
-0.000180
-0.000180
0.026216
0.026209
-0.026568
-0.000180
-0.052978
-0.026589
0.131799
0.065744
-0.092485
-0.039765
0.065788
-0.000180
0.052563
-0.039734
0.052556
0.039354
0.026167
-0.000180
-0.026527
-0.013356
-0.013358
-0.039724
-0.052929
-0.079356
0.013021
0.065796
-0.039760
-0.052978
-0.026589
0.052632
0.026216
-0.026575
-0.039786
0.039427
0.026216
-0.039776
-0.026586
0.052626
-0.026579
0.078997
-0.026565
-0.026572
0.026212
-0.013375
-0.039776
0.052612
-0.013375
-0.000180
-0.066182
0.013024
-0.013384
0.026226
-0.013382
0.026223
-0.000180
-0.013380
0.052612
-0.026572
0.026212
-0.013375
-0.000180
-0.000180
0.013015
-0.000180
-0.052971
-0.039792
0.013026
-0.013385
0.039432
-0.000180
0.013021
-0.013380
-0.026586
0.026226
0.039416
-0.000180
-0.013377
-0.000180
-0.013378
0.013019
-0.000180
0.026212
-0.013375
-0.013377
0.026212
0.013014
-0.026568
-0.039776
0.013021
-0.000180
-0.000180
-0.000180
-0.013380
0.013021
-0.013380
0.013021
-0.000180
-0.000180
0.013019
0.026212
-0.026572
0.013017
-0.000180
-0.000180
-0.000180
-0.000180
-0.013377
-0.013378
0.013019
-0.000180
-0.013378
0.013019
-0.013378
-0.000180
0.013019
-0.000180
-0.013378
0.013019
-0.013378
-0.000180
0.013019
-0.000180
0.026212
-0.000180
0.013014
0.013012
-0.013372
-0.000180
-0.013373
-0.000180
-0.000180
-0.000180
-0.000180
-0.013375
0.013015
-0.013375
-0.000180
-0.000180
0.052591
0.026195
-0.013366
0.013007
-0.000180
-0.013366
0.013007
-0.000180
0.013005
0.013003
-0.000180
-0.000180
0.013002
-0.013361
0.013002
0.013000
-0.000180
-0.000180
-0.013359
-0.013361
-0.000180
-0.013363
-0.000180
-0.000180
-0.013365
0.013005
0.013003
0.013002
-0.000180
-0.013361
-0.000180
-0.000180
0.013002
-0.000180
-0.026544
-0.000180
-0.000180
0.013003
-0.000180
-0.013363
0.013003
-0.000180
-0.013363
0.013003
-0.039734
0.013007
-0.052936
-0.000180
0.013012
-0.026565
-0.000180
-0.013375
-0.026575
-0.000180
-0.026582
-0.013384
-0.013385
0.026230
0.013022
-0.000180
-0.000180
-0.000180
-0.052999
0.026233
0.013024
0.013022
0.026219
-0.052985
0.013024
0.013022
-0.000180
-0.026586
-0.026593
0.039437
-0.013384
-0.053013
0.013031
0.013029
-0.026600
0.013031
-0.000180
-0.013391
-0.000180
-0.013392
-0.000180
-0.013394
0.013035
0.013033
0.026240
-0.013389
-0.013391
-0.066261
0.039474
-0.013396
-0.026617
0.013040
-0.000180
0.013038
-0.000180
-0.013398
-0.026621
-0.000180
-0.000180
-0.000180
0.052695
-0.026614
-0.000180
-0.000180
0.013038
-0.000180
0.026251
-0.013394
0.039458
-0.026603
-0.119172
0.065945
-0.106000
0.065971
0.052709
0.052681
-0.066261
-0.092766
0.013052
-0.013412
0.065962
-0.039860
0.013049
0.079154
-0.053062
-0.039860
-0.026642
0.052737
-0.026635
0.013049
-0.000180
-0.026638
0.079175
-0.000180
0.013040
-0.079524
0.013049
-0.000180
0.013047
-0.000180
-0.000180
-0.039865
0.065953
-0.000180
-0.000180
-0.039854
-0.000180
0.052716
-0.000180
-0.000180
0.026258
-0.039839
-0.013403
-0.026631
0.039495
-0.013403
-0.013405
-0.000180
0.013045
-0.053090
0.013050
0.026275
-0.000180
-0.013406
-0.039870
-0.066365
-0.026666
-0.026673
-0.039933
-0.053209
-0.026705
0.026345
-0.000180
-0.079776
-0.053279
0.052920
0.013091
0.013089
0.039616
-0.013443
0.026345
0.013080
-0.039965
-0.000180
-0.026712
0.026352
0.026345
0.013080
-0.000180
0.013078
0.013077
-0.000180
-0.000180
-0.013436
-0.000180
-0.000180
-0.013438
-0.000180
-0.000180
0.013078
-0.000180
-0.000180
-0.000180
-0.000180
-0.000180
-0.013438
0.013078
0.013077
-0.000180
-0.026694
0.013078
-0.066488
0.013085
-0.079798
0.013094
0.013093
0.026360
-0.000180
0.026352
0.013084
0.026342
-0.000180
-0.026701
0.013082
-0.039970
0.052871
0.026335
0.039579
-0.013431
-0.026687
0.013075
-0.013434
-0.000180
-0.000180
-0.013436
0.013077
-0.000180
-0.013436
-0.013438
-0.000180
0.013078
-0.013438
-0.013440
-0.013441
-0.039975
-0.013449
0.013089
-0.013449
0.013089
-0.000180
0.013087
0.013085
-0.013445
0.013085
-0.000180
0.013084
-0.000180
0.013082
-0.000180
0.013080
-0.000180
-0.000180
-0.013440
-0.013441
0.013082
-0.013441
0.026342
-0.026701
0.013082
-0.000180
-0.000180
-0.000180
0.013080
-0.013440
-0.000180
0.013080
0.026335
-0.000180
0.013075
-0.000180
-0.013434
-0.000180
-0.013436
-0.013438
-0.000180
-0.000180
-0.000180
0.026335
-0.013436
0.039584
0.079301
-0.013422
-0.013424
-0.026673
-0.000180
-0.000180
-0.000180
-0.000180
-0.039933
-0.053209
-0.079776
0.039626
-0.026716
-0.013450
-0.066559
0.039653
0.026367
-0.013452
-0.000180
0.052899
-0.000180
-0.013447
-0.000180
-0.000180
0.013087
-0.026716
-0.026723
-0.000180
0.013093
-0.026726
0.026367
0.026360
-0.013449
-0.053272
0.013096
-0.000180
0.079438
-0.026712
-0.000180
-0.000180
-0.039991
0.013093
-0.026726
-0.000180
-0.053294
0.013101
-0.066603
0.013108
0.052955
-0.013461
-0.053322
0.039679
0.039664
-0.013459
-0.000180
0.026377
END
