y[]
0.011552
0.011551
0.023739
0.023733
-0.025017
0.023733
-0.025017
-0.000642
0.035919
0.035905
-0.025006
-0.025012
0.048091
-0.000642
0.048067
0.048043
0.035857
0.048002
-0.012801
0.011517
-0.024961
-0.000642
-0.049298
0.023689
-0.000642
-0.037141
-0.000642
0.023692
0.011523
-0.012807
-0.000642
-0.012808
0.035852
0.035839
0.011515
0.011514
-0.012798
0.011514
0.011512
0.011511
-0.000642
-0.024949
-0.000642
-0.049274
0.060145
0.011511
-0.000642
-0.037105
-0.073608
0.011523
-0.000642
-0.061480
0.011529
-0.024985
0.023701
-0.098049
-0.025009
-0.000642
-0.025014
0.096812
-0.012819
0.072395
-0.049328
-0.024994
0.060226
0.011527
-0.012811
-0.085868
0.023716
-0.025000
-0.012823
-0.012825
-0.000642
0.023721
0.035892
-0.085909
0.011543
0.011542
-0.025012
-0.000642
-0.037207
-0.000642
0.011548
0.023733
-0.000642
-0.000642
-0.025017
-0.025023
0.048115
0.023727
-0.025012
-0.073786
0.011552
-0.012836
-0.098251
-0.025059
0.035981
-0.037265
-0.061711
0.048216
-0.073938
-0.073992
-0.037337
-0.025113
0.011594
-0.037355
-0.049614
0.109510
-0.025110
0.121637
-0.049536
-0.025098
0.084927
-0.025083
0.011579
-0.037310
-0.012868
0.011584
0.097110
-0.037288
0.011575
-0.012859
0.036004
0.011570
-0.012854
-0.000642
0.072609
-0.049470
-0.049494
0.023787
-0.000642
0.035990
-0.000642
-0.012851
-0.025065
-0.098394
0.036026
0.060442
-0.000642
-0.073947
0.011579
-0.061763
0.023811
0.023805
0.158117
0.096931
-0.098215
-0.000642
0.109121
-0.000642
0.096824
-0.122489
-0.208124
0.048216
0.072600
-0.061673
0.145771
0.048115
-0.025017
0.084646
0.023713
-0.012819
0.011535
-0.024997
0.011536
-0.073733
0.011543
-0.012828
0.011543
-0.000642
-0.110365
0.011555
0.023748
-0.000642
-0.073831
0.060352
-0.037234
0.060337
0.011549
-0.098215
0.060352
0.060315
-0.000642
-0.049405
-0.025032
-0.000642
0.023748
0.011551
-0.025029
-0.012838
-0.025038
0.096907
0.011545
-0.098179
0.072520
-0.061607
0.035941
-0.012835
-0.000642
-0.049428
0.023754
0.011554
-0.012838
0.084698
-0.049399
-0.000642
-0.061621
0.048144
-0.025032
0.096883
0.084615
-0.098084
0.072448
-0.037181
0.011539
-0.037190
0.060263
-0.061547
-0.000642
-0.000642
-0.012828
0.011543
0.011542
0.011540
-0.025009
0.023724
0.121101
-0.024979
-0.024985
-0.037167
-0.025000
0.011537
-0.025003
-0.000642
0.011539
-0.037190
-0.037203
-0.000642
-0.037216
0.072493
-0.037203
0.011546
0.011545
0.011543
-0.000642
-0.025014
-0.012830
0.035919
-0.049393
-0.073813
-0.037248
-0.000642
0.023763
0.048150
0.011552
-0.012836
0.035937
-0.049417
-0.000642
0.072511
-0.061599
0.048127
0.035919
-0.000642
-0.000642
0.011542
0.011540
-0.000642
0.011539
-0.025006
0.035901
0.048061
0.035870
-0.012811
0.096670
-0.049286
0.108774
0.011508
-0.024943
0.047955
0.108614
0.011490
-0.024908
-0.000642
-0.000642
-0.012777
-0.061340
0.011500
-0.049221
0.011505
0.047931
-0.037070
0.047925
0.023633
0.011493
-0.000642
-0.012777
-0.012779
-0.024920
-0.012783
0.047913
-0.024917
-0.012782
-0.024926
-0.012786
-0.000642
-0.012788
-0.012789
0.023650
0.035786
0.023636
-0.097788
-0.037096
0.011511
-0.012795
-0.000642
0.011511
-0.024949
0.060115
-0.049245
-0.012796
0.047967
0.072227
-0.012783
-0.000642
0.072182
-0.037048
0.035763
-0.012776
0.096386
0.229424
0.047726
-0.024823
0.011449
-0.036920
-0.061134
0.011459
0.023556
-0.036942
0.011459
-0.000642
0.011458
-0.024843
-0.012745
0.011461
-0.012745
-0.000642
0.035662
0.011456
-0.049045
0.023562
-0.024846
0.011461
-0.000642
-0.000642
-0.012745
0.011461
-0.012745
-0.073290
-0.012755
0.011471
-0.012755
-0.073352
-0.000642
-0.049145
-0.000642
-0.000642
0.023612
0.047849
-0.000642
-0.000642
-0.000642
0.011477
-0.000642
-0.012761
-0.000642
-0.012763
0.035715
-0.000642
-0.000642
0.023589
-0.024873
-0.061244
0.023603
0.011478
-0.012763
0.047831
0.011473
-0.012757
-0.000642
0.059916
0.168726
0.023530
0.192525
0.083751
-0.012694
0.023460
-0.036798
-0.000642
0.023463
-0.072975
-0.048893
0.059668
-0.060952
-0.000642
0.095836
-0.000642
-0.012697
-0.085066
0.047609
0.059639
-0.024750
0.011413
-0.000642
0.011411
-0.000642
-0.036806
0.035522
0.071647
-0.048829
0.047545
0.011401
0.035479
-0.036763
0.023440
0.035470
-0.000642
-0.012678
0.011394
0.011392
0.071534
-0.036724
0.035439
-0.012668
0.035431
-0.024689
-0.012668
-0.036728
-0.024707
0.035453
0.059487
-0.000642
0.035418
-0.000642
-0.060749
-0.000642
-0.000642
0.023405
0.011379
0.035413
-0.012659
0.011375
-0.024678
0.047423
-0.084772
-0.036719
0.071499
0.035409
-0.072757
-0.024692
-0.036728
-0.108978
-0.036780
0.047539
-0.024730
-0.012688
-0.000642
-0.024738
-0.012692
-0.000642
0.011408
-0.000642
-0.024744
0.071647
0.023443
-0.024727
0.023443
-0.024727
-0.012687
-0.000642
-0.024736
0.011405
0.023449
-0.000642
-0.012687
-0.012688
0.011404
0.023446
0.011400
-0.024727
-0.000642
-0.012687
0.011403
-0.000642
0.011401
0.011400
-0.000642
-0.024727
0.011401
0.023440
-0.024724
0.023440
-0.024724
0.011400
0.011398
-0.000642
-0.012682
-0.012684
-0.012685
-0.012687
-0.060887
-0.000642
0.011410
-0.012694
-0.024750
-0.012698
0.011414
-0.024756
-0.012701
-0.000642
-0.000642
-0.012703
0.011418
-0.024765
-0.000642
-0.000642
-0.000642
-0.012706
-0.024773
0.011424
-0.012708
-0.000642
-0.000642
-0.000642
0.035553
0.023480
-0.012703
-0.000642
-0.000642
-0.012704
0.011420
-0.000642
-0.036832
0.011423
0.011421
-0.024770
-0.012708
0.011424
-0.000642
-0.024776
0.011426
-0.000642
0.023489
-0.024773
0.011424
-0.012708
0.011424
0.011423
-0.024773
-0.073071
-0.048957
0.035596
0.011435
0.011433
0.023504
-0.024788
0.011432
-0.024791
0.023507
-0.036867
0.107995
0.059661
-0.048881
0.023480
-0.036828
0.011421
0.011420
0.035535
-0.024759
0.023475
-0.024759
-0.012703
0.011418
-0.000642
-0.024765
-0.000642
0.011420
-0.048899
0.023489
-0.012707
-0.060988
-0.036867
-0.061047
0.023524
0.023518
-0.000642
-0.024802
-0.061069
-0.036916
-0.024832
-0.049039
-0.097506
0.023583
0.035684
-0.000642
-0.049080
0.023580
0.023574
-0.024858
-0.000642
-0.000642
-0.036977
-0.012757
0.011473
-0.049109
0.047825
-0.012757
0.047808
0.011467
0.059880
-0.036951
0.011462
-0.012746
0.011462
-0.073290
0.035689
-0.012751
0.011467
0.047778
0.047755
0.011453
-0.000642
-0.061134
-0.036955
0.023568
0.011461
-0.000642
0.023559
0.047743
0.120218
-0.036885
-0.061076
-0.049016
0.083996
0.047690
0.095953
-0.145570
0.035610
0.120102
0.023489
-0.024773
0.035553
-0.024770
-0.012708
0.011424
0.035548
0.131944
-0.024736
-0.012691
-0.048852
-0.133340
-0.000642
0.011429
-0.012713
-0.061018
-0.085229
-0.036916
0.059806
-0.000642
0.023527
-0.024811
0.083925
-0.000642
-0.024797
-0.036885
0.023521
0.047667
-0.012717
0.059719
-0.000642
0.047620
-0.012706
0.023483
0.035535
-0.133356
-0.048945
-0.000642
0.035588
0.035575
-0.012713
-0.024788
-0.048951
-0.024805
-0.000642
-0.000642
0.011440
0.035596
-0.133581
-0.061127
-0.073272
-0.085444
-0.109779
0.011490
0.072120
0.023600
0.035711
-0.097612
-0.085568
-0.097788
0.096504
-0.037061
0.023639
0.011496
-0.037061
-0.037074
-0.012789
0.023650
-0.024935
0.011505
-0.024937
-0.000642
0.047943
-0.012786
-0.000642
-0.000642
-0.024935
0.023650
-0.024935
-0.024940
0.023656
0.011505
-0.000642
0.011503
-0.000642
0.011502
-0.000642
-0.000642
0.035781
0.011496
END
