y[]
0.013249
-0.054564
-0.013879
-0.041025
0.013262
-0.013885
-0.013887
-0.054630
0.040430
-0.013890
-0.013892
0.040424
-0.054630
0.054007
0.013263
-0.054623
-0.285929
0.026925
-0.013929
-0.136589
-0.082167
0.095180
-0.013948
0.013324
-0.068510
0.013332
0.067878
-0.013946
0.081466
0.040552
0.026922
0.026914
0.013298
-0.054763
-0.000312
0.013304
0.013302
-0.068399
0.122212
-0.000312
-0.081978
-0.109303
0.108680
-0.054793
-0.027563
-0.068473
-0.000312
-0.027589
0.026966
-0.013950
-0.123137
-0.109616
-0.055009
-0.055039
0.013373
-0.013996
-0.096156
-0.041416
0.054490
0.013384
-0.014007
-0.000312
0.054460
0.054430
-0.000312
-0.013994
-0.055061
-0.000312
0.027067
-0.000312
-0.014000
0.068111
-0.000312
-0.000312
0.054393
-0.013985
-0.000312
-0.041343
-0.000312
-0.013992
-0.000312
-0.000312
0.040725
0.027037
-0.068697
0.013369
0.013367
-0.027671
0.040725
0.013364
-0.027664
0.013365
-0.013989
-0.013991
0.027044
-0.000312
0.027037
-0.000312
0.027029
-0.000312
-0.356330
-0.165056
-0.014053
-0.014054
0.068384
-0.055264
-0.041546
0.068403
-0.000312
0.013426
-0.000312
-0.000312
-0.000312
-0.014049
-0.027792
0.040906
-0.000312
0.013424
-0.000312
-0.027784
-0.069026
-0.000312
0.027180
-0.027803
-0.000312
0.013435
-0.014058
-0.027811
0.013439
-0.000312
0.013437
-0.000312
-0.027811
-0.014064
0.054686
0.054656
-0.014051
-0.014053
0.040906
-0.027788
-0.014053
-0.014054
0.040911
-0.000312
-0.027792
-0.000312
-0.027799
-0.041557
0.027187
-0.014060
-0.000312
-0.041569
0.054694
0.027180
0.040911
0.054626
-0.027777
0.040883
0.027142
-0.000312
-0.014037
-0.000312
-0.096446
-0.027795
0.013431
0.040906
-0.096512
0.082151
-0.027792
0.068374
0.040877
-0.041501
0.082049
0.040843
-0.027746
-0.014032
0.013409
-0.000312
-0.027754
0.013411
0.040843
0.054536
-0.041444
-0.014026
-0.000312
0.013403
0.027112
-0.000312
-0.068885
-0.000312
0.013407
0.040832
-0.000312
0.013399
0.109307
-0.027705
-0.096248
0.027108
-0.000312
-0.000312
-0.014021
-0.014022
-0.027739
0.027116
-0.014024
-0.027743
-0.000312
0.027119
0.027112
0.013397
0.027101
-0.082571
-0.082639
-0.014039
-0.068979
-0.027792
0.082106
-0.014043
0.013420
-0.041512
0.040889
0.054596
-0.041489
-0.055242
-0.000312
-0.014049
0.164410
0.013403
-0.027743
-0.000312
0.027119
0.273586
-0.027668
-0.027675
-0.000312
-0.000312
0.095428
0.068018
-0.178065
-0.013998
-0.068772
-0.041410
0.040787
-0.014009
0.218627
-0.068678
0.068055
0.149931
-0.013961
0.013337
-0.041264
0.095219
-0.054889
0.108814
-0.041220
-0.027593
-0.041248
-0.027612
0.054281
0.013332
0.026970
-0.041237
-0.000312
-0.000312
0.026974
-0.000312
0.163243
-0.027552
0.108606
-0.027530
0.026907
-0.041142
-0.000312
-0.000312
0.040519
-0.000312
-0.041142
-0.000312
0.013300
0.040513
-0.000312
-0.054748
0.013300
0.013298
-0.054763
-0.054793
0.081399
0.108532
-0.000312
-0.081933
-0.013922
0.026907
0.026899
-0.013916
0.013293
0.026892
0.013287
0.013286
-0.000312
-0.054711
0.067683
-0.068306
0.013291
0.067674
-0.013905
-0.136348
0.013300
-0.068390
0.026925
0.040530
-0.041153
-0.000312
-0.013929
-0.000312
-0.013931
0.013308
-0.000312
0.013306
-0.000312
-0.013929
0.013306
-0.000312
-0.027548
-0.000312
0.013308
0.026922
0.013302
-0.013925
-0.000312
0.040524
0.040508
-0.000312
-0.027522
0.067702
0.040474
-0.013905
-0.027504
0.013286
-0.000312
-0.013909
-0.013911
0.013287
0.026881
-0.027504
-0.000312
-0.013911
0.013287
-0.013911
-0.000312
-0.027515
0.040491
-0.000312
-0.000312
0.026881
-0.000312
0.040463
-0.027493
0.013280
0.013278
0.054029
0.013269
-0.027474
-0.013896
-0.013898
-0.013899
-0.000312
-0.013901
0.026866
0.013274
0.013273
0.013271
-0.027478
0.026855
-0.000312
-0.027478
0.013273
0.013271
-0.000312
-0.000312
0.013269
-0.000312
0.013267
-0.000312
0.026840
0.026833
-0.000312
0.013258
-0.000312
-0.013881
0.013258
-0.027452
0.013260
-0.000312
-0.027456
-0.000312
-0.000312
-0.000312
-0.000312
-0.027463
0.026840
0.013262
0.013260
-0.000312
0.013258
-0.041025
-0.000312
-0.000312
-0.013887
-0.000312
-0.013888
0.026840
0.040402
-0.041025
0.013262
-0.000312
-0.000312
-0.068196
-0.000312
-0.000312
0.013269
-0.109007
-0.027504
0.013286
0.026877
0.026870
-0.041086
-0.027504
-0.000312
0.040474
0.013280
0.054036
-0.013896
-0.013898
0.013274
-0.000312
-0.013898
-0.000312
-0.000312
-0.000312
-0.013899
-0.000312
-0.000312
-0.013901
-0.027497
0.013282
-0.000312
-0.000312
-0.041097
-0.000312
-0.000312
0.013286
-0.013909
0.013286
0.067646
-0.013899
0.026862
-0.000312
-0.041075
0.013278
-0.000312
0.013276
-0.000312
-0.000312
0.026859
0.013271
-0.013894
-0.000312
-0.027482
-0.013899
-0.013901
0.026866
-0.013899
-0.013901
-0.041092
0.013284
-0.013907
-0.013909
-0.000312
0.013286
-0.000312
0.054058
0.054029
-0.013894
-0.081844
-0.081911
-0.013918
0.122079
0.108355
-0.027467
0.040419
-0.027463
-0.041053
-0.081844
-0.054704
0.135613
0.026851
0.053992
0.026829
-0.013881
-0.000312
0.040391
-0.095311
0.013265
0.013263
-0.013887
0.081111
-0.027445
-0.000312
-0.013881
-0.013883
-0.000312
-0.013885
-0.027463
0.040413
-0.013885
-0.000312
-0.068205
0.013271
-0.081833
0.054044
-0.000312
-0.027486
0.067609
-0.000312
-0.000312
-0.000312
-0.000312
-0.081822
-0.000312
-0.000312
-0.041092
0.067646
-0.027489
-0.081889
-0.013914
-0.054741
-0.013924
-0.068399
-0.013935
0.026933
0.013308
0.081366
-0.054756
0.067739
-0.013918
0.026899
0.040491
-0.000312
-0.095543
-0.013924
-0.013925
-0.068408
-0.054822
0.013319
-0.000312
-0.013942
0.013319
0.026944
-0.027567
-0.000312
-0.013942
-0.000312
-0.013944
-0.013946
-0.000312
0.108710
-0.041181
0.013313
-0.000312
0.040552
-0.027552
-0.000312
0.013310
-0.013933
-0.000312
-0.013935
-0.027563
-0.013940
0.067813
-0.000312
0.013308
0.054147
-0.027537
-0.000312
0.040524
-0.013922
0.054118
0.026892
0.013287
-0.041114
-0.041131
-0.041147
0.013302
-0.068399
-0.000312
-0.000312
-0.027560
-0.000312
-0.054830
0.026951
-0.027574
-0.041220
0.013326
-0.027589
-0.041242
0.026977
-0.000312
-0.013955
0.026974
0.013328
-0.000312
-0.000312
-0.000312
-0.013951
-0.054889
0.013336
-0.000312
-0.013959
0.013336
-0.000312
-0.027608
-0.013963
-0.027619
-0.000312
-0.013968
-0.027630
0.027007
0.027000
-0.041281
0.054311
0.013339
0.054274
-0.041248
-0.000312
0.013336
0.013334
-0.000312
0.026974
0.026966
-0.000312
-0.013950
-0.000312
0.013326
-0.013950
0.013326
-0.000312
0.013324
-0.013948
0.013324
0.026955
0.013319
-0.013942
0.026947
-0.013940
-0.013942
-0.000312
0.013319
-0.000312
0.013317
-0.027571
0.013319
0.040569
-0.027563
-0.000312
-0.013940
0.013317
0.095037
0.013302
0.013300
0.013298
-0.013922
-0.013924
-0.041158
0.040535
0.108532
0.013286
-0.000312
-0.013909
-0.027511
-0.000312
-0.013914
-0.013916
-0.068362
-0.082033
-0.013938
0.040563
-0.027560
0.026936
-0.000312
-0.013935
-0.000312
-0.000312
-0.013937
-0.000312
0.013313
-0.000312
0.026933
-0.000312
0.013308
0.026922
0.026914
-0.013924
0.040519
0.040502
0.026888
0.040474
-0.027500
-0.000312
-0.013909
0.040474
-0.000312
-0.013905
-0.013907
0.013284
-0.013907
0.013284
-0.027504
0.040474
0.026870
0.013276
-0.027489
-0.027497
0.040463
-0.041086
-0.054704
0.026888
-0.013911
-0.041120
-0.027526
0.026903
0.040496
0.244187
-0.027449
0.162400
0.189185
-0.000312
-0.067948
-0.000312
0.013219
END
