y[]
0.046820
-0.024956
0.010930
-0.024959
-0.048902
0.046837
0.034855
-0.001032
0.010927
0.022883
-0.084759
0.034859
-0.001032
-0.001032
0.022888
-0.024953
-0.001032
-0.001032
0.022888
0.034838
0.010922
-0.048856
0.046792
-0.001032
-0.132603
0.022903
-0.024967
0.022903
-0.060880
0.010940
0.010939
0.022905
0.022900
-0.108772
0.190424
-0.120650
0.058794
-0.120721
-0.036967
0.058851
-0.013006
-0.024984
0.010944
0.010943
0.010942
-0.024982
-0.036967
-0.001032
-0.013013
-0.024999
0.046895
-0.024993
-0.001032
0.058859
-0.132840
-0.013023
-0.025019
0.058923
-0.084980
0.010965
0.022957
0.010960
-0.025019
0.010962
0.010960
-0.037014
0.034950
-0.049011
-0.061038
-0.001032
-0.049063
-0.001032
-0.013044
-0.013045
0.035002
-0.025053
-0.097175
-0.073200
0.071135
0.035032
0.023003
-0.025068
-0.013052
-0.061154
0.023021
0.023015
0.083087
0.131013
-0.013029
0.010965
0.070919
-0.060988
-0.001032
0.010962
-0.037019
-0.025030
-0.085071
0.046998
-0.073087
-0.001032
-0.013047
-0.025065
-0.085192
-0.061190
0.035067
0.047079
-0.013058
-0.001032
-0.001032
-0.001032
0.035041
-0.001032
0.010989
0.023006
-0.037092
0.059060
-0.013048
-0.013049
-0.001032
-0.013051
-0.001032
-0.001032
-0.013052
0.010988
0.023003
0.010983
-0.001032
-0.013048
-0.001032
-0.001032
-0.001032
-0.001032
-0.001032
0.035010
-0.025059
-0.013048
-0.025068
-0.001032
0.010986
-0.001032
0.010985
0.035010
-0.001032
-0.001032
0.022989
-0.001032
-0.013042
0.010977
-0.013042
0.022986
-0.001032
-0.013041
0.010976
-0.013041
-0.001032
-0.001032
-0.049080
0.022995
-0.001032
-0.001032
-0.037075
0.010983
-0.001032
-0.025065
-0.001032
-0.001032
-0.001032
-0.013051
0.010986
-0.013051
-0.001032
-0.001032
-0.037097
0.035032
-0.001032
-0.001032
-0.001032
-0.013052
0.010988
0.010986
-0.013051
0.023003
-0.013049
-0.001032
-0.001032
-0.025071
-0.025077
0.023012
0.023006
0.010985
-0.037088
-0.001032
-0.025077
-0.001032
-0.013057
-0.013058
0.010993
-0.001032
-0.001032
-0.013058
0.059082
-0.049121
-0.025085
-0.001032
-0.013061
0.010996
-0.001032
0.047068
0.047045
-0.025068
0.010986
0.010985
-0.097209
0.023021
0.119146
-0.073122
0.023003
0.047021
-0.049086
-0.013049
-0.037092
0.035028
-0.001032
0.035015
-0.037079
0.010985
-0.025068
-0.013052
-0.037101
-0.025085
-0.025091
-0.037131
-0.073269
-0.049219
0.023064
-0.013080
-0.001032
-0.061291
-0.037205
-0.025155
0.035149
-0.085477
-0.085548
0.023122
-0.025187
-0.001032
0.059343
0.047242
0.035158
0.059256
0.059220
-0.073339
0.059227
0.023061
-0.001032
-0.061277
0.011019
0.095330
-0.037157
0.011011
0.023050
-0.025114
0.011009
0.023047
-0.049196
-0.025123
-0.013080
0.023061
0.047137
-0.001032
0.023044
-0.109420
0.023064
0.023058
0.035093
-0.025114
0.035088
0.035075
0.083168
-0.085233
0.095191
0.035028
-0.157386
-0.109420
-0.037188
-0.037201
-0.037214
0.227897
-0.073269
-0.061270
-0.085426
-0.085497
0.191925
0.083269
-0.013071
0.047114
0.143268
-0.049109
0.023009
-0.085202
0.047073
0.023012
0.071066
-0.013045
0.022992
-0.049086
-0.025068
0.010986
0.023000
-0.037084
-0.037097
0.035032
-0.001032
-0.013052
0.071066
-0.037075
0.022997
0.059017
0.058981
-0.001032
-0.049040
0.046975
0.022963
-0.025028
-0.037036
-0.061067
-0.001032
-0.037071
-0.025065
0.059039
-0.025056
-0.013047
0.035006
0.010977
0.022983
0.046981
-0.013034
-0.025039
-0.073087
0.022992
-0.109186
-0.001032
0.035032
-0.073174
-0.061190
0.035067
-0.001032
0.023026
0.095145
-0.121268
0.035054
0.023018
0.035032
0.059046
-0.025059
-0.001032
-0.013048
-0.001032
0.010983
-0.001032
-0.025065
-0.001032
0.047027
-0.013045
0.010980
-0.037075
-0.013049
0.023000
-0.001032
-0.001032
-0.013048
-0.001032
0.022997
-0.001032
-0.001032
-0.001032
0.010980
-0.001032
-0.013045
-0.001032
-0.001032
-0.001032
0.022992
0.022986
-0.025051
-0.001032
0.010977
-0.049080
0.010982
0.035002
0.034989
0.022974
-0.001032
-0.001032
-0.001032
-0.025039
-0.001032
-0.001032
0.010972
-0.001032
-0.013036
0.010972
0.022971
0.022966
-0.013031
-0.013032
-0.025036
-0.001032
-0.001032
-0.001032
-0.001032
0.022971
-0.001032
0.010967
-0.025033
-0.001032
0.010969
-0.001032
-0.001032
-0.013034
0.010969
0.034963
0.010963
-0.013028
-0.001032
-0.001032
-0.013029
-0.001032
-0.001032
-0.013031
-0.013032
-0.013034
-0.013035
-0.013036
-0.013038
-0.013039
0.022980
-0.013038
-0.001032
0.010973
0.010972
-0.001032
-0.049057
-0.025053
-0.001032
0.010979
-0.001032
0.071005
-0.049052
-0.037062
0.010979
0.010977
-0.001032
0.034989
-0.049063
0.022986
-0.025051
0.010977
-0.013042
-0.025056
0.022992
0.107004
0.082916
-0.048994
0.010960
-0.001032
0.010959
0.022946
-0.037001
-0.073009
0.022966
0.046947
0.010959
-0.025016
0.010960
-0.037014
0.022957
0.010960
0.046924
-0.072975
0.010962
0.034941
-0.001032
0.034928
-0.001032
0.022934
0.010949
0.034902
0.034889
0.022908
-0.036945
0.022911
-0.013003
-0.036954
0.010943
0.010942
-0.024982
-0.013009
0.010944
-0.013009
0.010944
-0.001032
0.022917
-0.013006
-0.024984
-0.001032
-0.013011
-0.001032
-0.024993
-0.013015
0.034911
0.046872
-0.036958
-0.001032
-0.001032
-0.013011
-0.024993
0.010949
-0.001032
-0.036980
-0.025005
-0.001032
0.034924
0.010950
0.010949
-0.001032
0.034902
0.058830
0.070755
0.010927
0.082645
0.058694
-0.048811
0.058687
0.070584
-0.036834
0.034769
-0.001032
0.010899
0.058601
-0.001032
0.010890
0.058559
0.058523
-0.048674
0.141825
0.177253
-0.060425
-0.001032
0.034608
-0.001032
0.010845
-0.060432
0.058368
-0.024788
-0.012912
0.046479
0.022715
-0.001032
-0.024780
0.034587
-0.048527
0.010843
0.034587
-0.001032
0.010838
-0.024774
-0.036655
-0.048550
0.010849
-0.060454
0.058389
-0.036681
0.022735
0.010849
0.058354
0.022712
-0.024777
0.046451
0.034565
-0.024763
-0.001032
-0.012900
0.022701
-0.024766
0.010835
-0.012900
-0.024771
-0.036651
0.034587
-0.024777
-0.001032
-0.036660
0.010845
0.058332
-0.036647
-0.107952
0.117761
-0.048533
0.082078
-0.048516
0.010841
-0.024780
0.022715
0.022709
0.022704
0.010834
-0.012898
-0.024768
-0.060397
-0.024788
-0.001032
-0.024794
0.010849
-0.012914
-0.012915
0.010850
-0.012915
-0.001032
0.010850
-0.001032
-0.001032
-0.001032
0.010849
-0.001032
-0.001032
-0.012914
-0.001032
0.010849
-0.012914
-0.001032
0.022729
-0.001032
-0.012912
0.010848
-0.001032
0.010846
0.022721
-0.024785
-0.001032
0.010845
0.010843
-0.012908
-0.012910
0.022721
-0.001032
-0.012908
-0.024788
-0.024794
0.010849
-0.012914
0.010849
-0.001032
-0.001032
-0.001032
-0.001032
-0.001032
-0.001032
0.010848
-0.001032
-0.001032
-0.012912
0.010848
-0.012912
0.010848
-0.012912
0.010848
-0.024794
-0.012915
-0.001032
0.010850
-0.024799
0.010852
-0.001032
0.010850
0.010849
-0.012914
0.010849
-0.001032
-0.012914
-0.001032
0.010849
-0.012914
0.010849
-0.001032
0.010848
0.010846
0.010845
-0.012910
0.010845
-0.012910
0.010845
-0.012910
0.010845
-0.036668
-0.001032
0.034603
-0.001032
-0.001032
-0.001032
-0.024788
-0.001032
-0.001032
-0.001032
-0.012912
-0.036681
0.082128
0.034587
-0.036651
-0.024785
0.034595
0.022712
-0.001032
0.022707
-0.001032
-0.001032
-0.036643
-0.048533
0.058339
-0.036651
0.010842
-0.036660
0.022721
-0.036664
-0.001032
0.034599
-0.012908
-0.012910
0.046468
-0.036655
0.010843
-0.012908
0.010843
0.034587
-0.012904
-0.001032
-0.036655
0.010843
-0.001032
END
