y[]
0.084203
0.028430
0.098026
-0.041189
0.000567
0.028407
-0.055120
0.084086
0.028391
0.000567
0.070094
-0.013334
-0.027241
0.028376
-0.027241
-0.082905
-0.041195
0.056247
-0.013350
-0.027272
0.042324
0.028395
-0.041178
0.014484
0.014482
-0.013348
-0.013350
-0.069046
0.000567
0.014494
0.000567
0.042335
0.014486
0.014484
0.014482
0.000567
0.014480
0.000567
-0.041178
-0.013352
0.028403
0.000567
0.028395
0.000567
0.000567
0.000567
0.070103
-0.082882
-0.069027
-0.069075
-0.027303
-0.041253
-0.041271
-0.069202
-0.195045
0.070473
-0.139293
0.014562
0.014560
0.084483
-0.041382
-0.041400
0.140388
-0.013406
0.014541
-0.027381
-0.013410
0.014545
0.014543
0.028512
0.014537
0.000567
0.000567
-0.027373
0.014539
-0.041353
-0.041370
0.028528
0.000567
0.000567
0.000567
0.028520
-0.027385
0.028520
-0.013408
0.000567
0.014543
-0.013408
0.028516
0.070405
0.000567
-0.041329
0.000567
-0.027373
0.000567
0.028508
-0.013402
-0.027377
-0.013408
0.028516
-0.027381
0.000567
-0.027389
-0.027397
-0.027405
0.014554
-0.013420
0.000567
0.070483
-0.013412
0.056472
0.000567
-0.013406
0.014541
0.000567
0.000567
0.014539
-0.041353
-0.013410
0.056464
-0.013404
0.000567
0.000567
-0.013406
0.028512
0.014537
0.014535
0.014533
-0.027366
0.014535
-0.013400
0.014535
-0.027370
0.000567
-0.013404
0.028508
0.000567
0.000567
-0.041347
0.042481
0.000567
0.014535
0.042458
0.000567
-0.027358
0.028492
0.000567
0.028485
-0.013390
-0.013392
-0.013394
0.014529
-0.013394
0.000567
0.000567
0.000567
0.014529
-0.013394
0.000567
0.014529
-0.041323
-0.041341
-0.013406
-0.027385
0.000567
0.042493
0.000567
-0.013406
0.000567
0.028512
0.000567
-0.027377
0.056449
-0.027370
-0.013404
-0.069319
-0.041388
0.000567
0.000567
-0.041405
0.000567
-0.055424
0.098531
0.042522
-0.055377
0.028543
-0.055392
0.028551
-0.013424
0.000567
0.000567
0.000567
-0.027420
0.014562
-0.083431
0.014572
0.000567
0.000567
0.028571
0.000567
0.042558
0.000567
-0.027424
0.042552
0.014558
-0.027416
0.028551
0.000567
0.014556
-0.013422
-0.013424
-0.027420
0.014562
-0.027424
0.014564
-0.055432
0.042569
-0.083455
0.014576
0.000567
0.028578
0.028571
-0.027436
0.028571
-0.013433
0.014568
-0.013433
0.028567
0.000567
0.000567
0.042552
-0.027420
0.070522
0.000567
-0.013420
0.014554
0.084448
0.000567
-0.069329
0.000567
0.056488
-0.027389
-0.167335
-0.069475
0.196563
0.070473
0.098353
0.014529
0.070346
-0.055252
0.000567
-0.013392
0.126134
-0.027323
-0.097109
0.042440
0.000567
0.000567
-0.153053
0.028516
-0.041358
0.014545
0.014543
-0.125280
0.014558
0.028543
0.028535
0.028528
0.126292
-0.013394
-0.041329
0.112252
-0.055260
0.014527
-0.041318
0.028492
-0.027358
-0.111211
-0.027397
-0.013418
0.000567
-0.055392
-0.097438
0.014574
-0.041458
0.070600
-0.111509
0.014584
0.028594
0.042593
-0.069485
0.028594
-0.013445
-0.069525
0.182704
0.084519
-0.013420
-0.041405
-0.027424
0.070532
-0.013422
0.042528
0.028531
-0.027397
-0.027405
-0.083396
-0.041441
-0.041458
0.000567
0.056598
-0.013437
0.028575
-0.013435
-0.013437
0.014572
0.014570
-0.027440
0.014572
0.014570
0.000567
-0.027440
0.000567
0.042575
-0.027436
0.084554
0.014558
0.126397
0.014539
0.014537
-0.069299
-0.027393
-0.013416
0.028531
-0.013414
-0.055377
0.014556
-0.013422
-0.027416
0.000567
0.000567
-0.097438
0.000567
0.014574
-0.013439
-0.027452
0.014578
0.028582
0.042575
-0.013433
-0.013435
0.000567
0.000567
-0.027444
0.028578
-0.013437
-0.027448
0.000567
0.000567
0.000567
-0.013443
0.000567
0.000567
0.028586
-0.013441
0.014576
-0.013441
0.000567
0.014576
0.000567
-0.013441
-0.013443
0.014578
-0.027456
0.028590
0.000567
0.028582
0.000567
0.000567
0.000567
0.014572
0.000567
0.014570
0.014568
-0.027436
0.014570
0.014568
-0.027436
-0.027444
0.028578
-0.013437
-0.041458
0.056598
-0.027444
0.000567
0.000567
0.000567
-0.027452
0.028586
-0.027452
0.014578
0.000567
0.000567
-0.027456
0.042599
0.014574
0.014572
-0.013437
-0.027448
0.014576
0.000567
0.000567
0.042581
0.014568
0.000567
0.000567
-0.041441
0.000567
0.000567
-0.013439
0.028578
0.000567
0.070561
0.000567
-0.027424
0.042552
0.028547
-0.027413
-0.041417
0.028559
-0.055424
0.014568
0.000567
0.014566
-0.027432
0.014568
-0.013433
0.000567
-0.013435
0.014570
0.014568
0.000567
-0.013433
-0.013435
-0.013437
0.028575
-0.027440
0.028575
-0.083478
-0.083549
0.014592
0.000567
0.014590
-0.027479
0.014592
0.000567
0.000567
0.014590
-0.027479
0.028614
0.056637
0.014580
0.014578
0.000567
-0.013443
-0.013445
0.000567
0.042599
0.014574
-0.013439
0.000567
-0.027452
-0.027460
0.028594
0.000567
0.084601
-0.013433
0.000567
0.098531
0.042522
0.000567
-0.013416
0.070463
-0.013408
-0.013410
0.000567
0.000567
0.000567
-0.027393
0.056480
-0.069329
0.014550
-0.083361
0.098476
-0.027397
0.070463
-0.013408
0.237882
-0.055221
-0.069212
-0.139137
0.014546
0.028520
0.028512
-0.055330
0.070434
-0.027373
-0.013406
0.000567
0.056449
0.028496
-0.055299
-0.041353
0.042487
-0.013404
0.042476
0.014533
-0.013398
0.028496
0.014529
-0.055291
0.000567
-0.055322
0.028516
-0.027381
-0.041370
0.042505
-0.013410
-0.013412
-0.027397
0.000567
0.028531
0.000567
0.056472
-0.013406
-0.027385
-0.125316
-0.083443
-0.181697
0.126786
0.070620
-0.041458
-0.083537
-0.153808
0.056731
0.042670
-0.097699
-0.055628
-0.182287
0.070935
-0.027574
0.070906
-0.055699
0.000567
0.183318
-0.097796
0.000567
0.056787
0.042711
-0.041576
0.028665
0.028657
-0.013477
0.014611
0.014609
-0.013475
0.014609
0.000567
-0.013475
-0.027523
-0.027530
0.014617
0.028661
0.014611
-0.013477
-0.013479
0.014613
-0.027527
0.028661
-0.013479
0.028657
-0.055620
0.014617
0.000567
-0.027534
-0.013487
0.056771
0.042699
-0.041565
0.000567
0.014613
-0.013479
0.000567
0.028657
-0.013477
-0.013479
-0.013481
0.014615
0.000567
-0.083750
0.014625
0.028677
-0.027542
-0.013490
-0.027554
0.028689
0.028681
0.000567
0.014621
-0.041600
0.028681
-0.013489
-0.027550
0.028685
-0.013490
0.000567
0.000567
0.000567
0.000567
0.014625
0.014623
-0.013489
0.000567
0.000567
0.000567
-0.013490
-0.041618
0.014631
-0.041630
0.000567
0.000567
0.000567
0.000567
-0.041648
0.014641
0.028709
-0.027574
0.000567
0.000567
0.014639
-0.013504
0.014639
0.000567
0.000567
0.000567
0.056834
0.000567
0.000567
0.000567
0.028689
-0.027554
0.014629
0.000567
0.000567
-0.013494
0.000567
0.000567
0.000567
0.014629
0.000567
0.000567
0.042741
0.028673
0.000567
0.000567
-0.041594
-0.083809
-0.027574
0.042776
0.014633
-0.013498
-0.013500
0.028701
0.014631
0.014629
0.028685
0.014623
-0.027546
0.028681
0.028673
0.070797
0.014607
0.042676
0.000567
0.028630
-0.013463
0.028626
-0.013461
-0.013463
0.056676
0.000567
0.042628
-0.027471
0.014588
0.000567
0.014586
-0.013451
0.028602
-0.013449
-0.013451
0.014586
0.000567
0.014584
-0.027467
-0.013453
-0.013455
-0.041511
0.000567
0.028622
0.000567
-0.013459
0.000567
0.000567
-0.013461
0.014595
0.014594
0.028614
0.014588
0.014586
0.056621
-0.013443
0.000567
0.070600
-0.027440
0.000567
-0.069485
0.000567
0.000567
-0.013449
-0.013451
0.042616
0.042599
0.000567
-0.041464
0.042599
-0.055479
0.126627
-0.041435
0.000567
0.000567
END
