y[]
0.066152
0.039337
-0.000832
0.012554
0.039316
0.025924
-0.040968
-0.000832
0.012549
0.025924
-0.014209
0.039294
0.012540
-0.027577
-0.027584
-0.054358
0.012553
0.039310
-0.040973
0.025931
0.012547
0.052666
0.079361
-0.027555
-0.014196
-0.000832
-0.040936
0.012538
-0.014201
0.039273
0.012533
-0.014196
-0.000832
-0.000832
0.039257
-0.040920
0.039257
-0.000832
-0.121144
-0.000832
-0.054350
0.012551
0.025928
-0.027591
0.039305
0.012544
-0.014207
0.012544
0.039283
-0.000832
0.092708
-0.014189
-0.000832
0.052587
0.052559
0.012512
-0.040866
0.012515
-0.014178
-0.054236
0.012522
-0.040898
-0.067645
-0.000832
0.065982
0.025881
0.039224
-0.027534
-0.014185
-0.027545
-0.014191
-0.000832
0.039241
-0.027545
-0.067645
-0.054315
0.025914
-0.014203
0.039278
-0.014200
-0.014201
-0.000832
-0.014203
0.012540
-0.014203
-0.000832
-0.027580
-0.000832
-0.014209
-0.000832
0.025921
0.012542
-0.000832
-0.000832
-0.000832
0.012540
-0.000832
-0.000832
0.025906
0.012535
-0.014198
-0.054315
-0.000832
0.012542
-0.000832
-0.014205
0.012542
-0.014205
0.012542
-0.014205
-0.000832
0.025914
0.012538
-0.027573
-0.000832
-0.027580
0.025917
0.012540
0.025906
-0.014200
-0.027573
0.039278
-0.027570
-0.000832
-0.000832
-0.014203
0.012540
-0.000832
-0.000832
0.012538
0.025903
0.012533
-0.000832
0.039251
-0.027552
-0.000832
0.012529
-0.000832
-0.014193
-0.027559
-0.000832
-0.027566
0.039267
-0.014196
-0.000832
-0.000832
-0.000832
-0.014198
-0.014200
0.025903
-0.027566
-0.027573
-0.014205
-0.014207
-0.027587
-0.014212
-0.014214
0.039310
-0.000832
0.039294
-0.027580
-0.000832
0.012544
-0.000832
0.012542
0.012540
-0.014203
-0.014205
-0.000832
0.025914
0.012538
0.012536
0.065982
0.025881
-0.000832
-0.067627
-0.000832
0.039251
0.012526
0.052580
0.012517
-0.040882
-0.027541
-0.040909
0.012529
-0.000832
-0.000832
-0.000832
-0.014193
0.025888
-0.027552
-0.000832
0.012529
0.012528
-0.040914
-0.000832
-0.014196
-0.000832
-0.000832
0.025896
0.012529
-0.014193
-0.014194
-0.027562
0.012535
0.012533
-0.000832
-0.000832
-0.000832
-0.000832
0.039251
0.025881
-0.027545
-0.027552
0.052601
-0.014187
-0.000832
-0.000832
0.132644
-0.040856
-0.000832
0.052530
-0.027509
-0.014173
0.025849
-0.000832
-0.054201
0.039198
-0.080906
0.012519
-0.000832
-0.027534
-0.000832
-0.027541
-0.000832
-0.027548
0.025885
0.012524
-0.027545
-0.054279
-0.014198
0.065982
0.079286
0.012515
-0.121016
0.079307
0.012519
-0.000832
-0.027534
0.105935
-0.000832
-0.067547
0.025860
-0.134361
0.052601
0.185960
-0.054165
-0.000832
-0.067538
0.012513
-0.134361
0.039246
-0.000832
0.065929
0.025860
-0.040872
-0.000832
-0.054243
-0.054272
0.052609
-0.014189
0.012526
0.025878
-0.000832
0.012520
-0.027537
0.025874
0.039214
0.012513
0.052530
-0.027509
-0.014173
-0.040866
-0.027530
0.012519
-0.067601
-0.014191
0.079297
-0.027534
0.039219
-0.080949
0.012526
-0.014189
-0.000832
0.052587
-0.067610
0.025885
-0.014189
-0.040914
-0.040931
0.025903
0.012533
0.012531
0.012529
0.012528
-0.040914
0.012531
0.039246
0.025878
-0.000832
-0.014185
0.012522
0.025871
0.012517
0.012515
-0.027527
-0.000832
-0.000832
-0.000832
0.039208
0.025853
-0.027516
-0.080928
-0.027545
-0.000832
-0.014191
0.025885
-0.000832
-0.000832
0.012524
0.012522
0.012520
-0.014184
-0.027541
0.012524
0.012522
-0.027541
0.025878
-0.014185
-0.000832
-0.000832
0.012522
0.025871
-0.014182
0.012519
-0.027534
-0.000832
-0.000832
0.039219
0.012515
-0.040877
-0.014184
-0.014185
0.039224
-0.027534
-0.000832
0.012520
-0.014184
0.012520
-0.000832
0.039214
-0.027527
0.012517
-0.027530
-0.000832
0.012519
-0.000832
0.012517
0.012515
0.052537
-0.014171
-0.000832
0.012508
-0.000832
0.025842
0.012503
0.012501
-0.014164
-0.000832
-0.000832
0.039160
-0.014161
0.012497
-0.014161
-0.000832
-0.014162
0.025828
-0.000832
-0.027491
-0.000832
-0.000832
-0.014164
-0.014166
-0.040845
-0.000832
0.012508
-0.000832
-0.014171
0.012508
-0.040856
0.012512
0.025849
0.012506
-0.014169
-0.000832
-0.027513
0.039187
-0.000832
-0.027509
0.012508
0.025842
-0.027505
0.039176
-0.000832
0.012501
0.012499
0.039150
-0.027484
-0.014161
-0.000832
0.052473
-0.000832
0.012490
0.025807
0.012485
-0.027466
-0.000832
0.025803
-0.014148
-0.040792
0.012490
-0.054129
0.039144
-0.054137
0.012497
0.012495
-0.000832
-0.014159
-0.000832
-0.014161
-0.000832
0.025824
-0.014159
-0.027491
0.012499
-0.014162
0.025828
0.012495
-0.014159
0.012495
0.012494
-0.040813
-0.014162
-0.014164
0.025831
-0.054165
-0.000832
-0.014169
0.025842
0.012503
-0.000832
0.052487
-0.014159
-0.014161
0.012497
-0.000832
-0.054158
0.025835
-0.000832
-0.040834
0.039171
0.012499
-0.000832
0.012497
0.052466
-0.000832
0.025807
-0.080768
-0.014161
0.025824
-0.014159
0.025821
0.012492
0.039128
0.025800
-0.040781
0.065742
-0.027456
0.039102
-0.000832
0.092284
0.012464
-0.040723
-0.040739
-0.120648
-0.000832
0.092371
0.025782
-0.027445
0.025782
-0.000832
0.039075
-0.000832
-0.000832
-0.014132
-0.000832
-0.000832
-0.027438
0.025775
-0.014134
-0.000832
0.025771
-0.000832
0.012467
0.025761
0.012462
-0.027420
-0.000832
-0.027427
-0.014132
0.012469
-0.014132
0.025768
0.012465
-0.014129
-0.000832
-0.080651
-0.000832
-0.000832
-0.014141
-0.014143
-0.080736
-0.054137
-0.040829
0.012503
0.065813
0.012492
-0.067467
0.065804
0.039128
-0.000832
0.012485
0.025796
-0.027459
-0.000832
-0.000832
-0.040786
0.039123
0.012483
-0.027463
0.065733
-0.000832
-0.054080
-0.054108
-0.080800
0.092458
-0.040802
0.025817
-0.000832
-0.000832
-0.014155
0.012492
-0.000832
0.012490
-0.000832
0.012488
-0.014152
0.012488
-0.000832
-0.040797
0.025814
0.039123
0.025796
0.012480
0.012478
-0.000832
-0.040765
-0.014146
-0.000832
0.012483
0.025792
-0.014143
-0.014145
-0.014146
0.012483
0.012481
-0.027459
-0.014148
0.025800
-0.014146
-0.000832
-0.000832
0.025796
-0.014145
-0.000832
0.039102
-0.000832
-0.000832
-0.000832
-0.000832
-0.000832
-0.014141
-0.000832
-0.000832
-0.000832
-0.014143
-0.014145
-0.014146
0.012483
-0.000832
-0.000832
-0.000832
-0.014146
-0.014148
-0.027470
-0.000832
-0.000832
-0.014153
-0.014155
0.025814
0.025807
-0.014150
0.012487
-0.027470
-0.014153
0.012490
0.012488
-0.014152
0.025807
-0.014150
0.039118
-0.000832
0.012481
0.012480
0.012478
-0.000832
-0.000832
-0.000832
-0.014141
0.025785
0.039081
0.012469
-0.014132
-0.040744
0.025778
-0.040749
0.025782
-0.000832
0.025775
0.025768
-0.014130
-0.014132
-0.000832
-0.014134
-0.027442
0.025778
-0.040749
0.012476
-0.000832
-0.014139
-0.014141
0.012478
0.012476
-0.027449
0.039091
-0.080693
0.025796
0.012480
-0.014143
-0.027459
-0.040786
0.039123
-0.000832
-0.014148
-0.014150
-0.054122
0.025817
0.039128
-0.067441
0.025817
0.039128
-0.000832
-0.000832
0.025800
-0.014146
-0.014148
-0.027470
0.012488
-0.000832
0.012487
-0.014150
0.025803
0.012483
-0.000832
-0.000832
-0.027463
-0.000832
0.012485
0.012483
-0.000832
0.039102
0.039086
-0.027442
-0.027449
-0.000832
-0.000832
-0.014143
-0.040776
0.012485
-0.000832
-0.000832
0.012483
-0.014146
0.039107
-0.000832
-0.000832
-0.027456
0.012481
0.012480
-0.014143
-0.027459
-0.014148
0.065733
0.344592
0.091964
-0.040590
0.012423
-0.027343
-0.040612
-0.053896
-0.027374
-0.000832
0.025711
-0.067202
-0.080534
0.025743
-0.173693
-0.080714
-0.000832
END
