y[]
0.054262
-0.030925
0.125173
-0.016714
0.040006
0.054157
-0.045046
-0.016708
-0.045070
-0.002532
-0.016716
-0.030905
0.011655
0.025837
0.054181
-0.045064
-0.016714
0.025829
0.025820
-0.030885
-0.002532
-0.016712
0.096681
0.139031
0.011613
-0.016678
0.039898
0.082273
-0.030793
0.011599
-0.044932
-0.002532
0.011603
0.039862
0.011595
0.082190
-0.002532
0.011581
0.096205
-0.030733
-0.030741
-0.016640
-0.016642
-0.016644
0.053901
-0.016638
-0.016640
-0.073099
-0.016652
-0.002532
0.025704
-0.016650
0.011585
0.039808
0.053893
0.025669
-0.044836
0.067965
0.096080
0.110049
-0.030666
0.067786
0.011526
0.039629
-0.044694
0.109859
-0.002532
-0.002532
0.011508
0.053608
-0.058673
-0.058704
-0.030630
0.011518
0.011516
-0.002532
0.039600
0.095706
-0.030591
0.025526
-0.002532
0.011494
0.011492
-0.002532
-0.016556
-0.016558
0.011494
-0.002532
-0.016558
-0.002532
0.011494
0.011492
-0.016556
-0.016558
0.011494
0.011492
-0.016556
-0.002532
-0.002532
-0.002532
-0.030587
-0.030595
-0.016566
-0.016568
-0.016570
-0.002532
0.011506
0.025538
-0.016566
-0.002532
-0.016568
-0.002532
0.011504
0.011502
-0.002532
0.067609
-0.002532
0.025510
0.011486
-0.002532
-0.002532
-0.044593
0.039529
-0.044593
0.025510
-0.002532
-0.016553
-0.016555
-0.002532
-0.016556
0.025514
-0.002532
-0.002532
-0.016555
0.011490
0.011488
-0.016553
0.011488
-0.016553
-0.016555
-0.002532
0.011490
0.011488
0.011486
-0.016551
-0.016553
-0.002532
-0.016555
0.039529
0.011484
-0.016549
-0.002532
0.011484
-0.002532
-0.002532
-0.002532
-0.016549
-0.002532
-0.016551
-0.002532
-0.016553
0.025506
-0.002532
-0.030571
0.025506
0.011484
-0.016549
0.039511
0.039493
-0.030547
-0.016543
-0.030559
-0.044587
0.039523
-0.002532
-0.002532
0.011482
0.011480
-0.030559
0.011482
0.039499
-0.030551
-0.030559
0.011482
0.025491
-0.016543
-0.002532
0.025487
-0.030551
-0.016545
0.011480
-0.016545
-0.030563
0.011484
-0.030567
-0.002532
-0.002532
-0.002532
0.025503
-0.030567
0.011486
0.011484
-0.072634
-0.002532
-0.002532
-0.016558
-0.016560
-0.016562
0.039552
-0.072683
-0.002532
-0.016568
0.011504
0.025534
-0.002532
-0.016564
-0.030602
-0.016570
0.011506
-0.030610
0.011508
0.025542
0.025534
-0.016564
0.039558
-0.002532
-0.016560
-0.016562
0.011498
0.025522
-0.072683
-0.030606
0.025542
-0.044646
0.011508
0.011506
-0.016570
-0.002532
-0.072752
-0.002532
0.123828
-0.072713
-0.114923
0.039629
0.067697
-0.114923
-0.044711
0.166078
0.025542
-0.044646
0.053616
0.067609
0.025510
0.011486
-0.016551
-0.016553
0.109575
-0.016539
0.137445
0.039423
-0.114452
-0.058539
-0.044558
0.067501
-0.002532
0.025467
-0.086554
0.039488
-0.002532
0.011470
-0.002532
-0.002532
0.011468
-0.016533
-0.016535
-0.002532
-0.044552
0.053490
-0.016535
-0.002532
0.053467
-0.016529
-0.030532
-0.016535
0.025471
-0.002532
-0.044540
0.039476
0.011467
-0.002532
0.011465
0.053435
-0.002532
-0.030512
-0.002532
0.025448
-0.086495
0.011467
-0.002532
0.081419
0.011453
0.011451
-0.044487
0.011455
-0.002532
0.067373
-0.030489
-0.072457
0.039429
-0.002532
-0.016517
-0.002532
0.011453
-0.016517
-0.002532
0.025436
-0.016515
-0.002532
0.011451
-0.030500
0.011453
-0.044493
-0.016523
0.011459
0.011457
0.011455
-0.016519
-0.002532
-0.002532
-0.002532
0.011455
-0.030508
0.025444
-0.016519
-0.016521
0.025444
-0.016519
-0.002532
0.011455
-0.030508
0.011457
0.011455
-0.030508
0.011457
-0.002532
0.025440
0.025432
-0.002532
-0.002532
0.011447
-0.002532
-0.002532
-0.016511
0.011447
-0.016511
0.025424
-0.030489
0.011447
-0.002532
-0.002532
-0.002532
0.039394
-0.016506
0.011441
-0.016506
0.025412
-0.002532
-0.016504
-0.002532
-0.016506
0.025412
-0.002532
0.011437
-0.002532
0.025401
-0.030465
-0.002532
0.011435
-0.002532
-0.002532
0.011433
-0.002532
-0.002532
0.011431
-0.002532
-0.030461
0.011433
-0.016498
-0.016500
0.011435
-0.002532
0.011433
-0.002532
-0.016498
0.011433
-0.044435
-0.016504
-0.002532
-0.002532
-0.030481
0.025416
-0.016506
0.025412
-0.002532
0.011437
-0.002532
-0.030473
-0.016506
-0.016507
0.011443
0.011441
-0.016506
0.011441
-0.016506
0.011441
-0.002532
-0.016506
0.011441
0.011439
-0.030477
-0.002532
-0.002532
-0.016507
-0.030489
0.011447
0.039394
0.011439
-0.016504
0.025409
-0.002532
-0.002532
-0.016502
0.011437
-0.016502
0.011437
-0.002532
-0.016502
-0.016504
0.011439
0.011437
-0.002532
-0.002532
-0.002532
0.011435
0.011433
0.011431
-0.016496
0.067266
-0.016488
-0.016490
-0.002532
0.039335
-0.002532
-0.044400
0.011425
0.053279
0.011416
-0.030430
-0.030438
0.011422
0.025370
-0.016482
-0.016484
-0.030442
-0.002532
0.011424
-0.002532
-0.030446
0.011425
0.039329
-0.044394
0.011424
-0.002532
0.011422
-0.002532
-0.030442
-0.030450
0.011427
0.011425
-0.002532
0.011424
-0.016488
0.011424
-0.002532
-0.016488
-0.030450
-0.044423
-0.072389
-0.016509
0.081302
-0.030469
0.053334
-0.072370
0.039376
-0.002532
-0.016500
0.067286
-0.086319
-0.002532
0.039370
0.039353
-0.030453
0.053303
-0.044405
0.039341
-0.002532
0.011422
-0.030442
0.011424
-0.100263
-0.002532
-0.044446
-0.002532
-0.016507
0.053357
-0.002532
-0.016502
0.011437
-0.016502
-0.016504
0.011439
-0.016504
-0.002532
-0.044458
0.025420
0.039382
-0.016502
0.025405
0.039358
-0.016494
0.039347
0.011424
-0.030446
-0.002532
-0.002532
0.039335
-0.002532
-0.002532
-0.002532
-0.002532
0.025370
-0.016482
-0.002532
-0.016484
0.011420
0.053256
0.025350
-0.002532
0.011406
-0.002532
0.039271
0.025327
-0.058258
-0.016469
-0.002532
0.081057
-0.030387
-0.030395
-0.044341
0.011406
0.011404
-0.030407
0.011406
-0.002532
-0.002532
-0.016470
0.025342
0.011402
-0.002532
-0.002532
-0.002532
0.011400
-0.016465
-0.002532
0.011400
-0.016465
-0.002532
-0.002532
-0.072223
-0.030422
-0.030430
0.011418
-0.016482
-0.002532
-0.002532
0.011418
0.011416
-0.016480
-0.016482
-0.002532
0.011418
-0.002532
-0.002532
-0.002532
-0.016482
0.011418
-0.002532
-0.016482
0.025366
-0.002532
-0.002532
-0.016480
-0.030434
0.011420
-0.002532
0.011418
-0.016482
-0.002532
0.011418
-0.002532
-0.016482
-0.016484
-0.002532
0.011420
-0.002532
0.011418
-0.002532
-0.016482
0.025366
-0.030430
-0.016484
-0.002532
-0.030442
-0.016490
0.011425
0.011424
0.025373
-0.016484
-0.030442
0.025377
0.011420
-0.002532
-0.002532
0.011418
-0.002532
-0.030434
0.025370
-0.016482
-0.016484
-0.030442
0.025377
0.011420
-0.030438
-0.002532
-0.002532
0.025373
-0.016484
-0.002532
0.011420
-0.002532
0.011418
-0.016482
0.011418
-0.016482
-0.002532
0.025366
-0.016480
-0.044388
-0.030446
0.011425
0.011424
-0.016488
-0.002532
-0.016490
0.011425
-0.016490
0.025381
0.039323
0.011416
-0.016480
-0.016482
-0.002532
-0.030438
0.011422
-0.058359
-0.002532
0.039341
0.011422
-0.002532
-0.002532
0.053264
0.011412
0.011410
-0.016474
-0.002532
0.011410
0.067149
0.025327
-0.030391
-0.002532
-0.002532
0.011398
0.011396
0.011394
-0.030387
-0.002532
0.011396
-0.016461
0.011396
0.053163
-0.058227
0.039242
-0.002532
0.011389
-0.002532
0.025304
0.025296
-0.002532
-0.016445
0.011381
-0.030360
0.011383
-0.002532
-0.002532
-0.016447
-0.030368
-0.002532
-0.016453
0.011389
-0.030376
0.039230
-0.002532
-0.002532
-0.030372
0.011389
-0.002532
0.025304
-0.016449
0.067033
0.025280
-0.016438
0.025276
-0.016436
-0.002532
0.053070
-0.127680
-0.058204
0.039224
-0.169663
END
