y[]
0.024985
-0.022685
-0.022691
0.001150
-0.046549
0.036926
-0.010774
0.048837
0.048814
0.096411
-0.010753
-0.022660
-0.046486
0.060692
-0.070304
0.024974
0.001150
0.048780
-0.034571
-0.118011
-0.046554
-0.046577
-0.058541
-0.070526
0.025048
0.013097
0.013095
0.025036
0.096638
-0.070458
-0.022731
0.108568
0.048854
0.048831
0.048809
0.072596
0.024954
-0.010751
0.001150
0.024951
0.001150
0.013048
0.013047
0.001150
-0.022645
-0.022651
0.013051
-0.022654
0.001150
0.001150
0.013053
0.001150
0.013051
0.001150
-0.010751
-0.010753
0.001150
-0.022660
-0.022665
0.013058
-0.022668
0.001150
0.013060
0.013058
0.013057
0.013055
0.036858
0.001150
0.024948
-0.010748
0.013048
0.001150
-0.010748
0.001150
-0.010750
0.001150
0.013050
-0.022651
0.024951
0.001150
0.001150
0.001150
0.013048
-0.010748
-0.034554
-0.058384
-0.010761
0.024971
-0.022671
0.001150
0.013061
0.001150
-0.010761
-0.010763
0.001150
-0.010764
0.013064
-0.010764
0.001150
-0.034600
0.013068
0.013067
0.001150
-0.010767
0.001150
0.024982
-0.010765
0.013065
0.001150
-0.022682
0.013067
-0.010767
0.001150
0.001150
0.001150
0.013067
-0.010767
0.013067
0.001150
0.024979
0.013063
0.024971
0.001150
0.013058
0.001150
-0.010758
0.013058
-0.010758
0.013058
0.001150
-0.034579
-0.022677
-0.010765
0.036892
0.024971
0.013058
-0.022668
0.024968
-0.022668
0.001150
0.013060
-0.046497
0.036888
0.036875
-0.010757
0.001150
0.024962
-0.010755
0.001150
0.013055
0.024957
0.072536
0.048712
-0.010738
0.013038
0.013037
-0.010737
0.001150
0.013037
0.001150
0.001150
-0.010737
-0.022628
0.013040
-0.010740
-0.034528
-0.010746
-0.010747
0.060621
0.013040
-0.010740
0.048701
-0.010736
0.001150
-0.010737
0.001150
0.001150
0.001150
-0.022628
-0.010741
0.001150
0.013041
0.001150
-0.058321
0.013047
0.001150
0.001150
0.024940
0.013043
-0.022637
-0.046441
-0.034558
-0.022662
0.024962
-0.010755
-0.034575
0.048780
0.001150
-0.058392
0.001150
0.001150
0.013061
-0.010761
-0.106114
0.001150
0.024996
-0.010773
-0.034626
0.036926
-0.094281
-0.106319
0.025042
0.001150
0.048917
0.060827
-0.070466
0.001150
-0.106370
-0.070595
-0.022776
-0.094613
0.025099
0.013122
-0.010822
-0.034776
-0.046771
0.061048
-0.094704
0.037106
0.061048
0.013125
-0.022802
0.037076
-0.046754
-0.034793
-0.022819
0.025119
-0.034806
0.001150
0.001150
-0.082798
0.049129
-0.010843
-0.046835
-0.070870
-0.010858
-0.058914
0.061214
-0.022871
-0.070948
0.025188
0.013167
-0.083000
-0.059000
-0.107212
0.049325
0.025229
0.025223
-0.047002
-0.034979
-0.143498
0.013212
0.037327
-0.071218
0.037340
0.013211
-0.095375
0.073553
0.049389
0.085513
0.001150
0.013196
-0.022943
-0.119405
-0.035045
0.013216
0.109682
0.025252
-0.059116
0.097559
0.097466
0.049273
-0.022909
0.037236
0.013176
-0.010876
0.013176
-0.022903
0.001150
0.013177
0.001150
-0.083071
0.001150
0.013186
0.025217
0.001150
0.025212
-0.022912
0.001150
0.001150
-0.022917
0.013184
0.013183
-0.059029
-0.022932
0.001150
0.013192
-0.022935
0.037275
0.001150
0.013189
0.025223
0.001150
0.013184
-0.022920
0.013186
-0.034962
0.037262
0.001150
0.001150
0.025217
0.001150
0.037240
0.025203
0.001150
0.025197
0.025191
-0.010870
0.001150
0.001150
-0.010871
0.025191
-0.010870
0.013170
-0.010870
-0.034919
-0.010876
0.001150
-0.010877
0.013177
-0.010877
-0.010879
-0.022912
0.001150
0.013182
0.013180
0.001150
-0.010880
0.001150
-0.010882
0.001150
0.013182
0.001150
0.025209
-0.034940
0.001150
0.013182
-0.010882
-0.010883
0.013183
0.013182
0.013180
-0.022912
0.001150
-0.022917
-0.022923
0.001150
0.013187
0.025220
0.001150
0.001150
0.001150
0.013183
-0.022917
0.049279
0.001150
0.013179
-0.010879
0.037232
-0.010876
0.001150
0.013176
0.013174
-0.083050
-0.010884
0.001150
-0.022923
0.073352
-0.119216
-0.071139
-0.035014
0.025261
0.037305
0.001150
0.001150
-0.022952
-0.071191
-0.035040
0.109682
0.037301
0.001150
-0.010899
0.097501
-0.010889
-0.010890
0.013190
-0.022932
0.049308
-0.010887
-0.083152
-0.010899
0.037292
0.001150
-0.047043
-0.010902
-0.035014
-0.010908
-0.035032
-0.035045
-0.010918
-0.010919
0.001150
-0.035067
0.049436
0.001150
-0.022990
-0.010922
-0.047153
-0.023010
-0.010932
-0.083468
-0.047235
-0.047259
0.037459
-0.010951
0.110010
-0.047218
0.037428
-0.035128
-0.010946
0.025340
-0.035137
-0.047253
0.025354
0.013250
0.013248
-0.059357
0.061657
-0.047253
-0.010954
0.037459
-0.010951
0.037450
-0.083570
-0.010959
-0.107895
0.013272
-0.229419
-0.035304
0.037604
0.231719
0.025389
-0.229363
0.110406
0.182979
-0.107908
0.025395
0.219094
-0.035141
0.085809
-0.083509
-0.035154
-0.035167
0.146341
-0.119828
-0.119974
0.073842
-0.059423
-0.047335
0.025395
0.001150
0.025389
0.098049
-0.023066
-0.083652
-0.035216
0.073868
0.013265
-0.010965
-0.047323
-0.010972
-0.023098
-0.047364
0.013281
0.025407
0.013276
0.001150
-0.083765
-0.023125
0.013288
-0.010988
0.001150
0.134588
0.013272
-0.035220
0.061760
-0.047335
0.122318
-0.059416
-0.035207
-0.047347
0.098120
-0.047323
-0.035220
0.013275
-0.083755
0.001150
0.049676
-0.083786
0.037560
-0.071683
-0.023140
-0.010997
0.013297
-0.010997
0.158946
0.110248
0.037489
0.001150
0.025369
-0.010959
0.025366
-0.023066
0.001150
-0.010960
0.025369
0.013257
-0.010957
0.049570
-0.047270
0.013257
-0.010957
0.025363
0.001150
0.013254
0.013253
0.001150
-0.010953
0.013253
0.013251
-0.010951
0.013251
-0.010951
0.001150
0.001150
-0.010953
0.013253
0.001150
0.001150
0.013251
-0.010951
-0.010953
0.013253
-0.010953
0.001150
-0.023060
0.013256
0.001150
-0.010956
-0.047288
0.025372
-0.010960
0.013260
-0.047300
0.013265
-0.010965
0.085921
0.085850
-0.071445
-0.035167
-0.023069
0.049582
0.001150
0.001150
0.061657
0.025343
0.013244
0.013243
0.037419
0.025322
0.037397
0.013229
-0.010929
0.001150
0.013229
-0.023010
0.037388
0.013227
0.001150
0.013225
0.013224
0.025293
0.025287
0.001150
0.001150
0.001150
-0.010918
0.025284
0.001150
0.037340
0.037327
0.025261
-0.022961
-0.035027
0.037327
0.061416
0.037292
-0.047043
-0.035010
0.013205
-0.071200
0.025273
-0.010911
0.013211
0.037323
-0.022964
-0.010909
0.037323
-0.022964
0.013208
0.025261
-0.022961
0.025261
0.001150
-0.010905
-0.010906
-0.035027
0.013211
0.049378
-0.071200
0.097605
-0.083243
-0.059175
0.037349
0.013213
0.037332
0.013208
-0.059153
0.001150
-0.022981
0.025281
0.013213
-0.010913
0.049395
0.085523
0.049331
0.001150
-0.022938
0.013195
0.001150
-0.022941
0.037284
0.001150
0.013192
0.013190
0.025226
-0.022926
0.061329
-0.022917
0.001150
-0.022923
-0.010889
-0.071113
0.025243
0.013195
-0.034988
-0.022949
0.013200
-0.022952
-0.010903
0.001150
0.037305
0.001150
0.025246
-0.034997
-0.010902
0.001150
0.025252
0.025246
0.049325
-0.034979
0.001150
-0.034992
-0.083233
0.037323
-0.010906
-0.010908
-0.022970
0.013211
-0.035036
-0.047118
0.001150
0.049418
-0.083335
-0.047159
-0.095538
-0.047229
0.025343
0.109944
-0.131837
-0.083570
-0.035181
0.025372
-0.095773
0.025389
0.098049
0.146323
-0.047218
0.146183
0.049448
0.037358
0.073526
-0.083294
0.001150
0.109708
0.025258
0.037301
0.037288
-0.010895
-0.010896
0.085442
0.025220
-0.034958
0.145502
-0.022894
0.013173
-0.010873
0.001150
0.025194
END
