y[]
0.126868
-0.050475
-0.002123
-0.034371
-0.018251
0.046253
-0.002123
-0.002123
-0.002123
-0.018245
-0.002123
0.014000
0.013997
-0.018243
-0.002123
0.030114
-0.082736
0.046253
-0.002123
-0.034371
0.014002
-0.002123
0.030120
-0.002123
-0.002123
-0.034365
0.030120
0.078438
-0.002123
-0.018230
0.030088
-0.002123
-0.050444
0.078399
0.062248
-0.018212
0.046136
-0.018206
-0.002123
0.094340
-0.018194
-0.066432
0.013958
-0.002123
-0.002123
-0.018204
-0.002123
0.013958
-0.002123
-0.018204
-0.050382
0.030052
0.013961
-0.018206
0.030042
-0.002123
0.013956
0.013953
0.046089
-0.002123
0.030006
0.013938
-0.002123
-0.002123
0.013935
-0.034241
-0.002123
-0.002123
-0.018186
-0.034257
-0.018194
-0.018196
-0.018199
-0.034282
0.030037
-0.082541
-0.002123
0.030052
-0.002123
0.046120
-0.034282
0.013958
-0.002123
-0.018204
0.062186
-0.018196
-0.018199
-0.034282
-0.034293
-0.002123
-0.034303
0.013969
0.046136
-0.002123
0.046113
0.062155
-0.018188
-0.002123
0.030006
-0.034251
-0.066411
-0.002123
-0.082541
0.013966
-0.050397
-0.050420
-0.002123
0.062269
-0.018217
-0.002123
0.013971
-0.002123
0.013969
0.078295
0.046097
-0.034267
0.013950
-0.002123
0.030016
0.013943
0.013940
-0.034251
0.046066
-0.066380
0.013945
0.030006
-0.002123
0.029995
-0.066370
-0.002123
-0.002123
-0.002123
-0.002123
-0.002123
-0.002123
0.046066
-0.002123
-0.034246
-0.018188
0.013943
-0.002123
-0.002123
-0.018188
-0.050335
-0.082528
-0.050397
0.046151
0.013963
-0.066483
0.046151
0.013963
-0.002123
0.013961
0.013958
-0.050374
0.030047
-0.082567
-0.082632
-0.002123
-0.066577
0.030109
0.094511
0.030068
-0.002123
-0.034313
-0.114872
-0.098866
0.046260
-0.002123
0.014000
-0.228075
-0.115291
0.094886
-0.018284
-0.196266
-0.002123
0.062634
0.030240
0.143379
-0.034438
-0.002123
0.062498
-0.034428
-0.050600
0.014039
-0.002123
0.110935
0.062425
-0.018256
0.014010
0.110735
-0.034355
0.110644
-0.034329
0.030083
-0.018225
0.046175
-0.034319
0.110517
-0.002123
-0.050382
-0.034308
-0.002123
0.013971
-0.050413
0.030073
-0.050420
0.046175
0.046151
0.046128
-0.034288
-0.018209
0.030047
0.030037
-0.050366
0.158597
0.094185
0.013920
0.045989
0.045966
-0.034179
-0.034190
-0.034200
0.029954
-0.050242
-0.002123
-0.018168
0.078076
-0.050234
0.029954
0.029944
-0.114401
-0.034226
-0.018178
-0.002123
0.013932
-0.066359
0.078166
-0.002123
-0.018176
-0.002123
0.046027
-0.002123
0.013922
-0.018168
-0.018170
-0.066339
-0.050312
-0.018191
0.030011
-0.002123
-0.002123
-0.018188
-0.002123
-0.018191
-0.002123
0.013945
-0.018191
0.013945
-0.002123
-0.002123
-0.002123
-0.018191
-0.002123
-0.002123
-0.002123
-0.002123
-0.018194
-0.002123
-0.034272
-0.018201
-0.002123
-0.066463
0.030052
0.013961
-0.050382
0.013966
-0.002123
-0.018212
-0.002123
0.013966
-0.034303
-0.018217
-0.018219
-0.002123
0.030068
-0.082619
-0.002123
-0.002123
0.030083
-0.018225
-0.002123
-0.018227
-0.034339
0.013987
0.046190
-0.002123
-0.034329
0.013982
-0.034334
0.030088
-0.002123
-0.002123
-0.018227
-0.018230
-0.002123
-0.002123
-0.002123
0.013984
-0.002123
0.013982
-0.018227
-0.018230
-0.018232
-0.050467
0.046221
-0.002123
-0.002123
-0.018235
0.062310
0.013979
0.013976
-0.002123
-0.002123
-0.002123
-0.018222
-0.002123
0.013976
-0.018222
-0.018225
0.013979
0.013976
-0.018222
-0.002123
-0.034329
-0.002123
-0.002123
-0.018230
0.013984
-0.131051
0.014002
0.062352
0.078412
0.046167
0.046144
-0.002123
0.110408
-0.227312
0.078360
-0.114817
-0.018232
-0.066587
0.046229
0.046206
0.062279
-0.098741
-0.002123
-0.034350
0.062321
-0.098803
-0.066629
-0.018256
-0.018258
0.078529
0.046237
-0.002123
0.013992
0.013989
0.158856
0.046120
-0.018201
-0.018204
-0.018206
-0.018209
0.013963
-0.018209
-0.018212
0.013966
-0.034303
0.013969
-0.002123
0.078295
0.062165
-0.002123
0.046066
0.029990
0.062072
0.029959
-0.002123
-0.002123
-0.002123
0.029949
-0.066277
0.078063
0.013907
0.142027
-0.002123
-0.002123
0.013881
-0.002123
0.093846
-0.050096
-0.066123
-0.018129
-0.018132
-0.050165
0.029908
0.029898
0.029887
0.141797
0.013855
0.093693
0.077654
0.013825
0.077577
0.045667
-0.129613
0.077577
-0.033995
0.077539
0.093388
-0.002123
0.013787
-0.018032
-0.002123
-0.002123
-0.018035
0.045606
0.029684
-0.049837
0.061490
0.013774
-0.002123
0.045553
-0.049799
0.061440
-0.033899
0.029653
-0.002123
-0.018010
-0.002123
0.045530
0.013756
-0.018002
-0.002123
-0.018005
-0.033894
-0.081595
0.061460
-0.033909
-0.256778
0.284319
0.045538
-0.161080
0.029689
-0.033935
0.013784
0.029684
0.045568
-0.002123
-0.033914
-0.002123
-0.065736
-0.065777
-0.097679
0.061592
-0.018048
0.029724
0.013797
-0.002123
0.045621
-0.033950
0.013792
-0.002123
0.109209
0.013772
-0.002123
-0.049814
0.061460
0.013767
0.013764
-0.002123
-0.033899
0.013767
-0.018012
0.013767
0.029648
0.061389
0.045485
-0.033859
-0.033869
0.045492
-0.002123
-0.097376
-0.002123
-0.018007
0.029643
-0.033889
-0.002123
-0.002123
-0.002123
-0.002123
-0.065686
-0.002123
0.029664
0.013767
-0.002123
-0.002123
-0.002123
-0.002123
-0.018012
-0.033909
-0.049821
-0.018027
-0.002123
0.029684
-0.018025
0.013779
-0.018025
-0.018027
0.013782
0.013779
-0.002123
-0.002123
-0.018025
-0.002123
0.013779
-0.002123
-0.018025
0.013779
-0.018025
-0.018027
0.013782
-0.018027
-0.002123
-0.018030
0.029689
-0.018027
0.045583
0.013774
-0.018020
-0.033924
0.045576
-0.033919
0.029674
0.013772
-0.018017
-0.002123
-0.002123
0.045553
0.045530
0.093115
-0.049731
-0.017997
-0.002123
0.045492
-0.017992
-0.002123
-0.033869
-0.002123
0.013751
0.013749
-0.002123
-0.002123
0.013746
-0.002123
-0.017992
0.013746
0.013744
-0.049731
-0.002123
-0.033874
-0.002123
0.013754
0.029623
-0.033869
0.013751
0.029618
0.061329
-0.002123
-0.002123
-0.002123
-0.017982
-0.017985
0.029598
-0.033844
-0.002123
0.013739
-0.017985
-0.002123
0.029598
0.013734
0.061279
0.013721
-0.017967
0.013721
-0.017967
-0.002123
0.029563
0.029553
-0.002123
-0.017959
-0.049648
0.029563
-0.065504
-0.065544
0.013736
0.029588
0.013729
-0.002123
-0.017974
0.013729
-0.017974
0.045425
-0.017969
-0.049678
0.029583
0.029573
-0.002123
0.013721
0.013719
-0.002123
-0.049655
-0.033824
-0.002123
0.013729
-0.065544
0.029593
-0.065565
-0.002123
-0.033859
0.029613
0.013741
-0.002123
0.029598
-0.065575
0.061329
-0.002123
-0.017982
0.029593
-0.033839
-0.017985
-0.033854
-0.033864
0.013749
-0.017995
-0.002123
-0.002123
-0.145082
0.013772
0.029658
0.029648
-0.097467
0.093221
0.013759
-0.018005
0.013759
-0.065665
0.077299
0.108962
-0.144969
0.077261
0.029613
-0.049731
-0.065635
-0.065675
-0.018017
-0.081633
0.093282
0.077312
-0.033889
0.093145
0.045477
-0.049723
0.045477
-0.097346
-0.113331
0.077324
-0.033894
0.093161
-0.033874
-0.018002
0.045508
0.029618
-0.017992
-0.033869
0.045492
-0.065615
-0.018002
-0.002123
0.013756
-0.081545
-0.033909
0.061440
-0.018010
-0.002123
0.029648
0.013759
0.045508
0.029618
-0.033864
0.013749
0.029613
-0.017990
-0.017992
0.013746
-0.033864
0.077211
-0.017985
0.061309
-0.033834
0.013734
0.013731
0.029578
-0.017972
-0.049685
0.092979
-0.017967
-0.002123
-0.097240
-0.002123
-0.033849
0.029603
-0.065585
0.045477
-0.049723
-0.002123
-0.065625
0.013756
-0.018002
-0.033889
-0.002123
0.013762
-0.002123
-0.002123
-0.018007
0.013762
0.013759
-0.018005
END
