y[]
0.001194
0.013061
-0.093784
0.001194
0.036821
0.036808
-0.034421
-0.022556
0.024944
0.013067
0.013065
0.001194
0.001194
0.072393
0.107898
0.048581
0.013037
-0.022495
-0.022500
-0.058066
-0.046239
-0.010668
-0.034400
-0.022542
0.001194
0.024930
-0.010674
-0.010675
0.036796
0.060502
-0.010665
0.036766
-0.022520
-0.034387
-0.046267
-0.010675
0.001194
-0.010676
-0.010678
-0.010679
0.036808
0.001194
-0.010676
0.001194
-0.010678
0.036804
-0.058164
0.024941
0.001194
0.036804
0.024927
0.024921
0.001194
0.024916
0.024910
0.001194
0.013050
-0.046239
-0.034396
-0.046278
-0.093818
0.024955
-0.046335
-0.046357
0.013084
-0.034480
0.048756
0.048733
0.013075
0.096194
0.084245
-0.058122
-0.129424
-0.058235
-0.082065
-0.117868
0.096454
-0.058334
0.048818
0.143932
-0.117741
-0.010708
0.013095
0.024992
-0.046408
-0.070252
-0.261211
0.096693
-0.058483
-0.034629
-0.058540
-0.034664
0.001194
0.084841
-0.022698
0.013140
0.084781
0.001194
0.013129
0.084701
-0.022658
-0.046528
0.013126
-0.058483
0.001194
-0.046573
-0.022698
-0.070517
-0.046642
-0.082573
-0.070663
0.096991
0.013162
0.072973
-0.058619
0.013159
-0.094569
-0.022761
0.049098
0.037107
0.013162
-0.022744
-0.082634
0.037128
-0.094661
-0.058762
-0.094810
0.085202
-0.034801
-0.022810
0.073188
-0.070801
0.085182
0.025177
0.097071
-0.034750
-0.082724
-0.082795
0.025197
0.061178
-0.046791
0.025189
0.073145
0.001194
0.001194
-0.010795
0.013182
0.001194
-0.010795
0.001194
0.025169
0.037145
-0.010789
0.025157
-0.010787
-0.010789
0.013176
0.013175
-0.010787
0.013175
0.001194
0.001194
-0.010787
-0.022773
0.001194
-0.022779
0.025166
0.001194
0.013178
0.001194
0.001194
0.049115
0.001194
0.001194
0.013170
0.001194
-0.010783
0.013170
-0.010783
-0.010785
0.001194
0.001194
-0.010786
0.001194
0.001194
-0.022770
0.025157
0.037128
-0.022761
0.025149
-0.010783
0.013170
0.001194
0.013169
0.001194
0.001194
0.001194
-0.010782
0.001194
0.001194
0.001194
0.013169
-0.010782
0.037115
0.025134
0.001194
0.037094
0.013158
-0.010770
0.025120
-0.010769
0.096853
-0.010759
0.013146
0.001194
0.001194
0.013145
0.001194
-0.010757
-0.010759
-0.046630
0.013152
0.001194
-0.010764
-0.010766
0.025111
0.013150
-0.034681
-0.010767
-0.010769
0.001194
-0.034702
-0.034715
0.001194
-0.022753
0.037111
-0.034724
-0.010782
-0.010783
-0.046728
0.001194
-0.022776
0.001194
-0.010793
-0.034775
0.049150
-0.022781
0.025169
-0.010793
0.073093
-0.034750
0.037137
-0.082694
-0.190814
0.061236
0.049201
0.133096
0.001194
0.144889
0.072964
-0.094512
-0.022747
0.049069
-0.034711
-0.094615
0.120940
0.025126
0.025120
0.001194
0.025114
-0.034689
0.060992
0.049006
-0.082493
0.013153
0.037064
-0.010762
-0.058604
-0.010770
0.001194
0.060999
-0.022724
0.037068
-0.046642
-0.058633
-0.010776
0.001194
-0.058676
0.013170
-0.022761
0.049098
0.037107
-0.010776
0.013163
-0.010776
0.108868
0.001194
-0.022724
0.013153
0.013152
0.025106
-0.046636
-0.022730
-0.010770
-0.010772
0.013159
-0.010772
-0.010773
0.025126
-0.022738
-0.010775
0.025129
0.001194
-0.010773
0.025126
0.060999
0.072913
-0.250048
-0.358821
-0.058935
-0.131217
0.121574
0.037280
-0.324049
0.097672
0.133700
0.013231
-0.010844
-0.022885
0.133556
0.217410
-0.046814
-0.010812
-0.010813
-0.191114
-0.010838
-0.046947
0.073396
-0.022868
0.037284
0.073335
0.001194
-0.010826
-0.119085
-0.046959
-0.034936
0.073439
-0.010844
-0.095157
0.073465
-0.010848
0.001194
-0.107247
0.001194
-0.095297
0.085628
0.037358
0.061438
-0.119332
-0.047057
-0.047081
-0.047104
-0.107561
0.085791
-0.022970
0.025357
-0.047139
0.049526
-0.047139
-0.010893
-0.156068
-0.095706
-0.023046
0.086006
0.037520
0.085904
0.001194
-0.071410
-0.071463
0.170644
0.073728
-0.022978
0.049532
0.061584
-0.035036
0.230427
0.001194
0.001194
0.001194
0.025293
-0.022906
0.025293
0.037332
-0.034944
0.013241
-0.010854
0.001194
0.001194
0.025287
0.013238
-0.010851
0.025281
0.001194
-0.034940
0.001194
-0.010854
-0.010855
0.013243
-0.034957
0.025296
-0.034962
-0.047034
-0.022929
0.049433
0.025305
-0.047034
0.001194
0.001194
0.001194
0.013253
0.085567
0.013241
0.037327
0.001194
-0.022894
-0.022900
0.025287
0.013238
-0.010851
0.001194
0.049363
-0.022888
-0.022894
0.001194
0.013238
0.025278
0.013234
0.013232
-0.034927
0.001194
0.025276
-0.022888
0.001194
-0.010849
0.013237
0.025276
0.013232
0.001194
0.001194
0.001194
0.001194
0.013231
0.001194
-0.010844
-0.034927
0.001194
0.001194
-0.034940
0.013240
0.049363
-0.022888
0.001194
0.013235
-0.010848
0.025276
0.001194
0.025270
0.013230
0.001194
0.001194
0.001194
-0.010842
-0.010844
-0.010845
-0.022888
-0.034940
0.025284
-0.010851
-0.046999
0.001194
0.025293
0.013241
-0.010854
-0.022906
-0.071139
-0.059124
0.061511
0.001194
-0.010867
0.001194
-0.083271
0.013264
0.037397
-0.035010
0.013263
-0.059167
-0.022961
-0.010886
-0.083404
0.073710
0.073657
0.037406
0.013261
-0.059160
-0.071279
0.170215
-0.022935
-0.083301
0.025342
-0.131697
-0.071367
0.025386
-0.071402
-0.059343
0.073833
0.001194
-0.059335
-0.071490
-0.168606
0.110384
0.013319
0.001194
-0.047315
-0.010937
0.049708
0.025442
0.073903
0.013307
-0.083629
0.001194
-0.023055
0.037564
-0.023052
-0.059445
-0.023072
-0.047356
0.183133
0.073877
-0.010917
0.025413
0.025407
-0.023019
0.061715
0.013294
0.146279
0.013275
0.025351
0.001194
0.049491
0.145946
-0.010861
-0.022920
0.025307
-0.034979
-0.059124
-0.071235
-0.047121
0.049509
0.025342
0.097730
-0.059131
0.085638
-0.047051
0.169950
-0.155499
0.218087
-0.034923
-0.155461
-0.107404
0.097730
0.097637
-0.034962
0.037349
-0.071130
-0.071183
0.001194
0.290385
-0.022874
0.097428
-0.010831
-0.070982
0.097417
0.049271
0.061257
0.085222
-0.046814
0.073197
-0.070809
-0.022819
-0.034836
0.025215
0.037215
0.073197
0.085132
0.013179
0.025160
0.037133
0.013170
-0.046722
0.001194
-0.010789
-0.010790
-0.034767
-0.010796
-0.046779
0.025183
0.037167
0.001194
0.013182
-0.022784
0.001194
0.025172
0.001194
0.001194
0.025166
0.001194
0.001194
-0.022779
-0.010795
0.025169
-0.046762
0.037163
0.025166
0.001194
-0.046756
-0.082774
-0.058827
0.049213
0.037193
-0.046808
-0.022816
0.085202
-0.034801
0.037189
0.013189
-0.010802
0.001194
0.001194
-0.010803
0.013191
0.001194
-0.010803
0.025186
0.013188
0.025177
0.013183
-0.010796
-0.010797
-0.034788
0.013189
0.013188
0.001194
-0.010800
0.013188
0.001194
-0.010800
0.001194
0.001194
0.001194
0.001194
-0.010802
0.013189
0.001194
-0.010802
0.013189
0.025180
0.013185
-0.034784
0.025180
0.013185
0.013183
0.061121
-0.022773
0.001194
0.001194
0.001194
0.013178
-0.034762
0.013180
-0.010793
0.001194
0.037150
-0.010790
0.025160
0.001194
0.049109
-0.022761
0.001194
0.001194
-0.010786
-0.010787
-0.010789
0.001194
-0.010790
0.001194
0.001194
0.013178
0.013176
0.001194
0.013175
0.001194
-0.010787
0.013175
0.001194
0.001194
0.001194
0.001194
0.013173
0.001194
0.001194
0.001194
-0.010786
0.001194
-0.010787
0.013175
0.013173
0.013172
-0.022764
0.001194
-0.010787
0.013175
-0.010787
0.001194
0.013175
-0.046739
0.013179
0.013178
-0.010790
0.001194
0.001194
0.085051
-0.010782
0.001194
0.037115
0.001194
-0.010779
0.001194
-0.010780
0.013168
END
