y[]
0.002987
0.014917
0.002987
0.002987
0.002987
0.014915
0.002987
0.002987
-0.008941
-0.008943
0.014917
-0.020874
0.002987
0.026848
0.002987
0.026842
-0.020868
-0.008943
0.002987
-0.044746
0.038789
0.002987
0.014918
0.014917
-0.008943
0.002987
0.014917
-0.020874
0.014918
-0.008944
-0.008945
0.014920
-0.008945
0.002987
0.002987
0.002987
-0.008947
0.014921
0.002987
0.002987
0.014920
0.086474
-0.008935
0.002987
0.002987
-0.020862
0.002987
-0.008940
-0.008941
0.014915
0.026839
0.014911
0.002987
-0.044717
-0.020874
-0.008945
0.014920
0.026848
-0.008943
-0.008944
0.038776
-0.032802
0.014918
0.002987
0.002987
0.002987
0.002987
0.014917
-0.008943
0.026845
0.002987
0.002987
-0.008941
0.002987
-0.008943
0.026845
-0.008941
-0.044740
0.002987
0.014921
-0.008947
-0.044763
0.062671
0.002987
-0.008947
-0.128380
0.086604
-0.020896
0.122347
0.062614
0.038746
0.038733
-0.020842
0.002987
-0.068535
0.014911
-0.008937
-0.008938
-0.008940
0.026839
0.002987
0.086425
-0.020845
-0.008931
-0.008933
0.038742
0.086365
-0.032738
0.050617
0.026794
-0.020820
0.002987
-0.008918
0.002987
-0.020828
-0.032746
0.038720
-0.032746
-0.068518
0.050663
0.074458
0.002987
-0.020831
0.002987
0.050617
0.038695
-0.032721
-0.008918
-0.044649
0.014898
0.014897
-0.020834
0.014898
-0.092342
0.026828
0.086385
-0.020834
-0.020839
-0.092376
-0.044729
0.002987
-0.080570
0.050743
0.026856
-0.020882
-0.116444
0.038831
0.110443
0.038780
0.086455
-0.044700
0.062592
-0.008931
-0.080480
0.038767
0.002987
-0.044723
-0.008944
0.098396
-0.104354
0.181825
-0.008926
0.050629
-0.020831
0.014897
-0.044660
0.002987
-0.044683
0.050657
0.026814
-0.044672
-0.008931
0.050652
-0.056597
-0.056633
-0.032802
-0.092513
0.026871
-0.008954
-0.044791
-0.044814
0.086624
-0.080650
0.062735
-0.020908
-0.116573
-0.068818
0.062828
0.050834
-0.044860
0.074749
-0.044848
-0.008975
0.038870
-0.164577
0.026942
0.002987
-0.044929
0.038926
0.050886
-0.020959
0.002987
0.050874
0.098692
-0.068783
-0.032917
-0.104804
0.014970
0.026948
0.002987
-0.056925
-0.032978
-0.056983
0.074947
-0.009003
0.014977
0.002987
0.002987
0.014975
-0.020991
-0.009004
0.002987
0.014978
0.014977
0.002987
0.026962
-0.032978
0.014977
0.014975
-0.009001
0.014975
0.002987
-0.009001
0.002987
-0.009003
0.014977
0.014975
-0.020991
0.002987
0.002987
0.002987
0.014977
0.002987
0.014975
0.026959
-0.008998
0.002987
0.002987
-0.009000
0.014974
0.026956
-0.008997
0.002987
0.014971
-0.008997
-0.008998
0.014972
-0.020985
-0.009001
0.014975
-0.009001
0.002987
0.002987
0.014975
0.002987
-0.009001
0.002987
0.002987
-0.009003
0.002987
0.002987
0.002987
0.002987
0.014977
-0.009003
-0.009004
0.014978
0.002987
-0.020997
0.002987
-0.009007
0.002987
0.026974
-0.021000
0.002987
-0.009008
0.002987
-0.009010
0.026979
-0.033004
0.002987
0.002987
0.014985
-0.021011
0.002987
0.002987
-0.009014
0.014988
0.002987
0.026985
0.038973
0.002987
0.014980
0.002987
-0.044992
0.002987
0.002987
0.002987
0.026979
-0.009008
-0.009010
0.038973
-0.009007
0.014981
0.002987
-0.009007
0.026974
0.002987
-0.009006
-0.021002
-0.009010
0.002987
0.002987
-0.009011
0.026982
0.014982
-0.009008
-0.009010
-0.021011
0.026985
0.002987
0.026979
0.002987
0.050954
0.074895
-0.020977
0.038930
-0.032956
0.002987
-0.008997
-0.008998
0.014972
-0.020985
0.002987
0.014974
0.002987
-0.020988
0.026962
-0.020988
0.002987
0.026962
0.050920
0.026945
0.026939
-0.008988
0.014962
-0.032943
-0.008993
-0.020977
0.014970
-0.008995
0.014970
0.014968
-0.020977
-0.056947
-0.020997
-0.009007
0.014981
-0.032999
-0.021011
0.014987
0.038978
-0.021005
-0.081031
0.051006
0.014988
0.062971
0.014980
0.014978
0.002987
-0.032991
0.014981
0.074921
-0.008998
0.002987
0.014972
0.062892
-0.008991
-0.020974
0.002987
0.098795
-0.176729
-0.032995
-0.201156
0.063072
-0.009027
0.075050
0.063000
0.002987
0.062964
-0.021000
-0.057005
-0.009016
-0.093086
-0.033064
0.087086
0.063015
0.026988
-0.117075
-0.105193
-0.021069
0.039069
-0.237803
-0.238384
-0.033269
0.051325
-0.045351
-0.033282
0.015078
0.063421
-0.081631
-0.105912
0.002987
-0.021229
-0.069696
0.027221
0.039326
0.087728
-0.045427
-0.045451
-0.093959
-0.069784
0.112124
0.027224
0.051443
0.099828
-0.009113
-0.009114
-0.081764
0.015099
-0.057586
0.063560
0.075626
0.039287
-0.057520
-0.118137
-0.033379
0.124155
0.027203
-0.190905
-0.069820
0.087923
-0.057674
-0.106296
0.002987
-0.021314
-0.021320
-0.155154
-0.033543
-0.009192
0.088213
-0.009184
0.002987
-0.009185
-0.009187
0.027333
0.039495
0.027318
-0.009178
0.015152
0.015150
0.039468
-0.021332
-0.009175
-0.070015
0.063825
-0.021344
0.002987
-0.009181
0.015155
0.027318
0.002987
0.015150
0.015149
-0.009175
0.002987
-0.021341
0.027315
0.015149
0.015147
-0.009173
-0.021338
0.002987
0.039472
-0.033498
-0.033512
-0.045698
-0.021365
0.002987
0.039512
-0.009187
-0.009188
-0.009190
-0.009191
0.027342
-0.021368
0.027342
0.002987
0.002987
0.015162
-0.021365
-0.009191
0.015165
-0.009191
0.027342
-0.021368
0.063862
-0.009185
0.002987
0.063833
-0.009179
-0.033520
0.015158
-0.021356
0.002987
-0.045716
0.027342
0.051678
-0.021356
-0.045716
0.015165
-0.009191
0.015165
0.015164
0.002987
0.027336
0.002987
-0.021362
0.015162
-0.009188
0.002987
0.039508
-0.033534
0.015162
0.015161
0.002987
-0.009187
0.002987
0.015161
-0.033538
0.027339
-0.009188
-0.009190
-0.009191
0.015165
0.027339
-0.009188
0.002987
-0.021368
0.002987
-0.021373
-0.070130
0.002987
-0.009204
-0.045793
0.015184
-0.058015
-0.021424
-0.155830
0.051881
0.015207
0.051851
-0.045877
0.015205
0.002987
-0.021451
-0.009234
-0.094836
-0.021484
-0.021490
-0.021496
0.002987
0.051947
0.051923
-0.021478
0.051911
-0.021472
-0.058186
-0.033735
-0.180825
-0.021547
-0.033825
0.002987
-0.107531
-0.009300
0.052127
0.052103
-0.021568
0.002987
0.064363
-0.021559
0.027533
-0.033834
0.039808
0.101110
0.064265
-0.046033
0.015244
0.015243
0.051995
-0.058276
-0.070578
0.113315
0.002987
-0.021520
0.027494
0.039736
-0.009261
-0.033766
0.002987
0.002987
-0.046039
-0.021535
0.052025
0.052001
-0.046027
-0.046051
-0.021541
0.039777
0.064273
0.235531
-0.009239
-0.009240
0.039664
0.015210
0.039646
-0.082572
-0.094884
0.064168
0.088577
0.137338
0.015192
-0.265863
0.002987
-0.217520
-0.082897
0.235930
0.088672
0.039687
0.100787
0.064063
-0.021439
-0.033663
-0.009233
0.064071
-0.131446
-0.033708
0.064138
0.064101
0.100691
0.161553
-0.057970
0.002987
0.137044
0.002987
-0.094491
0.088285
-0.021376
-0.106722
-0.021409
0.015186
-0.082436
0.100608
0.173594
-0.021368
-0.033556
-0.033569
-0.167786
0.027401
0.051797
0.173636
-0.021373
0.197705
0.015144
0.075900
-0.069926
-0.094313
-0.045698
0.051673
-0.045698
-0.118830
0.100453
-0.009191
-0.009192
-0.082311
-0.021397
-0.058000
0.063974
-0.106816
0.027398
0.051791
0.027380
0.124864
-0.179884
0.076176
-0.033601
-0.070228
-0.070282
0.027416
0.064033
0.063996
-0.009212
0.015186
0.015184
-0.009210
0.027380
0.002987
-0.009209
0.002987
0.051762
-0.033592
-0.009209
0.015183
0.002987
-0.009209
0.015183
0.002987
0.002987
-0.009209
-0.009210
-0.009212
-0.009213
0.015187
-0.009213
0.027386
0.002987
-0.009212
0.002987
0.027383
END
