y[]
-0.075006
-0.009924
0.016122
-0.049005
-0.153375
-0.023004
0.068343
0.263652
0.094132
0.094049
0.029070
0.055020
-0.126754
0.042073
-0.061866
-0.061908
-0.048937
0.094144
-0.009902
-0.035915
-0.009909
0.042118
0.016102
0.029100
0.016097
0.145965
0.067971
-0.087733
-0.022868
-0.009887
0.016085
-0.061849
-0.009896
-0.074904
0.081102
-0.100919
0.042118
0.068097
-0.009897
-0.074914
-0.074975
0.029131
0.016112
0.003099
-0.035946
0.029131
-0.035951
-0.075046
0.016127
0.003099
0.133290
-0.035941
-0.009918
0.042144
0.042128
0.029110
0.016102
-0.022909
-0.009907
-0.087993
0.003099
0.042149
0.016112
-0.009914
-0.009916
0.003099
-0.009918
0.094180
0.016104
-0.035920
0.003099
-0.009911
0.016109
0.003099
0.055121
0.055094
-0.009897
0.016095
0.016094
0.016092
0.003099
0.003099
0.055054
-0.022875
0.081001
-0.009880
0.042032
-0.009877
0.016075
0.003099
0.029046
0.119778
0.029009
0.003099
0.041952
-0.035754
-0.048728
0.041972
0.029006
-0.126502
0.080880
0.054919
0.041947
0.016045
0.003099
0.067803
0.080689
-0.087428
0.028972
-0.048654
0.119506
0.041871
0.093509
0.132115
-0.022691
-0.061405
0.132065
0.003099
0.054639
0.298938
-0.022591
0.118654
-0.022568
-0.061098
-0.022591
0.028789
0.015942
0.080121
-0.035404
0.067263
-0.099584
-0.009744
-0.099702
0.015955
0.041657
-0.086893
0.041677
-0.048341
-0.074111
0.015972
0.028839
-0.035514
0.028842
-0.035518
-0.112843
0.003099
0.054645
0.144715
0.028826
0.067387
0.080190
-0.086846
0.067354
0.015945
-0.048295
-0.112634
0.054553
-0.035489
0.080260
-0.138407
-0.022651
-0.035538
-0.022668
0.015983
-0.048447
0.003099
0.015988
-0.009790
-0.048474
-0.203459
0.054779
0.054752
0.106325
-0.100127
-0.100233
-0.074470
0.093591
-0.061530
-0.048634
-0.061605
0.222922
-0.022737
0.119311
0.016003
-0.009805
0.028905
0.016000
-0.009802
-0.061430
0.067628
-0.087253
-0.074410
0.080608
0.016011
0.041826
-0.061455
-0.022734
0.067669
-0.216610
0.080699
0.080638
-0.022741
0.067686
0.028922
0.054725
0.003099
0.093381
0.106179
0.003099
-0.074201
-0.074260
-0.022701
0.016000
-0.022704
0.041801
0.054679
0.015990
0.003099
-0.100074
-0.320003
-0.126435
-0.139582
0.055007
-0.152705
-0.178979
-0.192354
0.211568
-0.101081
-0.231704
-0.179908
0.120785
0.225017
0.198501
-0.101068
0.146300
0.120111
-0.113913
-0.048950
0.003099
-0.075026
-0.009928
-0.009929
-0.088148
0.016139
0.016138
-0.062111
-0.049100
-0.127518
0.055366
0.029222
-0.049154
0.016165
-0.075322
0.029246
-0.023048
-0.206325
0.016201
0.081674
-0.062376
0.120923
0.003099
-0.036160
-0.009991
-0.009993
0.029280
0.016187
-0.009989
-0.023082
0.133938
-0.009977
-0.101572
-0.075476
-0.049319
0.042415
0.016201
0.042394
0.068557
0.055434
0.003099
0.016179
0.003099
-0.075404
0.042358
0.042343
0.016177
0.068463
-0.036114
0.003099
0.042312
0.003099
0.016167
-0.049182
0.029243
-0.009972
-0.049202
-0.023062
0.029260
-0.009981
0.055407
0.016172
0.003099
0.003099
0.029239
-0.009970
0.003099
0.016168
-0.009970
0.016168
0.094537
0.029209
0.029202
0.016148
0.029192
0.042225
0.003099
0.003099
-0.022983
0.003099
0.003099
-0.009945
-0.009946
0.029188
0.055257
0.068258
0.003099
-0.009929
0.003099
-0.035997
-0.062094
0.042220
0.003099
-0.009940
0.107361
0.068207
0.094180
-0.009907
0.029110
0.055101
0.042083
-0.035885
-0.009899
0.107036
0.029066
0.055013
0.016073
-0.126721
-0.139897
0.003099
0.081122
0.197892
-0.087757
-0.022875
-0.035875
-0.126923
0.120127
-0.009897
0.029090
-0.022892
-0.009899
-0.205099
-0.049018
-0.166470
0.042256
0.016148
0.055277
-0.088231
-0.049127
-0.140664
0.042328
-0.049209
-0.023065
-0.049250
0.081613
0.055407
-0.049209
0.016179
0.003099
-0.049230
-0.075445
-0.101723
0.016208
-0.128066
0.029346
0.055572
0.003099
0.016213
0.042430
0.055517
-0.049319
0.107907
0.055462
-0.023079
-0.154113
-0.036243
-0.115019
0.147447
-0.049367
0.055565
0.107948
-0.049312
-0.010008
-0.023120
0.121031
-0.023096
-0.036207
0.160229
-0.023072
0.016185
0.094656
-0.245608
0.029308
0.068591
-0.062393
-0.141135
0.160435
-0.298679
-0.115236
-0.023217
-0.089061
-0.207872
-0.010101
0.029498
0.200871
-0.075963
0.003099
0.042638
-0.141953
0.095429
0.082171
0.174208
-0.247082
-0.062842
-0.023290
-0.287637
-0.049853
0.056051
0.003099
-0.063095
0.016341
-0.036633
-0.116193
0.016361
-0.129597
0.149055
-0.089758
-0.050001
-0.023461
-0.103213
0.029688
-0.076688
0.228998
0.029642
-0.196144
0.003099
-0.103326
0.149405
0.109369
-0.023458
-0.103199
-0.116622
-0.116765
-0.130252
0.003099
-0.117069
0.109922
0.123139
-0.063572
0.242907
0.003099
-0.116733
-0.183593
0.016446
-0.077008
-0.050341
0.176675
-0.076976
0.003099
0.216489
0.122931
-0.143382
0.029748
-0.277069
0.069877
0.149854
-0.210434
0.043171
0.043155
0.016447
-0.010249
0.056482
0.056454
0.043096
0.003099
-0.010232
0.096376
0.029734
-0.010217
-0.023539
0.016419
0.043048
0.043032
-0.036834
0.016412
-0.023529
-0.010217
0.003099
-0.010219
0.029734
0.003099
0.043038
-0.063474
0.016417
0.016415
-0.170154
0.029773
-0.076944
-0.063652
0.029805
0.029798
0.003099
0.043134
0.069788
-0.076933
-0.130430
-0.143989
-0.010283
-0.050449
0.029876
0.056632
0.003099
0.056604
-0.023650
0.069957
0.069913
0.003099
0.083217
-0.023600
-0.036962
0.069859
-0.050306
-0.103796
0.069922
-0.010262
0.003099
-0.050363
0.069922
0.029816
-0.063706
0.003099
0.003099
-0.103881
0.003099
0.016478
-0.023660
0.029858
0.003099
-0.037043
0.003099
-0.010285
0.136860
0.043193
0.003099
0.069886
-0.090415
0.029826
-0.077104
-0.117326
0.070020
0.016478
0.003099
-0.023660
0.056611
-0.050413
0.003099
-0.077222
0.029880
-0.144285
-0.023721
0.016510
-0.010312
-0.023729
0.056747
-0.144502
0.056798
0.097002
0.070119
0.056682
0.056654
-0.117439
0.150404
0.123460
0.150011
0.176444
-0.130217
-0.063625
0.149834
-0.130288
0.096488
0.056425
0.083035
0.003099
0.029730
0.016412
0.082939
0.268774
0.003099
-0.063254
0.016373
0.016371
-0.103129
-0.129844
0.029702
0.042990
-0.103312
0.043017
0.082886
-0.169854
0.069655
-0.063457
0.136166
-0.063412
0.069610
0.042985
-0.010194
-0.036792
0.082865
-0.129880
0.043011
0.136025
0.016382
-0.010184
0.029663
-0.103199
0.069549
0.003099
-0.116542
0.003099
0.016400
-0.036808
0.096190
0.029681
-0.050071
0.016394
0.122677
0.109270
-0.010166
-0.036707
-0.036723
0.069460
-0.049987
-0.023454
0.003099
-0.103185
-0.076688
-0.036818
-0.090104
-0.076858
-0.063581
-0.183842
-0.130644
0.190290
0.389740
0.069610
-0.050107
0.255574
-0.010173
0.201999
0.109017
-0.142567
-0.222440
-0.156412
0.096178
0.096091
0.069469
-0.275952
-0.130057
0.016423
0.109624
-0.183394
0.229509
-0.143343
0.242620
-0.143207
-0.116765
-0.103568
-0.090328
0.016451
0.176513
-0.050227
-0.036914
-0.157115
-0.036995
0.069913
-0.117198
0.110037
0.109922
-0.010248
0.189791
0.029741
0.043048
0.043032
0.096215
-0.116638
0.016410
-0.063474
-0.103511
-0.010235
-0.023575
0.003099
0.189666
-0.143460
0.029762
-0.063572
-0.210548
0.029830
-0.251133
0.070065
0.029873
-0.130842
-0.077352
0.029923
0.364521
-0.291294
0.217289
0.283529
-0.103639
0.229781
-0.103511
-0.010235
-0.116989
0.003099
-0.036962
0.056511
0.069824
0.029776
0.003099
0.096414
0.069699
0.016414
END
