y[]
-0.001501
-0.028390
0.011944
-0.041843
0.079165
0.105953
-0.001501
-0.068647
0.065644
0.079014
-0.028333
-0.068611
-0.014929
-0.055229
-0.055258
-0.136019
-0.001501
0.119572
-0.068746
-0.001501
0.079187
0.092553
0.038781
-0.001501
-0.014927
-0.014929
-0.001501
0.052197
-0.041773
0.025348
-0.014925
0.038764
-0.014922
-0.028347
-0.041783
-0.001501
-0.001501
0.038781
-0.028354
0.038775
-0.001501
-0.041778
0.025351
0.011922
0.038759
0.011915
-0.028336
-0.001501
0.025333
-0.014918
0.011915
0.038737
-0.001501
-0.041740
0.038737
-0.028325
0.038732
-0.028322
0.038727
-0.014909
-0.001501
0.052118
-0.028307
-0.068548
-0.014916
-0.014918
-0.028340
0.011919
0.011917
0.052154
-0.041740
0.078960
-0.001501
-0.001501
-0.014907
-0.028318
0.011908
-0.028322
0.025319
-0.001501
-0.001501
0.011906
-0.028318
0.011908
-0.001501
0.038716
0.011901
-0.014904
-0.001501
-0.001501
-0.001501
-0.001501
-0.001501
-0.014905
-0.014907
0.011904
-0.001501
-0.001501
-0.001501
-0.001501
-0.014907
0.011904
-0.001501
-0.014907
-0.001501
0.011904
-0.028315
-0.028322
-0.001501
0.011910
-0.041740
-0.014918
-0.001501
0.025330
-0.014916
-0.001501
-0.014918
-0.001501
-0.001501
-0.014920
-0.001501
0.025333
0.011913
0.011911
-0.014914
0.038732
0.011906
-0.041729
-0.001501
-0.001501
0.011910
-0.001501
-0.001501
-0.001501
-0.001501
-0.001501
-0.014913
0.011910
-0.001501
0.011908
0.011906
-0.014909
0.011906
0.011904
-0.028315
-0.028322
0.025319
0.011906
-0.014909
-0.001501
-0.001501
0.011906
-0.014909
-0.001501
0.011906
-0.028318
0.011908
-0.001501
-0.001501
-0.001501
-0.001501
-0.001501
-0.028322
-0.028329
-0.001501
0.011913
-0.028333
-0.001501
0.011915
-0.001501
-0.028336
-0.014922
0.025337
-0.068611
-0.014929
-0.001501
0.025351
0.011922
0.025341
-0.014922
0.011919
-0.001501
-0.028343
0.038759
0.052154
0.025315
0.011904
-0.014907
0.011904
-0.055135
-0.001501
-0.014914
-0.028333
-0.001501
-0.001501
0.052154
-0.001501
-0.014913
-0.001501
-0.014914
-0.014916
-0.001501
-0.014918
0.011915
0.025326
0.011910
0.011908
-0.028322
0.025319
-0.014911
0.011908
0.011906
-0.001501
-0.001501
-0.001501
0.011904
0.038705
-0.014902
-0.014904
0.025301
-0.014902
-0.041713
0.011904
-0.028315
0.038716
-0.028311
-0.001501
0.038710
-0.041713
-0.001501
-0.014909
-0.014911
-0.014913
-0.014914
0.052139
-0.001501
-0.081974
0.038743
-0.001501
0.052132
-0.028315
0.038716
0.011901
0.025297
-0.014900
-0.001501
0.025294
-0.014898
0.011895
0.011894
-0.001501
0.038673
-0.041676
0.038673
0.159034
0.038592
0.078637
-0.001501
0.011849
0.025194
-0.041547
0.051889
-0.028193
-0.014850
-0.028204
0.051896
0.051867
0.011836
-0.014839
0.025172
0.011833
0.025162
-0.001501
0.025155
-0.094829
0.011836
0.011835
0.038496
-0.014832
0.051811
-0.001501
0.051782
0.011815
-0.041456
0.011819
-0.041467
-0.001501
0.051782
-0.028140
-0.001501
0.011819
0.011817
-0.001501
-0.014820
0.078381
-0.028122
-0.001501
-0.014814
-0.028133
-0.028140
0.025137
-0.028140
0.038453
-0.041456
0.025137
0.038443
0.011810
-0.014813
-0.028129
-0.041456
-0.054799
-0.014830
0.011827
-0.014830
-0.028165
-0.001501
-0.041509
0.051839
-0.028168
-0.094891
0.051875
-0.041531
0.038528
-0.028186
0.011842
0.011840
0.011838
-0.041525
-0.014846
0.011843
-0.001501
0.011842
-0.068235
0.038544
-0.001501
-0.001501
-0.001501
-0.001501
-0.014848
-0.028200
0.011849
-0.001501
0.011847
0.011845
-0.014848
-0.001501
0.011845
-0.014848
0.011845
0.011843
0.025183
-0.028186
-0.001501
-0.001501
0.025183
-0.014843
0.011840
-0.041531
0.011843
-0.001501
-0.001501
0.011842
-0.001501
-0.001501
0.011840
-0.001501
-0.001501
0.011838
0.025172
-0.014837
-0.001501
0.011835
-0.001501
-0.054856
-0.014845
0.038523
0.011836
-0.028179
-0.014843
-0.001501
-0.014845
-0.001501
0.025183
-0.001501
-0.068226
0.011847
0.038533
-0.001501
0.011840
0.011838
-0.014841
-0.014843
-0.014845
-0.001501
-0.001501
0.011842
-0.028189
0.011843
0.011842
-0.014845
0.011842
-0.001501
0.011840
-0.014843
-0.014845
-0.001501
0.025183
-0.014843
-0.001501
-0.001501
-0.001501
0.011840
0.025176
0.011835
-0.001501
-0.001501
-0.001501
-0.001501
-0.001501
-0.014837
0.011835
-0.001501
0.025165
-0.028168
0.011833
-0.001501
-0.001501
0.011831
-0.001501
-0.068181
-0.001501
-0.014843
-0.014845
0.038523
0.011836
-0.001501
0.025169
-0.028172
0.011835
-0.014837
0.011835
-0.001501
-0.001501
0.011833
-0.014836
-0.041515
0.025176
-0.014839
-0.014841
0.011838
-0.014841
-0.001501
0.011838
-0.041525
-0.014846
-0.001501
0.051867
-0.041525
-0.041541
-0.068270
-0.014861
0.025215
-0.014859
0.011856
0.038560
-0.014853
-0.014855
-0.001501
-0.014857
-0.014859
0.011856
0.011854
-0.014857
0.011854
-0.001501
-0.014857
0.051910
-0.028204
-0.014855
0.025204
-0.054920
-0.001501
-0.001501
-0.041584
-0.014866
0.051946
-0.041584
0.051939
0.011854
-0.014857
0.038560
-0.028207
0.025204
-0.028207
-0.001501
-0.001501
0.011852
-0.041568
-0.014861
0.091975
-0.161801
0.025233
0.025226
-0.175356
0.078777
0.051982
0.065312
-0.001501
-0.054949
0.051946
0.078616
-0.028200
-0.001501
-0.001501
-0.054920
-0.095053
-0.001501
-0.028247
0.038614
0.065321
-0.001501
-0.014862
0.011860
0.051925
-0.041568
-0.028222
-0.001501
-0.054963
-0.014871
0.078691
0.025215
-0.001501
0.011854
-0.014857
-0.014859
0.011856
-0.014859
-0.041584
0.011861
0.065285
-0.028211
-0.095041
0.011867
-0.014870
0.025233
-0.054977
0.011870
0.011868
-0.068369
0.025251
0.025244
-0.028247
-0.028254
-0.028261
0.052010
0.038614
-0.014871
0.038603
0.025226
-0.041595
0.011865
-0.014868
-0.001501
-0.014870
-0.014871
0.025237
-0.054985
0.078712
0.038581
0.038565
0.305145
-0.001501
-0.014814
-0.014816
0.011813
0.011811
0.065037
0.051697
-0.001501
-0.121238
0.025119
0.025112
0.011803
-0.001501
-0.028111
-0.014809
-0.001501
-0.028122
0.038427
-0.001501
-0.014809
-0.001501
0.011806
-0.001501
-0.014809
-0.001501
0.011806
0.011804
-0.028115
0.011806
-0.001501
-0.028118
-0.001501
0.011808
-0.001501
0.011806
-0.014809
0.011806
-0.014809
-0.001501
-0.014811
-0.001501
-0.001501
-0.001501
0.011808
-0.001501
0.011806
-0.028118
0.011808
-0.014811
-0.014813
-0.014814
0.011811
0.025119
-0.028122
0.011810
-0.001501
-0.001501
0.011808
-0.001501
-0.014811
-0.001501
-0.001501
-0.001501
-0.001501
-0.014813
-0.001501
0.011810
-0.014813
-0.001501
-0.001501
-0.028129
0.025126
0.011810
-0.001501
-0.014813
-0.001501
0.025119
-0.001501
-0.001501
-0.001501
-0.001501
-0.014811
-0.001501
-0.001501
-0.014813
0.011810
-0.014813
-0.001501
-0.001501
-0.028129
0.011813
-0.014816
-0.001501
-0.014818
-0.001501
0.011815
0.011813
0.038432
0.025112
-0.014807
0.025108
-0.001501
-0.014806
0.011803
-0.028111
-0.014809
0.025112
-0.041424
-0.001501
0.065028
-0.014804
0.011801
0.038395
-0.014798
0.025091
-0.028094
-0.028101
-0.001501
-0.014804
0.011801
-0.001501
0.011799
-0.014802
-0.001501
0.011799
-0.014802
0.025098
-0.001501
-0.014800
-0.001501
-0.014802
-0.001501
0.011799
-0.014802
-0.001501
0.011799
0.011797
0.038384
-0.001501
0.038368
-0.014790
-0.014791
0.011788
-0.014791
-0.028087
0.011792
-0.001501
-0.014795
-0.054693
-0.041414
-0.014809
-0.001501
0.065019
-0.001501
0.025094
-0.014798
-0.001501
-0.054707
-0.001501
-0.028115
0.078318
-0.014800
0.011797
0.064966
-0.001501
0.064922
-0.041350
-0.067951
END
