y[]
-0.027119
0.023386
0.036001
0.035986
0.010748
-0.064954
0.010754
0.035986
-0.027100
-0.014485
0.023370
0.073805
-0.014474
-0.039700
-0.001866
-0.064954
0.035991
0.010750
0.023361
-0.027093
-0.001866
0.023361
-0.001866
-0.014479
-0.014481
-0.027100
-0.027106
0.010754
0.023370
-0.001866
-0.001866
-0.027103
0.023370
0.035977
-0.027093
-0.014482
-0.027103
0.023370
0.035977
-0.001866
-0.001866
-0.001866
-0.014479
-0.001866
-0.014481
0.035972
0.023351
-0.001866
0.010740
-0.027081
-0.014476
0.010743
0.023348
0.073739
0.048505
-0.001866
-0.027049
-0.014460
-0.014462
0.023323
-0.001866
-0.001866
-0.014460
0.010727
-0.001866
-0.027055
-0.039662
-0.001866
0.023332
-0.001866
0.010731
-0.027062
0.010732
0.048512
-0.039647
0.073681
-0.001866
-0.014454
-0.064827
-0.052263
0.035934
-0.140536
0.099004
-0.014469
-0.027077
0.010740
0.035943
0.073710
0.048486
0.073615
-0.014442
-0.052187
-0.001866
-0.064803
-0.077443
0.023332
0.098864
0.086190
0.010707
0.010705
-0.064740
-0.027027
-0.039619
0.086201
-0.001866
-0.077347
-0.014452
0.010719
-0.001866
-0.077404
-0.014462
-0.027062
0.023329
0.111434
0.048448
0.010708
-0.001866
-0.014441
0.111249
-0.026992
0.010697
0.035815
0.023247
-0.077224
0.048379
0.010691
-0.039543
0.098573
-0.001866
0.035773
-0.026957
-0.014414
-0.014416
-0.052080
-0.001866
-0.014424
-0.014425
-0.014427
0.035810
-0.001866
-0.026982
-0.001866
-0.052118
0.010699
-0.026998
-0.039576
0.023275
-0.039581
-0.001866
0.060983
-0.039571
-0.001866
-0.052162
-0.052187
-0.140379
0.111477
-0.090011
-0.027065
0.098889
-0.027046
-0.127858
0.073748
-0.090089
0.035953
0.098915
0.174257
-0.014436
-0.203200
-0.216229
0.124285
-0.027084
0.061166
0.136664
0.023300
0.086167
-0.027011
0.023278
-0.027011
0.086112
0.048372
-0.064668
-0.052136
0.048404
-0.052136
0.060968
-0.026995
-0.077291
-0.014442
-0.178100
0.023329
-0.039662
-0.001866
-0.001866
0.023332
-0.052269
-0.014471
0.073739
0.023323
-0.064850
0.161810
-0.001866
0.023291
0.010710
0.010708
-0.001866
-0.102508
0.098775
-0.127684
0.010723
0.023307
0.010718
0.010716
-0.001866
-0.127763
-0.052269
-0.001866
0.010737
0.061126
0.048499
-0.027046
0.010724
-0.027049
0.149134
0.035848
0.060960
-0.064692
0.023269
-0.001866
0.023263
-0.039562
0.023266
-0.026998
0.035829
-0.001866
0.010696
-0.014428
0.010696
-0.026992
-0.039567
-0.014436
-0.001866
-0.014438
0.010705
0.023272
-0.039576
-0.014439
-0.027017
-0.001866
0.010710
-0.014442
0.023285
0.010707
-0.039590
-0.001866
0.010710
0.023281
0.023275
0.023269
0.048385
0.198887
-0.039477
-0.014406
-0.026951
-0.026957
-0.014414
-0.001866
-0.001866
-0.001866
0.010682
0.035768
-0.026954
0.010678
-0.001866
-0.026957
-0.001866
-0.014414
0.010682
0.010680
-0.001866
-0.001866
0.035763
-0.026951
-0.001866
-0.014411
-0.001866
-0.026960
0.010682
-0.014414
-0.014416
0.010683
-0.052073
-0.014422
-0.064668
0.023259
-0.001866
0.010694
0.010693
-0.026986
-0.064692
0.073520
0.023250
-0.014424
-0.039548
-0.001866
-0.026995
-0.001866
-0.014433
-0.001866
0.048391
-0.052124
0.048391
0.023253
-0.014425
-0.014427
-0.052124
-0.001866
0.010701
-0.039571
0.010704
0.023269
-0.077291
-0.052181
0.035872
-0.001866
0.048429
-0.014438
0.023275
0.023269
-0.052143
-0.014439
0.136351
-0.026982
0.186351
-0.026941
0.060810
0.010664
-0.051998
-0.039481
0.023212
0.048272
-0.001866
-0.026932
-0.064558
0.010675
0.010674
-0.152450
0.023247
-0.026979
-0.039548
0.023256
0.060912
0.010685
-0.026970
-0.014420
0.010688
-0.001866
-0.001866
0.048335
-0.014414
-0.052073
0.010688
0.023237
0.060865
0.048290
-0.001866
0.060794
0.023187
-0.077045
-0.026938
0.010671
0.010669
0.085837
0.023178
0.035688
-0.001866
-0.026901
0.023168
-0.001866
-0.051941
0.348134
0.297162
-0.088991
-0.064144
-0.051717
0.035524
-0.039256
-0.014333
0.035529
0.097785
-0.064137
-0.138998
-0.239174
0.073134
-0.001866
-0.201991
0.085738
-0.214752
-0.001866
-0.077111
0.110979
0.060771
0.160807
0.123087
-0.026844
-0.214433
0.148228
-0.139444
-0.039420
-0.265140
-0.190344
0.211715
-0.102318
-0.052130
-0.291375
-0.001866
0.098928
-0.102660
-0.266934
0.023409
-0.178925
0.238351
0.010761
0.010759
0.048620
0.073815
-0.102787
-0.014489
-0.077633
-0.140922
-0.039824
-0.204552
0.023492
-0.090648
0.061557
0.048844
-0.014541
-0.090637
0.086904
-0.001866
0.162785
0.061389
0.023425
-0.103068
-0.001866
0.061397
-0.052474
-0.052499
-0.141239
0.124844
0.099387
0.111921
0.023402
0.099144
0.099042
0.111534
-0.102660
-0.039690
0.048562
0.111505
-0.001866
0.073643
0.161543
-0.152696
-0.089955
-0.001866
0.035896
0.123904
-0.001866
-0.001866
0.010702
0.098624
-0.014422
-0.064668
-0.001866
0.023259
-0.026992
-0.102432
0.035858
0.010705
0.023272
0.010701
0.035825
-0.039557
0.048385
0.023250
-0.014424
-0.089811
0.086079
-0.052111
0.010697
-0.039562
-0.001866
0.023266
-0.039567
0.010702
-0.001866
0.048391
-0.026992
-0.026998
0.023266
-0.014431
0.060944
-0.026986
-0.014428
0.073482
0.111050
-0.001866
0.148491
-0.102079
-0.052010
0.023209
-0.001866
-0.077111
0.023222
-0.001866
0.048290
-0.026941
0.035744
-0.001866
-0.001866
0.048259
0.010661
0.010660
0.060739
-0.014384
0.123243
0.010636
-0.039378
0.023143
0.085617
-0.051848
0.060606
-0.026851
0.073068
0.035580
-0.001866
-0.026829
0.023096
-0.001866
-0.051798
-0.026841
-0.014356
0.060567
0.010616
-0.001866
-0.014348
-0.064300
-0.026851
-0.026857
0.098059
-0.039326
-0.552901
0.023247
0.010688
0.010686
0.010685
0.023231
0.010680
0.035763
-0.039496
0.035763
0.035749
-0.064566
0.023218
0.173550
0.073218
0.010642
-0.064425
-0.039420
-0.014387
-0.001866
0.035692
-0.064472
0.085771
0.185669
-0.101841
-0.089426
0.023159
0.073171
-0.114444
-0.051941
-0.001866
0.035692
0.085716
-0.039392
-0.089481
0.048209
-0.014383
-0.051948
-0.001866
-0.026916
0.048228
0.023171
0.023165
0.048178
-0.014375
0.085661
0.073096
-0.039340
-0.051854
0.023131
-0.014364
-0.039369
-0.001866
0.048134
0.023124
-0.039355
-0.001866
0.023128
0.060591
-0.126819
-0.026876
-0.051904
0.035664
-0.039397
-0.001866
-0.014380
0.010647
-0.001866
-0.001866
-0.001866
0.023156
-0.026888
-0.064448
0.048203
0.010647
-0.001866
0.035664
-0.001866
-0.064425
-0.026901
-0.026907
-0.051966
-0.001866
0.048234
-0.001866
0.035692
0.060700
-0.014376
-0.076960
0.023171
-0.001866
0.048190
0.010644
0.010642
0.060653
-0.026869
-0.026876
-0.064417
-0.014381
0.060692
-0.014375
0.160624
0.073040
0.023090
-0.039303
-0.051804
0.073031
0.023087
0.072956
0.047984
-0.014327
0.023053
0.060404
-0.039224
-0.014322
-0.026782
0.060412
-0.051686
0.035501
-0.001866
0.060381
-0.001866
0.023022
-0.039201
-0.039215
-0.001866
-0.026773
-0.051698
-0.076661
-0.001866
-0.039284
0.035552
0.023071
0.010600
-0.064214
-0.001866
0.035547
0.072919
0.060412
-0.001866
-0.064144
-0.026788
0.035515
-0.014325
-0.014327
-0.076661
0.085388
0.010592
-0.051710
0.060435
0.110179
0.010575
0.010574
0.060311
-0.039168
-0.014303
0.047873
0.047848
-0.014292
0.010560
-0.051580
-0.014299
-0.001866
-0.014300
0.010568
-0.001866
-0.001866
0.035426
0.010562
-0.113772
0.047885
0.035431
-0.014297
-0.026733
-0.026739
0.010571
-0.014303
-0.076521
-0.001866
-0.014314
0.023028
-0.014313
-0.001866
0.010580
-0.014313
0.010580
-0.039210
-0.014317
END
