y[]
0.011218
-0.012635
-0.000708
0.011218
-0.012635
-0.000708
0.023144
-0.012634
-0.000708
0.023141
-0.012632
-0.000708
0.011216
-0.000708
0.023135
-0.012629
0.011213
-0.000708
-0.012629
-0.000708
-0.000708
-0.000708
-0.012631
-0.012632
0.011216
-0.012632
0.011216
-0.000708
-0.000708
-0.000708
-0.024558
0.011217
-0.012634
-0.000708
-0.000708
0.011217
-0.000708
-0.000708
-0.000708
-0.012634
-0.000708
0.011217
-0.012634
-0.000708
0.023141
-0.000708
-0.000708
-0.000708
0.023135
-0.024552
0.011214
-0.000708
-0.000708
-0.012631
-0.000708
-0.024558
0.023141
-0.012632
0.011216
-0.000708
0.023135
-0.012629
0.011213
0.035046
-0.024543
-0.012628
-0.048401
-0.000708
0.023141
0.011214
-0.012631
-0.036484
-0.012636
0.046996
-0.000708
0.011214
-0.000708
0.023132
0.011210
-0.000708
-0.000708
-0.036467
-0.024555
0.011216
-0.024558
-0.000708
-0.012635
-0.000708
-0.024566
-0.012639
-0.024575
-0.024580
0.023164
-0.000708
-0.012644
0.023161
-0.036514
0.023164
0.023158
0.023152
-0.024569
-0.000708
0.011223
-0.048441
-0.000708
-0.000708
-0.000708
0.011227
0.047019
-0.000708
-0.024569
0.011223
-0.024572
-0.012642
-0.024580
-0.000708
0.035098
-0.060392
0.023169
0.023164
-0.000708
-0.048458
0.011231
-0.048475
0.023178
0.035110
-0.024586
-0.024592
-0.012652
-0.024600
-0.024606
-0.024612
0.011244
-0.036570
-0.012665
0.011248
0.082949
0.035123
-0.012651
-0.060442
0.035136
-0.036553
-0.000708
-0.084395
-0.036596
-0.024640
0.130847
-0.000708
0.059032
-0.012654
-0.036553
0.023189
-0.024606
0.011241
-0.000708
-0.000708
0.059018
-0.012651
-0.012652
-0.036548
0.035132
-0.012654
0.011237
0.011236
-0.036544
0.023184
-0.012654
0.011237
-0.012654
-0.120240
0.035166
-0.012665
-0.024626
0.047121
-0.000708
-0.000708
-0.072461
0.011254
0.059082
-0.024620
-0.000708
0.011248
-0.000708
0.261978
-0.012634
-0.036493
-0.036506
-0.048458
-0.120183
0.059047
0.011238
0.059004
-0.036531
-0.012652
0.106735
0.070857
-0.036484
0.023144
-0.000708
-0.024560
-0.036497
0.023152
-0.084246
0.035102
0.094723
-0.060342
-0.024572
0.023155
-0.012639
-0.000708
-0.000708
0.011223
-0.000708
-0.000708
-0.000708
-0.012639
0.011223
-0.000708
-0.024572
-0.000708
-0.012642
-0.000708
0.011226
-0.012642
-0.000708
-0.000708
-0.000708
-0.000708
-0.024580
-0.024586
0.011231
-0.012648
0.011231
-0.000708
-0.012648
0.011231
-0.012648
0.011231
-0.012648
-0.000708
-0.000708
0.011231
-0.012648
-0.012649
-0.000708
-0.000708
-0.012651
0.011234
-0.000708
-0.012651
0.011234
0.011233
-0.000708
-0.000708
-0.000708
-0.000708
0.011231
-0.000708
-0.000708
0.011230
0.011228
-0.012645
-0.000708
0.011228
-0.012645
-0.012646
-0.000708
-0.000708
-0.000708
-0.000708
-0.000708
-0.000708
-0.000708
-0.000708
-0.000708
0.011230
-0.000708
-0.000708
-0.012646
0.011230
-0.012646
0.011230
-0.012646
0.011230
-0.000708
-0.000708
0.011228
-0.012645
-0.000708
-0.000708
-0.000708
-0.000708
0.011228
-0.012645
0.011228
-0.012645
-0.024586
-0.012649
0.023172
-0.012648
-0.000708
0.011231
-0.000708
-0.012648
-0.012649
-0.000708
0.011233
-0.000708
-0.060428
-0.084375
-0.000708
0.011248
-0.012665
-0.036587
0.023212
-0.012668
-0.036596
-0.036609
0.047156
-0.060542
0.023229
0.011258
0.011257
0.035179
0.047121
0.023198
-0.024615
-0.000708
0.035149
-0.012659
0.011243
-0.000708
-0.000708
-0.036566
0.106825
-0.048487
0.011238
0.011237
-0.072401
-0.024617
0.059054
-0.012658
0.023189
0.011238
0.011237
-0.000708
-0.024600
0.011238
0.023181
-0.024597
-0.000708
-0.000708
0.023181
0.011234
0.011233
0.070908
0.058933
0.094643
-0.287036
-0.012656
-0.084385
0.094917
0.059011
-0.000708
-0.084325
0.011241
-0.000708
0.023187
-0.060456
-0.012662
0.035149
-0.024612
0.047093
-0.000708
-0.000708
-0.048509
-0.036574
-0.012666
-0.048555
-0.012674
0.023221
-0.012672
-0.000708
-0.012674
0.071062
-0.000708
-0.012666
0.023207
0.023201
0.035145
0.059018
0.011233
0.047041
-0.000708
0.058947
-0.000708
-0.036497
0.011223
0.011221
-0.072307
0.035098
0.011224
0.106620
-0.012628
-0.000708
0.023130
0.035038
-0.012622
-0.000708
-0.036459
0.011210
-0.012627
-0.012628
-0.072256
-0.012638
-0.143975
0.023184
0.023178
0.011233
0.023169
-0.072359
0.011237
-0.012654
0.070942
-0.060413
-0.012654
0.035123
0.011233
0.011231
0.082829
0.035072
-0.024560
0.011218
-0.012635
-0.024566
-0.036506
0.035089
-0.072316
0.070899
-0.012639
0.023152
0.046996
0.011214
-0.036480
-0.000708
0.011217
-0.024560
-0.048430
-0.024578
-0.024583
-0.036531
0.082859
0.023155
-0.000708
-0.012639
0.023152
-0.000708
-0.000708
0.011220
0.011218
-0.012635
-0.000708
-0.000708
-0.012636
-0.036501
-0.000708
-0.024578
0.023161
-0.000708
-0.012642
-0.000708
0.011226
-0.012642
-0.000708
-0.000708
0.011226
-0.000708
-0.000708
0.011224
-0.024575
-0.024580
-0.000708
-0.000708
0.023164
-0.012644
0.011227
0.011226
-0.000708
0.011224
-0.000708
-0.012641
0.023155
-0.000708
0.023150
-0.024566
-0.000708
0.011221
-0.000708
-0.000708
-0.000708
-0.036501
-0.000708
0.011224
0.011223
-0.036506
-0.000708
-0.012644
-0.000708
-0.000708
-0.012645
0.011228
-0.012645
-0.012646
0.011230
-0.012646
0.011230
-0.000708
-0.000708
-0.000708
0.011228
-0.012645
0.011228
-0.000708
-0.012645
0.011228
-0.000708
-0.000708
-0.012645
-0.000708
-0.000708
-0.000708
0.011228
-0.000708
-0.012645
-0.000708
-0.000708
-0.000708
-0.012646
-0.000708
-0.012648
0.011231
0.011230
-0.000708
-0.012646
0.023167
-0.000708
-0.000708
0.011227
0.011226
-0.012642
-0.012644
-0.024583
-0.000708
-0.012648
-0.048481
0.011237
-0.012654
0.011237
0.011236
-0.012652
0.011236
0.035115
-0.000708
-0.024589
-0.036540
0.023181
-0.012652
0.011236
0.035115
-0.012648
-0.024592
0.023175
-0.000708
0.011231
-0.000708
-0.000708
-0.000708
-0.000708
-0.000708
-0.024589
-0.012651
0.023175
-0.000708
-0.000708
0.011231
0.023167
-0.000708
-0.048464
0.011233
0.047041
0.070874
0.023141
-0.060342
0.023150
-0.036497
-0.000708
0.011223
0.035076
-0.024563
-0.000708
-0.000708
-0.012638
0.011221
0.082759
-0.024549
-0.084196
-0.000708
-0.000708
-0.012641
-0.012642
0.011226
-0.012642
-0.096231
-0.120240
-0.000708
-0.000708
-0.012669
-0.000708
-0.036600
0.047144
0.047121
-0.000708
-0.024620
0.035158
-0.012662
-0.024620
-0.012666
-0.000708
-0.012668
0.047121
0.059047
-0.299841
-0.072634
-0.000708
-0.048687
0.035278
0.059240
0.035244
0.011273
-0.000708
-0.036656
0.071174
0.142901
0.035162
0.011246
0.059040
-0.012655
-0.072419
0.011247
-0.012664
0.047104
0.011241
-0.024609
-0.036570
0.059054
-0.000708
0.059018
-0.024595
-0.000708
0.047059
-0.012648
-0.084325
0.082909
0.166316
-0.048401
-0.000708
-0.012635
0.023144
0.046979
0.023127
0.023121
-0.000708
0.011204
0.082640
0.023093
-0.000708
0.011190
0.106314
0.034940
-0.012590
-0.083918
0.023073
-0.012598
0.023070
-0.048271
0.070627
0.023059
0.011173
0.082422
0.070491
-0.000708
-0.048169
0.011159
-0.012576
0.058614
-0.012570
-0.036302
-0.048186
0.094225
-0.024433
-0.012573
0.023019
-0.000708
-0.012571
0.011155
-0.012571
0.011155
-0.000708
-0.012571
-0.000708
-0.000708
-0.060045
0.023031
0.011159
0.011158
-0.012574
0.011158
-0.012574
0.011158
-0.012574
0.023022
-0.012573
-0.024442
0.023025
-0.000708
-0.012574
0.023022
-0.000708
-0.000708
0.011155
-0.012571
-0.012573
0.011156
-0.012573
-0.000708
0.011156
-0.012573
-0.000708
-0.000708
END
