y[]
-0.000708
-0.000708
0.014714
-0.093272
-0.016143
0.014728
-0.047022
-0.031596
-0.000708
-0.000708
-0.016155
-0.016158
0.030190
0.014737
-0.000708
-0.000708
-0.000708
-0.016153
0.014737
-0.016153
0.014737
-0.000708
-0.000708
0.014735
-0.016151
-0.000708
0.014735
-0.016151
-0.000708
0.014735
-0.000708
-0.000708
0.014733
-0.000708
-0.000708
-0.000708
0.014730
-0.000708
0.045592
-0.031572
0.030156
-0.016139
-0.016141
-0.000708
0.061011
-0.016134
0.014718
-0.016134
-0.016136
-0.031572
0.030156
0.014721
-0.000708
-0.000708
-0.000708
-0.000708
-0.016136
-0.000708
-0.000708
-0.016139
0.014723
-0.000708
-0.000708
-0.000708
-0.000708
-0.000708
0.014721
-0.016136
-0.016139
-0.000708
-0.031577
0.030161
-0.016141
0.014726
-0.000708
-0.016141
0.030156
-0.016139
-0.000708
-0.000708
-0.000708
0.014723
-0.000708
-0.031572
0.030156
-0.000708
-0.016139
0.014723
-0.031572
-0.031581
-0.016148
-0.000708
-0.031596
0.045621
-0.016148
-0.000708
-0.000708
0.030171
-0.031586
-0.016151
0.061049
0.014726
-0.047015
-0.000708
0.045599
-0.000708
-0.000708
-0.077898
-0.016153
0.014737
-0.000708
0.014735
0.045606
-0.000708
-0.047022
0.014733
-0.016148
0.014733
0.045599
-0.000708
-0.000708
0.014723
-0.000708
0.014721
-0.000708
-0.000708
-0.016136
0.014721
0.014718
0.014716
-0.000708
0.014714
-0.016129
0.030133
-0.031548
0.014714
0.014711
-0.000708
0.014709
-0.016124
-0.000708
-0.000708
-0.016127
-0.000708
-0.000708
-0.000708
0.014711
-0.000708
-0.000708
-0.031548
0.014714
-0.000708
-0.016129
0.030133
-0.046972
-0.031562
-0.093329
0.030176
-0.047036
0.030180
-0.000708
0.014733
-0.093386
-0.000708
-0.000708
0.030195
0.014740
0.030180
0.030171
-0.000708
0.061021
-0.000708
0.045564
0.091771
0.014697
-0.000708
0.060888
-0.062303
0.014695
0.030090
0.060859
0.030062
-0.016091
0.014676
-0.016091
-0.016094
0.076198
0.014666
0.014664
-0.016079
0.014664
-0.000708
-0.000708
-0.000708
0.030028
-0.000708
0.030019
-0.031434
-0.000708
-0.016075
-0.077578
-0.016089
0.030052
0.045414
-0.016079
-0.000708
0.030033
-0.000708
-0.000708
0.014659
-0.016075
0.030024
-0.031439
-0.031449
-0.031458
-0.000708
0.014669
0.014666
-0.000708
-0.016082
0.014666
-0.031458
-0.093015
-0.016101
-0.077708
0.045499
0.030085
0.030076
0.045450
0.030052
0.091515
0.045372
0.014647
-0.031420
0.014650
0.014647
-0.000708
0.029995
0.014640
-0.000708
-0.016056
0.029986
-0.016053
-0.016056
-0.000708
-0.000708
-0.016058
-0.016060
0.029995
-0.016058
-0.016060
-0.000708
-0.016063
-0.000708
-0.016065
-0.000708
0.014650
-0.016065
-0.000708
-0.000708
-0.016068
0.014652
0.014650
-0.016065
0.014650
-0.000708
-0.016065
0.014650
-0.000708
-0.000708
-0.016065
0.014650
-0.016065
-0.000708
-0.000708
-0.000708
0.014650
-0.000708
-0.016065
-0.000708
-0.000708
0.014650
-0.000708
0.014647
0.060689
-0.016053
0.029981
0.045308
-0.000708
-0.031383
0.029967
0.014626
-0.016042
-0.000708
-0.031383
-0.016049
-0.000708
0.029972
-0.016046
-0.016049
-0.016051
0.014636
-0.000708
0.014633
-0.031392
-0.000708
-0.000708
-0.000708
-0.016053
-0.000708
-0.016056
0.014640
-0.031406
0.029991
-0.016056
-0.016058
-0.016060
-0.000708
-0.000708
-0.031420
-0.000708
0.030005
-0.016063
0.014647
-0.016063
0.014647
-0.000708
-0.000708
-0.000708
-0.000708
-0.000708
-0.016063
-0.000708
-0.000708
0.030000
-0.016060
-0.016063
-0.000708
-0.000708
-0.031425
-0.000708
0.014652
-0.016068
-0.000708
-0.000708
0.014652
-0.031430
-0.000708
-0.000708
-0.016072
-0.000708
-0.000708
-0.016075
0.014659
0.014657
-0.016072
-0.016075
-0.016077
0.014662
0.030024
-0.031439
-0.016077
0.030028
-0.000708
0.060736
-0.000708
-0.031425
-0.031434
-0.000708
-0.031444
0.014662
-0.000708
0.014659
0.014657
-0.016072
0.030019
-0.000708
0.045365
-0.031420
-0.016068
-0.000708
0.014652
0.014650
0.014647
-0.016063
-0.000708
-0.000708
-0.016065
0.030005
0.014645
-0.046773
-0.000708
-0.062161
-0.000708
0.014659
-0.031444
-0.016079
0.091487
-0.000708
-0.062161
-0.016077
-0.031453
0.014666
0.014664
-0.031453
0.076139
-0.169847
0.030066
-0.000708
0.076186
0.030033
0.060746
0.014650
-0.016065
-0.000708
0.045358
-0.000708
0.029991
-0.077471
0.045358
0.045336
-0.092817
-0.108276
0.045407
-0.092959
-0.046865
0.045450
0.030052
0.014669
0.030038
-0.062208
-0.016089
0.060802
-0.000708
-0.062218
0.060802
0.045400
-0.046815
0.060765
-0.031439
-0.031449
0.014664
0.030028
-0.031444
0.014662
-0.092959
-0.000708
0.045428
-0.016084
0.060783
-0.016077
0.014662
0.106811
0.045336
0.014636
-0.000708
-0.000708
0.014633
0.060633
-0.000708
0.060595
-0.016030
-0.046688
0.045273
-0.062020
-0.016042
-0.000708
-0.031383
0.045301
-0.092746
-0.123558
-0.016075
-0.092959
-0.108441
-0.000708
0.045478
-0.077696
0.045492
0.076245
0.060812
-0.093001
-0.062284
-0.062322
-0.154910
0.245902
0.014685
-0.016101
0.030076
-0.000708
0.091586
0.014666
-0.016082
0.014666
-0.000708
-0.016082
0.014666
-0.000708
-0.016082
0.014666
0.014664
-0.000708
0.014662
-0.000708
-0.000708
-0.000708
-0.031449
0.014664
-0.031453
-0.000708
-0.000708
0.014666
-0.000708
0.030033
-0.000708
-0.000708
-0.000708
0.014659
-0.016075
-0.016077
-0.031453
-0.000708
0.014666
-0.016082
0.030038
-0.016079
-0.000708
-0.000708
-0.000708
-0.000708
-0.000708
-0.000708
-0.000708
0.014664
0.030028
-0.016075
0.030024
0.106778
-0.016056
-0.000708
-0.000708
0.014640
-0.016056
-0.016058
-0.016060
0.029995
-0.016058
-0.000708
-0.016060
-0.016063
-0.016065
-0.000708
0.030005
-0.016063
0.014647
-0.000708
-0.016063
0.014647
-0.016063
0.014647
-0.000708
0.014645
-0.016060
-0.000708
-0.000708
-0.000708
-0.016063
-0.031425
-0.016070
0.014654
-0.016070
-0.000708
-0.016072
-0.016075
-0.031449
-0.077601
0.014676
-0.000708
0.014673
0.045421
0.014664
0.014662
-0.031449
0.014664
-0.016079
0.091487
-0.046794
-0.000708
0.030019
-0.016070
-0.031439
-0.016077
0.014662
-0.031449
-0.000708
0.091487
0.106745
-0.000708
0.014633
0.029967
0.014626
-0.016042
0.029958
-0.016039
-0.000708
-0.031378
-0.031387
-0.016051
-0.046752
-0.062133
0.014652
-0.062161
0.014659
-0.031444
-0.031453
-0.000708
0.045407
-0.077578
0.014671
0.014669
0.030038
-0.016079
0.030033
0.030024
-0.016072
0.014657
-0.000708
-0.000708
-0.000708
-0.016072
0.014657
0.030014
-0.031430
0.076080
-0.000708
-0.016060
-0.000708
-0.123614
0.045400
0.030019
-0.031434
-0.016075
-0.031449
-0.046837
-0.000708
0.060793
-0.046830
0.030043
-0.000708
-0.016082
-0.031463
-0.016089
0.030052
-0.016086
-0.016089
-0.000708
-0.000708
0.030052
-0.031467
0.060802
0.030033
-0.062199
-0.108408
-0.000708
0.153115
-0.169926
0.045471
-0.031491
0.214578
0.030010
-0.046787
0.091430
-0.092845
-0.062180
-0.154554
-0.077720
0.060907
-0.000708
0.014690
0.014688
0.106993
-0.000708
-0.062237
-0.093072
0.168562
0.045407
-0.092959
-0.016091
-0.123860
-0.062341
0.014704
-0.093215
0.122616
-0.000708
0.045499
-0.000708
0.014690
-0.016105
-0.016108
0.045485
-0.031501
0.045478
0.060840
-0.062256
0.030071
0.060821
-0.000708
-0.046851
-0.000708
-0.000708
0.030057
-0.016089
-0.000708
0.091543
-0.092959
0.014673
0.045421
-0.016082
-0.016084
0.045414
-0.000708
-0.062208
0.030047
0.014666
0.014664
-0.000708
0.014662
-0.031449
-0.000708
0.014664
0.122180
0.045336
0.014636
-0.000708
0.014633
0.014631
-0.000708
-0.031387
0.029972
-0.031387
END
