y[]
0.000579
-0.011984
0.000579
0.025705
-0.011983
0.000579
0.000579
-0.024550
0.025708
0.013141
0.013140
-0.011981
-0.024546
0.013143
0.000579
0.013141
0.000579
0.000579
-0.011983
0.000579
0.025702
0.038251
-0.062215
0.013141
0.025699
-0.011980
0.000579
-0.037107
0.013143
0.025702
0.013138
0.025692
0.013133
0.000579
-0.011975
0.013133
0.025683
0.000579
-0.011972
-0.011973
0.038232
-0.024521
0.038227
0.000579
-0.011969
0.013127
-0.037069
0.000579
0.013130
-0.024524
-0.011975
-0.024534
0.013137
-0.024537
0.025695
-0.037097
0.038256
0.000579
0.013135
0.013133
-0.011975
-0.024534
-0.037102
0.000579
0.038261
-0.024540
0.000579
-0.011983
0.000579
0.025702
-0.011981
-0.011983
0.000579
0.000579
0.025702
-0.037107
0.013143
0.013141
-0.011983
0.000579
-0.011984
0.050824
0.013137
0.000579
0.013135
-0.011976
0.000579
0.025689
0.013132
0.000579
-0.037083
-0.011978
-0.037102
0.000579
-0.024550
-0.074845
-0.024575
0.025733
0.076003
-0.037126
0.025717
-0.037131
0.013151
-0.011992
0.000579
0.013151
0.000579
-0.037140
0.063437
0.063397
-0.011981
-0.024546
-0.011986
0.013144
0.025705
0.025699
0.000579
0.025692
-0.024534
-0.024540
0.025699
-0.011980
0.063358
-0.011973
0.025683
0.050767
0.063279
-0.099759
0.000579
0.000579
0.025673
0.025667
-0.011964
-0.011965
0.063287
-0.062128
0.038209
0.050730
-0.037031
-0.037045
0.013122
0.038199
0.013116
0.050711
0.000579
-0.037017
0.013113
-0.024490
0.025648
-0.062105
0.038194
0.350974
-0.161951
-0.087047
-0.187450
-0.037069
-0.074760
0.050812
0.075880
0.038209
0.013119
0.025654
-0.212761
-0.087399
0.000579
-0.074892
-0.012005
-0.049773
0.113837
0.138831
-0.049672
0.088502
0.000579
0.100968
0.113397
0.050679
0.000579
0.000579
0.125720
0.063091
0.125486
-0.124327
-0.061932
0.113072
-0.149440
0.025598
0.013086
0.038091
0.088052
-0.024405
-0.049408
-0.061940
0.000579
0.100592
-0.036914
-0.024424
0.013082
0.125517
-0.036886
0.000579
-0.099396
0.050579
0.013075
0.050548
0.038039
0.087932
0.050461
0.000579
0.075355
-0.061730
0.013044
-0.136621
-0.011903
-0.099333
-0.061917
0.013082
-0.162073
-0.124718
0.000579
0.000579
-0.049584
0.075814
-0.062113
0.176018
0.025617
0.063146
-0.074505
0.125689
-0.011925
-0.112026
0.025614
-0.087069
-0.049540
0.000579
-0.024490
-0.037036
-0.024505
0.013122
0.038199
0.038185
-0.099734
0.000579
0.063287
0.013116
-0.011958
-0.011959
-0.037045
0.000579
-0.011965
-0.011967
-0.011969
-0.024521
-0.024527
0.013133
-0.011975
-0.024534
-0.024540
0.025699
0.025692
-0.024534
0.025692
0.013133
-0.037088
-0.024540
0.000579
0.063366
0.000579
0.063326
-0.011967
-0.037069
0.100943
-0.011961
-0.024505
0.038204
0.000579
-0.011961
0.038194
-0.037036
-0.049596
-0.024518
-0.011972
-0.037083
-0.024537
-0.011981
0.050812
-0.049653
0.000579
0.050812
0.025686
0.038227
-0.011969
0.025673
0.013124
-0.024512
0.000579
-0.049622
0.063326
-0.037064
0.038223
0.050749
-0.011961
-0.011962
-0.024509
0.025667
-0.037055
-0.049622
0.025683
0.025676
-0.011969
-0.049628
0.013133
0.013132
0.000579
0.013130
-0.011972
-0.024527
0.000579
0.025686
0.075862
-0.011964
0.000579
0.000579
-0.024512
0.013125
-0.011967
0.063295
-0.049590
0.025667
0.038199
0.000579
-0.062128
-0.024515
0.000579
0.013127
-0.049622
0.000579
-0.037088
0.113538
0.063279
0.038180
-0.087179
-0.074703
-0.024527
-0.125049
0.101094
-0.099936
0.113652
0.075890
0.000579
0.013125
0.025667
0.025661
0.013118
-0.124876
-0.011975
-0.074779
-0.037121
-0.049710
-0.011997
-0.024578
-0.062342
0.025752
0.025746
-0.024588
-0.024594
-0.012010
0.050925
-0.037178
0.025752
0.013163
0.025743
0.013159
-0.012000
0.038313
-0.011997
-0.062326
0.038327
-0.024584
-0.012005
0.013163
0.050900
0.050875
-0.024565
0.013152
-0.049723
-0.024581
0.025740
-0.012000
0.088602
0.013148
-0.062278
0.000579
0.000579
0.000579
-0.011997
-0.011999
-0.037164
-0.037178
-0.012010
-0.012011
0.050932
-0.012007
0.025749
-0.012005
0.038327
0.025736
0.050875
0.101094
0.063350
-0.112436
-0.062262
0.088547
0.075918
0.050774
-0.024515
-0.049628
0.100968
0.138450
0.000579
-0.099671
0.050717
-0.011953
-0.011954
0.088282
-0.087124
0.138363
-0.049502
0.075692
0.125642
0.113002
-0.061862
-0.061901
0.000579
0.025576
-0.074430
0.038091
-0.011923
0.050579
0.025570
0.013072
-0.049402
0.050560
-0.011914
0.063028
0.100417
-0.099259
-0.149365
0.013083
-0.174618
0.038147
0.013099
0.038129
0.000579
0.013093
-0.062003
0.000579
-0.062042
-0.062081
-0.074665
-0.099835
-0.062231
0.075947
0.025689
0.050780
-0.112408
0.075918
0.100943
0.050723
0.113312
-0.049508
0.188279
-0.074458
-0.112083
0.025626
0.163232
0.000579
-0.011923
-0.036937
0.000579
0.025592
0.013083
-0.011925
0.025585
0.000579
-0.111998
0.013094
0.050623
-0.024440
0.000579
0.013089
0.013088
-0.011929
0.038100
0.000579
0.038086
-0.049433
0.038091
-0.061948
-0.011931
-0.024446
-0.024452
-0.011939
0.000579
-0.036984
0.000579
-0.036998
0.000579
-0.011950
-0.011951
-0.037022
-0.011958
-0.011959
-0.011961
-0.099797
0.050780
-0.074731
0.000579
-0.112493
0.050849
-0.024553
0.088513
-0.037097
-0.037112
0.025708
-0.011984
0.000579
0.025705
-0.024546
0.063381
-0.087355
0.000579
-0.024559
0.025717
0.038275
-0.024550
-0.049697
0.038289
0.013146
0.025708
0.025702
0.013138
0.000579
-0.011980
-0.011981
0.038256
0.000579
0.138605
0.013118
0.000579
-0.074675
0.000579
0.013125
-0.062168
0.025683
-0.011972
0.025680
0.038218
0.038204
-0.049590
-0.024515
-0.074741
0.000579
0.038246
-0.024531
-0.011978
-0.011980
-0.011981
-0.024546
0.038265
0.025695
0.013135
-0.011976
-0.062223
-0.074836
-0.037150
0.050881
0.038289
-0.087432
0.013157
0.013155
-0.087488
0.000579
0.050913
-0.062342
-0.100176
0.076156
0.101259
-0.049748
0.000579
-0.112749
0.013178
0.000579
0.088724
0.063492
0.000579
0.000579
0.038308
-0.074892
-0.087543
-0.012016
0.000579
-0.037216
-0.075054
0.051008
-0.024632
-0.062476
0.051027
-0.024641
0.051014
0.076184
-0.049818
-0.024629
0.000579
0.088779
0.025765
0.000579
-0.024607
0.088702
-0.037178
0.000579
0.025752
0.000579
0.038327
0.214214
0.088414
-0.137482
0.013138
-0.024540
0.050812
-0.024534
-0.024540
0.075918
0.013130
0.000579
-0.049634
-0.011978
-0.099936
0.038284
-0.011988
0.025711
0.101044
0.038227
-0.024518
-0.087311
-0.087388
-0.049723
0.101158
-0.074845
-0.049735
-0.049761
0.076079
-0.200881
0.126540
0.088657
-0.175654
0.076146
-0.125397
0.025787
0.025781
-0.188588
0.051059
0.013195
-0.150917
-0.012056
-0.024696
0.114266
0.151961
-0.049856
0.114022
-0.150707
0.126667
0.000579
-0.049837
0.088790
0.126460
-0.024584
-0.074949
0.176724
-0.024565
0.101120
0.025699
-0.011980
-0.125096
0.038298
-0.087454
0.000579
0.050894
0.025727
-0.062302
0.000579
0.151428
0.025699
0.000579
0.063350
-0.037078
-0.037093
0.000579
-0.062239
0.126176
0.038227
-0.112408
-0.049678
-0.100012
0.000579
-0.100113
0.076108
-0.125334
0.025774
-0.062421
-0.062461
0.025800
-0.138213
0.114151
-0.075121
0.000579
-0.062548
0.063707
-0.138354
-0.012061
0.190009
0.013195
-0.012037
0.025809
0.038413
-0.062484
0.013195
0.013194
0.025803
-0.037259
0.000579
0.063635
-0.075092
-0.075150
0.038451
0.013200
0.013198
0.063651
-0.049875
0.000579
END
