y[]
-0.055391
0.040542
-0.014277
-0.041695
-0.027997
-0.000573
-0.028005
-0.000573
-0.014292
-0.014294
-0.000573
-0.028020
-0.000573
-0.000573
-0.014299
-0.028031
0.013156
0.040604
0.013149
0.068009
-0.000573
-0.000573
0.026846
0.026839
-0.014279
-0.000573
0.026835
0.026828
-0.014273
0.013126
0.013124
-0.069081
-0.041700
-0.000573
0.013137
0.013135
0.026839
0.013130
-0.000573
0.040525
0.054199
0.054169
-0.027941
-0.014260
-0.014262
0.026801
0.013111
0.013109
-0.014256
0.040469
-0.000573
-0.014252
-0.000573
0.026783
0.013102
0.026771
-0.027918
-0.041605
0.026783
-0.000573
-0.000573
-0.000573
-0.000573
-0.014251
0.013104
-0.041610
-0.000573
-0.000573
0.040463
0.013102
-0.027926
-0.027933
0.013107
0.013105
-0.000573
-0.000573
0.013104
0.040447
0.026764
-0.000573
0.040419
-0.000573
-0.027900
0.013091
0.026749
0.054049
0.013077
-0.041532
-0.041549
0.013087
-0.041560
0.026753
-0.000573
0.013087
-0.041560
0.013091
-0.055241
0.013096
-0.027915
0.177010
-0.014223
-0.014224
-0.041538
0.040391
0.054019
-0.055166
-0.014226
-0.027885
-0.000573
0.040391
-0.014226
0.040379
-0.123482
0.026753
0.040402
-0.027888
0.013085
-0.164598
0.054131
-0.137391
-0.000573
-0.000573
-0.000573
-0.027960
-0.082777
-0.014281
0.026839
0.013130
0.013128
0.026824
0.013122
0.026813
0.026805
0.013113
-0.014260
-0.055338
-0.000573
0.026813
-0.027960
-0.014269
0.026816
-0.082765
0.040531
-0.027975
0.026828
0.013124
0.013122
-0.014269
-0.000573
0.026816
-0.000573
-0.000573
0.013119
0.026805
0.081517
0.108776
-0.055233
-0.000573
-0.000573
0.108716
-0.014228
-0.000573
-0.014230
0.013083
-0.109878
-0.027918
-0.096339
-0.096431
0.040520
-0.014269
-0.000573
-0.055376
0.013130
-0.000573
-0.027982
-0.000573
-0.027990
0.040548
-0.041695
-0.014284
0.109061
0.013122
0.013120
0.067868
0.013109
0.013107
0.013105
-0.041616
0.013109
0.013107
-0.027937
0.040469
-0.027933
-0.014256
-0.000573
0.013109
0.013107
-0.000573
-0.000573
0.013105
-0.014252
-0.041622
-0.027948
0.013115
-0.027952
-0.000573
0.013117
-0.000573
-0.000573
-0.041650
-0.041667
0.013126
0.013124
-0.014271
-0.055383
-0.041700
0.026846
0.013134
0.013132
0.013130
-0.000573
-0.041689
-0.014282
-0.014284
-0.000573
-0.000573
-0.000573
0.013137
0.013135
0.026839
-0.000573
0.013130
-0.000573
-0.014277
0.013130
0.013128
-0.000573
0.013126
-0.027975
0.013128
0.013126
0.013124
-0.014271
0.013124
-0.027971
0.026824
-0.000573
-0.000573
-0.027971
-0.000573
-0.000573
-0.000573
-0.000573
-0.000573
-0.014275
-0.014277
-0.027986
-0.014282
0.013135
-0.000573
-0.000573
-0.000573
0.040542
0.013128
-0.000573
-0.000573
0.013126
-0.000573
0.013124
-0.000573
-0.014271
-0.000573
0.013124
-0.014271
-0.041678
-0.000573
0.026831
0.026824
0.040508
0.054176
-0.000573
0.013109
-0.027941
-0.055331
-0.041661
-0.069090
0.013134
-0.041700
0.054259
0.013130
-0.000573
0.026828
0.040514
-0.000573
-0.000573
0.013119
-0.014266
0.054184
-0.027948
-0.000573
0.026801
-0.000573
-0.000573
-0.000573
0.013111
-0.014258
-0.000573
-0.027948
0.013115
0.054161
-0.014254
-0.000573
0.013107
0.026783
-0.000573
-0.014251
0.013104
-0.027930
-0.014254
0.013107
-0.014254
0.013107
0.013105
0.040452
0.067765
-0.014238
-0.014239
-0.000573
-0.027911
0.013096
-0.000573
-0.014243
-0.000573
-0.000573
0.026764
-0.027911
-0.014245
-0.014247
0.067775
-0.014239
0.040419
0.026745
0.026738
0.013079
-0.000573
-0.014226
-0.082530
-0.246845
0.040514
0.013119
0.026805
-0.110133
0.026828
0.013124
0.095258
-0.027945
0.026798
-0.000573
-0.096405
-0.041672
-0.027982
-0.069128
-0.014290
-0.069184
-0.165431
0.054409
0.013167
-0.028057
0.026910
-0.069297
0.081889
0.026899
-0.055526
0.068113
-0.028042
0.013162
0.013160
-0.069260
-0.014316
-0.014318
-0.014320
0.095613
-0.014309
-0.014311
-0.055541
0.040655
0.054372
-0.000573
-0.014307
-0.014309
0.013162
0.026891
0.136638
0.040553
-0.069128
0.054274
-0.069137
0.081697
-0.041700
0.026846
0.054244
0.026824
-0.000573
-0.014271
-0.041678
-0.027986
0.040542
0.013128
-0.000573
0.013126
-0.137654
-0.000573
0.067990
-0.027993
-0.137785
-0.014305
-0.000573
-0.000573
-0.028042
0.013162
-0.000573
-0.028046
-0.000573
-0.014313
0.026903
-0.000573
-0.000573
0.040627
-0.014305
-0.000573
0.013158
0.013156
-0.000573
-0.028035
0.013158
0.013156
-0.028035
-0.000573
0.026888
-0.014303
0.013156
-0.014303
-0.000573
-0.028038
0.013160
0.013158
-0.014305
-0.000573
-0.000573
-0.000573
-0.000573
0.013158
-0.000573
0.013156
0.026880
0.026873
-0.014296
-0.000573
-0.000573
0.013149
-0.000573
-0.000573
0.013147
0.013145
0.013143
0.013141
0.040559
-0.000573
0.013134
-0.027990
-0.000573
0.013135
-0.000573
-0.000573
0.013134
0.013132
-0.014279
-0.000573
-0.000573
0.026835
-0.000573
-0.014277
-0.014279
-0.000573
-0.000573
-0.014281
0.013134
-0.027990
-0.000573
-0.014284
0.026846
-0.027993
0.013137
-0.000573
0.013135
0.013134
0.026835
-0.014277
-0.000573
-0.014279
0.013132
-0.000573
-0.014279
-0.000573
-0.014281
-0.027993
0.013137
-0.000573
-0.055428
0.040570
0.013137
-0.027997
-0.000573
0.040559
-0.014282
0.026843
-0.000573
-0.000573
0.026835
-0.014277
0.013130
-0.041689
-0.000573
0.013134
-0.055413
-0.041723
0.013145
-0.000573
0.026858
0.013139
0.013137
-0.014284
0.040553
0.054236
-0.000573
-0.000573
-0.000573
0.040514
-0.027963
-0.014271
0.013124
0.026816
-0.000573
-0.000573
-0.000573
-0.014267
0.040503
-0.000573
0.054169
0.026786
0.013104
-0.014251
-0.027933
0.013107
0.013105
-0.000573
-0.000573
-0.000573
-0.000573
-0.068987
-0.000573
-0.000573
0.013113
0.013111
-0.027945
-0.014262
-0.000573
0.040486
-0.000573
0.026790
0.013105
-0.014252
0.013105
0.040452
-0.027922
-0.027930
-0.041622
0.026794
0.013107
0.013105
0.013104
-0.000573
-0.014251
-0.027933
-0.027941
0.013111
0.013109
0.040463
-0.027930
-0.027937
0.013109
0.026786
0.026779
0.040441
0.026760
-0.000573
0.040413
0.081349
-0.014223
0.013076
-0.000573
0.040363
-0.027862
0.053997
-0.000573
0.081226
-0.055099
-0.027847
-0.014213
-0.014215
-0.014217
0.026712
-0.014215
-0.041510
0.013074
-0.000573
-0.027870
-0.014224
-0.027881
-0.000573
-0.014230
-0.014232
0.040396
-0.014228
0.054034
0.013074
-0.041521
0.026727
0.013074
0.026715
-0.014217
-0.000573
-0.014219
0.026715
-0.014217
0.013070
-0.000573
0.026708
-0.041498
-0.096130
-0.096222
-0.000573
0.013096
-0.027915
0.013098
0.095075
0.067691
-0.014223
-0.000573
-0.014224
0.013077
0.040368
-0.000573
-0.014219
0.053997
-0.041498
0.026712
-0.027859
0.053989
0.013063
-0.055129
-0.082462
0.026730
-0.041532
-0.000573
-0.027888
0.013085
-0.000573
-0.027892
-0.000573
0.026745
0.013083
-0.027888
0.013085
0.013083
-0.000573
-0.014230
0.013083
-0.000573
-0.000573
-0.000573
-0.000573
-0.000573
-0.014230
-0.000573
-0.027892
-0.014236
-0.014238
0.013091
0.026749
-0.027896
0.013089
-0.014236
-0.014238
0.013091
-0.000573
-0.000573
-0.000573
0.013089
-0.000573
-0.000573
-0.000573
0.013087
0.013085
0.013083
-0.027888
-0.000573
-0.000573
-0.000573
0.013085
-0.000573
-0.000573
0.013083
-0.000573
-0.000573
-0.000573
-0.014230
-0.000573
-0.000573
-0.000573
-0.000573
-0.000573
0.013083
0.040385
-0.014224
-0.000573
-0.000573
-0.000573
-0.000573
-0.014226
0.013079
-0.014226
0.026730
-0.014224
0.013077
0.026723
0.013072
-0.000573
0.013070
END
