y[]
0.013504
0.001732
0.025272
0.001732
0.001732
0.001732
0.025267
-0.080665
0.037053
-0.033590
0.025280
0.013504
-0.033590
0.025280
0.072345
0.001732
-0.010034
0.001732
-0.010035
-0.010037
0.001732
0.013500
0.037028
-0.068873
-0.033590
0.037053
-0.033590
-0.127886
0.037099
-0.021845
0.001732
0.025308
-0.010056
0.037090
0.001732
-0.010053
0.001732
0.025300
0.001732
0.001732
0.013514
0.001732
0.025291
-0.092541
0.013521
-0.033640
0.013523
0.013522
-0.021851
0.001732
0.001732
0.013523
0.001732
0.013522
0.001732
0.013521
-0.010057
0.001732
0.025308
0.001732
0.013518
-0.010055
0.001732
0.001732
0.001732
-0.010056
-0.010057
0.001732
-0.010059
0.001732
0.001732
0.025311
0.013519
0.001732
0.001732
-0.010056
-0.010057
0.013521
-0.021848
0.001732
-0.010060
0.001732
0.013523
0.001732
0.013522
0.013521
0.013519
0.001732
-0.033635
0.013522
0.013521
0.001732
0.001732
0.001732
0.001732
0.001732
0.025305
0.001732
0.001732
0.013516
0.025297
0.001732
0.001732
0.013512
-0.010049
0.001732
-0.021834
0.001732
0.025297
0.001732
0.001732
0.001732
0.001732
0.013512
-0.010049
0.013512
0.013511
0.001732
0.025286
0.001732
0.013507
-0.010044
0.013507
0.025278
0.025272
0.001732
0.001732
-0.010038
0.013501
-0.045355
-0.010044
0.025280
-0.021817
0.001732
0.001732
0.013507
0.013505
-0.021817
0.025280
0.025275
-0.021812
-0.021817
0.025280
-0.021817
0.025280
0.013504
-0.045366
-0.010046
-0.021828
0.025291
-0.010048
-0.010049
0.001732
0.013512
0.013511
0.001732
0.013509
-0.021826
-0.045399
-0.021842
0.013519
0.001732
0.001732
-0.010056
0.013519
-0.010056
0.013519
-0.010056
0.025305
0.025300
0.001732
0.013514
-0.010050
0.001732
0.025294
-0.010049
0.001732
0.013512
-0.010049
0.001732
0.037069
-0.033606
0.013512
-0.010049
0.001732
0.025291
-0.021828
0.001732
-0.010050
0.001732
-0.010052
-0.021839
0.025303
-0.010053
0.025300
-0.021837
-0.021842
-0.010057
0.001732
-0.010059
0.013522
-0.010059
-0.021853
-0.057255
0.025330
-0.021867
0.001732
0.001732
0.013532
0.001732
0.084293
0.001732
-0.033644
0.072470
-0.021842
-0.116221
0.037132
0.013529
-0.021864
-0.045477
0.013536
-0.092742
-0.033719
0.001732
-0.033732
-0.057402
-0.010099
-0.045606
-0.010106
0.060907
-0.010101
0.013564
0.025392
-0.021929
-0.021934
0.037228
0.001732
0.001732
-0.045600
0.013567
0.060886
-0.045589
-0.021937
-0.010105
-0.021945
0.025409
-0.069316
-0.033811
0.037274
-0.010115
0.013578
-0.033811
-0.021971
0.049131
-0.010116
0.001732
-0.033820
0.001732
-0.033832
0.072847
0.037270
0.096440
-0.045611
0.013569
-0.021945
-0.104885
0.049131
-0.045667
0.013583
0.049125
0.001732
-0.045662
0.060970
0.072771
0.013567
0.025397
0.025392
-0.081104
0.049074
0.072704
0.025378
-0.341688
0.025454
-0.010129
0.013592
0.013590
-0.010127
-0.033853
0.001732
-0.010133
0.072898
-0.021985
0.001732
-0.010129
-0.010130
0.001732
0.013593
0.001732
-0.010130
-0.021996
-0.010134
0.013597
0.013596
0.001732
0.001732
0.001732
-0.010133
0.001732
0.001732
0.013596
0.001732
0.001732
0.001732
0.001732
0.001732
0.013595
-0.010132
-0.010133
0.013596
-0.010133
0.001732
0.013596
-0.010133
0.013596
0.001732
0.001732
-0.010133
-0.045741
0.001732
0.001732
0.049204
-0.010134
-0.022004
0.013600
0.001732
-0.033879
0.013603
0.001732
0.001732
0.001732
0.001732
-0.010140
0.013603
0.001732
0.001732
0.001732
0.001732
0.001732
0.013602
0.001732
0.013600
-0.010137
0.013600
0.013599
-0.010136
0.001732
-0.010137
0.001732
0.013600
0.001732
-0.010137
0.013600
-0.022007
0.013602
-0.010139
0.013602
-0.022010
0.013603
0.013602
0.001732
0.001732
0.001732
0.001732
-0.010139
-0.022013
0.025476
-0.033887
0.025479
0.013603
0.001732
0.001732
-0.057640
0.013609
0.025482
0.001732
0.025476
-0.022013
-0.022019
0.013607
-0.022021
0.013609
-0.010146
0.061103
-0.010140
0.025473
0.013600
0.049192
0.001732
-0.010132
0.001732
0.013595
-0.010132
0.001732
0.001732
-0.010133
0.025459
-0.010132
0.001732
0.013595
0.001732
0.013593
0.001732
-0.010130
-0.021996
-0.010134
-0.010136
-0.010137
0.001732
0.001732
0.001732
0.001732
0.001732
0.001732
-0.010139
0.013602
0.001732
0.013600
-0.022007
-0.010140
0.013603
-0.010140
0.001732
0.013603
0.013602
0.025468
-0.022004
0.001732
-0.022010
-0.045769
-0.057676
0.013616
0.013614
0.013613
0.001732
0.013612
0.013610
-0.033908
-0.033921
0.049266
-0.022033
0.013614
0.025493
-0.045797
0.001732
-0.033930
0.132427
0.108538
0.025451
-0.069443
0.108474
0.060984
0.013578
-0.057514
0.072822
0.013575
-0.069350
-0.093123
-0.033862
-0.033875
0.049204
0.096608
-0.045696
-0.021990
0.013593
0.001732
-0.069460
-0.033883
0.049215
-0.010137
0.025468
-0.022004
-0.022010
0.084803
-0.081340
0.013603
-0.022013
0.001732
-0.010143
-0.033900
0.025487
0.001732
0.001732
0.037355
0.025473
-0.022010
0.013603
0.025470
0.001732
0.013599
0.013597
0.013596
-0.069477
0.001732
0.049209
-0.057619
0.013605
0.072940
0.037317
-0.010129
0.037308
-0.010126
-0.010127
-0.010129
0.037308
0.001732
0.001732
-0.105036
0.013600
0.001732
-0.022007
-0.081399
-0.045803
0.061146
0.025487
0.120426
0.025454
-0.010129
0.037308
0.013588
0.001732
-0.010124
0.037296
0.013583
0.025431
-0.010117
0.001732
0.013581
0.013579
-0.033816
0.013582
0.001732
-0.010119
0.001732
0.001732
0.013582
-0.010119
0.001732
0.013582
0.001732
0.001732
0.001732
0.013581
-0.010117
0.013581
-0.021968
0.013582
0.001732
0.037274
0.001732
0.013576
0.037258
-0.010109
-0.010110
-0.033803
0.025423
-0.010113
0.001732
0.025420
0.001732
0.001732
-0.010112
0.025417
0.025411
0.049074
-0.010102
-0.021940
0.037237
0.013564
-0.010101
-0.010102
0.013565
0.013564
-0.010101
0.013564
-0.010101
-0.010102
-0.010103
-0.010105
0.001732
-0.010106
0.025406
-0.010105
0.001732
0.001732
0.001732
-0.010106
0.001732
0.001732
0.001732
0.013569
0.025403
0.001732
-0.010103
0.001732
0.001732
0.001732
0.001732
0.013567
-0.010103
0.013567
0.001732
0.037228
-0.010099
0.001732
0.013562
0.001732
-0.021931
0.013564
0.001732
0.001732
-0.010101
0.001732
0.037224
-0.021929
-0.010101
0.001732
-0.021937
0.013567
-0.010103
0.001732
0.001732
0.037232
0.013562
0.013561
-0.045594
-0.010103
0.013567
-0.021940
-0.010106
0.001732
0.025406
-0.021943
0.013569
0.001732
-0.045628
-0.057500
0.025428
0.049108
0.013572
-0.033795
-0.045656
0.025428
0.001732
0.013578
0.001732
0.001732
0.013576
0.025417
-0.021954
0.001732
0.013575
0.013574
-0.010110
0.001732
0.025414
0.001732
0.001732
-0.021951
0.025414
0.013571
-0.010108
0.013571
-0.010108
0.001732
-0.021951
-0.010112
0.001732
-0.033807
0.013579
-0.021965
-0.033824
-0.010123
0.037291
0.037279
-0.010116
0.001732
0.013579
-0.045667
0.001732
0.001732
0.001732
-0.010122
0.013585
0.013583
-0.021974
-0.033837
0.001732
-0.010127
-0.021990
0.025454
0.037304
0.025439
-0.033832
-0.033845
-0.081330
0.001732
-0.010140
0.001732
-0.033892
0.096698
0.001732
0.049181
-0.021990
0.037312
0.049153
-0.045690
-0.033849
0.037312
0.013589
-0.010126
-0.045712
-0.069477
-0.022016
-0.057661
-0.010151
-0.105278
-0.022064
-0.010168
-0.117344
-0.022101
-0.034027
-0.010191
-0.034044
0.049430
0.001732
0.037491
-0.022106
-0.057888
0.025584
END
