y[]
-0.032913
0.026460
-0.032917
0.026463
-0.009166
0.026460
0.002710
0.026454
-0.009162
-0.021037
0.026457
-0.021037
0.026457
0.026452
0.014579
0.002710
0.038308
0.002710
0.073867
0.026418
-0.056570
0.002710
0.026426
-0.009148
-0.032871
0.062004
0.002710
-0.021004
0.038278
0.014563
0.038261
-0.044695
-0.021001
0.002710
0.144890
0.026387
-0.068338
0.026398
0.085575
0.014542
0.014541
-0.020953
0.014542
0.026370
-0.056451
-0.163128
-0.139656
0.168783
0.014562
-0.115872
0.014574
0.002710
0.133127
-0.044695
-0.021001
0.014566
0.050120
-0.020992
0.014562
0.002710
-0.009142
0.038261
-0.044695
0.014563
0.002710
-0.032854
0.026421
0.002710
0.061962
-0.009138
-0.032841
0.026412
-0.032846
0.002710
0.014563
-0.009143
0.038265
0.014559
0.002710
0.026404
0.050081
0.002710
0.002710
0.002710
0.002710
-0.044661
0.002710
0.014555
0.014553
-0.009134
0.014553
-0.009134
-0.044678
0.038253
0.002710
0.026398
-0.009134
-0.056528
0.050103
-0.068389
-0.009145
0.014565
-0.080302
0.121278
-0.009141
-0.009142
0.002710
0.014562
-0.009142
0.014562
0.002710
0.014560
0.002710
0.026407
-0.009138
0.014557
-0.080253
-0.009148
-0.032871
0.026432
0.002710
0.014569
-0.009149
-0.021012
0.014572
0.026429
0.002710
-0.009149
0.002710
-0.009150
-0.009152
0.014572
0.002710
0.002710
-0.009152
0.002710
0.014572
-0.009152
-0.009153
0.014573
-0.068490
0.002710
0.002710
0.014580
0.002710
0.002710
-0.009160
0.002710
0.014580
-0.009160
-0.009162
0.002710
0.002710
-0.032913
-0.009167
0.038337
0.002710
0.002710
0.002710
-0.009165
0.002710
-0.021043
0.002710
-0.021049
0.038346
0.014586
0.002710
-0.009166
0.002710
-0.021046
0.014588
0.014587
-0.009167
0.002710
0.002710
-0.009169
0.026466
-0.021046
0.014588
0.014587
-0.009167
0.026463
0.002710
0.002710
0.014584
0.002710
-0.032917
0.014587
-0.009167
0.014587
0.014586
-0.354178
-0.009208
0.002710
-0.009210
0.002710
0.002710
0.014630
0.002710
0.002710
-0.009210
0.002710
0.038465
-0.021125
0.014628
0.014627
0.002710
0.026539
0.014622
0.002710
0.002710
-0.009203
-0.044955
0.098016
0.002710
-0.104516
0.038465
0.038452
-0.009203
-0.009204
0.050357
-0.021111
-0.033032
-0.056888
0.002710
0.002710
-0.033066
0.002710
0.002710
0.038486
0.050391
-0.009208
-0.056903
-0.045006
0.062351
0.002710
0.014634
-0.033066
0.002710
0.002710
0.038486
0.050391
0.086098
-0.021108
-0.021114
0.038443
0.014618
0.002710
0.038426
-0.044915
-0.033024
-0.021120
-0.021125
-0.033053
0.038473
0.002710
-0.009210
-0.044983
-0.056938
0.002710
-0.068915
0.002710
-0.033122
0.038541
0.026590
0.014648
-0.021168
-0.009231
0.074335
-0.045034
-0.021171
0.026590
-0.021171
0.014651
-0.033117
0.026596
0.002710
-0.045068
0.026602
-0.021182
-0.009238
-0.057052
0.026619
-0.128861
0.014678
-0.045171
0.062558
0.134249
-0.080977
0.014669
-0.104978
0.002710
-0.057167
-0.105159
0.026691
-0.033264
0.002710
-0.069276
0.074695
-0.045275
0.170555
0.014688
0.122413
-0.045154
-0.009260
-0.105081
0.050631
-0.057195
0.002710
-0.033251
-0.021271
0.026691
0.074618
-0.033238
-0.009276
-0.021265
0.014698
-0.033259
0.002710
-0.009283
0.062658
-0.009277
0.038666
-0.009274
0.074592
0.014685
-0.093133
0.002710
0.026679
0.002710
-0.033246
-0.009278
0.002710
-0.009280
0.002710
-0.105262
0.026714
0.026708
0.026702
-0.069284
0.026714
0.002710
0.002710
0.062694
0.038683
0.038670
0.002710
-0.021262
0.014697
0.026679
-0.057224
0.002710
0.014700
-0.021271
0.026691
0.014698
-0.021268
-0.009281
0.014701
0.026688
-0.009278
-0.009280
-0.009281
-0.321595
-0.033389
-0.021363
-0.045454
-0.105743
0.014766
0.002710
0.026818
0.026812
0.038852
0.026798
0.014752
0.014750
0.002710
-0.009330
0.002710
-0.021375
-0.021381
0.002710
0.050885
0.026789
0.002710
-0.045454
0.002710
0.002710
0.062911
0.014746
0.038809
-0.009322
0.014741
0.002710
0.038796
-0.009317
0.002710
-0.009319
-0.009320
0.014740
0.002710
-0.045419
0.026777
-0.021358
-0.009326
0.026780
-0.021360
0.002710
0.014746
-0.009326
0.002710
-0.009327
0.002710
0.002710
-0.009329
-0.021372
0.002710
-0.009333
-0.021381
-0.033437
0.002710
0.014760
0.002710
0.002710
0.014759
0.002710
0.038848
-0.021381
0.026800
-0.009335
0.002710
0.002710
0.002710
0.002710
0.026798
-0.009333
0.002710
0.002710
0.002710
0.002710
0.026795
0.014750
0.002710
0.026786
0.002710
0.002710
0.026780
0.014743
0.002710
-0.081551
0.002710
0.002710
-0.021378
0.086991
0.074895
0.014736
0.014734
-0.033367
0.062831
0.002710
-0.009312
0.038770
-0.021329
-0.009312
0.062802
-0.045361
-0.057412
-0.009319
-0.021352
-0.021358
-0.021363
0.038817
0.014743
0.002710
0.014741
0.026769
0.014737
-0.057441
-0.009325
0.002710
0.026777
0.026771
0.014738
0.002710
-0.045413
0.038804
-0.033385
0.014743
-0.045431
0.038817
-0.045437
0.050856
-0.021360
-0.009327
0.050850
0.026771
0.038791
0.038778
-0.093502
0.026771
-0.021352
0.002710
-0.033393
0.014746
-0.045442
-0.009332
0.002710
-0.033424
0.026800
-0.033428
-0.009339
-0.045500
0.050920
-0.033446
-0.021401
0.038874
0.050908
0.002710
-0.021387
-0.009341
-0.033450
-0.033463
-0.033476
-0.009355
0.038900
-0.033481
-0.045564
-0.021436
-0.202766
0.075279
-0.057761
-0.106229
0.002710
0.087450
0.123643
-0.081928
0.087348
0.051042
-0.033537
-0.009375
0.063122
-0.069789
0.014797
0.051042
0.219918
-0.021401
0.171364
-0.009327
-0.153907
-0.093792
0.075095
0.075043
0.050903
0.086991
-0.117714
-0.009341
0.111111
-0.021369
0.038826
-0.045448
-0.021378
-0.045483
0.014760
0.099061
0.050850
-0.009323
-0.009325
-0.009326
0.026780
-0.021360
-0.057491
-0.021381
-0.009338
-0.045495
0.075008
-0.081643
0.075016
0.026800
0.050874
0.026783
-0.021363
0.002710
-0.069544
0.026800
0.062911
-0.069536
-0.081643
0.014765
-0.021401
0.038874
-0.045512
0.026824
0.038870
0.002710
0.123148
-0.021366
-0.021372
0.002710
-0.033424
0.014756
-0.009336
-0.009338
0.002710
-0.009339
0.050897
-0.009335
-0.009336
-0.009338
0.002710
-0.009339
0.026806
-0.081653
0.002710
-0.009348
0.026824
-0.009346
0.002710
0.014766
0.002710
0.002710
-0.009346
0.014766
0.002710
0.002710
0.014765
-0.009345
-0.009346
0.014766
0.002710
-0.009346
0.014766
-0.009346
0.002710
0.026821
0.014763
-0.009343
0.002710
0.002710
0.002710
0.014763
-0.021398
-0.021404
-0.009349
0.014769
0.014767
-0.033467
0.014770
0.002710
0.002710
0.026827
0.002710
0.014766
-0.021404
-0.009349
-0.021413
0.014772
-0.021416
0.002710
-0.009355
0.002710
0.002710
0.014775
-0.009355
-0.009357
-0.009358
0.038909
0.014773
0.002710
0.014772
-0.009352
0.002710
0.002710
0.026832
-0.009351
-0.021416
0.026835
0.002710
-0.021416
0.026835
-0.009352
0.002710
0.002710
-0.009354
0.002710
0.002710
0.002710
0.002710
0.002710
0.002710
0.014773
-0.021419
0.026838
0.014772
-0.009352
0.014772
-0.045547
0.014776
-0.057637
-0.057673
0.002710
-0.057709
0.038966
-0.021459
0.038961
-0.045629
-0.009378
0.026885
0.038961
-0.118180
0.038992
-0.021477
-0.081990
0.014814
-0.033608
-0.033621
-0.009403
-0.033638
0.111715
-0.033612
0.099539
-0.009389
0.051095
-0.094084
0.063217
0.014807
0.026900
0.014802
-0.045669
0.014807
0.014805
-0.033581
-0.009390
-0.057812
0.014817
-0.021506
0.039032
0.026917
-0.057819
-0.021512
END
