y[]
0.045678
-0.017635
-0.128512
0.045723
0.014030
-0.065180
0.029882
-0.033500
-0.049364
-0.096987
0.014060
-0.049424
0.061673
0.014055
0.077474
-0.049371
0.014048
0.029897
0.045731
-0.049349
-0.001809
-0.033515
0.029897
0.014040
-0.001809
0.045723
-0.049341
0.109065
-0.017641
0.014023
-0.049311
-0.033490
-0.033500
-0.017658
-0.001809
0.029887
-0.112788
-0.033540
-0.033550
0.029932
-0.081180
-0.001809
0.014070
0.014068
0.061673
-0.033545
-0.049432
-0.097123
0.029972
0.014078
0.125195
0.125034
0.029877
0.014030
-0.049334
0.045716
0.061522
-0.033470
0.014023
0.014020
-0.128512
-0.081080
-0.128773
-0.017691
0.029952
-0.097123
-0.144950
0.030018
0.188940
-0.049462
-0.081281
-0.001809
-0.049523
0.109488
0.093490
-0.065331
-0.001809
-0.001809
0.014075
0.045829
-0.097108
0.014080
-0.081281
-0.001809
-0.017711
0.077676
-0.097198
-0.065453
-0.001809
0.030018
-0.033636
-0.081420
0.045966
0.030028
-0.001809
-0.097350
-0.113389
0.077904
-0.129380
-0.033727
0.014151
0.014149
0.030099
0.093854
0.045988
-0.033671
-0.049622
-0.049644
0.046026
-0.033697
0.125681
0.141423
0.029993
0.125296
-0.097123
0.029972
-0.081281
-0.033616
-0.065453
-0.208931
-0.289303
0.062150
0.157910
-0.289487
-0.097886
-0.114015
0.126417
-0.001809
-0.065901
-0.114069
-0.033907
0.222658
0.126232
0.078133
-0.097748
0.014187
-0.049805
-0.049828
-0.178077
-0.194456
-0.114358
0.174997
0.030304
0.014244
0.062376
0.030268
-0.065973
-0.226709
0.046426
-0.066128
0.046434
0.287162
0.014221
-0.081982
0.062335
-0.065953
0.206508
-0.001809
-0.113926
0.206308
0.062140
-0.017792
0.110021
0.046080
0.157655
-0.193197
0.030114
0.093900
0.284770
0.061764
0.014078
0.029957
0.125155
0.045761
0.109100
-0.128572
0.077437
-0.271501
0.188637
0.061593
-0.176260
-0.192467
0.029993
0.109417
0.029947
-0.081218
-0.224491
0.093687
-0.336444
0.014151
0.046057
-0.081598
0.030114
-0.001809
0.046057
-0.033717
-0.033727
0.014151
-0.017769
-0.001809
-0.017772
0.077980
0.014141
0.030084
-0.001809
-0.033702
0.014139
0.061956
-0.001809
0.030058
0.061895
-0.033656
-0.017736
-0.033671
-0.081509
-0.065615
0.046049
0.030084
0.014134
-0.017752
-0.001809
0.093809
0.030043
-0.033661
-0.001809
-0.017739
-0.001809
-0.081497
-0.001809
0.061946
0.045981
-0.065534
0.077841
0.014113
0.030028
-0.033646
0.014111
-0.065503
0.045966
0.061855
0.030008
-0.017716
0.030003
0.029993
0.045874
-0.113106
-0.017719
0.030008
-0.081370
0.014108
-0.033646
-0.001809
-0.001809
-0.017731
-0.033661
-0.049606
-0.001809
-0.113425
-0.033722
-0.273483
-0.033819
-0.033829
0.062222
0.046187
-0.097824
0.030206
0.014195
-0.113890
0.062253
-0.049851
0.062242
0.030201
0.030191
-0.033809
0.046187
-0.001809
-0.274092
0.062324
0.062283
-0.001809
0.014208
0.110236
-0.081828
0.094206
-0.001809
0.142041
-0.033758
0.094007
0.046065
-0.017764
0.093885
0.077866
0.014118
0.205016
0.029972
-0.065382
-0.017708
-0.160943
-0.033666
0.093732
0.236646
-0.065341
0.061723
-0.033570
0.014073
-0.065351
-0.097198
0.077689
-0.176787
0.014111
0.125458
0.045874
0.109364
-0.017683
-0.001809
0.014065
-0.049439
0.125155
-0.049402
-0.033550
0.014063
-0.081193
0.014073
-0.049462
-0.001809
0.125216
0.125054
-0.112806
-0.001809
0.014055
-0.081155
0.029937
-0.033555
0.014065
-0.033560
0.029942
-0.128874
-0.097214
0.030003
0.029993
0.077651
0.014075
-0.049470
0.029967
0.029957
0.077562
-0.001809
-0.049424
0.140969
0.077424
-0.033495
-0.033505
0.061572
-0.001809
-0.112753
0.029902
0.061582
-0.096911
0.045753
-0.081092
-0.017673
0.014055
0.077474
0.156569
0.061472
0.077236
-0.017613
-0.207489
0.219675
-0.159962
-0.271244
0.045791
-0.128793
0.045829
-0.081218
-0.081281
0.125316
-0.001809
0.109293
-0.001809
0.188365
0.093143
-0.096761
0.093143
-0.033450
-0.033460
-0.033470
-0.081004
0.109047
0.061482
-0.239358
0.109117
0.093173
-0.001809
0.061462
0.029812
-0.080879
0.029827
0.014005
0.029812
-0.033430
0.045618
-0.001809
-0.096686
0.061452
-0.160037
-0.001809
-0.144428
0.061603
-0.049364
0.140788
0.045678
0.045656
-0.080929
0.014020
0.014018
-0.001809
0.108907
-0.128351
0.093113
0.140405
-0.049191
-0.065020
0.029802
-0.112490
0.077261
0.029802
-0.001809
0.013993
0.077161
0.061322
0.155845
-0.096372
-0.143821
0.045551
-0.143955
0.013995
-0.033420
-0.001809
-0.033430
-0.001809
-0.033440
0.014008
-0.001809
-0.001809
-0.001809
-0.001809
-0.017625
-0.080929
0.029847
-0.017635
0.014018
0.077286
-0.017623
-0.017625
-0.001809
-0.001809
-0.033450
0.029832
-0.017628
-0.001809
-0.065110
-0.017641
-0.096851
-0.017658
0.029887
0.029877
-0.081042
-0.017663
-0.033525
-0.049402
-0.001809
-0.001809
-0.033550
0.045799
0.140878
0.045708
-0.033485
0.014030
-0.017648
-0.001809
-0.033495
-0.017656
-0.001809
-0.033510
-0.081105
-0.033545
0.093369
0.077437
0.014033
-0.096896
-0.049386
0.029912
-0.192285
0.109346
0.014060
0.029922
0.045769
-0.033525
-0.065271
-0.112964
0.093475
-0.033560
0.061683
-0.065301
0.014068
0.014065
-0.033560
0.045814
-0.001809
-0.017681
-0.001809
0.109240
0.061593
-0.017656
-0.017658
-0.001809
-0.001809
-0.001809
-0.001809
-0.017661
-0.096972
0.029922
-0.001809
0.140856
-0.065190
0.061572
-0.033495
-0.081067
-0.049394
0.061633
-0.033525
0.029907
0.014045
-0.017663
-0.001809
0.077437
0.014033
-0.001809
0.045701
-0.017643
-0.017646
0.061522
-0.001809
-0.160212
0.014043
0.093248
-0.049326
0.124854
-0.065120
0.077324
-0.080942
0.093143
0.140450
0.045566
-0.001809
0.013978
-0.033385
0.061332
0.013970
0.108575
-0.017571
0.013953
-0.001809
-0.033335
-0.049116
0.029732
0.029722
0.029712
-0.001809
0.029702
-0.033320
0.013948
-0.017566
-0.017568
0.076962
0.092635
0.013923
-0.064752
0.013930
0.029662
-0.001809
-0.017543
-0.017546
-0.080531
0.045431
-0.049049
0.013940
0.045424
0.045402
-0.049020
0.045402
0.045379
0.013916
-0.001809
0.061064
0.013903
-0.033236
-0.048968
0.013913
0.013911
-0.001809
-0.001809
0.013908
-0.190577
0.108349
-0.033270
0.076826
0.045342
-0.001809
-0.017524
0.123839
0.076641
0.154906
-0.033132
-0.064485
-0.017484
0.045209
0.013859
-0.033147
-0.064515
-0.143041
0.155103
-0.048857
-0.143085
0.108090
0.045254
-0.033181
-0.064584
-0.064623
-0.127556
0.029643
0.123898
-0.064643
-0.033241
0.076752
-0.048938
0.029613
-0.017519
-0.017521
0.092427
-0.033211
0.092368
0.045246
-0.033177
-0.017496
-0.048886
0.108004
-0.048857
0.013876
-0.064564
0.029573
0.076604
0.076543
-0.048812
0.107832
-0.017465
0.013847
-0.064446
0.029514
0.013849
0.060799
-0.111398
-0.001809
0.060828
0.013844
0.076420
-0.064387
0.013839
-0.001809
0.013837
0.076383
0.060701
-0.017433
0.013815
-0.001809
-0.048688
0.013820
-0.017438
-0.064348
-0.033093
0.045114
-0.095676
-0.064436
-0.001809
-0.064475
0.029529
0.013856
-0.017474
0.029519
-0.001809
0.013852
0.029505
-0.001809
-0.001809
-0.080111
0.013856
-0.001809
-0.033142
-0.001809
0.029524
-0.017474
-0.001809
-0.001809
-0.001809
-0.001809
-0.001809
0.013856
-0.017474
-0.017477
0.013859
-0.033147
-0.001809
-0.001809
0.013861
-0.033152
0.029534
0.013859
0.013856
-0.001809
0.013854
-0.001809
-0.001809
-0.064475
0.076518
-0.048798
-0.001809
0.029519
0.013852
-0.001809
0.013849
0.029500
0.060779
0.092000
-0.064338
0.029461
-0.033078
0.091970
-0.001809
END
