y[]
0.015498
-0.013864
0.000817
0.015498
0.000817
-0.013864
-0.013866
0.000817
0.015500
0.030177
0.000817
-0.013862
0.000817
-0.013864
-0.072621
0.000817
0.015509
0.000817
0.015507
-0.043258
0.015511
0.000817
-0.013877
0.015511
0.030199
-0.043258
0.000817
-0.013879
-0.028582
-0.028590
0.030224
-0.043297
0.059632
0.044906
0.015509
0.015507
0.044873
0.000817
0.000817
0.044854
0.015492
0.044828
-0.013851
-0.028526
0.015489
0.000817
-0.013855
0.000817
0.030160
-0.013853
-0.072567
0.000817
-0.028552
0.015502
0.015500
0.000817
0.000817
0.044854
0.000817
-0.028539
-0.028547
0.000817
-0.028556
-0.013873
0.015507
0.000817
-0.057955
-0.072696
0.044931
0.030216
0.030207
-0.013877
-0.028577
0.044906
0.000817
0.044886
-0.072642
0.044899
0.000817
0.000817
-0.043265
0.044899
-0.028569
0.000817
0.000817
0.030203
0.015507
-0.013873
0.000817
-0.013875
0.030199
0.030190
0.015500
0.015498
0.015496
-0.028543
-0.043239
0.030190
0.000817
0.015500
-0.013866
-0.013868
-0.013870
0.015505
-0.013870
0.015505
0.000817
-0.043252
0.030199
-0.013873
-0.057963
0.000817
-0.013883
0.015518
-0.028586
-0.058015
0.015528
0.000817
0.015526
-0.013892
0.015526
0.015524
-0.013890
0.000817
0.000817
0.015524
0.000817
0.000817
0.000817
0.015522
0.000817
0.000817
-0.028595
-0.013892
-0.043323
0.000817
0.000817
0.015533
-0.013899
0.015533
-0.043336
0.015537
0.015535
0.000817
0.000817
-0.013901
-0.013903
0.000817
0.000817
0.015537
0.015535
-0.013901
-0.013903
0.015537
0.000817
-0.058076
0.015543
0.030263
0.015537
-0.028625
0.030259
0.000817
-0.013903
-0.013905
0.000817
0.000817
0.000817
0.015539
0.015537
0.000817
0.015535
-0.013901
0.000817
0.030250
-0.013899
0.030246
-0.013896
0.000817
0.000817
0.015530
0.000817
0.000817
0.000817
0.000817
0.015528
-0.043323
0.000817
0.015533
0.000817
0.015530
0.000817
0.015528
-0.013894
0.015528
0.015526
0.030229
0.000817
0.000817
-0.013888
0.030224
0.000817
0.015518
-0.013883
0.000817
-0.013886
0.000817
0.030220
0.088975
-0.043252
0.015509
-0.043265
0.030207
-0.028573
0.015513
0.000817
0.000817
0.015511
0.044886
0.000817
0.000817
-0.013870
0.000817
-0.028564
0.059571
-0.013868
-0.013870
0.015505
0.000817
0.044867
0.015496
0.000817
0.000817
0.000817
-0.013862
-0.028547
-0.057937
0.015509
-0.013875
0.000817
-0.028573
-0.013881
0.000817
-0.072707
0.030233
-0.013890
0.015524
-0.013890
0.015524
-0.043310
0.015528
-0.028608
0.030242
0.000817
0.000817
0.015526
0.015524
0.000817
-0.013890
0.000817
0.000817
-0.058032
0.015533
0.044951
0.015524
0.000817
0.030224
0.015518
-0.013883
-0.013886
-0.028595
0.000817
0.000817
-0.028603
-0.058050
0.044970
-0.013899
0.030246
-0.043330
-0.043349
-0.087574
0.045022
-0.043388
-0.117160
0.030324
-0.028690
0.045075
-0.161557
-0.058293
0.045153
-0.028738
-0.028747
-0.073131
0.030403
0.045179
-0.013968
0.030385
0.074700
0.000817
0.015587
-0.013953
-0.013955
0.045127
0.030346
-0.013946
-0.043486
-0.043506
0.015594
0.030363
0.000817
0.059884
0.000817
0.015578
0.059840
0.000817
-0.028690
0.000817
0.015572
0.015570
-0.013935
-0.072978
0.000817
-0.043486
0.030355
-0.073044
0.015594
0.015591
-0.058293
0.059927
0.059893
-0.028716
-0.058276
0.045140
0.000817
-0.013955
0.030359
-0.028725
0.074656
0.015578
0.000817
-0.028708
-0.058258
0.104176
-0.043467
-0.087809
0.059910
0.074634
0.000817
0.000817
-0.028703
0.000817
0.000817
0.000817
0.000817
-0.028712
-0.013951
0.015585
-0.028721
0.045120
0.000817
-0.043486
0.000817
-0.013955
0.000817
0.015589
-0.013955
0.000817
0.000817
0.000817
0.000817
0.015589
-0.028729
-0.013959
0.000817
-0.013962
0.015596
0.000817
0.000817
0.015594
0.000817
-0.013959
0.000817
-0.013962
0.030372
0.000817
-0.028738
0.015596
-0.013962
0.000817
0.000817
-0.028747
-0.043545
-0.013975
-0.013977
0.030403
0.015607
-0.013973
0.045179
-0.013968
0.015602
-0.028756
-0.013973
0.045179
0.000817
-0.058337
0.059971
-0.013968
0.015602
0.000817
0.000817
0.015600
-0.013966
0.015600
0.000817
0.015598
-0.013964
-0.013966
0.000817
0.000817
-0.028756
0.000817
0.000817
0.015604
-0.013970
0.000817
0.000817
0.000817
0.000817
-0.013973
0.000817
-0.013975
-0.013977
0.015611
-0.013977
0.015611
-0.058372
-0.028791
0.000817
-0.013990
0.015624
0.000817
-0.058425
0.015631
-0.013997
0.000817
0.045252
0.045232
-0.058407
0.030433
-0.028799
0.030433
0.000817
0.000817
0.000817
-0.043611
0.000817
0.000817
-0.013997
-0.013999
-0.014001
0.000817
-0.028826
-0.014008
0.030464
-0.028830
-0.014010
-0.014012
0.015646
0.000817
0.015644
0.015642
-0.014008
0.030464
0.089706
-0.013992
0.030433
0.000817
-0.028799
-0.013994
0.000817
-0.043631
-0.014003
0.089706
-0.117719
0.015642
-0.014008
0.015642
-0.043664
0.060120
0.030455
-0.028821
-0.014005
0.089719
0.000817
0.030433
-0.028799
-0.028808
0.074864
-0.028795
0.015624
0.015622
-0.043604
-0.013994
0.030438
-0.013992
0.030433
0.030425
0.015618
0.015615
-0.013981
-0.028786
0.030420
0.045206
-0.028773
-0.013981
0.015615
0.030407
-0.013977
-0.087993
0.000817
-0.028804
0.000817
-0.043631
-0.014003
-0.043657
0.045291
0.119318
-0.088046
-0.191990
-0.103156
0.030535
-0.058627
0.000817
-0.014050
0.030548
-0.014047
0.075117
0.015670
0.015668
0.000817
0.000817
0.045357
-0.028874
0.000817
-0.058592
0.030526
-0.028892
-0.043763
0.045397
0.015673
0.030521
-0.014034
0.045364
0.030504
-0.043716
0.000817
0.089864
0.060138
0.000817
0.015642
0.015640
0.000817
0.030455
0.000817
-0.028821
0.030455
0.000817
0.000817
-0.043644
-0.028835
0.030469
0.045278
0.000817
-0.014001
0.030451
-0.132605
0.060138
-0.014010
0.015644
-0.014010
0.000817
0.060111
0.060076
0.000817
0.045238
-0.013988
-0.028799
0.015626
0.045232
-0.028791
0.015622
-0.132506
0.060094
0.000817
0.015631
0.015629
0.015626
0.000817
0.045232
-0.013986
0.000817
0.015620
0.015618
-0.013984
-0.013986
-0.013988
0.015622
-0.013988
0.000817
0.000817
-0.028799
0.030433
0.015622
-0.013988
0.000817
0.000817
-0.028799
-0.013994
0.030438
0.000817
-0.013992
0.030433
-0.028799
0.015626
0.045232
0.000817
0.060006
0.104314
0.000817
0.000817
0.015594
0.000817
0.015591
-0.028734
0.000817
0.015594
0.000817
0.000817
0.030363
0.030355
0.000817
-0.013951
-0.013953
-0.013955
0.030359
-0.028725
-0.028734
-0.013962
0.015596
0.030368
0.000817
0.030359
-0.028725
-0.028734
0.000817
-0.013962
0.015596
-0.013962
0.015596
0.074678
-0.013951
0.030350
0.015580
0.030337
0.015574
-0.013940
-0.028703
0.015578
0.015576
-0.028703
0.015578
0.000817
0.000817
-0.013944
0.000817
0.000817
0.015578
-0.013944
0.000817
-0.028712
-0.028721
0.015587
-0.013953
0.000817
-0.043506
0.000817
-0.013962
0.000817
0.030372
0.000817
-0.043519
0.015598
0.015596
0.015594
0.000817
0.015591
-0.043512
-0.013964
0.000817
0.000817
0.000817
0.045153
0.015591
0.000817
-0.028734
-0.058311
0.000817
-0.028760
0.000817
0.015607
0.015604
-0.043552
0.030398
0.030390
0.030381
-0.043532
0.000817
0.015602
0.015600
0.015598
0.030372
-0.043519
0.000817
-0.043539
0.015604
0.030385
0.015598
0.030372
0.015591
-0.028734
-0.028743
0.000817
0.015598
-0.013964
0.015598
0.000817
0.000817
0.030372
0.045133
-0.013953
END
