y[]
-0.000916
-0.000916
0.025705
-0.027536
-0.000916
-0.000916
-0.080820
-0.040892
-0.027575
-0.000916
0.079042
-0.120876
0.012420
-0.027589
0.012422
-0.054277
-0.174538
-0.000916
-0.000916
-0.027654
0.039189
-0.000916
0.039173
-0.041004
-0.054392
-0.027664
-0.054434
-0.041074
-0.027697
0.012476
0.052632
-0.027686
0.012470
0.039232
0.106065
-0.054392
0.079288
0.025805
-0.014275
0.039157
0.065836
-0.067667
-0.014271
-0.054356
-0.027646
0.079255
-0.081087
0.039178
-0.067747
-0.014287
-0.000916
-0.107953
-0.215335
-0.054592
-0.068052
-0.121875
0.120044
0.012515
-0.162206
-0.027823
-0.000916
0.160418
0.039377
0.093038
-0.054592
-0.512288
0.093481
-0.162793
-0.014417
-0.081964
0.134128
0.026071
-0.000916
-0.108907
-0.190182
0.012615
-0.258316
-0.381454
0.569351
0.390950
-0.054875
0.080012
0.053000
0.026031
-0.149214
0.039551
-0.284527
0.228737
-0.298213
0.080253
-0.176865
0.134457
0.269282
-0.081898
-0.149554
-0.122694
-0.190643
-0.055190
0.066922
-0.163804
-0.150464
0.202958
-0.041657
-0.014500
-0.272988
0.053558
0.026310
0.012694
-0.000916
-0.287117
-0.028216
-0.110190
-0.055598
0.040099
0.040082
-0.356788
-0.261779
-0.138486
0.287764
-0.138278
0.136447
0.369024
-0.069320
-0.357373
-0.014651
0.259733
0.341012
0.094615
-0.137416
0.353598
0.094316
-0.123373
0.257430
0.012663
-0.014494
0.134788
0.012645
-0.163760
0.202598
0.431868
0.214776
0.160548
-0.135451
0.012546
-0.027841
-0.189595
-0.176437
-0.203824
-0.068643
-0.068689
-0.000916
0.053307
-0.000916
0.080363
-0.014457
-0.014459
0.039710
-0.000916
-0.000916
-0.041541
0.026170
-0.041547
-0.068671
-0.082283
-0.000916
0.080451
0.161620
-0.122793
-0.082249
0.107515
-0.068671
0.026192
0.026185
-0.014465
0.039727
0.107383
0.026141
0.012610
-0.095632
0.120846
-0.055014
-0.014445
-0.000916
0.012613
-0.014445
-0.014446
0.026144
-0.041508
0.053204
0.039655
-0.041486
0.039655
-0.027961
-0.000916
-0.014441
0.080209
0.012599
-0.000916
-0.014430
0.026111
0.012595
0.012593
-0.000916
-0.000916
0.039600
-0.054940
0.039606
0.012588
-0.000916
-0.054940
0.012593
0.026097
-0.027928
0.012592
0.039595
0.026082
0.012581
-0.027910
0.012582
0.012581
0.012579
0.012577
-0.014408
-0.000916
-0.000916
-0.014410
-0.014412
0.012581
-0.014412
0.012581
-0.014412
-0.054919
-0.054948
0.080122
0.012584
-0.027917
-0.000916
-0.054940
0.026100
-0.054955
0.053124
-0.000916
-0.027932
0.107105
0.053051
-0.108878
-0.027924
0.026093
0.012586
0.039578
0.066538
0.012570
-0.108849
0.066556
0.066511
0.012564
-0.068333
0.066502
-0.095312
-0.149434
0.039611
-0.190182
0.242361
-0.122480
-0.136160
0.039677
0.012612
0.080209
-0.068515
0.039650
0.120681
-0.014419
-0.054948
-0.271515
-0.000916
-0.122925
-0.028049
-0.259050
0.067079
-0.164181
-0.014533
-0.506071
-0.151590
0.190813
-0.096734
0.094903
-0.302368
-0.097023
0.259733
0.259056
0.121993
-0.110160
-0.507731
0.341809
-0.261279
0.040239
-0.316872
0.164056
0.095192
0.122516
0.040194
-0.000916
0.094942
0.053819
-0.137808
0.053864
0.094876
0.122111
0.162885
-0.096433
-0.069198
-0.069245
-0.096655
-0.371058
0.054007
0.040256
0.081378
0.095008
0.040166
0.026463
0.149532
-0.233522
0.081242
0.640331
0.067061
-0.218603
0.352586
0.161818
-0.177223
-0.150342
-0.450538
0.882783
-0.367043
0.189095
0.093955
0.053256
0.336991
-0.149454
-0.217366
-0.028005
0.310169
0.080078
0.174346
0.106785
-0.054751
-0.095198
0.012559
-0.297772
-0.082030
-0.136252
0.188504
0.134165
0.080045
-0.000916
-0.216957
-0.082051
0.161290
-0.000916
0.147542
0.201173
0.106698
0.025970
0.012524
0.106539
0.186853
-0.027718
0.106251
0.052625
-0.161623
-0.202163
-0.041214
0.160180
-0.081431
-0.094932
-0.121924
0.133529
0.012519
-0.068106
-0.148894
-0.149114
0.079947
-0.135723
-0.014406
0.349253
-0.148914
0.079838
-0.041284
-0.027837
-0.000916
0.093278
-0.014366
-0.108587
-0.378682
0.242098
-0.189875
-0.068488
0.026119
-0.027950
0.012602
-0.000916
0.039628
0.107120
0.012581
0.026071
0.174322
-0.000916
-0.014385
-0.027859
0.026028
-0.014386
-0.000916
0.012555
-0.000916
0.012553
0.039480
-0.027844
-0.027852
-0.014386
-0.027863
-0.000916
0.026031
0.026024
-0.014385
0.012553
-0.014385
0.052949
0.187383
-0.095021
0.012533
0.025977
0.025970
-0.014357
0.012526
-0.000916
-0.027801
-0.027808
0.025977
0.025970
-0.027801
0.012528
-0.000916
0.106568
0.066203
-0.014336
0.052754
-0.094856
-0.027772
-0.068088
-0.014356
0.012524
-0.000916
0.012523
-0.000916
0.066248
-0.041208
-0.014350
0.119930
-0.135198
0.039388
0.025944
-0.068079
-0.027794
0.012524
-0.108486
-0.095135
-0.027852
0.026020
-0.095223
-0.000916
-0.000916
0.039513
0.052964
-0.014383
-0.041328
-0.054824
-0.000916
0.026042
0.026035
-0.014390
-0.027870
-0.000916
0.039513
-0.068306
-0.014399
0.012568
-0.162837
0.080078
0.026068
0.026060
0.066493
0.106843
-0.081724
-0.081789
-0.000916
0.053007
0.039508
0.012555
0.066411
0.026002
-0.041295
0.066375
-0.081669
0.052927
-0.176012
0.106872
0.227748
0.025952
0.200359
-0.027729
0.079503
0.012481
0.066041
0.186325
-0.014278
0.145976
-0.067658
-0.014269
0.012438
0.025787
0.025780
0.052453
-0.014255
0.065764
-0.040918
-0.014253
0.052425
0.012415
-0.027579
0.012417
-0.054256
-0.014255
-0.067640
0.105822
0.025751
0.012415
0.145605
-0.040854
-0.094168
-0.014244
-0.027579
-0.027586
-0.000916
-0.134374
0.052489
-0.027614
0.105836
0.065747
0.092337
-0.014232
-0.027554
-0.027561
-0.014241
0.052375
-0.200902
0.039114
-0.147768
0.039157
0.039140
0.052468
0.145741
-0.067551
0.012415
-0.014246
-0.080937
0.065773
-0.054263
-0.080990
-0.000916
0.159170
0.118981
-0.280897
0.012435
-0.014266
0.185826
-0.014243
0.238701
-0.027511
0.078850
0.012373
0.025655
0.184884
-0.146872
-0.027476
-0.027483
0.092040
0.012357
-0.027462
0.237748
-0.014160
-0.067163
0.065332
0.025571
0.065270
0.065226
0.025529
-0.133208
0.038791
-0.000916
-0.146582
-0.106988
0.025613
0.118377
0.012330
-0.159982
0.038875
-0.133612
0.078723
-0.027455
-0.173593
-0.014211
-0.040812
-0.000916
0.012385
0.092139
-0.000916
-0.067374
-0.054114
-0.107398
-0.080852
-0.067578
-0.027593
-0.040945
0.105794
0.025744
0.039060
0.052361
-0.067516
-0.014241
-0.120924
0.159063
0.265148
-0.054072
0.038954
0.092052
-0.120461
0.078797
0.012364
-0.107200
-0.067401
-0.040828
-0.040844
0.132116
0.025670
0.118630
-0.067312
0.052205
-0.080607
-0.000916
-0.054079
-0.014211
-0.000916
0.330936
0.025585
0.025578
0.052051
0.065253
0.025539
-0.027371
0.038764
-0.000916
-0.014140
0.131255
-0.040548
0.051925
-0.014123
-0.040548
0.038717
-0.093416
-0.014137
-0.027364
-0.027371
-0.014146
-0.014147
-0.000916
0.025546
-0.106806
0.025567
0.091720
-0.027374
0.012315
0.025539
0.012309
-0.000916
0.025529
-0.106736
0.052008
-0.014144
-0.027378
-0.000916
0.012316
0.025543
-0.014144
-0.014146
-0.000916
-0.014147
0.012316
0.012315
-0.000916
-0.053847
0.012320
0.025550
0.025543
-0.027374
0.038770
-0.000916
-0.014142
-0.014144
-0.040611
-0.000916
0.025550
0.012315
0.012313
0.051980
-0.000916
-0.000916
0.012304
-0.000916
-0.014135
-0.000916
-0.014137
0.025525
-0.000916
-0.014135
0.012304
-0.000916
-0.014135
0.012304
-0.000916
0.012302
-0.027353
-0.027360
0.025529
-0.000916
-0.027360
0.012308
0.012306
-0.000916
-0.000916
-0.014137
END
