y[]
-0.014791
-0.026922
-0.002665
-0.002665
0.033719
-0.002665
-0.014791
-0.014792
-0.026925
-0.087621
0.033754
0.009472
-0.039079
0.118665
0.094293
0.033670
-0.014775
0.033662
0.033648
-0.026872
-0.063208
0.130483
-0.026860
0.057813
-0.063142
-0.002665
-0.026866
0.009437
-0.038973
0.094129
0.094036
0.021496
-0.014744
0.009415
0.021490
-0.026819
-0.026825
-0.002665
-0.051003
0.045674
-0.014747
0.045656
0.009412
-0.002665
-0.002665
0.057696
0.021470
-0.026799
0.021470
-0.038868
-0.038881
-0.038894
-0.050991
-0.026837
0.009422
-0.014751
0.021508
-0.002665
-0.002665
-0.014750
-0.026840
-0.002665
-0.026845
0.021516
-0.038938
-0.002665
-0.038951
0.021528
-0.063157
0.045732
0.033618
0.045691
-0.002665
-0.026840
-0.038938
-0.026854
-0.051061
0.009437
-0.014766
0.033635
-0.002665
-0.026863
0.069913
0.142333
0.045621
0.081780
0.009393
0.178026
-0.002665
0.093570
0.009358
0.081455
0.081384
-0.074702
0.009345
-0.050713
0.153407
-0.098680
-0.002665
0.045355
-0.014667
0.033339
-0.038668
-0.038681
0.045355
0.021336
-0.062678
0.021345
0.021339
-0.002665
-0.026668
0.057334
0.045309
0.057270
-0.026634
-0.002665
-0.002665
-0.014651
-0.038634
-0.038647
-0.002665
-0.038659
-0.026668
0.057334
-0.002665
-0.002665
0.069287
-0.002665
-0.014653
-0.074624
0.009332
0.057298
0.009324
0.021308
-0.038625
0.021311
0.069226
-0.002665
-0.002665
-0.038603
0.021296
-0.026625
-0.038616
0.069226
-0.062570
-0.002665
0.033283
0.057219
-0.002665
-0.038591
0.057205
-0.110455
-0.002665
0.021299
-0.014646
-0.026631
0.009319
-0.014648
-0.002665
0.009319
-0.062599
-0.002665
0.009325
0.033296
0.009319
-0.014648
-0.002665
-0.002665
-0.002665
-0.002665
0.009319
0.009318
-0.002665
-0.002665
-0.002665
-0.002665
-0.014647
0.033279
0.033266
0.009309
-0.014638
-0.026617
0.009312
-0.038599
0.021293
-0.014643
0.009314
0.009312
-0.002665
-0.002665
-0.002665
-0.002665
0.009311
-0.002665
-0.002665
0.081123
0.009299
-0.086442
0.033249
-0.026605
-0.002665
-0.002665
-0.002665
-0.002665
-0.014637
-0.026614
-0.002665
0.009311
-0.014640
0.009311
0.009309
-0.014638
0.021282
-0.002665
0.009307
0.009305
-0.014634
-0.014636
-0.014637
-0.014638
-0.014640
-0.014641
0.009312
0.045228
0.021273
-0.026602
-0.014636
-0.038586
-0.002665
-0.050580
-0.026631
0.033283
-0.002665
-0.014646
0.009317
0.045245
-0.062556
0.009317
0.033270
0.009311
-0.014640
-0.002665
0.033257
-0.014637
-0.002665
0.081113
-0.002665
0.009298
0.033214
0.021247
-0.026577
0.021247
-0.038535
-0.014624
0.033210
-0.014621
0.009292
-0.026579
0.104907
0.033167
-0.002665
0.021216
0.021210
0.045068
-0.014596
0.021196
0.009264
-0.002665
-0.050386
-0.002665
-0.002665
-0.026534
0.033137
-0.002665
-0.002665
-0.014597
0.045057
0.009262
-0.014591
-0.026522
0.021193
0.021188
-0.026517
0.056955
0.021173
-0.002665
0.009252
-0.026500
0.021171
-0.002665
-0.026500
0.009254
-0.014583
-0.014584
-0.038432
-0.026517
-0.026522
0.045045
-0.026517
0.021188
0.021182
-0.086152
-0.002665
-0.014597
0.056984
-0.014591
0.021188
0.009259
0.021179
-0.050357
0.009261
-0.038445
0.009264
-0.014593
0.021190
-0.062313
-0.026534
0.009271
0.009269
-0.038470
0.033141
-0.014598
-0.002665
-0.014600
-0.062362
-0.026554
-0.002665
-0.074366
0.092926
0.009278
0.104753
-0.026525
0.056976
0.045023
-0.038428
-0.050369
0.056962
-0.110018
-0.038475
0.009274
0.057005
0.009265
0.068883
-0.062284
-0.098130
-0.002665
-0.026545
0.045091
-0.002665
-0.014601
-0.146017
-0.086382
-0.002665
-0.050534
-0.062534
-0.074555
0.033287
0.009317
0.021293
-0.014643
-0.086552
0.141100
0.033244
0.021268
-0.038565
0.081083
-0.014624
0.045165
-0.026577
-0.050506
0.045177
0.081002
0.021227
0.045102
-0.074323
0.009282
0.021225
-0.038500
-0.038513
-0.038526
0.033197
0.021236
-0.002665
0.045119
-0.098255
0.033193
0.069011
-0.026551
0.021222
0.057026
-0.026537
-0.014603
-0.038488
-0.014608
0.068977
-0.002665
0.033137
-0.074281
-0.002665
0.009275
-0.002665
-0.014604
0.009275
0.009274
-0.038483
-0.002665
-0.002665
-0.038496
-0.002665
-0.026559
-0.014614
-0.026568
-0.002665
0.009288
-0.002665
-0.002665
-0.002665
-0.002665
-0.026571
0.009289
-0.002665
0.009288
-0.014617
-0.026574
0.021245
-0.026574
0.021245
-0.062448
-0.026588
0.021259
-0.002665
0.021253
-0.026582
0.009295
-0.002665
0.009294
-0.026582
-0.026588
-0.014628
-0.026597
0.021268
-0.014630
0.021265
-0.002665
-0.014628
-0.038565
-0.002665
0.009304
-0.014633
-0.002665
0.021270
-0.002665
0.009301
-0.014630
0.009301
-0.026597
-0.002665
-0.014633
0.045200
-0.038560
-0.062520
-0.026617
-0.026622
0.009315
0.045240
-0.002665
-0.038591
-0.026622
0.033270
0.021285
-0.026614
0.009311
-0.014640
0.009311
0.009309
0.009308
-0.014637
0.009308
0.009307
-0.038582
0.009309
-0.014638
-0.026617
-0.038603
-0.026631
0.021302
0.009317
-0.026628
0.009318
-0.014647
-0.002665
-0.002665
0.033279
0.033266
0.009309
-0.002665
-0.002665
0.009308
-0.002665
-0.002665
0.069140
-0.062498
-0.050557
-0.062563
0.009318
0.021296
0.045240
-0.026614
-0.014641
0.021288
0.021282
0.069140
-0.002665
-0.014628
-0.014630
-0.014631
-0.050546
0.021279
0.009305
-0.038578
-0.062548
0.033270
0.021285
-0.002665
0.045217
0.009302
-0.038569
0.057169
-0.050529
0.045200
0.045177
0.021247
-0.038535
-0.038548
0.033218
-0.002665
0.045159
-0.038530
-0.026582
-0.026588
0.081043
0.092915
0.021216
0.045080
-0.026534
0.021205
0.045057
0.056955
0.009255
-0.038428
0.021179
-0.014586
-0.014587
-0.038441
-0.014593
-0.002665
0.009264
0.009262
0.033107
-0.038436
-0.014591
-0.014593
0.021190
-0.002665
0.009261
-0.014590
-0.014591
0.033112
-0.014588
-0.038445
-0.062327
-0.050420
0.033154
0.092789
-0.026519
-0.050392
0.009269
0.009268
-0.074281
-0.038492
0.057041
-0.157972
-0.026579
0.045159
0.104856
-0.002665
0.021213
0.068935
0.080803
0.021171
0.033077
-0.002665
0.021156
0.033056
-0.074119
0.009248
-0.026491
-0.002665
-0.050335
0.009255
0.009254
-0.002665
0.068815
0.033056
-0.002665
-0.026477
0.009242
0.009241
-0.050295
0.021154
0.021148
-0.026477
0.056856
-0.002665
-0.026468
0.080624
0.009228
-0.038347
-0.014562
0.021128
0.044904
0.021111
-0.026440
0.044881
-0.026434
0.021105
0.009218
-0.002665
0.032976
-0.050187
-0.085884
-0.014559
-0.002665
-0.050255
-0.050278
-0.086043
-0.014581
-0.038424
-0.026511
-0.002665
0.033103
0.033090
-0.062263
0.009258
0.009257
0.021173
-0.014583
0.009254
0.009252
-0.002665
-0.026500
0.009254
-0.038424
-0.002665
0.033094
-0.002665
0.009252
0.009251
-0.002665
-0.014580
-0.002665
-0.002665
-0.014581
-0.014583
0.033086
0.009249
-0.026494
0.009251
-0.026497
-0.026502
-0.062284
-0.002665
0.009262
0.009261
-0.026517
0.009262
0.033107
-0.038436
-0.038449
-0.002665
-0.014596
0.021196
-0.014594
0.021193
-0.026522
0.021193
-0.002665
0.033112
0.021179
0.009255
0.009254
0.009252
-0.014581
-0.014583
0.009254
-0.026502
0.045006
0.044983
-0.014574
0.009245
0.033056
0.033043
0.033031
-0.002665
0.044909
0.009225
0.009224
-0.002665
-0.026443
0.033001
-0.014552
0.032992
-0.050210
0.021111
-0.014552
0.009223
-0.002665
-0.038330
-0.002665
-0.014556
0.009227
0.021114
-0.014553
-0.038338
-0.014559
-0.002665
0.021122
0.009227
-0.026449
-0.002665
-0.002665
0.021120
0.056771
-0.014549
-0.050216
-0.002665
0.033001
-0.038330
0.009225
END
