y[]
0.011498
-0.024353
0.035397
-0.000452
-0.000452
-0.000452
-0.012400
-0.000452
-0.012402
-0.012403
-0.024358
-0.012407
0.011503
-0.024364
-0.036331
-0.144096
-0.000452
0.011526
-0.024410
-0.060372
-0.072403
-0.168539
0.059612
-0.000452
-0.024473
0.035578
-0.000452
-0.000452
-0.000452
0.023560
0.071551
-0.000452
0.047521
-0.024436
0.023532
-0.072420
-0.024453
-0.012455
0.011551
0.071534
-0.036438
0.107468
0.011532
-0.024421
-0.024427
0.011536
-0.024430
-0.036430
-0.012447
0.035530
0.035517
-0.024430
-0.000452
0.023526
-0.120399
0.011549
0.035543
0.023537
0.023532
-0.072420
-0.000452
-0.120514
0.035582
0.059576
0.227325
0.011522
0.023491
-0.168177
-0.060422
-0.072464
-0.216798
0.035638
0.131767
-0.084571
0.071655
-0.108632
-0.024508
0.083718
0.059626
0.023569
-0.108593
0.083667
0.239500
0.023512
-0.060372
-0.024430
0.047498
-0.024424
0.035504
-0.012436
0.011532
0.011530
0.083385
-0.012424
-0.024401
0.035470
0.107236
0.023463
-0.072214
0.023474
-0.012414
-0.036348
-0.000452
-0.024390
-0.048345
0.035470
-0.012424
0.047429
-0.060307
0.047435
-0.072291
0.059417
-0.048345
0.023497
-0.012426
0.023494
-0.036374
0.047441
-0.048345
-0.084320
0.047481
0.023506
0.059417
0.059382
-0.024381
0.047401
-0.024375
-0.036348
0.071327
-0.036335
0.011510
-0.036344
-0.048328
0.071353
0.035431
0.011506
0.011505
0.023457
-0.012406
0.011502
-0.012406
-0.024364
0.011505
0.023457
-0.012406
0.023454
0.011499
-0.048265
-0.024367
0.035418
-0.000452
-0.012407
0.011503
-0.012407
-0.000452
-0.000452
0.011503
-0.000452
-0.012407
-0.024367
-0.024373
-0.000452
-0.000452
-0.012414
-0.000452
-0.000452
0.023471
-0.036339
-0.012417
-0.000452
-0.000452
-0.000452
0.011513
-0.024384
-0.012420
0.059374
-0.000452
0.011509
-0.024375
0.023471
-0.000452
0.011508
-0.012412
-0.036339
0.011512
-0.000452
-0.012416
-0.012417
0.011513
-0.012417
-0.000452
0.011513
-0.012417
0.011513
-0.000452
0.047395
-0.000452
-0.024373
-0.000452
-0.012414
-0.012416
0.023474
-0.024378
0.011512
-0.000452
0.011510
-0.024378
0.023474
-0.000452
-0.000452
-0.000452
-0.000452
0.011509
-0.012413
0.011509
-0.012413
-0.000452
-0.000452
-0.000452
-0.000452
0.011509
-0.012413
-0.000452
0.011509
-0.024375
0.011510
-0.012414
-0.000452
-0.012416
-0.000452
-0.036352
-0.024393
-0.012424
-0.000452
0.023491
-0.000452
0.011518
0.023483
-0.012419
-0.012420
-0.036365
0.011520
-0.000452
-0.036374
0.047441
0.023486
0.035444
-0.024381
0.011513
0.011512
0.011510
-0.012414
-0.012416
-0.000452
-0.012417
0.011513
0.047395
0.142951
-0.036284
0.035380
0.047303
0.011483
-0.024324
-0.012390
-0.012392
-0.024335
0.023431
-0.000452
0.023426
0.023420
-0.048202
-0.012393
-0.012394
0.023431
0.035362
0.047281
0.035333
-0.012379
-0.000452
0.011475
-0.000452
-0.000452
-0.024307
-0.012382
-0.024316
0.023411
-0.012383
-0.012384
0.023411
0.011478
-0.000452
-0.000452
-0.048179
0.035345
0.023406
0.071087
-0.024293
-0.036224
0.023397
-0.000452
-0.000452
-0.048156
0.023403
-0.024307
0.023403
0.011473
0.047235
0.047212
-0.036198
-0.024290
-0.000452
-0.000452
0.082956
0.059082
-0.048077
0.059075
-0.048071
-0.012360
0.011456
-0.012360
0.023363
-0.060001
0.047190
0.059068
-0.024256
-0.000452
-0.000452
0.011451
-0.036164
-0.024267
-0.036185
-0.000452
0.011461
-0.107716
0.011472
0.035311
0.035298
0.047195
0.023363
-0.048088
-0.000452
0.023369
-0.024273
0.011459
-0.060022
0.059118
-0.012363
0.011459
0.047178
-0.000452
-0.000452
0.059054
0.011445
0.035230
0.058990
0.023315
-0.000452
-0.012335
-0.036109
0.011435
0.047082
-0.012333
0.011429
-0.059873
0.011435
-0.036117
0.070866
0.011429
0.035184
-0.047969
0.023309
-0.024213
-0.071770
0.023326
-0.036122
0.047105
-0.048009
-0.083731
-0.000452
-0.012355
-0.036168
0.023360
-0.012357
0.011453
-0.000452
0.094741
-0.024242
-0.000452
-0.012349
-0.012350
0.011446
0.011445
0.011444
-0.024245
0.011445
-0.000452
-0.012349
-0.024250
-0.012353
-0.012355
0.011451
0.011449
-0.000452
-0.012353
-0.000452
-0.000452
0.011449
-0.012353
-0.024259
-0.012357
-0.000452
-0.000452
0.011453
-0.000452
-0.000452
0.011452
0.023352
0.011448
-0.000452
-0.012352
-0.024256
0.023352
-0.012353
0.011449
0.011448
-0.012352
0.047139
-0.036143
-0.048060
-0.012357
0.011453
0.023355
-0.024259
0.011452
-0.000452
0.023352
-0.000452
0.035243
0.011444
-0.036143
0.023343
0.011444
0.023335
-0.036134
-0.000452
-0.000452
-0.000452
-0.000452
-0.024247
0.023343
-0.000452
0.011444
0.011442
-0.000452
0.011441
-0.012345
-0.000452
-0.000452
-0.012346
0.011442
-0.000452
0.011441
-0.012345
0.011441
-0.000452
-0.000452
-0.000452
0.011439
-0.000452
-0.000452
0.011438
-0.012342
-0.000452
-0.012343
-0.000452
-0.000452
-0.012345
-0.012346
0.023335
-0.012345
-0.024242
-0.000452
-0.012349
-0.036151
-0.012355
0.011451
-0.000452
-0.012355
-0.000452
-0.012356
0.011452
-0.036168
-0.012360
-0.012362
0.023366
-0.036181
-0.012365
-0.000452
-0.000452
-0.000452
-0.000452
-0.012366
-0.012367
0.011463
0.047195
0.023363
-0.012359
-0.000452
-0.012360
-0.012362
-0.012363
0.023369
-0.012362
0.023366
0.011455
-0.024267
-0.012362
-0.000452
-0.024276
-0.012366
-0.000452
-0.036202
-0.024293
-0.048151
-0.000452
-0.012380
-0.024313
-0.084009
-0.000452
-0.000452
-0.060178
0.011496
-0.108037
-0.000452
0.011508
0.047372
-0.012406
0.023454
-0.072188
0.023466
-0.000452
0.035414
-0.012406
0.059303
0.011495
-0.048247
0.023449
0.059274
-0.036284
-0.048247
0.023449
-0.036305
-0.036318
0.047366
0.047343
0.035380
-0.000452
0.035367
0.130774
-0.107806
0.035345
-0.024316
-0.060136
0.059232
0.071121
-0.024304
-0.060107
-0.000452
-0.024324
0.011485
0.059210
0.047252
0.047229
-0.000452
-0.036211
0.035307
0.011465
0.035290
-0.000452
-0.036194
-0.012369
-0.048134
-0.072017
0.047264
0.011473
0.059153
-0.000452
0.047207
-0.012365
-0.000452
-0.012366
0.035286
-0.048105
0.023377
-0.012366
0.011462
0.023372
-0.048105
0.047201
0.035273
-0.071915
0.035286
0.047178
0.047156
0.118468
0.011432
0.011431
-0.036105
-0.024228
0.011436
-0.012341
0.023324
-0.012339
0.047088
-0.036105
0.011434
-0.048003
-0.036130
-0.036143
0.011446
-0.000452
-0.143326
0.035286
0.059082
-0.059986
-0.048105
-0.024287
0.047212
0.082906
-0.000452
0.011451
-0.059979
0.047173
0.011451
-0.012355
0.023352
-0.012353
-0.012355
0.011451
0.035247
-0.000452
-0.000452
-0.000452
-0.000452
-0.024250
-0.000452
0.011448
-0.024253
-0.000452
0.035247
-0.012350
-0.000452
0.011446
-0.012350
-0.000452
0.011446
-0.000452
-0.012350
0.023343
-0.024247
0.011446
-0.036151
-0.012355
-0.000452
-0.036168
-0.000452
-0.048094
0.035281
0.011456
0.011455
0.011453
-0.036173
-0.000452
-0.000452
-0.012362
0.011458
-0.000452
0.011456
-0.000452
0.011455
0.011453
-0.000452
-0.000452
0.011452
-0.012356
-0.000452
-0.000452
-0.012357
-0.000452
-0.012359
-0.000452
-0.000452
-0.012360
0.011456
-0.012360
-0.000452
-0.012362
-0.000452
0.011458
-0.012362
-0.000452
-0.000452
-0.000452
-0.000452
-0.000452
0.011458
-0.012362
-0.024276
-0.012366
0.023375
-0.012365
-0.012366
-0.012367
0.011463
-0.012367
0.023377
-0.012366
0.011462
-0.000452
-0.024281
-0.000452
-0.000452
-0.000452
-0.012369
0.023380
-0.012367
0.035290
-0.000452
-0.000452
-0.000452
-0.000452
-0.012365
-0.000452
-0.012366
-0.036202
0.011466
0.011465
0.023377
0.023372
END
