y[]
0.044780
0.134019
-0.044519
0.014976
0.029845
-0.044519
0.000101
0.059589
0.029832
0.029823
0.089214
-0.044446
0.029801
-0.089026
0.044674
0.044654
0.029792
-0.014744
0.029788
-0.014741
0.029783
0.000101
-0.029582
0.014943
0.118760
-0.044380
0.074224
-0.074023
0.059404
-0.044373
-0.088907
0.044615
-0.059255
-0.014744
0.029788
0.029779
-0.014737
-0.088973
0.014952
0.000101
-0.044459
-0.014757
0.044667
0.029801
-0.014748
-0.044459
0.118883
0.014939
0.000101
-0.148377
0.104059
0.148425
-0.163068
-0.044446
0.014952
0.000101
-0.014750
-0.044466
-0.014759
0.029819
0.029810
0.014952
0.000101
-0.044459
0.000101
-0.014757
0.014959
-0.014757
0.000101
0.014959
-0.059343
0.029827
-0.014761
-0.014764
-0.029635
-0.044519
0.000101
-0.014777
-0.089211
-0.029688
-0.059503
-0.059538
-0.119284
0.074733
0.089586
-0.014808
-0.059556
0.000101
0.029934
0.015014
0.029920
0.000101
-0.059547
0.015016
0.000101
-0.044652
0.029938
0.015016
0.074644
0.059696
0.000101
0.014994
0.000101
0.000101
0.014992
-0.014790
-0.014792
0.000101
0.074544
0.000101
-0.059450
0.000101
-0.014792
0.000101
0.014994
0.014992
0.000101
0.059642
0.059607
0.044707
-0.029635
-0.014770
0.000101
0.029841
-0.014768
0.014970
-0.014768
-0.029643
0.029845
-0.014770
0.014972
-0.014770
0.000101
-0.014772
-0.014775
0.014976
0.014974
0.000101
0.014972
0.000101
0.000101
0.000101
-0.029643
-0.014775
-0.014777
0.000101
0.059598
-0.044519
0.014976
0.014974
-0.014772
-0.044532
-0.044552
-0.044572
0.044774
0.029872
0.000101
0.014983
0.000101
0.014981
0.074467
-0.044512
-0.014775
0.029849
-0.089172
0.000101
0.029867
0.000101
0.000101
0.014981
0.000101
0.000101
-0.029661
0.014983
0.014981
-0.029661
-0.029670
-0.014788
0.014990
0.029872
-0.014783
0.059625
-0.059423
0.029867
0.000101
0.000101
0.029858
-0.118982
0.000101
-0.029692
0.000101
-0.044605
0.015005
0.000101
0.029903
-0.014799
-0.014801
0.044800
-0.014797
-0.014799
0.015001
0.029894
0.014994
-0.014792
0.000101
-0.014795
0.059669
0.044754
-0.059441
0.014990
0.059633
-0.029661
0.059616
-0.014775
-0.044539
0.014983
-0.029666
0.029867
0.014981
0.000101
0.029854
0.029845
0.029836
0.089254
-0.029608
0.014956
0.044654
-0.029599
-0.014752
0.000101
-0.044472
-0.074232
-0.059405
-0.059441
-0.029683
-0.223563
0.015027
0.074700
-0.193973
-0.014844
-0.059699
0.074845
-0.059690
-0.059726
0.134660
-0.044732
0.074811
-0.059663
-0.074654
0.089800
-0.164410
0.044994
-0.134640
-0.119821
0.015099
-0.059905
-0.120019
0.075193
0.030122
0.015108
-0.104996
0.210185
0.030077
-0.119857
0.239873
-0.014868
0.045001
0.015063
0.044974
-0.044772
0.015061
0.209306
0.044874
-0.029745
0.059785
-0.014817
-0.074520
0.089640
-0.119302
0.044894
0.000101
-0.343825
0.329098
-0.104463
0.089733
0.029960
0.029952
0.000101
-0.089478
-0.014837
-0.014839
0.089707
-0.089505
0.074778
0.044880
-0.044679
-0.059636
0.044907
-0.149331
-0.119606
0.000101
-0.044826
-0.029862
-0.014884
-0.014886
0.000101
0.000101
-0.014888
0.015090
-0.014888
-0.014891
0.090015
0.059999
0.000101
-0.014870
0.000101
-0.014873
0.015074
0.000101
-0.014873
-0.014875
0.030050
0.015072
-0.029844
0.000101
0.000101
0.000101
0.030045
0.000101
-0.029844
0.015074
0.000101
0.000101
0.000101
0.015072
-0.014870
-0.014873
0.000101
-0.014875
-0.029857
-0.014882
-0.014884
0.000101
0.015085
0.015083
0.015081
0.015079
-0.074811
-0.014888
0.015090
0.045055
0.000101
0.060008
0.015072
0.030036
0.015065
-0.029830
-0.014868
0.059963
-0.029826
0.015065
0.030023
0.015059
0.000101
-0.014857
0.000101
-0.014859
0.015061
-0.029821
-0.059770
0.015072
-0.014870
0.074934
-0.044793
0.030032
0.030023
-0.044786
-0.044806
0.000101
-0.014873
0.000101
0.000101
0.015074
-0.014873
-0.059815
0.030063
-0.014879
-0.029866
0.000101
-0.014886
0.000101
-0.014888
0.000101
0.015090
-0.014888
0.030077
0.060026
0.015076
0.000101
0.045014
-0.029839
0.045008
-0.059779
-0.014875
0.119843
0.030014
-0.029812
0.030014
-0.044772
0.015061
-0.014859
-0.014861
-0.029830
0.015068
0.059945
0.015056
-0.029812
0.000101
0.000101
-0.014859
-0.014861
0.015063
0.000101
0.030019
0.059909
0.044934
0.044914
-0.029772
0.015038
0.000101
-0.014837
0.029974
-0.014835
0.015036
-0.044712
0.059847
-0.029768
0.029969
0.015032
-0.029763
0.015034
-0.029768
0.000101
0.015036
0.015034
-0.044705
0.029974
0.000101
0.000101
0.029965
0.029956
-0.014826
-0.044692
0.000101
-0.014835
-0.014837
-0.014839
-0.014841
0.015043
0.000101
0.015041
-0.089572
0.059892
0.044920
0.015036
-0.029772
-0.044725
-0.014846
0.015047
0.044927
0.029974
0.000101
-0.014835
-0.029777
-0.029786
-0.014846
0.029992
0.000101
-0.134479
0.134680
0.223998
0.000101
0.044820
0.074589
0.014992
-0.074376
0.000101
0.104353
0.014985
-0.044559
-0.014790
-0.074387
0.015003
-0.059521
-0.014810
-0.044645
0.059758
-0.029723
0.044834
0.015007
0.044807
0.089453
-0.029674
-0.014790
0.029880
0.000101
0.104260
0.044707
0.044687
0.014959
0.044661
-0.044459
-0.029617
0.029819
-0.014757
0.014959
-0.029617
0.000101
-0.014761
0.044681
0.014956
-0.029612
-0.059352
0.000101
0.044694
0.014961
0.059519
0.000101
-0.059317
0.059519
-0.014750
0.014952
0.014950
0.089148
-0.014735
-0.014737
0.014939
0.029770
-0.074089
-0.044439
-0.044459
0.014956
-0.029612
0.059519
-0.029604
0.044654
-0.059308
0.089201
0.029783
-0.029582
0.044621
-0.059264
-0.074155
0.014956
-0.014755
-0.059343
0.000101
0.014965
-0.402015
0.149221
0.000101
-0.014801
0.000101
0.000101
-0.029710
0.000101
0.015007
-0.029714
-0.029723
0.000101
0.015014
-0.014812
0.029925
0.015010
-0.014808
0.000101
-0.029723
0.029925
-0.014810
0.015012
-0.014810
-0.044645
-0.014819
0.015021
0.059758
-0.029723
0.000101
0.015014
-0.029728
0.029929
-0.014812
0.000101
-0.014815
0.000101
0.029929
-0.029728
0.000101
0.000101
-0.074509
-0.014828
-0.014830
0.044887
-0.029754
-0.029763
0.000101
0.015034
-0.014832
0.000101
-0.059654
0.000101
0.059856
0.000101
-0.014835
0.000101
0.015036
0.000101
0.000101
-0.029772
0.015038
-0.014837
0.015038
0.000101
0.015036
0.000101
-0.014835
0.000101
0.015036
-0.014835
0.015036
0.000101
0.000101
0.000101
0.000101
0.000101
0.029965
-0.014830
-0.014832
0.015034
0.015032
0.000101
-0.029763
-0.044712
-0.014841
0.029983
0.044907
-0.044705
-0.029781
0.015043
0.029978
-0.014837
0.000101
-0.014839
-0.014841
0.000101
-0.059690
-0.059726
-0.044793
-0.044813
-0.059815
-0.059851
0.000101
0.045068
-0.014886
-0.029880
0.015092
-0.029884
0.015094
0.015092
-0.014891
-0.029889
0.000101
0.000101
-0.014897
0.015099
0.045082
0.030077
0.015085
-0.044860
-0.029884
0.000101
0.030086
0.015090
0.015088
0.060026
-0.029857
0.030059
0.000101
-0.014877
-0.029862
-0.029871
0.015088
0.015085
0.015083
0.030059
-0.014877
-0.014879
0.030059
0.000101
0.000101
-0.014877
-0.014879
0.000101
0.060008
0.000101
0.030041
0.044994
0.000101
-0.059761
0.030036
0.015065
-0.014864
-0.014866
0.000101
0.015068
0.030028
0.030019
-0.014857
-0.029821
0.000101
0.015063
-0.029826
-0.014866
-0.044813
-0.044833
0.030059
0.134801
0.059909
0.015047
-0.044746
0.000101
0.209212
0.059767
0.015012
0.015010
0.044814
-0.074431
-0.014812
0.029925
0.015010
END
