y[]
-0.057731
0.022219
-0.017758
0.008892
-0.031085
-0.004433
0.048865
-0.031078
0.035532
-0.031075
-0.044409
-0.017762
-0.044430
0.048893
-0.044425
0.008899
-0.004433
-0.137837
0.022262
0.035596
0.048915
0.102177
-0.044398
-0.004433
0.048851
0.008883
0.035506
0.062096
0.088634
0.008855
0.048702
0.008846
-0.004433
0.008845
-0.044271
0.088498
-0.057526
-0.004433
-0.044271
-0.031000
0.022134
0.035405
0.008843
-0.004433
0.035384
0.008836
0.088399
-0.057469
-0.044229
-0.004433
0.061884
0.035336
0.008820
0.022068
-0.004433
0.008815
-0.004433
-0.004433
-0.004433
-0.044181
-0.017686
0.035321
0.008815
0.008813
0.008811
-0.004433
0.008809
0.035284
0.008802
0.022033
0.074922
-0.030878
-0.004433
0.008790
0.022008
-0.083777
-0.044129
0.035263
0.022022
-0.057350
0.167445
-0.017644
0.008778
-0.057287
-0.004433
-0.083767
0.022019
-0.030885
0.061683
0.022001
-0.044087
0.022005
0.035210
-0.096958
0.035231
0.035215
0.088019
-0.123316
-0.083767
0.048463
-0.123488
0.022036
-0.017667
-0.057385
0.114670
0.074890
0.021994
-0.004433
0.021987
0.021980
0.074764
-0.004433
0.074702
-0.030804
-0.004433
0.035121
-0.030801
-0.017620
0.035121
-0.030801
-0.017620
0.008754
0.035116
-0.004433
-0.043982
0.021935
0.074629
-0.030780
-0.004433
0.021914
-0.004433
-0.030780
0.008741
-0.004433
0.061413
-0.057106
-0.004433
0.048240
0.035054
-0.043920
-0.096629
0.008743
-0.004433
-0.070331
-0.004433
0.021931
-0.043982
0.153670
-0.030766
-0.057120
-0.123080
0.008757
-0.044008
0.008760
0.008759
0.021945
-0.030811
-0.070409
0.087921
-0.044003
0.114230
0.271901
-0.070158
-0.004433
-0.057044
-0.136081
0.048247
0.284813
-0.109516
0.034986
0.113732
-0.162017
0.192508
-0.083163
0.087412
-0.148799
-0.175317
0.087618
0.034991
-0.030714
-0.083318
0.087594
-0.030718
-0.135960
-0.188862
0.035116
-0.043982
0.048296
-0.241931
-0.070505
0.061639
-0.030857
0.114418
-0.044034
-0.044050
-0.295438
0.075016
0.048498
0.114560
0.008780
0.101205
0.074723
-0.057196
-0.004433
0.048331
0.193183
-0.057092
0.140313
-0.057044
-0.070235
-0.083453
0.114074
0.048192
0.035017
-0.241369
0.074608
0.021900
0.127129
0.061283
-0.030714
-0.122784
0.113918
-0.017576
0.021852
0.087509
0.100540
0.048012
-0.043764
0.100416
0.008665
-0.201090
-0.070071
-0.043837
-0.030711
0.021845
-0.017571
-0.043857
-0.004433
0.021852
-0.017574
0.074390
-0.004433
-0.030700
-0.017569
0.034971
-0.056975
0.061240
-0.017564
0.021828
-0.017562
0.008696
-0.017562
-0.004433
-0.004433
0.008696
-0.017562
-0.004433
-0.017564
0.008698
0.021824
-0.030690
-0.017564
0.021828
0.008695
0.021817
-0.004433
-0.043811
-0.070097
-0.017571
0.034976
0.034960
0.074307
0.021800
-0.017549
-0.070037
0.034935
0.048033
0.034898
0.047985
-0.004433
0.191889
0.008641
0.021711
0.139236
-0.004433
0.086885
0.021643
0.047698
0.021622
-0.056550
0.047684
-0.056550
0.190867
0.034581
0.099531
-0.056401
0.112458
-0.017414
-0.069364
-0.004433
-0.017424
-0.030421
-0.004433
0.021555
-0.004433
-0.043417
-0.004433
0.008563
0.021555
0.073489
0.008548
-0.017414
-0.082355
-0.004433
-0.017426
-0.004433
0.008560
0.008558
-0.004433
-0.017424
-0.017426
0.034541
-0.056401
-0.043427
-0.004433
-0.017434
-0.004433
-0.017436
0.086553
0.008558
0.047515
0.060464
0.060422
-0.056314
-0.004433
-0.030383
-0.004433
-0.030390
-0.004433
0.060447
-0.004433
0.008538
0.034470
0.008531
-0.030363
-0.030370
-0.017404
-0.030380
-0.121278
-0.082406
-0.017434
-0.069465
0.021585
0.086577
0.021555
-0.082416
0.034566
0.047542
0.047515
-0.108356
0.047542
0.008557
-0.030414
-0.030421
0.008562
0.008560
-0.030421
-0.095443
0.047583
-0.056449
-0.043462
-0.069516
0.034622
-0.069533
0.008590
-0.004433
0.060658
0.034602
-0.082517
-0.030475
-0.030481
-0.030488
-0.147858
-0.056639
-0.095859
-0.069788
0.113176
-0.030556
-0.174401
0.060974
0.008643
0.021714
0.034775
-0.056714
0.060914
-0.004433
-0.082854
-0.030587
-0.004433
-0.043677
0.034811
0.060939
-0.017504
0.034775
0.191377
-0.291752
-0.292580
0.100444
0.074152
-0.345417
0.008703
0.297226
0.100279
-0.122242
0.139537
-0.200807
-0.056864
-0.017545
0.074214
-0.293109
0.008707
0.034976
0.061214
-0.148913
0.074400
-0.070123
0.008708
-0.030718
-0.122800
-0.004433
-0.254779
-0.004433
-0.189300
0.114450
0.021966
-0.044034
0.101136
0.035127
-0.017618
-0.070383
0.035142
0.048310
-0.175948
0.035174
0.061543
-0.123221
0.087970
-0.017628
0.061526
-0.057196
0.101066
0.153607
-0.017593
0.205927
0.153047
-0.070020
-0.096327
0.034960
0.074307
0.021800
-0.030666
-0.109434
0.323329
0.074070
-0.174601
0.191889
-0.122180
-0.056810
-0.043733
-0.174914
0.061171
0.205211
0.100224
0.073988
0.034755
0.060845
0.047759
0.008611
0.008609
0.008607
0.034678
0.008601
-0.056577
0.021643
-0.043549
-0.030519
0.008611
-0.017477
-0.004433
0.008611
-0.004433
0.047725
-0.004433
-0.017470
-0.004433
-0.017472
-0.043559
0.008611
-0.030522
0.021656
-0.017477
0.086838
-0.095704
-0.043574
0.034709
0.047732
-0.043554
0.151960
0.099693
0.008575
-0.095525
-0.056523
-0.095656
-0.017472
0.099829
0.008592
-0.004433
-0.017458
0.034637
0.021605
-0.043493
-0.030481
-0.030488
0.060692
-0.017455
-0.030481
0.034637
-0.017455
-0.056537
0.047671
0.047644
-0.056510
-0.004433
0.021609
-0.017453
-0.017455
-0.004433
-0.069567
-0.043534
-0.017470
0.021639
-0.030505
-0.030512
-0.004433
0.047718
-0.017468
-0.030509
-0.043559
-0.017478
-0.017480
-0.017482
-0.004433
-0.030536
-0.095847
0.034755
-0.056686
0.008633
0.047814
-0.004433
-0.004433
-0.017492
0.086945
-0.004433
0.008614
-0.004433
0.008612
-0.004433
-0.043574
0.099910
-0.043549
-0.017475
0.086826
-0.004433
-0.017465
0.125809
-0.056510
-0.043508
-0.030492
0.021626
0.047664
0.060650
-0.108586
0.138750
-0.017441
0.021582
0.034576
-0.082467
-0.043473
-0.030468
-0.056523
0.021615
0.073672
-0.043478
0.112655
-0.069465
-0.004433
-0.004433
0.021585
0.021578
0.008570
-0.082477
0.034596
0.008573
0.021575
0.008568
-0.056449
-0.030451
-0.004433
0.021585
0.008573
0.073570
-0.004433
-0.017429
-0.004433
0.008563
0.021555
-0.017426
0.008560
-0.030421
-0.030427
0.008565
0.021558
-0.030424
-0.004433
-0.017431
-0.004433
-0.069448
0.047583
0.021565
0.021558
-0.056422
0.099517
0.125353
-0.134219
-0.030410
0.008557
0.060489
0.060447
-1.362688
-0.333706
-0.096824
0.021973
0.074744
-0.308284
-0.123583
0.035299
0.220420
-0.255772
-0.083935
0.088313
0.220450
-0.255806
-0.136989
0.247273
-0.216354
0.181022
0.286303
-0.083641
-0.215961
0.061718
0.101317
0.285805
0.048247
-0.030770
0.192923
0.153171
-0.083204
-0.214793
-0.017595
0.153399
0.140028
-0.175182
0.021855
0.008708
0.100637
-0.043821
0.126801
0.192095
0.008655
0.060982
0.243755
-0.187248
-0.017504
0.191453
0.217109
-0.095597
0.047671
0.255679
-0.095395
-0.069457
0.034586
0.021571
-0.199631
-0.017460
0.151776
-0.108545
-0.030478
0.086695
0.008579
-0.056489
0.060633
0.086588
-0.017431
0.034556
-0.056422
-0.095478
0.021588
-0.030454
0.216533
0.112352
0.254601
0.021434
0.163537
-0.043170
-0.017349
0.098846
0.060062
0.163060
-0.030183
-0.017310
0.085675
-0.055913
0.047047
-0.043041
0.021307
-0.017302
0.021304
-0.107420
-0.004433
-0.120420
0.060021
-0.030210
-0.068903
0.034254
-0.043120
0.008464
-0.056033
-0.004433
0.085849
END
