y[]
-0.026432
-0.119406
0.026679
0.000108
0.026672
-0.039741
-0.039757
-0.039773
0.026696
0.026689
-0.066360
-0.212885
-0.039879
-0.133297
0.066832
-0.120028
-0.294167
-0.026688
0.093860
-0.080246
0.080461
-0.107045
0.174172
-0.053418
-0.026666
0.013496
-0.147256
-0.053533
-0.040142
-0.093871
-0.013325
0.161182
0.040336
-0.120625
-0.080462
-0.067083
0.026989
0.053850
0.026968
-0.053620
-0.026767
0.067280
0.053813
0.000108
-0.013316
0.107447
0.000108
-0.026716
-0.066984
0.000108
0.026950
-0.053584
0.053799
-0.080440
0.000108
-0.013323
0.080666
0.026946
0.107390
0.000108
-0.066930
0.040336
0.013513
0.067109
0.013503
-0.013287
0.120598
-0.106987
0.040282
-0.026673
0.000108
0.000108
-0.093682
0.013512
0.214327
-0.066786
0.013490
-0.040045
0.026878
0.026871
-0.053425
-0.013280
0.000108
-0.026673
0.013499
0.000108
0.000108
0.000108
0.013497
-0.013282
0.013497
0.013496
0.040260
-0.040045
0.000108
0.013494
0.000108
0.013492
-0.013276
0.000108
-0.026666
0.000108
-0.013282
0.000108
0.013497
0.000108
0.000108
-0.013282
0.013497
-0.013282
0.013497
0.026882
-0.013278
0.026878
-0.013276
0.013492
0.000108
0.013490
0.000108
0.000108
-0.013275
0.013490
-0.013275
0.013490
-0.013275
0.000108
-0.013276
0.013492
0.013490
-0.013275
-0.013276
-0.026666
0.013496
-0.013280
0.000108
0.013496
-0.013280
0.000108
0.013496
-0.013280
-0.013282
0.000108
-0.026677
0.013501
-0.013285
0.000108
0.000108
0.000108
0.000108
0.013501
0.013499
-0.013284
0.000108
0.000108
-0.026680
0.000108
0.000108
-0.013289
0.026899
-0.013287
0.000108
0.013503
0.000108
0.026892
0.000108
0.000108
-0.013284
0.000108
-0.013285
0.000108
0.000108
0.000108
0.000108
0.013501
0.026889
0.013496
-0.013280
0.013496
0.013494
-0.013278
0.026878
-0.026662
-0.026670
-0.026677
-0.026684
-0.013291
-0.013293
0.013508
0.013506
0.000108
-0.026691
0.000108
0.040303
0.013503
-0.040082
-0.040099
-0.013298
0.040320
0.040303
-0.040088
0.000108
0.013508
-0.026695
0.040309
0.013505
0.026896
0.013499
0.026885
0.013494
0.000108
0.000108
-0.080235
0.026896
0.000108
0.000108
-0.013285
0.000108
-0.026684
-0.080310
0.026921
0.000108
-0.026705
-0.080375
0.000108
0.053770
-0.053555
0.000108
0.026943
-0.013309
0.053763
0.013517
-0.013302
-0.013303
0.040336
0.053720
0.053691
-0.040077
-0.040093
-0.013296
-0.026705
0.040325
-0.013296
-0.040115
0.000108
-0.040131
0.000108
0.120775
0.053691
0.000108
0.026889
-0.026673
0.000108
0.120566
0.066966
-0.013260
-0.026634
-0.093544
-0.080235
-0.026688
0.013506
0.040293
0.053662
-0.174050
-0.093795
0.067190
-0.040136
-0.053576
0.080623
0.080558
-0.013296
0.053713
0.053684
-0.066867
0.026903
0.107217
0.040244
-0.026648
-0.013273
0.066993
-0.040018
-0.080192
0.040266
0.000108
0.026871
-0.013273
0.000108
0.026867
-0.013271
-0.040039
0.026874
-0.053433
-0.026673
0.013499
0.000108
-0.133887
0.080526
0.013505
0.040287
0.000108
0.000108
0.000108
-0.013284
-0.013285
0.000108
-0.040082
0.000108
-0.013293
0.026907
0.013505
0.013503
0.000108
0.013501
0.093810
0.040239
0.053591
0.173731
-0.013237
0.040137
-0.026577
-0.053283
0.066841
0.066797
-0.053240
0.000108
0.026785
0.026778
0.013440
0.000108
-0.013225
0.000108
0.013440
-0.013225
0.000108
-0.013226
0.013442
0.013440
-0.013225
0.013440
0.066743
0.013430
0.026746
-0.013210
0.000108
0.013426
-0.013210
0.013426
-0.013210
0.013426
0.000108
0.000108
-0.013210
0.013426
0.000108
-0.013210
0.000108
0.000108
-0.013212
0.000108
-0.026538
0.000108
-0.026545
0.026760
-0.013218
0.026757
-0.013216
-0.039874
0.000108
0.000108
0.013437
0.000108
0.000108
0.013435
-0.013219
-0.013221
0.013437
0.000108
-0.013221
-0.026555
0.000108
0.040100
-0.013221
0.013437
-0.026552
0.000108
0.000108
0.000108
-0.013225
0.013440
-0.013225
0.013440
0.000108
0.000108
-0.026559
0.026774
0.013438
-0.026555
0.013440
-0.013225
0.000108
0.000108
0.013440
0.000108
-0.013225
0.000108
0.000108
0.013440
0.000108
-0.026559
0.000108
0.000108
0.013442
-0.013226
-0.013228
0.000108
-0.013230
0.013446
-0.013230
0.000108
-0.053261
0.000108
0.013453
-0.039932
0.000108
-0.013242
0.013458
0.013456
-0.039943
-0.013246
0.013462
0.000108
-0.013246
0.000108
0.000108
0.000108
0.000108
0.040164
0.000108
0.040148
-0.039932
-0.066661
0.000108
0.000108
-0.013251
-0.039980
0.080268
-0.066688
-0.039991
0.000108
-0.026634
-0.066777
-0.066822
0.026885
0.000108
0.000108
-0.026670
0.026885
0.013494
-0.040056
0.026885
0.000108
-0.013280
0.013496
-0.026670
0.000108
-0.053468
0.040293
0.026889
-0.013282
0.026885
0.026878
0.040250
0.000108
-0.013271
0.066984
-0.053390
-0.013271
-0.013273
0.053619
0.000108
0.026853
-0.026637
0.013481
0.053584
0.000108
0.026835
0.053541
0.000108
0.040164
-0.026595
-0.039959
0.000108
-0.026612
-0.013255
0.013470
-0.026619
0.026835
-0.066724
0.000108
0.040212
0.066912
-0.066697
-0.013259
0.026839
-0.013257
0.160364
0.146784
0.013431
-0.039868
0.040084
-0.026541
-0.013219
0.066726
0.000108
0.040057
-0.053162
0.013428
0.026742
-0.039847
-0.013214
0.040068
0.066672
0.159682
-0.013180
-0.039767
0.000108
-0.013187
0.013403
0.026693
-0.039773
0.026696
0.000108
0.039978
-0.013180
0.026682
-0.013179
-0.066351
-0.053091
0.000108
0.000108
0.013410
-0.013195
0.040009
-0.013191
0.026704
-0.026488
0.000108
-0.026495
0.000108
0.040009
0.013405
0.000108
0.066566
-0.039762
0.000108
0.026689
0.026682
0.000108
-0.026467
0.026682
0.013392
0.000108
-0.039751
0.013396
0.000108
-0.026470
-0.053070
0.079863
0.026679
0.013391
0.026668
0.013385
-0.013170
-0.066307
0.039962
0.026668
-0.013172
-0.039741
0.013392
0.000108
-0.013177
-0.013179
0.000108
0.013394
-0.013179
0.013394
-0.039757
-0.053070
0.013405
0.000108
0.000108
0.000108
0.013403
-0.013187
0.000108
0.013403
-0.013187
0.026696
0.000108
-0.013186
0.000108
-0.013187
0.000108
0.000108
0.000108
0.000108
0.000108
0.000108
-0.026488
-0.013193
0.000108
0.000108
0.000108
0.013408
0.000108
0.000108
0.013407
-0.013191
0.013407
0.013405
0.000108
-0.013189
0.013405
0.013403
0.000108
0.013401
0.000108
0.026689
0.026682
0.000108
0.000108
0.000108
0.000108
0.000108
-0.013179
0.013394
0.013392
-0.026463
0.013394
0.000108
-0.013179
0.013394
0.013392
0.000108
0.000108
0.013391
0.000108
0.000108
0.000108
0.000108
-0.013175
0.000108
0.000108
0.000108
0.000108
0.013391
0.000108
-0.013175
-0.013177
0.000108
0.000108
0.000108
0.000108
0.000108
0.013392
0.000108
0.000108
-0.013177
-0.013179
-0.013180
0.000108
-0.026474
0.000108
0.013399
-0.013184
0.000108
-0.013186
0.026693
0.000108
0.013398
-0.026474
-0.039778
0.013405
0.039988
0.053257
-0.039751
0.013396
0.079800
0.026658
-0.013166
-0.013168
0.013384
-0.026446
-0.039736
-0.039751
0.000108
0.026682
-0.079637
0.026696
-0.039778
-0.039794
0.000108
0.026711
0.013407
0.013405
-0.013189
0.026700
0.013401
0.013399
-0.013184
0.000108
-0.026481
0.000108
0.026696
-0.039778
0.066575
0.000108
-0.026474
0.013399
0.000108
-0.053070
0.026700
0.000108
0.026693
0.013398
0.066531
0.000108
0.013387
-0.013172
0.013387
0.000108
-0.013172
-0.013173
-0.013175
-0.013177
0.000108
0.000108
0.000108
0.053236
0.000108
END
