y[]
0.023126
-0.013228
0.011007
-0.001111
-0.037468
0.023129
0.023123
-0.049584
-0.013233
-0.001111
-0.001111
-0.025359
-0.013237
0.011016
0.011014
0.011013
-0.025359
-0.013237
0.011016
-0.001111
0.023138
-0.013234
0.023135
-0.025356
-0.001111
0.035255
0.011008
-0.049595
-0.025362
-0.013238
-0.001111
-0.013240
-0.001111
0.023146
-0.001111
0.011016
-0.001111
-0.037494
0.011019
0.023144
-0.001111
-0.001111
-0.013237
0.011016
0.011014
0.011013
-0.025359
-0.013237
0.023141
-0.025362
-0.013238
-0.001111
0.011017
-0.013238
-0.025371
-0.025377
-0.013246
-0.049666
-0.013253
-0.001111
0.035313
-0.001111
0.047433
0.023152
0.059521
-0.073873
0.011020
0.035273
0.071617
-0.037468
-0.025356
0.023135
-0.037481
-0.001111
0.059499
-0.049595
0.095836
-0.037454
-0.037468
0.035246
-0.013228
-0.025350
-0.013233
0.035251
0.035238
-0.037459
0.011007
-0.025347
-0.025353
0.035251
-0.025350
0.023129
-0.025350
-0.001111
-0.001111
-0.001111
0.035246
-0.013228
0.011007
-0.001111
0.023120
-0.013225
0.035229
0.011000
0.010998
0.023102
0.047298
-0.013211
-0.025315
0.083579
0.010982
-0.049490
-0.001111
-0.073723
-0.049549
-0.049572
-0.037472
-0.025359
0.023138
0.011011
-0.037481
0.023138
0.071599
-0.049578
0.059470
-0.001111
0.023111
0.035211
-0.049543
-0.013222
0.023111
-0.085913
-0.013231
-0.013233
0.059484
-0.049584
0.047362
-0.013227
-0.025347
-0.061728
-0.013238
0.059514
0.011010
0.047357
0.011002
-0.013224
0.059440
0.083599
-0.025306
-0.025312
-0.037424
-0.025327
0.035211
-0.013216
0.047304
-0.001111
0.035185
-0.001111
-0.049507
-0.061640
-0.001111
0.035211
-0.049543
-0.037450
0.011004
-0.049578
0.023126
-0.001111
0.083671
-0.025327
-0.013221
0.023108
0.010997
-0.049549
0.023111
-0.013221
0.059426
-0.085872
-0.037459
0.047351
0.011001
-0.037450
-0.049584
-0.001111
-0.013233
0.023132
-0.001111
-0.013231
0.011010
0.011008
-0.013230
0.035242
-0.013227
-0.001111
-0.001111
-0.001111
-0.001111
0.023120
-0.013225
-0.013227
-0.001111
0.011005
-0.025344
0.023123
-0.025344
-0.001111
0.023123
-0.013227
-0.001111
-0.001111
-0.013228
-0.001111
-0.049595
-0.001111
-0.025362
0.011016
0.047380
-0.025353
-0.037485
-0.001111
0.011016
0.011014
-0.037490
0.023144
-0.013237
0.011016
0.035260
0.011010
-0.013231
-0.025356
-0.001111
-0.013236
0.011014
0.011013
-0.049613
-0.001111
-0.086047
-0.049678
-0.037552
-0.001111
0.011038
0.023182
-0.001111
-0.025403
0.023182
0.035317
-0.001111
-0.025394
-0.025400
0.047463
-0.001111
-0.013252
-0.013253
0.011032
-0.037543
0.011035
-0.013256
-0.013258
-0.001111
-0.013259
-0.049719
0.047498
-0.025412
0.011041
0.011039
-0.001111
0.011038
0.023182
0.011033
0.023173
-0.013252
-0.013253
-0.013255
-0.013256
-0.001111
0.011035
0.035317
-0.001111
0.023167
0.083815
-0.049631
0.011022
0.011020
0.023146
0.011016
-0.013237
-0.013238
-0.025371
0.011020
0.011019
-0.001111
-0.013240
-0.049643
0.011025
-0.025382
0.047427
-0.001111
-0.001111
-0.073926
-0.025394
0.011032
-0.061838
0.011038
-0.013259
0.035330
-0.001111
0.035317
0.011029
0.035299
0.035286
-0.013241
-0.061787
0.035299
0.011023
0.023152
-0.025374
0.011022
-0.001111
0.011020
-0.001111
-0.001111
-0.025374
0.011022
-0.013243
-0.013244
0.023155
-0.013243
0.035282
0.011017
-0.049631
0.023152
-0.049643
-0.013247
0.035295
-0.013244
0.023155
-0.025377
0.011023
-0.013244
0.011023
0.011022
-0.025377
-0.037521
-0.025391
0.011030
-0.037538
-0.074006
0.023194
0.023188
-0.013259
-0.013261
-0.013262
-0.013264
-0.074059
0.011051
0.011050
0.011048
-0.037591
0.108292
0.035330
0.071731
0.011025
-0.049660
-0.013252
-0.049690
-0.171323
0.023223
-0.025445
0.059713
0.083980
0.096047
-0.086119
0.096036
0.132312
-0.049607
-0.073900
-0.013247
-0.013249
-0.025391
0.023170
0.011027
-0.013249
-0.171199
-0.013271
-0.013272
-0.025439
0.035379
0.023208
-0.013269
-0.025433
0.011051
0.047522
-0.001111
-0.098399
-0.110673
0.023247
0.011066
-0.013287
-0.025468
0.096284
0.011057
-0.013278
-0.049796
-0.013286
0.084084
0.035379
-0.037600
-0.013277
-0.013278
0.035388
-0.001111
0.047533
-0.098422
0.023226
0.023220
0.023214
0.011050
0.059669
-0.061890
0.096118
-0.037560
-0.013264
0.071785
-0.037552
-0.013261
0.096047
-0.001111
0.059565
-0.013243
-0.001111
0.059536
0.095847
-0.013225
0.011004
-0.001111
-0.110195
-0.037499
-0.001111
0.011020
0.011019
0.011017
-0.013238
-0.001111
-0.025371
-0.013243
-0.001111
-0.013244
0.035286
-0.013241
-0.037512
-0.001111
0.011025
0.011023
-0.025380
0.011025
-0.013246
0.023158
0.035282
0.035268
-0.001111
-0.025362
-0.013238
-0.025371
0.035277
-0.013238
0.011017
-0.025368
0.011019
0.011017
0.047386
-0.001111
-0.013233
0.011011
0.107921
-0.037441
-0.001111
0.023111
0.010998
-0.013219
-0.013221
-0.013222
-0.001111
-0.037454
-0.001111
-0.025347
-0.001111
-0.001111
-0.001111
-0.013231
0.011010
0.011008
-0.025350
-0.013233
0.011011
-0.025356
-0.013236
0.011014
0.023135
0.011010
-0.013231
-0.001111
0.035246
-0.049590
0.023132
-0.001111
0.035242
-0.025344
0.011007
-0.037468
0.023129
-0.013230
-0.025353
0.023132
0.011008
-0.001111
0.011007
-0.037468
-0.001111
0.011010
-0.001111
0.035242
-0.001111
-0.001111
0.023117
-0.013224
0.011002
-0.025338
-0.049584
0.011010
-0.013231
0.023129
0.047351
-0.037454
-0.025347
0.011008
0.035238
-0.037459
-0.001111
-0.001111
-0.001111
-0.025350
-0.025356
0.035255
-0.013231
-0.037481
0.071617
0.011005
0.011004
-0.025341
0.047345
-0.001111
-0.001111
0.011000
-0.025333
-0.013224
-0.001111
0.047333
0.010997
-0.049549
-0.001111
0.035220
0.023102
0.010994
-0.025321
0.010995
-0.001111
-0.013216
0.010995
-0.013216
-0.037437
0.023108
-0.001111
-0.025330
-0.001111
-0.001111
0.011000
0.010998
-0.013219
0.010998
0.010997
-0.013218
-0.013219
0.010998
-0.025330
0.011000
0.010998
-0.001111
-0.049554
-0.025341
0.023120
-0.025341
-0.025347
0.035242
-0.037463
-0.001111
0.023126
-0.013228
0.047351
-0.001111
-0.013224
-0.001111
-0.085944
-0.001111
-0.025362
0.107974
0.156246
0.035167
0.023067
-0.049472
0.010982
-0.025297
0.083517
0.047216
0.071336
0.047158
0.023015
0.095333
-0.097554
-0.013173
-0.025239
-0.025245
0.059214
-0.025236
0.023015
0.023009
-0.013170
0.035062
0.047100
-0.025213
0.071179
-0.037249
-0.025210
-0.025216
-0.025222
-0.049350
-0.013174
0.023015
-0.013173
0.023012
-0.001111
-0.037297
0.023015
-0.013173
-0.013174
0.023015
0.071231
-0.001111
0.022992
-0.157879
-0.327494
-0.122264
-0.183116
0.168772
0.095836
-0.243653
0.241431
-0.013224
0.095753
0.083568
0.168033
0.167747
-0.049327
-0.097612
0.131555
0.143415
-0.037223
0.179319
0.106991
-0.073165
0.106952
0.034884
-0.037106
0.022887
-0.025109
-0.025114
-0.013115
-0.013116
-0.049147
0.010901
-0.025135
0.022913
-0.025135
-0.001111
-0.001111
0.010902
-0.001111
-0.025138
-0.001111
0.010904
-0.025140
-0.013128
0.010906
-0.025146
0.010908
-0.001111
0.010906
-0.025146
0.010908
-0.001111
-0.001111
0.034936
-0.001111
-0.013125
0.010904
-0.001111
-0.025140
-0.001111
-0.001111
-0.001111
0.010905
-0.013126
-0.001111
-0.001111
-0.001111
-0.001111
0.022919
0.034923
-0.013120
-0.001111
-0.049164
-0.037166
0.022928
0.010906
-0.001111
0.010905
-0.025143
-0.013129
-0.013131
-0.001111
-0.025155
-0.001111
-0.013135
0.010914
0.022934
-0.001111
-0.013132
-0.001111
0.010911
-0.001111
END
