y[]
0.070471
-0.102019
-0.116518
0.099348
0.056127
-0.030150
-0.058931
0.185482
-0.116353
0.099203
-0.001394
0.027330
-0.015754
-0.015756
-0.044494
-0.058890
0.012983
-0.030150
-0.058931
0.012994
0.027375
-0.058939
0.027383
0.056135
0.099203
-0.015758
-0.030129
0.012975
0.027338
0.027330
-0.030117
-0.015758
-0.087625
0.041731
0.084801
-0.087588
0.027346
0.027338
-0.001394
-0.044494
0.027342
0.056053
-0.030113
0.142120
-0.058774
-0.001394
0.027301
-0.058791
-0.044463
-0.087588
0.012977
0.012975
0.041701
-0.001394
-0.001394
-0.015756
0.041688
-0.001394
0.012963
0.012961
0.056003
-0.001394
0.012950
-0.030084
0.012953
-0.001394
0.012950
0.012948
-0.044426
-0.044445
-0.030105
-0.001394
0.027317
-0.044463
-0.015754
0.027325
0.012963
0.027313
-0.001394
-0.001394
-0.015746
-0.001394
-0.015748
0.012961
-0.001394
0.012959
-0.015746
0.012959
0.012957
0.012955
0.055979
-0.001394
0.055946
-0.001394
-0.030059
-0.001394
-0.001394
-0.001394
-0.001394
-0.001394
-0.030067
-0.001394
0.012944
0.127555
-0.030035
-0.073032
0.012938
-0.073073
0.012946
0.098929
0.041571
-0.001394
0.012924
-0.044352
0.027247
0.041552
-0.030022
0.012922
-0.058667
-0.015717
0.027251
-0.001394
-0.001394
0.012926
-0.015713
0.012926
0.012924
-0.001394
-0.030031
0.027243
0.012922
-0.015709
-0.001394
-0.015711
0.027239
-0.015709
-0.015711
-0.015713
-0.001394
0.027243
0.012922
-0.044346
0.027243
-0.001394
-0.001394
-0.030031
0.041559
0.012920
-0.015707
0.070152
-0.001394
-0.015699
-0.001394
0.070112
0.070060
-0.015680
0.070020
-0.029953
-0.058537
-0.015684
0.027186
-0.058561
0.012901
0.027190
-0.029977
-0.087194
0.027215
-0.001394
0.027206
0.027198
0.027190
-0.029977
0.012899
-0.015687
-0.015689
0.012901
-0.101501
-0.030014
-0.001394
-0.001394
0.012918
0.027223
-0.015701
-0.001394
-0.001394
0.012914
-0.030010
-0.030018
-0.001394
-0.001394
0.012920
-0.001394
-0.015707
-0.015709
0.012922
-0.001394
0.041540
0.012914
0.055815
-0.015693
0.027202
-0.001394
-0.001394
0.041485
0.027182
-0.015680
-0.015682
-0.029977
-0.001394
0.027190
-0.044272
-0.015691
-0.001394
-0.029994
-0.001394
-0.001394
-0.015697
-0.044315
-0.001394
-0.044334
0.027235
0.012918
0.012916
-0.015703
-0.087292
-0.015717
0.027251
-0.015715
-0.030043
-0.001394
0.041577
-0.058692
-0.030055
-0.015727
0.055929
-0.030051
-0.202226
-0.001394
0.070378
0.027301
-0.087502
0.099058
0.055962
0.027272
-0.202226
0.041676
0.084690
0.041620
-0.044407
0.012946
0.055946
0.027264
0.027256
-0.044371
0.041583
0.041565
-0.030031
-0.001394
-0.015715
0.012928
-0.015715
-0.030043
0.012932
0.012930
-0.015717
0.041571
-0.030035
-0.087366
-0.044407
0.084616
0.027260
0.113138
-0.044327
-0.001394
-0.058667
-0.001394
0.041565
0.027235
-0.044340
0.027239
-0.044346
0.012926
-0.015713
-0.030039
0.027251
0.041559
-0.001394
0.012920
0.027227
-0.015703
0.027223
0.012911
0.041509
-0.029994
-0.015697
0.027210
-0.029998
0.012909
-0.044309
-0.015703
-0.072970
0.041559
0.041540
-0.030014
0.141627
-0.001394
-0.044278
0.055782
-0.015684
-0.029981
0.012901
-0.001394
-0.001394
-0.015689
-0.001394
-0.001394
-0.015691
0.027198
-0.001394
-0.015689
-0.001394
0.012901
0.012899
-0.001394
-0.015687
-0.015689
-0.001394
-0.001394
-0.001394
-0.001394
-0.001394
0.012901
-0.015689
-0.001394
0.012901
-0.015689
0.012901
-0.015689
-0.001394
-0.044291
0.027206
-0.044297
0.012909
-0.015697
-0.001394
-0.001394
0.012909
-0.015697
0.012909
-0.015697
0.055806
0.012901
-0.015689
0.027194
-0.058577
-0.001394
-0.015695
-0.001394
-0.001394
-0.001394
0.027206
-0.001394
-0.058602
-0.001394
0.041516
-0.001394
0.012905
0.012903
-0.015691
-0.029994
0.012907
0.027202
-0.015691
-0.015693
0.012905
-0.044297
-0.015699
-0.030010
0.012916
0.012914
-0.030010
-0.030018
-0.001394
-0.015709
-0.087329
-0.001394
-0.001394
0.027260
-0.030047
0.041583
0.012928
-0.030039
-0.015719
-0.001394
0.041577
-0.015715
-0.015717
0.012930
-0.030043
-0.001394
-0.030051
-0.001394
-0.030059
-0.015730
-0.001394
0.027276
-0.030063
0.012942
0.012940
-0.030063
-0.001394
0.041608
-0.058733
0.041614
0.027268
-0.015723
-0.044395
0.012942
0.012940
-0.001394
-0.030063
-0.001394
-0.015732
-0.001394
0.027280
-0.015730
0.041608
-0.001394
0.027264
-0.001394
0.027256
-0.001394
0.041565
0.012922
-0.044346
-0.030039
0.027251
0.012926
-0.015713
0.027243
0.012922
0.012920
0.041534
-0.001394
-0.015701
-0.044327
-0.001394
0.041540
-0.030014
-0.015707
-0.001394
-0.001394
0.012920
-0.015707
0.055847
-0.001394
-0.015701
0.041522
0.027206
0.012903
0.027194
-0.001394
-0.015687
0.012899
-0.015687
-0.029985
0.012903
-0.001394
-0.015691
0.027198
-0.029985
-0.058602
0.012911
-0.015699
0.027215
0.027206
0.027198
-0.015689
0.012901
0.041479
0.027178
0.012889
-0.058537
0.098585
-0.087083
0.055741
0.027161
0.055692
-0.029932
-0.058496
-0.115696
-0.001394
-0.015691
0.012903
-0.015691
0.041491
-0.001394
0.027186
-0.001394
-0.029973
-0.001394
0.012897
0.012895
0.055741
-0.001394
-0.072817
-0.044272
-0.015691
-0.029994
0.041503
-0.058594
0.041509
-0.015693
0.041497
0.012899
-0.001394
0.055757
-0.015678
-0.001394
0.012891
-0.044254
0.084308
-0.087096
0.012895
-0.029973
0.012897
0.027182
-0.029969
0.027182
-0.015680
0.055741
0.041436
-0.015668
0.012881
0.012879
-0.029941
-0.001394
-0.001394
-0.015670
0.012883
-0.015670
-0.058520
0.012891
0.041448
-0.015672
0.041436
-0.001394
-0.001394
0.098471
-0.015654
0.098385
-0.029892
-0.015646
-0.015648
-0.001394
-0.001394
-0.015650
0.012863
-0.001394
0.027113
-0.044156
0.012863
-0.001394
-0.015650
0.041369
0.012856
-0.015644
-0.001394
-0.001394
-0.001394
-0.044156
-0.029912
-0.001394
-0.015656
0.012869
-0.001394
-0.001394
-0.001394
-0.015656
0.027129
0.069877
0.012854
0.027096
0.155157
-0.001394
0.027044
-0.015611
-0.015613
-0.058293
0.069725
-0.001394
0.012824
0.012822
-0.001394
-0.029827
0.027040
0.027032
-0.001394
-0.044035
0.027036
-0.001394
0.027028
0.027019
0.083797
-0.043980
-0.029795
-0.015597
0.012810
-0.015597
-0.001394
-0.001394
-0.001394
0.012810
0.027007
-0.001394
-0.001394
-0.029795
-0.015597
-0.001394
0.012810
-0.001394
-0.015597
0.027011
-0.015595
-0.015597
-0.001394
-0.029807
0.012814
-0.001394
0.012812
-0.015599
-0.015601
0.012814
-0.001394
-0.001394
0.027015
-0.015597
-0.015599
-0.001394
0.027015
-0.015597
0.012810
-0.015597
-0.001394
-0.001394
-0.001394
0.012810
0.027007
0.012804
-0.015591
-0.015593
-0.029799
-0.015599
-0.015601
-0.001394
-0.015603
0.012816
0.012814
-0.029811
-0.015605
0.012818
-0.044035
-0.001394
-0.001394
-0.001394
-0.015611
-0.001394
0.027040
-0.001394
0.012820
-0.058260
0.027044
-0.029831
0.012826
-0.015613
-0.029839
-0.015619
-0.001394
0.041278
-0.015615
-0.029843
0.027056
0.027048
-0.001394
-0.015613
0.012826
-0.015613
-0.001394
-0.001394
0.012826
-0.029835
0.027048
-0.001394
-0.015613
-0.015615
-0.044071
-0.001394
-0.001394
-0.029855
-0.001394
-0.015628
-0.001394
-0.001394
-0.001394
-0.029867
0.027080
-0.015630
-0.015632
-0.029876
-0.001394
0.012848
-0.015636
0.012848
-0.058374
-0.101187
0.012869
-0.058455
0.012875
0.027137
-0.001394
0.012869
-0.015656
0.012869
-0.001394
0.012867
-0.001394
0.012865
0.012863
0.012861
-0.001394
-0.015648
0.055611
-0.029892
-0.001394
0.027105
0.112518
0.027064
-0.015621
-0.015623
END
