y[]
0.080129
0.066551
0.134004
0.201185
0.160446
-0.001040
-0.095208
0.093128
-0.068294
0.079660
-0.041381
-0.081772
-0.027965
-0.054912
-0.014512
0.039372
-0.068403
0.133640
0.025874
-0.054876
0.012422
0.066241
-0.001040
-0.001040
0.012411
0.025856
0.106473
0.079519
0.012380
-0.001040
0.012378
0.106242
-0.041257
0.012368
0.012366
-0.027853
0.025773
-0.041262
-0.054695
0.025791
-0.014455
0.012375
0.039193
-0.027860
0.039188
-0.014447
0.025773
0.012364
0.025763
-0.001040
-0.054652
0.012366
-0.054674
0.025781
-0.027860
-0.054702
-0.041306
-0.014465
0.039231
-0.054738
0.025813
-0.027893
0.052659
-0.014462
-0.027889
0.133134
0.039177
-0.001040
0.052558
-0.001040
-0.041235
-0.001040
-0.001040
-0.014442
0.012362
-0.001040
-0.001040
-0.027846
-0.068086
0.025784
-0.014451
-0.001040
-0.027867
-0.014456
-0.001040
0.039204
-0.001040
-0.014453
0.025784
-0.001040
-0.001040
-0.014451
-0.001040
-0.001040
-0.027867
0.012375
-0.001040
-0.001040
0.025784
-0.014451
0.012371
0.012369
-0.001040
-0.014449
-0.001040
-0.001040
-0.014451
0.012371
-0.001040
0.012369
-0.001040
-0.001040
-0.001040
0.012368
-0.014447
-0.001040
0.025773
-0.041262
0.012369
-0.014449
-0.014451
0.012371
0.025777
-0.014447
0.012368
-0.014447
-0.001040
-0.001040
0.025773
-0.041262
0.012369
0.025773
0.039167
-0.001040
-0.014440
0.012360
-0.014440
0.012360
-0.014440
0.012360
-0.001040
-0.001040
-0.001040
-0.001040
0.012359
-0.001040
-0.001040
-0.014438
-0.001040
-0.014440
0.012360
-0.001040
0.039150
0.025745
-0.014431
-0.027828
-0.001040
0.052529
-0.027821
-0.014433
0.012353
0.025741
-0.014429
-0.014431
0.025741
0.025734
0.052486
0.052458
-0.001040
-0.054537
0.052458
-0.041160
-0.001040
-0.001040
-0.014417
-0.001040
0.039086
-0.014413
-0.014415
-0.001040
0.025709
-0.014413
-0.014415
-0.001040
0.012335
-0.027792
0.092562
-0.014406
-0.014408
-0.014410
-0.001040
0.025698
0.025691
0.025684
0.052386
-0.001040
-0.041107
-0.027760
-0.041133
0.025691
-0.001040
-0.014404
-0.001040
-0.027774
0.065783
0.025677
-0.027756
-0.001040
0.012319
0.025673
-0.041112
0.012319
-0.001040
-0.041123
0.025684
-0.054494
0.025691
-0.014404
-0.027774
0.065783
-0.001040
0.012319
0.012318
-0.041117
-0.001040
-0.001040
-0.027767
-0.014406
-0.027778
-0.001040
0.012330
-0.027781
0.012332
0.039064
-0.027774
0.012328
-0.014408
-0.001040
0.025695
-0.014406
0.065774
0.039027
0.012312
0.119048
0.012294
-0.147814
0.065702
-0.041080
-0.041096
-0.001040
-0.161425
0.105912
-0.041133
-0.067898
0.079185
0.012325
-0.014404
0.065765
0.079067
-0.001040
-0.027735
-0.027742
0.012312
0.052350
0.052322
0.025630
-0.041048
-0.041064
-0.041080
0.025655
-0.027735
0.065685
-0.014381
-0.001040
-0.041075
-0.094517
-0.014401
0.012321
-0.001040
-0.067862
-0.014410
0.012330
-0.054530
-0.121498
-0.094830
-0.027853
0.012368
0.039172
-0.121724
-0.001040
0.092838
-0.108336
0.052623
-0.014453
-0.027871
-0.095006
-0.121983
-0.027936
0.146800
0.052666
-0.068176
-0.014473
-0.135467
0.119952
-0.081685
-0.014487
0.106487
-0.081674
-0.068285
-0.068330
-0.027969
0.066268
-0.027958
-0.014502
-0.014503
0.012424
0.025882
0.012418
-0.027958
0.052789
-0.001040
0.012413
-0.001040
-0.068321
-0.001040
0.025878
-0.041419
0.039340
0.025871
-0.014494
-0.001040
0.012415
-0.027951
-0.001040
-0.014498
0.025874
0.039318
-0.027943
0.012413
0.039307
-0.027936
0.012409
-0.027940
0.012411
-0.014491
-0.027947
-0.001040
-0.014496
0.012416
-0.001040
-0.014496
0.012416
-0.001040
-0.001040
-0.014496
-0.014498
-0.001040
0.025874
0.025867
-0.001040
-0.027947
-0.014496
-0.027958
0.025878
-0.001040
-0.054883
0.039345
0.093128
0.052731
0.012398
-0.027918
-0.041371
0.012406
0.012404
-0.001040
0.025842
-0.027922
-0.027929
0.012406
-0.001040
-0.014485
0.012406
-0.027932
-0.001040
-0.001040
-0.054847
0.025867
-0.014492
0.012413
-0.027947
0.012415
-0.001040
0.012413
-0.041403
-0.014498
-0.001040
-0.014500
-0.014502
-0.001040
-0.001040
0.039340
-0.041419
-0.001040
-0.001040
-0.001040
-0.027969
0.025889
0.012422
-0.041430
0.025889
-0.027969
0.025889
0.039340
0.079670
0.025849
0.012402
0.039275
-0.027914
0.039269
-0.001040
-0.001040
0.066106
-0.014465
-0.001040
-0.041327
0.012391
-0.001040
0.039242
0.066061
-0.001040
-0.041295
-0.001040
0.092863
-0.068104
-0.054724
-0.027893
0.025813
-0.041322
-0.027904
0.039253
0.039237
-0.014464
-0.014465
-0.027896
-0.001040
-0.054774
-0.027918
0.039275
-0.014476
-0.001040
-0.001040
-0.001040
0.025831
-0.001040
-0.001040
-0.001040
0.079530
-0.027889
-0.014467
-0.001040
-0.054767
-0.041354
-0.014482
0.039280
-0.001040
0.012396
0.039258
-0.014471
0.025820
-0.027900
0.012391
0.025817
-0.014467
-0.001040
-0.054767
-0.014476
-0.027918
0.025838
-0.001040
0.025831
0.052680
-0.001040
-0.001040
0.039231
-0.027885
-0.041322
0.012389
-0.014469
0.052666
0.025802
0.025795
-0.027875
-0.215978
-0.027940
0.066196
-0.081728
-0.270473
0.012449
-0.095500
0.025958
-0.082055
-0.149739
0.039536
0.053036
-0.122752
0.039547
-0.177037
-0.055255
0.026071
0.080250
0.039580
-0.028118
0.026038
-0.028118
-0.082319
-0.014593
0.012513
0.066697
0.026042
-0.095859
0.039608
0.026049
-0.150122
-0.001040
-0.014604
-0.041743
0.053227
0.026082
0.107376
-0.028133
-0.014589
0.039602
-0.014585
0.107273
-0.001040
0.039547
-0.028096
0.053065
0.039520
0.025991
-0.055109
-0.055138
0.012487
0.120623
-0.068612
0.039509
0.120508
-0.028038
-0.095590
-0.055109
0.039514
-0.122752
0.026020
0.120639
0.187945
-0.014527
-0.041512
-0.001040
-0.055028
-0.122620
-0.014558
0.025994
-0.028074
0.039509
-0.068630
0.026002
0.039509
0.025984
-0.028063
0.025984
-0.001040
0.012469
0.012467
-0.082110
0.012476
-0.001040
0.025987
-0.014552
-0.014554
-0.001040
0.012475
-0.001040
0.053000
-0.014547
0.025973
0.012464
0.012462
-0.014542
-0.001040
-0.001040
-0.001040
-0.028049
0.025969
-0.028049
-0.014547
-0.001040
0.025973
-0.001040
-0.001040
-0.014545
-0.028056
0.052985
-0.014543
-0.014545
-0.001040
0.039471
-0.014542
-0.001040
-0.041556
-0.001040
-0.068603
0.012476
-0.001040
0.012475
-0.014554
0.053007
-0.028060
-0.028067
0.025987
-0.001040
-0.001040
0.012471
-0.001040
0.039482
-0.028052
0.025973
-0.014545
0.025969
-0.001040
-0.014543
0.012464
0.039460
-0.014538
-0.014540
0.052949
0.025943
-0.028023
-0.014534
0.039438
0.012449
-0.001040
-0.014529
-0.001040
-0.028023
-0.028030
-0.001040
0.012456
-0.014536
0.012456
0.012455
-0.001040
-0.001040
-0.028030
-0.028038
-0.001040
-0.014542
-0.014543
-0.014545
-0.014547
-0.068603
-0.028078
-0.014562
0.053036
0.012475
-0.001040
0.025984
-0.041578
0.012475
0.039492
-0.028060
-0.014552
0.012473
-0.014552
-0.028071
-0.028078
-0.028085
0.012484
0.012482
-0.041611
0.134132
0.079976
0.025951
-0.068530
0.025962
-0.014540
0.025958
-0.055043
-0.028052
-0.014549
-0.001040
0.052985
0.025962
-0.055050
0.012465
0.039465
0.052941
-0.014532
-0.028030
0.012456
0.012455
-0.041528
-0.014540
0.025958
-0.001040
-0.001040
0.025951
-0.028030
-0.014538
0.012458
0.039443
-0.028027
-0.028034
0.012458
-0.001040
0.052934
0.066386
0.012440
0.025914
-0.014516
0.012436
0.025907
-0.001040
-0.014512
-0.001040
0.025903
-0.014511
0.052832
0.025885
0.012420
-0.027961
0.052796
0.025867
-0.054861
-0.001040
-0.014500
-0.001040
0.025878
0.200614
-0.001040
END
