y[]
0.025477
-0.026424
0.038450
0.025467
-0.026414
-0.065354
-0.026437
0.025491
-0.013454
-0.013456
0.038470
-0.052401
-0.026447
0.038485
-0.000473
-0.026444
-0.000473
0.038480
-0.000473
0.012508
0.025484
-0.000473
0.012503
0.064382
-0.013441
-0.000473
-0.052361
0.038445
0.012496
-0.026414
-0.013446
0.038440
0.090265
-0.039351
-0.104221
-0.065370
-0.091400
0.103436
-0.052415
-0.000473
0.077429
0.077368
0.038425
-0.013438
-0.000473
-0.000473
-0.000473
-0.000473
-0.000473
-0.013439
0.012493
0.012491
-0.013438
-0.039376
-0.026417
0.051407
-0.026410
-0.000473
-0.000473
-0.000473
-0.013444
-0.013446
-0.026424
-0.000473
-0.026430
-0.013454
-0.000473
-0.000473
-0.000473
-0.026441
0.012511
-0.065413
-0.091459
-0.026484
0.051542
-0.000473
-0.065497
0.012535
-0.026491
-0.065548
0.025562
-0.013490
0.038571
-0.013487
0.012540
0.038556
-0.013481
-0.026495
-0.013487
0.012540
-0.013487
-0.052543
0.051596
-0.013488
0.012542
0.025551
0.038551
-0.039498
0.038551
-0.013480
0.012533
-0.013480
0.012533
-0.000473
0.025535
-0.000473
-0.013476
0.012530
-0.000473
0.012528
-0.013475
-0.000473
-0.052496
0.012535
-0.013481
-0.026495
-0.000473
0.012538
-0.000473
-0.000473
-0.000473
-0.000473
-0.000473
-0.000473
-0.013485
0.012538
-0.000473
0.012537
-0.026495
0.051563
-0.000473
0.012531
-0.013478
0.012531
0.012530
-0.013476
-0.000473
0.012530
0.012528
0.038521
0.012521
-0.013468
0.012521
-0.000473
-0.000473
-0.013468
-0.026468
-0.000473
-0.013473
-0.013475
-0.000473
0.064517
-0.013468
0.012521
0.051488
-0.026451
-0.026457
0.012520
0.025507
-0.026454
-0.000473
-0.013466
-0.013468
-0.013470
-0.000473
-0.000473
0.012523
-0.000473
0.025514
-0.013466
0.012520
0.012518
-0.026457
-0.000473
-0.039462
-0.026474
-0.000473
-0.039488
0.012533
-0.052509
0.012538
0.012537
0.025541
0.025535
-0.013476
0.038531
-0.013473
0.025524
-0.000473
-0.000473
-0.000473
-0.000473
0.012523
-0.026468
0.012525
-0.013471
-0.000473
-0.039477
0.025531
-0.013475
0.025528
-0.000473
0.025521
-0.013470
-0.026471
-0.000473
-0.000473
0.025524
0.025518
0.025511
0.038490
-0.013459
-0.026451
0.012516
-0.000473
0.012515
-0.013461
0.025501
0.025494
-0.052415
0.168237
0.051380
0.038399
0.025433
-0.052293
0.129027
0.012468
0.038339
0.012461
-0.052220
0.038339
-0.065169
0.012469
-0.039306
-0.013421
0.025420
-0.181867
-0.026414
-0.078335
0.012508
-0.000473
-0.104369
-0.026464
0.051502
-0.026457
0.038500
-0.000473
0.064449
0.064407
-0.000473
0.064365
-0.026404
-0.039381
0.012498
-0.013444
0.051401
-0.000473
0.064331
0.038389
-0.000473
0.012478
0.012476
0.025420
-0.013419
-0.026370
-0.013424
-0.078214
0.051360
-0.013429
-0.013431
-0.000473
0.038394
-0.013428
-0.000473
-0.000473
-0.000473
-0.000473
-0.052307
-0.065303
0.025464
-0.052354
0.012499
0.025467
-0.000473
0.025460
-0.000473
-0.000473
0.064331
-0.013431
-0.013433
0.012486
-0.000473
-0.013433
-0.000473
-0.000473
0.012486
-0.000473
-0.000473
-0.013433
-0.000473
0.012486
0.012484
0.012483
0.012481
-0.000473
-0.000473
-0.013428
-0.000473
0.012481
-0.000473
-0.000473
-0.013428
-0.000473
-0.000473
-0.000473
0.012481
-0.000473
-0.013428
-0.000473
-0.000473
-0.000473
0.012481
-0.013428
-0.000473
0.051333
-0.000473
-0.000473
-0.000473
-0.000473
-0.013422
0.025423
-0.026370
0.012476
-0.000473
-0.000473
-0.000473
0.025420
0.025413
-0.000473
-0.013416
0.012469
-0.000473
0.012468
-0.000473
-0.000473
-0.013414
0.012468
-0.000473
0.012466
-0.039296
0.012469
-0.013416
0.012469
-0.000473
-0.000473
0.012468
-0.000473
-0.000473
-0.013414
-0.013416
-0.026363
-0.000473
-0.000473
0.012473
0.012471
-0.000473
-0.000473
0.012469
-0.013416
-0.000473
-0.013417
0.038354
-0.013414
-0.000473
0.025407
-0.000473
-0.000473
-0.013412
-0.013414
-0.000473
0.012468
-0.013414
-0.013416
0.012469
-0.013416
-0.013417
-0.000473
0.012471
0.012469
-0.013416
-0.000473
-0.000473
-0.000473
-0.000473
-0.000473
-0.000473
-0.000473
-0.026363
0.025417
0.115949
-0.000473
-0.026333
0.038314
0.012452
-0.013399
-0.000473
-0.000473
-0.026330
0.038309
-0.000473
-0.000473
0.012451
-0.000473
0.012449
-0.000473
-0.013396
-0.000473
0.012449
-0.039246
-0.039261
-0.013406
0.051246
-0.026330
0.025383
0.012452
-0.026326
-0.026333
-0.000473
-0.026340
-0.039286
-0.013414
0.025407
-0.104033
0.012478
-0.039331
0.025433
-0.013426
-0.000473
-0.013428
-0.000473
0.038384
0.012476
0.025420
0.038354
0.025403
-0.013411
-0.013412
-0.026357
0.012469
-0.000473
-0.000473
-0.000473
-0.013416
-0.000473
0.012469
-0.013416
-0.233725
-0.026424
-0.065379
-0.013459
0.012513
0.025494
0.025487
-0.000473
0.025481
-0.000473
-0.104329
0.025501
0.051455
0.129228
0.038404
0.025437
0.025430
0.154806
-0.078083
0.025403
-0.000473
-0.091071
0.012474
-0.039321
-0.181962
0.077348
0.051374
-0.052320
-0.026407
0.025460
0.051374
-0.000473
0.064298
-0.000473
-0.000473
0.025423
0.038359
-0.039306
0.025417
0.012469
-0.013416
0.051287
-0.000473
-0.000473
0.051260
0.012456
0.025380
-0.039256
-0.052206
0.012462
0.012461
-0.000473
-0.052220
0.090065
-0.026333
0.064164
-0.026323
-0.000473
-0.013401
-0.039266
0.038319
0.012454
0.064139
-0.013392
-0.039240
-0.026326
0.064147
-0.013394
0.012447
-0.026316
-0.052180
-0.013404
-0.000473
-0.026340
0.025393
0.064164
0.038289
-0.039235
-0.078043
0.064172
-0.026326
-0.000473
-0.000473
-0.000473
0.012454
0.012452
-0.000473
0.012451
-0.013397
0.012451
-0.013397
-0.013399
-0.000473
-0.013401
0.038304
-0.026323
-0.000473
0.012452
0.012451
-0.013397
0.012451
-0.000473
-0.013397
-0.013399
0.012452
-0.013399
-0.000473
-0.000473
-0.000473
-0.013401
-0.000473
-0.000473
-0.013402
-0.000473
-0.000473
-0.013404
0.012457
-0.013404
0.012457
-0.000473
0.012456
-0.026333
-0.000473
0.012457
-0.013404
-0.000473
0.012457
-0.000473
-0.000473
-0.013404
0.012457
-0.000473
0.012456
-0.000473
-0.000473
0.012454
-0.013401
0.012454
-0.000473
-0.000473
-0.000473
0.012452
-0.000473
-0.000473
-0.000473
-0.000473
0.012451
0.025370
-0.000473
-0.013394
-0.000473
-0.000473
-0.013396
0.012449
-0.000473
0.012447
-0.026316
0.012449
-0.000473
0.012447
-0.000473
-0.000473
-0.000473
-0.026316
0.025370
0.012446
-0.000473
-0.013392
-0.000473
0.012446
-0.000473
-0.000473
-0.000473
-0.013392
-0.026316
0.012449
0.012447
-0.026316
-0.013397
-0.013399
-0.013401
-0.000473
-0.013402
0.025383
-0.013401
-0.000473
-0.000473
-0.000473
-0.000473
-0.013402
0.025383
-0.013401
0.012454
-0.039261
0.012457
-0.000473
-0.013404
-0.013406
0.012459
0.025387
-0.000473
0.038304
-0.013397
-0.000473
0.025373
0.025366
-0.026313
0.012447
-0.026316
-0.013397
0.012451
-0.026323
-0.000473
-0.013401
0.012454
-0.013401
-0.013402
-0.013404
-0.000473
-0.000473
0.012457
0.038309
-0.013399
0.012452
-0.013399
-0.013401
-0.013402
0.025383
-0.000473
-0.000473
0.012452
-0.000473
-0.013399
0.012452
-0.013399
0.051220
-0.026316
-0.000473
-0.026323
-0.013401
0.012454
-0.000473
-0.000473
-0.000473
-0.000473
-0.013401
-0.000473
-0.013402
0.012456
-0.013402
0.038309
0.012451
-0.013397
-0.026326
0.012454
-0.000473
0.038299
-0.013396
-0.065110
0.128759
-0.013389
0.012442
0.025353
-0.039215
-0.065077
0.038294
0.012446
-0.026313
0.012447
-0.026316
-0.026323
0.012452
-0.026326
-0.116895
0.038349
0.012464
0.038329
-0.026340
-0.013409
0.051260
-0.013404
0.012457
-0.013404
END
