y[]
0.013179
0.013177
0.025014
0.001337
0.048674
-0.069678
0.048685
0.013170
0.036829
0.084103
0.084035
-0.010473
-0.022287
-0.010477
0.131214
0.001337
-0.057678
-0.022279
-0.010473
0.001337
-0.022287
0.013149
-0.022290
0.013151
0.013149
-0.069560
-0.069610
-0.010493
0.048646
-0.045973
-0.045995
0.060498
0.084103
-0.294574
0.155320
0.013172
0.025003
0.013168
-0.069669
0.131476
0.107688
0.107575
-0.034064
0.048534
-0.022259
-0.022265
0.060330
-0.010459
0.036720
-0.093047
0.048540
0.013134
-0.034059
-0.081303
0.013147
-0.116825
-0.057796
-0.081508
0.060519
0.001337
-0.034168
-0.022340
-0.034189
-0.069753
0.107953
0.013176
-0.069720
-0.022360
0.048724
0.072376
-0.010500
0.013173
0.060498
-0.069661
0.001337
-0.022340
0.025014
0.001337
0.025008
0.001337
0.072317
0.001337
0.013162
0.024983
0.072242
-0.022293
-0.034118
0.024975
-0.034122
-0.010486
-0.057796
0.060470
-0.010487
0.001337
-0.128818
0.048685
-0.010498
0.060498
-0.034156
0.013169
-0.010496
0.036829
0.036817
-0.010489
0.119526
-0.010476
-0.010477
0.001337
0.001337
-0.010479
0.001337
0.013152
0.024963
-0.010476
-0.022293
-0.010480
0.001337
0.024969
-0.034114
-0.010483
0.001337
0.013156
0.001337
0.001337
0.013155
0.024969
-0.010479
-0.010480
0.001337
0.001337
0.001337
0.001337
0.001337
-0.010482
0.013155
-0.010482
-0.022304
0.013158
0.001337
0.001337
-0.010484
-0.022310
0.013161
0.001337
-0.010487
-0.010489
0.001337
-0.010490
0.001337
0.001337
0.001337
0.013163
0.001337
0.001337
0.013162
0.013161
0.013159
-0.010486
0.013159
0.001337
-0.010486
0.001337
0.013159
0.013158
0.001337
0.001337
-0.010484
0.001337
0.001337
-0.022310
0.001337
0.024983
-0.022310
-0.010489
-0.069644
0.001337
0.048663
-0.022324
0.001337
0.013168
-0.010494
0.001337
0.013168
-0.022326
0.001337
0.013169
-0.010496
0.001337
0.001337
-0.034168
-0.010501
-0.069720
0.048713
0.001337
-0.010505
-0.010507
0.060540
-0.034181
0.025017
0.013175
-0.057866
0.013180
0.025019
0.036850
-0.046017
-0.010505
0.084201
0.001337
0.013169
0.013168
-0.069669
0.025011
0.001337
-0.034177
-0.022346
-0.105305
-0.069821
-0.081744
0.048820
-0.022402
-0.129328
-0.010550
0.060758
0.001337
-0.022428
-0.010548
0.060744
-0.058070
-0.069998
-0.034350
0.072697
0.013225
0.048876
-0.010546
-0.010548
-0.046214
0.060772
-0.058099
0.048888
-0.022436
0.072638
-0.069965
-0.034333
0.025118
0.025112
0.060751
-0.034308
-0.022433
-0.034329
0.025115
-0.058120
0.037015
0.084536
-0.046197
-0.070007
0.096450
0.001337
0.048860
0.025090
0.013211
-0.058049
0.072596
0.036947
-0.046147
0.025081
-0.058035
0.001337
0.025090
0.060694
0.096236
-0.034240
0.013197
-0.022385
-0.022391
-0.010529
0.036930
-0.046124
-0.046147
0.001337
-0.129359
-0.093822
0.262806
-0.117428
0.084487
0.096281
0.119890
0.013184
-0.057916
-0.010518
-0.093551
-0.153048
0.048865
0.060716
0.013208
-0.081794
-0.129437
-0.105787
0.167924
-0.034337
0.048899
-0.046226
-0.093856
0.037045
-0.141572
0.084725
0.084655
-0.046265
0.025141
-0.022467
-0.022473
0.001337
0.037049
0.013238
-0.058184
0.072757
-0.058177
-0.046299
-0.070160
-0.010584
-0.129889
-0.094209
0.061063
-0.034495
0.072987
0.001337
-0.082260
0.001337
0.001337
0.037173
0.013279
0.072961
0.072910
-0.070237
-0.058347
0.037151
0.037138
0.013268
-0.010594
0.060978
-0.034444
0.001337
-0.129967
0.001337
-0.046453
0.025234
0.049115
-0.010606
-0.034499
0.156533
0.096722
0.037083
0.037070
-0.022484
0.013248
-0.010574
-0.010576
0.013249
0.001337
0.013248
-0.022487
0.013249
0.025158
-0.010573
-0.010574
0.013248
-0.010574
0.001337
0.001337
0.037066
0.001337
-0.010572
-0.010573
0.001337
-0.058233
0.013254
0.013252
0.001337
0.013251
0.001337
-0.010577
0.025163
0.001337
-0.046322
0.001337
0.048995
0.025158
-0.022484
0.001337
0.013248
-0.010574
0.013248
0.001337
0.013246
-0.010573
0.001337
0.001337
0.025155
-0.010572
-0.022484
0.025158
-0.022484
0.001337
-0.010576
-0.022493
0.001337
-0.010580
0.001337
-0.010582
0.025172
-0.010580
0.013254
0.013252
0.001337
0.001337
0.001337
-0.010579
0.001337
-0.010580
-0.010582
0.001337
0.001337
0.001337
0.013255
0.013254
-0.010580
-0.010582
0.037087
-0.022496
-0.010582
0.001337
0.013255
-0.022501
0.013256
0.001337
-0.010583
0.013256
0.001337
0.001337
0.025172
0.001337
-0.010580
0.025169
-0.022496
0.001337
-0.010582
-0.010583
0.025175
0.013254
-0.034418
0.025175
0.025169
0.025163
-0.010576
-0.010577
-0.022496
-0.010582
0.013255
0.037083
0.001337
0.037070
0.084665
0.060814
-0.022450
-0.046254
-0.046277
0.013242
0.025143
-0.046282
0.013244
-0.010570
-0.058219
0.060892
0.001337
0.048956
-0.022470
0.013241
-0.046288
-0.046311
0.013251
0.001337
0.001337
0.025160
-0.022487
0.001337
0.025160
-0.022487
0.025160
-0.046316
-0.034418
-0.046356
-0.070245
-0.046413
-0.034491
0.025223
-0.046442
0.013283
0.049109
-0.058383
-0.034512
0.073021
-0.034499
0.037173
0.025220
-0.010604
0.037155
0.025209
0.049064
0.001337
0.001337
0.037117
-0.022515
-0.022521
0.001337
-0.058333
0.049075
-0.022530
-0.046413
-0.082280
0.049126
-0.022555
0.072996
-0.106171
0.013288
0.025234
0.049115
0.013278
-0.046436
-0.142118
-0.178272
0.049264
0.097122
0.073116
0.240228
-0.141930
0.037173
0.096836
0.060978
0.025183
0.096666
-0.105915
-0.129905
-0.106171
0.037185
0.084934
0.013273
-0.034478
0.061020
-0.022533
-0.106145
0.061063
-0.070339
0.025234
0.061056
-0.070331
0.001337
0.025232
0.001337
-0.070365
-0.082380
-0.010629
0.132876
-0.010614
0.096905
0.001337
0.001337
-0.034491
-0.034503
0.061063
0.025217
0.049081
-0.034469
-0.046425
-0.034499
0.013283
0.013282
0.037164
0.037151
0.037138
-0.070279
-0.010604
-0.010606
0.001337
-0.022552
0.013282
0.001337
0.072978
-0.022538
-0.022544
-0.082290
0.013288
-0.034521
0.013291
-0.046487
0.013295
0.025249
0.025243
-0.046482
0.025249
0.049144
-0.010613
-0.010614
0.049132
-0.022558
0.013285
-0.022561
0.001337
-0.058433
0.037203
0.037190
0.037177
-0.022555
-0.022561
-0.058433
0.013293
0.013292
0.049144
-0.034516
0.013289
0.001337
0.013288
-0.010614
0.013288
0.001337
0.001337
-0.010614
0.001337
0.013288
0.013286
-0.010613
-0.034521
0.001337
-0.010619
-0.010620
0.013293
-0.010620
-0.058468
0.001337
-0.010629
-0.010630
0.013303
0.013302
-0.034564
0.001337
-0.058526
0.001337
0.013312
-0.034594
0.073184
0.013306
-0.010633
0.025274
-0.034572
-0.010636
0.001337
0.025280
-0.022607
0.013309
-0.010636
0.001337
-0.010637
0.025283
0.013308
-0.010634
0.013308
0.025274
0.013303
0.001337
0.013302
0.025263
0.013298
0.013296
0.001337
0.001337
0.025252
0.001337
-0.010620
0.001337
0.001337
0.001337
0.013293
-0.034538
0.013296
0.001337
0.001337
0.001337
0.001337
-0.010623
0.001337
0.049166
0.013291
0.001337
0.013289
0.001337
0.013288
-0.034521
-0.010619
-0.022578
0.013295
-0.046504
-0.010627
0.025263
0.037215
0.049155
0.025237
-0.106261
0.108934
0.001337
0.037177
-0.046453
-0.010614
0.001337
-0.106287
-0.010629
0.061149
0.061113
0.025237
-0.094300
-0.058483
0.037233
0.061135
-0.046499
0.049172
0.001337
0.096939
-0.046453
0.001337
-0.058433
0.001337
-0.022581
0.037211
0.013292
0.013291
0.013289
0.001337
0.025237
-0.070382
-0.046504
0.001337
0.025260
END
