y[]
0.001684
-0.025508
0.028877
-0.025508
0.015282
0.001684
0.015280
0.015278
0.001684
0.015276
0.015274
-0.011905
0.028862
-0.025493
-0.011907
0.001684
-0.011909
-0.011911
0.001684
0.015280
-0.011911
0.001684
0.056054
0.001684
0.001684
0.042443
-0.025486
0.015270
-0.011902
0.015270
0.001684
0.015269
0.001684
0.042426
0.001684
-0.025475
0.055995
0.001684
0.055966
0.042376
-0.025442
-0.025449
0.015252
0.015250
-0.066163
0.015258
0.028825
-0.011885
-0.011887
-0.147721
-0.188792
0.042531
-0.011929
-0.080037
0.056173
0.028918
-0.066412
0.042548
0.028918
-0.093664
-0.339590
0.070032
-0.011981
0.015350
0.056329
-0.039296
0.042665
-0.093964
0.029022
-0.025653
-0.080372
0.070070
0.056359
0.151886
0.015328
-0.011959
0.042609
0.001684
0.015322
0.001684
0.056218
0.015313
-0.011944
0.001684
0.015313
0.083417
0.069744
0.028895
-0.039135
0.001684
0.015293
-0.025534
0.001684
0.001684
-0.052774
0.028918
0.069735
0.001684
-0.011922
-0.093612
0.042537
0.015298
-0.011929
-0.025549
0.028918
-0.025549
0.001684
0.015302
0.083350
-0.025530
0.028899
0.042492
-0.025519
0.028888
0.001684
-0.025519
0.015287
-0.011918
0.001684
-0.039135
0.001684
0.028899
0.001684
0.001684
0.001684
-0.052752
-0.011929
0.001684
0.015298
-0.011929
0.015298
-0.011929
0.001684
0.001684
0.015298
0.001684
0.015296
0.015295
0.015293
0.001684
0.015291
0.001684
0.001684
-0.025530
0.028899
-0.011922
0.015291
0.015289
0.028888
-0.011916
-0.011918
-0.011920
0.015289
0.015287
0.001684
0.001684
0.001684
0.001684
-0.011918
0.001684
-0.011920
0.001684
0.001684
0.001684
0.001684
0.001684
0.015289
0.001684
-0.011920
-0.011922
0.042498
-0.011918
0.015287
0.001684
-0.025523
-0.039140
0.028903
-0.011924
0.001684
-0.011926
-0.011927
0.015296
0.056114
0.028888
0.056069
0.069624
-0.025486
0.001684
0.056018
0.028840
0.042404
0.028821
0.001684
0.001684
-0.025453
-0.025460
0.001684
-0.011891
0.001684
-0.025471
0.001684
0.001684
0.001684
-0.011896
0.015265
-0.011896
0.028844
0.001684
0.001684
-0.066227
0.028855
-0.011900
0.015269
-0.011900
0.001684
0.015269
-0.025486
0.001684
0.015270
0.001684
-0.011902
0.015270
0.042431
-0.025478
-0.025486
0.028855
-0.025486
0.015270
-0.039079
-0.039096
0.028873
0.015276
0.001684
-0.025501
0.015278
-0.025504
-0.011913
-0.039118
0.056084
-0.025512
-0.039124
0.001684
0.056091
-0.011915
0.015283
-0.011915
-0.052730
0.001684
-0.025534
-0.025541
0.015298
0.001684
-0.066403
0.028925
0.028918
-0.025549
0.001684
0.069753
0.001684
-0.025538
0.015296
-0.011927
0.042515
0.001684
0.015291
-0.052752
0.042515
0.028895
0.015287
-0.025523
0.028892
-0.025523
-0.052752
0.001684
0.001684
0.001684
0.015296
0.015295
0.015293
0.001684
0.028895
0.001684
0.056084
0.028873
0.015276
-0.011907
0.001684
0.069624
0.056003
-0.039052
-0.039068
-0.039085
0.001684
-0.079904
0.042487
0.015282
0.015280
-0.093521
0.001684
0.110484
0.015276
-0.052693
-0.025515
-0.052737
-0.066384
0.042531
0.001684
0.042515
-0.052760
0.015298
0.028906
-0.039151
0.028910
-0.025541
0.028910
0.028903
-0.011924
0.028899
0.096877
0.028866
-0.011905
0.001684
0.001684
-0.011907
0.001684
0.028866
-0.011905
0.001684
0.015274
0.028858
-0.011902
0.028855
-0.052663
-0.039096
0.001684
-0.066320
0.015289
0.042487
0.015282
0.015280
0.028869
0.028862
-0.025493
-0.011907
0.028866
-0.066283
0.015282
0.015280
0.042459
0.028858
-0.011902
0.042437
0.015265
-0.025478
0.001684
-0.011900
0.028851
-0.039068
-0.039085
-0.025504
0.028873
-0.011909
0.042459
0.001684
0.028858
-0.052671
-0.011909
0.001684
0.001684
-0.011911
0.001684
0.056054
0.028858
-0.011902
0.001684
0.001684
0.056018
0.001684
0.028840
0.015259
0.042398
0.042382
-0.052582
-0.011887
0.001684
0.028825
0.028818
-0.025449
-0.011885
-0.011887
-0.025464
0.015259
-0.025467
0.001684
0.015261
0.028833
0.001684
0.015256
0.001684
0.001684
-0.106937
-0.175078
-0.011926
0.001684
-0.025541
0.015298
0.015296
0.001684
-0.011927
0.015296
0.001684
-0.011927
0.001684
-0.025545
0.001684
0.001684
-0.039174
-0.093716
-0.121107
0.015335
-0.052931
0.056299
-0.011967
-0.011968
-0.039285
0.069958
0.028981
-0.011963
0.001684
-0.011965
0.001684
0.001684
0.042626
-0.011961
0.015330
0.001684
0.015328
0.001684
0.001684
0.097137
0.015313
0.001684
0.001684
-0.039207
-0.052863
-0.011957
-0.025604
0.028973
0.015326
-0.025601
-0.025608
0.015332
0.015330
0.015328
0.028966
0.001684
0.001684
0.028958
0.015319
0.001684
-0.011950
-0.011952
0.001684
0.001684
-0.066524
0.015330
0.015328
0.042604
-0.011953
0.083484
0.056180
-0.052811
0.069800
0.056143
-0.011927
0.015296
-0.025541
0.015298
-0.066403
-0.052819
-0.066487
0.001684
0.015322
0.028955
0.001684
0.056203
0.001684
-0.039201
0.015315
-0.011946
0.001684
0.015315
-0.011946
0.015315
-0.025578
0.056203
0.001684
-0.025571
-0.011946
0.001684
-0.011948
-0.093794
0.042615
0.028962
0.001684
-0.025593
0.001684
-0.052893
-0.080238
0.042654
0.028988
0.028981
0.001684
0.042615
-0.011957
0.001684
0.028966
-0.011955
0.001684
0.015324
0.015322
0.001684
0.001684
0.028955
0.001684
-0.025586
0.015320
-0.025590
-0.025597
-0.162160
-0.052990
-0.011989
0.042699
0.001684
0.015352
0.042676
-0.230826
0.015377
-0.053095
0.070154
-0.012006
-0.107905
0.015390
-0.094291
-0.025754
0.083978
-0.053170
-0.053200
0.084000
-0.025747
-0.108115
-0.012049
-0.039527
0.001684
0.042896
0.138934
0.001684
-0.012032
-0.025754
-0.012038
0.056562
-0.053193
0.029127
-0.012036
-0.025762
-0.039499
0.029142
-0.080711
-0.080778
0.084147
0.111529
-0.012040
-0.053230
0.001684
-0.108236
0.042919
-0.039550
0.029176
-0.053306
0.015435
-0.039573
-0.080881
-0.067172
0.056773
-0.025856
0.029225
0.001684
0.042981
0.070474
-0.025826
-0.012074
-0.012075
0.042958
0.029191
0.084159
-0.012057
0.070370
-0.080744
0.015427
0.015425
0.001684
0.152711
-0.094397
0.056599
0.001684
0.111424
0.001684
0.029100
-0.012023
0.015392
0.001684
0.001684
0.029093
0.029085
-0.012015
-0.025720
-0.025728
0.001684
0.001684
-0.012025
0.029100
0.042794
0.001684
-0.025720
-0.025728
0.015392
0.029093
0.015386
-0.066842
0.056509
0.015386
0.015384
0.015382
0.015380
-0.012011
0.001684
0.015380
-0.025709
0.015382
-0.080530
0.029097
0.015388
0.001684
0.042783
0.001684
-0.025713
0.029082
0.001684
-0.025713
0.042778
0.056449
-0.012004
0.001684
0.015373
0.001684
-0.025694
0.001684
0.015375
0.042744
0.029048
0.001684
-0.011996
0.015365
0.001684
0.015363
-0.039358
-0.012000
0.001684
-0.039381
0.015375
0.029059
0.001684
-0.012002
0.015371
-0.039381
0.015375
0.015373
0.001684
-0.012004
-0.025698
-0.053103
-0.066842
-0.135509
0.001684
0.070304
-0.012036
-0.025762
0.015408
-0.012040
0.015408
0.001684
0.042845
0.042828
0.029104
0.001684
-0.012025
0.029100
0.001684
0.001684
0.001684
-0.012023
0.001684
0.056501
0.001684
-0.025720
0.001684
0.001684
-0.012021
0.029093
0.001684
0.001684
-0.012019
-0.012021
0.001684
0.001684
-0.025732
0.042806
0.001684
-0.080575
-0.080643
-0.039505
0.001684
-0.025784
-0.025792
-0.012057
0.015425
-0.053291
-0.039567
-0.012070
0.029191
-0.025822
0.001684
0.042941
0.056667
0.001684
-0.122069
0.029199
-0.025830
-0.039601
END
