y[]
0.011579
-0.000289
0.011577
-0.012155
-0.000289
-0.000289
-0.000289
-0.000289
-0.012156
0.011579
-0.012156
0.011579
-0.000289
-0.012156
0.023444
-0.012155
-0.000289
0.011577
-0.000289
-0.000289
-0.000289
-0.012155
-0.000289
-0.000289
-0.012156
-0.012157
0.011580
-0.000289
-0.000289
-0.000289
-0.000289
0.011579
-0.012156
-0.012157
-0.000289
-0.000289
0.011580
-0.012157
-0.000289
-0.000289
-0.012159
-0.000289
0.011581
0.011580
-0.024028
0.011581
0.011580
-0.000289
-0.000289
-0.012157
0.011580
-0.012157
-0.012159
-0.000289
0.023450
-0.012157
-0.000289
-0.012159
0.011581
-0.000289
-0.035903
0.011584
-0.024036
0.011586
-0.000289
-0.000289
-0.012163
-0.000289
-0.047800
-0.012170
-0.024056
0.011595
0.023475
0.011591
-0.059703
-0.000289
0.011597
0.011595
-0.024059
-0.059738
0.035385
0.023487
-0.012176
-0.000289
-0.035958
0.023492
-0.000289
-0.000289
-0.000289
0.023487
-0.035954
-0.000289
0.011601
-0.000289
-0.012179
0.011601
0.011600
-0.012177
-0.000289
-0.012179
0.011601
-0.012179
-0.012180
-0.012181
-0.000289
-0.000289
0.047274
-0.024067
0.011601
0.011600
-0.024067
-0.000289
0.011601
-0.012179
-0.024073
0.059161
-0.000289
-0.000289
0.023481
0.011594
-0.035942
0.023481
-0.035946
-0.000289
-0.000289
0.011598
-0.012176
0.035368
-0.012173
-0.024061
-0.012177
-0.000289
0.047257
-0.000289
0.059111
-0.047806
-0.059717
0.059140
-0.071607
-0.047863
-0.000289
0.047285
0.035377
-0.012176
-0.119237
0.035411
0.047291
0.035381
-0.012177
0.035372
-0.012174
0.035364
0.023473
-0.012169
-0.024053
0.035356
0.047217
-0.000289
0.023456
-0.012160
0.023453
-0.047778
-0.000289
-0.012165
0.011587
-0.000289
-0.059682
0.023473
-0.024050
-0.000289
-0.047829
-0.012177
0.023487
-0.012176
-0.012177
-0.000289
0.035372
0.023478
-0.012172
0.023475
0.011591
0.023467
0.011587
-0.059682
0.035351
-0.000289
-0.012167
0.023467
-0.000289
0.011587
-0.059682
-0.071607
0.023490
-0.012177
0.011600
-0.024067
-0.059759
0.011608
0.023501
-0.012183
0.035389
0.047262
0.035360
0.023470
0.035339
0.070928
0.023439
-0.035882
-0.000289
-0.000289
-0.024025
0.011580
-0.000289
0.023444
-0.012155
-0.000289
-0.000289
-0.024025
0.011580
-0.012157
-0.012159
-0.012160
-0.000289
-0.000289
-0.000289
0.011583
-0.012160
-0.000289
-0.000289
-0.012162
0.011584
0.011583
-0.000289
-0.000289
0.011581
0.011580
-0.000289
-0.035899
-0.000289
0.023453
-0.000289
-0.012159
0.011581
0.011580
-0.000289
-0.000289
-0.000289
-0.000289
-0.000289
-0.012157
0.011580
0.011579
-0.000289
-0.000289
-0.024025
-0.012159
0.011581
-0.000289
-0.024030
0.011583
-0.012160
0.023453
-0.000289
-0.000289
-0.012159
-0.000289
-0.000289
0.023450
-0.000289
-0.000289
-0.000289
-0.012157
0.011580
-0.000289
-0.012157
0.023447
-0.012156
0.011579
-0.012156
0.011579
0.011577
-0.012155
0.023442
-0.012153
0.011576
-0.012153
0.023439
-0.012152
-0.012153
0.023439
-0.000289
-0.012152
0.023436
-0.012150
0.011573
-0.012150
-0.024016
-0.000289
-0.000289
0.011576
-0.000289
-0.000289
0.011574
0.011573
-0.024014
-0.000289
-0.000289
-0.000289
0.011574
-0.000289
-0.012152
-0.012153
0.011576
0.023436
-0.024014
-0.000289
0.023436
0.011572
-0.024011
0.023433
-0.024011
-0.012152
0.011574
-0.000289
-0.071488
-0.024033
0.011584
-0.012162
0.047195
0.023444
-0.035891
0.011580
-0.000289
-0.012157
-0.012159
0.011581
-0.012159
-0.012160
-0.000289
0.011583
0.011581
-0.000289
-0.000289
0.011580
-0.000289
-0.000289
-0.000289
0.011579
0.011577
0.023439
-0.012152
-0.000289
-0.012153
0.023439
-0.012152
-0.000289
-0.000289
0.011574
-0.024016
-0.012155
-0.035895
0.023450
-0.000289
-0.012157
-0.024030
0.035322
-0.000289
-0.012157
0.011580
-0.012157
0.011580
0.011579
-0.000289
0.011577
-0.012155
0.011577
-0.035891
0.047178
0.011574
-0.012152
-0.059625
0.035317
-0.000289
0.011577
-0.047761
0.011581
0.094622
-0.035870
-0.035882
-0.071514
0.142111
-0.071463
0.130159
0.094476
-0.059506
0.011557
0.011556
-0.023980
-0.023985
0.047099
0.023397
0.118054
-0.023946
-0.000289
-0.000289
-0.059457
-0.023966
0.023388
-0.012127
0.011549
-0.023966
0.011550
-0.012128
-0.023971
0.011553
-0.225527
0.094610
-0.012146
0.035279
-0.000289
0.070810
-0.012135
-0.000289
-0.012136
-0.023988
0.047105
0.035242
-0.012131
0.070742
-0.047637
0.011550
0.011549
-0.071337
0.035242
0.011552
0.023388
-0.059492
-0.012134
0.058921
-0.000289
0.023385
0.023380
-0.012122
0.035208
0.011541
0.023366
0.011536
-0.000289
0.011535
0.046993
-0.083046
-0.059443
0.058865
-0.035777
-0.000289
0.035199
-0.000289
0.011538
-0.000289
0.023360
-0.012113
-0.023941
0.011538
-0.012115
-0.000289
-0.023946
-0.000289
0.011541
0.023366
-0.012115
-0.000289
0.011538
-0.012115
-0.000289
-0.000289
-0.012117
-0.047615
0.011545
-0.023957
-0.012125
0.023383
0.011545
-0.000289
0.011543
-0.000289
-0.000289
0.011542
-0.000289
-0.000289
0.023369
-0.023946
-0.012120
-0.000289
-0.000289
-0.000289
-0.000289
0.011542
-0.000289
0.011541
-0.000289
-0.000289
0.011539
-0.035777
-0.012121
-0.012122
-0.000289
-0.000289
-0.012124
-0.012125
0.035216
-0.000289
-0.012122
0.011545
-0.012122
0.011545
-0.000289
-0.000289
-0.000289
-0.000289
-0.000289
0.011543
-0.000289
-0.000289
-0.012121
0.011543
-0.000289
-0.000289
-0.000289
-0.000289
-0.012121
0.011543
-0.000289
-0.000289
-0.000289
-0.000289
0.011542
-0.012120
-0.000289
0.011542
-0.000289
-0.012120
0.011542
0.035195
-0.000289
-0.000289
-0.023943
-0.000289
-0.000289
-0.023949
0.011542
-0.023952
-0.023957
-0.000289
-0.000289
-0.012125
0.011548
-0.023963
-0.012128
0.023388
-0.000289
-0.000289
0.035216
0.011543
-0.000289
0.011542
-0.000289
0.011541
-0.000289
-0.012118
-0.000289
-0.035785
-0.012124
0.047043
-0.023952
-0.000289
-0.012122
-0.023960
-0.023966
-0.012129
0.011552
0.011550
-0.023969
-0.000289
0.035229
-0.023966
0.011550
0.023385
0.011546
-0.012124
-0.012125
-0.012127
0.011549
-0.012127
-0.000289
-0.035811
0.035233
-0.023969
-0.000289
-0.000289
-0.023974
0.035237
-0.000289
-0.000289
-0.047660
0.023399
-0.012132
0.023397
-0.023974
0.011555
0.023394
0.023388
-0.000289
-0.012127
0.011549
-0.000289
0.011548
-0.023963
-0.012128
-0.012129
0.023391
-0.000289
-0.012128
-0.000289
0.011550
0.011549
-0.012127
0.011549
0.011548
-0.035802
-0.012129
0.035229
-0.023966
-0.083203
0.047099
-0.071379
0.035263
0.011559
0.023402
0.023397
-0.035819
0.023399
-0.012132
0.011555
0.058907
-0.012125
0.011548
-0.035802
-0.012129
-0.012131
0.023394
0.035225
0.023380
-0.012122
0.035208
-0.023952
0.047032
-0.023946
0.011541
-0.000289
0.011539
-0.023946
0.011541
-0.012118
-0.000289
0.023369
0.011538
-0.000289
-0.000289
0.023360
-0.035764
0.023363
0.011535
0.023355
0.046981
0.046959
-0.023910
0.023332
-0.012099
-0.000289
-0.059359
-0.000289
0.011528
-0.047565
-0.012111
-0.035764
-0.166008
0.035246
-0.035823
0.035246
-0.095076
-0.012143
0.047121
-0.012139
0.011562
-0.023991
0.011563
0.023411
0.011559
0.070768
-0.023969
-0.000289
-0.023974
-0.023980
0.023402
0.011555
0.011553
-0.012131
-0.000289
-0.000289
-0.012132
0.011555
-0.023977
-0.023983
-0.000289
0.023405
-0.012135
0.011557
-0.000289
0.011556
-0.012134
-0.000289
-0.012135
-0.023985
0.023408
-0.000289
0.011557
-0.023983
-0.000289
0.023405
0.011556
0.011555
-0.012132
0.011555
-0.012132
-0.000289
-0.000289
-0.000289
0.011555
-0.000289
END
