y[]
-0.096664
0.014595
0.030486
-0.001305
-0.001305
-0.001305
-0.017199
-0.001305
-0.001305
-0.001305
0.014590
-0.001305
-0.001305
-0.001305
-0.001305
-0.001305
-0.017199
0.014590
0.014587
-0.017197
-0.001305
-0.001305
-0.033096
-0.017204
-0.001305
-0.001305
0.030492
-0.001305
-0.033101
0.014595
-0.064918
-0.033127
0.030517
0.030507
-0.017210
0.078193
0.046363
-0.033081
-0.001305
0.093994
-0.017182
-0.017184
-0.033071
-0.001305
-0.033081
0.014584
-0.017194
0.062238
-0.001305
-0.001305
-0.001305
-0.001305
0.093933
-0.017172
-0.017174
0.030431
-0.001305
0.014559
0.014557
-0.048898
0.014562
0.014559
0.014557
-0.017167
-0.033036
-0.001305
0.014562
-0.017172
-0.001305
-0.001305
-0.017174
0.014564
0.014562
0.014559
-0.033036
0.014562
-0.033041
0.014564
0.014562
-0.001305
-0.017172
-0.001305
0.014562
-0.033041
-0.001305
-0.048928
-0.017184
0.014574
0.014572
-0.001305
-0.017182
-0.033066
0.046333
-0.033061
0.078066
-0.017174
-0.001305
0.046295
0.014557
-0.001305
-0.033031
-0.048913
0.014567
-0.017177
0.014567
-0.080689
0.078079
0.014564
-0.017174
-0.017177
0.014567
-0.048928
0.078054
-0.048913
-0.001305
0.046303
0.030421
0.030411
-0.017162
-0.001305
0.046257
-0.017157
0.030396
-0.017154
0.030391
0.014539
-0.017149
-0.017152
-0.001305
0.030386
0.014537
-0.001305
-0.017147
-0.032996
0.030386
-0.017149
-0.017152
0.046227
0.030371
0.014529
0.030356
-0.048800
0.109481
-0.017124
-0.017126
0.014517
0.014514
-0.001305
-0.032946
0.046152
-0.048762
0.030336
0.030326
-0.001305
0.014507
0.030311
0.014499
-0.048725
-0.064566
0.046145
-0.080400
0.030341
-0.001305
0.014514
-0.080425
-0.064646
0.046205
0.030356
-0.175562
0.157123
-0.001305
0.093632
0.030321
-0.001305
0.014504
0.156648
-0.017089
-0.001305
0.077591
-0.017079
0.030241
0.014464
-0.017074
-0.048627
0.030246
-0.032856
-0.032866
0.109114
-0.048612
-0.001305
-0.064416
-0.048665
0.046055
-0.017089
0.046040
-0.064436
-0.017094
0.061836
-0.001305
-0.001305
0.061796
-0.001305
0.014464
-0.032846
-0.001305
0.077528
0.030211
-0.001305
-0.001305
-0.017062
-0.001305
-0.001305
0.030206
0.014447
0.030191
-0.017052
-0.048560
-0.001305
-0.048583
-0.032836
-0.001305
-0.032846
-0.064416
-0.080250
-0.064506
-0.080363
0.046137
-0.127867
0.030351
0.014519
0.061966
0.014507
0.030311
-0.127827
0.077790
0.014507
0.046115
-0.001305
-0.048725
0.014504
-0.017114
0.014504
-0.017114
-0.032931
0.014509
0.046122
-0.032921
-0.001305
0.030311
-0.032921
-0.001305
-0.001305
0.014504
0.014502
-0.001305
-0.017111
-0.001305
-0.017114
-0.017116
-0.001305
-0.017119
-0.001305
-0.017121
-0.017124
0.030331
-0.001305
-0.032941
-0.017126
-0.032956
-0.017134
0.014524
-0.001305
-0.017134
0.014524
0.046167
-0.001305
0.030331
-0.001305
-0.017121
-0.032946
0.093587
0.014502
0.014499
-0.001305
0.014497
-0.001305
-0.001305
-0.017106
0.014497
-0.001305
0.014494
-0.064516
-0.048740
-0.143744
-0.048830
-0.001305
0.077890
-0.048815
0.014534
0.014532
-0.001305
-0.032981
-0.017147
-0.001305
-0.001305
0.046212
-0.064666
-0.001305
-0.001305
-0.033001
-0.001305
0.014544
-0.017154
0.014544
0.030386
0.030376
-0.032986
0.014537
-0.001305
0.030371
-0.032981
-0.001305
0.030371
-0.001305
-0.017142
-0.032986
-0.001305
-0.017149
0.030381
0.014534
-0.001305
0.014532
0.014529
-0.017139
-0.001305
0.014529
0.062006
-0.001305
0.014517
0.030331
0.030321
-0.017116
-0.001305
-0.001305
-0.064576
-0.001305
-0.032956
-0.096317
-0.001305
0.030376
0.030366
-0.048815
-0.017147
0.030376
-0.001305
-0.017144
-0.001305
0.014534
0.030366
-0.032976
-0.048830
-0.048852
0.014547
-0.001305
-0.033011
-0.033021
0.014554
0.014552
-0.017162
0.014552
0.030401
-0.048867
0.062107
-0.017154
0.014544
-0.017154
-0.033011
0.014549
0.014547
-0.001305
-0.017157
-0.001305
-0.080601
0.046280
0.030406
0.014547
-0.017157
0.030396
0.014542
0.077890
-0.096347
0.014542
-0.017152
-0.001305
0.014542
0.030381
-0.064686
0.014544
-0.001305
0.014542
0.030381
-0.017147
-0.096407
-0.001305
0.014552
-0.001305
0.062097
-0.001305
0.030381
-0.017147
0.093707
-0.032966
0.046182
-0.001305
-0.159683
0.014544
0.093737
0.109463
-0.096242
-0.048807
-0.191540
0.014562
0.046280
-0.001305
0.014552
0.046250
-0.033006
-0.112337
0.062157
0.030411
-0.033021
0.062117
-0.033011
-0.017162
0.030406
-0.112337
-0.017177
-0.096588
0.014582
0.030461
0.030451
-0.064827
0.014579
-0.017189
0.046341
-0.033066
0.014577
-0.033071
0.093963
0.014564
-0.033046
0.046303
0.014559
0.077978
-0.001305
0.030391
-0.033001
0.062076
-0.017147
0.014537
-0.032991
0.030381
-0.017147
-0.032996
0.014542
-0.017152
-0.033006
0.046242
0.030381
0.014534
-0.001305
0.077853
0.014519
-0.001305
-0.001305
-0.001305
0.077778
-0.032931
-0.017121
-0.096257
-0.032976
-0.017144
-0.096392
-0.001305
-0.017162
0.046257
-0.001305
-0.001305
0.014544
-0.033006
-0.017159
0.014549
-0.001305
-0.017159
-0.001305
-0.033021
-0.033031
0.014559
-0.001305
-0.001305
-0.001305
-0.001305
-0.017169
0.014559
0.014557
-0.017167
-0.017169
-0.017172
-0.001305
-0.017174
0.014564
0.014562
-0.001305
-0.001305
-0.048913
-0.017179
-0.001305
-0.064827
0.014579
0.014577
0.014574
-0.001305
0.014572
0.030441
-0.033051
0.030441
-0.001305
0.046295
-0.001305
-0.001305
-0.001305
-0.001305
0.014557
-0.033031
0.014559
0.014557
-0.017167
0.030416
0.046257
-0.017157
-0.017159
0.014549
-0.017159
-0.001305
-0.017162
-0.001305
-0.017164
-0.033031
-0.001305
-0.033041
0.014564
0.014562
-0.001305
-0.001305
0.014559
-0.017169
-0.001305
0.014559
-0.001305
-0.001305
-0.001305
-0.017169
0.014559
-0.001305
-0.017169
0.014559
-0.017169
-0.017172
0.014562
0.030421
-0.033031
0.014559
-0.001305
-0.033036
-0.001305
0.030426
-0.017169
-0.033041
0.046295
0.077978
0.014544
0.030386
0.030376
-0.017144
-0.048837
0.046227
-0.001305
-0.017147
-0.032996
0.030386
0.046212
0.109481
0.030326
-0.001305
0.014507
0.030311
-0.017111
-0.048740
-0.001305
0.014509
-0.017119
-0.001305
0.014509
0.030316
-0.017114
0.014504
-0.001305
-0.017114
-0.001305
-0.001305
0.014504
-0.017114
0.014504
-0.001305
-0.001305
-0.001305
-0.048740
0.014509
0.014507
-0.032931
-0.017121
-0.001305
-0.032946
0.030336
-0.017124
0.030331
-0.017121
0.030326
-0.001305
-0.001305
-0.001305
-0.017119
-0.017121
0.030326
-0.001305
0.030316
-0.017114
-0.017116
0.077728
-0.032911
-0.032921
0.046115
0.014497
-0.001305
0.014494
0.014492
-0.048702
0.030296
-0.017104
-0.064526
0.030311
0.014499
-0.032916
-0.001305
0.014502
0.046100
-0.001305
-0.001305
-0.017104
-0.001305
-0.143609
0.014517
0.046145
0.046122
0.030301
0.172347
0.030236
-0.032846
0.046002
0.030221
-0.017067
0.030216
-0.017064
0.030211
-0.001305
-0.017062
-0.017064
-0.032831
-0.001305
0.045980
0.014452
-0.017062
-0.048590
0.045980
-0.017064
0.014454
0.077454
0.045921
0.030166
-0.001305
0.030156
-0.001305
0.045869
0.014415
-0.032747
-0.001305
-0.064218
0.014427
-0.001305
-0.017037
0.014427
0.014425
-0.001305
0.014422
0.045861
0.045839
0.014405
0.014402
-0.017012
0.030107
-0.079853
-0.001305
0.030122
-0.017017
0.030117
-0.017015
-0.001305
-0.017017
-0.032737
-0.111394
-0.017042
0.030166
-0.017039
0.030161
0.077318
-0.032747
-0.017029
-0.111446
0.045913
-0.017042
-0.080027
0.077417
0.014432
0.014429
-0.001305
0.014427
-0.001305
-0.017037
-0.001305
END
