y[]
-0.001878
-0.001878
-0.001878
-0.014819
-0.027765
0.011066
0.011064
0.011063
0.011061
0.011059
0.011058
-0.014814
-0.040695
0.024002
-0.027758
-0.001878
0.011063
0.011061
-0.001878
-0.014817
-0.027761
-0.014822
0.011066
-0.014822
-0.001878
0.036949
-0.001878
-0.027761
0.011064
-0.001878
0.049875
0.011056
-0.053624
-0.040705
0.011066
-0.014822
-0.014824
-0.001878
0.011068
-0.001878
-0.001878
-0.001878
0.011066
-0.001878
0.011064
-0.014820
0.011064
-0.001878
-0.014820
0.011064
-0.001878
0.011063
-0.001878
-0.014819
-0.001878
-0.001878
-0.001878
0.011063
-0.027761
0.011064
0.011063
0.011061
-0.014817
-0.001878
0.011061
0.011059
-0.001878
0.023992
0.049842
0.036894
-0.001878
-0.014800
0.011044
-0.001878
-0.027724
0.011046
0.011044
0.062709
-0.001878
0.036854
0.036839
-0.014782
-0.001878
-0.014784
0.023932
0.011024
0.023922
-0.001878
-0.014777
-0.014779
-0.014780
0.011024
0.049715
-0.014774
-0.001878
-0.014775
-0.027678
-0.014780
-0.001878
0.023925
-0.001878
-0.040585
0.011026
0.011024
-0.027684
0.011026
-0.040595
0.023935
-0.027691
0.049742
-0.001878
-0.001878
-0.014780
0.011024
0.011023
-0.001878
0.036814
-0.001878
0.049688
0.023895
-0.001878
0.011006
-0.053424
0.011011
-0.014767
-0.053451
-0.001878
0.049695
-0.001878
-0.014769
0.023902
-0.014767
0.023899
0.011008
-0.092113
0.049695
-0.040555
0.011016
-0.053464
-0.027681
-0.001878
-0.040595
-0.001878
-0.066440
0.011038
0.036859
0.011031
-0.001878
0.101335
-0.027671
-0.027678
-0.053498
-0.014787
-0.066448
0.023955
-0.014794
-0.079407
0.127304
-0.014789
0.036849
0.023932
0.023925
0.011021
-0.027678
0.075501
0.152701
0.113900
-0.079048
-0.001878
0.023852
0.075273
-0.066166
-0.014741
0.010985
-0.040471
-0.014746
-0.079118
0.036749
-0.053385
0.036754
0.023869
-0.001878
-0.014750
0.049602
-0.027615
0.010991
-0.001878
0.010990
-0.001878
-0.053358
0.023865
-0.001878
0.036725
0.010986
-0.001878
-0.014742
-0.001878
-0.027611
-0.053365
-0.001878
-0.014754
-0.014755
0.010999
0.036744
-0.014750
-0.040505
0.036749
-0.040505
0.036749
-0.027628
-0.001878
0.062484
-0.053365
-0.001878
0.010996
0.036735
0.010990
0.023852
0.049562
-0.001878
-0.001878
0.036685
-0.001878
0.023822
0.023816
-0.014724
-0.001878
-0.001878
-0.001878
0.010968
-0.040421
0.010971
-0.040431
-0.014732
0.023829
-0.014731
-0.014732
0.010976
-0.027588
0.010978
-0.001878
-0.001878
-0.001878
-0.001878
-0.001878
0.010976
-0.001878
-0.001878
-0.014732
-0.014734
-0.001878
0.010978
-0.014734
-0.001878
-0.040456
0.010983
-0.014739
-0.027605
-0.001878
0.023849
-0.027605
0.023849
0.010983
-0.001878
0.010981
-0.027598
-0.001878
-0.001878
-0.001878
0.023842
-0.001878
0.010980
0.010978
-0.001878
-0.001878
0.010976
-0.014732
0.010976
-0.001878
-0.001878
0.010975
-0.001878
-0.001878
-0.027585
0.023829
-0.014731
-0.014732
0.023829
-0.001878
-0.001878
0.010973
-0.027582
0.023826
-0.001878
-0.001878
-0.014729
-0.001878
-0.014731
0.010975
-0.014731
0.010975
-0.001878
-0.040441
0.010978
-0.001878
-0.001878
0.010976
-0.001878
0.023826
-0.001878
-0.014729
0.036670
-0.014726
0.010970
-0.040426
-0.066158
0.010981
-0.001878
-0.014737
-0.001878
0.010981
-0.040461
-0.040476
-0.001878
0.036720
-0.014742
-0.014744
0.036715
-0.027605
-0.014744
0.101003
-0.040446
-0.014737
-0.027601
-0.001878
0.075273
-0.066166
-0.040471
-0.001878
-0.001878
0.010988
-0.001878
0.036710
0.036695
-0.040451
0.010981
-0.027598
-0.001878
-0.014741
-0.001878
0.010985
-0.001878
-0.014741
-0.040476
-0.001878
-0.014747
0.088172
-0.014737
0.023839
0.036685
-0.001878
0.062360
0.049483
-0.001878
0.023793
-0.014712
-0.001878
-0.040391
0.036635
-0.027552
0.010960
-0.001878
-0.053239
0.010965
0.010963
-0.014719
0.023803
-0.001878
0.010960
-0.014716
-0.014717
0.036635
-0.117463
0.049509
-0.014722
-0.053272
-0.053298
-0.079058
0.049582
0.023842
0.010980
-0.001878
0.023832
-0.001878
-0.014732
0.049529
0.049503
-0.066108
0.062352
-0.053259
0.036660
-0.040416
-0.066141
0.100923
0.010965
0.036640
0.023793
-0.014712
0.036621
-0.014709
-0.066059
-0.001878
0.023799
0.036626
0.023783
0.010950
-0.027535
-0.027542
-0.001878
0.010955
-0.001878
-0.001878
0.062262
-0.027529
0.010948
-0.027532
-0.014708
0.023779
-0.014706
0.023776
-0.001878
0.036591
-0.040347
-0.001878
-0.001878
0.075045
0.036561
-0.053134
-0.027516
-0.040347
0.010947
-0.040357
0.023776
0.010947
-0.027529
0.023773
-0.053186
0.036606
0.010947
0.049404
-0.014696
-0.027519
-0.001878
-0.001878
0.010943
0.023760
-0.014696
-0.001878
0.010940
0.010938
-0.027512
0.010940
-0.014696
0.023756
0.049371
0.074947
-0.001878
0.010920
-0.001878
0.023714
0.010915
-0.014671
-0.001878
-0.001878
0.023707
-0.001878
-0.001878
-0.053055
-0.001878
0.023714
-0.014673
-0.001878
-0.014675
-0.001878
-0.001878
-0.001878
-0.027476
-0.001878
0.010922
-0.001878
-0.001878
-0.001878
-0.001878
-0.014678
-0.014680
-0.001878
-0.001878
-0.014681
-0.001878
-0.001878
-0.001878
0.010925
-0.001878
-0.014681
-0.014683
-0.014685
0.010929
-0.001878
0.010927
-0.014683
0.010927
-0.014683
0.010927
0.010925
0.023724
-0.001878
-0.014678
-0.014680
0.023724
-0.014678
-0.001878
-0.014680
0.010924
0.010922
-0.001878
-0.014678
0.010922
-0.014678
-0.014680
-0.014681
0.010925
-0.027486
0.023730
-0.001878
-0.001878
0.010924
0.010922
0.010920
-0.001878
0.010919
-0.001878
-0.014675
-0.001878
0.010919
0.010917
-0.014673
-0.001878
-0.001878
-0.014675
0.010919
-0.014675
-0.027476
0.023720
-0.001878
-0.014676
0.010920
-0.014676
-0.014678
0.010922
-0.014678
-0.014680
0.010924
0.010922
-0.001878
0.010920
-0.001878
-0.001878
-0.014676
-0.001878
-0.001878
-0.014678
0.010922
0.010920
-0.014676
0.023717
0.036502
-0.001878
0.023701
-0.014667
0.010911
-0.027457
-0.014670
0.023704
-0.001878
-0.001878
0.023697
-0.001878
0.010907
0.010906
0.087562
0.049195
-0.065723
0.023665
0.023658
0.023652
-0.014642
-0.014644
-0.014645
-0.001878
-0.014647
0.023658
-0.001878
0.010888
-0.001878
-0.014644
-0.001878
-0.001878
-0.027414
0.010891
-0.014647
-0.001878
0.023658
0.010888
-0.001878
0.010886
-0.001878
-0.014642
0.010886
-0.001878
-0.027408
0.010888
-0.001878
-0.052951
0.010893
-0.014649
-0.001878
0.023662
-0.001878
-0.001878
-0.014647
0.023658
-0.001878
-0.014645
0.010889
0.010888
-0.040180
-0.014649
-0.014650
0.036434
0.010889
-0.014645
-0.014647
0.061950
-0.014640
-0.078487
-0.001878
0.074731
-0.001878
0.036404
-0.001878
-0.040160
0.036404
0.010880
0.023632
-0.001878
-0.308431
-0.104271
-0.502553
0.268028
-0.104613
0.280391
-0.142913
-0.053213
-0.130330
-0.053305
0.126640
0.023806
-0.246141
-0.143567
0.062551
0.139720
-0.066216
-0.027625
0.101069
0.100963
-0.027578
0.100884
-0.066092
0.010968
-0.053272
-0.066158
0.113796
-0.001878
-0.027572
-0.001878
-0.053285
-0.040451
0.062402
-0.066158
-0.079068
0.062451
0.010983
0.062402
-0.001878
0.088044
0.152087
-0.027522
0.049404
0.023753
-0.027509
-0.053160
-0.014703
0.023770
-0.027526
-0.001878
-0.040362
0.010952
0.113514
-0.040327
-0.001878
0.126229
-0.065911
0.062155
-0.027486
0.023730
0.023724
0.010920
-0.001878
-0.014676
-0.027480
-0.001878
0.036522
-0.001878
0.010919
0.279236
0.087402
-0.103919
0.010883
-0.001878
-0.052931
0.010888
0.036409
-0.014639
0.010883
-0.027401
0.010884
-0.001878
-0.001878
-0.001878
END
