y[]
-0.012459
-0.054747
0.015728
-0.012467
-0.040674
-0.012475
0.043940
-0.012471
0.001630
-0.012473
0.029835
-0.026575
0.015734
0.015732
0.058016
0.100229
0.015708
0.071988
-0.082805
0.029783
0.001630
0.057913
-0.054652
-0.026523
0.071998
0.029764
0.015694
-0.026499
0.085995
0.128044
0.029700
0.015662
-0.068550
-0.026456
-0.012416
-0.040519
0.043780
-0.082687
-0.054621
-0.040579
0.029772
-0.026511
0.001630
-0.082841
-0.012455
0.015716
0.212675
-0.195331
-0.252177
0.128614
-0.068897
-0.295127
-0.083320
-0.140113
-0.182937
-0.041011
0.001630
0.186276
0.072557
-0.026735
-0.097710
-0.083597
-0.154809
-0.041077
-0.098092
0.015882
-0.041132
0.044393
-0.012622
-0.069661
-0.083986
-0.041205
-0.169896
0.073135
0.001630
-0.127116
0.158964
0.058781
0.015913
-0.012652
-0.026941
0.044484
-0.141288
-0.112852
0.001630
0.001630
-0.127319
-0.055734
0.044656
-0.156223
0.059060
-0.213903
0.159733
-0.055833
0.116523
0.001630
0.102053
-0.084441
0.044675
-0.141924
0.030358
-0.084577
-0.027122
-0.113461
-0.012765
0.016026
0.102342
-0.041520
-0.041538
0.131080
-0.055882
-0.012753
-0.199954
0.073671
0.073619
-0.055957
-0.055990
-0.113710
0.044898
0.059292
-0.012782
0.116871
0.030420
-0.012763
-0.012765
0.016026
-0.012765
0.059201
-0.027151
0.030411
0.016018
0.001630
0.059159
-0.012749
0.044762
0.001630
-0.027122
0.044755
-0.041495
0.016007
-0.012747
-0.070286
0.030403
-0.012755
0.001630
0.016016
0.044774
0.059126
0.030366
-0.027105
0.001630
0.001630
0.030366
-0.041476
-0.070255
0.044768
0.030378
0.044737
0.001630
0.030358
0.059060
0.001630
-0.055800
0.044706
-0.012726
-0.027089
-0.084577
0.001630
-0.027122
0.030382
0.030374
0.015999
0.001630
-0.098995
0.044768
0.044749
-0.055866
0.001630
-0.055899
0.001630
0.030399
0.016011
0.016009
0.001630
0.030382
-0.012745
0.030378
-0.055874
0.016009
0.030382
0.073474
0.001630
0.015993
0.001630
-0.012732
-0.041470
0.030366
0.001630
0.015995
-0.027101
-0.041482
-0.041501
-0.127875
-0.012770
-0.070400
0.030449
0.073640
0.059201
0.016018
-0.027147
0.059176
0.044768
0.016005
-0.041501
0.044762
0.030374
-0.041489
0.001630
0.044749
-0.027114
-0.027122
0.030382
0.073474
0.015993
0.001630
-0.012732
-0.012734
0.001630
-0.012737
0.015997
0.030358
0.001630
0.073413
-0.027077
-0.012726
-0.012728
0.044700
-0.055800
0.015991
0.073402
0.044669
0.015972
-0.084453
0.015983
0.001630
0.015981
-0.055783
0.001630
-0.012728
-0.041458
-0.084601
0.001630
-0.027130
-0.012753
0.001630
0.001630
0.016014
0.059143
-0.084651
0.044780
0.016009
0.073495
-0.041482
0.059110
-0.027105
-0.041489
0.044749
0.001630
-0.041489
0.016005
0.016003
-0.012743
-0.055882
0.001630
-0.027138
0.087912
0.016003
0.087825
0.087751
0.001630
0.059003
0.030304
-0.012706
-0.084428
0.130690
0.015960
0.044607
-0.055676
0.058937
-0.041347
-0.055701
0.101938
-0.055676
-0.012702
-0.199231
0.001630
0.216823
0.130524
-0.112934
0.116194
-0.026998
-0.199000
0.058994
0.173525
-0.026998
-0.055652
-0.084354
-0.027048
0.044644
0.216422
-0.084231
-0.012687
-0.041334
0.044595
0.101809
-0.012675
0.030238
0.015931
0.087394
0.087320
-0.112639
0.044497
0.001630
0.087308
-0.069763
0.001630
0.044472
0.015907
-0.012646
0.030181
0.030173
-0.041187
-0.126932
0.044503
0.044484
0.044466
-0.084060
0.030202
-0.041230
-0.155681
-0.112934
0.073248
0.116112
-0.026978
0.044539
0.030226
0.001630
0.030218
0.101623
-0.069783
-0.012659
0.073054
0.015909
-0.012648
-0.012650
-0.126987
-0.069895
0.116047
0.073074
-0.026941
0.030202
-0.069814
-0.055562
-0.127171
-0.098663
0.087602
0.015952
-0.055668
-0.012699
0.015960
-0.027031
-0.012704
-0.027044
0.001630
0.058970
0.073258
-0.069998
0.015960
0.015958
0.015956
0.015954
0.001630
0.015952
-0.012691
0.015952
-0.055668
-0.041365
-0.070070
0.087664
-0.027039
-0.041390
0.015972
0.058978
-0.012704
0.044626
-0.070039
-0.027052
0.044650
0.015966
0.001630
0.001630
-0.027044
0.015968
-0.012708
-0.012710
-0.027056
0.030316
-0.070101
-0.070152
0.001630
-0.084577
0.001630
-0.027122
0.001630
-0.070286
0.059168
0.030387
-0.041507
-0.012753
0.016014
0.016011
0.001630
0.016009
0.001630
0.016007
0.059118
0.015997
0.044718
-0.070193
-0.084626
0.059143
-0.012745
0.016005
-0.012745
0.044749
0.044731
-0.027101
-0.027110
0.030370
0.030362
-0.012734
-0.041476
-0.012743
0.059110
-0.041476
0.016001
-0.012741
0.016001
0.001630
0.001630
-0.012741
0.044737
-0.012737
0.015997
0.015995
0.001630
0.015993
-0.012732
-0.041470
0.030366
0.001630
-0.070224
0.044749
0.059093
-0.012732
-0.012734
0.015995
0.015993
0.001630
0.030349
-0.041452
-0.084589
0.102212
0.073413
0.015981
0.059011
0.001630
0.001630
0.044644
-0.012706
-0.055734
-0.027064
0.030325
0.058994
0.030300
-0.012704
0.015964
-0.041377
0.001630
-0.012710
0.001630
-0.070101
0.015981
0.015978
0.044663
-0.041402
0.044663
-0.027056
0.058994
-0.098779
0.015981
-0.041427
0.001630
-0.055808
0.044712
-0.055816
0.001630
-0.012737
0.059085
0.044700
0.015983
-0.027077
-0.055808
-0.070214
0.102198
0.015989
0.001630
-0.027089
0.030349
-0.084552
0.015999
-0.055858
-0.027126
0.001630
0.001630
-0.012751
0.001630
-0.185514
0.044849
0.001630
0.102400
0.073547
0.174019
-0.012724
0.030337
0.030329
0.030321
-0.012714
-0.012716
0.102010
0.073269
-0.156042
-0.127559
0.059068
-0.055808
0.317133
-0.227728
-0.170734
-0.257475
0.059267
0.145577
0.059151
-0.027126
-0.099082
0.102342
-0.127875
-0.055982
0.073640
0.059201
0.016018
0.274599
-0.012718
-0.012720
0.188024
0.044595
0.001630
0.044576
0.015942
-0.069947
0.001630
0.101823
-0.098563
0.030267
-0.055652
0.001630
0.030275
0.044582
0.116079
0.073095
0.001630
-0.041242
-0.084170
0.058838
0.015927
-0.026966
0.044521
0.058789
0.001630
-0.112721
-0.026978
-0.041297
0.073166
0.044527
-0.026966
-0.112835
0.015946
-0.012685
-0.098635
0.030288
0.073238
0.058879
0.015937
0.030238
-0.012673
0.001630
0.015933
0.115981
-0.155636
-0.055619
-0.055652
-0.098692
0.044638
0.044619
0.001630
0.030279
0.001630
-0.012693
0.044595
-0.012689
-0.012691
-0.041347
0.058929
-0.069998
-0.012702
0.030292
0.030284
0.044595
-0.012689
-0.012691
-0.041347
0.044607
0.015952
0.001630
0.058896
0.030251
0.001630
0.001630
-0.012679
0.087455
0.015927
-0.026966
0.015929
-0.041273
-0.041291
0.015939
-0.041304
0.001630
0.001630
0.001630
-0.098620
0.015958
0.030279
0.101838
-0.026990
-0.055635
0.044582
0.044564
-0.012679
0.001630
0.015939
0.015937
0.001630
0.015935
-0.026982
-0.041304
0.015944
-0.012683
0.001630
0.001630
0.030255
0.030247
0.001630
-0.012677
-0.026990
0.087467
0.015929
0.001630
0.015927
0.001630
0.001630
0.001630
0.001630
-0.012667
0.001630
-0.026970
0.001630
-0.026978
0.030238
0.001630
0.001630
0.030230
-0.012669
0.001630
-0.041279
-0.012677
-0.026990
-0.041316
-0.012689
0.030267
-0.012687
0.001630
-0.012689
0.058896
0.030251
0.001630
-0.026990
0.015942
0.030247
-0.012677
0.015937
0.030238
0.015931
0.030226
-0.012667
0.015927
0.030218
-0.012663
-0.026962
-0.055578
0.030238
-0.055594
0.001630
-0.041310
0.030259
0.030251
-0.026990
0.001630
0.044558
0.044539
0.044521
-0.041261
0.001630
-0.012671
0.058822
0.073074
0.044472
0.015907
0.115769
0.001630
END
