y[]
-0.051485
0.055039
0.094918
-0.011524
-0.104691
0.094943
0.015079
-0.051443
0.068297
0.028373
0.081522
0.015062
0.028341
-0.038072
0.028344
0.041615
-0.011501
-0.051351
-0.024798
0.041636
0.001777
-0.077957
0.068227
0.001777
0.028344
0.015058
-0.011504
-0.038077
0.041631
0.015058
0.054884
-0.024773
-0.038061
0.041615
-0.024780
0.001777
0.001777
0.001777
-0.077936
0.028355
-0.064681
-0.024819
0.041668
-0.078021
-0.024836
0.028390
0.001777
0.068280
0.015072
-0.024815
0.068244
-0.038098
-0.051415
0.028376
-0.011522
0.015076
0.015074
0.041657
0.028355
-0.011511
0.094757
-0.038061
0.028337
0.121212
-0.011487
0.054820
-0.038003
-0.051288
-0.011494
-0.011495
0.001777
-0.038050
0.015055
0.001777
0.001777
0.028327
-0.011497
0.001777
-0.011499
-0.011501
0.015055
-0.038061
0.028337
-0.011502
0.015056
-0.011502
-0.024787
0.015060
0.001777
-0.011506
0.015060
0.001777
-0.011506
-0.011508
0.001777
0.001777
0.015062
0.001777
0.001777
0.001777
0.001777
0.001777
-0.011508
0.001777
0.001777
0.028344
-0.011506
0.001777
-0.011508
0.028344
0.001777
0.001777
0.001777
-0.011506
0.015060
0.015058
0.015056
0.028330
-0.024776
0.001777
0.001777
-0.011502
-0.024787
-0.024794
0.028348
0.001777
0.015060
0.001777
0.015058
-0.011504
0.028337
0.001777
0.001777
-0.011502
0.001777
0.001777
0.015056
0.001777
0.001777
-0.011502
0.015056
0.001777
-0.051351
0.015062
0.001777
0.001777
0.015060
0.001777
-0.011506
0.028341
0.001777
-0.011504
-0.011506
0.028341
0.001777
0.015056
0.001777
-0.038066
-0.011508
-0.011509
0.028348
-0.011508
0.001777
0.028344
-0.024791
-0.011509
0.001777
0.015063
0.015062
0.015060
0.015058
0.015056
-0.011502
0.001777
0.015056
-0.011502
-0.024787
0.001777
-0.011508
0.015062
0.015060
0.001777
0.015058
0.001777
-0.011504
-0.011506
0.028341
-0.011504
0.015058
0.001777
0.081426
0.015046
0.041573
-0.051288
-0.011494
0.028316
0.001777
-0.011492
0.015046
0.001777
0.001777
-0.024762
0.001777
0.001777
0.028316
-0.011492
-0.011494
0.028316
0.015044
0.015042
0.015040
-0.024752
0.028306
0.015039
0.015037
-0.024745
0.028299
0.015035
0.001777
-0.024741
-0.011485
-0.011487
0.028302
-0.024748
0.015040
-0.011487
-0.011488
0.015042
-0.024755
0.001777
-0.024762
-0.077883
0.028337
0.001777
-0.011502
0.068156
-0.038045
-0.011501
0.081416
-0.038035
-0.038050
0.015055
0.028327
0.028320
0.081363
0.054799
-0.011476
-0.024734
0.001777
0.001777
-0.064532
0.094597
-0.130849
0.028316
-0.038035
0.068121
-0.077841
-0.024776
-0.117801
0.028362
0.028355
-0.024801
0.094769
-0.038066
0.054898
-0.038061
-0.051365
-0.024805
0.001777
0.028359
-0.051393
0.028366
-0.011517
-0.024815
0.041663
0.001777
-0.078010
0.028380
-0.024826
-0.024833
-0.024840
0.001777
0.041700
-0.038146
0.028394
0.015083
0.028383
0.028376
0.028369
0.015070
-0.011517
0.081511
-0.011508
-0.038088
-0.038103
-0.024819
0.041668
-0.011518
0.001777
-0.078032
-0.038151
-0.091451
0.041742
0.028412
0.015092
0.068324
-0.011529
0.015083
0.015081
0.015079
0.108132
0.001777
0.041631
0.041615
-0.024780
-0.077936
0.081490
0.001777
0.054884
0.015049
-0.011495
0.028320
0.001777
0.028313
-0.011490
0.001777
0.001777
0.015044
-0.038029
0.001777
0.015047
0.015046
-0.011492
0.015046
0.001777
-0.011492
0.001777
0.015046
0.001777
-0.024762
0.028316
-0.011492
0.015046
-0.011492
0.015046
0.015044
0.001777
0.015042
0.015040
-0.024752
0.054827
0.054799
-0.011476
0.001777
-0.011478
0.015032
0.001777
0.001777
0.001777
0.001777
0.015030
0.015028
-0.011474
-0.011476
0.001777
-0.011478
0.015032
0.015030
0.001777
0.028278
-0.024724
0.015028
0.001777
-0.011474
0.001777
-0.011476
0.001777
-0.011478
0.001777
0.001777
0.001777
-0.011479
0.001777
0.001777
-0.011481
0.015035
-0.011481
0.001777
0.015035
-0.011481
0.001777
0.001777
0.001777
0.028292
-0.011479
0.001777
0.001777
-0.011481
-0.011483
0.015037
0.001777
0.001777
0.001777
0.001777
0.028292
0.001777
-0.011479
0.015033
0.015032
-0.011478
0.001777
0.001777
0.001777
-0.037998
0.001777
0.015037
-0.038008
-0.011488
0.028306
-0.024752
0.015042
-0.011488
0.001777
0.015042
0.015040
0.001777
-0.024752
0.041567
0.001777
0.015037
0.001777
0.001777
-0.011483
-0.011485
0.041557
-0.038003
0.001777
0.015039
0.028295
0.001777
0.015033
0.001777
0.001777
0.001777
-0.011479
0.028288
0.015030
0.001777
0.001777
-0.011476
0.015030
0.028278
-0.024724
-0.011476
0.015030
0.015028
-0.011474
0.015028
0.001777
0.001777
-0.024727
-0.024734
0.001777
0.001777
0.001777
0.015033
-0.011479
0.001777
0.028288
0.028281
-0.011474
0.001777
0.001777
0.015028
-0.011474
0.015028
-0.011474
0.001777
0.001777
-0.024731
0.001777
0.001777
0.041536
0.173883
-0.037913
0.028239
0.015005
0.041452
-0.024671
0.028225
0.028218
-0.011443
0.041431
-0.077546
-0.090846
-0.117436
-0.144121
-0.024773
0.094671
0.107836
0.187109
-0.117326
-0.130726
0.054799
0.147443
-0.051168
-0.117452
0.028285
0.015028
-0.104282
-0.144238
-0.051372
-0.051400
-0.064735
-0.011531
0.041694
-0.078074
-0.131450
-0.091588
0.081809
-0.144997
-0.131841
-0.011595
0.068617
0.041860
0.015134
-0.024940
0.001777
-0.131913
-0.011602
-0.091925
0.028558
0.028551
0.001777
0.015161
-0.051771
-0.051799
0.028569
-0.092025
0.015183
0.028583
-0.051842
-0.065288
-0.025061
0.162700
-0.145726
-0.078771
-0.051958
-0.065432
-0.146242
0.149796
0.015222
-0.038565
-0.078955
0.163176
0.042086
0.068923
0.001777
-0.105678
-0.051994
0.028666
0.001777
-0.052008
0.042119
0.055540
0.015213
0.082357
0.001777
0.028623
-0.038494
-0.011650
0.015204
0.001777
-0.011650
-0.011652
-0.092277
0.042097
-0.038543
0.015219
-0.065450
0.042119
-0.011668
0.015222
0.015221
0.015219
0.001777
0.001777
0.001777
-0.011665
-0.011667
0.015221
0.028659
0.015215
-0.051986
-0.052015
-0.025130
0.015231
0.042129
-0.052030
-0.052059
0.028698
-0.052073
0.015242
0.001777
0.015240
0.028698
0.028691
0.001777
0.001777
0.015231
-0.011677
0.055584
-0.052030
0.055584
-0.052030
0.015231
0.069022
0.001777
0.001777
0.028662
0.001777
-0.011665
-0.011667
-0.011668
-0.038570
0.015228
0.001777
0.028673
-0.011670
-0.011672
0.015226
-0.011672
0.001777
0.001777
-0.011674
-0.011676
0.001777
0.015230
0.001777
0.015228
0.001777
-0.011674
0.001777
0.001777
0.015228
-0.025126
0.015230
-0.025130
-0.038597
0.001777
-0.011685
-0.011687
0.001777
0.001777
-0.011688
0.001777
0.001777
0.015242
-0.025155
0.001777
0.001777
-0.011692
-0.038641
0.001777
-0.065622
0.028742
-0.025188
-0.038684
-0.065695
0.042266
0.055736
0.028746
-0.025192
-0.011710
-0.011712
-0.025206
-0.025214
0.001777
-0.025221
-0.011725
0.015279
-0.011725
0.109739
-0.038695
0.028760
-0.011714
0.015268
0.001777
0.001777
-0.038701
0.001777
0.001777
0.028764
0.082694
0.015257
0.042205
-0.025174
0.015253
-0.011699
-0.011701
-0.011703
-0.025188
-0.038684
0.028753
0.042227
-0.038673
-0.052182
-0.011717
0.028764
-0.025210
-0.011719
0.028768
0.042249
0.001777
-0.011712
-0.038701
-0.025217
-0.052233
0.042287
0.001777
0.055765
-0.025214
-0.052226
0.055780
0.028768
0.042249
-0.038695
0.001777
0.001777
0.001777
0.042249
-0.011712
0.082683
0.028731
-0.038657
-0.011705
-0.011707
0.028742
-0.052160
END
