y[]
-0.149405
0.027083
0.085889
0.115180
0.041691
0.114991
-0.031667
-0.046344
-0.149146
-0.031732
0.056417
0.041704
-0.119855
0.041736
-0.046428
-0.075859
0.085863
-0.105264
0.115267
-0.017040
0.027040
-0.046428
-0.017044
-0.046454
-0.031762
0.085876
-0.031745
-0.031753
-0.031762
-0.061204
0.027088
0.056495
-0.002346
0.100542
-0.061126
-0.090581
0.027075
-0.134806
-0.090750
-0.061326
-0.179494
-0.031901
0.174854
-0.002346
-0.017101
0.189296
0.027105
-0.017070
-0.031801
-0.105507
0.012398
-0.120357
-0.002346
-0.031871
-0.076196
0.012428
0.041964
-0.046656
0.292683
-0.061282
-0.194129
0.086215
-0.031857
-0.002346
0.027166
0.027157
-0.017096
-0.002346
-0.002346
-0.017098
0.012407
-0.017098
-0.061378
0.292466
-0.105431
-0.017081
-0.031823
-0.253250
0.086280
0.027179
-0.031871
-0.076196
0.204296
0.100815
0.085993
0.071211
-0.090620
0.159431
0.100467
0.085695
0.056305
-0.090335
-0.002346
-0.031693
0.012329
-0.017020
-0.046383
0.012335
0.041684
0.026997
-0.046363
0.027001
-0.075730
0.041691
-0.046383
-0.017029
-0.061100
-0.031736
-0.031745
0.056443
-0.017040
-0.046441
0.085825
-0.002346
-0.046421
-0.061143
-0.046467
0.129958
-0.061126
-0.046454
0.041762
0.027049
-0.017042
0.041736
0.041717
-0.017031
-0.046415
-0.002346
-0.017040
-0.017042
-0.017044
-0.017046
-0.002346
-0.017049
-0.002346
-0.017051
0.012359
-0.031758
-0.002346
0.012361
-0.002346
0.027062
0.027053
-0.105279
-0.017059
-0.002346
-0.002346
-0.017061
-0.017064
-0.002346
-0.017066
0.012374
0.085928
0.027062
-0.002346
0.012355
-0.002346
-0.017046
-0.061169
-0.002346
0.012363
-0.002346
0.012361
-0.090620
-0.046512
0.041820
0.071221
0.027066
-0.002346
0.041756
-0.046447
-0.002346
-0.031758
-0.017055
-0.046486
-0.002346
0.012370
-0.002346
-0.002346
-0.031779
0.056512
-0.017057
0.012365
-0.002346
-0.002346
-0.002346
-0.002346
0.012363
0.027066
-0.031758
-0.031766
-0.002346
-0.017059
-0.046499
0.041807
-0.002346
0.012368
-0.075935
-0.031797
0.041827
0.012374
-0.002346
-0.075967
-0.002346
0.027109
0.027101
0.056521
-0.002346
0.012365
-0.017057
0.012365
-0.046486
-0.031784
0.012374
-0.017066
-0.002346
-0.002346
0.012374
0.027088
-0.002346
0.041788
0.100557
-0.031736
0.012350
-0.002346
0.085786
0.027014
-0.031706
-0.002346
0.041691
-0.075751
0.056383
-0.061074
0.056383
-0.002346
-0.031706
0.305505
0.216968
-0.002346
-0.060783
0.041485
0.041466
-0.075376
0.012264
-0.031569
-0.002346
0.143682
0.012245
0.070578
0.070524
0.026787
-0.046049
-0.060646
-0.119049
0.026843
0.056006
0.055972
-0.075248
0.026821
0.026813
0.055946
-0.031488
0.012226
-0.016918
-0.162778
0.041434
0.041415
-0.046106
0.012243
-0.046119
-0.002346
-0.075344
0.056057
-0.002346
0.070610
0.012239
0.041395
-0.031505
-0.002346
-0.060689
-0.016937
-0.031534
0.012249
-0.031539
0.012252
-0.119185
-0.002346
-0.016960
0.041491
0.041472
-0.046164
-0.060800
0.056108
0.056074
0.026851
-0.016943
-0.031547
0.056048
-0.046138
0.143554
0.026809
0.041370
-0.162731
-0.016939
0.041427
-0.075312
-0.002346
-0.002346
-0.031547
0.012256
0.026851
-0.016943
0.012252
-0.002346
-0.046145
-0.016950
-0.031560
-0.002346
0.012262
-0.002346
-0.016954
-0.002346
0.012262
-0.002346
0.012260
0.070652
0.026838
-0.016937
0.070588
0.041389
-0.031500
-0.060680
-0.002346
0.026826
-0.002346
0.012237
-0.031513
-0.031522
-0.002346
0.026830
0.026821
-0.016928
0.026817
-0.016926
-0.002346
-0.016928
-0.002346
-0.016931
-0.002346
-0.002346
0.041402
-0.016926
-0.002346
-0.002346
-0.031513
-0.046113
-0.002346
-0.002346
0.070588
-0.221308
0.056091
0.012258
0.026855
-0.016945
-0.002346
-0.031551
0.012258
-0.075387
0.041485
0.012260
0.012258
0.012256
0.041447
-0.016941
-0.002346
-0.002346
-0.016943
0.012252
-0.016943
0.026847
-0.016941
-0.016943
-0.031547
0.012256
-0.016948
-0.002346
-0.016950
-0.002346
-0.031560
-0.016956
-0.002346
-0.016958
-0.016960
0.012269
-0.016960
-0.002346
0.012269
-0.002346
-0.031577
0.085322
-0.002346
-0.031560
-0.016956
-0.016958
-0.016960
-0.002346
-0.002346
-0.016963
0.012271
-0.016963
-0.002346
-0.016965
-0.002346
0.099941
0.012258
-0.046164
-0.046183
-0.060825
-0.002346
-0.002346
-0.075493
-0.075547
-0.016993
0.041588
0.056202
-0.002346
0.056168
-0.002346
-0.016971
0.012279
-0.016971
0.026902
-0.002346
-0.046222
-0.002346
-0.002346
-0.031607
-0.002346
0.012286
-0.002346
-0.016978
0.012286
0.056159
-0.016969
0.012277
0.056125
0.026877
-0.031569
0.026877
-0.002346
-0.002346
0.012262
0.026864
-0.016950
-0.002346
-0.016952
-0.031564
-0.002346
0.012264
-0.002346
0.012262
0.012260
0.012258
-0.002346
-0.031556
-0.104648
0.012275
0.026890
-0.016963
-0.002346
-0.104722
0.056168
0.026898
-0.031590
-0.119408
0.012294
-0.016986
-0.031633
0.056219
0.056185
0.114613
0.070684
-0.002346
-0.060766
-0.002346
0.187394
-0.046100
-0.016935
0.041415
0.070546
-0.002346
0.012226
0.012224
-0.046062
-0.002346
0.070503
0.041338
0.041319
-0.016899
-0.002346
0.026758
0.099450
-0.031420
0.041262
0.041243
-0.002346
-0.002346
-0.045935
0.026715
0.084787
0.012169
-0.002346
0.012167
-0.002346
-0.002346
0.084686
0.026648
-0.045840
-0.002346
-0.060367
-0.060401
-0.002346
0.012171
0.026682
0.012165
-0.074920
0.012173
-0.060435
0.026703
-0.002346
-0.016869
0.055735
-0.031382
-0.016867
0.041211
-0.031382
-0.002346
0.055718
-0.045890
0.099229
0.055650
-0.031340
0.055634
-0.045827
0.070113
0.041104
0.055558
-0.045771
0.026606
0.026598
-0.016817
0.041060
-0.002346
-0.045752
-0.002346
0.012125
-0.002346
0.012123
0.012121
-0.002346
-0.002346
-0.031281
-0.016817
-0.016819
-0.002346
0.012127
-0.016819
0.012127
0.012125
0.012123
-0.031285
0.098905
-0.016804
0.026568
0.012108
0.142079
-0.002346
-0.074532
-0.016789
-0.016792
0.012100
0.012098
-0.016789
-0.031239
0.040991
0.012096
0.012094
-0.016785
-0.002346
-0.016787
0.012096
-0.016787
-0.002346
-0.002346
-0.002346
-0.016789
0.012098
-0.002346
-0.002346
-0.002346
-0.002346
-0.002346
-0.016789
-0.002346
0.040979
-0.045670
-0.002346
-0.089051
0.055466
0.012102
-0.016794
-0.016796
0.026552
0.012100
0.026539
-0.002346
-0.031231
-0.002346
-0.031239
-0.002346
-0.045702
0.012108
-0.016800
-0.002346
0.012108
-0.016800
0.026560
-0.002346
-0.002346
0.012104
-0.002346
0.026548
-0.002346
0.026539
-0.016787
0.012096
-0.002346
0.012094
0.012091
-0.016783
0.026527
0.026518
-0.016777
-0.002346
-0.016779
0.012087
-0.031214
0.012089
-0.002346
-0.002346
0.012087
0.026514
-0.016775
-0.031210
0.012087
-0.016779
-0.031218
-0.031227
-0.031235
-0.016794
0.012102
-0.002346
0.012100
0.055416
0.012089
-0.002346
-0.045658
-0.060124
-0.016796
-0.016798
0.041004
0.040985
-0.031231
-0.031239
0.012102
-0.016794
-0.016796
0.026552
-0.045695
0.012106
-0.016798
0.041004
-0.016794
0.026548
-0.016792
-0.031243
-0.016798
-0.016800
0.041010
-0.016796
-0.031252
-0.031260
0.041022
-0.002346
0.026556
-0.002346
0.012102
-0.031243
-0.031252
-0.031260
0.041022
-0.002346
-0.002346
0.026556
-0.002346
-0.016796
0.026552
0.055424
0.012091
-0.002346
0.055383
-0.060074
-0.002346
0.084234
-0.002346
-0.060058
0.026514
-0.002346
-0.016775
-0.016777
-0.031214
-0.002346
-0.002346
0.040954
0.055358
0.026493
-0.045608
-0.103363
0.026527
0.098642
0.069726
0.012062
-0.045577
0.040885
-0.074408
0.012071
-0.045602
-0.161110
0.012098
END
