y[]
-0.014701
0.000537
-0.029946
0.015780
-0.014706
-0.014708
-0.045212
-0.029974
0.000537
0.015794
0.031044
-0.029969
0.015792
0.015789
0.031034
-0.014710
0.015785
0.015782
0.015780
-0.045198
0.031030
-0.014708
0.000537
-0.045212
0.000537
0.031039
-0.014713
0.015787
0.000537
0.000537
0.031030
0.000537
-0.014708
0.015782
-0.014708
0.015782
-0.045205
0.046279
0.031020
0.015775
0.000537
-0.045184
0.031020
-0.029946
0.031020
-0.014703
-0.014706
-0.045205
-0.136815
0.076867
-0.075793
-0.030011
0.000537
0.000537
0.000537
0.000537
0.076891
-0.029997
0.031071
-0.029997
-0.060560
0.031090
-0.014738
-0.045303
0.015819
0.015817
-0.014743
0.031095
-0.014741
-0.014743
-0.014745
-0.106505
-0.045373
0.031146
-0.060690
-0.198712
-0.030152
-0.014811
0.000537
-0.030166
0.061934
0.015880
-0.076203
0.031240
0.061915
-0.045493
-0.091586
0.031254
0.031245
-0.030171
0.000537
-0.030180
-0.030190
-0.030199
0.000537
0.031273
0.061981
0.031245
0.015888
-0.076238
-0.030190
-0.014830
0.077348
-0.122389
0.015911
-0.014837
-0.030218
0.000537
0.046666
0.031278
0.077348
-0.014820
-0.060916
0.092703
-0.076262
-0.076321
-0.107163
-0.045656
0.169807
0.000537
0.062019
-0.014830
0.015904
-0.153238
0.000537
0.031311
0.261734
0.077230
0.015869
0.061840
0.015857
-0.060756
0.061830
-0.045429
0.077136
0.046468
0.031146
0.214539
0.031071
-0.014729
-0.014731
-0.014734
0.000537
-0.014736
0.031081
0.031071
-0.091094
-0.014743
-0.014745
-0.014748
0.046384
-0.014743
-0.075898
0.046405
0.015822
0.031099
-0.152368
-0.091318
0.000537
-0.168084
0.000537
-0.060850
0.107940
-0.091516
-0.137701
0.092717
-0.076274
0.169443
0.031217
0.077195
-0.030119
0.031193
-0.060784
-0.060822
0.184502
0.046475
0.000537
-0.030086
-0.091389
0.107776
-0.198712
-0.030152
-0.153049
0.000537
-0.060963
0.000537
0.062038
0.046638
0.015899
0.031254
0.000537
0.000537
0.000537
0.000537
0.000537
0.015892
0.000537
-0.045535
-0.014825
0.031259
-0.014823
0.000537
-0.014825
-0.014827
-0.014830
-0.014832
0.031273
0.015902
-0.014827
-0.014830
0.031269
0.015899
-0.014825
0.000537
0.000537
0.015899
0.015897
0.015895
0.000537
0.000537
0.000537
0.015892
0.031240
0.031231
0.000537
-0.045507
0.046581
-0.014809
-0.014811
-0.014813
0.000537
-0.045528
0.000537
0.046602
0.061924
-0.014806
0.000537
0.000537
0.031221
-0.060841
0.000537
0.015885
0.015883
0.000537
0.000537
0.015880
-0.014806
0.031221
-0.014804
0.000537
-0.014806
-0.014809
0.015883
0.000537
-0.014809
0.015883
-0.014809
-0.014811
0.015885
0.015883
0.000537
0.000537
-0.014809
0.015883
0.015880
0.000537
0.000537
0.015878
0.000537
0.015876
0.000537
0.000537
0.015873
0.015871
-0.014797
0.015871
0.031198
-0.045457
0.031203
0.031193
0.015862
-0.030114
-0.014792
0.031193
-0.014790
0.000537
-0.014792
-0.030128
-0.014799
-0.030142
-0.030152
0.031226
0.077218
0.015866
0.107776
0.000537
0.015848
-0.045401
0.015852
0.061774
0.107612
-0.030044
-0.014757
-0.030058
0.000537
-0.030067
-0.014769
-0.091346
0.000537
0.031174
0.000537
-0.030100
0.107726
-0.030077
0.000537
0.031151
0.046440
0.015834
0.046412
-0.030044
-0.014757
-0.014759
0.000537
-0.045366
0.077031
-0.075956
0.077031
0.031118
-0.030044
0.000537
0.031118
0.046391
-0.045317
0.031109
0.015819
0.031095
0.000537
-0.014741
-0.014743
0.015817
-0.106472
0.076984
-0.030035
0.015824
0.031104
0.000537
0.031095
-0.030021
0.031095
-0.075875
-0.014752
-0.030049
0.031123
-0.014755
-0.030053
0.015834
-0.045359
0.107595
0.015822
0.061652
0.046349
-0.075828
0.046363
0.061606
-0.152205
-0.045331
-0.137193
0.015850
-0.014776
-0.275494
-0.107015
0.138797
0.061924
0.046553
0.061859
-0.060784
-0.060822
-0.183766
-0.060973
-0.045620
0.077454
-0.107163
-0.014858
0.154383
-0.076356
0.031302
-0.168785
-0.061106
-0.153736
-0.123053
0.124127
-0.045791
-0.184992
0.031483
0.077859
-0.061315
0.046930
-0.092270
0.170618
0.015985
0.046866
-0.030346
0.154858
-0.030308
-0.092055
0.093130
-0.045748
-0.076653
0.000537
-0.014908
0.108604
-0.014894
-0.138448
-0.092227
-0.154262
0.139867
-0.061363
-0.076892
0.062485
-0.014946
-0.045928
0.016028
-0.092443
-0.014968
0.031545
-0.108032
0.109106
-0.045978
0.000537
0.031550
0.093517
-0.030447
-0.092472
-0.030485
0.000537
-0.077060
0.031583
0.031574
0.016052
-0.014978
0.000537
-0.014980
-0.030504
-0.014987
-0.030519
0.109191
-0.014978
-0.014980
-0.014982
0.016057
-0.030504
-0.030514
0.031588
-0.014987
0.000537
-0.014990
0.031588
-0.046043
0.047117
-0.014987
-0.014990
0.031588
0.016059
0.000537
0.031574
-0.030499
0.016057
0.000537
0.016054
-0.030499
-0.061565
-0.030528
0.000537
0.047132
0.031588
-0.046043
0.000537
0.016066
-0.077133
-0.077193
0.031637
-0.046116
-0.015019
0.000537
-0.046145
-0.124054
-0.015048
-0.093023
0.000537
-0.015065
0.047335
-0.046261
0.000537
0.047335
0.094068
-0.015045
-0.077411
0.031724
-0.030650
0.031724
-0.015055
0.031719
-0.030645
-0.015057
0.062901
-0.061826
0.062901
0.000537
0.000537
0.016122
-0.015048
0.031704
-0.030630
0.016122
0.000537
-0.030635
0.031709
-0.093008
0.062910
-0.030645
0.016129
-0.046246
0.016134
-0.046261
-0.046283
-0.077545
0.031777
0.016154
0.000537
-0.030698
-0.061963
-0.077643
0.094346
0.078644
-0.093198
-0.062002
0.172426
-0.077557
0.078632
0.047365
-0.015070
-0.015072
-0.124424
0.000537
0.109887
-0.015077
0.109784
0.031729
-0.046254
0.078510
0.047292
-0.030630
-0.108625
-0.093125
0.047379
-0.093169
-0.030718
0.063037
0.062998
0.016146
0.016144
-0.015070
0.047350
-0.061885
-0.015074
0.000537
-0.030693
0.172184
0.031714
-0.030640
0.000537
-0.061846
-0.015065
0.047335
0.000537
0.062901
0.016122
0.016120
0.078413
0.047233
0.031656
-0.030582
-0.046159
-0.030606
-0.046195
0.000537
0.078413
0.000537
0.031670
-0.046166
0.000537
-0.015036
-0.077363
0.125148
0.047226
0.031651
-0.030577
-0.077290
0.031675
-0.015031
0.093908
-0.139552
0.125070
0.047197
0.249023
0.093560
-0.045964
-0.030475
0.031550
-0.092529
0.047081
-0.154694
0.093705
0.031574
0.047074
0.140018
0.046988
-0.123379
-0.030466
0.062533
0.047009
0.077943
0.077883
0.031459
0.031449
-0.092227
0.046930
-0.076796
0.016009
0.000537
0.062399
0.062361
-0.107680
0.108754
0.077763
-0.014903
-0.030351
0.046866
-0.014903
-0.030351
0.015982
0.015980
0.015978
0.123975
0.015956
0.031368
0.031359
0.139116
-0.122635
0.062142
-0.014861
-0.045670
0.015942
0.046737
-0.091884
0.000537
0.046759
0.046737
0.123633
0.062028
-0.030204
0.108089
0.031245
-0.014816
0.015890
0.015888
-0.091600
0.031259
0.077301
0.107907
0.077160
0.031170
-0.045415
0.077113
0.031151
-0.030077
0.199360
0.122693
-0.121619
0.015815
0.015812
-0.014738
0.015812
-0.014738
0.000537
0.015812
-0.014738
0.015812
0.015810
0.000537
0.000537
0.031076
0.076844
0.000537
0.015792
0.061531
-0.045205
0.031034
-0.045212
-0.014717
-0.014720
-0.029983
-0.045261
0.031071
0.015801
0.031058
0.015794
-0.014720
0.000537
-0.014722
0.015796
0.000537
-0.014722
-0.029988
-0.029997
-0.014734
-0.014736
0.000537
0.015810
0.000537
-0.045289
-0.014743
-0.045317
-0.014752
-0.045345
-0.030063
0.092308
-0.014752
-0.121862
-0.014773
0.000537
0.046461
0.000537
0.000537
0.000537
0.046440
0.015834
0.000537
-0.014759
END
