y[]
0.001039
-0.035384
-0.084000
-0.132740
0.049707
-0.084145
-0.011136
-0.035495
-0.023325
-0.047706
-0.023343
-0.549118
0.111313
-0.109235
0.074568
0.074514
0.049992
0.049968
0.098826
0.025471
0.001039
-0.096725
-0.047879
0.013270
0.049951
-0.023414
0.074379
-0.047849
0.049927
0.062115
-0.084478
-0.035634
0.013265
-0.011187
-0.084583
0.049974
0.001039
-0.023426
0.049962
-0.035652
-0.011194
0.025504
-0.011193
-0.035665
0.013275
0.037738
-0.011193
0.025501
0.013267
0.025492
0.001039
-0.035643
0.074388
0.074335
0.037667
0.001039
-0.035589
-0.072257
-0.023405
0.013262
0.013260
0.013259
0.049903
-0.047825
0.013257
0.049897
0.037667
0.013245
0.049849
0.037631
-0.047754
0.013239
0.025435
-0.096582
0.013247
0.025450
-0.023372
-0.047801
0.001039
0.062085
0.013244
-0.011166
0.049849
-0.011162
0.037635
0.135112
0.001039
0.001039
0.001039
-0.096451
0.049796
-0.047718
0.037609
-0.011150
0.037600
0.025405
0.025399
0.098422
0.074014
0.001039
-0.011120
0.049665
0.001039
0.086078
0.037462
0.025314
-0.023236
0.013177
0.025311
-0.071794
0.025322
-0.023245
0.001039
0.037462
0.001039
-0.035384
0.037462
-0.035384
0.013181
-0.059689
-0.023263
-0.084062
-0.084135
-0.072025
0.037577
0.013215
-0.035495
-0.011142
0.061929
-0.011136
-0.011138
0.001039
-0.023319
-0.023325
0.037582
0.025393
0.013214
-0.035491
0.147078
-0.047617
0.013205
0.001039
0.025367
0.073987
-0.011116
0.013193
-0.193608
-0.401622
-0.023417
-0.109087
0.062235
0.062197
-0.047885
0.062190
0.123228
-0.023387
-0.060052
-0.047861
0.196495
0.196113
-0.035509
-0.084291
0.025426
0.098528
0.061922
-0.059844
-0.133034
-0.047760
0.025441
0.037631
0.110735
-0.072078
-0.047736
-0.096582
-0.060022
0.001039
0.086514
0.001039
-0.023375
0.037658
-0.035580
0.171812
-0.084311
-0.047765
0.086431
0.037613
-0.035535
-0.023351
0.074192
-0.035531
0.061981
0.061944
0.037564
-0.084207
-0.035518
0.037595
-0.181877
0.037649
-0.084405
0.025459
0.025453
-0.023375
0.074263
0.001039
-0.035567
-0.133296
0.062122
-0.011175
0.037676
0.013248
0.147434
-0.108737
0.049843
0.025432
0.122916
0.110601
-0.023298
-0.047653
0.037560
0.025379
0.001039
0.025373
0.001039
-0.047635
0.013209
0.025376
0.013205
0.037529
0.001039
0.013199
0.013198
0.025352
-0.035433
-0.011121
-0.011123
0.001039
-0.047623
0.001039
-0.011130
0.025376
0.025370
-0.023292
0.013205
-0.035464
-0.035478
-0.023313
-0.023319
-0.011142
0.001039
-0.023328
0.049766
0.025393
-0.035495
0.037573
-0.011138
-0.035500
-0.023328
0.001039
-0.011147
-0.023337
0.025414
0.013224
0.013223
0.037582
-0.011141
-0.047694
-0.011148
-0.011150
0.025414
0.013224
-0.047712
0.037604
-0.023337
0.013227
-0.011150
0.001039
0.037600
0.013223
0.001039
0.001039
-0.047706
0.013227
0.001039
0.001039
0.001039
0.001039
-0.011150
0.013227
-0.011150
0.013227
0.001039
0.001039
-0.011150
-0.011151
0.001039
-0.011153
0.025420
0.013227
0.013226
0.001039
-0.023337
0.025414
0.049772
-0.047694
0.001039
0.001039
0.013224
-0.011147
-0.011148
-0.011150
-0.011151
0.001039
-0.011153
-0.047742
-0.059970
-0.072221
-0.023393
0.025471
0.037676
0.013248
-0.011170
-0.023384
0.001039
0.001039
-0.035607
0.025471
0.062093
-0.011169
-0.060022
0.013254
0.013253
-0.011175
-0.011176
-0.035616
0.025477
-0.011179
0.013257
-0.023399
-0.011182
0.001039
-0.060090
0.049945
0.062137
-0.023396
-0.047849
-0.023414
0.062160
-0.011182
0.013260
0.001039
0.001039
0.013259
0.013257
-0.035620
0.062130
-0.023393
-0.047843
0.001039
0.013262
-0.011184
0.013262
-0.011184
0.001039
0.049921
0.001039
0.013256
-0.011178
0.062108
-0.011172
0.001039
0.013250
0.013248
0.013247
0.049855
0.013239
0.013238
-0.011160
-0.023363
0.098612
-0.023345
0.013232
-0.059941
0.013238
-0.059970
0.001039
0.062048
0.062011
-0.035540
-0.035553
0.086399
-0.047730
0.025426
-0.047742
0.196018
0.001039
0.134867
0.328769
-0.011080
0.061619
-0.059542
-0.071706
0.025293
-0.108151
-0.023242
0.025320
-0.071821
0.049618
0.025320
0.013177
0.037444
-0.047505
0.025314
0.037440
-0.071777
0.073854
-0.047499
-0.047523
0.025322
-0.083980
-0.084052
-0.047617
-0.011129
0.074023
0.025355
0.013195
0.037497
0.049630
-0.011107
0.025328
-0.035398
-0.035411
0.013190
0.110335
0.013175
-0.035376
0.001039
-0.011102
-0.059689
0.061766
0.049594
-0.047517
0.001039
0.013180
0.122369
-0.035345
-0.023224
0.025302
-0.083907
-0.108284
0.073934
0.025325
-0.011104
0.025322
-0.047534
-0.035407
0.049630
0.013183
0.061737
0.013174
0.073819
0.001039
-0.144575
0.037462
-0.023242
0.049594
0.001039
0.049571
-0.035358
-0.011096
0.025308
-0.011095
-0.035371
0.049583
-0.011095
-0.011096
-0.023236
0.001039
0.001039
0.001039
-0.011101
0.001039
0.025317
0.013175
-0.059659
0.001039
0.025322
-0.011102
-0.023248
0.013183
0.001039
0.013181
0.001039
-0.011104
0.001039
0.001039
-0.047546
0.025334
0.061752
0.025314
0.037440
-0.011093
-0.035367
0.025311
-0.011096
0.001039
-0.011098
0.001039
0.013175
-0.011098
-0.011099
0.013177
-0.011099
0.001039
0.013177
0.013175
0.013174
-0.011096
0.013174
0.013173
0.001039
0.001039
0.037431
-0.023221
0.001039
0.001039
-0.011093
0.013171
-0.011093
0.001039
0.001039
0.013171
0.013170
0.001039
-0.011092
-0.023227
0.013173
0.025302
-0.023224
0.025302
-0.035358
0.025305
0.001039
-0.023227
-0.035371
-0.035384
0.013181
0.013180
0.001039
0.025317
0.025311
0.001039
0.001039
-0.011096
-0.011098
0.037444
-0.011095
0.025305
-0.011093
0.001039
0.085934
-0.023209
0.025287
-0.035336
-0.047481
0.013171
0.013170
0.001039
0.001039
0.001039
0.001039
-0.011092
0.001039
0.001039
-0.011093
0.025302
-0.023224
0.013171
0.013170
0.001039
0.013168
0.001039
0.013167
0.037413
-0.011085
0.001039
0.013162
0.025281
0.025275
0.001039
0.001039
-0.011079
-0.023201
0.025278
-0.011080
0.001039
0.025275
-0.023198
0.001039
0.001039
0.001039
0.001039
0.013158
-0.011080
0.001039
0.001039
-0.011082
0.013159
0.013158
0.025272
-0.011077
0.013155
0.013153
-0.023192
-0.011079
-0.035323
-0.011085
-0.035340
0.001039
-0.023221
0.001039
-0.011093
0.013171
0.001039
0.013170
0.025296
-0.035349
-0.035362
-0.023236
0.037449
-0.436758
-0.023340
-0.157565
-0.011172
-0.157837
-0.158090
0.001039
-0.047975
0.148008
0.074442
0.013267
-0.011190
0.001039
-0.011191
-0.023426
-0.023432
-0.109154
0.025537
-0.035710
0.050034
0.037770
0.013279
0.001039
-0.011202
-0.023447
0.037765
0.049986
0.001039
0.013272
0.001039
0.025501
-0.011191
0.037725
-0.047879
0.062182
-0.023414
0.025492
0.025486
0.062130
-0.035611
-0.035625
-0.035638
-0.011190
-0.011191
-0.011193
0.001039
0.098850
-0.011182
0.074344
0.025462
-0.023384
-0.060045
0.013259
0.001039
0.025474
-0.035616
-0.011182
-0.011184
0.025483
0.001039
-0.011182
0.013260
0.025477
-0.023399
0.001039
0.013259
-0.011181
-0.023405
-0.011185
0.037707
0.013259
-0.011181
-0.023405
0.001039
0.001039
0.001039
0.013262
0.001039
0.001039
-0.011184
-0.011185
0.025486
0.001039
-0.011184
0.013262
0.013260
-0.035629
0.001039
0.001039
0.001039
0.013263
0.013262
0.001039
0.001039
0.001039
0.025480
-0.035625
0.013262
0.001039
-0.023408
0.013263
-0.011185
0.013263
-0.072329
0.013270
-0.011193
0.001039
0.001039
0.013270
-0.011193
END
