y[]
-0.036213
0.027780
0.040567
0.002182
-0.049002
-0.177167
-0.010641
0.053464
0.053438
-0.023443
-0.010633
-0.023453
-0.036282
0.040646
-0.036282
0.040646
0.015000
-0.049100
-0.010643
-0.010644
0.027833
0.015005
-0.049120
-0.164731
0.066412
0.002182
-0.010661
-0.049206
0.066412
0.015023
-0.049192
-0.010666
-0.023518
0.040730
0.053556
0.015021
0.092012
-0.023476
-0.010649
0.053497
0.015007
-0.036297
0.002182
-0.010648
-0.023482
0.015015
0.040671
0.002182
-0.010646
0.027836
0.002182
-0.074800
0.015016
0.066330
0.027829
-0.023466
0.091920
0.117441
-0.061834
0.078997
0.014979
-0.036213
0.014982
-0.049028
-0.036243
0.002182
0.053411
-0.023430
0.002182
-0.036248
-0.023446
-0.164560
-0.010656
-0.100580
-0.190781
0.092278
-0.087914
0.066544
0.117930
0.040735
0.079243
-0.023499
-0.023505
-0.010664
0.181876
-0.010643
0.015007
-0.010643
0.002182
-0.177536
-0.087798
-0.010679
-0.075018
0.040789
-0.075048
0.027932
0.027925
0.117945
-0.036391
0.105010
-0.010666
0.079243
0.040690
0.079154
-0.087625
0.015016
-0.074850
-0.010662
-0.074919
-0.049252
0.040760
-0.023535
-0.023542
0.117885
0.040720
0.015025
-0.036351
-0.062073
-0.023532
0.002182
0.027895
-0.023532
0.015039
0.040745
-0.049239
-0.139361
-0.087995
-0.075178
-0.036520
0.040884
0.027975
-0.023611
-0.010717
-0.088158
0.002182
-0.152877
-0.049558
0.157321
-0.101217
-0.088380
0.066878
-0.127251
-0.166332
0.028126
0.054049
-0.036716
-0.101620
-0.049759
0.093061
-0.036756
-0.010801
-0.023789
-0.010806
0.028156
-0.010804
0.080074
0.015158
-0.010794
0.015158
0.002182
0.002182
-0.023772
-0.010798
0.028139
0.015158
-0.010794
0.015158
0.015156
-0.023769
0.028132
0.015155
0.028122
0.028116
-0.010784
0.002182
0.028112
0.015144
0.002182
0.054016
-0.010774
0.028092
0.015134
-0.010771
0.015134
0.002182
0.002182
0.015133
-0.010769
0.041029
0.002182
-0.010766
0.002182
0.002182
-0.010767
-0.062589
0.041050
0.002182
0.002182
0.002182
-0.023728
-0.010776
0.002182
0.002182
0.002182
0.002182
0.015139
0.028092
0.002182
0.015134
0.015133
-0.010769
0.015133
0.002182
0.002182
0.015131
0.015129
0.015128
0.002182
0.002182
-0.049611
0.028082
0.015129
0.002182
0.002182
-0.010766
0.015129
-0.036666
0.028082
0.028075
0.015126
-0.023708
0.015128
0.002182
0.002182
0.002182
0.053948
-0.010757
-0.049591
-0.010766
-0.036671
0.015134
0.028082
0.028075
-0.023711
-0.010767
0.015131
0.028075
-0.023711
0.015129
-0.023715
0.015131
0.015129
-0.049618
0.053982
0.002182
0.053955
0.015121
0.015119
-0.036635
-0.036651
-0.075528
0.028092
0.041034
0.015129
-0.010766
-0.036671
-0.010772
0.028089
-0.036681
-0.062623
-0.023752
-0.023758
0.015153
-0.036736
-0.036751
0.054089
0.028126
0.028119
-0.010786
-0.010787
0.028119
0.002182
-0.062673
0.054069
0.028116
-0.010784
0.002182
0.028112
0.002182
-0.010782
0.028109
0.066970
0.028085
0.066911
-0.010761
-0.023708
0.015128
0.028069
0.040999
0.028052
0.040974
-0.023678
-0.023685
0.015116
-0.010752
0.002182
-0.023691
-0.023698
-0.010761
0.015124
-0.023705
-0.075518
0.028089
-0.075558
-0.036711
-0.023755
0.054049
0.066978
-0.023732
-0.101539
0.131816
0.066936
0.092767
-0.062514
-0.140296
-0.088592
-0.114648
0.183859
0.105849
-0.166332
0.067029
-0.075639
0.002182
-0.192636
-0.036827
-0.062867
0.002182
-0.023850
0.093263
-0.075882
0.223205
0.170871
0.015146
-0.114557
-0.023779
0.028142
0.080023
0.170630
-0.088486
0.092850
0.002182
-0.010766
-0.127385
0.054029
0.015139
-0.075589
-0.010786
0.067003
0.105809
-0.036666
0.028082
0.041019
-0.036656
0.002182
0.105715
0.002182
0.234740
-0.036540
0.285797
0.079392
0.169266
-0.023505
0.207494
0.015000
0.258198
-0.125744
-0.049034
-0.074692
0.002182
0.143072
0.040572
0.014975
-0.023407
0.283296
-0.061638
0.117029
0.091416
0.040401
-0.074271
-0.010566
0.104119
-0.010555
-0.036037
0.002182
-0.036052
-0.010566
0.078644
0.002182
0.014920
0.002182
-0.010556
-0.023299
-0.048800
-0.023319
-0.023325
0.014936
0.014935
0.002182
0.002182
0.014933
0.002182
0.040425
0.002182
-0.023312
0.002182
-0.010568
0.014931
-0.010568
0.014931
-0.010568
0.002182
-0.010569
-0.010571
-0.010572
-0.010574
0.078693
0.014928
0.014926
0.002182
-0.036057
0.002182
0.002182
0.002182
0.053163
0.014923
-0.010559
0.002182
-0.010561
0.002182
0.027666
0.091325
0.078527
0.002182
-0.023260
-0.010542
-0.010543
-0.074203
-0.010555
0.002182
0.002182
0.053118
0.091257
-0.023260
-0.023267
0.040352
-0.048715
0.040357
-0.023267
-0.036003
0.053092
-0.023270
0.027634
-0.023270
0.002182
0.014909
0.002182
-0.010545
0.002182
0.027634
-0.010543
0.002182
-0.010545
-0.010546
-0.023280
0.002182
0.027643
0.040362
-0.010543
0.014907
0.002182
-0.010543
0.002182
-0.048735
0.002182
-0.010551
-0.023289
-0.023296
0.014922
-0.023299
-0.010561
-0.048806
0.078654
-0.023302
0.002182
-0.010563
0.040411
-0.010559
0.040401
-0.074271
0.040415
0.002182
0.002182
-0.023306
0.040411
0.014922
-0.023299
0.116795
0.091235
0.065743
0.002182
0.027595
-0.074076
0.002182
-0.023250
0.065751
-0.023241
0.040313
-0.023238
-0.023244
0.027608
-0.010530
0.053021
-0.010525
0.002182
-0.010527
-0.010529
0.014892
-0.035955
0.053027
-0.023238
-0.010530
0.027605
0.027598
-0.010525
-0.010527
-0.086826
-0.035988
0.065791
0.002182
-0.035979
-0.086916
-0.023289
-0.087018
-0.074339
0.053202
0.027682
0.002182
-0.061581
-0.151016
0.027731
-0.151212
0.078908
-0.010602
-0.023390
0.014969
0.002182
0.091644
0.053267
0.014949
0.040474
-0.036110
-0.023354
0.002182
0.040484
-0.138330
0.066076
0.014956
0.091553
-0.048878
0.053241
-0.151075
-0.112915
-0.087430
0.078997
-0.125875
0.168625
0.014974
-0.023403
-0.241205
-0.126155
0.053536
0.002182
-0.036331
0.181784
-0.100409
0.207258
-0.125941
0.002182
-0.049113
-0.049140
-0.241956
-0.139434
-0.113835
-0.126884
0.131247
-0.101057
-0.088240
-0.075388
-0.153138
-0.062606
0.092873
-0.023721
0.092814
0.028062
0.015119
-0.205018
-0.257424
0.067146
0.300477
-0.010769
0.015133
0.196244
-0.049531
0.015113
-0.269716
-0.114572
-0.023782
0.002182
-0.075750
-0.049807
0.002182
0.093144
0.093061
-0.075710
0.106024
-0.192611
0.054164
-0.127823
0.171156
0.028153
-0.010803
0.118982
0.105889
-0.218325
-0.140759
0.054184
-0.127874
0.145234
0.158006
-0.166638
-0.010816
-0.114876
-0.062910
-0.062952
-0.062994
0.041293
-0.049969
0.028261
-0.023897
0.054333
0.041277
-0.036914
0.002182
0.028247
-0.010850
-0.010852
0.002182
0.002182
-0.049969
-0.010860
0.015224
-0.036949
-0.010865
0.041318
-0.023907
-0.102243
0.054408
0.106552
0.067358
-0.023884
-0.010853
0.028251
-0.023887
0.041283
0.145420
0.041211
-0.010826
-0.023839
0.106227
-0.023819
-0.062850
-0.010830
-0.010831
0.015195
0.002182
0.015193
0.002182
0.054211
0.041186
-0.023819
0.041181
0.028173
-0.023809
-0.023816
0.041176
-0.010814
-0.010816
0.002182
0.015180
-0.023816
0.015182
-0.023819
-0.036832
0.041196
-0.036832
-0.023836
0.015192
0.002182
-0.010828
-0.023843
-0.049888
0.028220
-0.010836
-0.036883
0.054265
0.041227
-0.010831
-0.062910
-0.010841
-0.023870
0.015209
0.015207
0.002182
0.028227
-0.010840
0.041242
-0.036878
-0.049922
0.028237
-0.010845
0.015209
0.054272
0.002182
0.002182
0.054245
0.041211
0.015188
0.002182
0.015187
END
