y[]
0.031230
0.061328
0.001105
-0.074179
0.001105
0.016167
0.046276
0.046255
-0.013942
-0.013945
0.001105
-0.029002
0.016160
0.001105
-0.044065
-0.013956
-0.013958
0.001105
-0.013961
-0.013963
-0.013965
0.031244
-0.074258
0.031258
0.001105
-0.029047
0.001105
-0.059227
0.046358
-0.059236
-0.029079
0.001105
-0.044188
0.046399
0.091630
0.016185
0.001105
0.091535
-0.013961
-0.044106
-0.104467
0.046364
0.061419
0.091508
-0.044086
0.061355
0.031217
-0.059127
0.001105
-0.059163
0.076435
-0.074224
-0.074281
0.031267
0.076469
0.001105
-0.013963
0.016173
0.016171
-0.059172
0.046317
-0.013963
-0.059190
-0.059227
-0.044167
-0.013990
-0.013992
0.031299
-0.059290
-0.104675
-0.059391
0.031358
-0.044277
0.031362
-0.014022
-0.044291
-0.059455
0.091932
0.001105
0.046488
0.001105
-0.044277
-0.104867
0.046536
0.016244
-0.014034
0.031381
0.046501
0.122061
0.031321
0.016210
0.046405
-0.029092
-0.089543
0.046440
0.031317
0.076594
0.001105
-0.089488
-0.029111
-0.059354
-0.089653
-0.014029
-0.044311
-0.014038
0.001105
0.001105
0.001105
-0.029189
0.016253
0.016251
-0.014040
-0.014043
0.091959
0.061629
-0.074555
-0.074612
0.046543
0.001105
-0.029184
0.076811
-0.029170
-0.044325
0.016251
0.001105
0.001105
0.001105
0.001105
0.046529
0.031376
0.001105
-0.014029
0.001105
0.046501
0.016233
0.001105
0.001105
0.001105
-0.014022
-0.014024
0.031362
-0.014022
0.001105
0.001105
-0.029156
-0.014029
0.001105
0.001105
0.016240
-0.014029
0.016240
0.001105
0.016237
-0.014027
0.031367
0.046481
0.001105
0.001105
-0.014018
0.001105
0.016228
0.001105
0.001105
0.001105
-0.014018
-0.074543
0.001105
0.031372
0.001105
0.016235
0.016233
-0.014022
-0.014024
0.001105
-0.059437
0.001105
0.016244
0.016242
0.031372
-0.014027
-0.014029
0.016240
0.001105
-0.014029
0.016240
0.001105
-0.029166
-0.044318
0.001105
-0.014040
0.001105
0.016251
0.001105
0.016249
0.001105
0.031385
0.031376
0.046495
0.001105
-0.014022
0.061601
-0.014015
-0.014018
0.046467
-0.014013
0.076674
-0.014004
-0.029120
-0.014011
-0.014013
-0.029138
0.046467
-0.074509
-0.014024
-0.074578
0.031385
0.001105
0.001105
0.031376
0.001105
-0.029166
-0.014034
-0.029179
0.061665
-0.029170
0.001105
0.016244
-0.014034
-0.014036
0.001105
0.001105
0.046522
0.001105
-0.014031
0.016242
0.061629
0.031353
0.001105
-0.044270
-0.014024
-0.029161
0.001105
0.046501
0.001105
-0.044291
0.001105
0.001105
-0.014031
0.016242
-0.029170
0.031381
-0.014031
-0.029175
-0.014038
-0.014040
-0.014043
-0.014045
0.016256
-0.014045
0.001105
-0.044360
-0.014054
0.046577
-0.044366
-0.014057
0.046584
0.076857
-0.029189
-0.029198
-0.014050
0.046563
0.107094
-0.029166
-0.044318
0.016249
-0.044332
0.031399
0.016249
-0.074635
0.137397
0.046495
-0.014022
0.046481
0.137108
0.046399
-0.074395
-0.014002
0.001105
-0.059345
0.001105
0.106869
-0.013997
-0.044215
0.001105
-0.059354
-0.014015
0.046460
-0.059372
-0.029147
0.001105
0.031358
-0.044277
0.061611
-0.104803
0.016242
-0.059455
0.046529
0.061638
0.001105
-0.044291
-0.029170
-0.044325
0.076811
0.016240
0.001105
0.001105
-0.059446
0.016247
-0.044325
-0.029193
-0.014047
-0.074692
-0.014061
0.001105
0.016272
0.061748
0.031413
-0.074681
0.031427
0.031418
-0.074692
0.031431
-0.074727
-0.014068
0.061785
-0.029230
0.016274
-0.044408
-0.105173
0.031482
0.046653
-0.014075
-0.044449
0.031477
-0.166055
0.061923
-0.074923
-0.059759
0.092388
0.016311
0.016309
-0.029304
0.001105
0.016311
-0.014100
0.016311
0.016309
-0.014098
0.001105
-0.029308
0.122704
-0.059676
0.016304
-0.014093
0.001105
-0.014096
0.016306
-0.029299
0.001105
0.016309
0.001105
0.001105
0.001105
0.016306
-0.029299
0.016309
0.001105
0.001105
-0.014098
0.031510
-0.014096
0.016306
0.061886
-0.029281
0.031491
0.016295
-0.014084
0.001105
0.031482
0.016290
0.016288
0.031464
-0.014073
-0.029258
0.031468
-0.014075
0.046639
-0.014070
0.016281
0.031450
-0.029239
0.016279
0.001105
-0.089969
0.031473
-0.014077
-0.029267
-0.029276
0.016297
0.001105
-0.014086
0.001105
0.046674
0.001105
-0.029271
0.016295
-0.029276
-0.014089
-0.014091
-0.044498
-0.014100
0.016311
0.001105
0.016309
0.001105
-0.014098
-0.014100
-0.014103
0.001105
0.016313
0.001105
0.016311
0.016309
-0.014098
0.001105
-0.029308
0.001105
-0.014105
0.031524
-0.029313
0.001105
-0.044539
0.031537
-0.029327
-0.014114
-0.059796
0.001105
0.031561
0.046771
0.046750
-0.014107
-0.029327
0.031537
0.031528
-0.029318
0.092346
-0.059713
-0.044532
0.001105
0.077157
-0.120605
-0.014119
0.061988
0.031533
-0.044539
0.061960
-0.044532
-0.029331
0.016325
-0.014114
-0.014117
-0.014119
0.001105
0.016329
0.077191
0.061933
-0.014098
-0.014100
-0.014103
0.001105
-0.014105
-0.029322
0.016320
-0.059768
0.016327
-0.014117
0.031547
0.016323
0.031533
-0.014107
0.001105
-0.029327
0.016323
0.046743
0.046722
0.061896
0.001105
0.001105
-0.059685
0.092277
-0.059666
0.001105
0.107432
0.046639
-0.014070
0.031454
0.046612
0.016269
-0.029225
-0.044408
0.046618
0.046598
0.001105
0.001105
0.001105
-0.074727
-0.044422
-0.029258
-0.014080
0.061831
0.016281
-0.029248
0.031459
-0.029248
-0.059630
-0.074865
-0.044505
0.077110
-0.029290
0.031500
0.016299
0.092221
0.001105
-0.074819
0.183227
-0.029225
0.046598
0.152598
-0.029175
0.016247
-0.044325
0.076811
0.001105
-0.014031
-0.014034
0.031381
0.001105
0.122116
0.001105
0.091767
-0.029106
-0.014004
0.016214
0.016212
0.001105
0.031312
-0.029102
-0.014002
-0.044229
-0.044250
0.031344
0.031335
0.046433
0.061510
0.001105
0.001105
-0.044195
-0.089557
0.031335
0.016217
0.001105
0.016214
-0.014004
0.031321
-0.014002
-0.029115
0.001105
-0.029124
0.061556
-0.029115
-0.029124
0.001105
0.031335
-0.044243
0.001105
0.076674
-0.029115
0.001105
0.001105
0.076640
-0.074429
-0.014008
-0.104755
-0.059437
-0.044325
0.046536
0.016244
-0.059464
0.001105
-0.014043
0.046543
0.001105
-0.014038
0.001105
0.016249
0.001105
0.001105
0.001105
0.016247
0.001105
-0.014036
0.016247
-0.014036
0.031385
-0.014034
-0.044325
0.016251
0.001105
0.016249
0.001105
-0.029184
0.016251
0.016249
0.001105
0.001105
0.001105
0.016247
-0.029179
0.016249
-0.014038
0.016249
-0.014038
0.016249
-0.014038
-0.029189
-0.014045
0.016256
0.031399
-0.029189
0.001105
0.001105
0.001105
-0.014045
0.001105
0.001105
-0.074681
-0.014059
-0.014061
0.001105
-0.029234
0.001105
0.046612
-0.014061
0.016272
-0.029230
0.001105
-0.014066
0.001105
0.001105
-0.014068
0.016279
0.016276
0.001105
-0.014066
0.001105
0.001105
-0.014068
0.001105
0.001105
0.001105
-0.029248
0.016283
0.031454
-0.029244
0.016281
-0.014070
0.016281
0.016279
-0.014068
0.001105
0.016279
0.016276
0.001105
0.016274
-0.014063
0.001105
0.046605
0.016267
0.001105
0.001105
-0.014057
0.001105
0.016267
0.016265
0.016263
-0.014052
-0.014054
0.016265
0.001105
0.016263
0.016260
-0.014050
-0.014052
-0.044380
0.031431
-0.014057
-0.059565
-0.014068
-0.029248
0.061803
0.001105
-0.014066
0.001105
-0.029244
-0.029253
0.016286
-0.029258
0.046646
0.031454
0.001105
0.001105
-0.044422
0.001105
0.001105
-0.029258
-0.059648
-0.029285
-0.029294
0.001105
0.031505
0.016302
0.001105
-0.014091
0.046688
0.001105
0.031482
-0.029271
0.016295
0.001105
END
