y[]
-0.002991
-0.116049
-0.002991
-0.015561
-0.002991
0.022148
-0.002991
-0.002991
-0.015559
0.034710
0.135122
-0.090859
0.034676
-0.090903
0.034695
-0.166400
-0.040738
-0.015577
0.059922
-0.040734
0.022173
0.085032
0.022144
0.022138
0.009571
-0.053248
-0.040701
0.097537
0.034681
-0.028104
0.009567
-0.002991
0.034672
-0.028097
-0.015546
0.059772
-0.065754
-0.002991
0.022119
0.034662
-0.015540
0.047197
-0.002991
0.009552
0.022091
-0.015531
-0.015532
-0.002991
-0.065722
-0.040648
0.009563
-0.028101
0.034672
0.034657
0.022100
0.009552
0.009551
0.022088
-0.015529
-0.028072
0.009551
0.009549
-0.002991
-0.015531
-0.053166
-0.028088
-0.002991
0.022106
-0.002991
-0.015539
-0.015540
-0.015542
-0.053210
-0.002991
0.022122
0.009563
0.022113
-0.015542
-0.028097
-0.028104
0.009567
0.047223
0.009559
-0.053198
-0.015546
-0.002991
0.009565
-0.002991
0.009563
-0.015545
0.022116
-0.028097
-0.028104
0.009567
0.022119
0.072301
-0.015535
0.084789
0.022075
-0.028057
-0.002991
0.022075
-0.002991
-0.090749
-0.040625
0.034643
0.022091
-0.053160
-0.090848
0.147574
-0.053154
0.047172
0.022081
0.022075
0.022069
-0.165990
-0.028091
0.009560
-0.028094
-0.090903
0.022135
0.034686
0.097411
-0.040630
-0.103430
-0.002991
-0.040682
0.047260
-0.015551
-0.065817
-0.040705
0.047292
0.009576
-0.065840
0.009582
0.110096
0.047229
-0.040653
0.009565
0.097398
0.072235
0.034601
0.084668
-0.002991
-0.002991
-0.040549
-0.015513
-0.002991
-0.065628
0.009540
-0.065659
0.047147
0.022069
0.009537
-0.103254
-0.002991
-0.015531
0.009549
-0.078254
0.034648
-0.040630
-0.015540
0.034653
0.009554
-0.015535
-0.078292
0.059764
0.009556
-0.028085
-0.015540
0.034653
0.134914
0.034587
0.009532
-0.015513
0.022053
-0.140809
-0.279199
0.135209
-0.216653
-0.116291
-0.470134
-0.028304
0.211968
0.034895
0.009635
-0.179892
0.300078
0.072633
-0.078615
0.123017
0.034781
0.311218
0.097348
-0.065691
0.022094
0.197460
0.147084
0.034493
0.034479
-0.077944
-0.065495
-0.178210
-0.040578
-0.078207
0.147385
-0.190996
0.059717
0.034615
0.009541
-0.216251
0.009567
-0.103493
-0.028132
0.084977
-0.028116
0.172756
0.009551
-0.040620
-0.254216
-0.166626
0.122906
-0.091102
0.059954
0.147915
-0.078415
0.172911
0.097386
0.097285
-0.015520
-0.128367
-0.090848
0.147574
-0.203794
0.034691
0.160131
0.209922
0.009519
-0.002991
0.109530
0.109404
0.482598
-0.077543
0.071562
0.059094
0.108665
-0.002991
0.021805
-0.052588
-0.040205
0.021820
0.046612
-0.064999
0.009414
-0.015395
0.009414
-0.015395
-0.015397
0.009415
0.034219
0.009409
-0.015391
0.009409
-0.015391
-0.052606
0.009415
-0.015397
-0.015398
-0.027811
-0.015403
0.009422
-0.015403
-0.027820
-0.002991
-0.015408
-0.065099
-0.040274
0.021866
0.021860
-0.002991
-0.015415
-0.002991
0.009434
0.009432
0.021851
-0.002991
0.021845
-0.002991
-0.065091
0.034274
-0.015411
-0.040260
0.009434
-0.015415
0.009434
0.009432
-0.002991
-0.027839
0.021857
-0.015414
-0.015415
0.009434
-0.002991
0.021854
-0.002991
0.059094
-0.065076
-0.015412
-0.027839
0.021857
-0.040265
-0.027848
-0.027854
-0.015425
-0.027863
-0.027869
-0.002991
-0.027876
0.046773
0.009446
-0.015428
-0.065199
0.009454
-0.015436
-0.052785
-0.002991
-0.027897
0.034367
0.084123
-0.040316
0.009452
-0.015434
0.009452
0.021891
0.021885
-0.015428
-0.027869
0.034325
0.021879
-0.002991
0.009442
0.071571
-0.040265
-0.002991
0.021860
0.083939
0.034242
0.021823
-0.052625
-0.002991
-0.065068
0.071497
0.009418
-0.065052
0.071479
0.046625
0.058994
0.108485
-0.114467
0.133241
0.083605
0.021737
0.046447
0.058772
-0.089469
0.009368
-0.015349
-0.015351
-0.040080
-0.089587
-0.064891
-0.040149
-0.040163
-0.015385
0.009403
0.046569
0.009395
0.009394
0.021774
-0.027755
-0.015375
0.058917
0.046508
0.058848
0.009372
-0.040085
0.021740
0.009372
0.046447
0.009365
-0.040062
0.182229
-0.077037
-0.027685
0.058734
-0.040021
-0.064738
0.021713
0.071083
0.021688
-0.101744
-0.064761
0.009366
-0.052428
-0.064822
0.058841
-0.101939
-0.027743
0.021762
0.108320
0.046441
-0.077147
-0.089576
0.021756
0.021749
-0.002991
0.145322
0.021707
0.058726
-0.077056
-0.002991
0.009357
0.120405
0.107935
-0.052276
0.157098
-0.015296
0.107704
-0.113685
-0.089171
-0.064594
0.144793
0.009315
-0.039912
-0.064556
-0.076919
-0.076974
-0.064685
-0.052373
-0.052398
0.132820
0.120314
-0.039966
-0.064647
-0.040003
0.071019
0.046319
-0.126311
-0.101756
-0.114219
0.132938
0.120420
-0.015325
-0.101720
-0.027688
0.095762
0.021682
0.034007
-0.002991
-0.002991
0.033994
0.009334
0.120177
0.107731
0.009304
0.046173
-0.064450
0.021597
-0.002991
0.193497
0.107364
-0.125615
-0.052083
-0.027546
-0.015270
-0.088991
-0.064465
0.107636
0.033857
-0.002991
0.070665
0.033817
-0.002991
0.021540
0.021534
-0.027516
0.119573
-0.064254
0.107256
0.033731
-0.002991
0.033718
-0.100910
-0.002991
-0.002991
0.009254
0.045975
-0.027471
0.021489
-0.051956
-0.027483
-0.015239
-0.015240
0.009259
0.009257
-0.039740
-0.027498
-0.002991
-0.015246
0.009265
-0.027504
0.021522
-0.027504
-0.015249
-0.002991
0.021525
-0.002991
-0.015248
0.009266
-0.002991
-0.002991
0.021519
0.009262
0.046005
-0.015237
0.021501
-0.027483
0.021501
0.033736
-0.015231
-0.039722
-0.039735
-0.015242
-0.002991
-0.002991
0.009260
-0.015242
-0.002991
0.009260
-0.015242
0.009260
-0.027495
0.009262
0.009260
0.021507
-0.015239
0.009257
0.009256
-0.027486
-0.039744
-0.015245
0.009263
-0.027501
-0.002991
0.046023
-0.015242
-0.002991
-0.002991
-0.002991
-0.002991
-0.015243
-0.015245
0.021516
-0.002991
-0.002991
-0.015243
-0.002991
0.009262
0.009260
-0.002991
-0.002991
-0.002991
-0.002991
0.094964
-0.027471
0.009250
-0.051962
0.009254
-0.002991
-0.027483
-0.027489
0.009259
-0.015240
0.021507
-0.027489
-0.027495
0.021513
-0.015242
-0.002991
-0.039753
0.046023
-0.052004
-0.002991
-0.015248
0.009266
0.009265
-0.015246
-0.039767
-0.002991
0.046041
0.009263
-0.064277
0.033785
-0.088822
0.021540
0.082820
0.009262
-0.039753
0.033772
0.021510
-0.064254
0.033772
0.033758
-0.137803
0.033794
-0.052040
-0.002991
-0.039794
-0.015261
-0.052089
0.009286
-0.027546
0.009287
0.009286
-0.088959
-0.015278
0.168894
0.021540
-0.064329
-0.113495
0.046137
0.058385
0.033817
0.046065
-0.027516
-0.002991
-0.039789
0.021543
-0.015257
0.033803
-0.027519
0.021537
0.021531
0.021525
-0.088822
-0.113454
-0.027555
-0.015275
0.009293
-0.027561
0.046143
0.070665
0.009280
-0.064359
0.046107
-0.015263
0.046089
0.021540
-0.076601
-0.027540
0.021558
-0.027540
-0.052107
0.009290
-0.002991
-0.138167
0.021600
-0.015286
-0.039884
0.181341
-0.039830
0.082946
-0.101211
0.058408
0.082904
0.070575
-0.076556
-0.052064
-0.002991
-0.039812
-0.015267
0.009286
0.217733
-0.051998
-0.027504
-0.064299
0.095085
-0.027501
0.058272
0.082715
0.033718
0.082610
-0.039668
-0.002991
-0.076385
0.033713
-0.051932
0.082641
-0.064149
-0.015227
0.021480
-0.174412
-0.015246
-0.101090
-0.039803
0.058355
0.021537
0.021531
0.009268
0.009266
-0.015248
0.070530
0.045993
-0.039726
-0.015239
-0.051998
-0.101078
0.156352
-0.002991
-0.137803
-0.113427
0.082915
0.058325
-0.027513
0.095060
-0.002991
-0.015242
0.021510
-0.015240
0.021507
0.058227
0.033722
0.082620
0.131393
0.021423
-0.431100
-0.309909
-0.015287
0.132186
END
