y[]
0.068076
-0.025973
0.014329
0.014327
0.175356
-0.160136
-0.025970
-0.066297
-0.093249
-0.026020
-0.039491
-0.133840
-0.093528
0.027881
0.054846
-0.039567
0.122229
0.000894
-0.053014
-0.161006
0.095367
-0.107083
0.014398
-0.107185
0.068457
0.068412
-0.026107
0.000894
-0.093668
0.054941
0.122393
0.041361
0.054824
0.041323
-0.026056
-0.012584
-0.026067
0.014376
0.189446
0.054701
0.041230
-0.025995
0.027783
-0.012549
-0.066351
0.054694
0.027783
0.014336
-0.093236
0.000894
-0.052934
0.014354
0.068166
-0.026009
-0.079860
0.054737
-0.012564
0.000894
0.108508
0.041219
-0.079773
0.041236
-0.039447
0.081561
-0.106676
0.054694
-0.026002
0.000894
0.027790
0.000894
-0.026002
0.000894
0.000894
-0.012557
0.027794
-0.012555
0.014343
0.000894
-0.012555
0.041236
0.027779
0.014334
0.000894
0.014332
0.014331
0.000894
0.000894
0.000894
0.014329
0.000894
0.041187
-0.012535
0.027751
0.000894
-0.025962
-0.025970
0.041187
-0.012535
0.014323
0.000894
0.027747
0.014318
-0.025955
0.027743
0.000894
0.000894
0.000894
-0.052812
-0.012537
0.027754
-0.039399
0.000894
0.014327
0.027754
-0.039399
0.014327
0.014325
0.027751
0.027743
-0.025955
0.014320
0.000894
-0.012531
-0.012533
0.000894
0.000894
0.014321
0.014320
-0.066251
0.014327
0.014325
0.000894
-0.012537
0.014325
-0.012537
-0.012539
0.014327
0.027754
-0.025966
0.014325
-0.012537
0.014325
0.000894
0.000894
-0.012537
0.000894
0.027754
-0.012535
0.000894
0.014323
-0.012535
0.000894
0.000894
-0.012537
0.000894
0.014325
-0.012537
0.000894
0.000894
0.014325
-0.012537
0.027754
0.000894
-0.025966
0.027754
-0.025966
-0.012539
0.000894
-0.039415
0.000894
0.027769
-0.025980
0.014332
0.000894
0.041198
0.000894
-0.012539
-0.039415
-0.012546
0.027772
-0.025984
0.000894
0.000894
0.000894
-0.012548
0.027776
0.027769
-0.025980
-0.012546
0.041209
-0.066306
0.054658
-0.025984
0.027772
-0.012544
0.027769
0.014329
0.000894
0.094885
-0.025951
0.041160
-0.025948
0.014316
0.027733
-0.039366
-0.025955
0.014320
0.000894
0.027740
0.027733
0.000894
0.000894
0.014311
0.000894
0.000894
0.067950
0.000894
0.041106
-0.012508
0.014296
0.000894
0.000894
0.000894
0.000894
-0.039318
0.000894
0.027704
0.027697
0.067869
-0.012497
0.000894
-0.012499
0.027679
-0.039285
-0.052704
0.000894
0.041095
0.014291
0.014289
0.000894
0.014287
0.000894
-0.052689
0.027689
0.067851
-0.133064
0.094684
-0.133118
0.067923
-0.052725
-0.066170
0.161774
-0.052704
-0.079556
-0.066197
0.027736
0.041144
-0.025937
-0.025944
-0.052804
-0.012535
0.054600
0.027736
0.000894
0.014312
0.054549
-0.039345
-0.025941
-0.119952
0.041192
-0.039404
0.000894
0.000894
0.041192
-0.039404
-0.052862
0.081518
0.094873
-0.025948
-0.025955
0.027743
0.027736
-0.093085
0.014325
-0.025970
-0.025977
-0.187404
-0.079914
-0.066496
-0.053051
-0.120588
0.108886
0.014385
-0.053080
0.041377
-0.147624
0.068430
0.068384
-0.080099
0.027899
0.095355
0.041350
0.014376
-0.053043
0.027867
-0.066550
-0.053094
-0.039616
0.000894
0.000894
-0.080176
-0.093771
-0.080319
-0.080385
-0.134717
0.041597
-0.012672
0.014460
-0.012672
0.028024
-0.012670
0.041580
0.041564
0.014447
0.014445
0.014443
-0.039759
-0.026217
0.055109
-0.039765
-0.012662
-0.026224
0.014454
0.000894
-0.012666
-0.012668
-0.012670
0.068695
0.000894
0.000894
-0.012662
-0.012664
0.028009
0.028002
-0.012659
0.000894
0.027998
0.000894
-0.039765
0.000894
0.028002
-0.012659
-0.039776
0.000894
0.041564
0.014447
0.000894
0.000894
0.000894
-0.012659
0.027998
0.000894
-0.012657
0.041542
-0.066861
0.014449
0.027998
0.014443
0.000894
-0.026206
-0.053328
0.014453
0.014451
0.000894
-0.026221
-0.012666
0.014454
0.000894
-0.026228
0.000894
-0.026236
0.014460
0.014458
0.014456
0.014454
-0.012666
0.014454
0.068668
0.014443
0.014442
0.014440
0.027980
-0.039737
-0.012653
0.000894
0.014442
0.000894
0.014440
-0.026199
-0.012655
0.041536
0.014438
0.027976
-0.053277
0.014440
-0.053299
-0.012659
0.068640
0.027980
0.000894
-0.012648
0.000894
-0.012650
0.014438
0.014436
-0.026191
-0.012651
-0.012653
0.014442
0.000894
0.014440
0.027980
0.000894
0.014434
-0.012646
0.000894
0.055043
-0.039715
0.000894
0.027969
-0.039720
0.027972
-0.039726
-0.039742
-0.012655
0.027991
0.000894
-0.053306
-0.026217
0.014451
0.041553
0.000894
0.000894
0.041536
0.027980
-0.039737
0.014440
0.027980
0.055043
0.014427
-0.026173
-0.026180
0.041503
0.027958
0.000894
-0.039704
0.014429
-0.039715
0.014432
-0.039726
0.055051
-0.026180
-0.012646
0.027972
0.027965
0.000894
-0.012640
-0.039720
-0.026191
0.000894
0.041520
-0.012646
0.000894
0.000894
-0.039737
-0.012653
-0.026206
-0.026213
0.041553
-0.012657
-0.012659
-0.053336
0.041569
-0.202648
0.068787
-0.026258
0.055190
-0.026250
0.000894
0.095867
-0.053365
0.000894
-0.216438
-0.107949
0.082538
0.055286
0.041669
0.123119
0.244896
-0.107478
0.109266
0.014432
-0.053270
0.000894
-0.039748
0.068622
-0.039737
0.000894
-0.026202
-0.134699
-0.026247
0.028035
-0.026247
-0.189297
-0.067119
-0.053550
-0.039958
0.164204
-0.094337
-0.067184
0.164204
0.014491
0.123185
-0.039853
0.014478
-0.026276
0.123102
-0.121314
0.041647
0.150178
-0.039798
-0.039814
-0.012679
0.082305
-0.066944
-0.121330
0.041652
-0.080639
0.014488
0.028075
-0.094273
0.123235
-0.094247
0.068861
0.095971
-0.053424
-0.026276
-0.053468
0.000894
0.041669
-0.080672
0.000894
-0.012707
0.096061
0.123119
-0.053409
0.028050
0.068751
-0.094118
0.095906
-0.094118
-0.053439
-0.026283
0.082405
0.068769
-0.026250
-0.012681
0.028042
0.000894
0.041602
0.000894
0.028024
-0.012670
0.000894
0.028020
-0.012668
0.014456
0.000894
0.000894
-0.012668
0.000894
0.041575
-0.039787
0.028016
-0.012666
0.014454
-0.012666
0.000894
0.000894
0.000894
-0.012668
-0.026236
-0.012673
0.014462
-0.012673
0.041591
-0.039803
0.000894
0.000894
0.014462
-0.026243
0.028031
-0.012673
-0.026247
0.028035
-0.026247
-0.012679
0.014467
0.014465
0.014464
0.055154
0.000894
-0.012668
0.014456
-0.012668
0.000894
-0.012670
0.000894
0.000894
0.014458
0.000894
0.000894
-0.012670
0.014458
0.000894
-0.026236
-0.012673
0.041591
0.055131
-0.026221
0.014453
0.014451
0.041553
-0.012657
0.000894
-0.039770
0.014451
-0.026221
0.000894
0.041564
0.000894
0.000894
-0.026217
0.028005
-0.039776
0.041564
-0.012661
0.028002
0.000894
-0.012659
0.000894
-0.012661
0.028002
-0.026213
0.041553
-0.012657
-0.026213
0.014449
0.014447
-0.026213
-0.039781
0.000894
0.014454
0.014453
0.000894
-0.066916
0.014460
0.014458
0.028016
0.000894
0.014453
0.028005
-0.053336
0.014454
0.014453
-0.026224
0.041569
0.014449
0.014447
0.000894
-0.039770
0.028005
0.055095
0.000894
0.000894
0.000894
0.068604
0.000894
-0.012644
0.014432
-0.012644
0.041503
-0.039715
0.014432
0.000894
-0.012644
0.000894
0.027969
0.000894
-0.012642
0.014431
0.014429
0.000894
-0.012640
-0.012642
-0.012644
0.000894
0.014432
0.014431
-0.053262
-0.012650
-0.012651
0.027983
-0.039742
-0.039759
-0.012661
0.041553
0.027991
0.014440
-0.012651
0.041525
-0.026191
0.082129
-0.026177
-0.026184
-0.026191
0.027980
-0.012648
-0.026195
-0.039753
0.000894
0.014445
0.000894
-0.026210
0.041547
-0.012655
0.014443
0.041531
0.095649
END
