y[]
-0.016485
0.011328
0.066945
-0.127774
-0.044367
0.067022
0.094812
0.011328
-0.155710
0.094881
0.094812
-0.016493
0.039148
-0.016493
0.094765
-0.099938
0.011328
0.011328
0.011328
0.066976
-0.100000
-0.295464
-0.072506
0.039280
0.150973
-0.128318
0.095138
-0.072483
0.067209
-0.044554
0.067209
0.067178
-0.100404
-0.100529
0.095232
0.151012
-0.184285
0.123153
0.178832
0.011328
-0.100311
0.150856
-0.044460
0.094998
0.094928
-0.072273
0.011328
0.011328
-0.211949
0.039265
0.067178
-0.044523
0.095091
0.011328
0.039233
0.094998
0.122779
0.039171
0.039163
-0.044352
0.039171
-0.072226
-0.183903
-0.044523
0.011328
0.206667
0.011328
-0.044445
0.122841
0.150545
0.178133
-0.044243
-0.016469
0.288951
-0.044135
0.149928
0.205046
-0.043982
-0.044013
-0.044043
0.066699
-0.071740
-0.044089
0.039040
0.122100
0.039002
-0.099414
-0.016377
0.039032
-0.016377
-0.044105
0.122162
0.039017
0.011328
0.094350
0.342728
-0.237120
0.342454
0.011328
-0.043784
0.011328
0.011328
-0.016240
0.176617
0.066363
0.038834
-0.016179
-0.043708
-0.098835
0.011328
-0.292246
0.121825
-0.016285
-0.071557
-0.016316
0.149468
-0.071534
0.094189
0.149278
-0.458481
0.591360
-0.098896
-0.071420
-0.209667
0.177119
0.149278
-0.099017
-0.126775
0.011328
0.066592
0.038948
0.066546
-0.099139
0.066576
-0.126851
-0.016331
-0.016339
-0.016346
-0.016354
0.039009
-0.044043
0.094373
-0.099414
0.066714
0.011328
0.066683
0.038994
-0.044013
0.039002
-0.016346
-0.016354
0.011328
0.039009
-0.016354
0.039009
-0.016354
0.094350
-0.044013
0.121978
0.011328
0.094235
-0.016300
-0.099261
-0.016339
0.094304
0.121855
-0.071557
-0.099292
-0.099414
0.260325
0.038956
-5.818326
0.740726
-0.279793
0.650679
-0.220691
0.590368
0.011328
-0.335694
0.358349
-0.248826
-0.307559
0.040359
0.301183
-0.075541
0.271707
0.040217
0.126801
0.213086
0.126436
0.413165
-0.074645
-0.304538
0.183742
0.097423
-0.160938
0.212275
0.240488
-0.103187
0.097226
0.154328
0.154124
-0.017215
-0.131509
-0.017264
-0.189045
-0.218162
0.097448
0.011328
0.011328
0.183346
-0.017322
-0.017330
-0.046012
-0.160888
0.068766
-0.189851
-0.017445
0.011328
0.040101
0.155068
0.040051
0.011328
-0.046127
-0.046160
0.040076
-0.017420
-0.132537
0.155192
0.068815
-0.017412
0.154944
0.040026
0.126039
-0.046012
-0.132165
0.011328
0.126138
0.097349
0.068634
0.097226
0.039944
0.097128
0.097054
-0.102991
0.068503
0.039903
-0.017248
0.039903
0.097005
0.068405
0.096883
0.039830
0.239053
0.181782
-0.045458
-0.273087
0.039806
-0.159661
-0.102828
-0.274632
-0.131959
0.183247
0.068569
0.125711
-0.074448
-0.074522
-0.189274
-0.304719
-0.219154
-0.075240
0.184388
-0.190605
-0.162083
0.098070
0.097995
-0.075340
0.097995
-0.104246
0.098020
-0.017562
-0.075390
-0.191307
-0.075641
-0.133789
0.069400
0.011328
0.069366
0.011328
-0.017687
-0.017696
0.011328
0.098373
-0.046694
0.040343
-0.075742
0.069383
-0.017696
-0.017704
-0.017713
0.098423
-0.017696
0.127371
-0.075692
-0.017696
0.011328
0.040351
0.040343
-0.075742
-0.017713
0.040368
0.011328
-0.017713
0.011328
-0.017721
0.011328
-0.163142
-0.221773
0.011328
0.040495
-0.017840
0.418897
0.156487
-0.017687
-0.366635
0.069569
0.272994
-0.017713
0.069400
0.214315
0.098196
-0.017620
0.069215
-0.104480
-0.278780
-0.221366
0.127742
-0.309139
0.157122
0.011328
0.098702
0.185848
0.185544
-0.279201
-0.105121
-0.046947
-0.017823
-0.222181
-0.222727
-0.047272
0.216276
0.128253
0.244768
0.331421
0.590704
-0.075365
-0.830599
1.343522
-0.421137
0.271031
-0.190605
-0.017553
0.155649
0.011328
0.414322
-0.074892
0.040076
-0.017420
-0.046193
0.355958
-0.362075
-0.248001
-0.219753
0.040242
0.098020
-0.075365
-0.017587
0.011328
-0.017595
-0.017603
0.127001
0.155732
0.097870
0.126601
0.011328
0.097696
0.011328
-0.103847
-0.075140
0.126601
-0.219353
0.097895
0.184238
0.155192
-0.132537
0.183940
-0.218888
-0.190547
0.299595
0.298767
-0.046094
-0.276277
-0.161633
-0.104146
0.040209
-0.306822
0.069248
-0.017628
-0.220624
-0.017704
-0.017713
0.185443
-0.308115
0.011328
0.301772
-0.133789
0.185443
0.185140
0.040267
-0.017612
0.213728
-0.277941
-0.511473
-0.280303
-0.164060
0.069824
0.040563
-0.076404
0.040580
0.157462
-0.047101
-0.134893
-0.135107
-0.076636
0.128595
0.128458
0.069841
-0.017925
0.069824
-0.017916
0.011328
-0.105734
0.157633
END
