y[]
0.048841
-0.012698
0.018057
0.018048
0.048765
0.048727
-0.043406
-0.012698
-0.043415
-0.012698
0.018019
-0.074142
0.018029
-0.012698
-0.166426
0.018067
0.018057
0.478101
-0.012698
0.079059
-0.043274
-0.073879
-0.012698
-0.165814
-0.074010
0.017963
0.017953
-0.074010
-0.196860
-0.227983
0.048859
-0.074255
-0.043491
0.048878
-0.166710
-0.136079
0.049011
-0.136155
-0.167234
0.172716
-0.012698
0.079880
-0.105276
0.049030
-0.043557
-0.043567
-0.012698
0.172373
-0.012698
0.079709
0.048859
0.141030
0.079426
0.048671
-0.012698
0.048633
0.017953
-0.104680
-0.012698
-0.012698
-0.012698
0.262995
0.079031
0.048408
0.017841
0.017832
-0.134873
-0.012698
-0.043265
-0.073860
-0.012698
-0.012698
-0.012698
0.048464
0.078975
0.048371
-0.012698
-0.012698
-0.104315
-0.043256
0.017860
0.017850
-0.073804
-0.073841
0.017878
-0.073860
0.048464
0.017869
-0.012698
0.017860
-0.104399
0.017878
-0.012698
0.048427
-0.012698
-0.012698
-0.104399
-0.012698
-0.073879
0.170732
0.048371
-0.134873
-0.135022
0.017897
-0.073897
-0.073935
-0.073972
-0.074010
-0.104737
0.079341
0.079256
-0.166002
0.232475
-0.012698
-0.196521
-0.043368
0.140559
0.048539
-0.104567
0.079172
0.017907
-0.257796
0.232400
-0.012698
-0.073916
0.048520
-0.043302
0.017907
-0.012698
0.079059
0.017869
-0.043265
-0.012698
-0.073860
-0.073897
-0.135209
0.017944
-0.104652
-0.135435
-0.197086
0.018057
0.079510
-0.012698
-0.012698
0.018019
-0.074142
0.048746
0.048708
0.017991
-0.104793
0.079397
-0.012698
0.140606
-0.043340
-0.043349
0.017953
0.048577
-0.012698
-0.227323
0.048671
-0.043377
-0.074085
-0.043406
-0.074142
-0.104935
-0.105020
0.018086
0.141077
-0.074180
-0.043453
0.079539
-0.012698
0.018029
0.079426
0.079341
-0.074048
-0.012698
-0.043387
-0.135548
0.386014
-0.043312
0.201402
-0.073823
0.048427
-0.104399
0.017878
-0.043274
-0.073879
-0.012698
0.109626
-0.073841
-0.104483
-0.073935
0.079144
-0.012698
-0.104539
0.109739
0.017888
-0.012698
-0.012698
-0.073879
0.017897
0.048464
0.048427
-0.073823
-0.012698
-0.073860
0.017888
-0.043284
0.017888
-0.012698
-0.043284
-0.012698
-0.012698
-0.012698
0.140137
-0.012698
-0.043246
0.048389
0.078863
0.017804
0.017795
-0.104203
0.017813
0.078779
-0.012698
-0.165207
-0.043228
0.017832
-0.104315
-0.012698
-0.717898
0.814639
-0.012698
0.078807
-0.073692
0.656201
-0.225044
0.048019
0.108625
0.471125
-0.042868
0.077786
-0.163550
0.288780
0.047489
0.077514
0.287422
-0.132638
0.406464
0.136578
-0.191856
-0.102397
0.196476
-0.042553
0.136489
0.106492
-0.131887
-0.191749
-0.012698
0.047021
-0.012698
0.017148
-0.072399
-0.012698
0.076841
0.017131
0.046932
-0.131994
-0.042544
0.017148
0.195977
0.017077
0.046826
-0.012698
0.106244
0.017015
0.135736
0.046614
0.046579
-0.042332
0.046561
-0.042323
-0.071975
0.046579
-0.071975
-0.012698
-0.012698
-0.042350
-0.012698
-0.101705
-0.012698
-0.042385
-0.012698
-0.072098
-0.072133
0.017024
-0.161397
0.136001
-0.042420
0.046737
0.017007
0.016998
0.016989
0.046649
-0.072045
-0.101785
0.076389
-0.012698
0.076310
-0.072027
-0.101758
0.046685
-0.190951
0.046755
-0.012698
0.550350
-0.071817
0.105505
-0.071782
-0.042253
-0.071835
-0.012698
0.105540
0.046369
-0.101311
-0.012698
-0.190160
-0.101547
0.342227
0.223221
-0.071625
-0.219218
0.046351
-0.042218
-0.101311
-0.160561
0.194250
0.075863
0.046299
0.016788
-0.012698
-0.101180
0.016805
-0.308119
0.282723
-0.308119
0.371180
-0.101154
-0.042201
0.105261
-0.012698
-0.012698
-0.071660
0.046264
0.075680
0.075602
0.046126
0.192912
0.075292
0.075214
-0.071297
0.045902
-0.129931
-0.100713
-0.071418
-0.012698
0.075369
0.045970
-0.012698
0.016623
-0.071349
0.338693
0.541159
0.103514
-0.245256
-0.070922
-0.245934
0.045662
0.133053
0.103750
-0.129146
0.074651
-0.012698
-0.216631
0.074753
0.103784
-0.041806
0.016410
0.016401
-0.129146
-0.070973
-0.275357
-0.012698
-0.041925
0.016529
-0.041925
0.074957
0.016503
0.307955
-0.070922
-0.129248
-0.041857
-0.187829
-0.158875
0.133480
-0.012698
0.074906
0.162280
-0.070990
-0.158577
-0.041899
0.162382
-0.071024
-0.275587
-0.041951
-0.041959
-0.012698
-0.012698
0.075060
0.016538
0.250038
-0.275433
-0.012698
-0.071177
0.075009
0.045730
0.074881
-0.012698
-0.012698
0.016478
0.045628
-0.041857
-0.071041
0.016478
-0.012698
-0.012698
0.074778
0.045577
0.045543
0.074600
-0.012698
-0.041789
END
