y[]
-0.007432
0.024441
-0.039304
0.024441
0.024430
-0.390452
-0.007432
-0.103417
0.248323
0.183956
0.056283
-0.007432
0.183469
0.341609
0.055899
-0.102444
0.087580
0.024219
-0.260918
0.119391
0.308924
-0.039023
-0.228846
0.055879
0.055839
-0.007432
0.087400
-0.007432
-0.007432
-0.197185
-0.070763
-0.070803
0.214192
0.024189
-0.260677
0.466877
0.024109
-0.354929
0.371596
-0.102054
-0.007432
-0.007432
-0.007432
-0.007432
0.024119
-0.038983
0.024119
0.055640
0.087101
0.055540
0.055501
-0.133337
-0.070444
-0.007432
0.118552
-0.007432
0.024039
-0.007432
-0.038903
-0.038913
-0.070424
0.024069
0.055540
-0.038913
0.118433
-0.007432
0.212452
-0.195874
-0.038874
0.118275
0.023970
0.023960
-0.070226
-0.007432
0.118117
-0.007432
0.117960
-0.226971
-0.070246
0.055382
0.055343
0.055303
0.117921
-0.132785
-0.101550
-0.070226
-0.164591
0.024020
0.118275
-0.133139
0.024010
-0.007432
-0.227731
0.055560
0.118433
0.024010
-0.101786
0.086923
0.055422
0.055382
-0.007432
0.023960
0.055323
0.055284
-0.007432
0.055244
-0.038765
0.055225
0.086479
-0.101343
0.055185
-0.007432
0.117685
0.055068
-0.038677
-0.007432
-0.101226
0.023842
0.023833
-0.007432
0.055068
-0.069932
-0.038697
0.023833
0.086303
0.023794
0.054990
0.023764
-0.007432
-0.101050
-0.007432
-0.007432
-0.007432
0.086186
-0.007432
-0.069834
-0.007432
0.117334
-0.069796
-0.038628
0.117295
-0.069776
-0.038619
-0.664608
0.023960
-0.101638
-0.038854
0.086804
-0.164541
-0.007432
-0.101816
0.024039
-0.038903
0.244061
-0.101668
-0.259163
0.087041
0.055501
-0.038893
-0.196408
-0.070504
0.024109
-0.228427
-0.007432
-0.133934
0.340065
0.150123
-0.038923
0.024059
0.118433
0.212452
-0.038814
0.274656
0.117685
-0.163853
-0.038746
-0.070089
0.055225
0.117764
-0.007432
-0.038716
0.117646
-0.257745
0.023891
-0.038755
-0.132824
0.086627
-0.038775
-0.038785
0.055264
-0.132863
0.211969
0.180244
0.023813
0.023803
-0.226285
-0.038736
-0.226833
-0.007432
0.023941
-0.070187
-0.038824
-0.101668
-0.038864
0.118236
0.149431
-0.007432
0.023911
-0.038775
0.086568
-0.101432
0.086568
-0.101432
0.149185
0.086421
0.023833
0.148745
0.086157
-0.101021
-0.007432
-0.007432
0.086157
-0.069815
-0.069854
0.148550
0.148307
0.023687
0.334236
-0.131540
-0.193883
0.023667
-0.069640
-0.131965
-0.007432
-0.194523
0.241945
0.085924
-0.131926
-0.100904
0.210535
0.023667
-0.007432
0.178961
-0.224925
-0.007432
-0.287762
-0.163511
0.023803
-0.038667
-0.132471
0.086362
0.055049
-0.069912
0.023813
0.023803
-0.163706
-0.038716
-0.007432
0.055127
-0.007432
0.117568
-0.069912
0.086274
0.117373
0.054912
-0.069776
-0.069815
-0.007432
-0.163560
-0.007432
0.086274
0.023784
-0.101109
0.179834
0.054912
-0.069776
0.148356
-0.007432
-0.069718
0.023716
-0.069737
-0.069776
0.023745
-0.038609
-0.007432
0.054912
-0.007432
0.054873
-0.132081
-0.007432
0.023745
-0.038609
-0.163463
0.584194
-0.100614
0.147823
0.085606
-0.069447
0.116561
0.147343
-0.038368
-0.131271
0.178269
0.054392
-0.285941
0.209253
-0.224117
-0.131463
-0.038464
0.147631
0.209253
0.332127
-0.161634
0.085118
-0.192617
0.177753
0.023399
0.023389
0.115759
0.023342
-0.007432
-0.068989
-0.007432
-0.192332
-0.038282
0.269875
-0.408234
0.177753
0.085032
-0.069065
-0.161682
0.177639
-0.038253
-0.007432
-0.161682
-0.161920
-0.038358
0.116216
-0.007432
-0.069237
-0.162111
-0.069371
0.085462
-0.038387
0.023523
-0.038387
0.085404
-0.100268
0.147247
0.085261
-0.007432
0.023447
0.023437
0.085118
-0.130851
-0.069198
-0.007432
-0.069237
0.085261
-0.100125
0.085261
0.054316
0.054277
-0.007432
-0.007432
-0.130889
0.054316
-0.069179
0.054316
0.054277
0.054239
0.054201
-0.099896
0.085032
0.177240
-0.038187
0.207655
-0.130282
0.084720
-0.007432
-0.007432
0.176617
-0.130094
-0.099527
-0.284227
-0.192389
0.054258
-0.254422
0.116139
-0.192846
-0.224184
-0.193594
-0.100643
-0.256421
0.086011
0.241324
-0.162832
0.085837
0.147823
0.116599
-0.131463
-0.038464
0.023600
0.085606
-0.193594
0.023619
-0.038483
0.240707
-0.038416
-0.100441
-0.007432
0.054584
0.147439
-0.131309
-0.007432
-0.038425
0.147439
-0.007432
0.085375
-0.069294
0.116254
0.054354
0.023447
-0.131003
-0.038349
-0.100239
0.116292
-0.100211
0.023504
-0.131233
-0.038406
0.054507
0.023523
0.085375
-0.007432
-0.069294
0.054430
-0.007432
0.023485
0.054373
-0.069237
0.085261
0.116025
END
