y[]
0.003531
-0.031749
0.003531
-0.031761
0.003531
0.003531
0.003531
-0.067091
0.003531
0.003531
0.038848
0.003531
-0.031786
0.074152
0.003531
0.038823
-0.067066
0.003531
0.038835
0.038823
0.038811
0.003531
-0.067041
-0.067091
0.038848
0.003531
0.038835
0.144624
0.109221
-0.066916
0.109183
-0.031674
-0.137413
0.038786
-0.031724
0.038786
-0.102271
-0.102383
0.074152
0.003531
-0.031774
-0.173179
0.109594
0.003531
0.003531
0.074177
0.038835
0.074103
0.074053
0.003531
-0.102271
0.074078
0.003531
0.495969
-0.559454
-0.067066
0.179929
0.144426
0.073904
-0.102047
0.003531
0.003531
-0.102159
-0.031724
0.038786
0.109221
0.003531
-0.031687
0.003531
0.003531
0.003531
0.109146
-0.031662
0.073904
0.003531
-0.031649
-0.031662
0.003531
0.003531
-0.031674
-0.031687
0.003531
0.003531
0.003531
0.003531
0.003531
-0.066941
0.038773
-0.102233
0.038798
0.003531
0.038786
0.109221
-0.137413
0.074028
-0.102233
-0.067041
0.074103
0.074053
0.144426
-0.102121
0.073978
0.109109
0.038699
-0.031637
-0.031649
0.109035
0.214205
0.038600
-0.031538
0.038600
0.003531
0.038588
0.038576
0.003531
0.038563
-0.066546
0.073608
0.108555
0.003531
-0.031465
-0.031477
0.073534
-0.031465
0.003531
0.073510
-0.101456
0.038539
-0.066497
0.003531
-0.031501
0.003531
0.038563
0.003531
-0.101603
-0.031538
-0.031551
0.038612
0.003531
0.073657
-0.136771
-0.031575
0.108813
0.038600
0.038588
-0.066595
-0.066645
-0.031575
0.003531
0.073731
0.003531
0.003531
0.003531
0.108739
0.038576
-0.066571
0.038588
0.038576
0.003531
0.003531
0.003531
0.038563
-0.031501
0.003531
0.003531
-0.101640
0.003531
0.003531
-0.031551
0.003531
0.003531
0.038612
0.073657
0.108628
0.038539
-0.031477
-0.031489
-0.136672
-0.031551
0.038612
-0.312647
0.038711
-0.207737
0.179618
-0.172556
-0.066991
0.214947
-0.102121
-0.102233
-0.031749
0.074078
0.074028
-0.066966
0.074028
-0.031711
-0.031724
-0.102308
0.003531
0.074103
0.003531
-0.349826
0.356888
-0.031749
0.250227
0.038724
-0.066867
-0.031687
-0.031699
-0.066966
0.003531
0.179680
-0.102121
-0.031711
0.038773
-0.066966
-0.067016
0.109332
-0.102271
0.003531
-0.031761
0.074103
-0.067041
-0.067091
0.038848
0.074127
-0.491695
0.463465
0.074103
-0.137662
0.003531
-0.137862
-0.031849
0.109632
0.074202
-0.102495
0.074227
-0.067165
-0.031836
0.109594
0.074177
-0.067115
-0.031811
-0.031824
-0.067215
0.180303
-0.067140
-0.067190
0.109594
0.038860
-0.137862
0.074252
0.109519
-0.137812
-0.031836
-0.138062
0.038948
0.003531
0.074327
0.038910
0.038898
-0.067215
0.003531
-0.031861
0.074302
0.003531
-0.138062
0.003531
0.003531
0.145124
0.003531
0.003531
-0.067240
0.038923
0.003531
0.003531
0.038910
0.003531
-0.031849
0.003531
0.003531
0.038910
0.003531
-0.031849
0.003531
0.003531
-0.031861
0.003531
0.003531
-0.031874
-0.031886
-0.067341
0.038973
0.003531
0.038961
0.003531
-0.031899
0.038961
0.038948
-0.067316
-0.031911
-0.067391
0.003531
0.074453
0.038973
0.038961
-0.138263
-0.067441
0.145425
-0.067391
0.003531
-0.031949
-0.102984
0.003531
0.003531
0.003531
-0.031999
-0.352468
0.110464
0.003531
-0.032101
0.003531
0.003531
-0.067770
0.110464
0.110350
-0.067669
0.145880
-0.352722
-0.282388
0.039315
-0.032254
-0.175584
-0.068205
0.039405
0.039392
-0.139993
0.003531
-0.104247
0.039470
0.075370
0.003531
0.075318
-0.032356
0.003531
0.039418
0.290167
-0.103861
0.075139
-0.247320
0.075267
-0.175906
0.075344
-0.032369
0.039431
-0.176099
0.003531
0.039483
0.003531
0.075396
-0.032395
0.254742
-0.247680
-0.032408
0.003531
0.111309
0.039431
0.039418
0.003531
-0.068257
0.003531
0.003531
-0.104247
0.075396
0.182968
0.039380
-0.068179
0.075241
0.111000
-0.032279
-0.032292
-0.104015
0.111077
-0.068154
0.218431
0.003531
-0.068051
-0.175648
-0.032344
0.003531
-0.068257
0.003531
-0.068308
0.075370
0.003531
0.039431
-0.068282
-0.068334
-0.176358
-0.176682
0.075655
0.075603
0.075551
0.039522
0.039509
-0.068437
0.075499
-0.068437
0.075499
0.147312
0.147106
-0.140044
0.039444
0.003531
0.003531
0.003531
0.003531
0.111193
0.146900
-0.068128
0.111000
0.003531
-0.032279
0.075139
0.110846
0.003531
0.003531
0.003531
-0.032228
-0.139633
0.003531
0.003531
0.039341
0.075113
0.039303
-0.032241
0.003531
-0.032254
-0.032266
-0.068102
-0.068154
0.003531
0.039380
0.039367
END
