y[]
0.007978
0.277339
-0.092947
-0.160457
0.075387
-0.329518
-0.093493
0.177040
-0.330431
-0.229592
0.041952
-0.162003
-0.162292
-0.196730
-0.094533
-0.334488
0.316251
-0.026227
0.144731
0.144544
0.314570
-0.026041
-0.332854
0.280737
-0.230645
0.110315
0.518097
0.109691
0.143434
-0.263116
-0.059910
0.041928
-0.161887
-0.094080
0.042009
0.076006
-0.162177
0.178133
0.007978
-0.094080
0.042009
-0.026053
-0.026064
-0.060142
-0.128401
0.110280
0.110176
0.042021
0.144033
-0.196173
-0.367385
0.076331
-0.026192
-0.026204
0.144637
-0.026169
-0.026180
0.007978
-0.026192
0.144590
-0.162816
0.007978
-0.163108
0.179065
0.007978
0.076331
-0.026192
0.110455
-0.128680
0.144637
0.042114
0.212547
0.007978
0.076075
0.110037
-0.196242
-0.026099
0.144218
-0.026064
0.110071
-0.060072
0.144033
-0.060026
0.109967
-0.094010
-0.162234
-0.196660
0.042114
-0.026157
-0.026169
0.144497
0.007978
0.007978
-0.094393
-0.060328
0.042137
0.007978
0.007978
-0.060351
-0.026204
-0.094638
0.076401
0.042172
0.042161
0.110455
-0.060328
0.007978
0.007978
0.042137
0.042126
-0.026169
0.007978
0.007978
-0.026180
0.007978
0.007978
-0.026192
0.042149
-0.026192
0.007978
-0.026204
0.042161
0.007978
0.042149
0.007978
0.007978
0.007978
0.076284
0.042114
-0.060304
-0.026180
0.042137
0.007978
0.042126
-0.026169
-0.026180
1.668189
0.343437
-0.059023
0.275716
-0.092339
-0.058956
-0.025506
-0.025517
0.041474
0.074935
0.007978
0.108330
0.074823
0.074779
0.074734
-0.225862
-0.293479
0.108565
0.242288
-0.562015
0.310144
-0.226960
0.075160
-0.126430
-0.092947
0.209727
0.175792
-0.059113
-0.059158
0.041552
-0.126385
0.108768
0.209253
0.108464
-0.092507
0.007978
0.074980
-0.126070
0.175511
-0.025506
-0.059023
0.007978
0.141937
0.141758
-0.025450
0.108229
-0.092272
-0.025461
0.275180
0.007978
-0.025383
0.007978
0.108028
-0.192222
-0.058844
0.074801
0.074756
0.041351
-0.092172
-0.025427
-0.058867
-0.058911
0.375319
-0.025361
-0.025372
0.074667
-0.025361
-0.158883
-0.092272
0.141624
0.041362
0.041351
-0.058777
0.041362
-0.058800
-0.159162
-0.125935
-0.059046
0.141982
-0.092507
-0.159722
-0.092777
-0.126521
-0.329063
0.311366
0.176130
0.142297
-0.159948
0.108768
-0.025607
0.209321
-0.092642
-0.159948
0.007978
0.041586
-0.193838
0.209795
-0.059249
-0.092947
-0.093049
0.041665
0.176244
0.075205
0.175848
-0.025573
-0.025584
0.007978
-0.126385
-0.092913
-0.093015
-0.261836
0.109244
0.075432
-0.059475
-0.228468
-0.025845
0.075614
0.041779
-0.093459
0.176983
-0.127202
0.109381
-0.161083
-0.025868
0.109484
-0.059681
0.007978
0.007978
-0.025868
-0.331120
-0.059979
-0.094045
0.110002
0.007978
-0.060026
-0.094115
-0.162408
0.042079
0.110210
0.314049
-0.025983
-0.093976
0.245710
0.245146
0.075637
-0.127385
0.278523
0.109244
-0.059521
0.007978
-2.383663
-0.061202
0.111731
0.146148
0.111480
0.007978
0.180244
0.076802
0.076754
-0.405388
0.249316
0.145625
-0.233027
0.042443
-0.371791
-0.165122
-0.234866
0.181499
0.007978
-0.269800
0.112236
-0.061514
-0.026786
-0.026798
-0.305556
0.217111
0.424935
0.077302
0.111874
-0.165242
-0.026702
0.007978
-0.130862
0.042707
-0.061490
-0.026774
0.250992
-0.096098
0.042683
0.077351
-0.304576
-0.096424
0.147157
0.112236
0.112127
-0.061442
0.250739
0.077230
-0.095918
-0.200138
0.146771
-0.130814
0.007978
0.146771
-0.339365
0.007978
0.007978
0.216529
-0.061490
0.007978
-0.061538
0.181680
0.042683
-0.026726
0.007978
0.042683
0.181319
0.146435
0.077135
0.111623
-0.061106
0.077063
0.214946
0.007978
0.076873
-0.164346
0.042467
-0.130048
0.180481
0.180184
0.111160
-0.474448
0.077039
-0.164763
-0.199706
-0.061346
0.181199
-0.165242
-0.304576
0.112272
-0.165904
-0.305775
-0.096825
0.217476
-0.201519
-0.272036
0.113076
0.112965
0.147790
0.147594
-0.026907
0.425806
-0.026774
-0.061563
0.077519
-0.514762
-0.026968
-0.061952
-0.167061
0.078031
-0.272527
-0.238111
0.183818
-0.273514
-0.062519
0.007978
0.430217
0.253463
0.007978
-0.167307
-0.132471
0.358733
0.007978
0.147936
0.252435
0.147400
0.286239
-0.061514
-0.270476
0.042828
0.286336
0.042719
-0.131055
-0.166086
-0.061732
0.356047
-0.026774
0.250992
-0.026702
0.285083
0.077135
0.249649
0.386571
0.179593
0.007978
-0.094955
-0.198207
-0.164168
-0.060963
-0.026510
-1.032253
0.112490
0.216674
-0.096315
-0.061611
-0.375632
0.042913
END
