y[]
-0.068436
0.031637
-0.101841
-0.168809
0.098560
0.031681
-0.068547
-0.068592
0.031715
0.031703
-0.068592
0.031715
-0.001725
-0.035164
-0.068637
-0.035197
0.031748
0.065187
-0.102109
-0.001725
0.031748
-0.102177
0.065255
0.065210
-0.035186
0.132055
0.065098
-0.068547
0.265298
-0.268747
0.098493
-0.101942
0.098493
-0.001725
0.065031
-0.035097
-0.001725
-0.035108
-0.035119
-0.035130
0.165192
0.031625
0.064942
-0.035052
-0.001725
0.131520
-0.068325
0.031581
-0.001725
-0.001725
-0.035030
-0.001725
0.031581
-0.001725
0.031570
0.031559
-0.035008
0.031559
-0.035008
-0.001725
0.031559
-0.001725
-0.035008
-0.001725
-0.001725
-0.068325
-0.035041
0.064898
-0.035030
-0.001725
-0.035041
0.031592
-0.068369
0.031603
-0.001725
-0.001725
0.064898
-0.035030
0.064875
0.031559
-0.001725
-0.001725
0.031548
-0.001725
-0.001725
0.031537
0.064765
0.031504
-0.034953
0.031504
-0.001725
0.097894
-0.034920
-0.101376
0.296932
-0.001725
-0.001725
-0.001725
-0.001725
0.064523
-0.034843
-0.034854
-0.001725
0.031404
-0.134307
-0.034898
-0.101310
-0.034942
-0.001725
-0.001725
0.131078
-0.034909
0.064632
-0.068082
-0.134571
-0.001725
-0.034964
-0.034975
0.064765
-0.001725
-0.101475
-0.068280
0.031559
-0.001725
0.031548
-0.034997
-0.001725
-0.001725
-0.068302
0.098126
-0.034997
0.064809
-0.001725
-0.068258
-0.035008
0.131343
0.164361
-0.167810
-0.034975
0.064765
-0.034964
0.097960
-0.001725
0.064676
-0.068126
-0.001725
0.097860
-0.068104
0.031470
-0.134571
0.064721
0.031481
-0.001725
-0.001725
-0.001725
0.064654
0.064610
-0.034887
0.031437
-0.034887
0.031437
0.031426
-0.001725
-0.068038
-0.034898
-0.001725
0.031448
-0.034898
0.064610
-0.034887
0.064588
-0.034876
0.064566
-0.034865
-0.068038
-0.001725
0.097728
-0.034865
0.064544
0.031393
-0.067972
-0.034865
-0.034876
-0.001725
-0.001725
-0.034887
0.064588
0.031415
-0.001725
-0.001725
-0.034865
-0.001725
0.064544
-0.034854
0.031404
0.064501
0.097531
-0.001725
-0.100980
-0.034832
-0.034843
0.031393
0.031383
-0.001725
-0.034832
-0.001725
0.031383
0.031372
-0.067928
0.064479
-0.034821
-0.001725
0.031372
0.031361
-0.034810
-0.001725
0.031361
-0.034810
-0.001725
-0.001725
0.031361
0.064413
-0.067862
0.031350
-0.034799
-0.001725
-0.001725
0.031350
-0.001725
0.130463
-0.001725
-0.034755
-0.067818
0.031328
-0.001725
-0.034777
-0.001725
-0.001725
0.031328
-0.001725
-0.034777
0.031328
-0.001725
-0.034777
0.097400
0.064304
0.064260
-0.100718
-0.001725
-0.034744
-0.067797
-0.034777
-0.001725
0.031328
-0.001725
-0.067840
-0.134087
0.064479
-0.134175
0.031404
-0.067994
0.031415
-0.001725
0.031404
0.097597
0.031361
-0.067906
0.064457
-0.001725
-0.034810
-0.034821
0.031372
-0.067928
-0.001725
0.031383
-0.101079
0.064523
-0.067972
-0.034865
-0.001725
0.031415
-0.034865
-0.001725
-0.034876
0.031426
-0.068038
0.031437
0.031426
-0.068038
0.031437
0.031426
-0.001725
-0.034876
-0.001725
-0.101244
0.031459
-0.034909
0.031459
0.064610
-0.001725
-0.001725
0.031426
-0.034876
-0.001725
-0.001725
0.031426
-0.001725
-0.068038
0.064588
-0.034876
-0.001725
0.064566
-0.001725
-0.001725
0.031404
0.031393
-0.067972
0.031404
-0.001725
-0.034854
-0.001725
-0.001725
0.097630
-0.034832
0.097564
-0.067906
0.031372
0.031361
-0.067906
0.097531
-0.001725
-0.067884
-0.034821
0.064457
-0.067906
0.031372
-0.134175
0.031404
-0.034854
-0.001725
0.097630
-0.034832
0.031383
-0.034832
-0.067972
0.130726
-0.034821
0.031372
-0.067928
0.031383
-0.001725
-0.001725
-0.034832
0.031383
-0.001725
-0.001725
-0.034832
0.064479
-0.034821
-0.001725
0.031372
-0.034821
-0.001725
0.031372
-0.001725
-0.001725
-0.034821
-0.001725
-0.034832
-0.067972
0.031404
0.031393
-0.001725
-0.034843
-0.001725
-0.001725
-0.034854
-0.034865
-0.001725
0.064544
-0.001725
-0.034854
-0.001725
-0.001725
-0.001725
0.031404
0.031393
-0.034843
-0.034854
0.031404
-0.001725
0.064501
-0.034832
0.064479
-0.134175
0.031404
-0.067994
-0.001725
-0.001725
-0.034876
0.031426
-0.001725
0.031415
-0.034865
-0.068038
0.064588
-0.001725
0.031415
0.031404
0.064501
0.031372
-0.034821
0.031372
-0.101046
-0.034854
0.064523
-0.067972
0.031404
0.031393
-0.067972
-0.034865
-0.001725
-0.001725
-0.001725
0.064544
0.031393
-0.101112
-0.034876
0.064566
-0.001725
-0.068016
0.064566
-0.034865
0.031415
0.031404
0.031393
-0.001725
-0.034843
-0.001725
0.031393
-0.001725
-0.001725
0.064479
END
