y[]
0.033953
-0.041561
0.071696
-0.041547
-0.003804
0.109382
-0.041518
-0.003804
-0.041533
-0.117076
0.033968
0.033953
-0.041561
-0.117161
0.033996
-0.079418
0.071810
-0.079418
-0.003804
0.034010
-0.041618
-0.041633
0.034025
-0.003804
0.071810
0.147254
0.147026
-0.079190
-0.116990
-0.003804
-0.041561
0.335499
-0.079105
-0.041476
-0.003804
0.033868
-0.041476
-0.041490
-0.003804
0.071554
-0.041476
0.033868
0.071497
-0.003804
0.033825
-0.003804
-0.041433
0.146629
-0.116607
-0.192092
-0.116947
0.109340
-0.041504
-0.116990
0.184769
-0.003804
0.071526
-0.003804
-0.041462
-0.041476
-0.079190
-0.003804
0.033896
0.033882
0.146799
0.108999
-0.154236
0.033825
-0.079077
0.033840
-0.003804
0.071441
-0.041419
0.033811
-0.003804
0.033797
-0.003804
0.033783
-0.003804
-0.003804
-0.041391
-0.003804
-0.003804
-0.003804
-0.003804
0.033783
-0.041391
-0.003804
0.108915
-0.078935
0.296384
-0.191316
0.071243
0.071187
-0.078795
-0.078851
-0.078907
0.033755
-0.229368
-0.003804
-0.003804
-0.003804
-0.079105
0.071497
0.071441
0.146516
-0.116522
0.033783
0.071328
-0.003804
-0.041363
-0.116565
1.489318
0.107287
-0.077851
0.107246
-0.077823
-0.077878
0.033240
-0.003804
-0.152062
-0.078015
0.033309
-0.189505
-0.078181
0.070573
0.033364
0.107617
-0.189574
0.181966
-0.115225
0.070490
-0.115266
-0.003804
-0.152613
0.107824
-0.040999
0.107741
-0.003804
-0.040972
-0.040986
0.033378
-0.040986
0.033378
-0.003804
0.033364
-0.152558
-0.190058
-0.153058
-0.041152
0.070879
0.070823
0.070767
-0.190336
0.108157
0.033489
-0.041096
-0.003804
-0.078431
-0.115849
0.070907
0.108157
-0.003804
0.070767
-0.078375
-0.078431
0.145394
-0.489514
0.407335
-0.078431
0.033517
0.108074
0.107949
0.145006
-0.078181
-0.041013
0.070601
-0.040999
0.070573
-0.189850
-0.078320
0.070712
-0.190197
-0.078459
-0.041152
0.033544
0.070851
0.108074
-0.003804
-0.041083
-0.041096
0.108032
-0.115640
-0.115765
-0.078514
-0.078570
0.183007
-0.115849
-0.078570
0.033586
-0.003804
-0.041194
0.220328
-0.265340
-0.116100
0.183287
0.145617
-0.153225
0.070935
0.108199
-0.078459
-0.153281
0.033586
0.332080
-0.115640
0.070767
-0.003804
-0.041083
-0.003804
-0.115723
0.033517
-0.003804
-0.003804
0.033503
-0.041110
-0.003804
0.033503
-0.003804
-0.003804
0.070767
-0.041083
-0.003804
-0.041096
-0.003804
0.033489
-0.041096
-0.003804
-0.003804
-0.003804
0.070767
-0.041083
-0.041096
0.033489
0.107990
0.145061
-0.003804
0.033378
-0.078181
0.070573
0.033364
-0.115349
0.033392
-0.003804
0.033378
-0.003804
0.070518
-0.115307
-0.003804
0.070546
-0.078153
-0.003804
0.033378
-0.189850
0.033433
-0.003804
0.070629
0.033392
-0.003804
-0.040999
0.033392
0.033378
-0.078181
-0.003804
-0.115473
0.107866
-0.003804
-0.041013
0.070601
-0.040999
-0.115473
-0.003804
-0.078320
-0.041083
0.145227
-0.003804
-0.003804
0.107824
0.070546
-0.003804
-0.152558
0.070601
0.033378
-0.003804
-0.040986
-0.078209
-0.078264
0.145061
-0.040999
-0.003804
0.070573
-0.078181
-0.003804
0.033392
0.144840
-0.040944
0.070463
0.070408
-0.078015
0.033309
-0.003804
-0.040917
-0.040930
0.033323
-0.078070
-0.040958
0.144729
-0.115183
-0.078126
0.033364
-0.003804
0.070490
-0.003804
0.033323
-0.115225
-0.040972
0.070518
-0.078126
-0.003804
-0.040986
0.033378
-0.040986
-0.078209
-0.003804
-0.190058
0.070740
0.033447
-0.078320
0.107949
-0.264755
-0.228019
0.070990
0.108283
-0.041152
-0.003804
-0.415558
0.333212
-0.228355
0.033656
-0.078738
0.108577
0.108451
-0.041208
-0.041222
-0.078682
0.108493
0.070990
-0.078598
-0.003804
-0.003804
-0.003804
-0.003804
-0.041222
-0.003804
-0.003804
0.071018
0.033586
-0.041194
-0.041208
-0.003804
-0.078654
-0.041250
-0.041264
-0.041278
0.071131
-0.003804
-0.003804
0.071074
0.071018
-0.003804
-0.003804
-0.116058
0.033628
0.071018
0.033586
-0.041194
-0.003804
-0.003804
-0.003804
0.033586
-0.041194
-0.003804
-0.078626
-0.003804
-0.003804
-0.003804
0.033614
-0.116100
0.033642
-0.003804
-0.003804
-0.003804
-0.003804
0.033628
-0.003804
-0.003804
0.071018
-0.041208
0.033600
0.033586
-0.003804
0.145617
-0.041138
0.145450
-0.003804
-0.078403
-0.003804
-0.003804
0.033503
-0.003804
-0.003804
-0.003804
-0.041110
0.033503
0.145283
0.107866
0.182035
-0.040944
-0.078126
0.107658
0.107534
0.033281
-0.077988
0.033295
0.070353
-0.077960
-0.078015
0.070408
0.033281
-0.115100
-0.003804
-0.003804
-0.003804
-0.040930
END
