y[]
-0.004586
-0.004586
0.059537
0.027460
-0.036633
-0.004586
0.059496
0.059454
-0.036602
-0.068648
-0.004586
0.027449
-0.004586
0.059454
0.027419
-0.004586
-0.004586
-0.004586
-0.004586
-0.004586
-0.004586
0.027408
-0.004586
-0.036581
0.027408
0.059373
-0.036561
-0.004586
-0.004586
-0.036571
-0.036581
0.027408
-0.068586
-0.036602
-0.036612
-0.196956
-0.068792
-0.004586
0.027521
0.027511
-0.004586
-0.004586
-0.004586
0.027501
-0.100879
-0.004586
-0.068833
-0.036725
-0.004586
-0.101065
0.027583
0.059722
-0.004586
-0.101065
0.059743
-0.004586
-0.036746
0.059722
0.059681
0.155901
0.027480
0.091552
0.059454
0.059414
-0.036581
-0.004586
0.027408
-0.036581
-0.100633
0.059454
0.027419
-0.004586
0.059393
0.027388
-0.068546
-0.036581
-0.004586
-0.004586
-0.036592
-0.004586
-0.004586
-0.068627
-0.004586
-0.004586
0.059454
0.027419
-0.004586
0.123332
0.059311
0.027347
0.091153
-0.036490
-0.004586
-0.036500
0.027327
0.059209
-0.100296
-0.100387
-0.004586
-0.036540
0.027367
-0.068505
-0.004586
0.059332
-0.036540
-0.004586
-0.100510
0.091337
0.027367
-0.004586
0.091214
-0.068443
0.027347
-0.036520
0.027347
-0.100418
-0.100510
-0.004586
-0.068586
-0.036602
-0.068648
-0.100756
0.027480
0.027470
0.027460
-0.164920
-0.100910
-0.165332
-0.036767
0.124072
0.123907
-0.197389
0.188216
-0.036694
0.059619
-0.036684
0.091675
0.059537
-0.004586
-0.036643
-0.036653
-0.004586
0.027480
-0.004586
-0.036653
0.123619
-0.068669
-0.036643
0.347470
-0.388710
-0.004586
0.027480
0.091552
-0.068669
-0.036643
0.059516
0.059475
-0.036612
-0.004586
-0.036622
-0.004586
-0.036633
0.059496
0.187414
-0.068546
-0.036581
0.059393
-0.260751
0.027470
-0.068710
0.027480
-0.068730
0.091614
-0.036643
-0.036653
0.027480
-0.004586
0.123578
-0.068648
-0.036633
-0.004586
-0.036643
0.027470
0.027460
-0.004586
-0.197018
-0.004586
0.027511
0.091644
-0.036653
-0.100848
-0.068813
0.091737
-0.100910
-0.004586
0.091737
-0.197327
-0.068916
-0.004586
-0.133370
0.027625
-0.585983
0.092548
0.189400
-0.069207
-0.036912
-0.133994
0.157147
-0.166320
-0.004586
0.027781
-0.134120
0.157304
0.124738
-0.166268
0.060117
0.027750
-0.036923
-0.036933
-0.036944
-0.036954
-0.134162
0.060222
-0.036986
-0.101847
-0.166898
0.027897
-0.102068
0.027918
0.190219
0.027844
-0.004586
-0.101910
-0.037049
-0.004586
-0.004586
-0.037059
-0.069564
0.027907
0.125284
-0.037038
0.060306
-0.101942
0.027876
0.060306
-0.069479
-0.037049
0.027876
-0.037049
0.125199
-0.037017
-0.004586
-0.037028
-0.004586
-0.134457
0.060370
0.060327
-0.101973
0.027886
-0.134541
0.092895
-0.134583
-0.102195
0.060496
-0.037123
0.092990
-0.037102
-0.004586
0.092927
0.125284
0.157514
-0.036986
-0.069416
-0.101910
0.157567
-0.036996
0.060222
0.254230
0.092297
-0.101470
-0.101564
0.092391
-0.101564
-0.004586
0.092391
0.092297
-0.004586
0.059950
-0.004586
0.027666
-0.004586
-0.165955
-0.004586
0.027708
0.059971
-0.004586
-0.004586
0.027677
0.027666
-0.101376
-0.036871
-0.069186
0.027718
-0.036891
-0.004586
0.060013
-0.004586
0.059971
-0.004586
-0.069144
0.027698
0.027687
-0.036860
0.027687
-0.004586
0.027677
-0.004586
-0.036850
-0.004586
0.027677
-0.069123
-0.004586
0.027687
-0.036860
-0.069165
-0.004586
-0.004586
-0.036891
0.027718
-0.036891
0.027718
-0.004586
-0.004586
-0.036891
0.027718
0.446591
-0.068916
0.027583
0.027573
-0.036746
-0.004586
-0.004586
-0.004586
-0.004586
-0.036756
0.027583
-0.101127
0.027604
-0.004586
0.124072
0.188092
-0.004586
0.027490
0.059537
0.251496
0.123209
0.091153
-0.100326
-0.036520
-0.036530
-0.036540
-0.004586
-0.004586
-0.068525
0.059352
0.091245
-0.004586
0.059250
0.027317
0.027306
0.122883
0.027256
-0.036429
0.376851
0.090546
-0.067998
0.058825
-0.099719
0.027134
-0.068038
-0.068079
-0.068119
0.122438
0.122277
-0.004586
0.153767
0.058685
-0.067858
-0.036237
0.153566
0.058605
-0.036177
-0.004586
0.058585
0.121636
-0.036127
-0.320543
0.185107
0.090125
0.153068
-0.004586
0.089887
0.026885
-0.067539
-0.067579
-0.004586
0.026915
0.089857
-0.004586
0.215436
0.058188
0.026786
-0.035959
-0.035969
-0.004586
-0.035979
0.026806
-0.004586
0.026796
-0.035969
0.058168
-0.098734
-0.067401
-0.036008
0.152424
0.089502
-0.098675
0.058149
0.026766
-0.098675
0.026786
-0.130136
0.058208
0.152227
-0.035930
0.026757
-0.004586
-0.192792
-0.004586
-0.098822
0.089649
-0.098822
-0.004586
END
