y[]
0.129516
0.031802
-0.000734
-0.065817
-0.000734
-0.033292
-0.033302
-0.033313
0.031844
-0.098502
-0.033345
-0.033355
-0.000734
0.064497
0.097033
-0.033313
-0.033324
-0.033334
-0.033345
0.097065
-0.065923
-0.033345
-0.000734
0.031876
-0.000734
-0.033345
0.031876
0.064455
-0.033324
0.097001
-0.065881
-0.065923
-0.000734
-0.033345
0.064476
0.031855
-0.000734
-0.033324
0.031855
0.031844
0.064391
-0.000734
-0.000734
-0.033292
-0.033302
-0.033313
0.064412
0.064370
0.031802
-0.000734
0.031791
-0.000734
-0.033260
-0.033271
-0.000734
-0.033281
-0.000734
0.031812
0.031802
-0.033271
-0.033281
0.031812
0.031802
0.031791
-0.033260
-0.000734
-0.000734
-0.000734
-0.033271
-0.033281
0.031812
-0.033281
0.031812
-0.033281
-0.033292
-0.000734
0.031823
-0.000734
-0.033292
-0.000734
-0.033302
-0.131112
-0.000734
-0.131283
0.064561
0.097129
-0.033345
-0.033355
0.031887
-0.098630
0.097161
0.031876
0.031866
-0.065945
0.031876
-0.033345
0.064476
0.031855
0.031844
-0.000734
0.031834
-0.065881
-0.000734
-0.000734
-0.033324
-0.000734
-0.033334
-0.000734
-0.000734
0.031866
-0.033334
-0.000734
-0.033345
-0.000734
-0.000734
-0.000734
-0.000734
-0.033355
0.031887
-0.000734
-0.000734
0.031876
-0.065966
0.031887
0.064476
0.031855
-0.000734
-0.000734
-0.000734
-0.000734
-0.000734
-0.033324
-0.000734
-0.000734
-0.033334
-0.000734
-0.033345
-0.033355
-0.131325
0.064582
-0.066051
-0.033409
-0.000734
0.064604
-0.033398
0.031929
-0.066072
0.064604
0.162424
0.064455
-0.000734
-0.033324
-0.000734
-0.000734
-0.065945
-0.000734
-0.000734
-0.000734
-0.000734
-0.000734
0.097065
0.129516
-0.000734
-0.065839
-0.000734
-0.033302
-0.033313
-0.065923
0.031866
-0.000734
-0.065945
-0.000734
-0.000734
-0.065987
-0.066030
0.031919
-0.000734
0.031908
-0.066030
-0.033398
0.031929
0.031919
-0.033387
0.162424
-0.000734
0.031866
-0.098566
-0.000734
0.031887
0.031876
-0.065966
0.064497
-0.033345
0.031876
-0.065966
-0.000734
-0.000734
0.031887
-0.033355
0.031887
0.031876
-0.000734
0.031866
-0.000734
0.097001
-0.000734
-0.033302
0.031834
-0.033302
-0.000734
-0.000734
-0.000734
-0.000734
0.064391
-0.033292
0.064370
0.031802
-0.033271
-0.065839
-0.294229
0.227614
-0.131155
0.031887
0.097065
-0.065923
-0.000734
-0.033345
-0.000734
-0.033355
0.097097
0.031855
-0.098534
-0.033355
-0.066008
-0.066051
0.064582
-0.000734
-0.033387
0.031919
-0.000734
0.064540
-0.033366
0.031897
-0.033366
0.031897
0.031887
0.031876
0.031866
0.031855
-0.229082
0.031919
0.031908
-0.000734
-0.066030
-0.000734
0.097193
-0.033366
0.064519
0.064476
0.031855
-0.065923
-0.000734
0.031866
-0.033334
-0.000734
-0.033345
-0.000734
-0.033355
-0.000734
-0.066008
0.031908
0.064519
-0.033355
0.064497
-0.000734
-0.033345
0.031876
-0.000734
-0.000734
-0.000734
0.031866
0.031855
-0.000734
-0.000734
-0.000734
-0.033324
-0.000734
-0.000734
0.031855
-0.033324
-0.000734
0.031855
-0.000734
-0.033324
0.031855
-0.065923
-0.065966
0.031887
0.129644
-0.033313
0.031844
-0.033313
-0.033324
0.064433
-0.033313
-0.033324
0.064433
-0.033313
-0.033324
0.097001
-0.163680
0.097065
0.096970
-0.000734
-0.065860
-0.033313
-0.033324
-0.098566
-0.066008
0.129771
0.031866
-0.033334
0.064455
0.031844
-0.033313
-0.294420
0.325530
-0.033313
-0.000734
-0.033324
-0.000734
-0.000734
-0.033334
-0.000734
0.031866
-0.000734
0.064433
-0.033313
-0.033324
0.031855
0.031844
-0.033313
-0.065923
0.097033
-0.033313
-0.033324
0.097001
0.031823
-0.033292
-0.033302
0.031834
0.064370
-0.033281
0.031812
0.031802
0.031791
-0.065796
-0.000734
0.031802
-0.033271
-0.033281
-0.065860
-0.000734
0.096938
0.031802
-0.033271
0.064327
-0.065796
-0.033281
0.064349
0.031791
0.064285
-0.000734
-0.000734
0.031760
-0.033228
0.031760
0.031749
-0.000734
-0.000734
0.096652
0.161367
-0.065543
-0.098026
-0.000734
-0.065648
-0.130689
0.096747
-0.000734
0.064201
-0.033197
-0.000734
-0.000734
0.031728
-0.000734
-0.000734
0.031717
0.064138
-0.033165
-0.098090
-0.000734
-0.033207
0.031738
-0.065690
-0.000734
-0.000734
-0.000734
-0.033228
-0.000734
0.031760
-0.000734
-0.000734
-0.000734
-0.033228
-0.000734
-0.033239
0.031770
-0.033239
-0.033249
-0.000734
0.031781
-0.000734
-0.033249
0.031781
0.031770
-0.033239
-0.000734
-0.000734
0.031770
-0.000734
0.031760
0.031749
0.031738
-0.000734
-0.033207
-0.000734
-0.033218
-0.000734
0.031749
-0.000734
-0.000734
0.031738
-0.033207
END
