y[]
0.061795
0.061763
-0.250726
0.061876
0.090256
0.061795
0.316829
-0.278454
0.203490
-0.250290
-0.080247
0.147018
-0.193899
0.061859
-0.194182
-0.166045
0.090548
0.204338
0.175544
-0.080247
-0.023437
-0.051890
0.004993
0.061876
-0.023445
0.033430
-0.023445
-0.165802
0.147342
0.061876
-0.051890
-0.080392
-0.137478
0.004993
-0.023526
-0.481070
0.205422
0.033593
0.033585
-0.080807
0.433259
-0.223188
-0.109293
0.033576
-0.023591
0.004993
0.119278
-0.080709
0.062136
0.090646
0.004993
0.004993
-0.023550
0.062070
-0.080636
0.062087
-0.109228
0.004993
-0.080758
0.033585
0.062152
0.062119
0.318607
-0.023477
0.033462
0.061908
-0.080392
0.118823
0.004993
0.090281
-0.023428
-0.165704
-0.165996
-0.223448
0.119278
0.090621
0.204508
0.118823
-0.051906
-0.108902
0.175787
0.061859
0.232136
0.004993
-0.222151
-0.194182
-0.023493
-0.080514
0.062005
-0.023509
0.061989
-0.137559
0.090548
-0.194751
0.062103
-0.052117
0.004993
-0.023575
-0.166583
0.176568
-0.023583
-0.023591
-0.023599
-0.080832
0.033609
0.033601
0.090768
0.062136
0.004993
0.033552
-0.052134
0.062119
0.033544
0.062070
0.004993
-0.052085
0.004993
-0.023558
0.033544
0.062070
0.004993
0.004993
-0.023542
-0.052101
0.004993
0.033544
0.033536
-0.080660
0.090646
-0.052101
0.033544
0.004993
0.062070
0.004993
-0.052085
0.147626
-0.080563
0.004993
0.062038
0.062005
-0.109065
0.147544
0.004993
-0.109032
-0.052069
-0.052101
0.004993
-0.195093
0.062201
0.004993
0.090744
0.090670
-0.280885
0.290871
0.176128
-0.080538
-0.280640
0.090768
-0.166632
-0.281705
0.148444
0.119606
0.033626
-0.052281
-0.138335
-0.081103
0.119770
-0.023689
0.004993
0.176962
0.090867
0.176519
0.062103
-0.109260
-0.080783
-0.109489
-0.138294
0.291362
-0.052216
-0.052248
0.033617
-0.023632
-0.023640
-0.080955
-0.109719
0.004993
0.062365
0.004993
0.004993
0.033667
-0.052363
-0.052396
-0.081152
0.033716
0.091113
-0.052413
0.148444
-0.167174
0.033708
0.033699
-0.052429
0.062414
0.062382
-0.109818
0.033708
-0.023722
0.148485
0.090990
0.090916
-0.052281
0.090891
0.004993
-0.138212
-0.023673
-0.023681
-0.052380
-0.138582
-0.081251
-0.052545
0.062530
0.033749
-0.110082
-0.052594
-0.110281
0.062646
0.033807
0.062596
0.148857
-0.023764
0.004993
0.119968
0.033716
-0.052462
0.062447
-0.052462
0.091162
-0.023722
0.004993
-0.109950
-0.052528
0.120001
-0.052495
-0.311782
-0.052711
-0.023871
-0.139453
-0.052844
0.033915
-0.023930
0.091736
0.004993
-0.052827
-0.052861
0.091761
-0.081775
-0.110815
-0.023980
0.033966
0.004993
-0.139956
-0.053046
-0.024039
0.034025
0.004993
-0.053079
0.034033
0.004993
-0.053096
0.121137
-0.053062
-0.053096
-0.024064
0.034050
0.004993
0.324065
0.033949
0.004993
-0.081901
0.033966
-0.081951
-0.024005
-0.024014
-0.024022
0.004993
0.004993
0.121002
-0.023997
0.091937
-0.052961
0.004993
-0.023997
0.091937
0.004993
-0.139956
-0.082077
0.034025
0.092038
-0.082052
0.150025
0.062947
-0.023980
0.149773
0.033924
-0.023938
0.265071
0.120366
-0.110381
0.149189
-0.052661
-0.081550
-0.139412
-0.052827
-0.023930
-0.023938
0.120667
-0.052827
-0.052861
0.033924
-0.284695
0.033999
-0.227295
0.092164
-0.024056
-0.344251
0.150659
0.004993
0.034101
0.004993
-0.053231
-0.140716
0.004993
-0.199357
-0.199776
0.004993
0.034271
0.151256
0.004993
0.209402
0.092469
-0.024158
0.150659
0.004993
-0.024124
0.063217
0.092265
-0.111388
-0.053248
0.208688
0.121204
0.063048
0.034008
0.120968
-0.052978
0.091937
0.033957
-0.052945
-0.169021
0.034016
-0.024031
0.150025
0.004993
0.207686
-0.168719
0.004993
-0.052978
0.004993
0.033982
0.033974
0.004993
-0.023989
-0.169072
0.150067
-0.053012
-0.372860
0.092316
-0.111456
-0.140759
0.034160
0.208926
-0.024115
-0.082382
-0.053299
0.208866
0.092240
0.150236
0.092038
0.062981
0.004993
0.149815
0.091786
-0.168669
-0.081951
0.236675
-0.081825
0.004993
-0.023963
-0.052945
-0.052978
0.033982
0.062947
-0.052961
0.004993
-0.111017
0.063014
-0.024014
-0.053046
0.063031
-0.024022
0.092012
0.004993
-0.053012
0.004993
0.004993
0.004993
0.004993
-0.082077
-0.024047
-0.053113
-0.024073
0.063115
0.004993
-0.082204
0.004993
0.034067
0.034058
0.004993
0.034050
-0.024064
-0.053147
0.034067
-0.024081
-0.111388
0.034101
-0.053231
-0.053265
-0.024149
0.092393
-0.024132
0.063234
0.034101
0.034092
0.237483
-0.053079
END
