y[]
0.033206
0.000371
-0.065310
-0.098232
0.164656
0.033196
-0.032454
0.000371
0.033196
0.033185
0.000371
-0.065267
0.000371
0.000371
-0.098167
0.000371
0.000371
0.000371
0.033228
-0.032486
0.066074
0.066031
0.033185
0.000371
0.098748
0.065902
0.000371
-0.065160
-0.032411
0.065923
0.000371
0.065880
-0.032378
-0.130734
0.033163
0.131433
-0.032378
0.000371
-0.065160
0.065902
0.131304
-0.032346
-0.097845
0.033120
-0.065138
0.000371
0.000371
-0.032400
0.033142
0.000371
-0.065181
0.033152
0.033142
0.033131
0.033120
0.033110
-0.097877
0.098619
0.000371
-0.032368
0.033110
-0.065117
0.033120
0.000371
-0.097909
0.033142
-0.032400
-0.130820
0.000371
0.033185
-0.032443
0.098780
-0.130863
0.131605
-0.130863
0.066009
-0.065267
0.000371
0.000371
0.098812
0.065945
-0.065203
0.033163
0.033152
0.065902
0.000371
0.033120
0.000371
-0.097909
-0.032411
0.033152
-0.065203
-0.065246
-0.032454
0.033196
0.000371
0.000371
0.000371
0.000371
-0.032454
0.066009
-0.032443
0.000371
-0.032454
0.033196
0.000371
0.000371
0.000371
0.033185
0.000371
0.033174
0.000371
0.000371
0.000371
0.000371
0.000371
0.033163
0.033152
0.033142
0.000371
0.033131
-0.032389
0.000371
0.000371
-0.032400
0.033142
0.000371
0.033131
0.000371
0.033120
-0.032378
0.033120
-0.065138
0.000371
0.033131
0.098587
-0.196157
0.000371
0.000371
-0.032421
-0.098070
-0.032464
0.066031
-0.065289
-0.032475
0.066052
-0.065310
0.000371
-0.032486
0.164548
0.000371
-0.032443
0.000371
-0.065289
0.000371
-0.065332
0.033228
-0.098232
0.098974
0.000371
-0.065354
0.033239
0.131734
0.065988
0.164225
0.000371
0.065837
-0.032357
0.261894
0.130877
0.065560
0.032950
-0.032208
-0.032218
0.000371
0.065539
0.000371
0.032939
-0.064776
-0.032218
0.032960
0.163158
0.000371
-0.064712
0.065454
0.000371
0.032897
0.097884
0.097789
0.097695
-0.032060
0.000371
-0.032070
-0.064543
0.032833
0.000371
0.000371
-0.064564
0.032844
0.032833
-0.032091
-0.064585
0.032854
0.032844
0.032833
0.000371
-0.032091
0.000371
0.000371
0.000371
0.162577
0.097568
-0.096827
-0.032049
-0.032060
0.000371
0.032802
-0.096953
-0.097047
0.000371
-0.064627
-0.064670
0.000371
-0.032165
0.097948
-0.032144
0.000371
-0.032155
0.000371
0.032897
0.065390
0.065348
0.000371
-0.064606
0.097821
0.000371
0.000371
-0.032102
-0.129626
0.032886
-0.064670
0.000371
-0.032165
0.130452
0.000371
0.000371
0.000371
0.000371
0.032865
-0.032123
-0.064649
0.000371
0.032886
-0.032144
0.000371
0.032886
0.032875
0.000371
0.000371
0.032865
-0.032123
0.000371
0.000371
0.000371
0.000371
0.000371
-0.064649
0.032886
0.032875
0.000371
0.000371
-0.097174
-0.097269
0.032928
-0.032186
0.000371
-0.064776
-0.064818
0.032971
-0.097460
-0.064903
0.065645
-0.064903
0.000371
0.000371
0.033013
-0.097588
0.000371
-0.032303
0.000371
0.033045
0.033035
-0.064967
0.033045
0.000371
0.065688
0.098266
0.000371
-0.064882
-0.097588
0.033035
0.000371
-0.097652
0.033056
-0.326962
0.295018
-0.065031
0.033077
0.098426
0.033035
-0.097652
0.033056
0.000371
-0.032314
-0.032325
-0.032335
0.000371
0.033077
-0.065053
0.000371
-0.065095
-0.130691
0.033152
0.033142
0.033131
0.033120
-0.032378
0.065859
-0.130648
0.033142
0.098619
0.000371
0.000371
0.000371
0.033099
-0.065095
0.065837
-0.097845
0.033120
0.000371
-0.065138
0.033131
0.033120
-0.032378
-0.097941
0.000371
0.098683
0.065859
-0.065117
0.033120
0.065837
0.033088
-0.065074
0.000371
0.033099
0.000371
0.000371
0.000371
-0.032357
0.098522
-0.065053
0.033088
0.065773
0.000371
-0.163215
-0.032378
0.229391
-0.163161
-0.229025
0.000371
0.098748
0.065902
0.033120
0.000371
0.033110
0.000371
-0.065117
0.065859
0.033099
-0.032357
-0.130648
0.000371
0.000371
0.033142
-0.163590
0.065988
-0.065246
0.033185
-0.032443
-0.163860
0.000371
0.033239
0.066074
0.066031
-0.032454
0.066009
-0.032443
0.065988
-0.032432
0.000371
-0.032443
0.000371
-0.065289
-0.032475
0.000371
-0.032486
0.000371
-0.164076
-0.131381
0.033325
0.000371
0.000371
-0.032583
0.066269
0.033304
-0.065505
0.000371
0.000371
0.000371
0.033314
0.099136
0.000371
0.066160
-0.065419
0.000371
0.066160
0.000371
0.066117
-0.032497
0.000371
-0.032508
-0.098329
0.000371
0.000371
0.033282
0.000371
-0.098394
0.066225
0.000371
0.033282
0.033271
0.000371
0.000371
END
