y[]
-0.033869
-0.033881
0.035287
0.000703
-0.068477
-0.068525
0.035323
-0.033917
-0.033929
0.000703
-0.068597
0.070003
0.069955
0.000703
-0.033917
0.069931
0.035299
0.104420
0.035252
0.000703
-0.102977
0.138920
-0.068381
-0.033857
-0.068453
0.000703
-0.068501
-0.068549
0.035335
0.069931
-0.068525
-0.137897
0.035371
-0.033965
0.346844
-0.068429
-0.103085
-0.068549
-0.103265
0.104671
-0.068597
0.070003
0.035335
0.000703
-0.103229
0.070003
0.311961
-0.172098
-0.172397
-0.207413
0.312716
0.069907
0.138968
-0.137561
0.414926
-0.240718
-0.102942
0.138873
-0.033821
-0.241302
0.104492
0.069836
-0.033857
0.035264
0.000703
0.035252
0.035240
-0.172098
-0.068501
0.104492
0.000703
-0.103085
-0.068549
-0.068597
-0.242226
-0.138379
0.105033
0.000703
0.000703
-0.103626
-0.208283
0.000703
0.000703
-0.103954
0.035601
-0.524049
0.070830
0.000703
0.105801
0.140661
-0.104247
-0.034305
-0.069349
0.315554
0.070536
0.070487
0.035577
0.174889
-0.034110
-0.173543
0.000703
-0.138913
0.000703
0.070536
0.209908
-0.103844
-0.103954
-0.104064
-0.139157
-0.069300
0.175620
0.070585
-0.104137
0.000703
0.035662
-0.174214
0.035711
-0.104357
0.035736
-0.209675
-0.034403
0.035810
0.105948
0.105837
-0.139500
0.280914
-0.069276
0.000703
-0.034305
0.070707
-0.279605
0.140956
-0.034341
0.210787
-0.139304
0.420138
0.070438
0.070390
-0.034134
-0.103881
-0.034182
-0.069105
0.035613
0.000703
-0.069129
0.105434
-0.034195
0.035601
0.070463
-0.034170
-0.034182
0.070463
-0.034170
-0.069080
0.000703
0.000703
0.000703
0.070487
-0.069080
-0.034207
0.035613
0.000703
0.000703
0.140222
0.000703
-0.034158
0.070414
-0.138767
-0.069105
-0.034219
0.035626
-0.104100
0.000703
0.070585
0.000703
0.035626
0.035613
0.035601
0.000703
0.105324
0.000703
-0.069032
0.000703
0.000703
0.522534
0.174044
-0.033941
0.069979
-0.068573
0.173804
0.069860
0.069812
0.069764
-0.033821
0.035228
0.379687
0.172495
0.035026
0.000703
-0.033620
0.103637
-0.033596
0.000703
0.137831
-0.205058
0.000703
0.035026
0.137878
0.034968
-0.033561
0.000703
0.069220
0.103390
0.000703
0.205762
0.000703
0.034839
0.000703
0.000703
-0.170091
0.205621
-0.101703
-0.101808
-0.067696
0.034909
0.034897
0.000703
0.034886
-0.204565
0.103390
0.069103
-0.033491
-0.033502
0.034909
-0.033502
0.000703
-0.101984
0.103390
0.034909
0.103250
0.000703
0.103145
-0.033432
-0.135955
-0.101913
0.000703
0.034921
-0.101984
0.034944
0.205902
0.069009
-0.033444
-0.067626
0.239652
-0.033397
0.034804
-0.101633
0.034827
0.068916
-0.033397
-0.033409
0.034816
-0.067533
-0.101738
0.000703
0.103145
0.000703
-0.067579
0.034851
-0.033444
0.103110
-0.170033
0.000703
0.000703
0.103180
0.000703
-0.067603
0.000703
0.069009
0.034839
0.034827
0.068916
-0.067509
-0.101703
0.000703
0.000703
0.034851
-0.033444
0.000703
0.034851
-0.067603
0.069009
0.137176
0.034792
-0.033386
0.000703
0.000703
-0.067509
-0.033421
-0.033432
0.000703
-0.033444
-0.033455
0.000703
0.034862
0.000703
0.000703
-0.101808
0.103215
0.000703
0.034851
0.068963
-0.033421
-0.033432
0.068963
-0.067556
0.034839
0.171206
-0.751694
0.000703
0.069338
-0.170971
0.000703
-0.033667
0.035074
0.103743
-0.033631
0.000703
0.000703
-0.274400
0.035133
-0.033726
0.035133
-0.033726
0.344464
0.000703
0.069314
0.172024
0.205902
-0.067649
0.000703
0.137362
0.068963
-0.101703
-0.033455
0.034862
0.034851
-0.238572
-0.102019
-0.033561
0.069220
0.171790
-0.033491
-0.136189
-0.239310
-0.033631
0.137972
-0.067907
0.035015
-0.067931
0.172201
0.137690
0.034921
0.034909
-0.067720
0.000703
-0.102019
0.103425
-0.067766
0.000703
-0.136377
0.069267
0.171907
0.000703
0.000703
-0.033514
-0.067766
0.034944
0.034932
-0.033526
-0.170618
0.034991
-0.136518
0.069338
0.000703
0.035003
-0.033596
-0.033608
-0.033620
0.172201
0.069220
0.103390
0.103285
-0.067673
-0.136189
-0.033549
-0.033561
0.000703
0.000703
-0.102160
0.069290
0.034979
0.103461
0.000703
-0.136330
-0.136518
-0.205482
0.069479
0.138113
-0.033631
-0.136754
-0.033690
-0.309374
-0.275731
0.035299
-0.172397
0.035347
-0.033941
0.139208
-0.068525
0.069931
0.104456
0.035264
-0.068429
-0.033881
-0.033893
-0.103157
0.000703
-0.033941
0.139208
-0.033905
-0.033917
0.035323
0.000703
-0.033917
0.000703
0.035323
-0.033917
-0.033929
-0.033941
0.035347
-0.137945
0.035383
END
