y[]
0.001873
0.001873
0.001873
-0.061720
0.097248
0.033645
-0.029898
0.065406
0.033624
0.065345
0.065305
0.033574
0.001873
-0.061538
0.033584
0.001873
0.001873
0.001873
0.001873
0.033574
0.001873
0.001873
0.001873
-0.029827
0.033574
0.001873
-0.029827
0.033574
0.001873
0.001873
0.033564
0.001873
-0.029817
0.001873
0.001873
0.001873
0.001873
0.001873
0.001873
0.001873
0.001873
-0.029827
0.033574
-0.029827
0.001873
0.033574
0.001873
0.001873
0.001873
0.001873
0.001873
0.001873
0.001873
0.001873
0.001873
0.001873
0.001873
0.255118
0.033484
0.065064
-0.061318
0.065064
-0.061318
0.001873
-0.029737
-0.093018
0.001873
-0.029777
0.033524
0.033514
-0.061418
0.033524
0.001873
-0.029777
0.128416
0.001873
-0.029747
-0.061398
0.065144
0.001873
0.001873
0.033494
0.033484
-0.029737
-0.029747
-0.029757
0.033504
0.001873
0.033494
-0.061378
0.128336
0.065045
0.001873
-0.536358
0.508524
-0.061318
0.001873
0.001873
-0.029737
0.033484
-0.029737
0.128256
0.001873
-0.029707
0.033454
-0.029707
0.001873
0.033454
0.001873
-0.061298
0.001873
-0.029727
-0.061358
0.096705
-0.029727
-0.029737
-0.029747
0.033494
0.001873
0.001873
0.065084
0.033464
0.001873
-0.029717
0.065045
-0.029707
-0.029717
0.033464
0.001873
0.033454
0.001873
0.065005
0.159527
0.001873
0.001873
0.001873
0.001873
-0.061159
-0.061198
-0.061238
0.033434
-0.061258
0.001873
0.033444
-0.124469
-0.124629
-0.156480
0.033564
-0.188422
0.128777
0.096945
-0.093199
0.128616
0.001873
-0.124869
-0.125030
0.033614
-0.029868
-0.029878
0.065365
0.001873
0.033604
-0.061599
0.065345
-0.029858
0.001873
0.033604
0.033594
0.033584
-0.029837
0.033584
0.033574
-0.029827
0.033574
-0.029827
0.096945
-0.029807
-0.029817
0.001873
0.001873
0.096915
0.033534
-0.029787
0.001873
0.001873
0.001873
0.033534
0.001873
-0.029787
-0.029797
0.001873
0.096855
-0.029777
0.001873
-0.029787
0.033534
0.001873
-0.029787
0.001873
0.001873
0.001873
0.001873
0.033534
0.065164
-0.061418
0.033524
0.001873
0.128376
0.001873
-0.029737
0.033484
0.001873
0.001873
-0.029737
0.001873
0.001873
-0.029747
0.033494
-0.029747
0.223008
-0.092839
-0.124549
0.033494
-0.061378
0.001873
0.001873
-0.093078
-0.029797
0.096855
0.033514
0.033504
0.001873
-0.029757
-0.061418
-0.061458
-0.093199
0.096945
-0.156630
0.033594
-0.029848
0.033594
0.001873
0.033584
-0.125030
-0.061639
0.065386
-0.220596
0.001873
0.033685
0.033675
-0.220950
0.224697
-0.093562
-0.061801
0.129181
-0.029938
0.065487
-0.029928
0.001873
0.065466
0.033655
-0.029908
-0.093531
0.065487
0.033665
0.033655
0.001873
0.001873
0.001873
-0.029908
-0.061720
0.065466
-0.029918
0.001873
0.097217
0.065386
-0.029878
0.001873
0.033624
-0.029878
0.192229
0.001873
0.001873
-0.029827
0.001873
0.096945
0.096855
-0.061438
0.001873
-0.093169
0.033564
-0.061518
0.160277
-0.029787
-0.093169
-0.188482
0.097096
0.192048
-0.156580
0.001873
-0.061578
-0.125151
-0.093501
0.033675
0.097217
0.033634
-0.284341
0.319839
0.033614
-0.061619
0.033624
0.001873
0.033614
0.065325
0.033584
0.033574
0.096915
0.001873
-0.029797
0.001873
-0.029807
-0.029817
0.001873
0.033564
0.001873
0.001873
0.033554
0.065205
0.001873
0.001873
-0.061458
-0.029807
0.033554
-0.061498
0.033564
0.033554
-0.029807
0.033554
0.033544
0.001873
0.001873
0.001873
0.001873
-0.029797
0.001873
0.001873
0.033544
0.001873
0.001873
0.001873
0.001873
0.001873
0.033534
-0.029787
0.001873
-0.029797
-0.029807
-0.283705
0.001873
0.001873
0.001873
0.001873
-0.029908
0.001873
-0.125353
0.033695
0.033685
-0.061760
0.192652
0.001873
0.128857
0.001873
-0.029858
0.192108
-0.093199
-0.029837
0.065285
-0.029827
0.065265
-0.029817
-0.124990
-0.125151
0.033645
0.097127
0.001873
0.001873
0.128737
0.001873
-0.156731
0.128777
-0.029837
-0.029848
0.097006
-0.061538
0.033584
-0.061558
0.065305
-0.061558
0.001873
-0.061599
0.065345
-0.093350
-0.029888
0.033634
0.065365
-0.029868
-0.061639
0.001873
-0.220738
0.065527
-0.125475
0.033726
0.033715
0.129140
-0.061740
0.033685
0.097248
-0.029908
0.001873
-0.061720
0.065466
0.001873
0.033655
-0.029908
0.033655
-0.029908
-0.029918
0.001873
0.001873
-0.061740
-0.157337
-0.125678
0.065669
0.001873
0.001873
0.001873
0.001873
-0.157693
-0.253963
0.033889
-0.126250
0.033919
-0.030173
END
