y[]
0.197545
0.251369
0.034383
-0.101070
0.007301
-0.046928
0.007301
0.061531
-0.046928
0.088635
0.007301
0.061487
0.439735
-0.073637
0.034288
0.142127
-0.046607
0.034259
0.061195
0.034238
0.034230
0.195600
0.087892
-0.180845
0.007301
0.007301
0.007301
0.087979
-0.127198
-0.100428
0.061181
-0.100486
-0.046636
-0.100661
-0.073747
0.169332
0.115176
0.061195
-0.019642
0.168852
-0.046520
0.034216
-0.073463
0.007301
0.034230
-0.100457
-0.073594
0.034274
0.061224
-0.019656
0.088153
-0.100515
-0.073637
-0.019693
0.088262
0.007301
0.007301
-0.046665
-0.019693
0.115235
-0.073637
0.061268
-0.019678
-0.046680
0.061283
0.007301
0.034281
-0.019678
0.034281
0.034274
-0.019671
-0.019678
-0.019685
-0.019693
0.007301
0.034296
0.034288
-0.019685
-0.046694
-0.046723
0.007301
-0.019722
0.034325
-0.046753
-0.046782
-0.019751
0.061399
-0.019744
0.034347
0.061370
0.169332
0.007301
-0.019685
0.061268
0.007301
0.088197
-0.046621
0.088175
-0.073572
-0.316848
0.169508
0.007301
-0.073769
0.088372
-0.100807
-0.155080
-0.073988
0.088591
-0.046884
0.034398
0.169727
-0.046811
0.007301
0.007301
-0.019766
0.007301
0.088481
0.088415
-0.127925
0.034361
-0.046826
-0.019773
0.007301
-0.019780
-0.073988
0.034405
-0.046914
0.034413
0.007301
0.061502
0.007301
0.007301
-0.074010
0.115703
-0.073988
-0.128329
0.007301
0.007301
0.007301
-0.509777
0.061857
-0.047254
0.061857
0.034568
-0.047239
-0.019980
0.034583
0.198063
-0.101661
0.007301
0.116264
0.034523
0.007301
-0.128883
0.034553
-0.074476
0.170789
0.007301
0.007301
-0.019928
-0.019935
0.061768
0.088945
-0.101572
0.034531
-0.019928
-0.047180
0.143449
-0.183356
-0.047239
-0.183825
0.171146
-0.293286
-0.157037
-0.129854
0.089617
-0.102468
0.034755
0.144457
0.171640
0.007301
0.089370
-0.020047
0.034650
0.089302
0.034620
-0.020017
-0.074699
-0.102138
0.226060
-0.102018
0.034643
0.034635
-0.020032
-0.074744
0.062006
-0.020047
0.061991
0.007301
-0.020040
-0.020047
0.061991
0.007301
0.061961
0.007301
0.007301
-0.047358
0.007301
0.007301
-0.020040
-0.020047
0.034650
0.061976
-0.047373
-0.020047
-0.047418
0.034665
-0.047433
0.007301
0.007301
-0.020077
0.034680
0.034673
0.007301
-0.020070
0.034673
0.007301
0.062021
0.007301
0.034650
-0.020047
0.061991
-0.020040
0.116621
-0.047343
0.061946
0.061916
-0.129292
-0.020040
0.061976
-0.020032
0.061961
0.061931
0.007301
0.007301
0.007301
0.007301
0.007301
0.388877
-0.128809
-0.156275
0.143634
-0.402255
-0.156992
0.034703
0.280899
-0.074699
0.034643
0.061961
-0.074699
0.061976
0.061946
0.143783
0.034575
0.170789
0.034523
-0.019921
-0.019928
-0.047180
-0.183616
0.034598
-0.238634
0.034658
-0.047418
0.116711
0.034635
-0.102078
0.062006
0.061976
-0.074722
-0.020055
-0.020062
0.171370
-0.184138
0.034673
0.062021
0.061991
0.034635
0.034628
0.061931
-0.320926
0.144194
0.034658
-0.047418
-0.211877
-0.267349
0.172182
0.034755
-0.047613
-0.020167
0.034770
-0.075127
0.007301
-0.185297
-0.075355
-0.103013
0.007301
-0.324374
-0.186685
0.090485
0.118105
-0.048085
0.145710
-0.269707
0.090485
0.090415
0.007301
-0.075813
0.062719
-0.048116
0.118105
-0.020388
-0.214490
-0.884815
0.203133
-0.188530
-0.329305
0.259862
0.315123
0.063167
0.035223
0.035215
-0.160296
0.286475
-0.132188
-0.104430
-0.020651
-0.188585
-0.188969
-0.105027
0.063481
-0.076980
-0.133326
-0.020848
-0.105375
-0.020887
-0.133762
0.091964
-0.105597
-0.020943
0.176650
0.035498
0.035490
0.091820
0.063608
-0.077170
-0.077241
0.063671
-0.105470
0.063703
0.007301
0.091844
0.007301
-0.049052
0.176268
0.260217
-0.105027
0.035395
0.287807
0.035309
-0.020706
0.119284
0.007301
-0.104681
-0.020714
-0.020721
-0.020729
-0.161049
0.063450
0.035364
-0.048831
0.035372
0.007301
-0.048847
-0.020784
0.147652
0.091418
-0.076815
-0.104963
-0.076980
-0.048926
-0.020824
0.035427
0.063529
-0.105184
-0.077146
0.035459
0.204180
-0.161427
-0.246327
0.063719
-0.049116
-0.445188
-0.134522
0.460432
-0.247332
0.177129
-0.020983
0.176889
-0.275504
0.007301
0.063927
0.176985
0.402113
0.176030
0.007301
0.259862
-0.076815
0.063387
-0.245330
0.147731
-0.048847
-0.020784
-0.838966
0.572275
-0.105438
0.120041
0.204290
0.007301
0.007301
0.231958
0.007301
-0.104963
-0.105090
-0.077075
0.091678
-0.754661
0.713021
-0.020832
0.063560
-0.048957
0.035435
0.119756
END
