y[]
-0.059895
-0.059933
-0.121509
-0.060046
0.001530
0.063106
0.001530
0.001530
0.001530
0.093823
0.001530
-0.090764
0.032304
-0.029244
0.032304
-0.029244
0.001530
0.032304
0.063049
0.032276
-0.029216
0.032276
0.032266
-0.059952
0.001530
0.001530
0.032276
-0.059971
-0.090792
-0.060065
0.032332
0.001530
0.032323
0.093852
0.001530
-0.029235
0.001530
0.093795
0.001530
0.001530
0.001530
0.001530
0.001530
-0.029216
0.032276
0.062993
-0.029197
0.032257
-0.090678
0.063012
-0.090707
-0.029235
0.032294
0.001530
-0.029235
0.032294
0.001530
0.124493
-0.059933
-0.090735
0.001530
-0.121623
-0.740589
-0.122694
-0.029550
0.063680
0.001530
0.001530
0.156737
0.032542
0.063526
-0.153533
0.187576
0.001530
0.063469
0.001530
0.094366
-0.091306
-0.029435
0.001530
0.032494
0.187116
-0.060294
0.032447
-0.029387
-0.029396
0.001530
-0.091306
0.001530
0.001530
-0.029435
0.063449
-0.029425
0.001530
0.001530
0.032485
-0.029425
0.063430
0.001530
0.001530
0.094309
0.032437
0.032428
0.155875
-0.029320
0.001530
0.032380
0.001530
0.001530
-0.060179
0.001530
0.001530
0.001530
-0.029339
0.032399
-0.029339
0.063258
0.032380
0.001530
0.063201
-0.029301
-0.060160
0.032380
0.032370
0.032361
0.001530
0.001530
0.001530
0.032351
-0.152672
0.001530
-0.060218
0.032408
0.032399
0.001530
-0.060218
0.001530
0.001530
-0.029358
-0.060275
-0.122194
0.125254
-0.060313
-0.060351
0.125254
0.094223
0.124987
0.063201
0.001530
-0.029301
0.001530
0.001530
-0.060160
-0.029330
0.032389
-0.060198
0.063258
0.032380
0.063201
-0.029301
0.032361
-0.029301
0.001530
-0.060160
-0.060198
-0.060237
-0.060275
0.001530
-0.091249
0.063392
-0.060332
0.063392
-0.029396
0.001530
-0.029406
0.001530
0.063392
-0.060332
-0.122309
0.063469
0.063430
-0.091335
-0.029444
0.063469
0.001530
-0.029435
-0.060428
0.032514
0.032504
-0.029444
0.001530
0.001530
0.032504
0.001530
0.063449
-0.029425
-0.029435
0.032494
-0.029435
-0.029444
0.032504
-0.029444
0.063469
-0.060409
-0.029454
0.063488
-0.122424
0.001530
0.063526
-0.029463
0.001530
0.001530
-0.029473
0.001530
0.094510
-0.153485
-0.153725
0.032600
0.063642
0.032571
0.001530
0.156593
0.125407
-0.060390
-0.091421
-0.060486
-0.060524
0.001530
0.001530
0.094596
-0.029483
0.032542
-0.029483
-0.122617
0.156689
-0.029483
0.001530
-0.029492
0.063565
0.001530
-0.029483
0.032542
0.001530
-0.029483
0.001530
0.001530
0.001530
0.001530
0.001530
-0.060524
0.032562
0.001530
0.001530
0.032552
-0.029492
0.001530
0.032552
0.032542
0.063526
-0.060466
0.001530
0.032533
-0.029473
0.063526
-0.029463
-0.029473
-0.029483
0.001530
0.032542
0.001530
0.032533
0.032523
0.001530
0.187288
0.001530
0.032456
0.001530
0.063354
-0.029377
0.001530
-0.091249
-0.029415
0.001530
0.001530
0.094337
-0.029396
-0.060351
0.001530
0.001530
0.001530
-0.029425
0.187116
0.155922
0.094051
-0.121851
0.063239
-0.121927
0.001530
-0.091163
0.001530
-0.060313
-0.029406
0.001530
-0.029415
-0.029425
0.032485
-0.029425
-0.122386
0.094481
0.063449
0.032475
0.032466
0.001530
-0.029406
-0.060370
-0.029435
-0.029444
0.001530
0.032504
-0.029444
0.032504
-0.029444
0.032504
0.032494
-0.060409
-0.091450
-0.184690
-0.029540
0.032600
-0.029540
0.032600
-0.060620
-0.122887
-0.154209
0.063855
0.032678
0.063796
0.032649
0.063738
-0.029569
0.001530
0.063719
0.001530
0.063680
0.063642
-0.060582
0.156737
0.125523
0.001530
-0.060447
0.063507
-0.060447
0.032523
-0.122501
0.032552
0.001530
0.001530
0.032542
0.001530
-0.029483
0.063545
0.001530
-0.029473
0.156449
0.187116
-0.060294
0.032447
0.001530
0.001530
-0.091249
0.001530
0.001530
-0.060370
-0.153389
-0.029483
-0.029492
-0.091594
0.125676
0.094539
0.094452
0.001530
-0.184401
0.094539
-0.091479
0.032542
-0.029483
-0.060524
0.032562
0.032552
0.001530
0.032542
-0.029483
0.032542
0.001530
-0.029483
0.032542
-0.029483
0.032542
0.032533
0.001530
0.001530
0.032523
0.001530
-0.029463
0.001530
0.032523
0.001530
-0.029463
0.032523
0.032514
-0.029454
0.001530
0.001530
0.001530
-0.029463
0.001530
-0.029473
-0.029483
0.032542
0.063526
0.032514
0.001530
-0.029454
0.001530
0.001530
-0.091479
0.032542
0.001530
0.063526
0.187288
-0.029406
0.001530
0.001530
0.063392
0.063354
-0.029377
-0.029387
0.001530
0.063354
-0.029377
0.063335
0.032418
-0.091163
END
