y[]
-0.023778
-0.082181
0.034599
0.034591
0.034582
0.063741
0.005398
-0.023769
-0.023778
0.005398
-0.023786
0.063758
-0.023778
0.005398
-0.052979
0.063775
-0.023786
-0.052996
0.092976
-0.023786
-0.023795
0.034591
0.063758
0.005398
0.034565
-0.052945
0.063741
0.005398
-0.052945
0.063741
0.005398
0.092849
0.034531
-0.023735
0.005398
0.005398
0.034531
-0.023735
-0.023744
0.005398
0.005398
-0.023752
0.034548
-0.082078
0.005398
-0.023778
0.092900
-0.052928
0.005398
0.034565
0.034557
0.034548
-0.111254
0.063741
0.034557
-0.052928
-0.023778
0.267674
-0.081951
0.267216
0.034447
-0.023651
-0.081799
-0.052775
0.237889
0.034421
-0.023625
0.208385
0.063319
0.005398
-0.139467
0.092342
-0.197589
-0.052674
0.092493
0.005398
0.150388
-0.081571
-0.023609
0.034404
-0.023609
-0.081672
0.034430
-0.052674
0.005398
0.034438
0.063453
-0.052657
-0.052691
0.005398
-0.023659
0.063504
-0.023651
0.121542
0.034413
0.092392
0.005398
0.034379
0.208032
0.121005
0.005398
-0.052389
-0.023508
0.034304
0.034295
-0.023500
0.005398
0.005398
0.092066
0.034270
0.034262
-0.023466
-0.023475
-0.110176
0.063201
-0.139173
0.034329
-0.023533
0.092166
-0.023516
0.034312
-0.052439
-0.081420
0.121139
0.005398
-0.139299
-0.226554
0.092443
-0.023609
0.034404
-0.023609
0.092392
-0.081596
0.005398
-0.052640
0.092443
-0.110679
-0.081748
0.266608
-0.488574
-0.052877
0.267369
0.034463
-0.052742
0.063537
0.063504
0.034438
0.063453
-0.081698
0.092493
-0.052657
0.063453
-0.023625
0.005398
-0.023634
0.092468
0.121374
0.063335
0.005398
0.063302
-0.023550
0.005398
-0.023558
-0.023567
-0.168566
0.005398
0.063419
0.005398
-0.081647
-0.023634
0.034430
0.092443
0.005398
-0.023609
-0.081672
0.063453
0.005398
0.005398
0.005398
0.034413
-0.023617
-0.081698
0.005398
-0.052708
-0.081824
-0.052792
-0.052826
0.005398
-0.082002
0.092798
0.005398
-0.023727
0.063639
-0.081977
0.034531
-0.052877
0.121914
-0.081977
0.063656
0.005398
0.034514
-0.052843
0.005398
0.121846
0.034489
-0.023693
0.005398
-0.315162
-0.082206
0.034608
0.063792
0.209509
0.209094
0.179665
0.237282
-0.023558
-0.110511
-0.168717
-0.256344
0.005398
-0.023727
-0.023735
-0.052894
-0.023761
0.005398
0.151107
0.092721
-0.111050
-0.227906
0.034591
-0.023795
-0.111459
-0.082334
0.034650
-0.023855
0.151575
0.034608
0.034599
-0.082232
0.005398
0.005398
0.093027
-0.023803
-0.082257
0.005398
0.005398
0.034625
0.151405
-0.052979
-0.082232
0.005398
-0.053065
0.063860
0.034616
-0.053047
-0.023838
0.034633
-0.053082
0.093104
-0.140822
-0.141036
-0.082566
0.034728
-0.200092
0.064152
0.093465
-0.053305
-0.053339
-0.023984
0.181558
-0.023941
-0.170814
-0.171125
-0.112457
0.005398
0.064343
-0.171541
0.123392
-0.260285
0.212101
0.093854
-0.230660
-0.053704
0.271081
0.182128
-0.112388
-0.083032
-0.083111
0.152869
0.152652
-0.171333
0.270377
-0.082850
0.299256
-0.229620
-0.112318
-0.112457
-0.083085
-0.053634
0.005398
-0.142334
0.005398
0.153130
0.005398
-0.201489
-0.113015
-0.024227
0.035023
0.035014
-0.053844
0.094247
0.123741
0.005398
0.005398
0.034962
0.034953
0.094011
-0.053669
0.064465
-0.053669
0.034936
-0.142378
0.064534
0.034953
-0.053721
-0.024175
-0.024184
-0.053791
0.005398
0.034997
-0.024201
-0.053826
0.035014
-0.142772
0.035049
-0.053914
0.005398
0.094353
-0.024245
0.005398
-0.083583
0.035067
-0.053949
-0.053985
-0.113473
-0.024342
0.064869
0.035120
0.035111
-0.024315
0.035111
0.035102
-0.024307
-0.054037
0.213267
0.005398
0.035058
0.212775
-0.409787
0.035111
0.213144
-0.232061
0.450173
0.271316
-0.142247
-0.112875
0.094116
0.212101
-0.408437
0.123811
-0.231569
0.064692
0.183070
-0.172275
-0.113226
0.124022
0.005398
0.064657
0.271631
-0.083268
-0.142553
-0.142772
0.183176
-0.113086
-0.024245
-0.083583
-0.113367
0.124163
0.035067
-0.172749
-0.173067
-0.173386
-0.113969
-0.024466
-0.114148
0.065189
0.035280
0.065135
0.035253
0.005398
0.124730
0.005398
-0.054250
-0.024440
-0.084168
0.065117
0.124730
-0.173653
-0.054357
-0.054393
-0.084355
0.214697
-0.024475
-0.054375
0.065171
0.035271
-0.144057
0.184717
0.124765
0.184182
-0.203215
0.065046
0.124587
-0.083981
-0.143745
-0.054321
0.094963
-0.054304
-0.024466
-0.024475
0.065135
0.065099
-0.413263
-0.054554
-0.144640
0.215387
0.065314
0.155031
0.154808
-0.203838
0.154897
0.035271
-0.024475
END
