y[]
-0.029896
-0.155297
-0.155543
0.189742
0.220682
-0.186493
0.095418
-0.061239
-0.029925
0.064094
-0.186729
0.283506
-0.029886
0.095300
-0.061160
0.126535
-0.029847
0.126418
0.032644
-0.092288
-0.029837
0.934841
0.032382
-0.060521
0.001418
-0.029566
0.032402
0.032392
-0.122536
0.063414
0.094340
-0.091504
-0.060578
-0.029595
0.063433
-0.029585
-0.060617
-0.122767
-0.029652
0.001418
0.001418
0.001418
0.001418
-0.060752
0.032508
-0.060771
0.001418
0.032517
0.032508
-0.029672
-0.060790
-0.060829
-0.123193
0.063743
-0.029740
0.032575
-0.060907
-0.123348
0.157351
0.250407
0.063568
0.125603
-0.029614
0.032450
0.063453
-0.060617
0.001418
0.001418
0.032440
-0.029604
0.032440
0.001418
0.094427
0.094340
0.032373
0.001418
0.094225
0.094139
-0.060387
0.032325
0.032316
0.094053
-0.060330
0.001418
-0.060368
0.124951
-0.029451
0.001418
-0.029461
0.063165
0.032277
-0.122077
-0.060387
0.001418
0.001418
-0.060425
0.001418
0.032344
0.063242
-0.029489
0.032325
0.063204
0.001418
0.001418
-0.029470
0.063184
0.032287
0.124799
-0.091103
0.001418
0.001418
-0.029442
0.032277
0.032268
0.063089
-0.121963
0.155620
-0.060234
-0.029422
0.032258
-0.029422
0.032258
0.063070
-0.029403
-0.029413
0.063070
0.186147
-0.121697
-0.029384
0.523773
-0.182631
0.001418
0.216109
-0.121206
-0.121357
0.062824
0.001418
0.093457
-0.029252
0.062749
-0.029243
-0.121319
0.154816
-0.029243
-0.029252
0.032088
-0.029252
0.032088
0.093372
0.001418
0.093287
0.062617
0.062580
-0.120944
-0.029196
0.123817
-0.029168
-0.029177
0.001418
0.154300
0.062505
-0.059669
0.123555
0.001418
0.092923
0.001418
-0.029075
-0.120645
0.001418
0.001418
0.001418
0.062468
0.001418
0.031929
-0.029093
-0.029102
0.031938
0.001418
-0.059632
-0.090227
0.001418
-0.029149
0.062543
0.031966
0.031957
-0.059669
0.031966
-0.029130
0.001418
0.031966
-0.120831
0.093119
-0.029140
-0.029149
0.001418
0.062543
0.001418
0.001418
0.001418
0.062505
-0.029121
0.031957
-0.029121
-0.029130
-0.059707
-0.059744
0.001418
0.062580
0.093091
0.062487
-0.212486
0.001418
0.032004
0.001418
0.001418
0.001418
-0.029168
0.001418
0.001418
-0.182293
0.032060
-0.029224
0.001418
0.001418
-0.029233
0.246366
0.031994
-0.029158
-0.090367
-0.029196
-0.029205
-0.090508
-0.121281
0.032107
0.001418
0.093428
0.001418
0.062711
0.001418
-0.090536
0.032079
-0.029243
-0.059932
-0.090677
0.154863
-0.029252
0.032088
0.062730
0.001418
0.032060
-0.090536
0.001418
-0.029252
0.032088
-0.029252
0.001418
0.001418
-0.059951
0.001418
-0.090706
-0.029309
0.001418
-0.060064
-0.060102
0.093683
-0.029328
0.062900
0.001418
-0.029318
-0.029328
0.062900
-0.090819
0.001418
-0.029347
-0.029356
-0.029366
0.062975
0.032182
0.062919
0.032154
-0.060064
0.062900
-0.029318
0.032154
-0.029318
0.032154
0.154957
0.001418
-0.029271
0.001418
0.124117
0.032069
-0.121244
0.001418
0.154722
-0.029224
-0.090564
-0.059951
-0.029280
0.093485
-0.090649
-0.090734
0.093570
-0.029290
0.001418
-0.121508
0.032164
0.032154
0.032145
-0.060045
-0.121621
-0.060158
0.032211
0.001418
0.032201
-0.029366
0.001418
-0.060177
-0.245343
0.032296
0.063146
0.063108
0.001418
0.063070
0.001418
-0.029403
-0.121963
0.124799
-0.029413
-0.091132
-0.122115
0.063204
-0.153118
-0.122383
0.032382
0.063318
-0.060482
-0.122498
0.094369
-0.060540
0.063376
0.032382
0.094254
0.032344
0.063242
0.001418
0.063204
-0.060368
-0.029489
-0.091361
0.063280
0.001418
0.094139
-0.122230
0.032344
0.001418
-0.060444
0.156001
-0.060387
-0.494400
-0.060732
0.001418
-0.247571
-0.060926
0.001418
0.094920
0.063704
0.125873
-0.310012
0.157254
-0.123232
0.094920
0.125951
0.063626
-0.091909
-0.154321
-0.092142
-0.092230
-0.186141
0.095241
0.063918
0.063879
0.219725
0.001418
0.001418
0.219249
-0.122999
-0.029710
-0.123193
0.126029
-0.123193
0.188276
0.125796
0.001418
0.001418
0.001418
0.063549
-0.216210
0.032537
0.187927
-0.216210
0.063646
-0.123076
0.032556
0.032546
-0.029710
0.063665
-0.123115
-0.060907
-0.154564
0.032634
0.032624
-0.092230
0.095066
-0.092230
-0.092317
0.063918
-0.123621
0.032692
-0.249052
0.032761
-0.029925
0.064094
0.095359
0.001418
-0.061199
0.032732
-0.029896
-0.186670
-0.029964
0.126888
-0.029935
0.064114
0.001418
-0.029925
-0.061298
0.001418
-0.029955
-0.249917
-0.219020
0.064450
0.001418
0.001418
END
