y[]
-0.125454
-0.030692
-0.062343
-0.062383
-0.030742
-0.030752
0.095940
0.095850
-0.093993
-0.030732
-0.094113
0.000929
0.000929
-0.062483
-0.062523
-0.094325
0.032690
-0.030833
-0.094416
0.032720
0.096242
0.064421
-0.189669
-0.094507
0.000929
0.096364
0.096273
0.096182
0.096091
-0.125975
-0.030823
0.064421
-0.030812
-0.030823
0.191284
0.000929
-0.125935
0.032659
0.000929
0.064360
0.032629
0.000929
0.000929
-0.030772
0.064320
-0.062463
-0.062503
0.064360
0.064320
0.127591
-0.030722
-0.062403
0.159181
0.000929
-0.062343
0.000929
0.000929
0.000929
0.064200
-0.030702
-0.030712
0.032569
0.064180
-0.030692
-0.030702
0.000929
0.032559
-0.030702
-0.030712
0.032569
0.032559
-0.030702
0.032559
0.000929
0.000929
0.032549
0.000929
0.000929
0.000929
0.000929
0.064140
-0.030672
0.127271
-0.062223
-0.093873
0.032539
0.000929
-0.030682
-0.030692
0.095760
-0.030672
-0.062303
-0.030702
0.000929
-0.157375
0.095940
0.032579
0.095820
-0.093963
0.222203
0.000929
-0.030652
0.000929
-0.030662
0.000929
-0.030672
-0.030682
0.000929
0.064140
-0.157174
-0.220836
0.096031
0.064280
0.095880
-0.030712
0.064200
-0.125654
-0.094113
0.000929
0.095970
0.032589
0.000929
0.064220
0.064180
0.000929
-0.030692
0.095760
0.064100
0.127151
-0.093724
-0.062223
0.064080
0.032489
0.032479
-0.030622
0.064020
0.063980
-0.093664
0.032469
0.000929
0.000929
0.000929
0.032459
0.063960
0.063921
0.000929
0.000929
-0.062064
0.063921
-0.030563
-0.093604
0.032449
0.063940
0.126833
0.000929
0.000929
0.032380
0.032370
0.032360
-0.030503
0.032360
0.000929
0.000929
0.063762
0.000929
0.095105
-0.093248
-0.061905
0.126557
-0.030464
-0.124739
-0.093426
0.032390
0.063822
0.032360
-0.093396
-0.030533
0.000929
0.063841
0.189430
-0.061866
-0.061905
0.095164
0.095076
0.157644
-0.093071
0.063605
-0.030405
0.000929
-0.030415
0.032272
-0.030415
0.032272
0.063585
-0.030395
0.000929
0.032252
0.032242
0.032232
-0.030375
0.032232
0.032223
0.126007
-0.061591
0.032193
0.000929
-0.030336
0.000929
0.000929
0.032193
-0.030336
-0.092924
0.032223
0.063487
-0.092924
0.000929
0.032223
0.000929
0.000929
0.032213
-0.092954
-0.030385
0.000929
0.000929
0.000929
0.000929
-0.030395
-0.061748
0.000929
0.032272
0.000929
-0.030415
-0.030424
0.251477
-0.061650
-0.124346
-0.093130
0.000929
-0.061826
0.000929
0.032311
-0.061846
-0.061886
-0.030493
-0.250802
0.095402
-0.062044
0.032420
0.000929
-0.062064
-0.125175
-0.125334
0.064080
-0.093813
-0.062283
-0.030692
0.064160
-0.062303
-0.125654
-0.411574
0.191526
0.159483
0.064280
-0.094113
-0.094204
0.254414
0.064200
0.064160
-0.347338
-0.030792
-0.062543
-0.508302
0.383095
0.318288
0.032609
-0.157575
0.349306
0.158881
0.000929
-0.093813
-0.315527
0.000929
-0.125935
0.191163
0.000929
-0.189306
0.096091
0.032629
0.032619
-0.030762
0.064300
-0.062443
-0.062483
0.096031
-0.125895
-0.062543
-0.062584
0.096182
-0.062564
-0.126177
-0.094507
0.000929
0.000929
0.064562
0.064522
0.032710
-0.030853
0.000929
-0.030863
0.159785
-0.062584
-0.094416
0.096273
0.223045
0.095970
0.095880
0.032559
0.000929
-0.030702
0.064180
0.032539
0.064120
-0.062263
0.000929
0.127271
0.190143
-0.125175
0.064000
0.063960
-0.093634
0.063980
0.126913
0.032400
0.063841
0.158038
0.000929
0.000929
0.032321
-0.093278
0.000929
-0.030493
-0.030503
0.000929
0.032360
-0.030503
0.000929
-0.030513
0.032370
0.000929
-0.093426
-0.062024
0.032410
0.032400
0.095283
0.000929
0.000929
-0.030513
0.000929
-0.061984
-0.093515
-0.030573
0.063921
0.032410
0.000929
0.000929
0.032400
0.032390
-0.062004
-0.030553
0.063881
-0.030543
0.063861
-0.030533
0.032390
-0.062004
0.063861
0.063822
0.032360
0.000929
0.032350
0.063743
-0.093307
-0.030503
-0.187870
-0.156676
-0.062183
0.032489
0.000929
-0.093783
0.032509
-0.062243
0.032519
0.000929
0.000929
-0.252076
0.032589
-0.062403
0.222413
-0.093933
-0.284198
0.127752
0.095940
0.095850
-0.030702
-0.125694
-0.094144
0.000929
0.064320
0.127591
0.000929
0.064200
-0.125654
0.000929
0.159131
0.095730
-0.093873
-0.062323
0.032559
0.032549
-0.030692
0.000929
0.000929
-0.062343
0.000929
-0.030722
-0.094083
0.064280
-0.030742
-0.030752
0.127591
-0.125734
0.032609
-0.030752
0.032609
-0.030752
0.032609
0.064260
0.000929
-0.125774
0.032619
-0.030762
-0.062483
0.032639
END
