y[]
0.025451
0.162411
0.107467
-0.001973
-0.001973
0.271102
0.079805
-0.083750
-0.001973
-0.029247
-0.056543
-0.001973
-0.138529
-0.166086
-0.166356
0.025443
0.162366
-0.248582
-0.111772
0.080388
0.052897
-0.001973
0.025451
0.080253
0.189625
0.052702
-0.001973
0.079983
0.107198
-0.138454
-0.029291
0.025346
0.025339
-0.111262
0.025361
0.079983
-0.001973
0.025331
-0.111232
0.025354
-0.001973
0.107257
-0.001973
0.025316
0.025309
-0.029254
0.052583
0.052553
-0.056498
-0.056528
-0.001973
0.025309
-0.001973
-0.001973
0.025301
-0.001973
0.134286
-0.029209
-0.001973
-0.029217
0.079738
-0.056439
0.025264
0.025257
-0.029202
-0.001973
-0.029209
-0.001973
-0.029217
0.025272
-0.001973
-0.001973
-0.001973
-0.056468
0.025279
-0.056483
-0.029239
0.079805
0.079738
0.025249
-0.001973
0.079649
-0.083594
0.025242
-0.192630
0.025287
0.025279
-0.029224
-0.056498
-0.193047
-0.056632
0.189206
0.079849
-0.029239
-0.357116
0.025391
-0.029336
-0.550821
-0.167216
-0.139885
0.053215
0.108311
-0.333190
0.108555
-0.195476
-0.085018
0.108739
0.025686
-0.223457
0.136512
0.081026
0.053322
0.218900
0.108281
-0.029525
-0.029532
0.108220
0.053078
-0.249941
0.301016
0.162908
-0.056903
0.052957
-0.139354
-0.139543
0.025557
-0.112135
-0.139847
0.108342
-0.029540
-0.112317
-0.029578
-0.029585
0.080843
0.025617
-0.001973
-0.222906
0.053307
0.108494
-0.001973
-0.389141
0.164140
0.080981
0.025663
-0.084903
0.080958
0.080889
0.025633
-0.112439
0.108494
-0.112439
-0.029608
0.080912
-0.001973
-0.001973
0.108433
-0.029563
-0.084788
0.108433
0.053185
0.135787
-0.112165
0.108220
-0.139733
0.163317
0.163044
0.025504
-0.111923
-0.194677
-0.167444
0.053215
-0.057160
0.135939
0.108220
-0.057054
-0.029525
-0.029532
-0.222723
0.273890
0.025572
-0.167353
-0.001973
0.135863
0.245654
-0.084447
-0.029479
0.217868
0.080343
-0.111742
0.052927
-0.029419
0.107767
0.025443
-0.056812
0.135070
0.134883
-0.029329
-0.029336
-0.001973
-0.056722
-0.001973
0.025406
-0.001973
-0.029351
-0.029359
-0.029366
-0.001973
-0.001973
0.162276
-0.056692
-0.001973
-0.056722
0.025406
-0.029351
-0.001973
-0.056752
-0.001973
0.025421
-0.029366
0.025421
0.052792
0.052762
0.052732
-0.084041
-0.056722
-0.029359
0.052792
-0.084131
-0.001973
-0.029374
-0.001973
-0.084221
0.025451
0.080253
-0.084198
-0.056827
0.025459
-0.029404
0.052882
0.052852
0.025428
-0.001973
0.326255
-0.330200
-0.029374
-0.139090
-0.029419
0.162591
0.025428
0.025421
0.189572
-0.111382
-0.111502
0.162276
0.134695
0.134509
-0.165773
-0.001973
0.052657
0.161738
0.215892
0.052420
-0.110787
-0.056424
0.025257
-0.001973
-0.001973
-0.029202
-0.110964
-0.056513
-0.029254
0.052583
0.025294
-0.083794
0.025309
-0.220433
-0.220911
-0.056782
0.162366
0.107437
-0.056662
0.052717
0.080006
0.134509
-0.001973
-0.001973
-0.275122
-0.001973
0.025376
-0.001973
-0.029321
-0.029329
-0.193675
0.080230
-0.056767
-0.029381
0.052837
0.189625
-0.111412
-0.029351
-0.111562
-0.084243
-0.029411
0.025466
-0.001973
0.052882
0.080253
-0.193938
0.080343
-0.029404
-0.056857
-0.029426
-0.084379
-0.029456
0.135371
-0.056887
-0.029441
-0.029449
0.135334
-0.029419
0.217386
-0.303715
0.244975
0.134957
-0.138903
0.080208
-0.056752
-0.111622
0.025451
0.025443
-0.029389
0.162411
-0.001973
0.162141
-0.083996
-0.084063
-0.029351
0.052777
0.025391
0.052732
0.025369
0.025361
-0.029306
0.134621
-0.056588
-0.029291
-0.056632
-0.056662
0.025376
-0.029321
0.025376
-0.001973
-0.001973
-0.001973
-0.056677
-0.001973
0.025383
-0.056692
-0.001973
-0.001973
-0.029344
-0.029351
-0.001973
-0.001973
0.025406
-0.001973
0.025398
-0.029344
-0.138940
-0.001973
-0.029389
0.080253
-0.056782
0.025436
-0.001973
-0.001973
0.052822
-0.001973
-0.029366
-0.001973
-0.001973
0.216966
-0.166131
-0.166401
0.052867
0.080230
-0.029366
-0.056782
0.107616
0.080140
-0.056707
0.244097
0.107198
-0.329842
-0.468302
-0.194624
-0.112226
-0.139961
0.191158
-0.029540
-0.112317
-0.029578
0.191104
0.218231
-0.056978
-0.084538
-0.029509
0.053094
-0.084583
0.108160
-0.057023
-0.001973
0.025557
-0.057039
-0.084629
0.080683
-0.057069
0.025579
-0.001973
0.135674
-0.029487
-0.001973
0.053048
-0.001973
-0.001973
-0.029479
0.108008
0.080434
0.244840
0.162231
-0.001973
0.025369
0.025361
0.134584
0.542395
-0.083439
-0.056320
0.106694
-0.056291
-0.110698
0.025220
-0.029165
0.025220
END
