y[]
-0.221838
0.143980
0.107250
-0.038909
-0.075479
0.070720
-0.038922
-0.038936
-0.002379
0.143766
-0.038896
0.180069
-0.111808
-0.002379
-0.038882
0.034124
-0.002379
-0.002379
0.034111
-0.002379
-0.002379
0.034097
-0.002379
-0.038856
-0.075372
0.034124
-0.075399
-0.002379
-0.002379
-0.002379
0.107130
0.034097
-0.111848
0.107090
-0.038856
-0.038869
-0.038882
0.070614
-0.111888
0.034137
-0.002379
0.034124
0.107050
-0.002379
-0.038842
-0.002379
-0.038856
-0.038869
0.034111
0.034097
-0.002379
-0.075345
-0.002379
-0.002379
0.070587
-0.111848
0.034124
-0.002379
0.034111
-0.038869
-0.002379
-0.002379
0.034111
-0.038869
-0.075399
0.034137
-0.148525
0.034177
-0.002379
-0.075505
-0.002379
-0.148792
-0.075666
0.034271
-0.112370
0.034298
-0.149168
-0.002379
0.071042
-0.002379
-0.075801
0.107733
-0.039070
-0.002379
-0.002379
-0.002379
0.034311
-0.075774
-0.002379
-0.002379
-0.002379
0.034325
-0.002379
0.034311
-0.002379
-0.002379
-0.002379
-0.002379
0.070961
-0.039043
-0.002379
-0.002379
-0.002379
0.034284
-0.039043
0.034284
-0.002379
-0.075720
0.034298
-0.002379
0.034284
0.034271
-0.039029
-0.002379
0.034271
0.034258
0.070854
-0.002379
-0.038989
0.034231
-0.002379
-0.038989
0.034231
-0.075612
0.034244
-0.002379
-0.039003
-0.075666
0.034271
-0.039029
-0.002379
-0.039043
-0.039056
-0.039070
0.107652
0.034271
-0.039029
-0.039043
0.034284
-0.039043
0.107571
0.107451
0.034204
-0.075559
0.034217
0.326388
0.034084
-0.002379
-0.038842
0.070534
-0.184761
0.107090
0.034084
-0.184828
0.143606
0.034084
-0.038842
-0.038856
0.070560
-0.002379
-0.038842
0.106970
0.070454
0.034018
-0.075186
-0.038802
-0.075265
0.034071
0.034057
0.070454
-0.111649
0.070481
-0.002379
-0.075239
0.143287
-0.075186
0.034031
-0.002379
0.034018
0.106732
0.033965
0.106573
-0.075001
-0.002379
0.033938
0.106494
0.033886
-0.002379
0.033872
-0.074896
-0.038657
-0.002379
0.033899
-0.038657
-0.038670
-0.002379
-0.002379
-0.184032
0.215565
-0.074974
-0.038697
0.106534
-0.074974
-0.038697
-0.075054
-0.111490
0.070375
-0.002379
0.070322
0.106573
-0.111331
-0.038723
-0.038736
-0.330189
-0.038869
0.143500
-0.148258
-0.002379
0.143500
-0.184761
-0.111968
0.180203
0.070560
0.106930
0.034031
0.034018
0.034004
-0.038763
0.034004
0.106692
0.070269
-0.002379
-0.075027
-0.075080
-0.002379
0.033978
-0.038736
-0.038749
-0.038763
-0.148046
-0.002379
-0.002379
0.034057
-0.002379
0.034044
0.034031
-0.038789
0.070428
-0.111609
-0.038816
-0.002379
-0.002379
0.070481
-0.148152
0.034084
0.034071
0.034057
-0.111729
0.143393
0.070428
0.034004
-0.038763
-0.002379
0.034004
-0.075159
0.034018
-0.002379
0.070375
-0.002379
-0.147940
-0.002379
0.034031
0.070401
-0.002379
-0.075159
0.034018
-0.002379
0.070375
-0.038749
0.106692
-0.147834
-0.002379
-0.038776
-0.038789
-0.002379
-0.002379
0.070428
-0.038776
-0.002379
0.070401
-0.002379
-0.002379
0.106692
-0.147834
-0.220959
-0.038856
0.143447
-0.075265
-0.075319
-0.038869
-0.002379
-0.002379
0.034111
-0.002379
0.179870
-0.148152
0.106970
-0.002379
-0.221198
-0.075425
-0.038922
-0.185295
0.070827
-0.038976
-0.002379
-0.185563
-0.112451
0.144356
-0.112410
-0.075801
0.107733
-0.149222
0.071069
-0.039097
-0.002379
0.034338
0.144356
-0.075720
0.034298
-0.039056
-0.149222
-0.002379
0.034352
0.144410
-0.002379
-0.075747
0.217562
0.034231
-0.038989
-0.002379
0.070827
-0.185496
0.180738
-0.075586
0.143980
-0.038949
-0.112169
-0.112289
0.034271
-0.039029
0.107531
-0.002379
0.143980
-0.075532
-0.112209
0.034244
-0.039003
0.107451
0.070774
-0.112129
0.070800
-0.038962
0.107330
0.107210
0.070614
-0.038869
0.107050
-0.002379
-0.002379
-0.075319
-0.111888
0.034137
0.034124
0.034111
0.034097
-0.002379
-0.111848
-0.111968
0.034164
-0.002379
0.034150
0.107130
0.034097
0.034084
0.034071
0.070481
-0.038802
-0.002379
0.034044
-0.002379
0.106811
-0.038763
-0.002379
0.070375
0.033978
0.070295
-0.002379
-0.002379
-0.038710
-0.038723
-0.002379
-0.002379
0.033965
0.033951
-0.002379
-0.075054
0.070295
-0.038710
0.033951
0.070242
-0.075001
-0.002379
-0.111411
0.033978
-0.002379
-0.002379
-0.038736
0.070322
-0.111450
0.070348
0.106613
-0.038697
-0.002379
0.106534
-0.038670
0.070190
-0.002379
-0.002379
-0.002379
0.033886
-0.111213
0.033912
-0.038670
0.033912
0.033899
0.033886
-0.074922
0.033899
0.033886
-0.074922
-0.038670
0.215170
0.178551
END
