y[]
-0.040318
-0.040332
-0.003164
0.034004
-0.003164
0.033990
-0.077486
-0.040346
-0.114792
-0.003164
0.034059
-0.040387
0.034059
0.034045
0.034031
-0.077569
0.034045
-0.077597
0.071268
0.182675
-0.077458
-0.040332
0.071158
-0.189072
-0.077624
-0.040415
0.034087
0.553940
-0.634784
-0.115042
-0.077819
0.071491
-0.189906
-0.040554
-0.003164
0.071602
-0.003164
-0.003164
-0.040540
0.034212
-0.040540
-0.040554
0.108964
0.146145
-0.040471
0.034142
-0.077791
-0.040498
-0.040512
0.034184
-0.227463
0.034254
0.034240
-0.003164
-0.003164
-0.003164
-0.003164
-0.003164
-0.115419
-0.078071
-0.003164
-0.003164
-0.040638
0.034310
0.034296
0.109132
-0.003164
0.071630
-0.003164
-0.003164
0.034212
-0.003164
-0.040540
-0.003164
-0.003164
-0.115377
0.034254
-0.003164
-0.040582
0.109048
0.071574
0.071518
-0.040498
0.034170
-0.040498
-0.003164
-0.077875
-0.003164
0.034198
0.034184
-0.040512
-0.003164
0.071518
-0.189975
0.034226
-0.302678
-0.115713
-0.078267
0.146986
0.034338
0.071798
-0.115629
0.146761
-0.040624
-0.078127
-0.003164
-0.078183
0.109343
0.071770
-0.115587
0.146705
-0.078071
0.071742
-0.003164
0.071686
-0.003164
-0.003164
-0.078014
0.109090
0.034226
-0.040554
-0.003164
-0.077986
0.034254
-0.003164
-0.040582
0.109048
0.034212
-0.003164
-0.077931
-0.040568
-0.003164
-0.003164
-0.040582
-0.078042
-0.003164
-0.040624
0.071742
-0.040610
-0.040624
-0.078127
-0.003164
-0.003164
0.034324
-0.040652
-0.003164
0.034324
-0.003164
-0.003164
0.034310
-0.040638
0.034310
-0.003164
-0.003164
0.034296
-0.003164
-0.003164
-0.003164
0.109132
-0.078014
-0.003164
-0.190535
-0.003164
-0.003164
-0.153314
0.071939
-0.078267
0.034395
-0.003164
-0.115883
0.071996
-0.078324
0.259648
0.146705
-0.190535
-0.078211
0.109385
0.146705
0.071686
0.071630
0.146257
-0.040498
-0.040512
0.034184
-0.040512
-0.040526
-0.190185
-0.003164
0.071686
-0.003164
-0.040582
-0.003164
-0.040596
-0.078071
-0.040638
-0.003164
0.071770
0.109132
-0.040582
-0.003164
0.034254
-0.003164
0.034240
-0.077986
0.109048
-0.003164
-0.040554
-0.003164
-0.003164
-0.040568
-0.078014
0.034268
-0.003164
-0.040596
-0.003164
0.034268
-0.040596
0.034268
-0.040596
-0.040610
0.146536
0.183647
-0.003164
0.257787
-0.077652
-0.003164
-0.040429
-0.077735
-0.003164
-0.003164
0.071407
0.554354
-0.151532
-0.412315
-0.264407
-0.302566
-0.303465
-0.153653
0.222485
-0.115925
-0.040779
0.297362
0.146761
0.034282
0.071686
-0.152921
0.071742
-0.265582
0.221808
-0.115587
0.034324
0.071770
0.071714
-0.040596
-0.003164
-0.153033
0.109259
-0.040624
0.221387
0.220884
0.108672
0.034087
-0.077680
-0.115042
0.034142
0.183160
-0.003164
-0.040401
0.034073
-0.040401
-0.040415
-0.003164
0.034087
0.034073
-0.040401
-0.003164
0.034073
0.034059
0.034045
-0.003164
-0.003164
0.071213
-0.003164
0.108298
0.033962
-0.077431
-0.040318
0.033990
-0.003164
-0.003164
-0.077486
-0.003164
-0.003164
-0.003164
-0.040346
0.108339
-0.040318
-0.040332
-0.003164
-0.003164
0.034004
-0.040332
0.071158
-0.040318
-0.003164
0.071130
-0.040304
-0.040318
-0.040332
-0.003164
-0.003164
0.108298
-0.040304
0.033976
-0.003164
0.033962
-0.040291
-0.040304
-0.077486
-0.077541
0.071213
-0.003164
-0.151974
-0.003164
0.034059
-0.077624
-0.077680
-0.003164
0.034101
-0.040429
-0.152362
0.071463
0.071407
-0.003164
-0.115042
-0.003164
-0.003164
-0.040485
-0.077847
-0.040526
0.034198
0.034184
-0.152641
0.034226
-0.003164
-0.003164
-0.040554
0.108964
0.071518
0.071463
-0.003164
-0.040471
0.257689
0.071241
-0.712255
0.482546
0.145812
-0.077624
-0.003164
-0.040415
-0.040429
-0.077735
0.034128
-0.003164
-0.003164
0.071379
-0.040429
-0.040443
0.034115
-0.077735
0.034128
-0.003164
-0.003164
-0.077763
0.145978
-0.003164
-0.003164
0.071324
-0.226795
0.145978
0.442933
0.182124
0.070855
-0.040167
0.107803
0.181508
0.107476
-0.003164
-0.040031
0.217830
0.033621
0.070365
0.107029
0.033540
-0.186819
-0.150331
-0.150548
0.144220
0.217505
-0.113438
0.033607
0.033594
0.033580
-0.113438
0.033607
-0.003164
-0.003164
0.107069
0.143625
-0.076532
-0.076586
0.070257
0.106867
-0.076505
-0.003164
0.033513
-0.039841
-0.150007
0.070284
-0.003164
0.033540
0.070203
-0.003164
-0.003164
0.033499
0.033486
0.033473
-0.003164
0.070069
0.033432
-0.003164
-0.039761
-0.003164
-0.076397
0.033459
-0.003164
0.033446
-0.076397
-0.039801
-0.039814
-0.003164
0.033486
0.033473
END
