y[]
-0.090566
0.116548
-0.149746
0.057411
-0.120244
-0.179731
-0.001796
-0.031482
-0.180102
0.324857
0.087107
-0.120349
-0.120490
-0.031491
0.116934
-0.031465
-0.209727
0.117075
-0.418463
0.503932
-0.477704
0.087610
-0.031588
0.117323
-0.031562
0.146948
0.087344
-0.031500
0.087291
0.027882
-0.001796
-0.031473
0.027882
0.027874
-0.001796
-0.239396
-0.001796
-0.061284
0.087424
-0.031526
-0.031535
0.027944
0.087371
-0.180208
-0.001796
-0.001796
0.057711
-0.180420
-0.061408
0.087610
0.027989
-0.061373
-0.001796
-0.330105
0.028095
0.087824
0.117572
-0.091308
0.147347
-0.061426
0.296001
0.057658
-0.061249
-0.061284
0.176564
-0.090935
-0.269693
-0.031606
0.087610
-0.180686
-0.031642
-0.061515
0.057924
0.177149
-0.031597
-0.240530
0.057942
-0.211032
-0.061658
0.028140
-0.031731
0.356842
-0.031633
-0.300660
0.177630
-0.151295
0.296980
0.028033
-0.001796
0.147214
-0.001796
0.057746
-0.061337
-0.120985
-0.001796
0.057817
-0.061408
-0.031615
-0.001796
-0.031624
-0.061479
0.087717
0.057835
0.087583
-0.031580
0.057764
0.027971
0.087450
-0.091041
0.087450
-0.061284
0.117146
0.117005
0.057552
-0.209665
-0.091015
-0.120879
0.027989
-0.300036
-0.001796
-0.031669
0.087797
-0.151161
0.028095
0.028086
-0.031677
-0.151339
-0.031731
-0.061694
-0.031758
0.506351
-0.061444
0.206817
0.027971
0.027962
-0.001796
0.027953
0.027944
-0.239962
-0.061426
-0.001796
-0.001796
-0.061461
0.117501
0.206631
-0.091068
-0.061355
0.206507
0.117040
-0.061196
-0.061231
-0.001796
-0.061266
-0.031544
-0.359471
0.087743
0.057853
0.057817
-0.061408
-0.150982
0.028060
-0.121270
-0.091495
-0.211408
-0.001796
-0.001796
-0.001796
-0.091764
-0.001796
-0.001796
0.267868
0.147704
-0.151295
0.087931
-0.091522
0.087931
0.028095
0.147525
-0.061497
0.087743
-0.061479
-0.091388
0.028078
-0.061551
-0.091495
-0.001796
0.177523
-0.001796
-0.031660
-0.270975
0.088011
0.087931
0.057977
-0.061568
-0.091522
-0.061658
-0.001796
0.058067
0.028122
-0.121520
-0.001796
0.028149
0.117893
-0.091549
-0.061676
0.088011
0.147704
-0.031677
0.057960
0.028069
-0.121306
0.237082
-0.091308
0.028051
-0.031642
-0.390610
0.028167
0.088038
-0.061676
0.058085
0.028131
-0.091602
0.147838
-0.031704
0.147659
0.028069
0.296356
0.057728
-0.031553
-0.001796
0.027962
0.235946
0.176140
0.027830
0.087028
-0.061002
-0.031412
-0.209357
-0.001796
-0.031482
-0.031491
-0.061213
-0.031518
0.087344
0.027900
-0.209850
-0.031553
-0.031562
0.027971
0.117181
-0.120772
0.176617
-0.001796
-0.180208
-0.061337
-0.091174
0.087583
-0.091174
0.087583
0.027980
-0.001796
0.087477
0.057675
0.027927
0.027918
-0.001796
-0.090962
0.146771
-0.090909
0.087318
0.057569
0.146462
0.087054
-0.031403
0.057411
0.205152
0.175248
-0.090278
-0.031307
0.116199
-0.297042
0.116408
0.204725
0.057132
-0.001796
-0.031255
-0.090226
-0.031290
-0.031298
0.145632
-0.060740
0.086609
0.204178
-0.031194
0.115748
0.056924
-0.001796
0.027552
0.027543
0.144768
0.144553
0.173541
-0.060207
-0.001796
-0.001796
0.144169
-0.176978
-0.118755
-0.060326
-0.001796
-0.001796
0.056735
-0.001796
-0.001796
0.056701
-0.060292
-0.060326
-0.206924
0.144768
0.027491
0.086014
0.056701
-0.031040
-0.031048
0.056701
-0.031040
0.056684
-0.001796
-0.001796
-0.001796
-0.089528
0.056701
0.085885
-0.089476
0.027440
-0.089528
0.056701
-0.001796
-0.089553
0.027466
-0.001796
-0.118892
0.027491
0.056753
-0.118926
-0.177749
0.115541
-0.031117
0.027526
-0.119132
-0.148660
0.056976
-0.060567
0.115713
0.115575
-0.031125
0.056856
-0.031117
-0.060464
0.027543
0.174054
-0.001796
0.144510
-0.089553
0.144425
-0.089502
-0.060309
-0.089630
-0.031091
0.086065
0.232123
-0.089451
-0.060275
-0.060309
0.085962
-0.031040
-0.118857
0.086014
-0.001796
-0.031057
0.056718
-0.118857
0.027483
-0.031074
-0.031082
-0.001796
-0.119029
-0.060464
-0.001796
0.086194
0.027517
-0.031108
-0.031117
-0.031125
0.115472
0.056787
0.027483
-0.031074
-0.001796
0.056753
0.027466
0.027457
0.027449
0.085885
-0.089476
0.027440
-0.060275
0.144339
0.056599
-0.118618
-0.031022
0.056650
-0.118720
-0.001796
-0.031048
0.085937
0.027431
-0.060258
0.144297
-0.001796
0.027397
-0.001796
0.027389
-0.030980
0.027389
0.027380
0.027372
-0.001796
-0.001796
-0.001796
-0.235372
0.085860
-0.177183
-0.060326
-0.031074
-0.060378
-0.001796
-0.089733
-0.001796
-0.031125
0.174054
0.115266
-0.324046
END
