y[]
0.070675
-0.111560
-0.002211
-0.075177
0.034279
-0.038701
-0.002211
-0.038714
-0.038727
-0.002211
-0.002211
-0.002211
0.070808
-0.002211
0.034279
-0.038701
0.034279
-0.075204
-0.038727
-0.038741
-0.002211
-0.002211
0.107338
-0.002211
0.070755
0.034252
-0.002211
0.107098
0.143349
0.143138
0.034093
0.070358
-0.074780
-0.002211
-0.183864
-0.074965
-0.147878
0.325241
0.034106
-0.074859
-0.074912
0.106820
-0.002211
-0.111243
-0.002211
0.106820
0.070411
-0.074833
0.034106
-0.038528
0.034106
-0.002211
-0.038528
-0.038542
0.034120
-0.038542
0.034120
0.034106
-0.002211
-0.002211
-0.111203
-0.038568
-0.074965
0.034172
-0.002211
-0.038595
-0.038608
-0.184394
0.034252
-0.038674
-0.002211
0.034252
-0.002211
-0.002211
0.070675
0.070622
0.070569
0.070516
-0.002211
0.070463
-0.038542
0.034120
0.070411
0.070358
-0.038489
-0.074806
-0.111203
-0.002211
-0.074938
-0.074991
0.070569
0.106860
-0.002211
-0.074912
0.034146
-0.184129
-0.002211
-0.257453
0.034292
-0.184860
0.107418
-0.002211
0.107298
0.180038
-0.002211
-0.075071
0.070649
-0.038634
-0.111560
0.179972
0.034186
-0.038608
-0.038621
-0.002211
0.288698
0.179178
-0.002211
-0.038463
-0.038476
-0.038489
0.142822
-0.038450
-0.002211
-0.038463
-0.002211
-0.074754
-0.038502
0.070358
-0.002211
-0.038489
-0.038502
-0.074833
-0.002211
0.034106
-0.038528
-0.074886
-0.038568
0.034146
0.034133
-0.038555
0.034133
0.034120
-0.074886
-0.038568
-0.002211
-0.111362
0.070569
-0.002211
-0.002211
-0.002211
-0.002211
0.070516
-0.002211
-0.038568
0.070490
-0.038555
-0.002211
0.034133
-0.038555
-0.002211
0.034133
-0.074912
0.034146
0.034133
-0.038555
-0.074938
-0.074991
-0.002211
0.034186
-0.002211
0.034172
-0.074991
0.324884
0.034067
0.034054
-0.074754
-0.074806
0.034093
-0.038515
-0.038528
0.034106
-0.002211
0.034093
0.106623
-0.329068
-0.002211
0.106860
-0.074912
-0.111362
-0.002211
-0.038621
-0.147984
-0.075177
0.143668
-0.002211
-0.002211
-0.330738
-0.111961
0.034385
-0.002211
-0.038808
0.144095
-0.038767
0.180437
-0.002211
-0.038714
0.180171
0.034225
0.143402
-0.002211
-0.147825
0.107019
-0.147878
-0.002211
-0.148090
0.070755
-0.038687
-0.002211
-0.111720
0.034305
0.143721
0.070675
-0.038648
-0.002211
0.034225
-0.111560
-0.038687
-0.002211
0.034265
-0.038687
-0.038701
-0.075230
-0.002211
-0.002211
-0.002211
0.070808
-0.002211
0.070755
-0.075177
-0.038714
-0.038727
-0.038741
-0.075311
0.070888
-0.002211
-0.002211
0.034319
-0.002211
0.107298
0.070728
-0.038674
-0.002211
-0.148197
-0.038741
-0.038754
-0.002211
0.107378
-0.331339
-0.075498
-0.038875
-0.038888
0.181040
-0.002211
0.070995
-0.075418
-0.112121
0.034439
0.034426
-0.075498
-0.002211
0.144309
-0.002211
-0.075444
-0.112162
-0.149000
-0.075686
0.107982
-0.112404
-0.038969
0.034547
0.034533
0.034520
-0.038942
-0.002211
0.034520
-0.002211
-0.002211
-0.038942
-0.038956
0.034533
-0.222881
-0.039037
0.218540
-0.002211
0.034533
-0.075713
0.034547
0.034533
0.034520
-0.075686
-0.112525
0.071345
-0.075768
0.034574
-0.038996
0.071345
0.071291
-0.002211
-0.002211
-0.002211
0.034520
-0.038942
-0.038956
0.034533
-0.038956
-0.002211
-0.038969
-0.002211
-0.038983
-0.038996
-0.075822
0.144956
1.058322
0.106860
0.143032
-0.002211
-0.038502
0.070358
-0.038489
-0.074806
-0.038528
-0.002211
-0.002211
0.468890
-0.110730
-0.002211
0.106308
0.033936
0.070043
0.106073
-0.002211
-0.074387
0.069965
-0.002211
-0.002211
-0.146615
-0.002211
0.033910
-0.110612
0.142298
-0.038319
0.033897
0.033883
0.033870
-0.038293
-0.110534
0.033910
-0.038332
0.033910
-0.002211
-0.074465
0.070043
-0.002211
-0.038332
-0.038345
0.033923
-0.002211
-0.002211
0.106112
0.033870
-0.074387
0.069965
-0.002211
-0.038293
0.033870
0.033857
-0.002211
-0.074361
-0.002211
0.069939
-0.002211
-0.038280
0.357890
-0.146096
-0.002211
-0.002211
-0.038215
0.033793
-0.002211
-0.038215
-0.038228
-0.002211
-0.002211
-0.038241
0.033818
-0.110339
0.069887
-0.074309
0.033844
-0.038267
-0.002211
0.069887
-0.074309
-0.074361
-0.002211
-0.038306
-0.038319
0.069991
-0.038306
-0.002211
-0.074439
0.033910
0.033897
0.069965
-0.110495
0.069991
-0.002211
0.033870
-0.002211
-0.110495
-0.038332
0.070017
-0.038319
0.033897
0.069965
-0.074387
-0.002211
0.033883
-0.038306
-0.002211
-0.002211
-0.038319
-0.038332
0.070017
-0.002211
-0.002211
-0.002211
-0.038319
0.033897
-0.038319
0.033897
-0.002211
-0.002211
END
