y[]
0.062213
0.031646
-0.029432
-0.029442
-0.090595
0.184425
0.001107
-0.029423
0.031636
-0.029423
0.184145
0.001107
0.092500
0.183644
-0.029293
0.031506
0.001107
0.001107
-0.059702
0.001107
-0.029312
0.001107
0.001107
0.061934
0.001107
-0.029302
-0.029312
0.061934
-0.029302
0.061915
0.031497
0.031488
0.001107
0.001107
-0.029275
0.001107
-0.029284
-0.120548
-0.059776
0.061989
-0.059776
0.031553
0.092389
0.001107
0.001107
0.092306
-0.029284
-0.029293
0.061897
-0.090093
-0.029312
0.001107
0.031525
-0.151077
-0.090315
0.062064
0.062026
-0.029349
0.062008
0.061971
-0.029321
0.061952
0.031516
-0.029302
0.061915
0.001107
0.031497
-0.059684
-0.059721
0.061934
-0.090148
-0.029330
-0.120733
0.062045
-0.120808
-0.212601
0.062213
0.001107
0.031646
0.001107
0.062157
0.062119
-0.029395
0.062101
-0.059888
0.062101
-0.029386
0.001107
-0.029395
0.031608
-0.059906
0.031618
0.001107
-0.029405
-0.029414
0.001107
0.001107
0.001107
0.001107
0.062138
-0.029405
0.031618
0.031608
0.031599
0.001107
0.001107
0.001107
0.031590
0.001107
-0.029377
0.031590
-0.029377
0.001107
0.001107
-0.029386
0.031599
0.001107
0.062064
0.062026
-0.029349
0.031562
0.001107
0.031553
-0.059795
0.031562
0.031553
-0.029339
0.031553
0.031543
0.031534
-0.029321
0.001107
-0.029330
0.122798
0.001107
0.001107
0.031506
-0.029293
-0.029302
-0.120622
0.001107
-0.120770
0.062064
0.001107
-0.029367
0.031580
0.092472
0.001107
-0.059795
-0.090315
-0.059888
0.001107
-0.029405
-0.090483
0.062175
-0.059962
-0.029442
0.001107
0.001107
0.123244
-0.029414
0.001107
0.031627
0.001107
0.031618
-0.029405
0.001107
0.031618
0.062101
-0.029386
0.001107
-0.059906
0.031618
0.062101
-0.029386
0.001107
0.031599
-0.029386
-0.029395
-0.029405
0.001107
0.031618
0.031608
-0.090427
0.001107
0.031627
0.001107
-0.029414
0.092640
0.031599
0.062064
-0.029367
-0.029377
0.031590
0.001107
-0.029377
0.001107
-0.029386
0.031599
-0.029386
0.031599
0.001107
-0.059888
0.001107
0.001107
0.001107
0.001107
-0.059925
0.092640
0.031599
0.031590
0.062045
0.001107
0.092445
0.031534
-0.029321
-0.090232
0.031562
0.183644
-0.150985
-0.059795
0.031562
-0.029349
-0.029358
0.062026
-0.120770
0.001107
0.001107
0.031590
0.001107
0.031580
-0.029367
-0.029377
0.001107
0.001107
0.031590
0.001107
-0.029377
0.031590
0.001107
-0.059869
-0.059906
0.001107
-0.151589
0.031664
0.031655
0.001107
0.001107
0.001107
-0.059999
-0.029460
0.001107
0.001107
0.031674
-0.029460
-0.029470
-0.060074
0.001107
0.031702
0.001107
-0.029489
0.001107
-0.029498
-0.029507
0.001107
-0.060149
0.001107
0.001107
-0.029535
0.031748
0.031739
0.001107
-0.029526
-0.029535
0.001107
0.031748
0.001107
-0.029535
0.001107
0.001107
0.031748
0.062362
0.031720
-0.029507
0.001107
-0.090791
0.031748
-0.029535
-0.060206
0.001107
0.062419
-0.060206
-0.029564
0.123731
-0.121518
0.307385
-0.060074
0.062287
-0.060074
0.001107
0.062287
0.062250
0.031664
-0.029451
-0.090623
0.062269
0.001107
-0.029470
0.031683
-0.060056
0.001107
-0.029489
0.001107
-0.060112
0.001107
0.001107
-0.029517
0.001107
0.001107
0.092948
0.031702
0.031692
0.001107
0.001107
-0.029479
0.062269
0.031674
-0.060037
0.001107
-0.029479
0.001107
-0.029489
-0.060112
0.001107
-0.090791
0.001107
0.001107
-0.029545
-0.029554
0.031767
0.031758
0.031748
-0.182886
-0.213980
0.124070
0.031824
-0.121819
0.093315
-0.029620
-0.060375
-0.183566
-0.029705
-0.060546
0.062759
-0.029715
0.124335
0.031890
0.093400
-0.029648
-0.091215
0.062664
0.001107
-0.060451
0.031890
-0.122084
0.155071
0.001107
0.031871
0.062607
0.123994
-0.060319
0.062532
-0.091045
0.031833
-0.029620
-0.152669
0.001107
0.001107
-0.122084
0.001107
-0.029715
0.031928
0.062721
-0.029696
0.001107
0.001107
0.031909
0.001107
-0.060508
-0.060546
0.031937
0.216657
-0.029658
-0.029667
0.093400
-0.060413
0.001107
0.062626
0.001107
0.001107
0.062588
-0.029630
0.001107
0.031843
0.001107
0.031833
-0.029620
0.001107
0.031833
-0.091102
0.062588
0.031833
0.001107
0.031824
0.001107
0.001107
0.001107
0.001107
0.062513
0.031796
0.031786
0.001107
-0.029573
0.123768
-0.029545
0.001107
-0.029554
0.031767
-0.029554
0.001107
0.031767
-0.029554
0.031767
-0.090904
-0.060281
-0.091045
0.001107
0.062550
-0.029611
-0.060356
0.062569
-0.029620
0.062550
END
