y[]
-0.226935
0.160902
-0.194714
0.031630
0.096281
-0.000727
0.063893
0.128388
-0.323830
-0.097862
-0.162828
0.031714
-0.098083
-0.033200
-0.000727
-0.228333
0.161901
-0.065747
0.129269
-0.195786
-0.130978
0.129523
-0.000727
-0.065832
-0.261569
-0.033381
-0.033391
0.162485
0.779004
-0.813080
0.129693
0.064419
0.064377
-0.065832
0.064377
0.096849
-0.065768
-0.098368
0.064377
0.031809
-0.098368
0.129439
0.064292
0.517912
0.128513
-0.033022
0.096125
-0.129885
-0.130052
-0.130219
-0.162828
-0.065641
-0.000727
-0.000727
-0.065684
-0.098241
-0.326461
-0.000727
-0.066002
-0.000727
-0.294990
-0.460197
0.065040
-0.066495
0.360462
0.064803
-0.328812
1.855097
-1.823695
-0.066452
-0.000727
0.032140
-0.066474
-0.231180
-0.000727
-0.330870
0.032336
0.032325
0.197358
0.065214
0.065170
-0.000727
0.196706
-0.066495
0.130765
0.032119
-0.132177
-0.033617
-0.066539
-0.000727
0.032184
-0.000727
-0.132436
-0.099623
0.065214
-0.132654
-0.000727
0.131199
0.131025
-0.099525
-0.033682
-0.033693
0.032238
-0.000727
-0.198682
0.065301
-0.198944
0.032336
-0.066865
0.098462
0.098364
-0.132872
-0.000727
0.065366
0.065323
-0.099819
-0.099917
-0.000727
-0.100016
-0.199601
-0.233247
-0.100544
-0.200661
0.165911
-0.334283
0.199540
0.065939
0.232256
0.165358
-0.133574
0.032501
0.165248
0.231176
-0.066931
-0.166428
0.594512
-0.066691
-0.000727
0.164099
-0.165554
0.328654
0.425852
-0.131789
0.359279
0.129863
-0.196678
-0.098847
-0.131703
-0.033498
-0.099104
0.195929
-0.230198
0.032086
0.064868
0.326605
-0.295278
-0.033509
-0.000727
-0.197643
0.032119
-0.033574
-0.099331
-0.330109
-0.165826
0.197358
0.065214
-0.231713
0.164316
-0.132741
-0.000727
-0.066799
0.427962
-0.033638
0.097973
0.261998
-0.066344
-0.066387
-0.033574
0.032119
-0.099298
0.032140
0.196252
-0.033530
-0.164904
-0.000727
0.064976
0.032108
0.064911
0.032076
0.195865
0.130120
0.097296
-0.164153
-0.000727
0.064675
0.097296
-0.262337
0.097456
0.064675
-0.131575
0.064718
0.031979
-0.000727
0.097328
0.031936
-0.262337
-0.000727
-0.197384
-0.296440
0.360580
-0.131961
0.163288
-0.296149
0.229120
-0.066344
0.261482
-0.066215
-0.164635
-0.132047
-0.362749
-0.099688
-0.165880
0.197423
0.164099
0.130938
-0.462317
0.032314
0.065323
-0.033747
0.131286
-0.099721
-0.132872
0.032325
-0.066843
-0.166208
-0.033857
0.065520
-0.133266
0.065564
0.065520
-0.133266
0.131811
-0.033846
-0.166483
0.065608
-0.033889
-0.100279
0.032468
-0.100346
-0.067195
-0.033978
0.132207
-0.100412
0.298028
0.032413
0.065520
0.098561
0.065410
-0.033791
0.065388
-0.000727
-0.099917
-0.033813
-0.000727
-0.133178
-0.166537
0.231330
0.428812
0.196901
0.196511
0.064932
-0.197837
0.032151
0.032140
-0.660143
-0.199403
-0.299483
0.065740
0.297830
-0.100148
0.065564
0.065520
0.098561
0.230563
-0.066756
-0.066799
-0.298593
0.363210
0.296058
0.065105
0.097941
-0.000727
-0.231104
-0.033682
0.032227
-0.165608
0.197097
0.065127
0.327896
-0.132047
0.261740
0.097520
-0.262937
0.130463
0.097553
0.064739
0.097392
0.293054
-0.033327
-0.098591
0.031904
0.064504
0.292289
-0.000727
0.129227
-0.033200
0.193951
-0.033148
-0.065599
0.064144
0.064102
-0.033137
-0.098020
-0.033179
-0.065663
-0.065705
-0.065747
0.064292
-0.130809
-0.000727
-0.000727
0.161848
0.031756
-0.098209
0.161689
0.031724
0.128974
0.096439
-0.033106
-0.000727
-0.033116
0.096407
-0.065473
-0.097925
-0.033148
-0.000727
0.031693
0.064081
-0.033127
-0.065557
0.064102
-0.000727
-0.000727
-0.097988
-0.098083
0.291054
0.031640
0.031630
-0.195028
-0.098020
-0.228111
0.161742
-0.358510
-0.000727
0.064419
0.096913
0.194268
-0.391099
-0.163833
0.292671
-0.000727
-0.033285
-0.261569
0.097168
-0.229299
-0.033423
-0.066151
0.064696
-0.000727
0.129992
0.064568
0.227471
-0.033295
-0.163727
-0.196678
0.064632
-0.196934
0.064718
-0.131660
0.130205
-0.033445
-0.000727
0.031990
0.195351
-0.098719
-0.131532
-0.033455
-0.066215
0.032022
0.162858
0.097296
-0.098751
-0.295375
-0.099137
0.032086
-0.099201
0.294403
-0.000727
0.195543
0.031947
-0.033402
0.195159
0.031883
-0.163886
-0.000727
-0.033391
0.292863
0.194522
-0.098304
-0.033274
0.226878
-0.033211
0.031756
-0.163250
0.744698
-0.162304
0.063935
-0.227228
-0.033127
-0.065557
0.064102
0.193510
-0.097799
0.161006
0.063893
-0.033032
0.128430
0.257088
-0.290816
-0.065306
-0.000727
0.096125
0.289268
END
