y[]
0.181570
0.037776
-0.069938
0.145450
-0.033999
0.001875
0.073611
0.001875
0.109383
0.001875
-0.141494
0.109422
0.037698
-0.105632
0.037724
0.001875
-0.069835
-0.069886
-0.034025
0.001875
0.073663
-0.141751
0.109615
0.001875
0.073637
0.001875
0.109422
0.073509
0.001875
0.073457
-0.033909
0.073432
0.001875
0.001875
-0.069681
0.037660
0.001875
0.037647
-0.033896
-0.033909
-0.033922
0.037673
0.001875
0.001875
0.037660
0.037647
0.001875
-0.033896
0.037647
-0.069681
0.037660
0.037647
-0.572014
-0.034102
0.037853
0.073792
-0.034076
-0.178078
0.001875
-0.070197
0.073947
0.145864
-0.142113
0.145864
-0.070093
0.109808
0.109692
0.001875
0.037788
0.001875
0.037776
-0.034025
0.145399
0.073560
-0.033961
-0.033973
-0.069861
0.001875
0.037750
0.037737
0.037724
-0.105709
-0.105825
0.001875
-0.069990
0.109653
-0.069964
0.001875
0.109615
0.109499
-0.069861
0.145296
0.073509
0.037673
-0.141391
0.037711
0.001875
-0.033961
0.001875
0.323937
0.108999
-0.033820
0.073253
0.001875
0.037545
0.073177
0.108732
0.037469
-0.033718
-0.033731
-0.033744
-0.033756
0.037507
-0.033756
0.001875
0.001875
-0.033769
0.001875
0.179970
-0.211876
0.073177
-0.069426
-0.033794
-0.069502
-0.105287
-0.069630
0.001875
0.001875
-0.069681
0.001875
0.001875
-0.069732
-0.069784
0.037711
0.037698
0.323706
-0.033833
0.108961
-0.212410
-0.069655
-0.033909
0.216391
-0.176856
0.109152
0.073329
0.073278
0.001875
-0.033820
0.001875
-0.069553
0.001875
-0.141135
-0.033909
0.109191
0.037622
0.109037
-0.069553
0.108999
0.037558
0.037545
-0.069477
0.108884
0.001875
0.001875
-0.033782
0.001875
0.037532
0.001875
0.001875
0.037520
-0.033769
-0.033782
0.037532
0.001875
0.037520
0.001875
0.037507
-0.033756
0.037507
0.073100
0.001875
-0.104981
0.001875
0.037507
0.001875
0.073100
-0.140626
0.001875
0.001875
0.037520
0.037507
-0.069400
0.001875
0.001875
0.073151
-0.105057
-0.033794
0.001875
0.037545
-0.105172
-0.105287
0.073329
-0.105325
0.037622
-0.033871
-0.033884
-0.069681
0.109191
0.001875
0.109076
-0.033845
-0.033858
0.037609
-0.356035
0.145193
-0.428696
-0.214107
-0.070223
-0.287038
-0.106683
0.074260
0.146489
0.001875
-0.106565
0.110316
0.001875
0.037996
-0.178858
0.038048
0.038035
0.038022
0.074130
-0.178858
0.110355
-0.070431
-0.034298
0.038048
0.110316
-0.070405
-0.034284
-0.179120
-0.034363
0.110551
-0.106801
0.399778
-0.214966
0.038048
0.001875
0.074182
-0.034271
0.218560
-0.034206
0.182153
0.001875
0.037892
-0.070171
0.037905
-0.034154
0.001875
0.109925
-0.070145
0.001875
0.001875
0.145864
-0.034102
0.001875
0.037853
0.109731
-0.070015
0.001875
-0.178078
0.109886
-0.034115
0.109808
-0.070067
-0.034115
-0.142217
-0.034180
0.073973
0.037905
0.109886
-0.070119
-0.106213
0.289853
-0.034076
0.109692
-0.034051
-0.034064
-0.106019
-0.178208
0.217936
-0.070093
0.037866
0.037853
0.001875
0.073792
-0.070041
-0.106097
0.109847
0.145657
0.145450
-0.033999
-0.213642
-0.286206
-0.106369
0.001875
0.001875
0.001875
-0.106487
-0.106604
0.001875
-0.034311
0.001875
0.074234
0.001875
0.074182
-0.034271
0.001875
0.001875
0.001875
0.110276
-0.070379
0.038009
0.001875
0.037996
-0.070379
-0.034271
0.001875
0.001875
0.001875
-0.034284
-0.034298
-0.034311
-0.034324
0.038074
-0.034324
-0.070562
-0.034363
0.001875
-0.070641
-0.034403
0.146908
-0.106879
0.183068
0.038074
-0.143000
-0.106919
0.038153
0.001875
-0.070694
0.001875
-0.216148
0.110946
-0.070825
0.074576
-0.070825
0.038232
0.074550
-0.070799
0.147171
-0.107077
0.110828
0.038166
-0.070720
-0.507773
-0.253926
0.621976
-0.545072
0.111504
-0.034654
0.001875
0.220854
0.001875
-0.107554
-0.180773
-0.217744
0.148342
0.075028
0.074975
-0.071224
0.001875
-0.071278
0.001875
0.184657
0.001875
0.038392
0.038378
0.074841
0.111225
-0.071011
0.038325
0.038312
0.074709
0.074656
0.001875
0.001875
-0.070905
0.001875
0.038272
0.110986
0.074550
0.001875
0.255821
0.146698
0.074208
0.434776
-0.070145
0.001875
0.073896
0.217625
-0.069990
0.109653
-0.069964
-0.070015
-0.106058
-0.106174
0.073921
-0.070171
-0.034167
-0.034180
-0.034193
-0.070301
0.037970
-0.070327
0.037983
0.001875
0.074051
0.001875
-0.034206
-0.251061
0.110355
-0.034271
-0.034284
-0.106683
-0.215595
0.001875
0.146908
-0.361101
0.147224
0.328140
-0.070536
0.182805
-0.324035
END
