y[]
-0.028400
-0.060477
0.067769
0.003646
0.035692
0.099723
0.035651
-0.028359
-0.092431
-0.124601
-0.060539
-0.028462
0.164082
0.067748
0.003646
-0.060457
0.003646
0.003646
-0.092585
-0.028452
-0.028462
-0.060601
0.067892
-0.028473
0.035764
0.035754
-0.060580
-0.028483
0.260385
-0.188847
0.067851
0.003646
-0.028452
0.035743
0.131933
-0.060477
-0.092616
0.035743
-0.092678
0.452364
0.163416
-0.220104
-0.348975
-0.092740
0.228401
0.003646
0.131851
-0.028390
0.035682
-0.028390
-0.060457
0.451503
0.035559
-0.028268
0.131237
0.099233
0.035488
-0.219462
-0.060191
-0.092186
-0.060293
0.067584
0.035600
-0.060273
0.099508
0.067503
0.003646
0.067462
-0.028257
-0.156022
0.035600
0.035589
-0.028298
-0.092247
0.035620
0.035610
0.035600
-0.060273
0.099508
0.035579
0.035569
0.067462
0.067421
0.067381
-0.028217
0.035508
0.003646
-0.028217
0.035508
-0.060089
0.003646
0.003646
-0.060130
0.035538
0.003646
0.035528
0.003646
0.035518
0.035508
0.003646
-0.060089
0.162907
0.035467
0.003646
0.003646
-0.060008
0.003646
0.035478
0.003646
-0.028186
-0.028196
-0.028207
0.035498
0.035488
0.003646
-0.060049
0.067340
0.003646
-0.060049
0.638770
0.288141
0.098298
0.066697
-0.059406
-0.248959
0.098447
-0.027945
0.035236
-0.091156
-0.027975
-0.344842
0.035377
-0.028085
0.067097
-0.218612
0.130710
-0.028105
0.035397
0.067118
-0.123338
0.162351
0.067057
0.067017
-0.091426
0.035346
-0.123218
-0.059846
-0.091668
0.003646
-0.091759
0.067259
-0.059968
-0.028176
-0.028186
0.067299
-0.060008
0.003646
-0.155666
-0.028247
-0.060171
0.131237
-0.123946
0.226824
-0.091941
-0.028237
0.003646
0.035528
-0.028237
0.003646
0.035528
0.131075
0.003646
0.035478
0.067279
-0.059988
0.003646
0.130872
-0.028146
-0.059968
-0.028176
0.003646
0.003646
0.035467
0.003646
0.003646
0.003646
0.003646
0.130832
0.098929
-0.059867
0.098899
0.067097
-0.028075
-0.091577
0.003646
0.067138
0.098808
-0.091517
-0.155160
0.098959
-0.028116
0.130630
-0.059826
0.003646
0.003646
0.035387
-0.218753
-0.028166
-0.123702
0.003646
0.067340
0.130913
-0.219178
-0.315538
-0.092308
0.163518
0.067523
0.035569
-0.188048
0.035620
-0.060313
0.035630
-0.220462
-0.220965
0.035764
0.067851
0.099877
-0.028421
0.003646
0.003646
0.003646
-0.060519
-0.060560
-0.092740
-0.028504
0.035795
-0.028504
0.132180
0.003646
0.099938
0.003646
0.067789
-0.028421
0.035712
0.003646
0.003646
0.067748
-0.028400
-0.092554
0.067789
0.099784
0.035671
-0.028380
0.003646
-0.028390
0.003646
0.003646
-0.028400
-0.092554
-0.028442
0.067810
0.099815
0.003646
-0.028400
0.035692
-0.028400
-0.060477
0.067769
-0.060477
-0.188971
0.067892
0.003646
-0.189218
0.035816
0.003646
0.035805
0.035795
0.035784
0.035774
0.067872
-0.350109
-0.093051
0.164754
0.228762
-0.092771
0.003646
-0.028514
-0.221761
-0.060850
0.164806
0.003646
-0.060787
0.035867
-0.222124
0.100467
0.068141
-0.028597
0.003646
-0.222343
0.003646
0.068266
-0.060975
-0.061016
0.003646
0.035982
0.068287
-0.028670
-0.222855
0.133137
0.132970
-0.093332
0.197507
-0.028638
0.003646
-0.060954
0.003646
-0.028670
-0.061016
0.003646
0.003646
0.003646
0.003646
-0.028701
0.035992
-0.061058
0.068350
-0.093426
0.036013
-0.028722
-0.028733
-0.028743
0.100780
0.133012
-0.028680
0.003646
0.132886
-0.028649
-0.060975
0.068266
-0.093301
0.003646
0.003646
0.132886
-0.060954
0.003646
-0.060996
-0.158141
-0.223296
0.003646
-0.191286
0.166115
-0.126309
0.036150
0.036140
0.230808
-0.028775
0.003646
0.003646
-0.126140
0.101001
0.133305
-0.028754
0.133179
-0.028722
-0.255674
-0.158771
0.068644
-0.028848
-0.093899
-0.061437
-0.028912
-0.028922
0.101318
0.003646
0.101222
-0.028869
-0.028880
0.101191
-0.093899
0.003646
-0.028891
-0.028901
-0.028912
-0.028922
-0.191985
0.003646
-0.028997
0.003646
0.068920
0.068877
0.068835
0.036224
-0.061522
-0.028954
0.003646
0.003646
0.036245
-0.126818
0.036277
0.036267
-0.028975
-0.094282
-0.192497
0.036363
0.003646
0.003646
-0.029072
0.003646
0.069069
-0.159994
-0.029114
-0.094699
0.036438
0.069198
-0.127502
-0.061993
-0.062036
-0.062079
-0.062122
0.299261
0.036438
0.069198
0.069155
-0.029104
0.036395
-0.061864
-0.029125
0.003646
0.003646
0.265512
-0.029050
-0.029061
0.232367
0.036277
0.231770
-0.028912
0.133812
-0.224256
-0.028954
-0.094218
0.166698
0.101350
-0.028912
END
