y[]
-0.036650
0.000504
0.000504
-0.036664
0.000504
-0.036678
-0.073901
-0.148472
0.037768
-0.111332
-0.074123
0.000504
0.075131
0.000504
0.037796
0.000504
-0.036789
0.037796
0.000504
-0.036789
-0.148806
0.075186
0.000504
-0.074179
0.075186
0.037824
0.000504
0.000504
0.000504
0.037810
0.000504
0.000504
0.037796
-0.036789
0.000504
0.112340
0.000504
-0.036761
0.037768
-0.036761
0.000504
0.037768
0.037755
-0.036747
0.000504
0.037755
0.074964
0.037713
0.000504
-0.111166
-0.036747
0.112215
-0.111207
-0.036761
0.149480
-0.111207
0.037755
0.037741
0.000504
0.000504
0.037727
-0.073956
-0.111291
0.112298
-0.036747
0.000504
0.000504
0.074992
-0.036733
0.037741
0.112132
0.000504
0.000504
-0.073901
0.037713
0.074881
0.000504
-0.073873
0.000504
-0.036706
0.000504
0.037713
-0.036706
0.000504
0.000504
-0.073956
0.074964
0.037713
0.000504
-0.073929
0.037727
-0.036719
0.000504
0.037727
0.037713
0.000504
0.000504
-0.036706
0.074908
0.000504
0.037685
0.037671
-0.036664
0.000504
0.000504
0.000504
0.037671
0.000504
-0.036664
0.000504
0.037671
-0.073846
0.074853
-0.036664
-0.073873
0.000504
0.000504
-0.036706
0.037713
0.037699
-0.036692
0.000504
-0.036706
0.037713
0.000504
0.149203
0.037644
-0.036637
-0.036650
-0.073846
-0.148361
-0.185890
0.037810
-0.036803
-0.074151
0.112465
-0.298339
-0.186727
0.150316
-0.149309
0.000504
0.150316
-0.036928
-0.074403
0.112842
0.037922
-0.074347
-0.074403
0.037964
0.112800
0.000504
0.112674
0.075214
0.000504
0.037838
-0.036831
0.000504
-0.074207
-0.036873
0.075242
0.037852
-0.036845
0.000504
0.037852
-0.036845
0.037852
0.000504
0.000504
-0.148973
0.037894
-0.111709
0.112716
0.037880
0.000504
0.037866
-0.036859
-0.111667
0.112674
-0.036873
-0.036886
-0.074319
0.000504
-0.149309
0.075438
-0.111919
0.000504
0.037992
-0.074487
-0.037013
0.113011
0.075438
-0.036957
0.000504
0.000504
0.000504
0.037964
0.075382
0.037922
0.037908
-0.186657
-0.149478
0.000504
-0.074571
0.225560
-0.036971
0.112884
0.037936
0.037922
-0.036914
0.000504
0.037922
0.000504
-0.074347
-0.074403
-0.074459
0.000504
-0.112046
0.150541
0.000504
-0.074487
0.038006
-0.036999
-0.149646
0.075607
0.075551
0.000504
0.000504
-0.074543
0.038034
0.038020
0.038006
0.000504
0.000504
-0.074515
0.038020
-0.074543
0.000504
-0.037041
0.075579
0.000504
0.000504
0.038020
0.075494
-0.036985
0.037992
0.037978
0.037964
-0.036957
0.075410
0.000504
0.000504
0.000504
-0.036942
0.000504
0.037950
-0.036942
-0.036957
-0.036971
0.000504
-0.074487
0.000504
0.038006
0.000504
-0.036999
-0.037013
0.038020
-0.037013
0.038020
0.187875
-0.036942
0.112800
0.000504
-0.036914
-0.036928
-0.074403
0.075410
-0.036942
0.037950
0.037936
0.000504
0.000504
0.000504
0.112716
0.075242
-0.036859
0.075214
-0.111583
0.075242
-0.036859
0.075214
-0.111583
0.037880
-0.074263
-0.186657
0.112842
-0.224300
-0.262407
0.000504
0.000504
-0.074741
0.000504
-0.150155
-0.150383
0.038247
0.038232
0.000504
0.000504
0.000504
-0.037225
-0.037239
-0.037254
0.113733
-0.037225
0.000504
0.151333
0.000504
0.000504
0.000504
0.113477
0.000504
0.113349
0.150767
0.375176
0.037894
0.149925
-0.074179
0.187106
0.000504
0.037782
-0.036775
-0.186098
0.000504
-0.074235
0.187245
-0.186238
0.037880
-0.036873
0.112590
0.037838
0.037824
0.335762
-0.185612
-0.036761
0.186689
-0.036706
-0.073956
-0.074012
0.112256
-0.111249
0.037768
0.112215
-0.185751
-0.036789
0.037796
0.037782
0.075019
0.000504
-0.111291
-0.074095
0.224134
-0.111249
-0.111374
-0.036817
0.224217
0.000504
0.037741
-0.073984
-0.036761
-0.036775
-0.111416
0.000504
0.000504
0.037824
-0.074151
0.000504
0.037838
0.075131
0.000504
0.037796
-0.074095
0.037810
-0.036803
0.037810
0.000504
0.000504
0.000504
0.000504
0.037796
0.000504
0.037782
-0.036775
0.000504
0.000504
0.000504
0.037782
0.000504
0.000504
0.000504
-0.036775
0.000504
0.037782
-0.074068
0.000504
-0.074123
-0.036831
0.000504
0.037838
0.037824
0.000504
-0.074151
0.037838
0.037824
-0.074151
0.075158
0.000504
-0.036817
0.037824
0.000504
-0.373329
0.075382
0.037922
-0.036914
0.037922
0.000504
0.000504
0.150036
-0.111625
0.000504
-0.036900
0.112674
0.075214
0.187036
0.075019
-0.111291
-0.074095
-0.074151
-0.036845
0.075186
0.037824
0.224134
-0.111249
-0.036775
0.149535
END
