y[]
0.041757
-0.132381
0.076630
-0.062743
-0.027918
-0.097714
-0.027966
-0.062913
0.320916
-0.062743
0.041793
-0.097641
-0.027942
0.006944
0.076703
0.076654
0.701391
-0.062284
0.006944
-0.131656
0.145544
0.041564
-0.062308
0.110804
0.006944
-0.027664
-0.062308
-0.201101
-0.097241
-0.027809
0.319281
0.076220
-0.409434
-0.236747
0.146268
0.146074
-0.341246
-0.132672
-0.272875
-0.555053
0.182907
-0.345293
0.112745
-0.240101
-0.134499
-0.205596
0.006944
-0.206049
0.148989
0.042424
-0.135051
-0.277653
0.327058
0.042449
0.148838
-0.170456
0.077941
-0.241768
-0.064231
-0.099913
0.220543
0.184595
-0.028561
-0.064104
0.290833
-0.170393
0.219710
-0.205822
0.113383
-0.135001
-0.170771
0.042512
-0.135405
-0.099951
0.291743
-0.277855
-0.064383
-0.064434
0.078321
-0.171596
0.149801
-0.314772
0.042741
0.042728
0.221383
0.220924
0.006944
0.220467
-0.170961
0.113724
0.078068
0.113535
-0.241945
0.042537
-0.099875
0.078169
-0.171214
-0.207266
0.399311
-0.313969
-0.064510
0.042677
0.078372
-0.207495
-0.172107
-0.028905
0.042792
0.400434
-0.279077
-0.028866
0.006944
-0.064715
-0.316158
-0.209039
-0.029099
0.294921
-0.100951
0.150777
-0.064947
0.042896
-0.064973
-0.065025
0.330394
-0.028944
0.186252
0.078577
0.150056
-0.064587
0.042716
-0.279589
0.006944
-0.064818
-0.100796
0.114683
-0.100796
0.042870
-0.100873
-0.100989
0.042934
0.042921
-0.065025
-0.209273
0.006944
-0.029138
0.079094
0.151088
-0.209351
0.006944
0.043025
-0.101340
0.079146
0.115149
0.042986
-0.065154
-0.029125
0.079068
0.079016
0.294714
0.150519
-0.028931
0.186187
-0.028879
0.257436
-0.028802
0.006944
-0.100372
-0.675408
-0.390240
-0.065441
0.187808
-0.137722
0.115462
0.187547
0.295232
0.222616
0.078731
-0.028944
0.400998
0.149852
-0.207495
-0.603142
-0.101106
-0.137304
-0.065258
-0.065311
0.655361
-0.064895
0.329814
0.150108
0.042703
0.042690
-0.136118
-0.208033
0.114490
-0.028892
-0.316158
0.042896
0.114722
-0.533112
0.439221
-0.244991
0.150984
0.150777
0.150570
0.114528
0.042780
0.042767
-0.172300
0.114528
0.006944
-0.280206
-0.064973
0.150725
-0.208806
-0.029060
-0.209351
-0.029151
-0.137565
-0.065389
0.259880
-0.318377
-0.283122
-0.575724
0.079963
-0.066076
-0.029586
-0.469160
-0.250362
0.190801
-0.029801
0.227208
-0.139845
0.373513
-0.139523
0.153410
-0.212837
-0.103128
-0.287174
-0.066721
0.117421
0.006944
0.154057
0.080419
0.153733
-0.397246
-0.140440
0.448446
0.556094
0.225762
0.297959
-0.102088
0.188597
-0.247463
0.116055
-0.138564
0.152451
-0.320746
-0.358420
-0.396504
0.080419
-0.213645
0.043742
0.043729
0.117218
0.373647
0.043540
0.226242
0.116413
-0.358420
0.116693
0.006944
-0.396061
0.080338
0.006944
0.116935
-0.176442
-0.029774
0.190396
0.006944
0.006944
0.043594
-0.213159
0.043661
0.080338
-0.139899
-0.250551
-0.029895
0.191004
0.006944
0.190666
-0.176779
0.190666
-0.103249
0.227208
0.006944
0.226724
0.006944
0.080097
-0.066209
0.043527
0.189659
0.225762
-0.102406
0.189126
0.043340
0.116055
0.115936
0.006944
-0.102048
-0.174974
-0.029479
0.116174
-0.175172
0.043394
-0.065969
0.006944
0.298277
0.043301
0.115936
0.079539
0.043222
0.006944
-0.101929
0.115817
0.151924
0.006944
-0.029282
-0.465184
-0.102326
-0.211955
-0.029586
0.444422
0.406291
0.440784
-0.029138
0.331210
0.222539
0.150416
0.293272
-0.207725
0.078551
-0.136323
0.150210
-0.064664
0.293067
0.114029
0.078270
-0.064383
0.113915
-0.064358
0.042601
0.362816
0.148939
-0.028536
-0.312943
0.078118
-0.028637
0.042525
0.006944
-0.099837
0.006944
0.042550
-0.028662
0.078143
0.042525
0.078068
0.006944
-0.206579
0.042563
0.078143
0.113648
-0.064180
0.078068
-0.135354
-0.028662
0.078143
0.006944
0.149191
0.042474
0.006944
0.042461
-0.099647
0.078017
0.042461
-0.028574
-0.135253
-0.242389
-0.135811
-0.100257
0.328200
0.078194
-0.206960
-0.100180
-0.243459
-0.028879
0.042767
0.006944
-0.315926
-0.028995
0.258245
0.400575
0.114029
-0.243101
0.363959
0.184975
0.006944
0.113610
0.255391
-0.241504
-0.170897
0.006944
-0.242566
-0.207419
-0.100410
0.150056
0.006944
-0.028815
-0.315464
-0.244538
-0.029034
0.006944
0.150777
0.042870
-0.028982
0.006944
-0.064947
0.365882
-0.028892
-0.028905
0.221844
-0.064638
0.006944
-0.100525
0.078603
0.042754
-0.028866
-0.100564
0.006944
-0.172493
-0.064921
0.114722
0.078731
-0.064844
END
