y[]
-0.001509
0.056783
-0.001509
-0.001509
-0.001509
0.027625
-0.030642
-0.001509
-0.030650
-0.001509
0.027633
-0.030650
0.056766
0.027616
-0.001509
0.027608
-0.001509
0.027599
0.027591
-0.001509
-0.001509
0.056665
0.085688
-0.030566
-0.001509
0.027548
-0.001509
0.056580
0.027523
-0.088629
0.056580
-0.088655
-0.001509
0.027548
-0.146879
-0.030608
-0.001509
-0.001509
-0.030616
-0.088883
-0.001509
0.027625
-0.059784
0.027633
-0.030650
-0.264167
0.056920
-0.030718
0.027701
0.115246
-0.030684
0.144285
0.144073
0.027582
-0.147048
0.027616
-0.147218
-0.001509
0.056800
-0.059818
0.027650
-0.205799
0.056903
0.086044
-0.118263
0.144413
-0.147430
-0.030718
0.086095
-0.001509
-0.001509
-0.001509
-0.059903
0.086070
0.027667
-0.001509
0.115109
-0.059801
-0.176589
0.086070
0.115143
-0.030659
-0.030667
-0.059852
0.056834
0.056800
0.027633
-0.118127
-0.030684
-0.147515
-0.001509
-0.176999
0.027761
-0.001509
-0.060057
0.057039
-0.060057
0.027770
-0.030787
-0.089395
-0.030821
0.115690
0.057039
0.086249
-0.030753
0.086198
-0.030736
-0.030744
-0.030753
0.144626
-0.030718
-0.059954
-0.001509
-0.030744
0.027727
0.115348
-0.001509
-0.089138
0.027710
-0.030727
0.115314
-0.030701
0.144370
-0.001509
-0.001509
0.144158
-0.059750
-0.001509
0.027616
-0.118059
-0.030667
-0.001509
0.056800
-0.059818
0.027650
0.115042
0.143988
-0.001509
0.027565
0.056614
0.027540
-0.001509
-0.030557
-0.117788
-0.001509
0.027574
0.027565
-0.030583
-0.030591
0.027574
0.027565
0.027557
0.027548
-0.059631
0.056614
-0.001509
-0.059631
-0.030583
0.114737
0.027532
0.085561
-0.001509
-0.030524
0.085511
0.027481
-0.059496
-0.001509
0.085461
0.027464
-0.030482
-0.059480
0.027481
-0.059496
-0.088553
0.027515
0.027506
-0.001509
-0.059547
-0.030540
-0.030549
-0.117754
-0.001509
0.085688
-0.001509
0.317563
0.085335
-0.001509
-0.175271
0.056446
0.056412
-0.030465
0.027448
-0.030465
-0.030473
-0.030482
-0.088478
-0.088553
0.114534
-0.030507
-0.175674
0.085612
0.085536
-0.001509
0.403702
0.056245
0.027356
-0.001509
-0.059245
-0.030389
-0.088201
-0.001509
0.027397
-0.001509
0.114032
-0.059262
-0.030398
-0.030406
-0.146122
-0.001509
0.027431
0.085259
0.027397
-0.001509
-0.001509
0.027389
-0.059312
-0.001509
0.056295
-0.030406
0.027389
0.056261
-0.030389
-0.001509
-0.001509
-0.059295
-0.001509
-0.030415
0.056295
-0.030406
0.027389
-0.030406
-0.001509
0.056278
-0.001509
0.027372
0.027364
0.027356
0.027347
-0.030364
0.027347
-0.030364
-0.030373
-0.030381
-0.030389
-0.001509
-0.030398
-0.030406
-0.001509
-0.001509
-0.030415
0.027397
-0.059329
-0.001509
0.027406
0.027397
-0.175070
-0.262416
-0.321323
0.085815
-0.030608
0.231050
0.085561
0.027498
0.056479
-0.001509
0.114366
-0.030465
-0.059446
0.085385
-0.088402
-0.204554
-0.175877
-0.117923
0.056716
-0.088858
0.056733
-0.030625
-0.118059
-0.001509
0.027642
-0.001509
0.085891
0.114906
-0.088807
0.027599
0.056682
-0.059699
-0.030616
0.027599
-0.001509
-0.001509
0.056682
-0.176181
-0.030650
-0.030659
-0.001509
0.085917
0.027616
-0.001509
-0.030633
0.027616
0.027608
-0.030625
0.085815
-0.030608
0.027591
-0.059716
0.056699
0.085739
-0.059665
0.027574
-0.030591
0.056648
-0.059665
-0.030600
-0.001509
0.085739
0.027557
-0.030574
-0.059665
-0.030600
-0.001509
-0.001509
-0.030608
0.114838
-0.001509
-0.001509
-0.030583
0.027565
0.085663
-0.001509
-0.001509
0.027532
-0.059597
-0.001509
-0.001509
-0.263327
-0.059784
-0.118161
0.173419
-0.176436
-0.059886
-0.118365
-0.059988
0.144626
-0.001509
0.144413
0.056800
-0.001509
0.056766
0.202187
0.230780
-0.088553
-0.088629
-0.001509
0.085612
-0.059581
0.114602
0.114467
0.085385
0.056379
0.143063
0.171702
-0.059212
-0.174819
-0.030423
0.142979
-0.088176
-0.030415
-0.001509
-0.001509
0.027397
-0.030415
0.027397
0.171752
-0.059229
-0.001509
-0.030381
0.085084
0.027339
-0.030356
0.056178
0.056145
-0.088001
-0.030356
0.027339
0.113798
-0.087976
-0.001509
0.027322
-0.116882
-0.030373
0.027356
-0.059245
0.027364
-0.030381
0.027364
-0.059262
0.027372
-0.001509
-0.145996
0.085209
-0.117149
0.027414
0.056312
-0.030415
-0.088277
0.143063
0.113998
-0.059245
-0.145996
0.142979
-0.290693
-0.117417
-0.291869
0.027565
-0.088756
0.027582
-0.001509
0.114770
0.085612
-0.117686
-0.001509
0.056597
0.143608
-0.088553
-0.030540
0.027523
0.056530
0.374922
-0.319934
0.056462
0.056429
END
