y[]
-0.086660
-0.030377
0.054110
-0.199479
0.110559
0.025961
0.082259
-0.058518
-0.058550
-0.058582
-0.086826
0.054205
-0.002212
-0.058630
0.138772
-0.114984
0.082378
-0.058598
0.025985
0.082331
-0.143157
-0.030425
-0.030433
-0.058677
-0.002212
0.054253
-0.030441
-0.058693
0.026032
-0.002212
-0.143515
0.054333
-0.002212
-0.087042
0.026072
0.082593
0.082522
-0.115207
0.054301
-0.030465
0.026040
0.026032
-0.002212
0.026024
-0.030449
-0.086970
-0.002212
-0.002212
0.054301
-0.115270
0.026064
0.026056
-0.002212
0.026048
-0.002212
-0.030473
-0.002212
-0.030481
-0.002212
-0.058773
0.139131
0.026032
-0.030457
0.026032
-0.002212
-0.002212
0.026024
-0.002212
-0.002212
-0.002212
-0.058693
-0.002212
0.026032
0.026024
-0.143475
0.054317
-0.030473
-0.030481
-0.002212
0.054317
0.054285
-0.115238
-0.002212
-0.002212
-0.058773
-0.002212
-0.030505
-0.058821
0.110974
0.054333
-0.002212
-0.087042
-0.030505
-0.087138
0.026104
-0.002212
0.110974
-0.030497
-0.002212
-0.030505
-0.030513
0.082665
0.082593
0.110750
-0.058677
0.026024
-0.115207
0.026048
0.054285
-0.058709
-0.002212
-0.002212
-0.002212
0.026040
-0.030465
-0.030473
-0.058757
0.054333
0.054301
-0.002212
-0.002212
-0.002212
0.026032
0.054253
-0.002212
0.026009
0.054205
0.054174
-0.058598
-0.002212
-0.002212
-0.002212
-0.030417
0.025993
-0.002212
-0.058630
-0.002212
-0.115143
-0.002212
-0.002212
-0.002212
-0.030465
-0.115302
0.054349
0.054317
-0.002212
-0.087018
-0.002212
0.026064
-0.002212
0.026056
-0.030481
0.082570
0.251702
-0.058582
-0.030409
-0.030417
0.025993
-0.058630
0.054205
-0.030417
-0.115111
-0.030457
-0.002212
-0.058725
-0.002212
0.054301
0.110718
-0.002212
-0.030433
-0.002212
-0.030441
-0.086946
0.054285
-0.086970
0.054301
0.138931
0.054189
-0.030409
0.054174
-0.058598
-0.030417
0.054189
-0.002212
-0.086826
0.026001
0.054189
-0.002212
-0.030409
0.110527
-0.143157
0.110559
0.025961
-0.058566
-0.002212
0.054142
-0.002212
-0.002212
-0.002212
0.025953
0.054094
0.054062
0.025913
-0.030338
0.054031
-0.002212
-0.030330
-0.002212
-0.114761
-0.002212
-0.002212
0.054078
-0.086660
0.054094
-0.002212
0.025929
-0.058503
-0.002212
-0.002212
0.025937
0.025929
-0.030353
0.054062
-0.002212
-0.086636
-0.058534
-0.030385
0.054126
0.025945
0.054078
0.025921
-0.030346
-0.058503
0.166564
0.166280
0.137981
-0.002212
-0.002212
-0.086305
0.053857
-0.086328
0.081904
0.053826
0.025795
0.053779
0.025772
-0.030196
-0.030204
-0.002212
0.025779
0.109676
-0.030172
-0.058156
-0.058188
0.053763
0.053732
0.025748
-0.086117
0.025764
-0.058172
-0.030204
-0.058219
-0.086281
-0.058297
0.109927
-0.030235
0.025811
-0.002212
0.053810
-0.002212
-0.002212
0.025787
-0.002212
0.025779
-0.142249
0.053826
0.025795
0.025787
-0.002212
-0.002212
-0.058219
0.053795
-0.058219
-0.030227
0.025803
-0.002212
-0.030227
-0.030235
0.025811
-0.030235
0.025811
-0.030235
-0.114383
0.081928
0.025819
0.053826
-0.002212
0.025795
-0.002212
0.053779
-0.030204
-0.002212
-0.058219
-0.114320
-0.030259
0.081904
-0.002212
-0.002212
0.025811
-0.002212
-0.002212
0.025803
0.025795
0.025787
0.193565
0.053654
-0.058078
-0.058109
-0.002212
-0.114100
-0.030204
0.109707
-0.002212
-0.030180
-0.058172
0.053748
-0.002212
-0.114163
-0.086258
0.025811
-0.030235
-0.002212
0.109833
-0.058219
-0.114320
-0.030259
0.081904
-0.002212
0.025811
-0.058266
-0.030251
0.053857
-0.058282
-0.002212
0.081880
-0.002212
0.109801
-0.030204
0.025779
-0.058203
-0.030219
0.081786
0.025772
0.025764
0.025756
0.025748
-0.002212
0.025740
-0.002212
-0.058125
0.025748
0.025740
-0.030165
0.025740
-0.058125
0.053701
-0.002212
-0.058125
0.025748
-0.058141
-0.058172
0.053748
-0.002212
0.081669
-0.058125
0.025748
-0.058141
-0.030188
0.025764
0.081669
0.025733
-0.030157
-0.030165
0.053685
0.081575
-0.169857
-0.114132
0.053763
0.137589
-0.058109
0.053685
-0.058109
0.081622
0.025717
-0.002212
-0.030141
0.109457
-0.030118
0.109364
0.025662
0.053514
0.053483
-0.030056
0.192530
-0.141275
0.164640
-0.030002
-0.057814
-0.057845
0.053421
-0.002212
0.025593
-0.030017
-0.030025
0.025600
0.025593
0.025585
-0.030009
-0.002212
-0.002212
-0.002212
-0.002212
0.025585
-0.085627
-0.002212
-0.002212
-0.057860
0.025616
0.025608
-0.002212
0.025600
-0.002212
0.025593
-0.030017
-0.057845
0.081225
-0.030017
-0.002212
-0.113509
-0.085766
0.053498
-0.002212
-0.057922
END
