y[]
-0.029742
0.002407
0.002407
0.002407
-0.029752
0.034567
0.002407
0.002407
-0.029752
-0.061943
0.002407
-0.094196
-0.062046
0.066861
-0.029814
-0.062067
0.002407
0.002407
-0.029846
-0.029856
0.002407
0.002407
-0.062151
0.002407
0.292590
-0.062005
-0.126542
0.066903
0.131273
-0.029794
-0.029804
-0.094289
-0.062109
-0.159065
0.099322
-0.062192
-0.256409
0.067174
0.067132
-0.159484
0.034806
-0.159694
0.132109
0.034806
0.067174
0.067132
0.034754
-0.029939
-0.062318
0.099479
-0.029939
-0.062318
-0.094759
0.002407
-0.030002
-0.062444
0.132067
0.034796
0.034785
-0.062360
-0.127252
0.067258
0.067216
-0.094822
0.002407
0.034827
0.002407
-0.030013
-0.062465
0.002407
0.002407
0.034848
0.034838
-0.030023
0.099668
-0.062423
-0.062465
-0.159957
0.132320
-0.030055
0.002407
0.132193
0.002407
-0.062465
0.002407
0.067279
0.229128
0.034754
0.002407
-0.062297
-0.094727
0.067174
-0.127168
0.034817
-0.127294
0.002407
-0.127463
-0.030087
-0.062612
-0.225495
0.100143
0.002407
0.067511
-0.127843
0.002407
-0.030182
0.327822
0.002407
0.034891
-0.127590
0.002407
-0.062655
0.099984
-0.062633
0.034933
0.099921
0.034891
0.067342
-0.030055
0.132193
-0.062465
0.002407
0.034848
0.002407
-0.030034
0.034848
0.002407
0.034838
0.034827
0.002407
0.034817
0.034806
0.002407
-0.029992
0.034806
-0.029992
0.002407
0.002407
0.002407
-0.030002
-0.030013
0.034827
-0.030013
0.034827
-0.159799
-0.030066
-0.030076
0.002407
0.002407
0.002407
0.034891
0.002407
0.002407
-0.030076
-0.095106
0.067427
-0.095138
0.034933
0.067427
0.067385
0.002407
-0.290323
0.067533
-0.095297
0.100111
-0.030150
-0.062739
0.067554
-0.062739
0.002407
0.034986
-0.095360
0.002407
0.457841
0.067300
0.034838
0.034827
0.034817
0.002407
0.002407
0.131941
-0.062339
-0.094790
-0.062444
0.067258
0.067216
-0.029992
-0.030002
0.164351
-0.127126
-0.062423
0.002407
-0.030023
0.067258
-0.257249
-0.225346
0.034975
-0.095329
0.132700
-0.160486
-0.324177
0.067809
0.198358
0.067639
0.067596
-0.062782
-0.030203
0.100207
0.002407
-0.030182
-0.030193
0.749528
-0.679524
0.197720
0.002407
-0.030118
-0.030129
0.002407
0.002407
-0.160433
0.067575
-0.062761
0.132700
-0.127886
-0.062803
-0.030214
-0.062867
-0.030246
0.035060
-0.128269
-0.062995
0.100495
0.002407
-0.193864
0.100591
0.002407
0.133169
0.132998
-0.030224
-0.160911
0.035092
0.067745
-0.095616
-0.095712
-0.194121
0.198935
-0.063059
0.002407
0.035146
-0.226988
0.068003
-0.227365
-0.194961
-0.030525
0.068262
-0.360330
-0.063687
0.002407
-0.063730
0.134639
-0.096750
0.035471
0.101532
-0.096717
-0.063730
0.035482
-0.063752
-0.030689
0.200820
0.101466
0.035405
0.035394
0.101303
0.002407
0.002407
0.035351
0.068262
-0.030515
-0.030525
0.035340
0.002407
-0.030525
-0.030536
0.002407
0.002407
0.002407
0.035351
0.134073
0.068175
-0.030471
-0.030482
0.035297
-0.030482
-0.030493
-0.030504
0.035318
-0.063426
0.068240
0.002407
0.068197
-0.030482
0.002407
0.035297
0.002407
-0.030482
0.002407
0.002407
0.035297
0.068153
0.035264
-0.030450
0.526827
-0.062995
-0.063038
-0.128611
0.002407
0.067938
0.035157
0.035146
-0.030331
0.100591
-0.128526
0.100623
-0.161339
-0.293014
0.035275
-0.096228
0.199581
0.068046
0.166315
0.035157
0.100591
-0.030310
0.100527
-0.062995
-0.030310
-0.063059
-0.063102
0.002407
0.100655
0.100559
0.067788
0.100398
-0.030246
0.067703
-0.062888
0.132956
-0.030214
0.067639
-0.030203
0.035018
0.002407
0.100175
-0.030171
-0.062782
0.100175
-0.095360
0.035007
0.002407
0.034996
0.067554
-0.062739
0.100111
-0.062718
-0.030171
0.165194
-0.030129
-0.030140
0.034954
0.034943
0.034933
0.002407
0.067427
0.132320
-0.095011
0.034891
0.002407
-0.030076
-0.062591
0.067406
-0.062591
-0.062633
0.067448
0.132362
-0.030066
0.002407
0.034880
-0.095043
0.034901
0.099826
-0.355259
0.197656
-0.095170
-0.062697
0.002407
0.034965
-0.095297
0.197720
0.164877
-0.127547
-0.030108
-0.160327
-0.095360
0.002407
0.002407
0.197847
0.132489
0.197213
-0.030034
0.034848
-0.062486
-0.062528
0.034880
0.002407
-0.976393
1.013670
-0.030055
0.002407
0.034870
-0.030055
-0.030066
0.002407
0.002407
0.034880
0.002407
-0.030066
0.002407
0.002407
0.002407
0.002407
0.034880
-0.030066
-0.030076
0.002407
-0.030087
-0.062612
-0.062655
0.067469
0.034922
-0.062633
-0.030129
0.099984
0.067406
END
