y[]
-0.033395
0.032798
-0.000299
-0.000299
0.065861
-0.000299
-0.000299
0.098859
-0.033340
0.032743
0.032732
-0.000299
-0.099423
0.032754
-0.000299
0.032743
0.032732
0.263554
-0.000299
-0.198123
0.263380
-0.000299
-0.132051
-0.165233
0.098695
0.032678
-0.000299
-0.066262
0.065664
-0.033275
0.065643
-0.033264
-0.000299
0.032667
0.230154
0.065448
0.032558
0.131021
-0.000299
-0.098772
-0.000299
-0.000299
-0.033145
-0.066023
-0.066066
-0.066110
-0.033220
-0.033231
-0.033242
0.032645
-0.000299
-0.000299
-0.000299
0.131367
-0.099032
0.032623
0.032612
-0.099064
-0.033242
-0.033253
-0.033264
-0.000299
-0.000299
-0.033275
-0.099292
0.065708
-0.033296
-0.000299
0.065686
0.032678
-0.033275
-0.033286
0.032688
-0.033286
-0.000299
0.065664
-0.033275
0.032678
0.032667
-0.033264
0.065621
-0.033253
-0.033264
0.032667
-0.000299
-0.000299
0.065599
-0.033242
-0.000299
0.065578
0.032623
-0.033220
-0.000299
0.032623
-0.033220
-0.033231
0.032634
-0.000299
-0.033231
-0.033242
-0.495758
-0.033417
0.032819
0.032809
-0.000299
-0.000299
0.032798
-0.000299
-0.000299
-0.033395
-0.033406
-0.000299
-0.099686
-0.033450
-0.066634
0.032874
-0.000299
-0.066656
-0.432696
0.365697
-0.000299
-0.133233
-0.000299
0.099419
-0.000299
0.132504
-0.066678
-0.033505
0.066102
0.132371
0.032841
-0.066590
-0.033461
-0.000299
-0.066656
-0.033494
-0.033505
-0.033516
-0.000299
-0.033527
0.032930
-0.000299
-0.033527
0.032930
-0.033527
-0.000299
-0.033538
-0.066810
-0.066854
-0.000299
-0.000299
0.066257
0.032963
-0.000299
-0.033560
-0.033571
0.132724
-0.066788
0.032952
-0.066810
0.032963
0.032952
-0.033549
0.032952
-0.033549
0.032952
0.099386
-0.000299
0.032907
0.032896
0.032885
-0.066678
0.032896
0.066058
-0.000299
-0.033472
0.032874
-0.000299
-0.166274
0.132504
0.066036
-0.066634
-0.066678
-0.000299
-0.133189
-0.133366
0.032985
0.032974
0.066213
-0.066810
-0.033571
0.032974
0.032963
0.032952
-0.166660
0.066279
0.066235
-0.033560
-0.100149
0.066279
0.066235
0.066191
0.066147
-0.000299
0.099286
-0.066678
0.032896
-0.033494
-0.033505
0.032907
-0.000299
-0.033505
-0.000299
-0.000299
-0.000299
0.066102
-0.033494
0.032896
-0.033494
0.032896
-0.000299
-0.033494
-0.000299
-0.000299
-0.066722
-0.033527
0.066147
-0.000299
-0.000299
-0.000299
-0.033516
-0.000299
0.032918
-0.033516
-0.000299
0.032918
0.066102
-0.033494
0.032896
-0.000299
-0.033494
-0.033505
-0.000299
-0.000299
0.066102
-0.033494
0.032896
-0.000299
-0.000299
-0.066700
0.595730
-0.099390
0.164800
-0.066305
-0.066349
-0.033340
0.065773
-0.033329
0.032732
-0.066371
-0.099489
-0.033384
0.098924
-0.165725
0.098990
0.098891
0.032743
-0.066392
-0.000299
-0.000299
-0.066436
-0.198974
0.032841
-0.000299
-0.066590
0.065992
0.099056
-0.066524
-0.066568
0.032841
0.032830
-0.000299
-0.066568
-0.066612
0.032863
-0.000299
0.032852
-0.000299
-0.033450
-0.000299
-0.033461
0.032863
0.099121
0.032819
0.098990
-0.000299
-0.000299
-0.066480
0.132020
-0.000299
0.032754
-0.033351
-0.000299
-0.000299
-0.000299
0.065795
-0.132530
-0.033384
-0.000299
0.065861
-0.000299
-0.066458
0.032787
-0.066480
-0.033406
0.032809
-0.000299
0.032798
-0.000299
0.032787
-0.033384
-0.000299
0.032787
0.032776
-0.066458
0.065861
0.065817
-0.000299
-0.066414
-0.033373
0.065839
-0.099521
-0.000299
-0.000299
0.098924
-0.000299
-0.066436
-0.099587
0.198180
-0.066414
-0.000299
-0.033373
0.032776
-0.033373
0.032776
-0.033373
0.032776
0.065817
0.032743
-0.033340
0.065773
0.032721
-0.033318
-0.000299
-0.000299
-0.000299
-0.000299
-0.000299
-0.033329
-0.000299
-0.000299
0.065752
-0.099390
-0.033351
-0.000299
0.032754
-0.033351
0.032754
-0.000299
-0.033351
-0.000299
0.032754
-0.000299
-0.000299
-0.000299
0.032743
-0.033340
-0.000299
-0.033351
-0.000299
0.032754
0.032743
0.032732
-0.033329
-0.000299
0.032732
0.032721
-0.033318
0.032721
-0.000299
-0.000299
-0.000299
-0.000299
0.032710
-0.066327
0.032721
-0.099390
0.065773
-0.033329
-0.000299
-0.264937
-0.066568
0.032841
-0.000299
0.032830
-0.066568
0.032841
-0.066590
-0.033461
0.032863
-0.000299
-0.000299
0.132240
-0.033417
-0.066568
-0.000299
-0.000299
-0.099785
0.099187
-0.000299
-0.033450
-0.066634
0.099187
0.032841
0.032830
-0.000299
-0.033428
0.065949
-0.000299
-0.033417
0.165182
-0.066458
-0.066502
-0.033417
-0.000299
0.099023
-0.033395
-0.033406
0.065905
-0.000299
0.065861
0.032765
0.032754
END
