y[]
-0.035602
-0.100611
0.029375
0.126783
0.029322
-0.068044
-0.165599
0.094384
0.029354
-0.003130
0.029343
-0.003130
0.061784
-0.035581
-0.068065
0.061805
0.029322
0.029312
0.029301
0.029290
-0.003130
0.061679
-0.067938
0.061679
-0.003130
-0.003130
-0.003130
-0.003130
0.029259
-0.003130
0.061616
0.061574
-0.035476
-0.457086
-0.003130
-0.003130
0.094320
-0.003130
-0.003130
-0.035602
0.029343
-0.003130
-0.035602
0.061805
-0.068065
-0.230735
0.061953
0.029396
-0.035655
-0.165917
0.029449
0.224624
0.061848
-0.035613
-0.035624
-0.035634
-0.100707
0.061932
-0.100738
0.094479
0.126867
-0.165652
-0.035666
0.061932
-0.100738
-0.166023
-0.003130
0.127206
-0.035698
-0.068297
0.062038
-0.035708
-0.100929
0.062081
-0.068340
-0.035751
0.062102
-0.100993
0.029502
-0.003130
0.029491
-0.068383
-0.035772
0.094766
0.062081
0.062038
-0.100897
0.062059
0.062017
-0.003130
0.061974
-0.068234
0.061974
0.061932
0.094384
-0.100643
0.029385
-0.198379
0.192119
0.029375
0.256526
0.158814
-0.100264
0.158709
0.029207
-0.100170
-0.035497
-0.003130
-0.003130
0.061595
-0.067855
0.061595
0.029217
-0.132580
0.158656
-0.035466
-0.035476
-0.003130
-0.035487
-0.035497
0.029238
-0.067876
0.061616
0.126236
-0.067792
0.061532
-0.035456
-0.035466
-0.003130
0.061532
0.126069
-0.067708
-0.003130
0.029165
-0.035424
-0.067750
-0.035456
-0.003130
0.029196
-0.003130
0.061491
-0.003130
-0.100076
-0.003130
0.126111
0.061428
0.093629
0.029102
-0.003130
0.093504
0.029061
0.029051
0.125488
-0.035269
-0.035279
-0.035289
0.029030
0.061158
0.028999
-0.067397
0.029009
-0.035269
-0.035279
0.093287
0.061096
0.028968
-0.003130
-0.099453
-0.035258
-0.003130
-0.035269
-0.035279
0.061158
-0.003130
0.061117
-0.003130
-0.003130
-0.067376
0.028999
-0.035258
-0.035269
-0.035279
-0.067459
0.093349
0.029009
-0.003130
-0.099577
-0.131871
0.061262
0.061220
-0.067480
0.029051
-0.003130
0.029040
-0.196304
-0.035362
0.125736
0.254105
0.093163
0.028947
-0.003130
-0.035207
-0.067315
-0.035238
0.028978
-0.035238
-0.099515
0.093256
0.028978
0.093132
-0.163618
0.093194
-0.099453
0.028989
-0.003130
-0.099515
0.093256
0.061076
0.028958
0.028947
-0.035207
-0.003130
-0.003130
0.189178
-0.067191
-0.067232
0.060973
0.060932
-0.035155
0.156896
-0.067109
0.060850
0.092763
-0.099022
0.028845
-0.003130
-0.003130
-0.003130
-0.099084
0.188686
-0.035073
-0.003130
-0.067048
0.028835
-0.003130
-0.035094
0.028835
0.028824
-0.003130
-0.067048
0.060789
-0.067048
0.060789
-0.003130
0.028814
-0.003130
0.060727
0.028784
-0.066966
0.028794
-0.003130
0.060687
-0.003130
0.028763
-0.066926
-0.035043
0.060687
0.028763
0.028753
0.060605
0.092397
-0.066804
-0.003130
0.028712
-0.003130
-0.066824
-0.034992
0.060585
-0.003130
0.060544
-0.034962
-0.003130
0.028702
-0.034962
0.028702
-0.003130
-0.034962
-0.003130
-0.066824
0.060565
-0.066824
0.028723
0.028712
-0.003130
-0.003130
-0.066824
-0.034992
-0.035002
0.092457
-0.003130
0.028712
-0.034972
-0.034982
-0.003130
0.028723
-0.003130
-0.003130
0.060544
-0.034962
0.060524
-0.066783
-0.034972
-0.003130
-0.003130
0.028712
-0.003130
-0.034972
0.060544
-0.003130
-0.003130
-0.034962
-0.003130
-0.034972
-0.003130
-0.003130
0.028712
-0.003130
0.028702
-0.003130
-0.066804
0.060544
-0.003130
0.028692
-0.066783
-0.034972
-0.066844
-0.035002
-0.003130
-0.003130
0.028743
-0.035002
0.028743
-0.003130
0.028733
-0.034992
-0.066885
-0.098839
-0.035053
-0.003130
0.060707
0.092549
-0.098808
0.060666
0.028753
0.028743
-0.098778
-0.003130
-0.003130
0.124381
-0.034992
-0.162594
0.028784
-0.035043
-0.003130
0.060687
0.028763
-0.066926
0.092549
-0.098808
0.506101
-0.512361
0.028773
0.028763
-0.035023
-0.066946
-0.003130
-0.003130
-0.003130
-0.003130
0.028784
-0.003130
-0.003130
-0.035043
-0.035053
-0.003130
0.060707
-0.035043
-0.035053
0.028794
-0.035053
0.028794
-0.035053
0.028794
-0.066987
0.028804
-0.067007
-0.003130
0.028814
-0.035073
-0.003130
-0.035084
0.028824
0.028814
-0.003130
0.092640
0.028773
-0.035033
-0.003130
-0.066966
-0.035063
0.028804
-0.003130
0.060707
-0.130844
-0.035084
0.028824
-0.099022
0.028845
-0.195130
-0.003130
-0.003130
-0.003130
0.124911
-0.067130
-0.035145
0.060891
-0.003130
0.060850
-0.035114
-0.035125
-0.003130
-0.099176
-0.035166
-0.099299
0.157101
0.028886
0.028875
-0.067150
0.060891
0.028865
-0.003130
-0.099145
-0.003130
END
