y[]
-0.082202
0.001259
0.001259
0.056907
-0.054389
0.001259
-0.054420
-0.054451
-0.026608
-0.026616
-0.026623
0.057016
-0.026616
-0.082411
0.029157
-0.054545
-0.026654
-0.054591
-0.026678
0.112960
-0.110442
0.029196
-0.054623
0.029204
-0.054638
0.057156
0.085046
-0.110473
0.029204
0.029196
-0.110535
0.057172
0.112991
0.029172
-0.026654
-0.054591
0.001259
-0.054623
0.001259
-0.054654
0.057172
0.001259
-0.026694
0.029211
0.140904
0.084953
-0.082435
-0.054576
0.057094
-0.054576
-0.222392
0.001259
0.057219
0.057187
-0.110629
-0.110754
-0.307427
-0.252013
0.113903
0.141886
0.001259
-0.111227
-0.111354
0.001259
0.057581
0.198137
0.085517
-0.195453
0.169893
0.057407
-0.054889
-0.026827
0.057423
0.029329
0.085422
0.057329
-0.138974
0.057376
0.169420
-0.110817
0.001259
-0.082881
-0.195343
0.085564
-0.139289
0.001259
-0.083165
0.029408
0.001259
-0.026890
0.085683
-0.055016
0.029400
0.001259
-0.111354
-0.083284
0.001259
-0.083355
-0.111672
-0.083523
0.029528
0.029520
0.114221
-0.083451
0.029504
-0.055238
0.001259
0.001259
-0.253374
-0.055414
0.114573
0.057868
0.114381
-0.083571
0.142602
-0.111799
0.001259
0.029536
0.057788
-0.111831
-0.111959
-0.055398
0.086233
-0.168761
-0.140645
0.029656
0.001259
0.114766
-0.055479
-0.254459
0.143405
-0.084005
-0.141009
0.143527
0.200094
0.143043
0.114541
-0.197069
-0.112248
-0.083956
0.171617
-0.339747
0.086620
0.086547
-0.084029
-0.112571
0.001259
-0.055705
0.029745
0.086668
0.001259
0.001259
-0.055672
0.001259
-0.027219
0.029737
0.001259
0.001259
-0.084199
-0.112799
0.086814
0.001259
0.029761
0.001259
-0.112799
0.001259
-0.027276
0.001259
0.001259
0.058320
0.001259
0.001259
0.058288
0.001259
0.058255
-0.055737
-0.027251
-0.027259
0.058288
0.001259
0.001259
-0.027251
-0.027259
0.001259
0.029777
0.001259
-0.084321
0.001259
0.001259
-0.055835
0.058353
0.086839
0.001259
0.768199
-0.083667
-0.083739
0.142882
-0.027050
0.057868
0.142642
-0.140124
-0.027042
0.001259
0.001259
-0.055366
-0.083739
-0.112184
0.057997
0.114638
-0.083763
0.086281
-0.083763
-0.055463
-0.083884
0.143123
0.001259
0.057948
-0.083787
0.029616
0.029608
0.114573
-0.055382
0.142802
0.170846
0.142362
0.142164
-0.026906
0.001259
-0.055095
-0.026930
0.001259
0.170273
0.085659
-0.252155
0.310900
0.057455
0.001259
0.113555
-0.026803
0.029321
-0.054873
-0.026819
-0.054921
0.001259
0.085517
-0.139210
0.057470
0.029353
-0.054937
-0.026851
0.085564
-0.054937
0.001259
0.029361
-0.026843
-0.054968
0.085588
0.141649
-0.026803
-0.026811
0.085446
-0.026795
-0.026803
-0.082975
-0.026835
-0.054952
0.085564
0.057423
-0.139210
-0.139408
0.001259
0.029408
0.029400
-0.083189
-0.111449
0.085802
-0.167898
0.085873
-0.111576
-0.055206
-0.083499
-0.055286
-0.027026
-0.140284
0.057900
0.170990
0.114253
0.001259
0.114126
-0.026946
0.057661
-0.055143
0.001259
0.085849
0.029440
0.085754
0.029408
0.113777
-0.026859
0.001259
0.001259
-0.026866
0.029384
0.001259
0.057486
0.001259
0.029361
-0.026843
-0.026851
0.057470
-0.026843
0.113619
0.001259
0.029329
0.029321
0.001259
-0.026803
0.001259
0.057376
0.001259
0.057344
-0.026780
0.029298
0.029290
-0.026772
0.001259
-0.054826
-0.026795
0.001259
-0.026803
0.029321
0.029313
-0.026795
-0.026803
0.001259
0.057376
-0.054858
0.001259
0.057376
-0.026795
-0.054873
0.029329
-0.054889
-0.111132
-0.026859
0.141768
-0.054921
0.057439
0.113524
0.225411
-0.054732
0.001259
0.113210
-0.054701
0.029243
0.001259
-0.082716
-0.026748
0.197145
0.001259
0.029211
-0.082622
-0.054701
-0.054732
-0.138856
-0.082904
-0.139171
0.113619
-0.111101
-0.280194
0.057613
0.170130
0.085588
0.057439
0.001259
-0.111132
0.141728
0.113492
0.113367
0.001259
0.029266
-0.166902
0.029306
-0.082904
0.085422
-0.054842
0.057360
-0.279561
0.001259
0.085588
-0.083070
0.085588
0.029353
-0.083046
0.141728
-0.139210
0.029369
-0.111227
0.057518
0.085588
0.141649
-0.054873
-0.082999
-0.083070
-0.055000
-0.083189
0.057565
0.029400
0.029392
-0.055016
0.057534
-0.055016
0.113777
-0.111259
-0.195952
-0.026946
0.057661
0.029448
0.085778
0.029416
-0.026898
0.085707
0.057518
0.113682
-0.054937
0.029361
-0.054952
0.197861
-0.026803
-0.054889
0.001259
0.085470
0.141452
-0.054795
0.141335
0.141139
-0.166620
0.029258
-0.026740
-0.054763
0.141256
0.001259
0.057203
END
