y[]
-0.001659
-0.001659
-0.001659
-0.036790
0.033472
-0.071933
0.068615
-0.001659
0.068566
-0.001659
-0.001659
0.068516
-0.036741
-0.001659
-0.001659
-0.001659
-0.001659
0.033423
-0.001659
-0.036741
0.033423
-0.036741
-0.036753
-0.001659
-0.001659
-0.001659
-0.001659
-0.001659
0.033435
-0.036753
-0.001659
0.033435
-0.036753
0.068516
0.033410
-0.036728
-0.036741
0.173626
-0.106793
0.068443
-0.106830
-0.036741
-0.001659
-0.106978
-0.001659
-0.001659
-0.036790
-0.001659
0.033472
0.033460
-0.036777
-0.036790
0.033472
-0.036790
0.033472
0.208867
-0.106867
-0.001659
0.033423
-0.036741
-0.071859
0.068541
-0.001659
0.138594
-0.036704
-0.036716
0.068443
0.033373
-0.141862
0.033410
0.138495
-0.071711
0.033373
-0.001659
0.103365
-0.106683
0.033361
0.033349
0.033337
-0.036655
-0.001659
-0.001659
-0.071687
0.068369
-0.001659
0.033337
-0.001659
0.103255
0.068222
-0.106499
0.033300
0.068222
-0.456762
0.418510
-0.036606
-0.071589
-0.001659
-0.001659
0.033312
0.033300
-0.001659
-0.071589
-0.036642
-0.001659
-0.036655
-0.001659
0.033337
0.068296
-0.001659
-0.036630
-0.036642
-0.001659
-0.001659
0.033324
-0.001659
-0.001659
0.033312
-0.036630
-0.071638
-0.001659
-0.001659
0.033337
-0.001659
-0.036655
-0.141764
0.068418
0.173319
-0.141617
-0.141813
-0.001659
0.033398
-0.001659
0.033386
0.033373
-0.001659
0.033361
-0.001659
0.068345
-0.036655
-0.036667
0.068345
0.068296
0.242797
-0.071443
0.033239
-0.036557
0.033239
-0.036557
-0.036569
0.033251
-0.001659
-0.036569
0.068149
-0.001659
-0.036557
-0.001659
-0.001659
-0.071491
0.068173
-0.001659
-0.001659
-0.106426
-0.001659
0.103108
-0.001659
-0.001659
-0.001659
-0.001659
0.033239
0.033227
-0.036545
-0.001659
-0.001659
-0.001659
0.033227
-0.071443
-0.001659
-0.001659
0.033239
-0.001659
-0.001659
-0.001659
-0.001659
-0.001659
0.033227
0.033215
-0.001659
-0.001659
-0.001659
0.033202
-0.071394
-0.071443
-0.036569
0.068149
0.033227
-0.071443
0.033239
-0.071467
-0.036581
-0.001659
-0.001659
0.033263
0.033251
-0.036569
-0.071516
0.068198
0.068149
-0.001659
-0.071467
-0.001659
-0.001659
0.033251
-0.001659
-0.036569
-0.211376
0.033324
0.068271
-0.071589
-0.106646
0.033349
-0.036667
0.068345
-0.106683
0.103365
-0.001659
-0.036655
-0.211890
0.033410
0.068443
0.068394
-0.001659
-0.106756
0.033386
-0.071761
0.103475
-0.001659
0.033361
-0.001659
0.033349
-0.001659
0.033337
0.033324
-0.106646
-0.001659
0.033349
-0.001659
0.033337
0.068296
-0.001659
0.103181
-0.036593
0.103108
-0.001659
-0.351310
0.522360
-0.036508
-0.106280
-0.036557
-0.036569
-0.036581
0.068173
-0.141373
0.068222
-0.001659
0.068173
-0.071491
0.033263
0.033251
-0.036569
-0.036581
-0.036593
-0.001659
-0.036606
-0.036618
-0.036630
0.138152
-0.036593
-0.036606
-0.036618
0.068247
0.172892
-0.001659
0.068076
-0.071394
-0.001659
-0.071443
0.033239
-0.106389
-0.036593
-0.071565
-0.001659
0.068247
-0.071565
-0.001659
0.033300
-0.001659
-0.036618
-0.071613
-0.001659
-0.001659
-0.071662
-0.001659
0.033349
-0.001659
-0.036667
0.033349
-0.001659
-0.001659
0.068320
0.068271
0.033288
-0.001659
0.033276
-0.036593
0.033276
-0.001659
-0.036593
-0.036606
0.068222
-0.001659
-0.036593
-0.036606
-0.001659
0.033288
-0.106536
-0.036642
0.068296
-0.001659
0.033300
-0.001659
-0.071589
-0.036642
0.033324
-0.001659
-0.036642
0.033324
-0.071638
-0.001659
-0.001659
-0.001659
-0.071687
0.033361
-0.036679
-0.001659
-0.071736
0.103438
-0.071711
-0.001659
0.033373
-0.036691
-0.036704
-0.001659
0.103438
0.033349
-0.036667
0.033349
0.033337
0.068296
-0.071613
-0.106683
0.033361
-0.036679
-0.106793
0.033398
-0.141961
0.033435
0.068492
0.068443
-0.071761
-0.036728
-0.001659
0.068467
0.033386
-0.001659
-0.001659
-0.036704
-0.001659
0.033386
0.033373
-0.036691
0.033373
0.033361
-0.001659
-0.036679
0.033361
-0.001659
0.033349
-0.036667
-0.036679
-0.001659
0.033361
-0.001659
-0.001659
0.068345
-0.036655
-0.001659
-0.036667
0.068345
0.033324
0.033312
-0.001659
0.103181
-0.036593
-0.001659
-0.001659
-0.001659
-0.036606
-0.001659
-0.036618
-0.071613
-0.036655
-0.001659
0.103291
-0.001659
0.033300
0.033288
-0.001659
-0.036606
-0.036618
-0.001659
-0.001659
0.068247
-0.001659
-0.001659
-0.036606
-0.001659
-0.176576
-0.036679
0.033361
-0.036679
0.068369
0.103291
0.068247
-0.071565
-0.001659
0.068247
0.033276
-0.001659
0.068173
0.068125
0.102925
-0.036508
-0.036520
END
