y[]
-0.081366
0.110059
0.137236
-0.190551
0.055355
-0.053995
-0.081388
0.137423
0.028006
-0.081321
-0.026669
0.082703
0.055325
-0.026639
-0.053980
0.055340
-0.026646
0.000680
0.028006
0.027999
0.027991
0.000680
0.000680
-0.026631
0.027991
-0.026631
-0.053965
-0.026654
0.028013
0.000680
0.055325
0.027991
0.000680
-0.026631
0.000680
-0.026639
0.000680
0.027999
-0.026639
0.055310
0.000680
0.000680
-0.026631
0.027991
-0.053950
-0.026646
0.028006
0.000680
-0.026646
-0.053995
0.000680
-0.218318
-0.108999
0.028111
0.055519
0.028088
0.000680
-0.026729
0.000680
-0.026736
0.082905
0.000680
-0.054130
0.110269
0.219498
-0.026646
0.028006
-0.053980
0.028013
-0.053995
0.137311
0.109850
0.027954
-0.163076
0.082591
-0.053920
0.027984
-0.026624
0.082569
-0.026609
0.000680
-0.108550
0.055310
-0.245390
-0.026699
-0.108909
0.055489
0.082838
-0.108879
-0.081568
0.110329
-0.081546
-0.191443
0.083063
-0.026774
0.137873
-0.081613
-0.054220
-0.054250
0.055610
0.110449
-0.081636
-0.054235
-0.081749
-0.247015
0.028232
0.055761
-0.026857
-0.109543
-0.026895
0.110933
0.138326
0.000680
-0.109422
0.028217
-0.026857
-0.054417
-0.302894
0.111177
0.055883
0.083427
0.028247
-0.137232
0.083450
0.055822
-0.026887
-0.192504
0.083518
0.000680
-0.054538
-0.026941
0.193863
0.083359
-0.164746
-0.082136
0.138668
0.110933
0.165833
0.028179
0.000680
0.000680
0.055655
0.055625
0.000680
-0.136739
0.055670
-0.219463
0.055761
0.055731
-0.026842
0.055716
-0.081885
-0.081953
-0.082022
0.000680
-0.026903
-0.192610
0.083564
-0.109848
0.000680
0.083587
0.028300
0.028293
-0.026933
0.111086
0.000680
-0.026910
-0.026918
0.028277
0.028270
0.000680
0.028262
0.000680
0.000680
0.055822
0.000680
-0.054462
0.028255
-0.054477
0.028262
-0.054493
0.055852
-0.026903
0.028262
0.000680
-0.026903
0.000680
0.028262
0.000680
0.028255
-0.082067
-0.054523
-0.082182
-0.026956
-0.054615
-0.026979
0.055990
0.028323
-0.026964
0.055959
0.000680
-0.442411
0.056174
0.083863
0.083794
-0.027017
-0.110185
0.083840
0.028384
0.000680
-0.027025
0.000680
-0.110216
0.222348
0.194237
0.055913
-0.026933
0.166243
0.000680
0.028247
0.165924
0.138175
0.083086
0.000680
-0.054250
0.000680
0.000680
-0.054280
0.083109
0.165334
0.055504
0.000680
-0.026729
0.082883
0.000680
0.164883
0.137311
0.137124
-0.053876
0.164257
0.082368
0.055102
-0.108193
0.000680
-0.026557
-0.026564
0.109612
-0.081008
-0.053816
0.027931
0.027924
0.055146
0.000680
0.027902
-0.053772
-0.053801
-0.026572
-0.135690
-0.026616
-0.135914
0.055340
0.055310
0.000680
-0.053950
0.000680
0.055310
0.000680
0.082569
-0.053905
-0.272694
0.000680
0.082770
-0.081411
0.055414
0.028036
0.000680
-0.081411
0.055414
0.055384
0.082681
-0.026646
0.000680
-0.272993
-0.054145
-0.439002
0.193279
-0.081817
0.000680
0.055685
0.000680
0.220400
0.000680
-0.109120
0.110479
-0.026759
0.247357
-0.026699
-0.136325
0.028096
0.028088
-0.054145
-0.026744
-0.026751
0.137760
-0.054130
0.082883
-0.026714
-0.054130
-0.026736
0.000680
-0.081613
-0.054220
0.137873
-0.054175
0.000680
-0.026759
0.000680
0.082973
-0.054175
0.000680
0.028111
0.028103
-0.081613
0.055550
0.055519
0.000680
-0.054160
0.055519
-0.026736
-0.054175
0.000680
-0.054205
0.055565
0.028111
-0.054190
0.000680
0.028118
0.055534
0.055504
0.000680
-0.054145
-0.081613
0.028118
0.055534
-0.026744
-0.026751
0.082951
-0.054160
0.055519
0.055489
0.110209
-0.108849
-0.108969
-0.026751
-0.054205
-0.026774
0.000680
0.028134
0.082996
-0.081636
0.028126
0.000680
-0.109150
0.000680
0.083063
0.082996
0.000680
-0.164020
0.137948
0.055534
-0.054175
0.028111
-0.026751
0.028111
-0.054190
0.028118
-0.109120
0.055595
-0.081704
0.000680
0.083063
0.000680
-0.081704
-0.026796
0.000680
0.083086
-0.054250
0.000680
0.028149
-0.026789
0.055610
0.000680
0.000680
0.028134
-0.026774
0.000680
-0.026781
0.000680
-0.026789
0.083063
-0.026774
0.000680
0.055580
0.000680
-0.026766
-0.054235
0.055595
-0.026774
0.000680
-0.026781
0.028141
0.028134
0.055565
-0.026759
0.000680
0.028118
-0.081659
0.083018
-0.026759
-0.054220
0.028134
-0.026774
0.028134
0.000680
-0.054235
0.055595
-0.081704
0.028149
0.000680
0.028141
0.000680
0.028134
0.000680
0.000680
0.137835
-0.054160
0.110329
0.028073
-0.081523
0.000680
0.000680
0.000680
-0.026736
END
