y[]
0.005135
-0.026546
-0.058257
0.005135
-0.058297
0.005135
0.005135
-0.026596
0.036866
0.036855
0.036845
-0.026576
-0.026586
0.005135
0.005135
0.005135
-0.026596
0.036866
0.036855
-0.090058
-0.026616
-0.121971
0.005135
0.068707
-0.026647
-0.058458
0.005135
0.005135
-0.026677
-0.026687
0.005135
0.068768
0.036936
0.036926
0.036916
-0.058438
-0.026667
-0.026677
0.036946
-0.058499
0.005135
0.132361
-0.090270
-0.058519
-0.058560
-0.090483
0.164446
0.068788
0.005135
0.005135
0.068748
0.163991
0.005135
0.005135
-0.058378
0.036896
-0.121971
0.036926
0.005135
0.132199
0.068607
0.068566
-0.026576
-0.153570
0.005135
-0.153823
0.036946
0.132280
-0.026637
0.068667
0.005135
-0.026627
0.005135
0.036896
0.005135
-0.058398
0.036906
-0.026637
-0.026647
-0.026657
-0.026667
0.036936
0.068707
-0.026647
-0.026657
0.036926
0.068687
-0.026637
-0.090240
0.036936
-0.058479
-0.090361
-0.026718
-0.026728
0.005135
0.005135
0.100691
-0.026707
-0.026718
0.005135
0.036987
-0.090452
0.100722
-0.026718
0.005135
0.068829
-0.026707
0.068809
-0.026697
0.068788
0.005135
0.164092
-0.026637
0.036906
0.005135
0.068647
0.005135
-0.026616
0.036886
-0.026616
0.005135
-0.026627
-0.153823
0.291076
-0.121850
-0.058418
-0.090270
0.195853
0.036886
-0.026616
0.036886
-0.121930
0.005135
-0.153924
0.005135
-0.281810
-0.090697
-0.026830
-0.122824
0.005135
0.005135
-0.058906
-0.219332
0.005135
0.037232
0.165468
-0.187296
-0.059091
0.037253
-0.026984
0.005135
-0.123441
0.037294
0.037284
-0.059174
0.037294
0.101551
-0.059133
-0.091344
0.133752
-0.059153
0.133669
-0.123400
0.005135
0.069423
0.005135
0.037263
-0.026994
0.101489
0.101396
-0.091127
0.005135
-0.059091
0.101458
0.037222
0.005135
-0.059050
0.069319
-0.059050
0.101396
0.037201
0.101273
0.133176
0.005135
-0.026860
-0.058886
0.037150
0.037140
-0.026870
0.037140
0.037130
0.037119
0.037109
-0.186865
0.005135
-0.091004
0.197319
-0.090911
0.005135
0.069176
0.005135
0.037140
0.133053
0.037089
-0.058784
0.164854
-0.026789
0.037058
0.100844
0.068890
0.036997
-0.026728
0.005135
-0.090513
0.005135
-0.058682
-0.026789
0.037058
0.005135
-0.090666
0.100935
-0.026789
-0.026799
-0.026809
0.037078
0.037068
-0.026799
0.068992
0.005135
0.037048
0.005135
0.100813
0.068870
0.036987
0.005135
0.164244
-0.026667
-0.026677
0.005135
0.068748
-0.026667
0.005135
0.005135
-0.122173
-0.026718
0.036987
-0.026718
-0.026728
0.068849
-0.026718
0.036987
0.005135
0.005135
0.005135
0.068809
-0.026697
0.036967
0.005135
-0.090392
0.036987
0.132442
0.068728
-0.026657
-0.026667
-0.090331
0.005135
-0.058560
0.068829
-0.026707
0.005135
0.036977
0.005135
-0.090422
0.068849
0.100630
-0.122213
0.005135
0.036987
0.068809
-0.058539
0.100630
-0.090361
-0.058580
-0.058621
-0.122498
0.005135
-0.122661
-0.058824
0.069094
-0.026840
0.037109
0.069053
0.069012
-0.122661
0.037099
-0.090789
0.037119
-0.058845
0.133053
-0.058804
-0.026850
0.005135
0.164956
-0.122702
-0.186927
0.005135
0.005135
-0.026912
0.005135
-0.091065
0.037212
-0.026942
0.037212
0.005135
-0.026942
-0.059050
0.037232
0.037222
0.133381
0.037171
0.101181
0.005135
-0.476021
0.390244
-0.058947
0.005135
0.101242
-0.058927
-0.026912
0.197258
-0.026860
0.037130
0.037119
-0.058845
0.101089
0.037099
0.037089
0.037078
0.005135
-0.346809
0.293181
0.005135
0.037089
0.196644
0.037017
0.100722
0.164244
0.132240
-0.185584
-0.026687
-0.026697
0.100600
0.005135
-0.122173
-0.058580
0.005135
-0.026738
0.037007
0.005135
-0.026738
0.068870
0.068829
0.036967
0.164142
-0.026647
0.036916
0.068667
0.005135
-0.026627
0.005135
0.005135
0.005135
0.005135
0.036896
0.036886
-0.026616
0.005135
0.005135
0.005135
-0.026627
0.005135
0.005135
0.036896
-0.026627
0.005135
0.036896
-0.121971
0.100479
-0.090209
-0.026667
0.005135
-0.026677
0.068748
-0.058479
0.036946
-0.058499
-0.026697
-0.090422
0.005135
-0.058621
-0.122498
-0.507030
0.165468
0.069196
0.037150
0.133094
-0.026840
0.132971
-0.122702
0.101027
0.037078
-1.022162
-0.091718
-0.091812
0.134375
0.037419
-0.059444
0.005135
-0.027170
-0.059507
-0.221439
0.069922
-0.027254
-0.059674
0.134710
-0.059632
-0.124525
0.069985
0.167078
-0.319015
0.523271
0.166503
0.005135
-0.091655
-0.091749
0.005135
0.037440
-0.027170
0.037440
-0.253598
0.037513
0.005135
-0.092031
END
