y[]
0.112591
-0.001196
-0.077040
0.074648
-0.077040
-0.039140
-0.001196
0.036747
-0.001196
0.036733
-0.001196
-0.039125
-0.001196
0.112548
-0.001196
0.074561
-0.076954
0.036690
0.074533
0.036647
-0.304342
-0.039154
0.074705
-0.077098
-0.001196
0.377736
0.112204
-0.417627
0.188305
-0.076954
-0.001196
-0.609332
-0.344905
0.342512
-0.192000
0.227724
0.074994
-0.191781
0.075081
0.227288
-0.229681
-0.153810
0.075140
-0.153926
-0.499186
-0.270375
0.344758
-0.039577
-0.039591
0.113945
-0.039562
0.037169
0.075491
-0.154629
0.037184
-0.001196
-0.116381
-0.309007
-0.001196
0.114344
0.075757
-0.001196
0.152532
0.113945
-0.077942
-0.039591
0.075579
-0.077972
0.037199
-0.078001
-0.001196
0.037214
-0.001196
-0.039606
-0.039621
0.075638
-0.039606
-0.001196
-0.001196
-0.001196
-0.078060
0.037243
-0.001196
0.037228
0.037214
0.037199
0.113901
-0.001196
0.075462
-0.001196
0.037111
-0.001196
-0.077825
0.075432
-0.039503
0.037111
-0.039503
-0.039518
-0.077883
-0.077942
0.075550
0.113812
0.037111
-0.001196
0.151885
0.037037
-0.230817
0.151943
0.037052
-0.039444
-0.001196
-0.001196
-0.001196
-0.001196
0.037052
0.075256
-0.001196
0.075198
-0.154043
0.266133
0.075052
0.036906
0.341075
-0.001196
-0.077155
0.074763
-0.039168
-0.115200
0.036819
-0.115286
-0.001196
-0.001196
-0.077329
0.151011
0.036819
-0.039212
0.150780
0.036762
0.036747
0.150434
0.263604
-0.152425
0.187804
-0.001196
-0.038968
-0.001196
-0.038982
-0.038996
-0.039011
0.036618
0.149918
-0.001196
-0.152311
0.149918
-0.076725
0.074333
-0.001196
-0.076725
-0.001196
-0.076782
0.074390
-0.038982
-0.038996
-0.001196
-0.001196
0.036604
-0.001196
0.036590
-0.001196
0.074333
0.111990
-0.001196
0.074190
-0.001196
-0.001196
0.036476
-0.001196
-0.001196
0.074105
-0.114169
-0.076583
0.074190
-0.076583
-0.076639
-0.001196
0.036533
0.036518
-0.038911
0.036518
0.111862
-0.076554
0.187092
0.111607
-0.076384
-0.114084
0.111692
-0.114084
-0.038854
-0.076554
0.074162
-0.114254
0.149520
-0.114212
0.036490
-0.076583
-0.114382
-0.152311
0.074390
-0.152425
-0.001196
0.263304
-0.303540
-0.001196
-0.001196
-0.076925
0.074533
0.036647
-0.076896
0.036661
0.036647
-0.001196
-0.039039
-0.001196
-0.076925
0.112376
-0.001196
-0.076896
-0.001196
-0.001196
0.150147
-0.039011
0.074418
-0.038996
0.036604
-0.001196
-0.001196
-0.038996
-0.001196
-0.001196
-0.001196
0.036604
-0.001196
-0.001196
0.036590
-0.038982
-0.038996
-0.001196
0.036604
-0.038996
0.036604
-0.076811
-0.001196
-0.039025
-0.001196
0.074447
0.112161
0.450952
0.149067
-0.038741
0.036348
-0.038741
0.073879
0.036320
-0.076243
-0.001196
-0.076299
-0.038769
-0.001196
0.036377
0.073907
0.298654
-0.076074
-0.076131
0.111184
0.036236
-0.076074
-0.151121
0.111269
-0.338971
0.299104
-0.001196
0.036278
0.036264
-0.001196
0.036250
-0.001196
-0.038642
0.036250
-0.038642
-0.001196
-0.038656
0.036264
0.036250
-0.001196
0.036236
-0.038628
-0.038642
-0.001196
-0.076131
-0.038684
-0.076215
-0.001196
-0.151403
-0.001196
0.073935
-0.113915
-0.076412
-0.001196
-0.114127
-0.001196
0.074105
0.036433
-0.114127
0.074105
0.074048
0.036405
0.036391
-0.001196
0.036377
-0.001196
-0.076356
-0.001196
0.073964
-0.038769
-0.001196
0.073935
-0.076328
-0.038783
-0.001196
0.261616
0.148673
-0.151065
0.111227
0.036250
-0.076103
-0.001196
-0.076159
-0.038699
-0.001196
-0.001196
-0.001196
-0.226506
-0.076412
0.111607
-0.264602
0.149406
-0.151799
0.074133
0.149293
0.036391
-0.038783
0.111522
0.073879
0.073823
-0.001196
-0.076215
-0.113830
0.073907
-0.076299
0.073907
0.073851
-0.113788
-0.038755
0.036363
-0.001196
0.036348
-0.001196
-0.001196
0.073851
0.073794
-0.001196
-0.038684
0.036292
-0.038684
0.036292
-0.001196
-0.076187
0.036306
-0.038699
-0.038713
-0.076271
0.073879
-0.001196
-0.038727
0.036334
-0.001196
0.036320
-0.076243
0.073851
-0.001196
-0.076243
-0.001196
-0.001196
-0.001196
-0.001196
-0.001196
0.036334
-0.001196
-0.038727
0.073851
-0.076243
0.036334
-0.038727
-0.001196
-0.001196
0.036334
-0.339479
-0.114212
0.074162
-0.038868
0.074133
0.036447
-0.114169
-0.001196
-0.038882
0.036490
0.074133
0.299556
-0.151459
0.073964
0.073907
0.036334
0.036320
-0.076243
-0.113872
-0.001196
-0.076384
-0.151742
-0.038868
-0.001196
-0.076583
-0.076639
-0.076696
-0.114553
-0.039011
-0.152597
-0.039082
0.188090
-0.001196
0.225476
0.074247
-0.076639
-0.038939
END
