y[]
0.560265
-0.809542
0.323377
-0.034948
0.143881
-0.094507
0.114026
0.024638
0.143571
-0.005128
0.054289
0.083932
-0.094189
-0.034833
0.024576
-0.094268
-0.005128
-0.064599
0.084065
-0.034850
-0.094348
-0.005128
0.054360
-0.094374
0.054378
-0.034877
-0.064652
0.113884
-0.005128
-0.034868
-0.034877
-0.064652
0.054396
0.054360
-0.064617
-0.094427
0.054413
-0.064670
-0.094507
-0.184126
-0.005128
-0.005128
-0.005128
-0.034992
-0.154583
0.024781
0.084544
-0.035010
0.084491
-0.034992
-0.124674
0.054662
-1.086870
0.055276
0.025060
0.205938
-0.005128
0.024988
0.055076
-0.125574
0.055113
-0.005128
-0.065369
0.415798
0.114812
-0.005128
0.144595
0.204108
-0.005128
-0.005128
0.233464
-0.124353
-0.094640
0.114203
0.292580
0.113707
-0.034824
-0.094268
-0.124105
-0.094454
-0.064723
0.173550
-0.005128
0.024620
0.024612
0.143438
-0.005128
0.054237
-0.034806
-0.123928
-0.064581
-0.064617
-0.034886
0.024629
-0.064652
0.054396
-0.034886
0.084118
-0.094374
0.054378
0.024612
0.084038
-0.124034
0.143482
-0.153739
0.054342
0.054307
-0.034842
-0.124070
-0.094427
-0.064705
0.054449
0.084171
-0.154004
0.024665
0.054431
-0.124282
0.084251
0.054413
-0.064670
-0.064705
-0.154226
-0.154449
-0.005128
0.144192
-0.124567
-0.035010
-0.005128
-0.035019
-0.094855
-0.005128
0.174244
0.114275
0.203485
-0.064688
0.292314
-0.064546
-0.213369
0.024647
-0.064688
0.113955
0.202927
-0.153695
-0.064617
-0.005128
0.024620
-0.034877
-0.213617
0.114061
-0.124318
-0.094614
0.173763
-0.154182
0.203485
0.084144
0.054342
0.113707
-0.064528
-0.005128
0.024576
0.024567
-0.005128
0.113566
0.024523
0.113390
-0.005128
-0.005128
-0.064370
-0.064405
0.083774
-0.005128
0.113285
-0.005128
0.113145
-0.034683
-0.034692
0.024436
-0.034692
0.024436
0.053973
0.053938
-0.064195
0.053938
0.024392
-0.034649
0.053904
-0.005128
-0.005128
-0.064160
-0.034657
0.024401
0.112901
0.053834
-0.034605
0.024349
0.083250
-0.034579
0.024322
-0.034579
-0.064056
0.053799
0.083198
-0.064004
-0.034579
-0.034588
-0.093559
-0.005128
-0.034622
-0.034631
0.053869
-0.064125
0.083354
-0.064108
-0.152730
0.407608
-0.240769
0.201088
0.053713
0.083068
0.112346
0.200120
-0.034424
-0.005128
-0.093066
-0.005128
0.024193
0.053488
0.082732
0.053403
-0.005128
0.170259
-0.034338
-0.005128
-0.063574
0.199281
0.053198
-0.238637
0.053300
-0.005128
0.053266
-0.121951
0.111694
0.024056
0.024048
-0.063488
0.140708
0.082272
-0.005128
0.023988
-0.005128
-0.034245
-0.005128
-0.063386
-0.034270
0.140496
-0.063352
-0.121678
0.053164
0.024005
-0.063403
0.082272
-0.092528
-0.034279
-0.005128
-0.005128
-0.005128
-0.063454
0.024039
-0.005128
-0.034296
0.024039
-0.005128
0.111456
0.053113
-0.034245
-0.063386
0.024005
-0.005128
-0.034262
-0.063420
-0.005128
0.053164
-0.150922
-0.092707
0.053266
-0.092732
0.111660
0.111524
-0.150965
0.082399
0.053181
-0.005128
0.024014
0.111354
0.082144
0.111117
0.139989
-0.150245
-0.092300
-0.005128
0.052994
0.111016
-0.092224
0.226958
-0.034110
0.023853
-0.063099
-0.005128
0.081816
-0.005128
-0.092072
0.023861
-0.092123
-0.063167
0.023895
-0.150329
-0.063268
0.053011
-0.034194
0.082043
0.023912
-0.005128
-0.063217
-0.092325
-0.121509
0.111252
-0.034211
0.023954
-0.005128
0.082068
-0.034185
0.082018
-0.034168
-0.208646
-0.092477
-0.238433
0.024065
-0.034321
-0.063539
-0.092809
0.111762
-0.151263
-0.092912
0.024141
0.024133
-0.034389
0.082630
-0.005128
0.170157
-0.180413
0.170157
-0.063522
-0.034338
0.228312
-0.063437
0.024031
-0.063454
0.024039
0.024031
-0.034287
-0.063471
0.024048
0.024039
-0.180260
0.228312
-0.034279
-0.151007
-0.034330
0.024073
0.111592
0.082323
-0.121746
-0.121883
0.082450
-0.005128
0.024048
-0.180311
-0.092835
0.082578
-0.034355
-0.034364
0.053334
-0.005128
-0.092835
-0.005128
-0.005128
-0.034381
0.024124
0.053351
0.053317
-0.092809
0.082553
-0.151306
-0.034389
-0.034398
0.053403
0.053368
0.024107
0.024099
0.082501
-0.063539
0.024082
0.053266
-0.005128
-0.005128
0.111558
-0.005128
-0.121814
0.024056
0.053215
0.024031
-0.034287
-0.092656
-0.034321
0.082425
-0.034304
-0.034313
0.053232
0.053198
-0.034287
0.111456
-0.092554
-0.005128
0.082297
0.053113
0.140326
0.023937
-0.092350
-0.005128
-0.034219
-0.005128
-0.092452
-0.034253
0.023997
-0.063386
0.111354
-0.005128
-0.179903
-0.063454
-0.063488
0.024056
0.111524
-0.092605
END
