y[]
-0.221416
-0.318399
0.099313
-0.061474
0.131411
-0.254483
0.195885
-0.190215
0.002835
-0.546173
0.099938
-0.126657
0.261651
0.035140
0.002835
-0.191152
-0.126699
-0.159319
0.002835
0.002835
-0.322263
0.230514
-0.094679
0.197767
0.067728
0.229629
0.067539
0.002835
-0.061869
-0.094300
-0.159266
0.100127
-0.094457
-0.029617
-0.127077
0.035329
0.100253
0.132579
0.100032
-0.224106
-0.029627
0.002835
-0.257243
0.132959
-0.029680
-0.127331
-0.094901
0.068003
0.067960
-0.062290
0.035403
0.165516
-0.029680
0.165304
0.035297
0.164988
0.067623
0.099938
-0.223886
0.164831
0.067560
-0.061890
-0.191592
0.067686
-0.159371
-0.062121
-0.159740
0.554516
-0.842149
0.002835
0.002835
0.100698
0.002835
0.002835
-0.095028
0.002835
0.100698
0.100603
-0.029744
0.067981
0.100475
0.002835
0.002835
0.295185
-0.256990
0.132832
-0.127162
0.002835
-0.094774
0.100443
-0.159899
-0.127543
0.068045
0.133128
-0.062290
0.002835
-0.062333
-0.127628
0.068088
0.035445
0.100603
-0.062333
0.133128
0.002835
-0.062290
0.035403
0.100475
-0.029701
0.067897
0.100348
-0.062163
-0.029680
-0.029691
0.100380
0.035329
-0.127204
0.035360
-0.029691
0.100380
0.132747
0.035287
0.035276
0.002835
-0.029606
0.132537
-1.498989
0.298450
0.232155
0.002835
0.133639
-0.095252
0.068237
0.002835
0.100858
0.165994
-0.160324
0.459010
-0.551364
-0.324605
0.395634
0.426633
-0.094805
0.100475
0.100380
0.067812
0.197514
-0.191844
0.035308
0.262238
0.132285
-0.256233
0.002835
0.067665
0.100001
0.261484
0.421717
-0.966478
0.682339
-0.029418
-0.190901
0.132034
0.002835
-0.029449
0.067393
-0.061723
0.002835
0.260816
-0.126073
-0.093955
0.035109
-0.094017
-0.223519
-0.094331
0.035234
0.164673
-0.061869
0.035192
0.035182
0.164412
0.099656
0.131784
-0.061619
0.035067
-0.061640
-0.255480
-0.353441
0.067707
0.164831
-0.029543
0.132285
-0.029512
0.067518
0.132076
0.002835
-0.158742
0.099812
0.002835
0.164255
-0.126281
0.099687
-0.320372
-0.159161
0.164831
0.099907
0.035171
-0.191340
0.229336
-0.126531
-0.581393
0.067918
0.230292
0.294522
-0.159108
-0.094457
-0.029617
0.262154
0.002835
-0.159161
0.035255
0.229482
0.035171
-0.094205
0.035192
-0.288758
-0.159529
-0.062185
-0.192478
-0.029754
-0.192924
0.068130
-0.193180
0.166207
-0.193244
0.035541
0.002835
-0.062589
0.166314
0.002835
-0.095220
0.068216
-0.029850
0.133511
0.035477
0.133298
0.002835
-0.029765
-0.029776
-0.193052
0.035509
0.068152
0.328780
-0.094837
-0.062333
0.100571
0.198020
-0.094710
-0.029701
0.035371
-0.029701
-0.094837
-0.062333
-0.062375
-0.095060
0.068109
0.068066
0.068024
-0.094965
0.068045
-0.094997
-0.029797
0.068088
0.068045
0.035424
-0.062354
0.035435
-0.258262
0.198721
0.068045
0.068003
0.002835
0.035403
-0.192732
0.068066
-0.029776
0.133213
0.067960
-0.094869
0.035413
0.067960
-0.094869
-0.454383
0.100986
-0.095317
0.231705
-0.029829
0.133426
0.165834
0.230588
0.197640
0.002835
-0.062058
-0.062100
-0.029648
-0.062163
-0.224993
-0.029754
0.100571
0.165516
-0.192414
-0.356115
0.068194
-0.095220
-0.062589
-0.259288
0.133982
0.101083
0.100986
-0.029872
0.100922
-0.029850
-0.128012
-0.193758
-0.358592
-0.326872
-0.030196
-0.129397
-0.162701
0.267560
-0.162536
0.234278
-0.261716
-0.030283
-0.030294
-0.096618
0.135417
0.002835
0.102156
-0.063368
-0.196038
0.069170
0.201576
0.068994
-0.228915
0.002835
-0.229453
0.069258
-0.063588
-0.096883
0.235355
0.135461
-0.196170
0.002835
0.102387
-0.030338
0.002835
0.102321
-0.196236
-0.196633
-0.230382
0.136168
0.202502
-0.263477
0.402037
-0.196567
-0.297015
0.002835
-0.063921
-0.231162
-0.064122
0.203571
-0.064032
0.002835
0.136525
0.002835
0.469347
-0.063677
0.169031
-0.063610
0.202038
0.035997
-0.063500
0.201708
0.135198
-0.096421
0.069016
0.201117
-0.063215
0.233820
-0.195120
-0.063237
-0.096355
-0.096454
-0.063412
-0.096618
0.102288
-0.063456
-0.030327
0.069148
-0.030316
0.035986
0.102222
0.168261
-0.096388
-0.030261
0.069016
0.035909
0.135023
0.134848
-0.063150
0.002835
0.002835
0.299424
0.265733
0.166796
-0.062717
-0.358473
0.002835
0.167227
0.101341
-0.260064
-0.062998
0.068668
-0.128874
0.298936
-0.128658
0.593194
-0.193565
0.035595
0.166474
0.002835
0.035531
0.100858
-0.160591
-0.095349
0.035573
0.166367
0.100826
0.068109
0.230959
0.165463
0.165199
-0.094552
0.229923
END
