y[]
0.126912
-0.056836
-0.179535
0.035081
-0.149091
0.004401
0.035118
0.096496
0.004401
-0.056986
0.463890
0.034959
0.004401
0.004401
0.218044
-0.056593
-0.026110
0.095906
-0.056593
0.004401
0.156817
0.004401
-0.056538
0.156678
-0.330914
-0.240173
0.065600
-0.056799
0.279504
-0.056668
0.157003
0.065377
-0.117587
0.187328
0.126167
0.065228
0.217005
-0.025943
0.125723
-0.147275
-0.056334
-0.086771
-0.026008
-0.269697
-0.148201
0.157003
0.004401
-0.087132
0.217848
0.095739
-0.026036
0.126092
-0.026008
0.065210
0.004401
-0.086826
0.156400
0.004401
0.095489
-0.056316
0.125797
-0.056279
-0.147459
0.034791
-0.086798
0.065210
0.065173
-0.086771
0.095573
0.004401
-0.025980
-0.025990
-0.208592
-0.056538
-0.117587
0.004401
-0.026119
-0.026129
-0.148387
-0.393945
-0.210752
0.434245
-0.210290
0.096468
0.280094
0.279336
-0.270534
0.401287
0.126204
0.126055
0.156261
-0.329997
0.247710
-0.025980
-0.025990
0.004401
-0.025999
-0.208657
0.095767
-0.056500
-0.056538
0.156678
-0.026036
-0.026045
-0.026054
0.034856
0.004401
-0.270031
0.156956
-0.392728
-0.179423
-0.026269
0.004401
0.188281
0.065619
0.004401
-0.056817
-0.056855
0.157470
0.034987
-0.026185
-0.332661
0.157752
-0.056911
-0.118336
0.096468
0.096383
0.157517
0.218370
0.034931
0.034921
-0.270618
0.248900
-0.056668
-0.056705
-0.026166
0.004401
-0.087356
-0.118073
0.065657
-0.026222
0.065638
0.096186
-0.179254
-0.087553
0.035062
-0.087609
0.188337
-0.056874
0.035043
0.096271
0.004401
-0.087469
-0.179592
0.096440
-0.087638
0.004401
0.127100
0.065694
0.188056
0.034977
-0.087356
0.004401
0.004401
-0.179366
-0.056930
-0.026279
0.127063
0.065675
-0.118186
0.096355
0.035034
0.126837
0.034987
-0.117998
0.065619
0.065582
-0.240547
-0.026260
0.004401
0.004401
0.249424
-0.087412
-0.210159
0.096411
0.065694
0.065657
0.096214
0.034987
0.187719
0.065432
0.095878
-0.087076
0.217718
-0.056500
0.065302
0.034838
-0.117402
0.034866
-0.117513
0.156770
0.004401
0.004401
0.308445
-0.086715
-0.025990
0.004401
0.004401
-0.086826
0.034819
0.004401
0.065210
-0.025999
-0.330608
0.004401
-0.209372
0.218174
0.187272
-0.086993
0.187105
0.004401
-0.086909
0.034847
-0.026045
0.126130
-0.117328
0.065284
0.186827
-0.117180
0.125982
-0.117180
0.065210
-0.025999
-0.178192
0.004401
0.004401
-0.087021
0.065358
0.034866
0.156585
-0.117328
-0.851873
-0.087779
0.065864
-0.118562
-0.087921
0.127478
-0.026354
-0.026364
0.127402
-0.057081
0.280771
0.157611
0.126800
-0.148621
0.096242
-0.056817
0.035015
-0.210093
0.065732
-0.056930
0.004401
0.065732
-0.302630
-0.396154
0.127820
0.158460
-0.088006
0.219885
-0.211083
0.066015
-0.149706
0.127706
0.004401
0.035203
0.219753
-0.118600
0.280941
0.004401
-0.056986
-0.057024
-0.026326
0.035128
0.157893
-0.026279
0.096411
0.157564
0.004401
0.004401
0.126763
0.034968
0.034959
-0.056724
-0.087356
0.004401
-0.118073
0.035034
0.035024
-0.026222
0.035024
0.126800
-0.087384
0.096186
-0.056780
0.065582
0.065544
-0.026166
-0.148574
-0.056855
-0.179592
0.096440
-0.118336
-0.087751
0.004401
0.035128
0.035118
0.035109
-0.026307
0.004401
-0.118525
0.188733
0.035090
-0.118411
0.035118
-0.087779
0.250026
-0.241224
0.035137
-0.026335
0.004401
0.004401
0.157987
-0.057005
0.249800
0.004401
-0.118223
-0.118374
-0.149280
0.035156
-0.026354
0.096638
0.280602
0.065675
0.218567
0.340023
-0.026064
-0.087049
0.004401
0.004401
-0.056612
-0.056649
0.065451
0.065414
-0.117662
0.034931
-0.026129
-0.026138
0.004401
0.034940
0.004401
0.004401
-0.026138
-0.117848
0.004401
-0.117998
0.035015
0.035005
-0.026203
0.065600
0.004401
-0.087412
-0.056855
-0.026241
0.065675
0.065638
-0.026213
0.065619
-0.087440
-0.087525
0.004401
0.096327
0.035024
-0.087497
0.035043
-0.026241
0.157517
-0.118073
0.065657
-0.026222
-0.056874
0.035043
-2.194851
0.254636
0.129284
-0.182982
0.098136
0.191608
0.097873
0.066667
0.128818
-0.275755
0.346707
0.221624
-0.119669
-0.057692
-0.337799
-0.089130
-0.058002
0.066803
-0.401913
-0.215069
0.067156
0.098460
0.035734
-0.183746
0.161215
-0.309473
0.255578
-0.246777
-0.342002
-0.121862
0.256767
-0.153253
0.256528
0.130227
0.004401
0.098666
-0.278663
0.035892
0.067353
0.224423
0.161264
-0.089687
-0.215483
0.381049
0.098342
-0.026903
0.223322
0.066862
0.035617
-0.183041
0.160627
-0.089305
END
