y[]
-0.211948
0.092661
0.062141
0.153331
-0.303175
0.092661
0.001240
0.031695
0.062122
-0.090099
-0.029225
0.062159
0.001240
0.031686
-0.059662
-0.090182
0.031723
0.031713
0.001240
-0.029234
-0.029244
-0.029253
0.001240
-0.029262
0.031741
0.001240
0.001240
0.031732
-0.029253
-0.029262
0.031741
0.001240
0.001240
0.031732
-0.029253
0.001240
0.001240
0.031732
-0.059755
0.031741
0.031732
0.001240
-0.029253
0.031732
-0.059755
0.031741
-0.090294
0.001240
0.062271
0.001240
0.062234
0.001240
0.062197
-0.029234
-0.059736
0.001240
0.001240
0.031732
0.001240
0.001240
0.001240
0.031723
-0.059736
-0.029262
0.031741
0.062215
0.001240
-0.029244
-0.029253
-0.029262
0.001240
0.062234
0.031723
0.001240
0.001240
0.001240
0.001240
0.001240
-0.029244
0.031723
0.062178
0.001240
0.031695
-0.029216
0.031695
0.031686
0.001240
-0.059662
0.062141
-0.029206
-0.059680
0.031704
-0.029225
0.001240
0.001240
0.275087
-0.211688
0.183777
0.001240
0.031630
0.153054
0.031575
-0.120157
0.031602
0.001240
0.031593
0.092245
0.061864
0.001240
-0.029068
0.001240
0.031547
0.031538
0.182838
-0.089518
0.001240
0.061754
0.061717
0.001240
0.091888
0.001240
-0.028967
0.031446
0.061626
0.001240
-0.059147
0.061626
0.001240
-0.089354
0.001240
-0.059202
0.061681
-0.028977
-0.089463
0.001240
0.031483
-0.029004
0.091942
0.001240
-0.028986
0.031465
0.031456
-0.059202
0.061681
-0.059202
0.001240
-0.028995
-0.059257
0.152411
0.001240
0.212497
0.061517
0.061481
-0.028876
0.001240
-0.602992
0.575346
-0.028895
-0.028904
0.001240
0.031383
-0.059056
0.061535
0.001240
-0.028904
0.031383
0.001240
0.001240
-0.028904
0.001240
0.031383
0.001240
-0.028904
0.001240
0.031383
-0.059056
-0.028922
0.031401
0.001240
-0.028922
0.031401
-0.028922
0.091696
-0.089217
0.151955
0.121649
-0.058947
0.121576
-0.058911
-0.058947
0.031337
-0.028858
0.031337
-0.028858
0.001240
0.001240
0.001240
-0.028867
0.031346
0.001240
-0.028867
-0.028876
0.091560
-0.089081
0.061462
0.001240
-0.028867
-0.028876
-0.059020
0.001240
0.061499
-0.059020
-0.028904
0.001240
-0.059074
0.001240
0.001240
-0.028931
0.031410
0.031401
0.061535
0.031374
0.001240
0.001240
0.001240
0.061481
-0.028876
0.031355
-0.028876
-0.059020
0.001240
0.061499
-0.028885
0.001240
-0.028895
0.031374
-0.059038
0.001240
0.001240
0.001240
0.001240
0.031383
-0.028904
0.031383
-0.059056
0.031392
0.001240
0.031383
0.001240
0.031374
-0.059038
0.001240
0.001240
0.001240
-0.028913
0.001240
0.061535
0.001240
0.031374
0.031365
-0.028885
0.001240
0.001240
0.031365
0.001240
-0.028885
0.001240
-0.300511
0.001240
0.001240
-0.028986
0.031465
-0.028986
0.031465
-0.028986
-0.028995
0.031474
-0.028995
0.001240
-0.089518
0.031501
0.031492
0.091942
0.031456
-0.028977
-0.089463
0.001240
0.001240
-0.029013
0.001240
0.031492
0.031483
0.001240
0.061699
-0.059220
0.001240
0.031474
-0.028995
0.061699
0.122049
-0.119570
0.001240
0.001240
0.031456
-0.059202
0.091888
0.001240
0.061626
0.091751
0.061535
-0.179756
0.001240
0.031428
-0.059147
0.031437
0.001240
-0.028958
-0.059183
0.001240
-0.059220
-0.029004
0.061717
0.061681
-0.059202
-0.059238
0.001240
0.001240
0.031483
0.031474
-0.059238
0.061717
0.031465
-0.028986
0.091888
-0.089409
0.031465
-0.059220
0.031474
0.031465
-0.028986
0.031465
0.031456
-0.028977
0.031456
0.001240
-0.028977
0.001240
-0.059220
0.061699
0.001240
0.061663
0.031437
-0.028958
-0.089409
0.061681
-0.028977
-0.059220
-0.059257
0.001240
0.001240
0.031492
-0.029013
0.031492
-0.059275
0.061754
0.001240
-0.059275
-0.089601
-0.059367
0.031547
-0.059385
-0.089766
-0.120230
0.061993
-0.029133
0.001240
0.031612
0.031602
0.001240
0.031593
0.001240
-0.059477
0.001240
0.031602
-0.029123
-0.029133
0.031612
0.001240
0.001240
0.031602
-0.029123
0.001240
0.031602
0.001240
0.001240
0.031593
0.001240
0.001240
-0.029114
-0.029123
-0.029133
-0.029142
0.031621
0.001240
0.001240
0.061974
-0.059495
0.001240
0.031612
0.001240
-0.029133
0.061974
0.001240
0.001240
0.061938
-0.029105
0.031584
0.122525
0.061827
0.031520
0.001240
0.031510
0.001240
-0.029031
-0.029041
-0.059348
-0.029068
-0.029077
-0.059422
0.001240
-0.607405
0.214687
-0.059699
-0.273444
0.062346
0.031779
0.062290
0.001240
-0.059811
-0.029299
-0.029309
-0.182247
0.062439
END
