y[]
-0.076259
-0.038701
0.111661
0.074004
-0.076203
0.186553
-0.038602
-0.113691
-0.151419
0.149220
0.111492
0.186272
0.111155
0.148377
-0.150577
0.073667
-0.150688
-0.038532
0.073751
-0.001100
0.223116
0.334284
-0.150020
-0.150242
0.110778
-0.038378
-0.075699
0.036207
-0.001100
-0.038406
-0.038420
-0.001100
-0.038434
-0.038448
0.110903
-0.075754
-0.038448
0.036249
-0.001100
-0.038448
-0.075838
-0.113312
-0.001100
-0.150912
-0.113607
0.036417
0.111365
-0.038574
-0.076090
-0.076147
0.111450
0.036389
0.036375
0.036361
-0.001100
-0.038560
-0.038574
-0.038588
0.261024
0.036290
-0.038490
-0.038504
0.036304
-0.001100
-0.225735
0.036375
-0.151081
-0.038630
-0.001100
0.148938
0.522266
-0.150353
-0.038448
-0.038462
-0.075866
-0.038504
-0.113396
0.111197
-0.038518
0.111113
0.148321
0.110820
0.185155
-0.150076
0.036165
0.073388
0.147710
0.110362
0.073139
-0.075339
-0.149743
-0.001100
-0.038295
-0.075532
-0.374095
0.185572
0.036193
-0.001100
0.296741
-0.112686
-0.001100
-0.038323
0.147710
0.110362
-0.001100
-0.038240
-0.001100
-0.038254
-0.038268
0.110362
-0.112562
0.110362
-0.001100
0.110238
0.110114
-0.038157
-0.038171
-0.038185
0.035985
-0.075284
0.073084
0.110073
-0.112273
0.035972
-0.075256
-0.075311
-0.075366
-0.001100
0.073167
0.073112
0.035985
0.073029
-0.001100
-0.075229
-0.038185
-0.112438
0.110238
-0.149578
-0.075422
-0.001100
0.036068
0.073195
0.036027
0.036013
-0.001100
0.035999
0.073057
-0.001100
-0.186594
0.036027
0.036013
-0.186801
-0.075477
-0.187285
0.147876
-0.336608
-0.113186
-0.075894
-0.038518
0.185851
0.110903
-0.075754
-0.187981
0.073695
-0.113312
-0.300950
-0.001100
0.223872
-0.113522
0.148769
-0.001100
-0.150969
0.857595
-0.972344
-0.264208
-0.076401
-0.001100
0.074202
-0.076401
-0.076458
-0.001100
0.036586
0.074230
-0.076429
0.074230
0.074173
-0.076373
-0.001100
0.224549
-0.076259
0.036487
-0.113903
0.036515
-0.076344
-0.038743
0.074173
-0.001100
0.111703
-0.151532
-0.001100
-0.114073
-0.038786
0.036586
-0.001100
-0.076486
0.149616
-0.114115
0.036586
0.074230
-0.151816
0.074287
-0.038786
0.036586
-0.001100
-0.114201
-0.038828
-0.038843
0.187473
0.036572
-0.151872
-1.291930
0.113470
0.075207
-0.001100
-0.077406
-0.153888
0.342347
-0.115451
0.189413
-0.001100
0.036959
-0.191540
-0.230107
0.075295
0.265821
0.113077
0.188906
-0.229150
0.112990
-0.001100
0.112860
-0.077059
-0.267411
0.036988
-0.115407
0.037017
-0.115494
0.265618
0.036945
-0.115277
0.113077
0.036930
0.074917
-0.153191
-0.001100
-0.115320
0.113121
0.188978
-0.001100
0.074830
-0.153018
-0.039115
0.150876
-0.039072
0.150703
-0.114930
0.150645
-0.001100
0.150415
-0.038957
-0.001100
-0.038971
-0.076886
0.036801
0.036786
-0.001100
0.150301
-0.114629
-0.038971
0.036772
0.074601
-0.038943
0.187972
-0.038885
-0.001100
0.036686
-0.114500
-0.076771
-0.001100
0.150186
-0.114543
-0.114672
0.112472
0.225658
0.149787
0.187189
-0.038729
-0.114073
0.111873
-0.001100
-0.189459
-0.076543
0.225059
-0.076429
0.111873
0.262009
-0.113776
-0.226833
0.187047
-0.001100
-0.001100
0.111619
-0.001100
-0.038658
0.149050
-0.301626
-0.038729
-0.001100
0.074145
-0.001100
0.074088
0.074032
-0.113818
0.111619
-0.076231
-0.001100
-0.001100
-0.038687
-0.113945
-0.001100
-0.001100
0.036530
-0.001100
0.149276
-0.001100
-0.001100
0.036459
0.073975
-0.113733
0.074004
0.073947
-0.076147
0.036431
-0.038630
-0.076203
-0.038672
0.074032
0.036445
0.148938
0.036375
-0.001100
0.073807
-0.001100
-0.001100
-0.038546
-0.001100
-0.076034
0.073835
0.036346
0.111155
-0.001100
0.036290
-0.038490
0.073667
-0.038476
0.036276
0.110945
0.110820
-0.038392
-0.038406
-0.075754
0.036235
0.036221
0.036207
-0.075727
-0.038434
-0.075810
0.073611
0.222697
-0.075643
0.036179
-0.337109
-0.188261
-0.038574
0.298302
-0.075866
-0.038504
0.111071
-0.113270
0.148433
0.073583
-0.001100
-0.113145
0.073611
0.036235
-0.075782
-0.038462
-0.038476
-0.113312
0.073723
0.111029
0.073583
-0.038434
-0.038448
-0.038462
-0.150688
-0.075978
0.148601
-0.075922
-0.001100
-0.038532
-0.038546
-0.301175
0.074004
-0.001100
0.111450
0.036389
-0.001100
-0.113607
-0.113733
0.111534
-0.001100
0.073919
-0.001100
-0.001100
0.148769
-0.001100
-0.001100
0.036332
-0.001100
-0.075978
-0.001100
-0.038560
0.073807
-0.188471
0.111365
-0.338874
0.449014
0.111113
-0.038490
0.073667
-0.038476
-0.001100
END
