y[]
0.028176
-0.026327
0.000925
0.000925
0.028176
0.082635
-0.080786
-0.026327
-0.108156
0.055480
-0.053631
-0.053660
-0.081009
0.055555
0.055525
0.028214
-0.053660
0.000925
-0.053690
0.055540
0.055510
0.028206
-0.026357
0.000925
0.028206
0.028199
0.109946
-0.080830
0.028184
0.082657
-0.053556
0.055406
-0.053556
-0.162697
0.028214
-0.080964
0.219146
-0.026327
-0.053601
0.055450
-0.026334
0.028184
0.000925
0.028176
-0.053586
0.109917
0.028154
0.082569
0.028125
-0.053482
0.000925
0.082524
-0.080675
0.055332
-0.026275
-0.135185
0.000925
0.055391
0.028147
0.055347
0.000925
-0.080719
0.000925
-0.026305
0.000925
0.028154
-0.053541
0.055391
-0.026305
0.000925
-0.053556
-0.162697
0.110036
-0.108186
0.137295
0.000925
0.000925
0.000925
-0.026334
0.028184
-0.026334
0.000925
0.000925
0.000925
0.028184
0.055421
0.000925
-0.026319
0.000925
0.055406
0.000925
0.109798
0.000925
-0.026282
0.028132
0.028125
0.028117
-0.026268
0.000925
0.000925
-0.053482
-0.053512
0.000925
0.000925
0.028147
0.000925
0.028139
-0.107978
-0.026319
0.000925
-0.080853
-0.026349
0.109976
-0.026327
0.028176
0.028169
0.000925
0.000925
-0.026319
0.000925
0.000925
0.028169
-0.026319
-0.572926
-0.053900
0.110544
0.137780
-0.108544
-0.163504
-0.163775
0.220464
-0.026491
-0.053930
-0.026514
0.384382
0.082903
-0.053720
-0.217954
-0.273349
-0.136495
-0.136684
-0.440699
0.083878
0.139027
-0.054293
0.138913
-0.054248
0.000925
-0.164775
0.028561
0.083786
0.221554
-0.026627
0.138609
0.055945
-0.054096
0.110936
-0.081572
0.083422
0.000925
-0.109086
-0.026597
-0.081686
0.083535
-0.054141
-0.054172
0.000925
0.056021
0.055991
0.138457
0.055885
0.083308
0.165489
-0.053900
0.028341
0.028333
0.028326
-0.108724
0.000925
0.110574
-0.108724
0.110574
0.055704
0.055674
0.055644
-0.081166
0.000925
-0.026454
-0.081256
-0.026484
0.028333
-0.026484
0.137892
-0.218313
0.055779
-0.163730
-0.054020
0.083331
-0.136457
-0.026574
0.110875
-0.054035
0.110815
0.138118
-0.328655
-0.109177
-0.192046
-0.054278
-0.054309
0.083763
-0.026680
-0.164867
0.056219
0.166625
-0.137140
-0.109664
0.139142
-0.137292
-0.165188
-0.082235
0.056373
-0.221051
-0.082443
0.084293
0.389059
0.166808
-0.054339
-0.082028
-0.054416
-0.082143
0.139333
-0.026742
0.028591
0.000925
0.028583
-0.026734
-0.026742
0.028591
-0.026742
0.000925
-0.082120
-0.109909
0.056357
0.000925
0.000925
0.056326
-0.054477
0.000925
0.028629
0.000925
-0.054492
-0.026795
0.028645
0.028637
0.056326
-0.026772
0.000925
0.000925
-0.026780
0.028629
-0.054492
0.000925
0.000925
-0.026795
0.111759
-0.026772
0.028622
0.056296
0.028599
0.083901
-0.026726
0.111483
0.000925
0.000925
-0.109634
-0.026734
0.166762
0.000925
0.056143
0.111270
-0.054232
0.000925
-0.109481
0.056143
0.359101
-0.109147
-0.109268
0.028484
-0.081777
0.028500
-0.026650
-0.192312
-0.026711
-0.137369
0.083924
0.083855
-0.082005
-0.026734
0.000925
-0.054416
0.111575
0.111453
0.056143
-0.054293
0.000925
0.166488
-0.192259
0.000925
0.111361
-0.054278
0.221554
0.000925
0.028469
-0.081731
-0.054217
0.028500
-0.054232
-0.054263
0.193948
-0.109329
0.000925
-0.192312
-0.082005
0.083855
-0.026711
0.000925
0.194215
-0.026665
0.028515
0.000925
-0.026665
0.083672
-0.081822
-0.026673
-0.026680
0.083718
0.000925
-0.026665
0.138799
0.000925
0.028477
0.111057
-0.026597
-0.109238
0.000925
0.000925
0.000925
-0.026635
0.056036
0.000925
-0.109329
0.056067
0.111118
-0.136835
0.056052
0.056021
0.330867
0.739339
-0.244608
0.028236
0.055525
0.028214
0.055480
-0.135520
-0.026386
0.164680
0.109946
0.137035
0.055317
-0.216822
0.245856
0.000925
-0.189526
0.082591
-0.080741
0.028154
0.109768
-0.053482
0.028132
-0.080719
0.000925
0.000925
0.055361
0.055332
-0.107919
-0.026305
-0.053556
0.028169
-0.026319
0.028169
0.000925
0.082613
0.028139
0.000925
0.000925
0.028132
0.055317
-0.026268
-0.026275
-0.026282
0.082524
0.028110
0.028102
-0.107830
0.000925
0.028125
-0.026275
0.000925
0.000925
-0.026282
0.000925
0.028132
0.028125
0.028117
0.000925
0.000925
-0.026268
-0.026275
0.000925
0.000925
0.028125
-0.053482
-0.026290
-0.380859
0.055555
-0.108365
0.110214
0.000925
0.000925
0.082814
-0.053660
-0.081009
0.082858
-0.190358
0.082948
0.000925
-0.081098
-0.081166
0.028296
0.082993
-0.026424
0.110274
-0.163144
END
