y[]
0.002930
-0.106899
0.002930
-0.052030
0.002930
-0.052060
0.030429
0.057906
-0.052045
0.030422
-0.024561
0.030422
0.002930
0.030414
0.002930
-0.052045
0.002930
-0.024569
0.057921
0.030414
0.112790
-0.051984
-0.024538
0.002930
-0.024546
0.030407
-0.024546
0.002930
0.002930
0.030407
0.030399
0.002930
0.002930
0.030392
0.002930
0.057830
0.085224
-0.464296
-0.052181
0.085586
-0.134868
-0.079840
-0.052288
-0.079954
0.002930
0.113428
-0.024682
0.002930
0.251172
-0.107323
0.030505
-0.024644
-0.024652
0.030513
0.223316
-0.024591
0.195423
-1.241039
1.219423
0.167675
-0.024508
0.057800
0.002930
-0.051939
-0.051969
0.085269
-0.051954
0.085246
-0.079385
-0.051984
0.057845
0.002930
0.002930
0.030377
-0.079431
-0.024538
-0.052030
0.112821
-0.052000
0.030399
0.085291
0.030369
0.030362
-0.051939
0.030369
-0.024508
-0.051969
0.002930
0.002930
-0.024531
-0.052015
0.002930
-0.052045
-0.024569
0.085405
-0.024553
0.057891
0.030399
-0.052015
-0.024553
-0.162132
-0.024606
-0.079726
0.085586
0.057997
0.030452
0.112941
-0.052060
-0.024576
-0.052105
-0.079680
0.002930
0.058012
-0.024606
-0.079726
-0.024637
-0.024644
0.140728
0.195529
0.057891
-0.052030
0.112821
0.140123
-0.079363
0.002930
0.002930
0.002930
-0.051969
-0.079476
0.030407
-0.052030
0.112821
0.112700
-0.161769
-0.079521
0.030422
-0.079566
-0.079635
0.085495
0.030437
0.030429
0.085382
-0.052030
0.057891
0.030399
-0.052015
-0.052045
0.030422
0.002930
-0.024561
0.085382
-0.024546
0.030407
0.002930
0.057860
-0.024531
-0.024538
0.030399
0.002930
0.002930
-0.024538
-0.024546
0.030407
-0.052030
0.030414
0.002930
0.002930
0.002930
0.030407
0.002930
-0.024546
0.002930
0.002930
-0.024553
0.030414
0.030407
-0.024546
0.002930
-0.024553
-0.024561
0.002930
-0.024569
-0.024576
-0.024584
0.057951
-0.024576
0.085427
0.551177
-0.051759
0.057620
-0.133850
0.085021
0.030279
-0.051774
0.057635
0.002930
0.166865
0.030227
-0.106300
-0.325477
0.002930
0.030339
-0.106749
-0.051954
0.057815
-0.079408
-0.079476
0.222530
-0.106809
-0.134413
0.030414
0.057875
0.030392
-0.052000
-0.134527
-0.024584
0.057951
0.085405
0.085337
-0.052000
-0.024546
0.057875
0.030392
-0.052000
0.112760
-0.024516
-0.079453
0.085314
-0.134413
0.112821
0.057830
-0.106899
-0.052030
0.057891
-0.024546
0.030407
0.030399
-0.024538
-0.134527
-0.052105
0.085473
-0.162222
0.085541
-0.079680
-0.079748
-0.024644
0.002930
0.140728
0.057997
-0.024599
0.030460
0.057966
0.030437
-0.052090
-0.052120
0.057981
0.140425
-0.052045
0.030422
0.002930
-0.052060
0.002930
0.112881
-0.107020
0.002930
0.057921
0.002930
-0.052060
-0.107141
-0.217577
-0.024667
0.002930
0.002930
-0.052288
0.196061
0.058042
0.140577
0.057936
0.030422
0.140274
-0.051984
0.002930
-0.024538
-0.079521
0.085382
-0.107020
-0.024576
-0.079635
0.057981
-0.052120
-0.079703
-0.052196
-0.107414
-0.024675
-0.079931
0.085792
-0.107567
-0.052364
0.113489
-0.024698
0.002930
-0.024705
-0.107689
0.030597
0.058240
-0.024721
-0.024728
0.058240
-0.052379
0.002930
-0.024736
0.030597
0.030589
0.058225
0.085815
-0.024690
-0.052333
-0.024713
0.030574
-0.080023
0.030589
0.002930
0.085861
-0.024705
-0.107689
0.030597
-0.024736
-0.024744
-0.080138
-0.024774
-0.024782
0.002930
-0.024790
0.141454
0.030612
-0.052441
0.002930
0.279479
-0.218247
-0.080138
0.251928
-0.052349
0.030574
0.002930
0.002930
-0.024713
0.085838
0.002930
0.002930
-0.024698
0.030559
0.251241
0.030482
-0.079748
0.030498
0.058042
-0.052181
0.085586
0.195529
0.140274
-0.024523
0.085269
0.002930
0.002930
0.030362
0.057770
0.085133
-0.079273
-0.024486
-0.024493
-0.051939
0.002930
-0.079431
0.030392
-0.106960
-0.024561
0.085382
-0.024546
0.112790
0.057815
-0.024508
-0.024516
-0.024523
-0.052000
0.030399
0.030392
-0.079476
-0.052045
0.085382
-0.024546
0.002930
0.030407
-0.052030
0.030414
0.057875
0.030392
-0.024531
0.030392
-0.079476
-0.024553
0.030414
0.030407
-0.079521
0.002930
0.085382
-0.024546
-0.052045
-0.024569
0.030429
-0.024569
-0.134678
-0.134868
0.002930
0.002930
-0.107445
-0.107567
0.002930
-0.052364
-0.080069
0.030604
0.141186
0.030559
-0.107628
0.058225
-0.052364
-0.218554
-0.080253
0.030666
-0.135824
0.086206
0.030674
0.058394
-0.163551
0.113949
0.002930
-0.219230
0.058517
0.002930
0.086252
-0.024836
0.030697
-0.052610
-0.080438
END
