y[]
0.033597
-0.031966
0.033597
-0.064758
0.033608
-0.097593
0.000816
0.000816
0.000816
0.099225
-0.064780
0.033619
0.033608
0.099128
-0.031944
0.066325
-0.031934
0.033565
-0.064694
0.000816
0.033576
0.000816
-0.031944
-0.031955
0.000816
0.000816
0.066346
0.099031
0.033533
-0.031902
0.066239
-0.031891
-0.031902
-0.064651
0.000816
0.000816
0.000816
0.066282
0.000816
0.000816
-0.195712
0.262767
0.033511
0.066175
-0.064544
-0.031880
0.000816
-0.031891
0.066218
-0.064587
0.066218
-0.064587
-0.064629
0.033543
0.033533
0.000816
-0.031902
0.066239
0.000816
-0.031891
-0.031902
0.033533
-0.064629
-0.064672
-0.064715
0.000816
0.066346
-0.097497
0.328148
-0.195455
0.033554
-0.031923
0.000816
0.033554
-0.162985
0.131877
0.033554
-0.064672
0.000816
0.066303
0.000816
-0.031923
0.033554
0.000816
0.000816
-0.031923
0.000816
0.033554
0.000816
0.000816
0.000816
0.000816
0.033543
0.000816
-0.064651
0.033554
0.000816
0.033543
0.000816
-0.031912
0.033543
0.000816
0.000816
0.033533
-0.031902
0.033533
0.000816
-0.031902
-0.031912
0.033543
0.000816
0.033533
0.000816
0.000816
0.033522
0.033511
0.000816
0.066175
-0.031859
-0.031869
0.000816
-0.031880
0.000816
0.033511
-0.031880
0.000816
0.000816
0.000816
-0.031891
-0.097368
-0.031934
-0.064715
0.066346
-0.130289
-0.064801
0.000816
-0.130547
0.033673
0.099322
-0.097690
0.033662
0.000816
-0.064887
0.033673
0.000816
-0.163577
-0.065017
-0.065061
-0.032139
0.033770
0.033759
-0.065082
-0.032150
0.066735
0.033759
0.099581
-0.065017
0.000816
-0.065061
0.000816
0.066692
0.000816
0.000816
-0.032117
0.033748
0.066648
-0.097950
-0.098047
0.000816
-0.032160
-0.032171
-0.065191
0.033824
-0.098243
-0.065278
0.000816
0.165968
-0.098243
-0.065278
0.099940
0.000816
0.000816
-0.032215
0.099875
-0.098243
-0.065278
0.000816
0.033868
-0.032237
-0.032248
-0.164665
0.033934
0.000816
0.000816
0.100104
0.066953
-0.131503
0.033912
-0.032281
0.033912
0.033901
-0.032270
-0.098506
-0.131766
0.067129
0.033956
-0.065475
0.000816
0.033967
0.033956
0.133266
-0.098506
0.199360
-0.032248
0.099973
0.099875
-0.098243
0.066866
-0.065235
0.033846
0.066844
0.000816
0.000816
0.000816
0.000816
0.000816
-0.065213
0.033835
0.132785
0.033781
-0.065126
0.000816
0.000816
0.000816
0.033792
-0.065147
0.033803
0.000816
0.000816
-0.032171
0.000816
-0.032182
-0.032193
0.033824
-0.032193
-0.032204
0.033835
-0.032204
0.033835
0.000816
0.033824
0.000816
0.033813
0.000816
0.000816
-0.032182
0.033813
0.000816
0.033803
-0.032171
-0.032182
-0.032193
0.066822
0.000816
-0.065191
0.033824
0.000816
-0.065213
0.494969
-0.064931
-0.097885
0.066627
-0.032085
0.000816
0.033716
-0.064996
0.033727
0.000816
-0.032095
0.066627
0.099451
0.230588
0.099128
-0.031944
-0.031955
0.033586
-0.064737
0.000816
0.000816
0.066368
-0.097529
-0.064801
-0.032009
0.033640
0.197537
0.000816
0.099031
-0.064651
-0.097465
0.066346
0.000816
-0.097497
0.033597
-0.064758
0.033608
0.033597
0.033586
0.000816
0.000816
0.000816
0.099064
0.000816
-0.031923
-0.130246
0.099128
0.033565
0.000816
-0.031934
0.000816
0.000816
0.000816
0.000816
0.000816
-0.031944
0.033576
-0.097497
0.099128
-0.031944
0.000816
0.033576
-0.031944
-0.031955
0.000816
0.066346
0.000816
0.000816
0.033565
-0.031934
-0.064715
0.033586
0.033576
0.000816
-0.031944
0.000816
0.033576
0.000816
0.000816
-0.097497
0.131877
-0.064694
0.033576
0.164455
0.066196
-0.064565
-0.097336
0.000816
-0.097432
-0.064737
-0.130418
0.033640
0.033629
0.066411
-0.097593
0.000816
-0.130547
0.033673
0.000816
0.066497
0.033640
0.099225
-0.031977
0.033608
0.033597
-0.031966
0.000816
0.000816
0.000816
-0.031977
0.033608
0.000816
0.000816
0.033597
0.000816
0.000816
0.000816
-0.031966
0.000816
0.033597
-0.031966
0.033597
0.033586
-0.031955
0.000816
0.000816
0.033586
-0.064737
0.033597
-0.031966
-0.031977
0.000816
0.000816
0.033608
0.000816
0.000816
0.000816
0.033597
0.000816
0.000816
-0.031966
0.033597
0.033586
-0.031955
0.000816
0.000816
0.033586
-0.031955
0.033586
-0.031955
-0.163200
0.033640
0.033629
-0.031998
0.033629
0.000816
-0.031998
0.033629
-0.031998
0.033629
0.000816
-0.097658
-0.064887
0.000816
0.000816
0.099354
-0.032020
0.066475
0.099225
-0.097593
-0.064844
0.000816
0.033651
0.000816
-0.229258
END
