y[]
0.034209
-0.038111
-0.074310
-0.001951
-0.074362
-0.001951
-0.001951
0.034261
-0.001951
-0.038163
0.034261
0.034248
0.034235
-0.038137
0.034235
-0.001951
-0.001951
0.106529
-0.074257
-0.074310
-0.001951
-0.001951
-0.001951
-0.001951
0.034235
-0.001951
-0.074336
0.034248
0.034235
0.214891
-0.038058
-0.001951
-0.038072
-0.001951
-0.001951
-0.074231
-0.001951
-0.001951
-0.001951
0.070330
-0.074231
-0.038111
-0.364270
0.034340
-0.110864
-0.110982
-0.038321
-0.001951
-0.074731
-0.038361
-0.111260
-0.001951
0.107359
-0.001951
0.034459
0.034446
-0.038348
-0.074784
0.070882
-0.038361
0.070856
-0.147617
0.034486
0.107279
0.034433
-0.038334
0.070803
0.107081
-0.074625
0.034393
-0.001951
-0.074652
0.034406
0.070724
-0.074625
-0.038308
-0.038321
-0.111141
0.034459
-0.038361
-0.038374
0.107279
-0.038348
-0.001951
0.070829
-0.147564
0.143663
-0.001951
0.034419
0.034406
0.215914
0.034314
0.106764
0.034261
-0.074388
0.179045
-0.038124
-0.074336
-0.074388
0.034274
-0.038176
-0.038189
0.034288
-0.038189
0.034288
-0.001951
0.070487
-0.074388
0.034274
0.070460
0.142715
-0.074257
0.178718
-0.001951
0.070225
0.070173
-0.038006
-0.038019
-0.074127
0.070225
0.034118
-0.038019
-0.038032
0.070199
0.070147
-0.037993
0.070121
-0.037980
0.034079
-0.037980
0.106099
-0.001951
-0.001951
0.070017
-0.073919
0.034040
-0.001951
-0.001951
-0.001951
0.034027
-0.037929
-0.037942
-0.001951
-0.001951
-0.037954
-0.001951
-0.037967
0.034066
-0.037967
0.034066
-0.001951
-0.037967
0.034066
-0.001951
-0.037967
-0.037980
-0.037993
-0.001951
0.034092
-0.001951
-0.001951
-0.001951
0.070095
-0.001951
-0.037967
-0.001951
-0.037980
-0.037993
0.070121
-0.001951
-0.001951
0.034066
0.034053
0.070017
0.034014
0.069940
-0.001951
-0.001951
-0.037890
-0.217856
0.034066
0.034053
0.070017
-0.037929
-0.001951
-0.037942
-0.146043
-0.074075
-0.001951
0.106216
-0.037993
0.142141
-0.110001
-0.074049
-0.038019
-0.001951
-0.038032
-0.182554
0.142558
-0.038058
0.142401
0.070147
-0.182294
0.286442
-0.073971
0.070069
0.070017
-0.037929
-0.001951
-0.001951
0.034027
-0.037929
-0.326334
0.214421
-0.001951
-0.110078
0.034105
-0.001951
0.178132
0.034027
0.069966
0.105827
-0.001951
-0.001951
0.033949
-0.037851
0.033949
0.105672
0.033898
0.069708
-0.109459
0.033898
-0.037800
-0.109574
-0.001951
-0.037851
-0.001951
-0.037864
-0.001951
-0.037877
-0.001951
0.033975
0.033962
-0.037864
-0.001951
-0.001951
0.069862
-0.037851
-0.037864
-0.109768
-0.037916
-0.001951
-0.073919
0.034040
-0.073945
-0.001951
-0.110040
-0.110156
-0.038045
0.178392
-0.074049
0.034105
-0.074075
0.106216
-0.182294
0.430326
-0.073867
0.069966
0.069914
0.069862
0.141521
0.033885
-0.145372
0.033924
-0.001951
0.105595
-0.001951
0.069682
-0.037761
-0.037774
0.069682
-0.001951
-0.037761
-0.037774
0.069682
0.033846
0.033834
-0.001951
-0.001951
-0.001951
0.033821
-0.037723
0.141059
-0.073431
0.105249
-0.037672
-0.037684
-0.037697
0.033795
-0.073456
0.033808
-0.073482
0.069580
-0.037710
0.033808
-0.001951
-0.073482
0.033821
-0.037723
0.033821
-0.073507
-0.073558
0.033859
-0.001951
-0.037761
-0.001951
-0.001951
0.033859
-0.037761
0.105441
-0.037735
-0.037748
0.069631
-0.037735
0.069605
-0.037723
0.069580
-0.001951
-0.001951
-0.288381
0.033898
-0.037800
0.033898
-0.145423
-0.001951
-0.073764
0.033962
0.033949
-0.001951
0.069811
-0.037825
0.033924
0.069759
-0.145423
-0.073764
-0.037877
0.249260
-0.181323
-0.037864
-0.145732
0.141831
-0.001951
-0.109768
0.105866
-0.001951
-0.109768
0.105866
0.033962
0.141573
0.069734
-0.037787
-0.001951
-0.037800
-0.001951
-0.001951
-0.037812
-0.001951
0.033911
-0.037812
-0.109613
0.033949
-0.037851
0.069837
-0.073738
-0.001951
0.213257
-0.073635
0.069734
0.033872
-0.001951
-0.001951
0.033859
0.033846
0.069605
0.105288
-0.073431
-0.001951
-0.073482
0.033821
0.033808
-0.037710
0.033808
-0.037710
0.033808
-0.001951
-0.001951
-0.037710
0.105288
-0.252353
-0.109459
-0.073687
0.033924
0.033911
-0.001951
-0.073687
0.069785
-0.037812
-0.073713
-0.073764
0.105750
0.069785
-0.109574
0.033936
0.177293
-0.217082
-0.181581
0.141779
-0.037864
0.069862
-0.073764
0.249170
-0.073635
-0.073687
0.069785
-0.037812
0.033911
0.033898
0.033885
-0.037787
-0.037800
0.141367
0.033846
-0.037748
-0.001951
0.105403
-0.037723
-0.073533
-0.001951
-0.001951
-0.001951
-0.109420
0.033885
-0.073635
END
