y[]
-0.033719
-0.062516
-0.033744
0.023852
0.052625
0.052592
-0.004946
-0.004946
0.110030
-0.033677
-0.119954
-0.004946
0.023819
-0.033710
0.081323
-0.091215
0.052575
-0.004946
0.023802
0.081249
-0.004946
-0.004946
0.023769
-0.062384
-0.033677
0.023786
-0.033677
-0.062434
0.052542
-0.148727
0.023827
-0.004946
-0.148893
-0.004946
-0.033760
-0.091439
0.369317
-0.033686
0.196059
-0.033636
-0.062351
0.052459
-0.148521
-0.004946
0.081224
-0.062384
0.081199
-0.033653
-0.033661
0.081174
0.023744
0.081076
-0.062285
-0.004946
-0.177162
0.052492
-0.033661
-0.119888
0.196117
-0.206009
-0.177608
-0.149059
0.139167
-0.206762
-0.062683
-0.178356
0.081797
0.052841
0.110528
-0.033802
0.139250
-0.004946
-0.033768
-0.033777
0.023885
-0.033777
-0.091488
0.081597
-0.004946
-0.062633
-0.091538
0.081647
-0.149309
0.052824
-0.004946
0.110494
0.023893
-0.178106
-0.004946
0.312286
0.167666
-0.148769
0.196348
0.052492
0.052459
-0.206009
0.109997
0.167221
0.081026
-0.033595
-0.033603
-0.090967
0.023736
0.023728
-0.033620
-0.148438
0.023769
0.023761
-0.033653
-0.033661
0.396316
-0.062170
0.138054
0.080756
-0.004946
0.023605
0.137687
0.023556
0.023548
-0.004946
0.108949
0.108820
-0.004946
0.080294
0.051840
-0.004946
-0.004946
-0.090137
-0.090209
0.137120
-0.090161
0.051872
-0.033351
0.108626
0.051792
-0.061683
0.108497
0.249831
-0.146409
0.079956
0.051615
-0.033222
-0.004946
-0.004946
-0.146449
-0.175014
0.023419
-0.061683
0.023427
0.051776
-0.061667
-0.004946
-0.061700
-0.004946
0.165219
-0.061635
0.051743
-0.004946
-0.033287
-0.175159
-0.004946
-0.203894
0.080366
0.023475
-0.061796
0.051905
0.023467
0.108626
-0.090113
-0.175497
-0.004946
-0.033399
-0.004946
-0.090355
-0.061926
-0.090477
0.023573
-0.119069
0.080658
-0.004946
0.023573
-0.061991
-0.004946
-0.004946
0.109112
0.080512
-0.061910
-0.033440
0.023548
-0.061942
-0.090501
0.023581
-0.004946
-0.004946
-0.119101
-0.033505
0.052164
0.052132
-0.119134
-0.033513
0.080732
0.052132
-0.033481
0.052115
-0.119101
-0.062072
0.109275
0.023589
-0.033481
0.023589
-0.090575
0.023605
-0.033497
-0.004946
-0.004946
-0.004946
0.023605
0.052132
0.052099
-0.033464
-0.004946
0.052083
0.052050
0.052018
-0.004946
0.023524
-0.004946
-0.090379
0.137403
0.023500
-0.061845
0.080391
-0.061829
-0.004946
-0.090331
-0.147416
0.080561
0.023540
0.023532
0.023524
-0.061893
-0.061926
0.080512
0.023524
-0.033416
-0.090404
0.108982
-0.004946
0.137281
0.023475
-0.118679
0.080366
-0.033375
0.023483
-0.004946
-0.061812
-0.061845
-0.004946
-0.090355
0.023532
-0.033424
0.023532
-0.118906
0.080536
0.023532
0.023524
0.023516
0.051953
-0.004946
-0.061845
0.023508
0.051937
-0.004946
-0.061829
0.023500
-0.090307
0.051969
-0.090331
0.051986
-0.033407
-0.004946
-0.033416
-0.061910
0.023540
-0.004946
-0.004946
-0.033432
-0.061942
0.052050
-0.004946
-0.033440
0.023548
0.052018
0.080439
-0.033399
-0.033407
0.051969
0.108787
-0.090234
-0.004946
0.023492
0.051905
0.080269
-0.004946
-0.033343
-0.004946
0.051840
0.023435
0.080148
0.051743
-0.033287
0.023395
-0.033287
-0.004946
-0.004946
-0.118389
-0.090113
-0.118615
-0.061829
-0.004946
0.080366
0.051888
-0.004946
0.023459
0.023451
-0.061748
-0.061780
0.023475
-0.061796
0.023483
0.023475
0.023467
-0.061780
0.080294
-0.004946
0.051840
0.051808
-0.118485
0.051840
0.023435
0.051792
-0.033311
0.023419
0.080100
-0.061635
-0.033303
-0.004946
0.051760
-0.061651
-0.033311
0.136798
-0.146689
-0.033319
0.023427
-0.004946
0.080124
-0.033295
0.023403
-0.061651
0.023411
-0.061667
-0.004946
0.023419
-0.033311
0.023419
-0.033311
-0.004946
0.023419
0.023411
-0.203612
0.108626
0.080148
-0.004946
-0.061667
-0.033319
0.051792
-0.061683
0.023427
-0.004946
0.051776
0.051743
-0.260301
0.165364
0.023411
-0.004946
0.023403
0.249831
0.023323
-0.004946
0.079812
-0.316076
0.475485
-0.004946
0.023243
0.079573
0.135761
-0.173817
0.051376
-0.089441
-0.117717
0.051456
-0.089560
-0.033167
-0.004946
0.051488
-0.004946
0.023259
-0.033151
-0.004946
-0.117845
0.051519
0.023275
-0.033167
0.079692
0.023251
-0.061347
0.023259
-0.004946
-0.061363
0.023267
0.079645
-0.033135
0.079597
-0.033119
0.023227
-0.004946
-0.033119
-0.004946
-0.004946
0.023227
-0.061300
-0.004946
-0.004946
0.023235
0.051392
-0.004946
-0.004946
0.023211
-0.004946
0.051345
-0.033087
0.023195
-0.033087
END
