y[]
-0.071757
-0.108061
-0.144483
-0.035663
-0.108377
-0.035716
0.037025
-0.072099
0.000655
0.146109
0.036985
-0.072020
-0.035702
0.291141
-0.180801
0.000655
-0.035676
0.145898
-0.108258
0.036972
-0.108337
0.109646
-0.035663
-0.035676
-0.181197
-0.145065
-0.035809
0.073567
-0.035795
0.073541
-0.108695
0.037118
-0.035809
0.037118
0.109964
0.037065
0.000655
0.037051
0.000655
0.000655
0.073408
-0.072099
0.000655
-0.035742
-0.072179
-0.035782
0.073514
0.000655
-0.035769
0.000655
-0.108695
0.073567
0.000655
0.037091
0.073488
-0.035755
-0.072205
-0.035795
-0.035809
-0.035822
-0.108855
0.110164
0.000655
0.110044
0.037091
-0.035782
-0.035795
0.073541
-0.145171
0.146480
0.037078
0.255246
-0.144747
-0.072126
0.073435
0.037025
-0.108496
-0.035755
0.037065
-0.072179
-0.072232
0.255525
-0.436664
0.146640
0.000655
0.073567
0.073514
-0.072205
0.000655
0.000655
0.073514
0.037065
0.109805
-0.072099
0.073408
0.000655
-0.035716
0.000655
0.000655
0.037025
0.000655
-0.035716
0.000655
0.000655
0.037025
0.000655
-0.035716
0.218678
0.036946
-0.035637
0.000655
-0.035650
0.000655
0.036959
-0.035650
0.000655
0.073250
-0.071941
0.000655
-0.035663
0.000655
0.073276
0.073223
0.036919
-0.071888
0.000655
0.073197
-0.071888
0.073197
-0.035610
-0.035623
0.036932
0.000655
0.073171
-0.071862
0.073171
-0.217052
-0.035676
0.000655
-0.035689
0.036998
0.036985
0.000655
-0.072020
0.036998
0.073303
-0.035663
0.182110
-0.144483
0.073250
0.145687
0.000655
-0.035584
-0.071862
0.036919
-0.035610
-0.180867
-0.072046
-0.072099
-0.072152
0.073461
-0.108575
0.037078
0.037065
0.000655
0.037051
-0.035742
0.146162
0.036998
0.036985
0.000655
0.036972
0.036959
-0.180999
0.146003
0.000655
-0.181065
-0.072126
0.037051
0.037038
-0.035729
0.000655
0.000655
0.146109
-0.072046
-0.072099
0.037038
0.073382
-0.035702
-0.035716
-0.035729
0.073408
0.037012
-0.072073
-0.035729
0.000655
0.109765
-0.072073
0.037025
-0.035716
0.000655
-0.035729
0.000655
0.109765
0.000655
-0.035702
0.000655
0.037012
0.000655
-0.035702
-0.035716
-0.072126
-0.035755
0.000655
-0.035769
0.000655
0.037078
0.073461
0.073408
-0.035716
0.000655
-0.035729
-0.035742
-0.072179
-0.035782
-0.035795
0.073541
-0.145171
0.037131
0.000655
0.037118
0.000655
0.073541
-0.145171
-0.072338
-0.035862
0.037171
0.037158
0.110084
0.000655
0.000655
0.037104
-0.035795
0.037104
-0.035795
0.073541
-0.035782
0.037091
-0.035782
0.000655
0.037091
0.037078
-0.035769
0.000655
0.073488
-0.035755
0.037065
0.037051
-0.035742
-0.035755
-0.035769
0.037078
0.000655
0.037065
0.037051
0.000655
0.073408
0.000655
-0.035716
0.000655
0.037025
0.000655
-0.035716
0.000655
0.000655
-0.035729
0.000655
-0.035742
0.037051
0.000655
0.037038
0.037025
0.000655
-0.035716
-0.035729
0.000655
0.255061
0.000655
0.000655
0.000655
-0.035650
0.073250
-0.071941
0.000655
0.000655
0.036959
-0.108298
0.182176
-0.108219
-0.035663
0.000655
0.036972
-0.144694
0.182308
-0.035650
0.000655
0.145792
0.145582
-0.035558
0.073066
-0.071757
0.036867
-0.108021
-0.035597
-0.071888
-0.180933
-0.072073
-0.035729
-0.072152
0.000655
0.073461
0.073408
0.037012
-0.035702
0.000655
-0.035716
0.000655
-0.072126
-0.072179
0.146268
0.000655
0.000655
0.000655
0.073382
0.000655
0.036998
0.145898
0.073197
-0.035610
0.036919
0.109370
0.036867
0.073040
-0.107943
0.000655
0.073066
-0.035545
-0.180538
0.000655
0.000655
0.073171
-0.035597
0.036906
0.036893
-0.035584
0.000655
0.000655
0.073118
0.036867
-0.035558
0.000655
-0.071809
0.036893
0.073092
0.000655
-0.035558
0.036867
-0.108021
0.000655
-0.035597
0.000655
0.073145
0.073092
-0.108021
0.073118
0.109252
-0.071731
0.000655
0.036854
-0.035545
0.073040
-0.144168
0.109291
-0.107982
0.073092
0.109213
-0.035518
-0.035531
-0.107982
0.000655
0.036880
-0.035571
0.036880
-0.180603
-0.035637
-0.071967
0.000655
-0.035676
0.036985
-0.035676
0.073303
0.000655
0.036959
0.036946
0.000655
0.036932
-0.144536
-0.035676
-0.035689
-0.035702
0.037012
-0.035702
0.073355
0.036985
-0.035676
0.000655
0.000655
0.000655
0.000655
0.073303
-0.035663
0.036972
-0.035663
0.073276
-0.035650
0.073250
0.000655
0.000655
0.000655
0.000655
-0.035637
0.036946
0.036932
-0.035623
0.000655
0.000655
0.073197
0.000655
-0.035610
-0.108219
0.000655
0.000655
0.036959
END
