y[]
-0.188526
0.216425
-0.094995
-0.001610
-0.001610
0.029528
-0.001610
-0.063896
-0.095112
0.029567
0.123000
0.247146
-0.281505
-0.063915
-0.251220
0.248000
0.091833
0.153935
0.215747
-0.187888
-0.001610
0.153645
0.029412
-0.125757
-0.188119
-0.126143
0.122923
-0.094995
0.060656
-0.282115
-0.126532
-0.032865
-0.001610
0.092125
0.060831
0.029596
-0.032816
-0.001610
-0.064052
-0.064091
-0.064130
0.217037
-0.032816
0.278895
0.060618
-0.157252
0.060676
0.060637
-0.157301
-0.032777
0.060715
0.060676
-0.032748
0.029528
0.029518
-0.063877
0.029528
-0.001610
0.122845
-0.188352
0.091804
0.029509
0.060598
-0.001610
0.060560
-0.219373
-0.001610
-0.001610
0.060656
-0.188526
0.123039
-0.063915
-0.032777
-0.095170
-0.032816
0.154323
-0.001610
0.029547
0.060676
-0.032748
-0.001610
0.091775
0.091688
0.060540
0.029451
-0.001610
-0.063741
-0.063780
-0.188352
-0.032768
0.154080
-0.001610
0.091688
-0.157155
-0.126221
0.185248
-0.001610
-0.094995
0.091775
0.029499
0.153790
-0.032671
-0.001610
-0.063761
0.060540
0.091543
0.091456
-0.032623
0.184321
-0.125526
-0.094648
0.029412
0.029402
-0.063645
-0.156866
0.060521
0.060482
-0.094763
-0.032681
0.091572
0.060463
-0.001610
0.029412
-0.032632
0.029412
-0.032632
0.091428
0.215142
-0.125411
0.091255
-0.063510
0.029345
0.153021
-0.001610
0.183632
-0.032460
-0.094217
0.152687
0.029221
0.090826
-0.001610
0.059966
-0.001610
-0.032394
-0.063205
0.059985
0.059947
0.059909
-0.032365
0.213477
0.059758
-0.032290
-0.093705
-0.063054
0.121240
-0.032309
-0.063035
-0.001610
-0.063073
-0.001610
-0.155433
-0.155670
0.029221
-0.186738
0.183518
-0.001610
0.029211
-0.094103
-0.125067
0.029268
-0.125181
0.152830
0.090940
-0.094160
-0.125143
0.029287
0.060156
0.060118
0.060080
0.029221
0.090826
-0.032413
-0.001610
0.059985
0.121467
0.059872
-0.032346
-0.063111
-0.093932
-0.063205
0.090769
-0.001610
-0.001610
-0.001610
0.029164
0.090655
0.029126
0.121240
-0.001610
-0.063016
0.121165
-0.185829
-0.001610
-0.093847
0.090627
-0.001610
0.059834
-0.001610
-0.032327
-0.032337
-0.093847
-0.001610
0.121353
0.059815
0.090457
-0.124385
-0.032327
0.029107
-0.063054
0.121240
-0.001610
-0.124460
-0.001610
0.059834
-0.063054
-0.032346
-0.032356
-0.155480
-0.032413
-0.032422
0.090797
0.090712
-0.001610
-0.124725
-0.063224
-0.248448
-0.001610
0.029278
-0.001610
0.029268
0.183461
-0.001610
0.029202
-0.124915
0.121694
-0.032422
-0.155812
-0.063358
0.090997
-0.001610
0.029240
-0.094188
-0.001610
0.029259
-0.063358
0.029268
0.060118
-0.032470
-0.032479
-0.125181
-0.032527
-0.094418
-0.032565
-0.001610
0.060290
-0.001610
0.029326
-0.063491
-0.032565
-0.063549
0.060329
-0.032575
-0.032584
0.029364
0.091255
-0.063510
0.029345
-0.032565
-0.032575
0.029354
-0.063549
0.029364
-0.001610
-0.001610
0.091255
-0.063510
0.060290
0.029326
-0.032546
0.029326
-0.094446
0.029345
0.029335
0.122076
0.091054
0.029259
-0.032479
0.060118
0.090911
-0.032441
-0.032451
-0.063319
-0.156050
0.121961
-0.001610
0.060118
0.090911
0.121618
-0.001610
-0.001610
-0.186510
-0.155955
0.029278
0.090997
0.090911
0.029211
0.306082
-0.063073
-0.001610
-0.155433
0.059947
-0.217227
0.214007
-0.217227
-0.032451
0.029230
-0.125029
0.090968
-0.094188
-0.063377
-0.032508
0.152782
-0.001610
-0.217826
-0.094418
-0.001610
-0.063530
-0.032584
-0.187657
0.184436
0.153165
0.091140
-0.001610
-0.156241
-0.001610
0.091197
0.060214
0.029287
-0.001610
-0.001610
-0.063415
0.152830
-0.063358
-0.001610
0.029268
-0.125181
-0.125334
0.029335
0.060252
0.029307
-0.001610
-0.001610
-0.001610
0.091083
-0.063396
0.029287
-0.001610
-0.001610
-0.032508
-0.001610
-0.094360
-0.032546
-0.001610
-0.032556
-0.001610
-0.218496
0.060405
-0.032613
0.060386
-0.001610
-0.063606
0.091370
0.091284
-0.032565
-0.001610
0.122152
0.121999
-0.094303
-0.094389
0.060252
0.060214
-0.094360
-0.032546
0.029326
-0.094446
0.122152
0.121999
-0.001610
0.060137
0.029249
0.060080
-0.155907
-0.001610
0.090997
-0.001610
-0.063339
0.029259
-0.001610
0.029249
-0.063339
-0.032489
-0.001610
-0.032498
-0.063415
-0.001610
-0.063453
0.029316
-0.094418
-0.001610
-0.001610
0.029335
-0.001610
0.060252
0.060214
-0.032517
-0.001610
-0.032527
-0.001610
0.060214
-0.063434
-0.001610
-0.001610
-0.032536
0.029316
-0.001610
-0.032536
0.091140
-0.063434
-0.001610
0.060214
-0.063434
-0.001610
0.060214
END
