y[]
-0.003636
-0.041408
-0.003636
-0.079222
0.034164
0.071921
-0.154808
0.034178
-0.003636
-0.041451
-0.041465
-0.003636
0.034192
-0.003636
0.071978
-0.041436
0.071950
-0.079222
0.071950
-0.041422
-0.079251
-0.192923
-0.003636
0.034250
-0.155266
-0.003636
0.072208
0.072150
-0.079422
0.034264
-0.079451
-0.003636
-0.041565
0.072208
-0.041551
0.147936
0.072064
0.072007
-0.117122
-0.003636
-0.041493
-0.003636
-0.079394
-0.003636
0.109979
-0.117251
-0.041536
-0.041551
-0.003636
0.034279
-0.003636
-0.041551
-0.003636
0.072179
0.034250
-0.003636
0.223379
0.109678
-0.003636
0.109550
-0.003636
0.034064
0.147023
-0.041280
-0.078966
-0.041322
-0.003636
-0.041336
-0.003636
0.034064
-0.003636
0.034050
-0.041322
0.071722
0.034022
-0.078966
-0.079023
-0.192351
-0.117036
-0.117165
-0.041508
-0.003636
-0.117337
0.034279
-0.079480
0.072208
0.110022
-0.117294
0.034264
0.147822
0.072007
-0.079279
0.034192
0.109764
0.034135
0.071864
-0.041379
0.071836
0.071779
-0.003636
0.034050
0.146966
-0.229625
-0.041351
0.071779
-0.079051
0.034078
-0.041351
0.034078
-0.041351
0.071779
-0.003636
-0.041336
-0.079079
-0.003636
-0.003636
-0.003636
-0.003636
-0.079136
-0.003636
0.034121
0.034107
-0.079136
0.071864
-0.079136
0.147307
-0.079079
0.034093
0.034078
-0.003636
-0.003636
-0.003636
0.034064
-0.003636
0.034050
0.034036
-0.078994
0.034050
-0.041322
-0.041336
0.034064
0.034050
-0.154466
-0.079136
-0.079193
-0.154922
0.109850
-0.154979
-0.079394
-0.003636
0.072121
-0.041508
0.034235
-0.079394
0.072121
-0.079394
-0.003636
-0.079451
0.110065
0.034235
-0.041508
-0.041522
-0.003636
-0.003636
0.072121
-0.079394
0.109979
-0.155151
0.034264
-0.079451
-0.117467
0.072265
0.147994
-0.041522
-0.079451
0.034279
0.110022
-0.193138
0.110108
-0.041536
-0.003636
0.034264
-0.155324
-0.117553
-0.231860
0.072496
-0.041695
-0.079798
0.072525
0.034423
-0.117857
-0.117987
0.148803
0.110541
-0.117813
0.110541
0.072409
0.034365
-0.193786
-0.003636
-0.041710
0.034437
0.034423
-0.041695
0.110497
-0.117770
0.110497
-0.041666
0.034394
-0.041666
0.072409
0.034365
0.072323
-0.041608
-0.003636
-0.041623
-0.003636
0.072323
0.072265
-0.193498
-0.041652
0.072381
0.072323
0.072265
-0.269543
-0.041681
0.072438
-0.041666
0.034394
0.034379
-0.003636
0.148282
-0.003636
0.034307
-0.079538
0.110194
-0.117467
-0.079595
-0.041637
0.186225
0.072208
-0.041551
-0.155439
0.034336
0.110194
0.299280
-0.230737
0.109979
-0.041493
-0.269039
-0.041608
0.034336
-0.041608
0.034336
-0.079595
0.148224
-0.079538
-0.003636
0.034322
-0.003636
-0.079566
0.072294
-0.003636
0.034307
0.034293
-0.041565
-0.003636
-0.003636
-0.003636
0.034293
0.034279
0.072150
-0.041522
-0.003636
0.034250
-0.041522
0.072121
0.034221
-0.003636
-0.041493
0.072064
-0.079336
0.034221
-0.041493
0.034221
-0.041493
-0.003636
-0.003636
0.034221
-0.079365
-0.003636
0.072093
-0.003636
-0.041493
0.072064
0.034192
-0.003636
-0.003636
-0.003636
0.109764
-0.003636
-0.079222
-0.041451
-0.041465
-0.003636
0.147593
0.147364
-0.003636
-0.041365
-0.041379
-0.079165
0.147364
-0.116865
-0.003636
-0.041408
0.034135
0.222694
0.184581
0.146683
-0.078768
0.071495
0.033908
-0.153899
0.071524
-0.078796
0.033951
0.109040
-0.116312
-0.003636
0.033937
0.033923
-0.078768
-0.078824
0.033965
-0.078852
0.071580
0.033951
-0.116439
-0.116567
-0.003636
0.071665
-0.154295
0.034050
-0.003636
0.034036
-0.192138
0.034093
0.071779
-0.079051
0.034078
0.034064
0.034050
-0.003636
0.034036
0.034022
-0.078966
0.071693
-0.116652
-0.003636
0.071722
0.071665
0.033993
-0.116567
0.034022
0.109252
-0.003636
-0.003636
-0.041251
0.033979
0.071552
-0.116439
-0.041266
0.033993
-0.041266
-0.078937
0.034022
0.109252
0.071552
-0.003636
-0.003636
0.033937
-0.003636
-0.003636
-0.078796
0.033951
0.071495
-0.116355
-0.041237
0.071552
-0.003636
0.033937
0.033923
-0.041195
0.071467
0.108913
-0.041139
0.258585
-0.041054
0.071186
0.108492
-0.003636
-0.115765
-0.041040
-0.003636
0.033768
-0.041040
0.071158
-0.003636
-0.115849
0.071186
-0.078458
0.071186
0.071130
-0.078403
0.145841
0.071019
0.108242
-0.040915
0.108158
-0.003636
-0.078152
-0.003636
-0.040915
0.033642
-0.003636
-0.003636
0.033629
0.033615
0.070824
0.033573
0.033559
-0.003636
-0.003636
0.033545
0.070686
-0.003636
-0.003636
-0.003636
0.033504
-0.040776
-0.003636
-0.003636
-0.040790
END
