y[]
-0.002505
-0.037378
-0.002505
0.032369
-0.002505
-0.002505
0.032357
-0.002505
-0.072240
-0.002505
-0.037390
0.032381
0.032369
-0.072264
0.032381
-0.002505
-0.002505
-0.002505
-0.002505
-0.002505
0.067230
-0.002505
-0.002505
-0.037366
0.067206
-0.002505
-0.002505
-0.002505
-0.002505
-0.037354
0.032345
-0.002505
-0.002505
-0.002505
-0.037354
0.067182
-0.072191
0.067182
0.032320
-0.037330
0.032320
-0.002505
-0.037330
-0.037342
-0.037354
0.067182
1.037006
-0.140483
-0.002505
-0.071565
-0.002505
0.032032
-0.037041
-0.002505
-0.037053
-0.002505
0.135617
-0.209759
0.066628
-0.071637
-0.071685
-0.106365
0.032127
0.066723
0.101248
-0.002505
-0.002505
0.066604
0.032032
0.101033
-0.037005
0.031996
-0.002505
-0.071518
-0.106114
-0.037065
-0.002505
-0.002505
-0.071661
-0.037101
0.032091
0.032079
0.032067
0.066604
-0.106185
-0.002505
-0.037089
-0.071709
0.032103
-0.002505
0.101248
-0.002505
-0.002505
-0.037077
-0.037089
-0.002505
0.032079
-0.037089
0.032079
-0.037089
0.032079
0.032067
0.066604
-0.002505
-0.037053
-0.002505
-0.002505
0.066580
-0.037041
-0.002505
-0.002505
-0.037053
-0.037065
0.032056
0.032044
-0.071613
-0.037077
-0.002505
0.066628
-0.037065
-0.037077
0.135712
-0.002505
0.032020
-0.002505
-0.002505
-0.106114
-0.002505
-0.071637
0.066628
-0.106221
-0.071709
-0.037125
0.032115
-0.002505
-0.002505
0.066699
-0.002505
-0.037101
-0.002505
-0.037113
-0.037125
-0.037137
0.032127
0.101320
-0.037101
0.032091
0.135760
-0.037053
0.032044
-0.037053
0.032044
-0.002505
-0.002505
0.032032
-0.002505
0.032020
-0.037029
-0.071589
-0.002505
0.032044
-0.002505
-0.037053
-0.002505
-0.002505
-0.037065
0.032056
-0.002505
-0.002505
-0.037065
-0.002505
-0.071661
0.032079
-0.002505
0.032067
-0.002505
-0.037077
0.066628
-0.071637
-0.002505
-0.106293
-0.002505
0.032103
-0.037113
-0.002505
0.032103
0.066676
-0.002505
-0.037089
-0.037101
-0.037113
-0.002505
-0.037125
0.032115
-0.002505
-0.002505
-0.071757
-0.037149
-0.002505
-0.002505
-0.002505
-0.002505
-0.002505
-0.037161
-0.002505
0.032151
0.032139
-0.037149
0.066771
-0.002505
-0.002505
-0.071781
-0.037161
0.516079
-0.382536
-0.210405
-0.106617
-0.037233
0.378844
-0.383854
-0.037245
0.101680
-0.071949
-0.002505
0.101644
0.136192
0.032139
-0.037149
-0.037161
-0.071853
-0.037197
0.032187
-0.037197
0.066867
0.032163
-0.175965
0.205612
-0.037161
-0.002505
-0.002505
-0.002505
0.032151
-0.106509
0.066843
-0.002505
-0.002505
-0.037173
0.032163
-0.175965
0.136288
-0.002505
-0.106581
-0.037221
-0.002505
0.101608
-0.037197
0.032187
0.032175
0.101463
-0.002505
-0.071805
-0.037173
0.032163
0.032151
-0.037161
0.066795
-0.002505
0.032127
-0.071781
0.066771
-0.279897
0.240256
0.101355
-0.002505
0.032091
-0.071709
0.101284
-0.037089
0.066652
0.032056
-0.037065
0.032056
-0.002505
-0.037065
0.066604
-0.002505
-0.037053
-0.002505
-0.037065
-0.002505
-0.002505
-0.002505
-0.037077
-0.037089
-0.071709
0.135856
-0.037077
-0.002505
-0.002505
-0.071685
-0.002505
-0.037113
0.032103
0.066676
-0.002505
-0.037089
0.032079
-0.002505
-0.037089
-0.037101
0.032091
0.032079
-0.002505
0.032067
-0.002505
-0.002505
-0.002505
-0.002505
0.032056
-0.002505
-0.002505
0.032044
-0.002505
-0.002505
-0.002505
-0.002505
-0.037053
-0.002505
0.032044
0.032032
0.032020
-0.002505
-0.002505
-0.002505
-0.002505
-0.002505
0.032008
-0.037017
0.032008
-0.037017
0.032008
-0.071542
-0.002505
0.066532
-0.071542
0.032020
0.032008
-0.071542
-0.002505
-0.037041
-0.037053
-0.002505
0.032044
-0.037053
0.032044
-0.002505
-0.002505
-0.037053
0.032044
-0.037053
-0.106221
-0.002505
-0.002505
0.101212
-0.037065
-0.002505
0.066604
0.032032
0.169998
-0.036982
-0.036993
-0.002505
0.031984
-0.036993
-0.002505
0.031984
-0.347928
0.411861
-0.002505
0.031948
-0.071423
0.169701
-0.554611
0.584007
-0.243593
0.204178
-0.036922
0.100712
-0.002505
-0.071304
-0.002505
-0.036922
0.135094
-0.002505
-0.105686
-0.002505
0.066295
-0.002505
-0.036899
0.031889
-0.036899
0.066271
-0.036887
0.031877
-0.036887
-0.002505
0.031877
-0.036887
-0.002505
-0.071304
-0.002505
0.031901
-0.002505
0.031889
-0.071304
-0.071352
0.066342
-0.002505
-0.071352
-0.071399
0.066390
0.203894
-0.346739
0.066437
0.031948
0.031936
-0.174829
0.031984
-0.002505
0.066437
0.031948
-0.071423
-0.002505
-0.036982
-0.071494
-0.106078
-0.106185
0.066628
0.135617
-0.037017
-0.037029
0.066532
0.066485
END
