y[]
-0.074263
-0.074310
-0.006004
-0.108550
0.028190
-0.142849
-0.040244
-0.074520
0.096754
0.062443
-0.040221
-0.040233
-0.006004
-0.006004
-0.143037
-0.074591
0.062583
-0.040291
-0.074614
0.199687
-0.006004
-0.040256
-0.040268
-0.006004
0.028260
-0.074544
0.062536
-0.040268
-0.006004
-0.040280
-0.556022
-0.178507
-0.040540
0.028533
0.028521
-0.006004
0.063009
0.062962
0.028461
-0.109434
0.097427
-0.454977
0.477423
0.028437
-0.006004
-0.109363
-0.213043
0.269954
-0.178388
0.062986
-0.455287
-0.040648
0.201681
0.063129
-0.213544
-0.040636
-0.283493
0.132837
-0.040696
0.098037
-0.006004
-0.179464
0.582539
0.235334
-0.040445
0.028437
-0.178328
-0.178626
0.028545
0.028533
0.132023
-0.109506
-0.144173
0.063105
-0.109684
0.166738
0.028509
0.028497
0.097427
0.131737
0.234588
0.062630
-0.040315
0.028307
-0.108973
0.062654
-0.109008
0.062678
0.131218
0.165259
-0.074473
0.062466
-0.211554
-0.040303
0.096859
0.028260
-0.006004
-0.006004
-0.006004
0.062489
0.267501
0.028132
-0.108445
-0.142756
0.130748
-0.040174
-0.108585
0.062396
0.028178
-0.006004
-0.108585
-0.108691
-0.246018
0.131218
0.062536
-0.108831
-0.006004
-0.040303
0.096859
0.062513
-0.040256
-0.040268
0.028260
0.062489
0.096648
0.096543
0.062302
0.062256
0.062209
0.130283
0.198078
-0.210085
0.333901
-0.107854
-0.006004
-0.006004
-0.039977
-0.039988
-0.074008
0.028004
-0.040012
-0.108097
-0.006004
-0.040058
-0.006004
-0.006004
-0.006004
-0.006004
0.028050
-0.040058
-0.006004
-0.006004
-0.074147
-0.074193
0.028097
-0.040104
-0.006004
-0.006004
0.028097
-0.142476
-0.074310
-0.108550
-0.074427
0.028214
-0.006004
-0.108691
0.062466
-0.040233
-0.040244
-0.177383
-0.006004
-0.074638
0.131218
0.062536
0.028249
-0.006004
0.096683
-0.142943
-0.040268
-0.108867
0.268063
0.164907
-0.006004
-0.040163
0.130562
0.096298
-0.006004
-0.074193
0.062186
0.028074
0.164209
-0.210294
0.300275
0.367068
0.129314
-0.073640
0.297999
0.095126
-0.140865
0.027729
-0.073480
-0.242530
-0.039839
-0.107578
0.264632
0.061541
-0.073548
-0.107406
-0.039827
0.129223
-0.006004
-0.073594
0.129131
0.095228
0.027717
0.095092
0.162262
0.161979
-0.106759
-0.106861
-0.006004
-0.006004
-0.106963
-0.039679
0.061336
0.094921
0.027615
0.061201
0.027582
-0.039589
-0.006004
0.061155
-0.173986
-0.006004
-0.006004
0.061223
0.027593
-0.006004
-0.006004
0.027582
-0.006004
-0.106793
-0.006004
0.027604
0.027593
0.027582
-0.006004
-0.106793
-0.241575
0.095023
-0.006004
0.061291
-0.006004
-0.174326
0.128676
0.027638
-0.073298
0.027649
0.061268
-0.140593
0.027661
-0.073344
-0.073389
0.027695
-0.006004
0.464585
-0.207414
0.061178
-0.039589
0.262363
0.094448
0.027458
-0.106422
0.027480
-0.140007
0.061020
0.027492
0.094415
0.094314
-0.006004
0.060819
-0.006004
0.060774
0.094080
-0.006004
0.127285
0.027291
0.060552
-0.039276
-0.105887
0.060596
-0.006004
0.060552
-0.039276
-0.039287
-0.006004
0.027280
-0.072582
0.027291
0.060552
-0.039276
-0.039287
0.093813
-0.006004
0.027247
-0.039254
-0.006004
-0.072537
0.027269
-0.006004
-0.072559
0.027280
-0.072582
0.093847
-0.006004
0.060508
-0.006004
-0.006004
0.060464
0.126798
0.027169
-0.138762
-0.039221
-0.039232
-0.072493
-0.039265
-0.039276
0.027269
0.027258
0.093714
0.458034
-0.105259
-0.072229
0.060221
-0.105358
-0.072295
0.027147
0.060265
-0.072273
-0.072317
0.060309
-0.105490
0.060331
-0.105523
-0.006004
-0.039199
0.027191
0.259161
0.093252
0.027060
-0.006004
-0.072141
0.060134
0.159149
-0.270379
-0.204745
-0.006004
0.060287
-0.039144
-0.138674
-0.006004
-0.138850
-0.006004
0.027224
-0.006004
0.093614
-0.039199
-0.006004
0.027191
-0.006004
-0.105622
0.060419
-0.138894
-0.006004
-0.006004
-0.006004
-0.105788
0.060530
0.060486
0.093648
-0.072427
-0.039232
-0.006004
-0.039243
-0.139071
0.193531
-0.205538
-0.006004
0.127064
0.027235
0.126843
0.027180
-0.072383
0.027191
-0.105622
-0.039232
-0.072493
0.126931
-0.072449
-0.205605
0.027291
-0.006004
-0.039298
0.027291
0.027280
-0.006004
-0.072582
0.027291
-0.072604
-0.105987
0.160580
-0.039298
0.160358
-0.139071
-0.272671
0.094080
0.127285
0.060574
0.093780
-0.072515
0.027258
-0.205737
-0.172754
0.160746
0.160469
0.160192
0.126754
0.093449
-0.039144
0.027136
-0.006004
0.192606
-0.304067
0.060309
-0.072317
0.027158
-0.138718
-0.039210
-0.039221
0.027213
0.027202
-0.039210
-0.039221
END
