y[]
0.031747
0.031734
0.067609
-0.040066
-0.183809
0.283074
-0.219541
-0.184003
-0.040182
-0.004179
-0.040195
0.211726
-0.040131
-0.364410
0.031903
-0.112463
-0.040300
-0.257389
-0.112894
-0.113013
0.140906
-0.004179
-0.403671
-0.076986
-0.149952
0.178004
-0.113449
0.068681
-0.004179
0.105011
-0.004179
0.141223
0.032139
-0.513827
-0.333187
-0.077439
-0.702840
-0.041086
-0.004179
-0.745197
0.367017
-0.524239
0.478824
-0.115434
-0.264257
-0.264935
-0.190851
-0.078945
0.294552
0.330830
-0.078528
-0.376758
0.331204
0.144520
-0.152878
-0.004179
-0.041388
-0.265032
0.331079
0.218704
0.144134
0.032865
0.291679
-0.041113
-0.041127
-0.597212
0.255706
0.106994
0.032851
0.143805
-0.152163
0.069840
-0.115228
-0.412418
-0.041374
-0.227643
0.664720
-0.598534
-0.041444
0.479183
0.218126
-0.041195
0.069840
-0.226401
0.069950
-0.152492
-0.115558
0.255513
0.032865
-0.375237
0.477928
0.106747
-0.189124
0.254649
-0.188988
0.032810
-0.152217
-0.004179
-0.041223
0.254841
-0.004179
-0.041141
0.254267
-0.151780
0.069649
-0.151889
0.032769
0.438137
-0.004179
-0.225092
-0.041045
-0.225663
-0.189124
0.180767
-0.337327
0.106994
-0.041223
-0.375375
0.441091
-0.412267
0.070143
0.366604
-0.226484
-0.301356
-0.153099
0.070309
-0.041416
-0.004179
0.107491
0.033017
0.033003
-0.376619
0.107699
0.256383
-0.115765
0.070226
-0.041374
0.218787
0.144189
0.106953
-0.189467
0.069978
-0.115434
0.144134
-0.115393
0.069978
-0.338317
0.033003
-0.041361
-0.115807
0.033044
0.070226
-0.004179
-0.190295
0.033072
-0.227893
-0.153600
0.740704
0.255225
0.143750
-0.189124
-0.263679
-0.004179
-0.078446
0.107200
0.032920
0.032906
0.328970
0.217305
-0.077952
-0.114941
-0.041127
-0.189124
0.143805
0.069731
0.143477
-0.151835
0.032756
-0.004179
-0.115023
0.032783
-0.115105
0.365098
0.179949
0.106136
0.106014
-0.151130
-0.520214
-0.152108
0.328354
-0.188783
0.291024
0.326886
-0.077654
-0.114493
0.253032
0.252372
-0.224040
-0.187766
0.106014
-0.077627
-0.040923
-0.077708
0.326279
-0.004179
-0.077520
0.215682
0.105571
-0.077332
-0.260636
-0.077573
-0.077627
-0.151238
-0.114615
-0.004179
0.179814
-0.040950
-0.077762
0.069405
-0.114574
0.142988
-0.077735
0.106136
0.216086
-0.004179
-0.114250
-0.004179
-0.004179
0.032525
-0.077600
0.142610
-0.004179
-0.040856
-0.224524
0.179476
-0.077600
-0.114412
0.362794
-0.628836
-0.004179
0.400457
0.215843
0.142234
0.251529
-0.223317
0.068921
-0.223638
0.032431
0.069001
0.105490
-0.150431
0.105530
-0.040735
-0.077332
-0.150645
-0.261013
-0.004179
-0.114453
0.216247
0.142502
0.069081
0.069028
-0.040775
0.142127
-0.297005
-0.004179
0.178938
-0.223959
0.179005
-0.004179
0.215200
0.068840
0.032311
0.214480
0.250320
-0.295088
0.141382
-0.222599
-0.077092
0.505098
-0.440543
-0.040629
0.032271
0.141488
-0.004179
-0.004179
-0.004179
-0.040576
-0.004179
-0.077012
-0.150005
0.105210
-0.040629
-0.077118
-0.004179
0.032297
-0.040655
0.141647
-0.004179
0.032244
-0.040602
0.141435
0.032191
-0.076933
0.032205
0.068548
-0.113290
0.141276
-0.076880
0.068522
-0.040523
0.032165
0.032152
0.068443
0.032112
-0.113092
-0.040509
-0.076880
0.068522
0.141064
0.140854
0.032046
1.861681
0.066894
0.350431
-0.358789
-0.004179
0.031339
0.031326
0.066793
-0.039659
-0.004179
0.314688
-0.394043
0.102298
-0.039659
0.279308
0.066567
0.278307
0.136765
-0.004179
-0.286267
0.172219
-0.286565
0.137114
-0.074800
-0.145572
0.101884
0.242866
-0.039434
0.101548
-0.109906
-0.145322
0.101697
0.136815
0.101436
-0.074577
-0.074626
0.031051
-0.004179
-0.039409
0.101474
0.066194
-0.039359
0.206718
-0.039297
0.030940
-0.109571
0.101214
-0.039297
-0.039310
0.030952
0.171291
-0.039248
-0.074354
-0.004179
0.030915
-0.039273
0.136123
-0.039236
-0.039248
-0.039260
-0.109497
-0.004179
-0.144776
0.136419
-0.074453
0.030964
0.136271
0.030903
-0.144579
0.030940
0.101103
-0.179710
-0.039322
0.030964
-0.039322
0.030964
-0.074478
-0.039347
-0.109757
-0.039396
-0.180453
0.031101
0.172033
-0.109869
0.207089
0.136419
-0.144776
0.030989
-0.074527
-0.039372
-0.145074
0.066293
-0.039409
-0.039421
0.101511
-0.039396
-0.074651
-0.109980
-0.074775
0.136964
0.136765
-0.145123
-0.145322
-0.110167
0.101809
-0.039496
0.031138
0.101697
-0.004179
0.066343
-0.004179
-0.004179
0.031063
-0.039421
0.031063
-0.039421
-0.074701
-0.004179
-0.039458
0.031101
-0.004179
END
