y[]
0.040025
0.004533
0.075480
-0.066415
-0.030960
0.040025
-0.030960
0.004533
0.040025
0.075480
0.075429
0.039962
-0.101794
0.004533
-0.030935
0.004533
-0.030947
0.075480
-0.030935
0.004533
0.040000
0.039987
0.004533
0.004533
-0.101869
0.004533
0.004533
-0.030960
0.040025
0.004533
0.004533
0.040012
0.004533
0.004533
-0.030947
0.004533
0.040012
-0.066440
-0.030972
0.040038
-0.030972
-0.030985
-0.030998
0.040063
-0.066541
0.040076
-0.031010
-0.031023
0.004533
0.040088
0.040076
0.040063
0.217450
-0.030922
-0.137412
0.004533
0.040038
0.110972
0.004533
-0.208460
-0.031010
0.075606
0.004533
0.004533
-0.173245
0.217828
0.111010
0.040000
-0.101907
0.075505
-0.172993
0.040063
-0.102096
-0.209067
0.040164
0.004533
0.075758
-0.137968
-0.102476
0.040215
0.040202
-0.031137
-0.066845
0.040228
-0.066870
0.040241
0.147237
-0.031124
0.040190
0.004533
-0.031124
0.075834
0.004533
-0.031112
0.004533
0.004533
-0.031124
0.075834
0.004533
0.004533
0.075783
0.004533
-0.031086
0.040152
0.004533
0.146881
0.004533
0.075631
0.075581
0.040038
-0.066490
-0.137664
0.004533
-0.031048
-0.031061
0.040126
0.040113
0.004533
-0.066642
0.004533
-0.031074
0.040139
0.040126
0.075682
0.111161
-0.030998
0.075581
0.394397
0.145925
-0.030797
0.075179
0.039837
-0.561841
0.110972
0.039987
0.039975
0.004533
-0.137311
0.217223
0.039937
0.004533
-0.030872
0.181430
-0.030822
0.110558
0.216248
-0.171865
-0.030784
0.039850
-0.101456
0.004533
0.004533
-0.030822
-0.066214
0.004533
0.039912
-0.030847
0.075279
-0.030834
0.004533
-0.030847
-0.101681
-0.030897
-0.137311
0.004533
0.040012
-0.244091
0.075631
0.040063
-0.066541
-0.208991
-0.138070
0.111504
0.040164
-0.102400
-0.102515
-0.031175
0.182945
0.040177
0.075783
-0.173689
0.004533
-0.031150
-0.138325
-0.102744
-0.067049
0.004533
0.147645
-0.066998
0.040304
0.111771
-0.748564
0.184356
-0.175291
-0.319967
0.004533
-0.103868
0.185136
0.112738
-0.139768
-0.176136
0.076839
-0.031614
0.329384
-0.103634
0.184745
0.040536
-0.103517
0.076579
-0.211762
-0.067670
-0.031588
-0.067748
-0.031627
0.004533
-0.031640
-0.249045
-0.176989
0.186054
0.113287
0.076970
-0.067905
0.040758
-0.176725
0.004533
0.004533
0.185791
0.040745
0.113091
-0.067826
-0.067879
0.004533
-0.031693
0.004533
0.004533
0.040758
0.113130
0.076865
-0.103986
-0.031666
0.076918
0.149146
0.040653
0.040640
-0.067696
0.004533
0.185006
0.004533
-0.139820
0.004533
-0.031588
-0.031601
-0.067774
-0.031640
0.040706
0.040692
-0.067800
-0.031653
-0.031666
-0.031680
0.040745
0.004533
-0.104143
-0.031719
0.149460
-0.140395
-0.068010
0.077075
-0.031732
0.077049
0.004533
0.113209
-0.067905
0.076970
-0.176660
-0.104341
-0.031785
0.222240
0.366328
-0.067722
0.004533
-0.031614
0.112934
-0.212387
-0.067879
0.113130
-0.212780
0.113248
0.185463
0.257286
0.076631
0.040562
-0.247947
0.257012
-0.067539
0.040575
0.076579
0.040536
0.076501
0.184227
-0.067306
0.076372
-0.103245
-0.139352
-0.139560
0.112621
0.004533
0.076527
0.004533
0.004533
-0.139508
0.004533
0.004533
-0.031510
0.040575
0.040562
-0.139664
0.076657
0.040575
0.040562
0.148521
-0.031445
0.076475
0.004533
-0.139404
0.004533
0.076527
0.004533
0.040510
0.004533
0.004533
0.112388
0.004533
-0.175291
0.076501
0.040497
-0.103400
-0.031471
0.112505
0.112388
-0.067358
0.112349
-0.067332
0.004533
-0.067384
-0.067436
0.040523
0.040510
0.040497
0.112349
0.004533
0.004533
0.040446
-0.139197
0.040484
0.076398
0.040446
-0.139197
0.040484
-0.319500
0.040588
0.148625
0.076501
0.040497
0.004533
-0.031432
0.148314
0.219818
-0.138939
-0.067281
0.183969
-0.174904
0.040446
-0.031380
0.076346
-0.031368
-0.067306
-0.247311
-0.175745
-0.139924
0.076787
-0.031588
0.112855
-0.176071
0.149041
0.004533
-0.067696
-0.031601
0.004533
0.040666
0.004533
-0.067748
0.004533
-0.176397
-0.031693
0.040758
-0.031693
0.040758
-0.249321
0.149671
0.004533
-0.031732
0.149513
0.040745
0.040732
0.040719
0.221374
-0.031575
0.112816
0.004533
0.040601
-0.103712
0.004533
-0.176136
0.076839
-0.067774
-0.104025
0.040732
0.076892
-0.176463
-0.104222
0.040797
0.149460
-0.067905
-0.104222
0.004533
-0.140658
-0.068142
0.077207
-0.177253
0.040916
0.040903
0.113564
0.222240
0.004533
-0.104262
0.077075
0.149460
0.149250
0.040679
-0.031614
-0.067800
-0.104065
END
