y[]
-0.002174
0.033662
-0.038010
0.033662
-0.002174
0.069459
-0.073807
-0.002174
-0.002174
-0.002174
-0.002174
-0.109720
-0.073936
0.033713
-0.002174
-0.002174
0.033700
-0.002174
-0.002174
-0.038048
-0.073962
-0.002174
-0.074013
-0.038113
-0.038126
0.069717
-0.002174
-0.146007
0.069768
-0.038139
-0.074142
0.105759
-0.074116
0.033804
0.069743
0.033765
0.033752
-0.002174
-0.002174
0.069639
-0.002174
0.069588
-0.038048
0.033700
-0.002174
-0.038048
-0.038061
-0.038074
-0.145904
0.033778
-0.002174
0.069691
-0.109991
0.033778
-0.074091
0.213421
-0.038074
0.033726
-0.002174
-0.002174
-0.109913
-0.038113
-0.038126
0.105643
0.033739
-0.038087
0.033739
0.105488
-0.038048
0.069562
-0.325392
0.464362
-0.073807
0.069459
0.069408
0.105103
0.212035
-0.073526
0.033508
0.104797
-0.109145
-0.216460
0.069306
0.033547
0.033534
0.033521
-0.002174
-0.002174
-0.002174
-0.073577
-0.037895
-0.037907
-0.002174
-0.002174
0.104988
-0.073603
-0.073654
0.033572
0.069280
0.069229
0.033508
-0.109260
0.176238
-0.073501
-0.037856
-0.037869
0.104873
-0.073526
-0.002174
0.033508
-0.109260
-0.002174
0.069229
0.140479
-0.109145
0.033496
-0.037844
-0.109260
-0.037895
0.211959
0.175920
0.033407
-0.108955
0.033432
0.104569
-0.002174
-0.002174
-0.073323
-0.037768
-0.037780
-0.002174
-0.109069
-0.109183
0.104835
-0.037831
-0.002174
-0.002174
0.069127
-0.037818
0.033470
0.033458
-0.002174
-0.073450
0.104721
-0.073424
-0.002174
-0.002174
-0.073475
0.033483
0.033470
-0.037818
-0.002174
0.033470
-0.002174
0.069076
-0.002174
-0.037793
-0.002174
-0.037806
-0.002174
-0.037818
-0.037831
-0.002174
0.033483
-0.002174
0.033470
0.033458
-0.002174
-0.002174
0.069051
-0.037780
-0.002174
0.033432
0.282220
0.175162
-0.144018
0.033306
0.033293
0.068723
-0.002174
-0.002174
-0.073071
0.068723
-0.073071
0.068723
-0.108538
-0.002174
-0.037654
-0.037666
0.033318
-0.002174
-0.073172
-0.037692
-0.073247
-0.037730
0.033382
0.068899
0.033344
-0.002174
0.033331
-0.037679
-0.179889
-0.002174
-0.108955
-0.002174
0.140175
-0.002174
0.104455
-0.037704
0.068874
-0.002174
-0.037692
-0.073247
0.068899
-0.037704
0.033356
-0.037704
-0.037717
-0.037730
-0.037742
-0.073348
0.069000
-0.037755
0.068975
0.033382
0.033369
0.033356
-0.002174
-0.073247
-0.108879
0.104531
0.033369
-0.037717
-0.002174
-0.002174
-0.037730
-0.073323
-0.002174
-0.037768
-0.002174
-0.037780
0.033432
-0.037780
-0.002174
0.033432
-0.109031
-0.037818
-0.002174
0.033470
-0.037818
-0.002174
-0.109183
-0.073577
-0.002174
-0.037895
-0.002174
-0.073654
-0.002174
-0.073705
0.033598
0.069331
0.069280
-0.073628
-0.073679
0.176493
0.069204
0.033496
-0.037844
-0.073552
-0.073603
0.104950
0.069178
-0.073526
0.176111
0.033445
-0.002174
-0.002174
-0.037793
-0.002174
-0.073450
0.104721
0.104607
0.033394
0.033382
0.068899
-0.002174
0.068849
-0.002174
0.068798
-0.037654
0.104228
-0.037629
0.033281
0.033268
-0.073071
-0.037641
-0.037654
-0.002174
-0.037666
-0.002174
-0.002174
-0.037679
-0.037692
0.068849
0.033318
-0.037666
-0.144270
0.068899
-0.002174
-0.073247
-0.073298
0.104493
0.068874
-0.144320
0.068924
-0.002174
-0.037717
0.104417
0.068824
-0.073172
-0.002174
-0.037692
0.068849
-0.037679
0.033331
-0.002174
0.068798
-0.073146
0.033318
-0.073172
-0.073222
-0.002174
-0.002174
-0.037717
0.068899
-0.108803
-0.002174
0.033382
-0.002174
0.033369
-0.037717
-0.002174
0.033369
-0.037717
0.033369
-0.002174
0.104379
-0.286568
0.069000
-0.108955
-0.037793
0.033445
0.175730
0.104417
-0.073222
-0.037717
-0.002174
-0.002174
-0.037730
0.068924
-0.002174
-0.037717
-0.002174
-0.180078
-0.073424
-0.109145
0.033496
-0.037844
-0.144980
0.104950
0.069178
-0.002174
-0.002174
-0.109221
-0.037882
-0.252487
0.069408
0.176557
-0.073628
0.033559
0.104950
0.104835
-0.073501
-0.037856
0.033508
0.104797
-0.002174
-0.002174
-0.073475
-0.073526
-0.109298
-0.002174
0.033547
0.033534
-0.002174
0.140530
-0.037831
0.033483
-0.002174
0.069102
-0.002174
-0.002174
-0.002174
-0.037806
-0.002174
-0.037818
-0.073501
0.104797
-0.073475
0.104759
0.033445
0.033432
0.104569
-0.073323
0.033407
0.068950
-0.002174
0.033369
-0.002174
0.104379
-0.073197
-0.037704
-0.144422
-0.108993
-0.109107
-0.037844
-0.109260
0.104911
-0.109260
0.033534
-0.002174
0.104873
0.069127
0.069076
0.033432
-0.073399
0.246892
0.033356
-0.002174
0.033344
-0.037692
0.033344
0.033331
END
