y[]
-0.035260
-0.068466
0.064292
0.064248
0.163559
0.031009
-0.002087
0.064073
0.229127
-0.167185
-0.167458
-0.068312
0.361610
-0.498366
-0.035260
0.064248
0.130451
-0.035205
-0.002087
-0.101507
-0.068422
-0.168117
-0.201688
-0.035392
0.064513
0.031197
-0.035370
0.064469
0.031175
0.031164
-0.068598
0.130892
0.097531
-0.002087
-0.035282
0.031108
-0.101705
-0.135065
-0.035359
0.031186
0.031175
0.031164
0.031152
0.031141
-0.035315
-0.002087
0.031141
0.130715
-0.035271
0.064270
-0.101639
-0.035293
-0.068532
0.064358
0.064314
0.097432
0.229740
-0.002087
-0.101375
0.064117
-0.068290
-0.035205
0.031031
-0.035205
-0.002087
0.064138
0.064095
-0.068268
-0.234067
0.031086
0.064226
-0.201158
-0.301438
0.064513
-0.202020
0.064602
-0.168892
-0.202622
0.031364
-0.002087
-0.135956
0.031397
-0.136090
-0.069156
0.132007
0.098365
0.098265
-0.002087
0.131559
-0.102304
-0.169339
0.031386
-0.002087
0.031375
-0.002087
-0.069021
0.064848
-0.002087
-0.203024
0.165389
-0.102539
-0.002087
0.031409
-0.035582
0.131827
-0.002087
-0.035548
0.031375
-0.002087
0.098231
-0.035515
0.098164
-0.035492
0.064714
-0.002087
0.031297
-0.068865
-0.035492
-0.035504
0.131514
-0.035470
0.031297
0.097997
-0.035437
-0.068820
-0.068865
0.031308
-0.102304
0.031330
0.098097
0.164663
-0.035414
-0.002087
-0.002087
-0.102137
-0.035459
-0.035470
0.031297
-0.002087
-0.035470
0.031297
-0.002087
-0.035470
-0.002087
0.064669
-0.002087
-0.002087
0.097963
-0.068776
-0.035448
0.031274
-0.035448
-0.002087
-0.002087
-0.035459
-0.002087
0.031286
-0.102237
0.264758
0.230820
0.031141
-0.101804
0.064403
-0.068576
0.130848
-0.135021
-0.068620
-0.068665
0.031208
0.164220
-0.002087
-0.135110
0.064447
0.197249
0.130583
-0.035238
-0.002087
0.031064
-0.035238
-0.035249
-0.035260
-0.002087
-0.002087
-0.002087
0.031086
-0.068444
-0.035282
-0.002087
0.097465
-0.035260
-0.035271
0.097432
-0.002087
0.196655
0.030999
0.097103
0.097005
-0.002087
-0.035106
-0.002087
-0.068159
0.030955
-0.002087
-0.565282
0.495015
0.130057
-0.002087
-0.035106
-0.035117
0.162957
0.063855
-0.134013
0.030911
0.030900
-0.134100
-0.002087
0.129927
-0.002087
-0.068072
0.129839
0.030868
-0.035041
-0.068028
0.195607
-0.199780
-0.002087
-0.134100
-0.035117
0.030944
0.063942
-0.266462
0.030999
-0.002087
0.030988
0.030977
0.163066
0.063898
-0.101080
-0.200368
0.130145
-0.134318
0.064051
-0.200631
0.097235
0.097136
-0.035150
0.097070
-0.101244
0.097070
0.063964
0.096907
0.030889
0.096776
-0.035030
-0.035041
-0.035052
0.030879
0.162577
0.096581
0.030781
-0.034954
0.030781
-0.034954
-0.002087
-0.002087
-0.002087
-0.002087
-0.034965
-0.034976
-0.034987
-0.034998
0.063724
-0.034987
-0.034998
0.063724
-0.034987
0.030813
0.063681
0.030781
-0.067833
0.063660
-0.034954
0.030781
-0.067833
-0.002087
0.030792
-0.067855
0.030803
-0.002087
0.030792
-0.002087
-0.002087
-0.002087
-0.067855
0.030803
-0.034976
-0.002087
0.162252
-0.034933
-0.034944
-0.002087
-0.002087
-0.034954
-0.034965
-0.034976
0.030803
-0.034976
0.063681
0.030781
-0.100722
0.063681
-0.002087
-0.133666
0.162360
-0.002087
0.063616
-0.002087
-0.002087
0.096387
-0.034900
0.260123
0.030641
0.128718
-0.067468
0.030609
0.063273
-0.067446
-0.100206
0.030630
-0.034804
-0.002087
0.096033
-0.002087
0.030598
0.030588
-0.002087
-0.034761
0.030588
-0.034761
0.063251
-0.002087
0.063209
0.063166
-0.067340
0.030545
0.030534
-0.099982
-0.002087
0.063187
0.030534
0.095713
-0.002087
-0.034676
0.030503
-0.034676
-0.002087
-0.132550
0.030545
0.160913
-0.002087
-0.034665
0.063060
0.095554
-0.002087
-0.132295
0.063039
-0.002087
-0.067212
0.063039
-0.099791
-0.034676
-0.067297
-0.067340
0.193544
-0.099854
-0.132592
-0.002087
0.095809
0.063124
-0.002087
-0.034687
-0.034697
-0.067340
0.063166
0.063124
-0.099918
-0.100014
0.030566
0.226187
-0.295677
-0.132848
0.128675
-0.067446
0.030598
-0.132891
0.063337
-0.002087
-0.034793
0.096001
0.161179
-0.034718
-0.002087
-0.002087
-0.002087
-0.034729
-0.034740
-0.034750
-0.002087
-0.198293
-0.034825
-0.034836
-0.034847
-0.100431
0.129018
-0.002087
-0.034847
0.063423
-0.133148
0.030695
0.063444
-0.034847
0.030673
0.063401
0.063358
0.030620
-0.034793
0.063316
-0.067489
-0.002087
-0.067532
-0.002087
-0.034825
-0.034836
-0.034847
-0.100431
-0.002087
-0.067703
-0.067747
-0.067790
0.030770
0.030759
-0.034933
-0.034944
END
