y[]
-0.132839
-0.100504
-0.003053
0.159311
0.126648
-0.132755
0.094239
-0.132797
0.029398
-0.003053
0.029388
-0.035495
-0.100440
0.061882
-0.035516
0.094302
0.094207
-0.132755
-0.035505
-0.230511
0.613131
0.029272
-0.035379
-0.003053
-0.003053
0.190745
-0.099906
-0.100000
0.093893
-0.035358
-0.035369
0.029262
-0.261870
0.158785
-0.521861
-0.361302
-0.264406
0.290920
0.159893
-0.166000
-0.198940
-0.461620
-0.035889
-0.299058
0.292951
0.095420
-0.035867
-0.463581
-0.003053
-0.565131
0.394035
-0.003053
0.095973
0.293438
-0.101786
0.260018
-0.068756
0.029803
0.029793
0.095420
-0.035867
-0.003053
-0.200163
0.029825
-0.101721
0.095615
-0.003053
-0.035932
-0.200552
0.062823
0.095679
0.095582
-0.003053
-0.068800
0.128396
-0.003053
-0.068756
0.128309
-0.068713
-0.035900
0.062628
0.029771
-0.035878
0.029771
-0.068713
0.029782
0.062585
-0.068692
0.128180
-0.003053
0.062499
0.062456
0.062413
-0.035781
-0.101301
-0.101398
0.062520
0.029717
-0.035824
-0.101430
-0.068692
-0.068735
0.029793
-0.003053
-0.003053
-0.035900
0.161069
-0.068670
0.062563
0.193539
-0.035792
-0.003053
0.029685
0.225817
-0.035717
-0.068413
0.225518
0.192450
0.062030
-0.068136
-0.068179
-0.003053
-0.100821
-0.003053
-0.133559
-0.330065
-0.068584
0.193410
0.029653
0.062327
0.323211
0.322150
0.029409
-0.686984
0.875430
-0.003053
0.061713
-0.067820
-0.132713
-0.067946
0.029398
0.159047
0.029335
-0.165102
-0.067946
0.126690
-0.035474
0.094176
-0.100282
0.061776
-0.132755
0.094239
0.029356
0.094113
-0.003053
-0.035432
-0.100251
-0.132797
0.029398
-0.067967
0.159153
0.029356
-0.035463
-0.165259
-0.133008
-0.230881
0.224774
0.029451
-0.133135
-0.263725
0.094778
-0.003053
-0.100885
0.029568
-0.068306
0.062199
0.224997
0.062008
-0.133219
-0.100789
0.224848
-0.100662
-0.525248
-0.035781
-0.561072
-0.068908
-0.200877
0.425072
-0.003053
0.259500
-0.265607
0.128309
-0.134416
0.455964
0.388720
-0.068242
0.192386
0.321833
-0.165365
-0.100567
0.094460
0.029430
-0.035537
-0.003053
-0.068052
-0.100630
-0.035600
0.029493
0.127028
-0.035558
-0.165734
0.062051
0.062008
-0.003053
-0.003053
-0.100662
-0.068179
0.094619
-0.035600
-0.003053
-0.035611
-0.003053
-0.198621
0.029568
0.062157
-0.035653
0.127282
-0.003053
-0.100789
0.062114
-0.003053
0.029515
-0.133389
-0.003053
-0.133559
-0.003053
-0.003053
0.062221
-0.003053
0.094778
-0.003053
-0.035653
-0.003053
-0.003053
-0.100917
-0.035696
-0.068370
0.160159
0.127325
-0.068221
-0.035653
0.289963
0.126901
0.159153
-0.392791
0.029483
0.029472
-0.100662
-0.035611
0.029504
-0.165946
-0.133559
0.127452
-0.003053
0.257448
0.029462
0.159363
-0.100472
-0.133092
-0.068136
0.094555
-0.100662
-0.068179
0.322150
-0.328257
0.029515
0.257109
-0.003053
0.061882
0.579472
0.029210
0.190308
-0.131919
0.029179
-0.035286
-0.003053
-0.035296
-0.261368
0.061588
0.061546
0.093768
0.093674
0.029168
-0.003053
-0.067507
0.061400
0.061359
-0.196415
0.158107
0.093518
0.286103
-0.420993
0.350702
0.157332
0.028993
-0.099223
0.029013
-0.035120
-0.003053
-0.131423
0.093239
0.093147
-0.003053
-0.067177
-0.067218
0.061111
-0.099315
0.029044
-0.195794
-0.099563
0.221991
0.125316
-0.035130
0.029024
-0.099315
0.125275
0.285085
-0.003053
0.028911
-0.003053
-0.035018
0.188579
-0.003053
0.060742
-0.130686
0.092686
0.092595
-0.003053
-0.034926
-0.130645
0.028860
0.028850
0.028839
-0.098763
-0.066910
-0.098915
-0.067013
0.060906
0.092809
0.060804
-0.258726
-0.099100
0.124988
0.028931
-0.099038
0.060947
-0.035048
-0.035059
-0.131176
-0.067177
0.093116
-0.163387
0.093178
-0.067197
0.029024
-0.099315
0.125275
-0.067197
0.061090
-0.003053
-0.067197
-0.067238
-0.163696
-0.196166
-0.099750
-0.067570
-0.067611
-0.391278
0.029356
-0.327624
-0.068094
-0.068136
0.192069
0.061903
0.321096
-0.067799
-0.100251
-0.003053
0.061755
-0.262541
0.126775
-0.003053
0.191373
-0.003053
0.094018
0.029283
0.223008
0.029199
-0.132127
-0.003053
0.061504
-0.910677
-0.003053
0.192132
-0.003053
0.159311
-0.035505
-0.003053
0.029398
-0.165418
0.353800
-0.229995
0.223888
-0.003053
-0.229995
-0.100472
0.159258
-0.132881
0.547555
0.093799
0.190370
-0.099719
-0.099812
0.158159
-0.196539
0.061484
-0.035317
0.158159
0.254347
0.189563
-0.035130
0.381193
0.188517
0.124457
-0.066788
-0.034936
-0.003053
-0.098763
-0.290731
-0.035069
0.124947
0.028921
-0.067013
END
