y[]
0.004229
0.134395
0.069249
-0.190956
-0.158717
0.167175
-0.060917
-0.158823
-0.061066
0.232577
-0.060960
0.101997
0.004229
0.101901
0.231761
-0.093221
-0.093316
-0.028307
-0.028318
0.069312
-0.093411
-0.093507
0.069397
0.069355
0.069312
0.069270
-0.158452
0.004229
0.134395
-0.158505
0.231983
0.101679
-0.060727
0.004229
0.101648
0.069122
-0.093126
-0.974571
0.918074
0.036713
0.069164
0.198782
-0.060580
-0.060622
0.004229
0.069080
-0.093063
0.069101
0.004229
0.004229
-0.028202
0.004229
0.036660
-0.093094
0.069122
-0.060664
0.036681
0.004229
0.036670
-0.060664
-0.028233
-0.093221
0.036723
0.069185
0.134015
0.036649
0.004229
-0.060622
0.036660
-0.158030
0.069164
0.004229
-0.190703
0.069249
0.036723
0.004229
-0.909615
0.918074
0.069185
-0.320974
0.296960
0.036702
-0.093221
-0.158399
0.036776
-0.028318
0.004229
0.036776
0.134310
-0.028275
0.036734
0.004229
0.036723
-0.158346
0.004229
0.004229
0.004229
0.069291
0.004229
-0.060833
0.069291
-0.028296
0.004229
0.004229
0.004229
0.004229
-0.028307
0.036765
-0.288978
-0.159036
0.134863
0.069482
0.102029
-0.093570
0.004229
-0.126319
0.004229
0.004229
0.069525
0.004229
-0.453737
-0.127004
0.037054
0.168190
0.069738
0.135119
-0.126661
0.069696
-0.126747
0.102477
0.036957
0.004229
0.004229
-0.028499
0.004229
0.004229
0.004229
-0.028509
-0.028520
-0.061302
0.037000
-0.323963
-0.028649
0.069975
-0.028639
0.102800
-0.127220
0.102832
0.037075
0.037064
0.102671
0.102574
0.135205
0.069653
0.004229
0.069610
0.069567
0.036882
-0.421095
0.331562
0.004229
0.004229
-0.028456
0.036914
-0.257551
0.135205
0.200372
-0.061109
0.102220
0.004229
-0.159143
-0.061194
0.004229
0.135034
-0.159303
-0.225166
0.069824
0.102541
0.233249
-0.454337
-0.028606
-0.094342
0.102800
0.069889
0.037043
-0.094245
0.037064
0.135463
0.102541
-0.028531
0.036989
0.004229
-0.061302
0.167976
-0.061237
0.004229
0.069696
-0.093987
0.004229
0.004229
-0.094083
0.069781
0.135205
-0.093987
0.069717
-0.094019
-0.094115
0.069803
0.102509
-0.028520
0.036978
0.036968
-0.028509
-0.126832
0.069781
0.069738
0.135119
0.395875
0.166963
0.004229
-0.158505
0.134438
-0.125979
0.134438
-0.125979
-0.093538
-0.061002
-0.028403
0.069482
0.069439
-0.028371
0.232205
0.036755
-0.158505
0.004229
-0.028349
0.134480
-0.028318
0.069312
0.101774
0.069206
0.101616
0.198719
0.036607
-0.028149
-0.287647
0.360851
-0.028139
0.004229
0.036597
0.036586
-0.028128
-0.060517
0.004229
-0.028160
0.036618
0.068975
0.004229
0.036586
-0.028128
0.036586
0.004229
0.036576
-0.028118
0.004229
-0.028128
-0.028139
0.004229
-0.060538
-0.028170
-0.060601
0.036649
0.004229
-0.028191
0.036649
0.004229
0.036639
0.004229
-0.028181
0.069038
0.068996
-0.028149
0.036607
0.036597
-0.028139
0.068954
-0.028128
-0.028139
0.004229
0.004229
0.004229
-2.155541
0.004229
0.037303
-0.028845
0.004229
0.070367
0.103354
-0.061843
-0.061887
0.037292
-0.028834
-0.061930
0.202576
0.004229
-0.061843
-0.094961
0.037303
0.136417
0.070258
0.202053
0.201663
-0.127350
0.037140
-0.061604
-0.028704
0.037162
-0.028704
0.004229
0.004229
-0.028714
0.103027
0.070040
-0.028671
-0.028682
0.070040
0.004229
0.037118
0.004229
-0.028660
-0.028671
0.070019
-0.259189
0.004229
0.004229
-0.061734
0.070192
0.004229
0.070149
-0.028725
0.037184
-0.061690
0.004229
-0.028747
0.004229
-0.193856
0.037271
0.169273
-0.094764
0.037238
-0.028780
-0.094863
-0.028823
0.004229
-0.028834
0.037292
-0.161197
0.037336
0.169600
-0.028823
0.103354
-0.061843
-0.260496
0.202839
-0.128134
0.004229
0.037336
-0.095125
0.169765
0.004229
-0.028856
0.037314
-0.028856
0.004229
0.202576
0.103255
0.037216
0.037205
0.037194
0.103060
-0.061647
0.037173
0.070084
-0.028693
-0.028704
-0.094634
0.070149
-0.061690
0.037194
0.004229
0.070127
0.004229
-0.226604
-0.127915
0.004229
-0.028834
-0.028845
-0.061952
0.037325
-0.061974
-0.095158
-0.128441
-0.028966
0.037424
0.037413
-0.128573
-0.028999
0.103880
-0.095422
0.037457
0.037446
-0.028988
-0.128750
-0.162243
0.004229
0.070851
0.104079
-0.062327
0.004229
-0.095688
0.070851
0.004229
-0.062393
0.104146
-0.062371
-0.029088
-0.062438
0.004229
0.070896
0.004229
-0.029099
0.004229
0.037557
0.004229
0.004229
0.004229
0.037546
-0.062415
0.037557
0.070851
0.004229
0.369860
0.004229
END
