y[]
0.063387
-0.065272
0.031228
0.063366
0.159649
-0.033040
0.159443
-0.000942
0.063140
-0.032978
0.127140
-0.064963
-0.032968
-0.097081
0.031114
-0.065065
0.031124
-0.065086
-0.129353
0.063284
-0.065168
0.031176
0.063263
-0.097266
0.031176
0.031166
-0.000942
0.159443
-0.065065
-0.000942
0.031124
0.031114
-0.000942
-0.225553
-0.000942
-0.193868
-0.033133
0.095598
0.063366
0.063325
0.031176
-0.000942
0.031166
-0.065168
-0.033071
-0.033081
0.063325
0.095381
0.095289
0.031114
0.095165
-0.129106
-0.000942
0.031114
-0.065065
-0.065106
-0.000942
-0.033040
-0.000942
-0.033050
0.063263
-0.000942
0.031145
-0.000942
-0.000942
-0.097235
0.031166
-0.000942
0.031155
0.031145
-0.033029
-0.033040
-0.000942
0.031155
-0.065148
-0.000942
-0.033060
0.095381
-0.033040
0.031155
-0.000942
-0.000942
-0.000942
-0.000942
-0.000942
0.031145
-0.000942
-0.000942
0.031135
-0.065106
0.031145
0.031135
-0.000942
0.031124
-0.065086
-0.000942
0.031135
-0.033019
-0.033029
-0.065148
-0.033060
0.095381
-0.033040
-0.000942
-0.033050
-0.065189
-0.033081
-0.000942
-0.000942
-0.033091
0.191798
0.095289
-0.065086
0.031135
-0.033019
-0.097235
0.031166
-0.129436
-0.033091
-0.194055
0.063470
0.127758
-0.097452
0.031238
0.063387
0.031207
-0.033091
0.095474
-0.000942
-0.033071
-0.033081
-0.000942
0.031197
-0.000942
-0.065230
-0.097452
-0.000942
-0.033133
0.127758
-0.194055
0.063470
-0.033143
0.031259
-0.000942
-0.065354
-0.000942
-0.033164
-0.129933
0.031321
-0.065479
0.128090
0.063512
-0.129891
-0.000942
0.031311
-0.065458
0.095816
0.031290
-0.000942
-0.000942
-0.000942
-0.000942
0.031279
-0.033164
-0.033174
0.063512
0.127841
-0.033122
-0.065334
0.095629
0.191922
-0.000942
-0.000942
-0.033060
-0.000942
-0.000942
-0.033071
-0.033081
0.031197
-0.000942
0.127510
-0.065148
-0.129477
0.159700
0.127386
-0.000942
0.191242
0.190874
-0.032886
0.062935
0.030981
-0.192636
-0.000942
-0.000942
-0.032927
-0.032937
-0.193127
0.031114
-0.000942
0.063140
-0.065024
0.031104
0.063119
-0.000942
-0.032968
-0.129147
-0.033019
-0.065127
-0.065168
-0.193868
0.063408
0.031217
-0.000942
-0.000942
-0.000942
-0.000942
0.031207
-0.000942
0.095443
-0.000942
0.095351
-0.033029
-0.000942
-0.065148
-0.065189
0.031186
-0.033071
-0.033081
0.191736
-0.097235
-0.097328
-0.033091
0.063346
-0.065230
0.031207
-0.097421
0.031228
-0.000942
0.031217
-0.097452
-0.033133
-0.033143
-0.065375
-0.065417
0.063532
-0.033174
-0.065438
-0.065479
-0.000942
-0.194803
-0.000942
0.031394
-0.033279
-0.033289
-0.098045
-0.065730
-0.033352
0.096255
-0.130560
-0.130728
0.031520
-0.065877
0.161316
-0.000942
0.031478
0.128633
0.031425
-0.162886
0.096255
-0.000942
-0.033331
0.031446
-0.065730
0.257958
-0.033268
-0.065625
-0.000942
0.031405
-0.033289
0.225266
-0.130141
-0.065604
0.096035
-0.000942
0.128215
-0.097795
0.192669
0.031290
-0.065417
-0.065458
0.031321
0.031311
-0.033195
0.063553
-0.065438
-0.097763
-0.033237
-0.033247
-0.000942
0.031363
-0.000942
0.031352
0.031342
0.063595
-0.324044
0.128424
-0.000942
-0.033268
-0.000942
0.063699
0.063657
-0.065542
-0.033258
0.063678
-0.000942
-0.033247
-0.097920
-0.000942
0.031394
0.096004
0.063636
-0.065521
0.063636
0.224755
0.095629
-0.129725
-0.033164
0.031279
0.127841
0.031228
-0.065292
-0.065334
-0.065375
-0.129933
0.063574
-0.033195
0.160218
0.031259
-0.033143
-0.000942
0.224247
0.159597
-0.065127
-0.097297
0.127510
-0.033040
0.191489
-0.161276
0.063222
-0.065106
0.063222
0.159289
-0.065004
0.095135
-0.097019
-0.000942
-0.032988
0.031104
-0.032988
0.063140
-0.032978
-0.000942
-0.065045
-0.000942
-0.033009
-0.000942
-0.033019
-0.000942
-0.000942
-0.033029
0.031145
0.031135
0.031124
-0.033009
-0.033019
0.031135
0.031124
-0.033009
-0.033019
0.063201
0.031114
-0.032999
-0.000942
-0.033009
0.063181
-0.000942
-0.000942
-0.000942
-0.000942
0.063140
-0.032978
-0.000942
-0.032988
-0.000942
-0.032999
0.095196
0.031083
-0.032968
-0.065024
0.382935
-0.064820
-0.000942
0.031002
-0.064840
0.062956
-0.000942
-0.000942
0.126731
-0.064758
0.062874
-0.128615
0.030991
-0.192697
0.158879
-0.064840
-0.192881
0.222950
-0.449230
-0.000942
0.063222
-0.579908
0.545947
-0.000942
0.031135
0.031124
0.031114
0.095165
-0.032968
-0.000942
-0.000942
-0.032978
-0.065045
-0.000942
-0.033009
0.063181
-0.097142
0.191366
-0.032968
-0.065024
-0.032999
0.031114
-0.000942
0.031104
END
