y[]
0.123797
-0.002267
-0.033768
-0.002267
-0.096829
-0.033807
0.029274
-0.065358
-0.033827
-0.033837
-0.065438
0.060905
0.092415
0.186829
-0.128291
-0.033797
0.029264
-0.002267
-0.065338
0.092326
0.249543
0.029165
-0.033698
0.060587
-0.033688
-0.065140
-0.002267
-0.033718
-0.002267
-0.096680
0.060686
-0.096710
-0.065279
-0.002267
-0.128410
-0.002267
0.029284
0.060805
-0.033797
0.060785
0.123718
-0.065239
-0.033768
-0.033778
-0.002267
-0.033787
-0.002267
0.029254
-0.096859
0.029274
-0.002267
-0.033807
-0.033817
0.060825
-0.033807
0.029274
-0.002267
0.029264
0.029254
0.029244
-0.002267
-0.002267
-0.002267
0.092207
0.029205
-0.002267
-0.065219
-0.033758
0.092177
-0.065219
-0.002267
-0.002267
-0.128291
0.060765
-0.002267
0.060726
-0.033758
0.123638
0.186294
-0.096502
-0.065140
-0.002267
0.060607
-0.128053
0.060646
0.029175
-0.096621
-0.033738
0.029205
0.123520
0.060567
-0.002267
0.029136
-0.065081
0.029145
-0.033679
0.123322
-0.002267
-0.002267
-0.002267
-0.033649
-0.159326
-0.002267
0.029165
-0.002267
-0.033698
0.029165
-0.033698
-0.002267
-0.002267
-0.002267
-0.002267
-0.033708
-0.002267
-0.002267
-0.033718
0.029185
-0.002267
-0.002267
-0.033718
0.029185
0.029175
-0.002267
-0.002267
-0.002267
-0.002267
-0.033708
0.029175
-0.033708
-0.033718
0.060627
-0.033708
-0.033718
0.029185
0.060607
-0.033698
-0.033708
0.060607
-0.002267
-0.033698
-0.002267
-0.033708
0.029175
-0.033708
0.029175
-0.096621
0.029195
-0.033728
0.029195
0.029185
-0.002267
-0.033718
-0.033728
-0.002267
0.060646
-0.002267
-0.033718
-0.033728
-0.033738
0.029205
0.060646
-0.033718
0.154892
-0.096532
-0.002267
0.060587
-0.128013
-0.096680
0.060686
-0.096710
-0.002267
-0.002267
-0.128330
-0.033807
0.029274
0.060785
-0.065318
0.029264
0.060765
-0.002267
-0.065298
-0.065338
-0.223331
0.029344
-0.287122
0.156087
-0.065578
0.155936
-0.002267
0.029344
0.060925
-0.033857
-0.065478
-0.002267
0.060945
0.029324
0.060885
-0.191840
-0.065538
-0.097248
0.029404
0.124316
0.060965
0.060925
0.029314
0.029304
0.029294
0.186889
-0.002267
0.060706
0.060666
-0.033728
-0.096710
-0.033768
0.813552
-0.755093
-0.033758
-0.002267
0.186531
-0.096621
0.092088
-0.033708
-0.002267
0.060607
-0.033698
-0.033708
-0.033718
-0.191183
0.029244
0.060726
-0.002267
0.060686
-0.285865
-0.128569
0.187127
-0.096919
-0.065418
-0.128689
-0.097188
0.029384
0.313689
-0.476576
0.061105
-0.097339
0.092806
-0.033947
0.029414
0.124356
-0.002267
-0.065558
-0.033927
-0.065618
-0.065658
-0.002267
-0.097429
-0.256477
0.093138
0.124798
-0.065779
0.061246
0.124637
-0.033977
0.061145
0.061105
-0.065638
-0.033967
-0.002267
0.029434
-0.002267
0.124436
-0.065598
-0.002267
0.029404
-0.002267
-0.065618
0.061085
-0.033937
0.029404
0.061045
0.029374
0.124196
-0.033867
-0.002267
-0.002267
-0.002267
-0.002267
-0.033877
0.060945
-0.065478
-0.097158
0.061005
-0.002267
0.029354
-0.033887
-0.033897
0.060985
-0.065518
0.060985
0.029344
-0.033877
-0.033887
-0.033897
0.029364
-0.033897
0.060985
-0.002267
0.218798
-0.065378
-0.033837
-0.033847
0.187068
0.029254
0.060745
-0.096799
0.029254
-0.002267
-0.033787
0.060765
-0.033778
-0.002267
-0.002267
0.060745
-0.033768
0.218033
0.217548
-0.033639
0.060469
0.123086
-0.033590
-0.002267
0.154252
0.060273
-0.096090
-0.002267
-0.064864
-0.002267
-0.033580
-0.033590
-0.064943
0.029076
-0.002267
-0.002267
0.029067
-0.002267
0.029057
-0.002267
0.154204
-0.096119
-0.002267
0.060312
0.029008
-0.033541
0.029008
0.028998
-0.002267
-0.064806
0.029008
-0.064825
0.029018
-0.002267
-0.002267
-0.033551
-0.002267
0.091557
-0.033531
0.028998
-0.002267
-0.002267
-0.033531
0.060253
0.091440
-0.033492
-0.002267
0.028959
0.028949
-0.033482
-0.002267
-0.064728
-0.002267
0.028969
-0.096002
-0.033531
-0.033541
-0.002267
0.122773
-0.064767
-0.033531
-0.096119
-0.033570
0.060331
-0.096178
0.029047
-0.096237
-0.002267
0.091704
-0.002267
0.060331
0.060292
0.028998
0.060233
0.028969
-0.033502
-0.002267
-0.064767
0.028988
-0.002267
-0.002267
0.060214
0.028959
0.028949
-0.033482
-0.002267
-0.033492
-0.002267
-0.002267
0.028959
0.060155
-0.002267
0.028930
-0.033463
-0.033473
0.028940
-0.033473
0.028940
-0.002267
0.028930
-0.002267
-0.002267
-0.002267
-0.002267
-0.033463
-0.002267
-0.002267
0.028930
-0.033463
-0.033473
-0.033482
-0.033492
-0.002267
-0.002267
-0.002267
-0.033502
0.060194
END
