y[]
-0.062147
0.002725
0.035166
0.067575
-0.029696
0.035145
0.002725
-0.029696
-0.029706
0.035155
0.035145
0.002725
0.002725
0.035134
0.035124
0.035113
0.002725
-0.126893
0.035145
0.002725
0.002725
0.035134
0.099891
0.067450
-0.029633
0.002725
0.035082
-0.029633
0.035082
0.035071
0.164302
-0.126516
0.002725
0.002725
-0.029612
0.293376
0.002725
-0.126349
0.196273
0.034946
0.131508
0.002725
-0.029456
-0.126100
0.034946
-0.061729
0.034957
0.034946
-0.029497
-0.094003
0.131674
0.034936
0.034926
-0.029476
-0.061708
-0.029507
0.002725
0.002725
0.002725
0.002725
0.034957
0.002725
0.002725
-0.094003
0.067220
-0.029518
0.067199
0.034946
-0.061729
0.067178
-0.061729
0.034957
-0.029507
0.002725
-0.029518
0.034967
0.034957
0.099359
0.034915
-0.061667
0.067116
0.034905
-0.029456
0.034905
0.034894
0.067033
-0.029425
0.002725
-0.029435
0.067033
-0.061584
-0.158228
-0.093972
0.099421
-0.029497
-0.126266
0.002725
0.034988
-0.029539
-0.126433
-0.029591
0.035040
-0.029591
0.002725
-0.159009
-0.062042
-0.094504
0.099954
0.067491
0.067450
-0.126767
0.002725
0.164563
0.067387
-0.029601
0.067366
0.099608
-0.029560
0.035009
-0.094159
0.002725
0.067324
0.002725
0.002725
0.002725
-0.061875
-0.029591
0.002725
0.002725
-0.029601
0.002725
-0.061958
0.035071
0.067387
-0.029601
-0.061958
0.035071
-0.029622
-0.029633
0.035082
-0.029633
0.035082
-0.029633
-0.029643
0.002725
0.035092
0.035082
0.035071
0.002725
-0.061979
0.067429
0.002725
-0.029622
0.002725
0.067408
-0.029612
0.002725
-0.061979
0.002725
0.035082
0.002725
0.035071
-0.029622
0.002725
0.035071
0.002725
-0.029622
0.035071
0.002725
0.099702
-0.029591
-0.029601
0.035050
-0.159009
0.002725
0.002725
-0.029654
0.002725
0.067470
-0.094410
0.002725
-0.029675
0.035124
-0.029675
0.132258
0.035082
-0.191576
-0.224438
0.002725
-0.159851
-0.094948
-0.095043
-0.029886
0.067935
-0.095107
0.100556
-0.160381
0.165830
0.067892
-0.062443
0.165565
-0.127526
0.002725
-0.095075
-0.029897
0.165724
-0.029854
0.067871
0.035282
0.067808
0.165247
0.002725
0.002725
-0.029759
0.067681
-0.224807
-0.029822
-0.029833
-0.095011
-0.062486
-0.062528
-0.062571
-0.062614
0.068063
0.002725
-0.095299
-0.193611
0.068212
0.035452
0.035442
0.133486
-0.095331
-0.029982
-0.062720
-0.030014
0.068191
0.002725
-0.292213
0.002725
0.068341
0.035517
0.002725
-0.161344
0.002725
0.035560
0.101166
-0.062892
0.101134
0.035506
0.002725
-0.095652
-0.062914
-0.161560
0.068471
0.068428
0.002725
0.068384
0.002725
0.002725
0.068341
0.166578
0.035463
-0.095523
-0.095620
-0.128552
0.035560
-0.194449
0.331132
-0.227047
-0.227577
0.068579
0.035636
0.002725
0.101393
-0.030154
0.134174
0.002725
0.035560
0.002725
0.035549
0.035538
0.002725
-0.030089
0.068341
0.068298
-0.062849
-0.095717
0.002725
0.068363
0.068320
0.002725
0.002725
-0.030068
0.002725
0.035517
0.068277
0.002725
-0.030046
-0.030057
0.002725
-0.062871
0.002725
0.068320
-0.062871
0.035528
0.035517
0.035506
-0.030057
-0.095684
-0.062935
-0.030122
0.035571
0.035560
0.035549
-0.030100
0.068363
0.035528
0.133829
-0.030035
0.068234
-0.030025
-0.030035
-0.095620
0.330164
0.002725
0.002725
-0.029971
0.035420
-0.062678
-0.062720
-0.030014
0.035463
0.100876
0.002725
0.002725
-0.193675
0.068234
-0.062785
0.199124
0.198739
0.035356
0.002725
-0.193226
0.002725
0.133401
0.002725
0.263566
-0.095011
0.002725
0.035314
0.067871
-0.095011
0.002725
0.002725
-0.160381
-0.062592
0.035388
0.035378
0.035367
0.035356
0.035346
0.067935
0.002725
0.100460
-0.127611
0.002725
-0.062507
-0.062550
0.002725
-0.029928
-0.160701
-0.128208
0.068212
0.035452
-0.095491
0.100940
0.035442
0.035431
-0.029982
-0.062720
-0.095523
-0.161237
-0.030100
-0.030111
-0.030122
0.068406
-0.260260
-0.293963
-0.129419
0.167877
-0.129376
0.068797
-0.162537
0.002725
0.068862
0.035777
0.167823
-0.063282
0.068731
-0.063282
0.167659
0.002725
-0.129202
0.101686
0.200353
0.035625
0.265537
-0.062914
0.133958
0.068277
-0.030046
0.068255
0.002725
0.199060
0.035410
-0.062656
-0.095427
0.100876
0.068105
-0.095363
-0.193739
-0.194126
0.101198
0.002725
0.101101
-0.095652
-0.095749
0.134001
0.002725
0.035517
-0.062871
0.101101
-0.030057
0.068277
0.068234
0.035463
-0.030014
-0.030025
0.002725
-0.062806
0.002725
-0.062849
-0.062892
END
