y[]
0.032945
-0.158758
0.128848
0.096782
-0.030902
0.064828
0.064787
-0.030871
-0.030881
-0.062805
0.064828
-0.062805
-0.062845
-0.030932
0.064889
0.001012
-0.030922
0.032945
0.001012
0.001012
-0.062866
0.001012
0.001012
-0.030942
0.032966
-0.030942
0.032966
0.064889
-0.094820
0.032966
-0.030942
0.064909
0.064869
-0.030912
-0.062866
0.064889
0.032935
-0.030912
0.032935
0.001012
0.064828
0.001012
0.001012
0.001012
-0.062805
0.001012
-0.030912
0.032935
0.064828
0.064787
-0.062764
-0.030891
-0.062825
0.032935
-0.030912
-0.062866
0.032955
0.001012
0.001012
-0.062886
0.001012
0.064909
-0.094850
0.001012
0.001012
0.096874
0.001012
-0.158809
0.064971
0.064930
0.032955
-0.030932
0.001012
0.001012
0.001012
0.001012
-0.158861
-0.705478
-0.127979
0.033275
-0.128104
0.097864
-0.063546
-0.063588
-0.128313
0.065695
0.001012
0.065653
0.033317
0.033306
0.033296
-0.095872
0.001012
0.065611
0.001012
-0.031283
0.033306
-0.031283
0.033306
0.001012
0.001012
-0.063588
0.033317
0.001012
0.001012
-0.031293
-0.095966
0.065674
0.097926
-0.128229
0.065653
0.033317
0.033306
-0.031283
0.065590
0.033285
-0.031262
-0.031272
0.033296
-0.031272
0.001012
-0.063588
0.162432
0.033264
-0.031241
-0.063525
-0.063567
0.001012
0.065590
-0.063567
0.097864
-0.063546
-0.031283
0.130127
-0.063525
0.258910
0.129712
-0.031148
0.193814
0.225479
-0.063070
0.033058
0.001012
0.193073
0.064950
0.096843
-0.030922
-0.126825
0.001012
0.224618
-0.030902
0.001012
0.064828
-0.030891
-0.030902
-0.030912
-0.030922
0.064869
0.032925
-0.062825
0.032935
-0.030912
0.001012
0.001012
0.001012
0.032935
0.064828
-0.030891
-0.062825
0.032935
-0.062845
0.032945
0.032935
0.001012
0.001012
-0.030912
0.032935
0.001012
-0.030912
0.064848
-0.030902
0.032925
0.001012
0.001012
0.001012
0.001012
0.032915
0.128522
-0.062723
0.001012
-0.030871
0.032894
-0.030871
0.032894
-0.030871
0.032894
0.032884
-0.030861
0.064746
-0.062723
0.032884
0.223835
-0.062602
0.032823
0.001012
-0.030800
0.001012
0.001012
0.001012
-0.030810
0.001012
0.032833
-0.094484
-0.062703
0.128400
0.001012
0.096447
-0.126255
-0.062683
-0.126499
0.032904
0.032894
-0.062764
0.096660
0.001012
-0.318172
-0.094942
-0.095034
0.065053
0.065012
-0.030983
-0.030994
-0.031004
0.065032
0.160884
0.001012
-0.030942
0.192583
-0.030891
-0.062825
0.032935
0.001012
-0.030912
-0.030922
-0.030932
0.001012
0.001012
0.001012
0.096812
-0.030912
-0.030922
0.032945
0.001012
-0.062866
0.032955
-0.158809
0.001012
-0.030983
0.001012
0.096966
-0.030963
-0.062968
-0.030994
0.033017
0.033006
0.001012
0.001012
-0.062988
-0.319604
0.097304
-0.127399
-0.063256
-0.095467
-0.063359
0.065382
0.033181
0.065320
0.065279
0.001012
-0.031117
-0.063276
0.033161
-0.095467
0.001012
0.065341
-0.159889
0.033213
0.065382
0.001012
0.065341
0.129546
0.065217
0.065176
-0.127358
0.001012
0.001012
-0.127523
0.001012
0.001012
0.097428
0.001012
-0.031117
0.001012
0.033140
0.033130
0.001012
0.033119
0.001012
-0.031096
0.033119
-0.063214
-0.031117
0.001012
0.033140
0.001012
0.033130
-0.031107
0.033130
0.001012
-0.031107
-0.031117
0.001012
-0.031127
-0.063297
0.001012
-0.063338
-0.031179
-0.031189
0.033213
-0.063401
0.033223
0.033213
0.033202
-0.063380
-0.031200
0.065424
0.033202
0.001012
0.001012
0.001012
-0.063380
0.001012
0.097583
0.033181
-0.031158
-0.031169
0.033192
-0.063359
-0.031189
-0.031200
0.001012
-0.160201
0.097770
0.033244
0.065445
0.001012
0.033213
-0.031189
0.033213
-0.095622
-0.031220
-0.031231
-0.192662
0.097895
-0.095872
0.097895
0.065549
0.033264
0.065486
0.129836
0.001012
0.097521
0.001012
-0.095498
0.033192
0.033181
-0.063338
-0.063380
0.129753
-0.031158
0.097490
-0.031138
0.033161
0.033150
-0.031127
0.065279
0.001012
0.001012
-0.031117
-0.031127
0.001012
0.001012
0.001012
-0.031138
0.001012
0.033161
-0.095467
-0.031169
0.097521
-0.063318
0.001012
0.065341
-0.063318
0.033181
0.001012
0.097459
0.193628
0.097181
0.320910
-0.030932
0.096812
-0.094789
-0.062907
-0.030963
0.096904
-0.062907
0.096874
0.032945
-0.062866
0.001012
-0.062907
0.001012
-0.062947
-0.030983
-0.095034
0.065053
-0.031004
-0.063050
-0.127235
-0.095281
0.161448
0.193196
-0.030994
0.192889
0.128726
-0.094759
-0.190804
-0.127070
-0.191419
-0.095343
-0.031127
0.033150
0.161551
END
