y[]
0.136038
0.102272
0.035034
0.035023
-0.032125
0.135677
0.034978
-0.032080
0.269366
-0.132420
0.101867
0.034899
0.001449
-0.032002
0.001449
-0.132465
-0.032058
0.135407
-0.166027
0.402921
0.068204
0.034810
0.334449
0.067916
-0.331330
0.367445
0.233660
-0.131177
0.001449
0.067784
-0.098070
0.167259
0.001449
0.067696
-0.131089
-0.064886
-0.064930
-0.064974
0.034666
-0.031768
0.067872
0.067828
-0.064930
-0.064974
0.001449
0.001449
0.001449
0.001449
0.067872
0.067828
0.034622
0.100902
0.001449
0.067696
-0.031669
-0.031680
-0.031691
0.100836
0.001449
0.001449
0.034556
0.001449
-0.131045
0.034589
-0.064842
-0.098070
0.034633
-0.098136
0.034655
0.034644
-0.098169
0.001449
0.001449
-0.031779
0.001449
-0.264774
0.101365
-0.031846
-0.031857
0.068049
0.101266
0.101166
0.034666
-0.064996
0.101100
0.001449
0.365989
0.034523
-0.097807
-0.363334
0.001449
0.134251
-0.231071
0.001449
0.067938
0.067894
-0.098236
-0.031801
-0.031813
-0.365157
-0.031946
0.034843
0.134916
-0.065262
-0.165524
0.101666
0.001449
0.034832
0.068182
-0.031912
-0.098702
-0.132241
0.135139
-0.132241
0.034888
0.068294
0.235055
-0.299002
0.068294
0.034854
-0.031957
-0.031968
0.101666
0.034832
0.001449
0.301399
0.001449
0.167700
-0.098269
0.001449
0.067938
-0.065041
-0.098368
0.034732
0.134472
0.034677
-0.031779
0.034677
0.167424
0.001449
0.001449
0.001449
-0.230994
-0.031801
-0.031813
0.034710
0.034699
-0.098335
-0.098435
0.034754
0.034743
-0.031846
-0.098501
-0.065240
-0.031912
0.101499
0.068093
-0.298802
0.068249
0.001449
-0.534207
0.068563
-0.200029
-0.267821
0.304326
0.001449
-0.032159
0.202926
0.135542
0.068428
-0.199624
-0.065665
-0.301123
-0.200776
0.068902
0.035158
0.035147
-0.200912
0.035204
-0.268913
0.069108
-0.167785
-0.066325
0.103092
0.035307
0.001449
0.136767
0.069039
-0.032341
0.069016
0.001449
0.068971
-0.133641
-0.099988
0.069085
-0.066187
-0.032386
-0.100126
0.103023
-0.100126
-0.066325
0.035341
0.001449
-0.066348
0.001449
0.103126
0.001449
-0.032432
-0.032444
-0.032455
-0.134283
0.001449
-0.134467
-0.100609
0.001449
-0.032594
0.171546
-0.032548
0.069430
-0.066532
0.001449
-0.032559
-0.100644
0.035491
-0.066648
0.273558
-0.202564
0.103507
0.137364
-0.066486
0.001449
0.137272
-0.168359
-0.032548
0.205253
0.170969
-0.066325
-0.066371
0.103161
-0.066348
-0.134283
0.069337
0.103195
-0.066371
0.238616
0.170510
-0.066142
-0.100023
0.069108
-0.032375
-0.066233
0.136767
0.136584
0.001449
0.035204
-0.201254
0.069062
0.170282
-0.099817
-0.066119
-0.032352
0.001449
-0.133869
-0.032409
-0.032421
0.035318
0.035307
0.102954
-0.100057
-0.032409
0.035307
-0.134053
0.035341
-0.032444
-0.066371
0.035364
0.001449
0.069245
-0.032444
-0.032455
0.035353
-0.134237
0.137134
0.069222
-0.134145
0.035364
0.001449
0.035353
0.136950
-0.134053
0.136950
0.035295
0.102920
0.102817
-0.099920
0.069039
0.035227
0.068971
0.102646
0.136220
-0.099612
0.035147
-0.133413
0.169998
-0.032238
0.136129
-0.234361
-0.201117
0.170282
0.270991
0.135948
-0.133050
-0.200640
0.035158
-0.099715
0.068902
0.136220
-0.065914
-0.099681
-0.133550
0.035215
0.102680
0.102578
0.001449
-0.133413
0.035181
-0.066028
0.035193
-0.066050
0.170111
0.001449
0.169827
0.001449
-0.099544
0.001449
0.001449
0.035124
0.035113
-0.099578
0.102476
-0.032216
-0.065914
0.068811
0.001449
-0.065914
0.035136
0.035124
-0.032227
0.068789
-0.065891
-0.032238
-0.032250
-0.099715
0.035181
0.001449
0.068880
-0.099715
0.035181
-0.032284
0.001449
0.068902
-0.066005
0.001449
0.035181
-0.032284
0.068902
-0.066005
0.068902
-0.167271
0.001449
0.035215
0.102680
0.068880
0.035147
0.035136
-0.538911
-0.032421
-0.134145
0.137042
-0.032432
0.001449
0.001449
0.035330
0.103023
0.035284
0.035273
-0.201666
0.035330
0.272085
-0.032341
0.170282
0.068902
-0.167271
0.203878
0.068834
0.001449
-0.065937
0.001449
0.068834
0.169714
0.068676
-0.032159
-0.032170
0.035068
-0.065801
0.001449
-0.065846
-0.065891
0.035124
0.035113
0.035102
0.035090
-0.099510
0.068766
-0.065869
-0.065914
-0.032250
-0.032261
-0.032272
0.001449
0.035170
-0.133504
0.035204
0.035193
0.102612
0.068834
0.001449
-0.133368
-0.066028
0.237417
0.001449
-0.099612
0.102510
-0.099612
-0.032261
-0.032272
-0.032284
-0.032295
-0.066073
0.102715
-0.133595
-0.133778
-0.167842
END
