y[]
0.032862
-0.038810
-0.002974
-0.038823
0.032875
0.032862
-0.038810
-0.002974
-0.038823
-0.002974
-0.002974
-0.002974
0.032875
-0.002974
-0.038823
0.032875
0.068685
-0.074633
-0.002974
-0.074684
0.032888
0.068711
-0.002974
0.032849
0.032836
0.032823
-0.038771
-0.002974
0.068608
-0.002974
-0.002974
-0.038759
0.068582
-0.074530
0.068582
-0.110328
-0.289815
0.068814
-0.074761
0.032926
-0.002974
-0.038874
-0.002974
-0.002974
-0.038887
0.068839
-0.110713
0.176527
0.140395
-0.038797
-0.038810
-0.110559
-0.002974
-0.110675
-0.002974
-0.182733
-0.002974
-0.074968
0.033030
-0.002974
0.033017
-0.074968
-0.075020
0.177044
-0.002974
0.032991
-0.038939
-0.038952
-0.002974
-0.002974
-0.038965
0.033017
-0.074968
-0.002974
-0.038990
-0.002974
-0.039003
0.033056
0.069046
-0.002974
0.033017
-0.038965
-0.038978
0.069020
0.033004
-0.038952
0.104920
-0.038926
-0.038939
0.032991
-0.038939
0.032991
-0.074916
0.033004
-0.110946
-0.002974
-0.038990
0.069046
-0.002974
0.033017
0.033004
-0.002974
-0.146962
0.248870
-0.110829
0.104882
-0.074865
0.104843
0.068839
-0.110713
-0.002974
0.032952
-0.146755
-0.038952
0.140859
0.032952
-0.074839
0.032965
0.032952
-0.074839
-0.002974
-0.074891
-0.146962
-0.039003
0.033056
-0.075046
-0.002974
-0.039029
0.069124
-0.002974
0.033056
0.033043
-0.038990
-0.002974
0.033043
-0.002974
0.033030
-0.002974
0.033017
-0.038965
-0.002974
-0.002974
0.068994
-0.038952
-0.002974
-0.002974
-0.002974
0.033004
-0.038952
-0.038965
-0.074994
-0.147170
0.213242
-0.038978
0.033030
0.176850
0.248237
-0.038823
0.211926
-0.110366
-0.074633
-0.038823
-0.002974
-0.002974
-0.038835
-0.038848
-0.002974
-0.110675
-0.074839
-0.110868
-0.002974
-0.074968
-0.219268
0.033108
0.069150
-0.111180
0.069176
0.177174
-0.074994
-0.075046
0.069098
0.033043
-0.038990
0.320709
0.104688
0.140395
-0.110482
0.319203
0.032760
0.246803
-0.074275
-0.074326
-0.002974
-0.432159
0.675721
-0.002974
0.068200
-0.181005
-0.002974
-0.038618
-0.002974
0.068302
-0.038605
0.032658
-0.038605
-0.038618
-0.002974
0.032670
-0.038618
0.139527
-0.038580
0.032632
-0.002974
-0.074199
-0.002974
0.032645
-0.002974
-0.109869
0.103921
-0.074224
-0.038618
0.032670
0.068277
-0.074224
0.068277
-0.002974
-0.002974
0.032632
-0.002974
0.032620
-0.038567
-0.002974
-0.074199
-0.002974
-0.002974
-0.181259
0.104035
-0.002974
0.139527
-0.074199
0.032645
-0.074224
0.068277
0.139375
0.103655
-0.038504
-0.002974
-0.002974
-0.038517
-0.002974
-0.002974
-0.074098
-0.002974
0.103693
0.174551
-0.002974
-0.073946
-0.038479
0.068024
-0.073971
0.103503
0.032493
-0.109414
0.032519
0.032506
0.067948
-0.073896
-0.073946
-0.145070
0.032569
-0.002974
-0.074072
-0.109717
-0.038580
0.139375
-0.002974
-0.002974
0.068125
0.068074
-0.002974
-0.074022
-0.038517
-0.002974
-0.002974
-0.038529
0.032582
0.103617
-0.074022
-0.109641
-0.002974
0.068150
0.068099
0.032544
-0.074022
0.032556
-0.002974
0.032544
-0.002974
-0.002974
0.032531
-0.002974
-0.038479
-0.002974
-0.038492
0.032544
0.032531
0.032519
-0.073971
-0.002974
-0.002974
-0.038492
-0.038504
0.032556
0.032544
-0.002974
0.103503
0.032493
0.032481
-0.038429
-0.038441
-0.038454
0.032506
-0.216042
0.032569
-0.038517
0.032569
-0.038517
0.068099
-0.002974
0.032544
-0.038492
-0.145171
0.032594
-0.109717
-0.216802
-0.360372
0.104380
0.175693
-0.110136
0.068480
0.104112
-0.110059
0.032734
0.068404
0.068353
-0.145678
0.211006
0.139426
-0.074148
-0.002974
0.032620
-0.074174
-0.038593
-0.109907
0.103959
-0.074250
-0.181386
0.104112
0.068353
-0.002974
-0.002974
0.068302
-0.145576
0.068353
0.103921
-0.002974
-0.038593
-0.074250
-0.002974
-0.002974
-0.002974
0.032670
-0.038618
0.175121
-0.145424
0.103883
-0.038580
0.032632
-0.002974
-0.002974
-0.038580
0.317026
-0.038479
0.068024
-0.073971
0.032531
-0.002974
-0.002974
-0.073997
0.068049
0.067998
-0.038454
-0.002974
-0.038466
0.032519
0.032506
-0.002974
-0.002974
-0.002974
0.067948
0.315554
-0.002974
-0.038316
-0.002974
-0.144467
-0.073795
-0.002974
-0.038404
-0.180310
0.245209
-0.002974
-0.109263
-0.002974
0.067898
-0.002974
0.032443
0.032431
0.138519
-0.109075
-0.073770
-0.002974
0.032431
-0.002974
0.103164
-0.073720
-0.002974
0.032406
-0.038353
0.032406
-0.002974
-0.038353
0.032406
-0.002974
-0.002974
-0.002974
0.032393
0.032381
-0.073695
0.032393
-0.038341
0.032393
-0.002974
-0.038341
END
