y[]
-0.117461
0.089042
0.030018
-0.087950
-0.028979
-0.028987
0.030053
0.206931
-0.117357
-0.117496
0.089068
0.059513
-0.058447
0.088989
-0.087923
-0.058481
-0.058516
0.030062
0.000533
-0.088080
-0.117740
-0.177140
-0.177456
0.178522
0.089409
-0.147637
-0.088475
-0.029154
0.030220
0.119192
0.000533
0.119052
-0.029083
-0.058726
0.000533
-0.207151
0.030229
0.089567
-0.147901
-0.029180
-0.058920
0.000533
0.000533
-0.207831
-0.088899
0.238841
0.060021
0.208464
-0.058832
-0.088580
0.149011
0.089514
-0.118126
-0.029154
-0.148033
0.119404
-0.148077
0.119439
-0.207645
0.327476
0.119157
-0.147769
-0.058849
-0.177826
-0.088766
-0.178305
0.030362
0.000533
0.119758
0.179104
-0.029207
-0.058973
0.060039
-0.029216
0.089752
0.267714
-0.029119
0.000533
0.059827
0.030167
-0.147725
0.030202
-0.029136
0.000533
0.030202
0.089488
0.089409
0.030141
0.000533
-0.029075
0.059740
0.089277
-0.058621
0.059687
0.177786
-0.058516
-0.029005
-0.088133
0.030097
-0.117775
0.000533
-0.029066
0.059722
0.000533
0.059687
0.118736
0.030062
-0.117635
0.030088
-0.029022
0.000533
0.030088
-0.117740
0.030114
0.089225
-0.117740
-0.147505
-0.029101
0.089409
0.000533
0.118911
-0.147462
0.000533
-0.058726
0.679904
-0.028909
0.029975
-0.087819
-0.028935
-0.028944
0.177264
-0.058342
0.000533
0.000533
-0.028918
-0.087871
-0.117461
-0.117600
-0.147330
0.118841
-0.029031
-0.117810
-0.088316
0.118981
-0.236504
-0.088501
-0.177773
-0.207893
-0.208329
0.298774
-0.059044
-0.029269
0.179211
-0.058991
0.178998
-0.148166
-0.118586
-0.088899
-0.059133
-0.328267
-0.059365
0.030487
0.209957
-0.119084
0.090259
0.030424
-0.089166
0.060342
0.209582
0.000533
0.060181
0.030344
0.179211
-0.088766
0.000533
-0.059044
0.000533
-0.208266
-0.118977
0.120043
-0.059204
-0.029349
0.030415
0.149809
0.030362
0.060163
-0.059097
0.089965
0.000533
-0.088899
0.000533
0.119758
0.000533
-0.059062
-0.088926
0.060181
0.089938
-0.059062
-0.059097
0.089965
0.089885
0.000533
-0.029242
0.119581
-0.029216
-0.148343
0.000533
0.238628
0.059968
0.059933
-0.029163
0.000533
-0.148077
-0.088739
-0.059026
-0.088872
0.060146
-0.148565
-0.089033
-0.089113
0.060306
0.119972
-0.268405
0.150032
0.030406
0.179584
0.268510
-0.148254
0.208773
-0.118408
0.089752
0.030255
-0.029189
0.089673
0.089593
0.000533
0.000533
-0.088527
-0.029171
0.089620
-0.088554
-0.118373
0.030273
-0.148254
0.000533
0.030308
-0.148432
0.060146
0.089885
-0.029242
0.000533
-0.029251
0.000533
-0.238059
-0.029331
-0.059222
0.030415
-0.148966
-0.059329
0.120222
-0.059293
0.150032
-0.119048
-0.029385
-0.149190
-0.179431
0.060557
-0.149595
-0.029520
-0.059599
-0.330842
0.121160
0.030667
-0.089897
-0.180572
0.151476
0.000533
0.241570
0.060701
0.120761
-0.089625
-0.029538
0.060665
0.090664
0.090583
0.330023
-0.059293
-0.149190
0.060449
0.030478
0.000533
-0.059365
-0.059401
-0.059437
0.030523
-0.149505
0.000533
0.000533
0.030559
-0.089571
0.090637
0.000533
0.060557
0.150436
0.150211
-0.089247
0.060395
0.150032
-0.148966
0.269471
0.000533
0.298507
-0.088766
-0.029251
0.119616
-0.118550
-0.059062
0.089912
-0.148476
0.000533
0.000533
0.030353
0.149498
0.089805
0.060004
0.089673
0.148923
0.000533
-0.147857
0.030229
-0.029163
0.178575
-0.147813
0.000533
-0.118302
-0.058938
-0.118515
0.060075
-0.387122
-0.089140
0.030433
0.000533
0.030424
0.209520
0.060163
-0.118763
0.030370
0.000533
-0.089006
0.149720
-0.059115
0.089992
0.149453
0.000533
0.000533
-0.059009
-0.029251
-0.208204
0.328353
0.060021
0.059986
-0.058920
0.059986
0.000533
0.149011
-0.177667
-0.177985
-0.118657
-0.029287
0.179317
-0.029242
0.060075
0.119510
0.119368
0.059898
0.089514
0.000533
0.030176
0.089409
0.059740
-0.058674
0.178048
0.030088
-0.117740
0.000533
0.000533
0.118806
-0.088159
-0.117845
0.089330
0.000533
0.059687
-0.058621
0.030114
0.089225
0.089146
0.059565
-0.028979
0.089042
0.000533
0.088963
-0.028935
-0.028944
-0.028952
-0.028961
0.030027
0.088963
0.088885
-0.087819
-0.028935
-0.058429
0.000533
0.088963
0.029992
0.000533
0.000533
0.088859
0.000533
0.000533
0.118180
0.000533
0.000533
-0.087689
-0.028892
-0.353241
0.030062
0.030053
-0.028987
0.000533
0.000533
0.059565
0.177420
0.088859
-0.087793
-0.058395
0.030001
-0.058412
0.000533
-0.058447
-0.235734
-0.177034
0.118946
0.118806
END
