y[]
-0.003256
-0.096035
0.058606
0.027661
-0.034173
-0.003256
0.120353
-0.034144
-0.126904
0.027670
-0.003256
0.027661
0.058549
-0.065061
-0.003256
0.058549
0.089379
0.089294
-0.064946
-0.003256
-0.003256
-0.003256
-0.003256
-0.003256
-0.003256
-0.003256
0.027594
-0.003256
0.058415
-0.003256
-0.003256
0.027565
-0.003256
0.027556
0.027546
-0.064870
0.027556
-0.034068
0.027556
-0.064889
0.027565
-0.034077
-0.003256
-0.003256
-0.003256
0.027565
-0.064908
-0.095806
-0.003256
0.027603
-0.003256
0.027594
-0.003256
-0.034106
0.027594
0.027584
-0.003256
0.027575
-0.034087
-0.003256
-0.034096
0.058415
-0.003256
-0.034087
-0.003256
0.027575
-0.064927
-0.034106
0.089265
-0.003256
-0.064927
0.027584
0.058396
-0.003256
-0.064908
-0.034096
0.027584
0.089208
-0.003256
0.089123
0.150519
-0.003256
0.027471
-0.003256
-0.003256
-0.126219
-0.064794
0.089038
-0.003256
-0.003256
-0.034011
0.027499
-0.003256
-0.064776
-0.003256
0.089009
-0.003256
0.058207
0.058169
-0.003256
-0.003256
0.058131
-0.064643
0.088811
-0.003256
-0.003256
0.027414
-0.033926
-0.064625
-0.033954
-0.003256
-0.003256
-0.003256
-0.033964
-0.003256
0.027452
-0.033964
-0.003256
-0.033973
0.027461
-0.064700
-0.003256
-0.003256
0.027471
-0.003256
-0.003256
-0.064719
0.150330
-0.033954
-0.064681
0.027461
-0.003256
-0.003256
-0.095436
0.027480
-0.064738
-0.064776
-0.003256
0.027509
-0.003256
-0.003256
-0.003256
-0.003256
-0.003256
0.058245
0.027480
-0.033992
0.058207
0.027461
-0.033973
-0.095464
0.088952
-0.218541
0.089066
0.058245
-0.034002
0.058226
0.180963
-0.033936
0.027424
-0.003256
0.027414
-0.064606
0.027424
-0.033936
-0.003256
-0.033945
0.088783
-0.003256
-0.003256
0.027405
-0.003256
-0.125955
-0.033954
0.058131
-0.126068
0.058169
0.027442
0.027433
0.027424
-0.033936
0.027424
-0.095323
0.027442
-0.003256
0.058113
-0.126031
-0.033973
0.027461
-0.003256
-0.003256
0.027452
0.027442
-0.003256
-0.003256
0.058113
-0.003256
-0.033936
-0.033945
-0.033954
0.088811
-0.064625
0.027433
-0.064643
-0.033964
-0.003256
-0.095436
0.088924
-0.187701
0.089009
-0.064757
-0.034020
-0.064813
-0.064851
-0.034068
-0.126599
0.120087
-0.064908
0.027575
-0.064927
0.089237
-0.064908
-0.034096
0.058415
-0.034087
-0.003256
-0.003256
0.027575
0.119973
0.058301
-0.034030
0.058282
-0.126371
0.027537
0.027527
0.027518
0.027509
-0.034020
-0.034030
-0.003256
-0.034039
-0.003256
-0.034049
-0.003256
0.089094
-0.034030
0.027518
-0.034030
-0.034039
0.027527
-0.003256
-0.034039
0.058301
-0.064813
0.027527
-0.003256
0.027518
-0.003256
-0.003256
-0.034030
-0.064832
0.027537
0.089066
-0.034020
-0.034030
0.027518
0.027509
-0.034020
0.027509
-0.034020
-0.003256
0.027509
-0.064794
0.027518
-0.003256
-0.003256
-0.003256
-0.003256
-0.003256
-0.003256
0.027509
-0.034020
-0.003256
-0.003256
0.027509
0.058245
-0.003256
-0.064757
-0.003256
-0.003256
-0.003256
-0.003256
0.027499
-0.003256
-0.034011
-0.003256
-0.187985
0.089151
-0.034049
0.242822
0.058169
-0.064681
0.058169
0.027442
0.058113
0.180624
-0.095154
-0.003256
-0.033907
-0.003256
-0.033917
-0.095295
-0.003256
0.027433
-0.064643
0.027442
-0.003256
-0.003256
0.058113
0.088726
-0.033907
0.027395
-0.003256
-0.003256
-0.003256
0.027386
-0.033898
0.027386
0.027377
-0.033889
0.058000
-0.494356
0.549062
0.088501
-0.095013
0.027339
0.027330
-0.095041
-0.003256
0.027348
-0.033860
-0.003256
-0.095126
-0.033898
-0.003256
-0.003256
0.027386
0.027377
-0.033889
-0.003256
-0.433100
0.365295
-0.003256
0.027395
-0.033907
-0.310287
0.150377
0.119481
-0.003256
0.119331
0.302555
-0.125468
0.180006
-0.064306
0.027274
0.149253
-0.064232
0.027236
-0.003256
0.057701
-0.033730
0.057682
0.027199
-0.003256
-0.033711
0.057645
-0.003256
-0.033702
0.027190
-0.033702
-0.064176
0.118547
-0.186016
0.149067
0.057608
-0.003256
-0.003256
0.087971
-0.094483
0.027162
-0.003256
-0.003256
-0.003256
-0.033674
0.057571
-0.094511
0.057590
-0.033674
0.057571
-0.033665
-0.033674
-0.033684
0.027172
0.027162
-0.003256
-0.064102
0.027172
-0.003256
0.057571
-0.003256
-0.003256
-0.003256
-0.003256
0.027144
-0.033656
-0.003256
0.027144
-0.033656
-0.003256
-0.003256
-0.003256
-0.003256
-0.033665
-0.033674
-0.003256
-0.033684
-0.003256
-0.003256
0.027172
0.027162
-0.033674
-0.033684
-0.033693
0.027181
-0.033693
0.027181
-0.003256
-0.033693
0.027181
-0.033693
-0.003256
-0.094622
-0.003256
END
