y[]
0.006727
0.006727
0.006727
0.042094
-0.028640
0.042094
-0.028640
0.006727
-0.028653
0.042106
0.042094
-0.028640
0.006727
0.006727
0.006727
0.006727
0.006727
0.006727
0.006727
0.042094
0.042081
0.006727
0.006727
0.006727
0.006727
0.183312
0.006727
-0.063870
-0.099262
0.006727
0.077398
0.006727
-0.134666
-0.170296
0.042156
0.006727
-0.135067
-0.206342
-0.064397
0.042295
-0.100016
0.042320
-0.064473
-0.064524
-0.028918
0.113621
0.077926
-0.100092
0.006727
0.006727
0.149126
-0.028854
0.006727
0.077876
-0.064422
0.077876
-0.028841
0.006727
-0.064448
0.006727
-0.028879
0.006727
0.006727
-0.028892
0.042346
0.077926
-0.135723
0.042358
0.042346
0.077926
0.006727
-0.028867
0.042320
0.042308
0.042295
-0.028841
-0.064448
0.006727
0.006727
0.006727
0.006727
0.006727
-0.028879
0.006727
0.077926
0.042308
-0.064448
0.042320
0.006727
0.184505
0.042244
0.042232
-0.028778
0.042232
0.077699
0.006727
-0.099751
0.006727
0.113204
0.077649
0.042169
-0.064170
0.042181
0.006727
0.006727
0.042169
-0.028715
-0.099675
0.148571
-0.028715
0.006727
0.042169
0.006727
0.006727
0.042156
-0.028703
-0.064170
0.113053
-0.028703
0.006727
-0.028715
0.042169
0.006727
0.042156
-0.028703
0.042156
0.006727
0.042144
0.006727
0.006727
0.006727
0.006727
-0.028690
0.042144
0.006727
0.042131
-0.064095
0.006727
0.006727
-0.028703
0.006727
-0.028715
0.006727
0.042169
0.006727
0.006727
0.006727
-0.028715
0.042169
-0.028715
0.006727
0.042169
0.006727
0.006727
0.006727
-0.028715
0.006727
-0.099675
-0.099788
-0.099902
0.077825
0.077775
0.006727
-0.028791
-0.064346
0.006727
-0.206796
-0.028905
0.042358
0.042346
0.006727
0.042333
-0.028879
0.042333
0.042320
0.042308
-0.135673
0.149126
0.077850
0.113318
0.042232
-0.135369
-0.099978
0.006727
-0.207025
-0.350544
-0.315912
0.150250
-0.424463
-0.029290
0.150715
0.006727
0.365794
-0.352340
0.006727
0.042691
-0.101206
0.006727
-0.065293
-0.065345
0.078799
0.006727
0.006727
-0.029303
0.042756
0.006727
0.078747
-0.029277
0.114699
0.006727
0.042691
0.042679
0.042666
-0.101129
-0.065242
-0.029277
-0.029290
-0.065345
0.150819
0.042717
-0.065268
0.006727
-0.029290
0.006727
0.078747
-0.065293
0.042743
0.078721
-0.029264
-0.029277
-0.029290
-0.029303
0.006727
0.078773
-0.065319
-0.281978
-0.029420
-0.065606
-0.319420
0.188050
-0.065763
-0.138411
0.151865
-0.065816
0.115521
-0.065790
0.079243
0.042965
0.079164
0.115285
-0.065632
0.115245
-0.174203
-0.138253
0.042991
-0.029538
-0.065842
0.043018
0.151759
0.079164
-0.174466
0.115481
-0.065763
-0.138411
-0.029591
0.115639
0.187985
0.006727
-0.356118
0.079401
-0.138675
-0.029657
0.079480
-0.138834
0.043137
0.006727
0.043123
0.006727
0.043110
0.043097
-0.102424
0.006727
0.043123
-0.066080
0.006727
0.006727
-0.029697
-0.102623
0.043190
0.006727
-0.029736
0.116076
-0.029710
-0.029723
-0.029736
-0.029750
-0.175855
0.043270
-0.066373
0.043283
-0.102983
0.116436
0.043270
0.006727
0.043256
0.079746
-0.029776
-0.066319
0.079773
-0.102862
-0.029830
0.006727
0.079826
0.006727
0.043256
-0.102902
0.298804
-0.066213
-0.029763
0.152606
0.115996
-0.066106
0.006727
0.006727
-0.212092
0.043230
0.116156
-0.029736
-0.029750
0.261782
-0.211853
0.079640
-0.029723
0.225226
0.006727
0.079454
0.043071
-0.065974
-0.102424
0.079507
0.079454
-0.029630
0.043084
0.043071
-0.138728
-0.066080
0.043137
0.152234
-0.029630
0.043084
-0.029630
-0.029644
-0.102463
0.043137
0.006727
0.006727
-0.066106
-0.212092
0.006727
0.079719
-0.175855
-0.066399
0.116396
-0.029816
-0.066399
0.006727
0.079853
0.043270
0.043256
0.006727
0.006727
-0.029803
0.079773
-0.066319
-0.029816
-0.102983
-0.029870
0.043323
-0.176390
-0.029937
0.043390
-0.029937
0.153301
0.116516
0.006727
-0.029856
-0.029870
-0.066507
-0.066560
0.006727
0.116637
-0.139847
-0.066641
-0.066695
0.043444
-0.103466
0.153624
0.080094
0.263090
0.152926
-0.176055
0.006727
0.043310
0.079853
0.006727
0.189308
0.116116
0.079586
0.043137
0.043123
-0.102503
0.115957
-0.029670
-0.029683
0.079533
-0.175390
-0.102702
0.116156
-0.066213
0.006727
0.006727
0.006727
0.116116
0.006727
-0.029723
0.006727
0.043177
0.043163
0.043150
-0.029697
0.043150
0.043137
0.006727
0.006727
-0.029683
-0.029697
-0.029710
-0.029723
0.043177
-0.029723
0.043177
-0.029723
0.043177
END
