y[]
-0.060260
0.053150
-0.031904
0.053134
0.166321
-0.116773
0.024762
0.081347
0.024730
-0.116741
0.109631
-0.031839
0.081275
-0.173286
-0.088529
-0.003555
-0.287324
0.024858
0.195111
-0.117030
0.024826
-0.003555
-0.173961
-0.031984
-0.088891
0.053344
0.053312
-0.003555
0.081684
-0.060373
-0.174203
-0.288618
-0.260808
-0.060812
-0.003555
0.025078
-0.261546
0.311677
-0.089429
0.453589
-0.289025
0.310417
0.024939
0.224106
-0.231216
0.366131
-0.060341
-0.316455
-0.089062
0.224300
-0.088940
-0.117515
-0.003555
0.167337
-0.117450
0.053409
-0.117515
0.024947
-0.032057
0.053441
-0.032049
-0.089086
0.053474
-0.146188
0.082049
-0.060616
-0.089208
-0.146473
0.025045
0.082196
0.053572
-0.117841
-0.089355
0.053653
-0.118004
-0.003555
0.025070
0.025061
-0.003555
-0.146719
0.082368
-0.118135
-0.032221
-0.147006
-0.003555
0.053850
0.139814
0.025094
-0.003555
-0.003555
-0.118201
0.025119
0.025111
-0.003555
0.082393
-0.003555
0.053702
0.082270
0.053621
-0.003555
-0.032139
-0.089355
0.025053
-0.060780
-0.032180
-0.089478
-0.233044
0.053867
0.111190
0.025111
-0.405623
0.053982
0.082689
-0.118564
0.053966
-0.089849
0.427171
0.053735
-0.204214
-0.032253
-0.118431
-0.147336
0.053982
0.053949
-0.061059
-0.233903
-0.003555
-0.003555
-0.234435
0.083088
0.169505
-0.205488
-0.090223
-0.292991
-0.003555
0.170207
0.025376
0.025368
-0.119296
-0.206424
0.286132
0.227592
0.255849
-0.032344
-0.003555
-0.176466
0.054115
-0.061225
-0.061258
0.054148
-0.147876
0.198436
0.226794
0.197566
0.168513
0.082368
-0.175475
0.025119
-0.032229
0.168365
-0.003555
0.139486
-0.060747
-0.118037
0.168119
0.196359
0.508683
-0.373241
0.138794
0.053328
-0.202787
-0.231735
-0.175033
-0.032163
0.082245
0.253405
-0.003555
-0.003555
-0.089135
-0.060649
0.110600
0.081976
0.110373
-0.345728
-0.146473
0.225017
0.053506
-0.060616
0.024980
-0.289269
0.082245
0.196359
0.110503
0.195733
-0.060454
-0.060486
-0.060519
0.110340
0.195450
0.053231
-0.174010
-0.060438
-0.231410
0.053458
-0.117613
-0.032090
0.110535
-0.003555
0.053441
0.081879
-0.003555
-0.003555
-0.032025
0.024915
-0.032025
-0.032033
-0.003555
-0.032041
-0.089062
0.024955
-0.089110
0.053490
-0.003555
0.053458
-0.003555
0.024939
-0.089062
0.081952
0.053409
-0.060519
0.024931
-0.003555
0.081854
-0.088964
-0.003555
-0.003555
-0.089037
0.053441
-0.003555
-0.032049
-0.089086
-0.003555
-0.060616
0.024980
0.024972
-0.032082
0.024972
-0.089159
0.082049
0.536910
-0.088698
0.251656
-0.031880
0.024770
0.081371
0.053022
-0.060132
0.081299
0.137708
0.081107
-0.286041
0.137788
-0.201491
-0.031863
0.024754
-0.031863
-0.088529
0.194605
0.052990
-0.060100
-0.088433
-0.003555
-0.201883
-0.031920
0.194830
0.053054
-0.088481
0.109663
0.053006
0.081227
-0.003555
-0.003555
0.024690
-0.173142
0.053006
0.024714
0.024706
-0.003555
-0.003555
-0.088361
-0.031839
0.024730
-0.201715
-0.031896
0.024786
0.166321
0.053006
-0.003555
0.137708
-0.003555
-0.003555
-0.088289
-0.003555
0.194046
-0.172903
0.165793
0.024642
0.137310
-0.031712
-0.088074
-0.003555
-0.031744
-0.088169
0.081059
-0.088169
-0.116485
0.081155
0.081083
0.137350
0.530079
0.276166
-0.395383
0.108553
-0.059593
0.136481
-0.087553
-0.059593
-0.087671
-0.059672
0.052562
0.136599
0.220284
0.303408
-0.087179
0.135779
0.163390
-0.086993
-0.059219
-0.087109
0.302468
0.079744
-0.086854
-0.086923
0.135353
-0.003555
-0.003555
0.135161
0.051877
0.024150
-0.086692
-0.003555
0.024165
-0.003555
0.051862
0.107187
-0.058911
0.079467
-0.086577
-0.031244
-0.003555
-0.031252
-0.003555
-0.003555
0.024142
0.051816
-0.003555
-0.003555
0.024119
-0.031229
0.024119
0.024111
-0.141963
-0.003555
0.024142
-0.031252
-0.003555
-0.031260
0.079536
-0.003555
-0.058941
-0.031260
-0.003555
-0.031267
0.024157
0.051847
-0.031252
0.024142
-0.003555
-0.031252
0.107187
-0.031229
-0.003555
-0.003555
0.024119
-0.003555
-0.086600
-0.031252
0.134853
-0.086577
-0.142078
-0.142270
-0.142463
-0.086993
0.107680
0.052016
0.024219
-0.031329
-0.031337
0.052001
0.079721
-0.225777
0.135392
-0.031329
-0.114728
-0.142695
0.246758
-0.337445
0.163529
-0.059219
-0.003555
-0.087109
-0.115069
-0.003555
-0.059359
0.024351
0.080115
-0.115131
-0.143200
0.024390
-0.031500
0.108177
-0.031476
0.135973
-0.031445
-0.115193
-0.031484
0.136012
0.024335
0.052202
-0.115100
-0.087295
-0.059421
0.136051
END
