y[]
0.138773
-0.135200
-0.032490
-0.169770
0.070444
-0.101218
0.070468
-0.273222
0.105003
0.036168
-0.066989
0.070562
0.036156
-0.066966
0.036168
0.104861
0.001786
0.104755
0.036086
-0.101147
0.070420
0.001786
0.001786
-0.032525
0.036098
0.001786
0.036086
0.001786
0.036074
0.001786
-0.032501
0.001786
0.036074
0.001786
0.001786
-0.032501
0.001786
0.001786
-0.032513
-0.066848
0.036109
0.001786
-0.101218
0.070468
0.001786
0.001786
0.001786
0.001786
0.001786
-0.066895
0.070468
-0.032548
0.036121
0.001786
0.036109
-0.032537
0.001786
0.070420
0.001786
0.001786
0.036086
0.001786
0.036074
0.036062
-0.101077
0.001786
0.001786
0.001786
0.001786
0.001786
0.036086
0.001786
-0.032513
0.104649
-0.032490
0.036062
0.104544
-0.135247
-0.135435
-0.032548
-0.066919
-0.101360
-0.032619
0.001786
0.001786
0.036192
0.070562
-0.032596
0.036168
0.001786
-0.032596
-0.032608
0.036180
0.001786
0.001786
0.001786
0.001786
0.001786
-0.067013
-0.101502
-0.274171
0.105360
-0.032726
0.001786
-0.032738
0.070823
0.001786
0.070776
0.001786
0.139622
0.105039
-0.135907
-0.067132
-0.067179
0.001786
0.070752
0.036251
0.001786
0.001786
0.105110
-0.032643
0.001786
0.001786
0.001786
-0.101573
-0.032691
0.139622
0.001786
-0.032655
-0.032667
0.036239
0.036227
-0.032655
0.105074
0.070586
-0.032608
0.001786
-0.032619
0.001786
0.036192
0.036180
0.001786
0.001786
-0.273696
0.139622
0.001786
-0.101573
-0.032691
0.001786
-0.032702
0.070752
-0.032691
0.174052
-0.067084
0.070657
0.105003
0.070538
0.036145
-0.032572
0.001786
0.070491
-0.032560
0.001786
-0.135718
0.001786
-0.032619
0.208043
0.036121
0.001786
-0.032548
0.001786
0.001786
-0.066919
0.070491
0.036121
-0.066895
0.036133
0.001786
0.036121
-0.066895
0.070468
0.036109
0.001786
0.001786
-0.032537
-0.066895
0.001786
0.001786
0.001786
0.001786
0.001786
0.036133
0.001786
-0.066919
-0.066966
0.001786
0.070538
0.001786
-0.066966
0.036168
0.036156
-0.032584
0.001786
0.001786
0.001786
-0.032596
0.036168
0.036156
0.001786
0.104826
-0.032548
0.001786
0.001786
-0.032560
-1.173072
-0.067755
0.071327
-0.032978
-0.032990
0.036563
-0.032990
-0.033002
-0.381690
0.280824
0.071424
0.071376
0.001786
-0.137441
0.175790
0.175488
-0.102398
-0.102507
0.036563
-0.102580
0.036587
0.001786
0.036575
0.071327
0.001786
0.036539
0.140675
0.036478
0.071134
0.036442
-0.067538
-0.067586
0.001786
-0.067634
0.105899
-0.102326
0.071207
-0.102362
-0.032954
0.001786
0.001786
0.036527
-0.032954
0.001786
0.036527
0.001786
-0.067706
0.036539
-0.067731
0.036551
-0.067755
-0.033002
0.071352
0.001786
0.001786
0.001786
-0.067779
0.036575
0.001786
0.071327
-0.032978
-0.032990
0.001786
-0.102616
0.001786
-0.033039
0.036611
0.001786
-0.033039
0.036611
-0.102725
0.175911
0.106116
0.106007
-0.102435
0.001786
-0.032978
-0.067779
-0.033014
-0.102689
0.106261
0.071376
0.036563
-0.032990
-0.102616
0.210482
0.001786
-0.032966
0.071279
0.071231
0.071183
-0.102326
0.071207
0.105827
-0.206403
0.036515
0.036503
-0.032930
-0.137199
-0.032990
0.001786
0.383665
-0.206330
0.175247
0.071086
-0.032858
0.071062
-0.032846
-0.032858
-0.032870
0.001786
-0.032882
0.001786
0.001786
0.036454
0.036442
0.001786
0.001786
0.036430
0.001786
0.105646
0.001786
-0.067442
0.071014
-0.032822
0.036394
0.036382
-0.136670
-0.032858
0.071062
0.036406
-0.032834
0.001786
0.036406
0.070990
-0.032810
0.036382
0.001786
-0.067418
-0.102110
-0.032870
-0.067562
0.036466
0.105754
-0.102182
0.001786
0.001786
0.036454
0.036442
0.036430
0.105646
-0.067442
0.001786
0.001786
0.001786
-0.032846
0.071038
-0.032834
0.140195
-0.067394
-0.067442
0.278412
-0.136431
-0.032798
0.036370
0.209040
-0.170895
0.070895
-0.067322
0.312399
0.001786
0.036239
0.036227
0.001786
0.001786
-0.136050
0.105181
-0.032667
0.036239
0.001786
0.036227
0.001786
0.036216
-0.067084
-0.032667
-0.136145
0.070776
0.070728
-0.032679
-0.032691
0.036263
0.001786
-0.032691
0.001786
0.001786
0.036263
0.001786
-0.032691
0.036263
-0.032691
0.036263
-0.032691
-0.032702
0.036275
-0.032702
0.001786
-0.032714
0.070776
-0.067203
0.001786
-0.067251
0.001786
0.105324
0.001786
0.001786
0.036275
-0.101716
0.036299
0.001786
0.105252
-0.067179
-0.067227
0.001786
-0.032738
0.105324
-0.136288
-0.101894
0.036358
0.070895
END
