y[]
0.029974
-0.000904
-0.000904
-0.000904
0.029964
-0.000904
-0.031773
-0.093569
0.029993
-0.031802
-0.031812
-0.062747
0.030022
0.030012
0.030003
0.122629
-0.186261
0.060919
-0.062728
0.060919
-0.031812
-0.031821
-0.124667
0.060996
-0.062805
0.030050
-0.062824
0.122896
-0.031840
-0.000904
-0.093769
0.030060
0.060996
0.184567
-0.093597
0.060900
-0.031802
-0.000904
0.060881
0.153393
-0.062595
-0.000904
-0.000904
-0.031764
0.060805
-0.000904
-0.031754
-0.155297
-0.000904
-0.000904
-0.000904
-0.000904
-0.000904
-0.000904
-0.000904
-0.031812
-0.000904
0.060900
-0.000904
-0.031802
0.029993
-0.000904
0.029984
-0.031792
0.029984
-0.000904
-0.031792
-0.031802
0.029993
-0.000904
-0.062709
0.060900
0.029984
0.029974
-0.000904
-0.000904
0.029964
-0.031773
0.060824
-0.062633
-0.000904
0.029964
-0.031773
-0.000904
-0.031783
-0.031792
-0.031802
0.060881
-0.062690
0.029993
-0.000904
-0.000904
0.060862
-0.031783
-0.000904
-0.000904
0.029974
-0.062671
0.122590
0.153250
-0.216787
-0.062671
-0.031802
-0.093655
0.030022
-0.093712
0.060977
0.060938
-0.000904
-0.062747
0.030022
0.030012
0.060900
-0.000904
-0.062709
-0.062747
0.030022
-0.000904
-0.000904
-0.000904
0.030012
0.060900
-0.031802
-0.062728
0.060919
-0.031812
-0.000904
0.030003
-0.031812
0.030003
-0.000904
0.029993
0.029984
-0.062690
-0.031812
-0.000904
0.030003
0.091760
-0.031783
0.029974
0.029964
-0.031773
-0.000904
-0.031783
-0.031792
0.029984
-0.000904
0.060843
-0.031773
-0.000904
-0.031783
-0.031792
0.029984
-0.093597
-0.000904
0.060900
-0.093626
0.122705
-0.031792
-0.031802
0.029993
0.091731
-0.062652
-0.031792
0.122590
-0.062633
0.060824
-0.062633
-0.031783
-0.000904
-0.062690
0.029993
-0.000904
-0.031802
-0.062728
0.030012
-0.000904
0.030003
-0.000904
-0.000904
0.060881
-0.031792
-0.031802
-0.000904
0.029993
-0.000904
-0.031802
0.060881
0.060843
-0.000904
-0.000904
-0.000904
-0.031773
0.029964
-0.031773
0.060824
-0.031764
-0.000904
-0.031773
-0.000904
-0.000904
0.029964
-0.000904
-0.000904
-0.000904
-0.000904
-0.000904
-0.000904
0.029955
-0.000904
-0.031764
0.029955
0.029945
-0.000904
-0.031754
-0.031764
0.029955
-0.000904
0.029945
-0.000904
-0.000904
0.060767
-0.062576
0.029936
-0.031745
0.029936
-0.000904
-0.000904
-0.031745
0.060767
-0.000904
-0.000904
-0.000904
-0.000904
0.060729
-0.031716
-0.031726
-0.124285
-0.062652
-0.031792
-0.000904
-0.031802
-0.000904
-0.031812
-0.062747
0.060938
-0.031821
-0.031831
0.060938
-0.093683
0.091874
-0.124629
-0.000904
-0.000904
0.060977
-0.031840
-0.031850
0.030041
0.060958
0.153583
-0.062671
-0.000904
-0.000904
-0.031802
-0.186491
0.153775
0.060900
-0.000904
0.029984
0.153393
0.029926
-0.062576
-0.000904
0.060767
-0.031735
-0.062595
-0.031764
-0.000904
-0.062652
-0.093597
-0.031821
-0.093712
-0.062824
0.091960
-0.031850
-0.000904
0.091903
-0.000904
-0.031831
0.091846
0.029993
-0.031802
-0.000904
-0.031812
0.030003
0.029993
0.060862
-0.000904
-0.031783
-0.000904
-0.031792
0.029984
-0.000904
0.029974
-0.000904
-0.000904
-0.093569
-0.000904
-0.000904
0.029993
0.060862
0.029964
-0.062652
-0.000904
-0.093597
0.060900
0.060862
-0.062671
-0.000904
-0.000904
-0.031802
0.060881
-0.000904
0.029974
0.060824
-0.031764
-0.000904
-0.000904
0.029955
-0.000904
-0.000904
0.091617
-0.031735
-0.000904
-0.031745
0.029936
-0.031745
-0.000904
-0.000904
-0.000904
0.060767
0.029917
-0.031726
0.029917
-0.031726
-0.000904
0.029917
0.091503
-0.062500
-0.062538
-0.031735
-0.000904
-0.000904
-0.000904
-0.000904
-0.000904
0.029926
-0.031735
-0.000904
-0.000904
-0.000904
-0.000904
-0.000904
-0.000904
-0.000904
0.029926
0.029917
0.029907
-0.000904
-0.000904
0.029898
-0.031707
0.029898
0.029888
-0.000904
-0.062500
-0.000904
-0.000904
-0.031716
-0.000904
-0.000904
0.029907
0.029898
0.029888
-0.000904
0.029879
-0.031688
0.091417
0.029851
-0.000904
-0.000904
-0.000904
0.029841
-0.031650
-0.000904
-0.031660
0.029851
0.029841
-0.000904
-0.123944
-0.154917
0.029917
0.091503
-0.031697
-0.031707
-0.062538
0.029917
0.029907
0.122248
-0.093255
0.029888
-0.000904
-0.031697
-0.031707
0.060691
-0.031697
0.029888
-0.000904
-0.031697
-0.031707
-0.000904
0.060691
-0.062500
-0.031716
0.029907
-0.000904
0.091474
-0.000904
-0.000904
0.029869
-0.062462
0.060653
0.060615
0.091304
-0.062367
-0.031650
0.029841
-0.031650
-0.000904
-0.031660
0.029851
-0.000904
-0.031660
END
