y[]
-0.077508
-0.107696
-0.137967
0.012922
0.073244
-0.107778
0.133540
-0.077562
0.163510
-0.198044
-0.107778
0.103397
-0.077581
0.012894
-0.017267
0.012885
0.043010
-0.168028
-0.168256
0.073354
-0.228843
-0.017267
0.012986
0.012977
-0.077763
-0.168667
-0.017267
-0.108217
0.164551
0.103762
0.073409
-0.107942
-0.138296
0.133996
0.103579
-0.047465
-0.047474
0.012940
-0.168393
1.245148
-0.047140
0.012606
0.072299
-0.047113
-0.226441
0.012642
-0.166900
0.012678
0.162213
-0.077058
-0.256788
0.311927
0.012606
0.191595
0.012535
-0.017267
0.042310
-0.315508
0.072299
0.042399
0.072165
0.101852
0.071979
-0.106513
-0.166187
0.042328
0.072059
-0.136385
0.131609
-0.076791
0.101745
-0.017267
0.012464
-0.017267
0.042168
0.308998
0.012341
0.071504
0.100971
0.041800
0.041765
-0.105828
-0.194624
0.071451
-0.105985
-0.017267
-0.017267
0.160090
-0.194624
0.041887
-0.076421
0.012314
0.130509
0.041782
0.041748
0.306692
-0.134949
0.159204
0.100207
0.217268
-0.075849
-0.251940
-0.046640
0.012106
-0.017267
-0.046640
0.012106
-0.076021
0.100207
0.070748
0.012054
0.012046
0.012037
0.099863
-0.134397
-0.193220
0.041419
0.246392
-0.222275
0.041350
-0.134535
-0.075952
0.129382
-0.075901
0.187801
-0.134397
-0.046571
-0.163916
-0.046623
-0.311298
0.071033
-0.105567
0.188646
0.129554
0.187921
-0.017267
0.275131
0.070286
-0.046443
-0.192501
0.011960
-0.134226
-0.075798
0.070517
-0.075781
-0.105102
0.012020
-0.193117
-0.017267
-0.046605
-0.134707
0.041470
0.012089
-0.105360
0.070826
0.100070
-0.046588
-0.017267
-0.105282
0.012080
-0.105334
0.012097
0.041436
0.041401
0.012054
-0.017267
0.012046
-0.046580
-0.105256
-0.046614
-0.075987
-0.017267
-0.046640
-0.017267
-0.017267
0.070826
0.100070
-0.017267
0.012046
-0.017267
-0.075901
-0.017267
-0.105282
-0.046623
-0.105386
0.041487
-0.017267
-0.134810
0.041522
3.078597
-0.331149
0.524276
0.067972
-0.074085
0.011146
-0.273276
0.068142
-0.131162
-0.017267
0.181965
-0.473238
-0.131585
-0.017267
-0.217639
0.297424
-0.074410
0.096986
0.011276
-0.102920
0.153966
-0.074312
-0.131455
-0.102993
-0.103067
-0.217754
-0.103313
0.011423
0.211960
-0.017267
-0.017267
0.154309
-0.074426
0.039892
0.154015
0.125244
0.153479
0.039584
-0.017267
-0.074117
-0.216499
-0.074263
0.011235
0.068191
0.039664
0.096499
-0.074134
-0.045712
-0.188110
0.125122
0.096499
0.011154
0.067948
-0.045664
0.124637
-0.159171
0.096273
0.152801
-0.045592
-0.159010
-0.017267
0.011098
-0.045632
0.011098
-0.187576
0.011138
0.067900
0.124517
0.011066
-0.045600
-0.045608
-0.045616
0.011082
0.152657
-0.102193
-0.017267
-0.045592
-0.073940
0.011074
-0.045608
-0.045616
-0.130742
-0.074053
0.039519
-0.159292
0.011154
-0.045688
-0.017267
0.096369
-0.130903
-0.017267
0.011154
-0.102555
-0.102628
0.068094
0.068021
0.153091
0.096144
-0.102313
0.067779
0.011066
0.011058
-0.130614
0.011082
0.548026
-0.101857
-0.045480
0.039151
0.039119
-0.130070
0.010946
-0.045480
-0.158450
-0.073796
-0.102121
0.067587
0.123996
-0.017267
0.039182
-0.101953
-0.158570
-0.073844
0.011026
0.039294
-0.017267
-0.102121
0.011026
-0.017267
0.067563
0.039246
0.236648
-0.073637
-0.073669
0.123677
-0.017267
0.010898
0.067181
-0.045408
0.067133
-0.157973
-0.017267
0.095314
0.067086
-0.101620
-0.073542
-0.101738
0.039055
-0.045424
-0.045432
0.095346
-1.177603
-0.445167
0.011317
0.154064
0.039778
-0.159941
-0.131553
0.751639
1.419175
-0.269262
0.625463
-0.491929
0.038693
-0.129218
0.066708
0.178400
-0.129030
-0.353308
0.150895
-0.017267
0.150612
-0.129155
0.345913
0.094216
0.038428
-0.156562
0.038474
-0.128781
-0.045165
-0.017267
0.010631
0.038506
0.094185
0.038412
0.038381
-0.017267
-0.072915
-0.045103
0.038397
0.093968
-0.045064
-0.212063
0.010584
-0.017267
-0.072977
-0.045134
-0.184631
0.066450
-0.045165
-0.017267
0.010631
0.010623
0.122067
-0.045118
-0.017267
-0.017267
-0.045126
-0.156679
0.010631
0.038506
-0.073039
0.066380
0.010600
-0.017267
-0.212498
-0.073117
0.010662
0.010654
0.066450
-0.045165
-0.045173
0.010639
-0.156873
-0.017267
-0.017267
0.094434
0.038537
-0.045165
-0.045173
0.010639
-0.045173
-0.045180
0.010647
0.038537
-0.100984
0.122223
-0.045149
0.066357
0.121951
-0.017267
-0.156485
-0.045134
-0.045142
0.010608
-0.017267
0.121989
-0.045103
-0.017267
-0.072962
0.066264
-0.156523
-0.017267
-0.073024
-0.045157
END
