y[]
-0.181124
-0.144355
-0.144575
0.078252
-0.107504
-0.144851
-0.145073
0.190213
-0.070502
-0.033293
0.078446
0.003958
0.115586
-0.182158
-0.033307
-0.332051
0.078724
0.116003
-0.033376
-0.108129
-0.295555
0.041446
-0.221183
0.041517
-0.033601
-0.334706
-0.033742
0.192318
0.079203
-0.108930
-0.071371
0.079288
0.116846
0.041559
0.041545
-0.146474
-0.033685
0.116846
0.079146
0.041531
0.041517
-0.071173
0.041531
0.041517
0.079033
0.003958
0.191400
0.041404
-0.033488
-0.033502
0.041418
0.116255
-0.033460
0.078780
0.003958
-0.108296
-0.033488
0.191049
0.190700
0.003958
0.041265
0.003958
0.041251
0.190213
-0.182296
-0.182644
0.078641
0.003958
0.003958
-0.108087
0.116003
0.041279
0.041265
0.078529
0.003958
-0.294661
0.041334
0.153323
-0.108045
0.078641
-0.145463
0.078697
-0.070780
0.078697
0.115961
0.003958
-0.033362
0.190421
-0.107878
-0.070669
0.078585
-0.033348
-0.070697
-0.033390
-0.070780
0.153379
0.078585
0.041251
-0.070641
-0.033362
-0.070724
-0.070780
0.041334
0.003958
0.041320
-0.033404
0.003958
-0.070808
-0.070864
-0.183343
-0.033544
-0.071089
0.079005
-0.033558
0.041475
0.078949
0.153771
0.190909
-0.108170
-0.033446
-0.070892
0.116213
0.003958
-0.033446
0.078752
0.116045
0.003958
-0.033390
-0.182993
0.078780
0.041348
0.003958
-0.183133
0.787398
-0.144796
0.152712
-0.107587
0.041154
0.041140
-0.182088
0.190005
0.041126
0.078252
0.152381
-0.107338
0.003958
-0.219007
-0.070474
0.227089
0.115337
0.300364
0.410088
0.040797
0.040784
0.151125
0.114191
0.114070
0.187209
-0.032665
-0.216064
0.297213
-0.032652
-0.215983
0.003958
0.077326
-0.106113
-0.069490
-0.143101
-0.032840
0.040757
0.040743
-0.143263
0.040784
0.077569
-0.032840
0.003958
0.003958
0.003958
-0.069680
-0.032881
0.040797
-0.032881
0.077623
0.003958
0.003958
-0.069707
0.040797
0.003958
0.077596
-0.106519
0.040797
0.003958
0.003958
0.003958
0.040784
0.114354
-0.180102
0.040797
0.077596
0.003958
-0.069680
0.114394
0.003958
-0.032840
-0.069680
0.151179
0.003958
-0.069625
0.114313
-0.069598
0.077515
0.077461
-0.032786
0.003958
-0.032800
-0.032813
-0.032827
0.003958
0.040743
-0.032827
0.003958
0.040743
0.077488
-0.032800
0.003958
0.003958
0.150909
0.003958
-0.069490
0.003958
-0.106316
-0.032827
-0.106478
0.187951
0.150909
-0.106235
0.260886
-0.106073
-0.069463
0.114070
0.003958
-0.106154
0.040676
0.003958
0.077353
-0.032732
0.040649
0.150586
-0.142669
-0.142885
0.003958
0.040689
0.077380
-0.069463
0.040676
0.040662
0.040649
0.003958
-0.032732
0.003958
0.040649
-0.032732
-0.032746
0.114030
-0.032719
0.003958
0.003958
-0.069436
-0.032759
0.150747
-0.069409
-0.069463
0.040676
-0.106235
0.003958
0.040703
-0.032786
0.150855
0.003958
0.003958
-0.179697
-0.106397
0.040757
-0.032840
0.003958
-0.069680
0.003958
0.261453
-0.032786
0.040703
0.224142
0.150478
-0.032652
0.040568
-0.142562
0.003958
-0.179495
-0.179832
0.003958
-0.106478
-0.069734
-0.180510
0.151560
0.040824
0.077650
0.114394
0.077515
0.040716
-0.032800
-0.069598
-0.660496
0.815471
0.187478
-0.142831
0.077380
-0.253253
0.003958
0.003958
-0.032840
0.040757
-0.069652
0.003958
-0.032868
0.114394
0.003958
-0.032840
-0.069680
0.003958
0.003958
-0.180374
0.077732
-0.032922
-0.032935
-0.032949
0.114639
0.003958
-0.032922
-0.143698
0.077813
0.003958
0.077759
0.003958
-0.032935
0.077732
-0.069815
-0.069870
0.114680
0.040838
-0.032922
0.003958
0.077704
0.077650
0.003958
-0.032881
0.040797
-0.106600
0.003958
-0.069815
0.077732
0.003958
0.003958
-0.032922
-0.032935
0.003958
-0.069870
0.040879
0.077759
-0.032935
0.040852
-0.069843
-0.032963
0.003958
0.003958
-0.032976
-0.032990
-0.218018
-0.144300
0.078115
-0.292998
0.115420
0.003958
0.078197
0.003958
0.115213
-0.033113
0.041029
0.152106
-0.218347
-0.070253
0.115255
-0.070226
-0.107421
0.041098
0.003958
0.078197
0.003958
0.078142
-0.070226
-0.144575
-0.256507
0.003958
0.078446
-0.331675
-0.182993
0.041376
0.041362
0.003958
0.041348
0.041334
-0.033418
-0.145686
0.116213
-0.070864
-0.033474
-0.183413
-0.033558
0.078977
-0.033544
-0.108633
-0.071173
-0.184118
0.116846
0.041559
0.079118
0.079061
0.041489
0.078977
-0.071061
-0.071117
-0.071173
0.079090
-0.146361
-0.033657
0.116761
-0.033629
0.041545
0.003958
0.041531
0.116592
-0.033572
0.003958
-0.071145
-0.184047
END
