y[]
-0.132386
-0.105312
0.112613
0.058087
0.085250
0.030835
-0.077927
0.058043
-0.050742
-0.132460
0.166960
-0.077971
-0.159793
-0.078171
0.003650
0.003650
-0.105550
-0.078328
0.030984
0.030977
-0.051009
-0.160508
0.003650
-0.023736
-0.023743
0.058430
0.003650
0.058400
-0.023721
0.085741
-0.023706
0.003650
0.058355
0.030992
0.030984
-0.051024
0.058325
-0.023683
0.003650
-0.051039
0.003650
-0.023706
0.031006
0.058340
0.112940
0.003650
-0.023661
0.030962
-0.023661
-0.023668
0.058280
-0.023661
0.003650
-0.023668
0.003650
-0.023676
0.003650
0.058295
0.058265
0.030947
-0.023646
0.058236
-0.078238
0.030954
0.030947
0.030939
-0.023638
0.003650
0.112761
0.003650
0.058161
-0.132682
-0.269574
-0.051084
0.031021
-0.023721
-0.023728
-0.023736
0.113149
-0.133242
0.031044
-0.078553
0.085853
0.031036
-0.051129
0.058430
0.003650
0.031029
0.113090
0.003650
0.003650
0.112970
0.030962
0.030954
-0.050965
-0.023668
0.085584
0.003650
0.030947
0.030939
0.030932
-0.078216
-0.078283
-0.051009
0.030984
-0.023683
0.003650
0.030984
-0.078373
0.003650
0.003650
0.003650
0.003650
-0.023706
0.003650
0.003650
0.140356
-0.105699
-0.051069
0.058370
0.030999
-0.133167
-0.023736
0.085786
-0.023721
0.058385
-0.051084
0.031021
-0.023721
-0.023728
0.195143
-0.160463
0.085741
0.030999
0.112970
0.221932
-0.160016
-0.078283
-0.023676
-0.023683
-0.078395
-0.051084
0.085741
0.113000
-0.105699
0.085674
-0.133092
-0.023721
0.085741
-0.023706
-0.078463
-0.051129
0.113179
-0.051099
-0.078530
-0.106029
0.003650
0.003650
-0.051234
-0.051264
-0.051295
0.003650
-0.051325
0.058626
0.086057
-0.023811
-0.023818
0.058580
0.003650
0.058550
-0.023796
-0.106210
0.058595
-0.106270
-0.023849
0.113601
0.003650
-0.078801
-0.023849
0.058641
-0.023841
0.003650
0.003650
0.003650
0.113571
0.003650
0.003650
-0.051295
0.003650
-0.023833
0.003650
0.003650
-0.023841
0.003650
0.086102
0.058580
-0.078756
-0.023833
0.031134
0.031127
-0.023826
0.003650
-0.023833
0.058611
0.086034
0.058535
0.003650
-0.051234
0.003650
0.031097
0.058520
0.496127
0.003650
0.085495
-0.023624
0.003650
0.003650
0.003650
-0.050920
-0.023646
0.058236
-0.050935
-0.160284
0.030992
-0.105759
-0.023721
0.113090
-0.242756
-0.023766
-0.023773
-0.298506
0.031157
-0.023856
-0.106451
-0.079006
0.058762
0.141297
-0.023864
0.196090
0.031112
0.031104
0.058535
0.168124
-0.105969
-0.051204
-0.078688
0.031104
-0.106210
0.031127
-0.051310
0.278150
0.031059
-0.051174
-0.051204
-0.023788
0.140768
0.003650
0.058445
0.085786
0.058370
0.085674
-0.023683
0.058310
0.003650
-0.051009
0.058310
0.003650
-0.105699
0.140318
0.003650
0.003650
-0.050994
0.003650
0.030977
0.030969
0.030962
0.112821
-0.023631
0.058206
0.003650
0.085428
-0.050860
-0.023616
0.058176
-0.023609
-0.023616
-0.050905
0.030932
0.030924
0.003650
-0.078194
0.003650
0.085495
0.139909
0.112524
-0.105223
-0.050831
0.003650
-0.023601
0.058146
0.030887
-0.078082
0.058146
0.030887
0.030880
-0.023579
0.085316
0.003650
0.058057
0.085205
-0.077905
-0.050757
0.003650
-0.023564
-0.050801
0.058102
0.139649
-0.077927
-0.023557
0.058057
0.003650
0.003650
0.030843
0.003650
-0.050742
-0.159704
0.058131
0.003650
0.003650
0.058102
0.030865
0.003650
0.030858
-0.050771
0.030865
0.030858
0.003650
0.003650
0.058043
-0.023542
0.003650
0.030843
0.030835
-0.023535
0.030835
-0.023535
-0.023542
0.003650
0.030843
-0.023542
0.030843
0.003650
0.003650
0.003650
0.030835
-0.023535
-0.077949
0.112435
0.003650
-0.023535
0.058013
-0.595970
-0.078395
0.003650
0.113030
0.030977
0.030969
0.003650
-0.050994
0.003650
0.085606
0.167361
-0.105460
-0.050950
-0.078306
-0.023683
0.167540
-0.269648
0.031014
-0.051084
0.003650
-0.078508
0.058430
0.140468
-0.023698
0.085674
0.003650
-0.105729
0.031006
-0.242824
-0.106089
0.003650
-0.078733
-0.133807
0.141107
0.031119
0.140881
-0.106119
-0.051280
-0.133807
-0.051385
0.003650
-0.051416
0.058717
0.031172
0.086170
0.003650
-0.133920
0.031180
-0.134072
0.086306
-0.079006
0.168894
0.168622
-0.051310
0.031134
0.113510
0.003650
0.003650
-0.051264
-0.051295
-0.078824
-0.023856
0.113631
-0.023833
-0.078846
-0.051385
-0.106512
-0.106634
0.031233
0.031225
-0.051507
0.003650
-0.051537
-0.023955
-0.162141
0.031301
-0.134681
-0.051736
0.086718
0.086649
0.141829
-0.051598
END
