y[]
-0.048967
-0.009574
-0.048983
-0.048998
-0.009574
-0.009574
0.069259
0.029820
-0.088376
0.069228
0.147845
-0.127614
0.108467
-0.009574
-0.324659
-0.009574
-0.246541
-0.207476
0.109215
-0.128362
0.030038
0.148717
-0.009574
0.148467
-0.207163
0.109027
0.069415
0.108793
0.029851
-0.048998
-0.009574
-0.049014
-0.049029
0.148155
0.069197
-0.048952
-0.048967
-0.048983
-0.048998
0.029851
-0.009574
0.029835
-0.127847
0.069291
-0.088438
0.148093
-0.048967
-0.009574
-0.009574
0.187238
0.029742
-0.009574
-0.048890
-0.048905
0.069073
-0.048890
0.029742
-0.088221
-0.127661
-0.009574
0.029804
-0.127754
0.069228
-0.127800
0.148031
-0.048952
0.069166
-0.048936
-0.009574
-0.167178
-0.049014
-0.049029
-0.088532
-0.009574
-0.009574
0.029913
0.108793
0.029851
-0.048998
0.108653
-0.206696
0.069322
-0.246447
0.069446
-0.286418
-0.088813
-0.088876
-0.009574
-0.049248
-0.009574
-0.168430
0.069886
0.109497
0.109356
0.030038
0.030022
-0.009574
-0.009574
-0.009574
0.069571
-0.049139
0.109074
-0.009574
0.029944
-0.009574
0.029928
0.108839
0.029866
-0.049014
0.029866
-0.049014
-0.009574
0.108699
-0.009574
-0.009574
-0.048983
-0.009574
-0.048998
-0.009574
-0.009574
-0.009574
-0.009574
0.029851
-0.009574
0.029835
-0.088407
0.029851
-0.009574
0.029835
-0.009574
0.029820
0.069166
-0.009574
0.029773
-0.009574
-0.009574
-0.009574
-0.048921
-0.009574
-0.048936
-0.009574
-0.009574
0.029789
-0.048936
-0.009574
0.029789
-0.127707
-0.048983
0.069228
-0.285654
-0.009574
-0.088594
-0.009574
-0.009574
-0.009574
0.029944
-0.088625
-0.207476
-0.168178
0.346933
0.227393
0.108699
0.108560
0.069104
-0.009574
0.108328
0.029696
-0.402965
0.147969
-0.167116
0.069228
0.147845
-0.048905
-0.167054
-0.009574
-0.127847
0.069291
0.029835
-0.048983
0.108606
0.069135
0.029758
0.186851
-0.048828
-0.009574
-0.009574
0.382276
0.029527
-0.048674
-0.048690
0.146798
-0.126830
0.107682
-0.048644
-0.048659
-0.009574
-0.009574
0.068582
0.107545
0.185320
-0.048522
0.029375
0.184941
-0.009574
0.145766
-0.087214
-0.048416
0.068096
0.106818
-0.009574
0.184112
-0.164492
0.067916
0.067856
0.067796
-0.086943
0.106458
0.106323
-0.009574
-0.009574
-0.125471
-0.048236
-0.048251
-0.048266
-0.009574
-0.009574
0.222355
0.067616
-0.086764
0.067616
-0.009574
0.144628
0.067438
-0.086586
-0.048102
-0.086675
0.028984
0.182993
-0.009574
-0.048058
0.028910
0.028895
0.182549
-0.124803
-0.009574
-0.009574
0.067261
-0.047984
0.067231
0.067172
0.028777
-0.047925
-0.086320
0.143859
-0.047910
-0.009574
-0.047925
-0.009574
0.028777
-0.009574
0.028762
-0.047910
-0.009574
-0.009574
-0.047925
-0.009574
0.067113
-0.047910
-0.086290
0.028792
-0.009574
-0.009574
-0.086320
0.028807
0.028792
-0.009574
-0.009574
0.028777
-0.047925
-0.009574
-0.047939
-0.047954
-0.047969
0.143918
0.028762
-0.047910
-0.009574
0.067084
-0.086232
-0.009574
0.067084
0.105303
-0.009574
0.066937
-0.047822
-0.047837
0.066937
-0.086085
-0.047851
0.219872
-0.085997
-0.047807
-0.086085
-0.009574
-0.047851
-0.047866
-0.009574
-0.009574
0.028718
-0.124494
-0.009574
0.143624
0.219784
0.104908
0.066675
-0.162129
0.142982
-0.009574
-0.047691
0.180866
-0.085706
0.142633
-0.161781
0.028500
-0.161955
-0.124012
-0.085939
0.104952
-0.085910
0.219259
0.028514
-0.085764
0.066617
-0.009574
-0.009574
-0.085764
-0.009574
0.028529
0.028514
-0.047662
0.028514
-0.009574
-0.047662
-0.085793
-0.124012
0.142982
-0.162129
0.028587
-0.009574
-0.009574
-0.124099
-0.047778
0.104996
0.066733
0.028558
-0.009574
-0.009574
0.066646
0.028514
0.066559
-0.085706
0.028500
-0.047647
-0.123881
0.066646
-0.009574
-0.009574
-0.009574
-0.085793
-0.085851
0.066704
0.104734
-0.009574
-0.085764
-0.009574
0.142749
-0.009574
-0.009574
0.066501
0.256232
0.028341
0.066212
-0.199147
-0.009574
0.066299
-0.009574
-0.009574
-0.047503
-0.085475
0.217958
0.066155
-0.009574
0.330498
-0.122803
-0.009574
0.103655
-0.236160
-0.009574
0.066012
-0.009574
0.103698
-0.160631
0.028212
0.065955
-0.047331
-0.085131
0.028212
-0.085160
-0.047388
-0.047402
0.066069
-0.009574
-0.085217
-0.009574
0.028255
-0.009574
0.028241
-0.009574
0.028226
0.065983
0.065926
-0.047317
0.065898
-0.009574
-0.047303
-0.009574
-0.047317
-0.009574
0.065898
-0.009574
-0.009574
-0.009574
-0.009574
-0.009574
0.028141
-0.047288
-0.009574
0.065841
-0.084989
-0.009574
-0.009574
-0.085045
-0.009574
END
