y[]
0.151921
-0.093112
-0.031884
-0.001242
0.121269
-0.093112
-0.154546
-0.001242
-0.031931
-0.062648
0.182863
-0.001242
-0.062573
-0.093309
0.060145
-0.154781
0.060202
0.029466
-0.001242
-0.031950
0.029466
0.152156
0.060051
0.029390
-0.093168
-0.031903
0.090712
-0.062535
-0.001242
-0.031903
0.060070
-0.031894
-0.001242
0.060051
0.182413
0.059901
0.090403
0.090319
-0.031753
0.059771
-0.001242
-0.001242
-0.123305
-0.031781
-0.001242
0.029297
0.059808
-0.031763
0.090291
-0.001242
0.090207
-0.001242
0.029222
-0.062181
-0.062218
0.029250
0.090179
0.090096
0.059604
-0.092525
-0.001242
0.150849
-0.214235
-0.062181
-0.031725
-0.092747
0.090263
-0.001242
0.029241
-0.001242
-0.001242
0.059696
-0.092664
-0.123268
-0.062311
-0.123492
-0.093027
0.059957
0.029344
-0.031828
-0.001242
0.029344
-0.001242
0.029334
-0.031819
-0.001242
0.029334
0.029325
-0.031809
0.059883
-0.031800
-0.062386
0.090459
-0.001242
0.059845
-0.031781
0.029297
0.029287
-0.031772
-0.031781
0.090347
0.059771
-0.001242
-0.092775
-0.062311
-0.062348
0.059864
-0.031791
-0.001242
0.029306
0.029297
-0.123454
-0.092999
0.029353
0.059920
-0.001242
-0.001242
-0.001242
-0.062404
-0.001242
-0.031837
-0.062460
0.059976
0.059939
0.059901
0.090403
0.059808
-0.123380
-0.062367
-0.001242
0.029325
-0.092971
0.029344
-0.123641
0.059976
-0.001242
-0.062460
0.182300
-0.154171
0.090543
-0.062423
0.029353
0.029344
-0.031828
-0.031837
-0.062460
-0.001242
-0.062498
-0.031884
-0.062554
-0.001242
-0.001242
-0.001242
0.060070
-0.001242
0.090655
-0.001242
-0.001242
-0.001242
0.029372
-0.062479
0.059995
-0.031856
0.029372
-0.031856
-0.031865
-0.001242
0.029381
-0.062498
0.029390
-0.001242
-0.001242
-0.031875
0.029390
0.029381
-0.154452
0.060070
-0.093224
0.060089
-0.001242
-0.001242
-0.001242
0.121307
-0.031865
-0.001242
-0.001242
-0.031875
0.090627
-0.031856
0.121157
-0.031828
-0.093056
0.151733
-0.001242
0.029325
-0.062386
-0.031828
0.121045
0.059845
-0.001242
-0.031781
-0.031791
0.059845
0.029287
-0.031772
-0.031781
-0.001242
-0.245891
-0.093140
0.151874
-0.093084
0.059995
-0.154405
-0.093253
0.029437
0.060089
-0.062573
-0.001242
-0.031922
0.060108
0.029419
0.060051
0.029390
-0.031875
-0.031884
-0.001242
-0.001242
-0.001242
-0.001242
0.060032
-0.001242
-0.001242
-0.001242
0.029381
0.029372
0.029362
-0.062460
-0.001242
-0.031865
0.059995
-0.031856
-0.001242
-0.031865
0.029381
-0.001242
-0.001242
-0.031865
-0.001242
-0.001242
-0.031875
-0.031884
0.029400
-0.031884
0.029400
-0.001242
0.029390
-0.001242
-0.031875
-0.001242
0.029390
0.059995
0.059957
0.059920
-0.001242
-0.001242
0.029325
-0.001242
-0.001242
0.059864
-0.031791
-0.001242
-0.031800
-0.092971
0.273693
-0.001242
-0.031753
0.090263
-0.031735
-0.031744
0.120709
0.059678
-0.123119
-0.062236
0.029260
-0.001242
0.029250
-0.001242
0.029241
0.029232
-0.031716
0.029232
-0.031716
0.029232
-0.092692
-0.123305
0.029287
-0.001242
0.059789
-0.001242
-0.031753
-0.001242
-0.031763
-0.031772
-0.154031
-0.001242
-0.123641
-0.001242
-0.154452
0.090712
-0.093196
0.121344
-0.062517
-0.062554
0.060070
0.029400
-0.001242
0.182413
-0.093027
-0.001242
-0.001242
-0.001242
-0.001242
-0.062479
-0.001242
0.029381
-0.001242
0.029372
-0.093112
0.029390
0.029381
-0.185122
0.090740
-0.031894
-0.185348
0.060164
-0.031941
0.397104
-0.338201
0.060108
0.029419
-0.062573
0.029428
-0.031912
0.182638
0.029372
0.151686
-0.062386
0.059901
0.090403
-0.092887
0.059864
-0.001242
-0.092915
0.029325
-0.062386
-0.001242
0.059901
0.029315
-0.031800
-0.154171
0.182244
-0.031800
0.059864
0.029297
-0.031781
0.059827
-0.031772
0.090319
-0.031753
-0.001242
-0.001242
-0.001242
-0.001242
-0.001242
-0.001242
0.029269
-0.001242
-0.001242
-0.001242
-0.062274
-0.001242
-0.001242
-0.001242
-0.001242
0.059789
0.029260
0.029250
-0.031735
-0.001242
-0.062255
0.029269
-0.031753
0.059771
-0.001242
-0.001242
-0.031744
-0.001242
0.029260
-0.001242
0.029250
-0.001242
-0.031735
-0.031744
-0.001242
-0.001242
0.029260
0.029250
-0.001242
-0.031735
-0.062255
0.059771
-0.001242
-0.031744
-0.001242
-0.001242
0.029260
-0.031744
0.029260
-0.001242
-0.031744
-0.001242
0.029260
-0.001242
-0.031744
0.059752
0.029241
0.059696
-0.062181
-0.031725
-0.092747
-0.001242
-0.062292
0.059808
0.090263
-0.031735
0.059733
-0.031725
0.059715
-0.062199
0.029241
0.151034
-0.184002
-0.001242
END
