y[]
0.062465
-0.067574
0.029960
-0.002555
-0.035070
-0.067617
-0.035102
0.095054
-0.132721
-0.002555
-0.100291
0.062613
-0.002555
-0.230828
0.127951
0.127781
0.062549
-0.035102
0.062528
-0.100195
-0.132890
-0.067786
0.062677
0.062634
-0.100354
0.062655
0.225347
-0.002555
0.094959
0.192187
-0.002555
0.127063
-0.002555
-0.002555
-0.099752
0.029855
0.029844
0.094580
0.062149
0.062107
-0.034881
0.029771
0.126644
-0.002555
0.029719
-0.034828
-0.002555
0.061982
-0.067092
-0.002555
-0.002555
-0.034839
-0.034849
-0.002555
-0.034860
-0.002555
-0.002555
0.029750
0.062024
0.094235
-0.067071
0.158658
0.029656
0.061837
0.029625
-0.002555
-0.034735
0.061795
-0.002555
-0.034725
0.061775
0.029594
-0.002555
0.029584
-0.131172
-0.002555
-0.002555
-0.034735
0.029625
0.029615
0.029605
-0.002555
-0.034714
-0.034725
-0.002555
-0.034735
-0.002555
0.061795
-0.002555
-0.002555
-0.002555
0.029605
-0.034714
-0.163508
-0.002555
-0.002555
-0.067009
-0.034797
0.029688
0.061899
-0.002555
-0.002555
-0.034776
0.029667
0.029656
-0.131462
-0.196228
0.191119
-0.034808
-0.067092
0.029719
-0.034828
0.029719
-0.131712
0.094329
0.158710
0.061878
-0.163715
0.544334
-0.066740
0.125774
-0.098786
0.061609
0.061568
-0.066678
-0.066719
0.061609
-0.034632
-0.066740
-0.034663
0.125815
0.061568
-0.098755
0.061589
-0.162991
-0.034673
0.061671
0.029543
0.029532
-0.066740
0.061630
-0.034642
0.029532
0.157727
-0.066637
0.029491
-0.034601
-0.002555
0.157573
-0.098601
-0.098693
0.029502
-0.034611
-0.002555
0.029502
-0.034611
0.029502
-0.098755
-0.034642
0.029532
-0.034642
0.093676
-0.034622
-0.002555
-0.002555
-0.002555
-0.227310
0.061713
-0.002555
0.029563
-0.131090
-0.066884
0.061775
-0.002555
0.158088
-0.131048
0.093831
-0.002555
0.029553
-0.034663
0.061651
-0.002555
-0.034652
0.093707
0.061568
-0.002555
-0.066678
0.029512
-0.034622
-0.066719
0.029532
-0.034642
0.029532
-0.002555
0.029522
0.061568
-0.034611
0.029502
-0.002555
-0.034611
-0.002555
-0.002555
-0.002555
-0.034622
-0.002555
0.029512
-0.002555
-0.002555
-0.002555
0.029502
-0.034611
-0.002555
0.061548
-0.066657
0.029502
-0.002555
-0.002555
0.061527
-0.002555
0.029471
-0.034580
0.061486
-0.034570
-0.002555
0.029461
-0.002555
-0.002555
-0.002555
-0.002555
0.029450
0.029440
-0.002555
0.029430
-0.066534
-0.034560
-0.034570
-0.002555
-0.002555
-0.034580
-0.002555
-0.066637
-0.002555
-0.002555
-0.002555
0.061527
0.029471
-0.002555
-0.034580
0.029471
-0.034580
-0.002555
-0.066637
-0.002555
0.093553
-0.066616
0.061507
0.189384
-0.130473
-0.098601
-0.034591
0.029481
0.029471
-0.098662
-0.002555
-0.130842
0.061609
-0.002555
-0.066719
0.061609
-0.002555
0.093614
-0.034601
-0.002555
-0.034611
-0.002555
0.029502
0.029491
0.061507
0.061466
0.061425
-0.034539
-0.066555
0.029450
-0.066575
-0.002555
-0.034580
-0.034591
0.061507
0.061466
0.061425
-0.162580
0.029471
-0.002555
-0.066616
-0.002555
-0.002555
0.029481
-0.548565
0.511420
-0.034601
0.029491
-0.034601
0.029491
0.029481
-0.034591
0.029481
0.029471
-0.002555
-0.002555
-0.002555
-0.034580
-0.002555
-0.002555
-0.002555
-0.066637
0.061527
-0.002555
0.029471
-0.034580
0.093491
-0.034560
0.061445
-0.066555
0.029450
-0.066575
-0.002555
-0.002555
-0.034580
0.061486
-0.034570
-0.034580
-0.002555
-0.002555
-0.130760
0.029512
-0.034622
0.061568
-0.002555
-0.002555
-0.002555
-0.002555
-0.002555
0.029491
-0.034601
0.029491
-0.034601
-0.002555
-0.002555
-0.002555
-0.002555
0.029491
-0.034601
-0.066678
0.029512
-0.002555
-0.002555
-0.002555
-0.034622
-0.002555
0.029512
-0.034622
-0.002555
-0.002555
-0.002555
0.029512
-0.034622
-0.002555
-0.034632
-0.002555
-0.002555
-0.002555
0.029522
-0.034632
0.029522
-0.034632
-0.002555
-0.002555
0.029522
-0.002555
-0.002555
-0.002555
-0.002555
-0.002555
-0.002555
-0.002555
-0.002555
-0.002555
0.029512
-0.034622
-0.002555
-0.002555
-0.002555
-0.034632
0.317753
0.061384
-0.034519
-0.002555
-0.002555
-0.034529
0.029420
-0.002555
-0.098509
-0.002555
-0.002555
-0.130637
-0.098724
-0.098817
-0.002555
-0.034663
-0.131090
-0.002555
0.061733
0.029574
-0.098971
-0.034714
-0.034725
0.093924
-0.066863
0.029605
-0.034714
0.029605
-0.163456
-0.066988
-0.163819
0.061982
-0.002555
0.319507
-0.292363
0.094141
0.094048
-0.034745
-0.002555
0.029636
-0.002555
-0.002555
-0.034745
-0.002555
-0.002555
0.029636
-0.066946
-0.002555
0.029646
0.126145
END
