y[]
0.025120
0.112308
0.112173
0.054050
-0.032978
0.025035
0.025027
0.025019
0.111904
0.053916
-0.003971
-0.032911
-0.148794
0.082948
0.024985
-0.090865
-0.090940
-0.003971
0.025027
0.025019
-0.003971
-0.149004
0.054067
-0.003971
-0.032986
0.025044
-0.062009
-0.003971
0.025052
-0.032995
-0.003971
-0.003971
-0.003971
0.025052
-0.032995
-0.003971
-0.003971
-0.003971
0.025052
-0.032995
-0.091092
-0.062094
-0.120318
-0.120453
-0.091422
-0.179103
-0.003971
0.083633
-0.033164
-0.033173
0.025230
0.025222
0.025213
0.054372
0.083480
-0.062263
0.025179
-0.033121
0.083454
-0.003971
-0.120555
0.054338
-0.003971
0.025171
0.025162
0.141568
-0.033062
-0.003971
-0.003971
-0.033071
-0.003971
-0.003971
-0.062195
-0.062229
-0.062263
-0.383700
-0.033241
0.083812
-0.179615
-0.091909
-0.033301
-0.150749
-0.003971
-0.209823
-0.033413
-0.151312
0.143369
0.260696
0.172085
0.054645
-0.091909
-0.062639
-0.033318
0.025376
0.113331
-0.003971
-0.003971
0.025333
0.025324
-0.062571
0.025333
-0.150577
-0.033318
-0.092064
-0.062743
-0.062777
-0.033387
-0.062829
0.113710
0.054818
0.025410
0.084122
0.054714
0.025359
-0.091986
-0.062691
-0.180338
0.025445
-0.003971
-0.033387
-0.062829
-0.121792
0.113849
-0.062864
0.113780
-0.151182
-0.180910
-0.033491
0.143543
-0.033457
-0.181067
-0.181381
-0.003971
-0.003971
0.114337
-0.033535
-0.003971
0.025593
-0.092689
0.173386
0.025558
0.114058
-0.092480
0.025540
0.084511
0.202184
0.113641
-0.062760
-0.003971
-0.062795
0.143023
-0.092142
-0.033379
0.113607
-0.180390
-0.092297
0.113780
-0.121722
0.025480
-0.003971
-0.003971
0.260696
-0.092116
-0.033370
0.142936
0.172034
0.025333
-0.062588
-0.062622
0.113296
-0.003971
0.054611
-0.033258
-0.062571
-0.033284
-0.003971
0.142506
-0.033249
-0.003971
-0.062554
-0.003971
-0.003971
0.113159
-0.003971
-0.033241
0.083812
0.025273
0.025264
-0.003971
-0.033207
-0.003971
-0.003971
-0.003971
0.025264
-0.150234
-0.033249
-0.033258
-0.003971
0.054594
-0.003971
-0.003971
0.025299
0.054543
-0.003971
0.054508
-0.003971
-0.033207
-0.003971
-0.033215
-0.033224
0.025281
-0.062485
0.054543
-0.003971
-0.003971
-0.033224
-0.062502
-0.062536
-0.062571
0.025333
-0.062588
-0.003971
0.083941
-0.091883
-0.003971
-0.033292
-0.003971
0.171827
-0.003971
-0.121136
0.025333
-0.003971
0.113159
-0.062519
-0.121170
0.083941
0.317714
-0.091601
0.229537
0.083454
0.228790
0.083175
-0.062060
-0.003971
-0.033028
0.083175
-0.091117
-0.062111
-0.003971
0.054168
-0.033037
0.257315
-0.120014
0.083074
0.111971
0.024993
-0.032936
0.053949
-0.003971
-0.003971
-0.177834
0.054017
-0.061959
0.025027
-0.061976
0.083023
-0.032961
0.025019
-0.032961
-0.120014
-0.091092
0.025077
0.054101
0.054067
0.083023
0.053983
-0.032944
-0.090940
0.054017
-0.032961
0.025019
-0.003971
0.111904
0.024977
-0.032919
0.140684
-0.003971
-0.032885
-0.061825
-0.003971
-0.061858
-0.032927
0.082872
-0.032911
0.024968
-0.032911
-0.090840
0.111837
0.256107
-0.003971
0.082571
-0.292738
0.169389
-0.003971
-0.003971
0.111436
0.082497
-0.003971
0.024835
-0.148084
-0.119411
-0.061741
0.024918
0.111502
-0.090564
-0.119545
-0.003971
-0.090739
0.024960
0.024951
0.024943
-0.003971
-0.061808
-0.003971
0.053866
-0.032885
0.024943
-0.032885
-0.003971
-0.003971
0.053849
-0.032877
-0.032885
-0.032894
-0.003971
-0.003971
-0.061842
0.053899
-0.032902
-0.003971
0.024960
-0.003971
0.024951
-0.061825
0.024960
0.024951
-0.032894
-0.003971
-0.003971
0.024951
-0.032894
-0.003971
0.053866
-0.003971
-0.003971
-0.032885
-0.032894
0.024951
-0.032894
-0.032902
-0.032911
-0.032919
-0.003971
-0.032927
0.140726
0.111636
-0.061758
-0.032877
-0.061808
0.024951
0.053849
-0.032877
-0.032885
-0.032894
0.082772
-0.032877
0.140475
0.111436
0.168890
0.139852
-0.176583
0.024818
-0.003971
0.024810
0.024802
-0.061525
-0.090364
-0.176982
0.226643
0.254836
-0.061426
0.082199
0.139480
0.053352
-0.089968
0.024703
0.082001
-0.061278
-0.032637
0.167899
-0.061229
-0.032612
0.053303
0.053270
-0.032588
-0.061229
0.081903
-0.061212
0.053270
0.053237
0.024621
0.081755
0.138743
-0.061033
-0.061065
-0.032530
0.024588
0.053123
0.024564
-0.032506
-0.032514
-0.089649
-0.003971
0.024596
0.024588
0.024580
0.024572
-0.003971
-0.003971
-0.032514
-0.032522
-0.003971
-0.061098
-0.032547
0.024604
0.053155
-0.089673
-0.089747
-0.003971
-0.003971
0.053221
-0.032563
0.024621
END
