y[]
-0.001881
0.053891
-0.001881
0.025993
-0.057638
-0.001881
0.053876
-0.001881
-0.029756
0.109571
-0.029732
-0.057607
0.025986
-0.001881
-0.001881
0.165157
-0.029701
-0.029709
-0.057560
0.025962
0.053783
-0.029709
0.053767
-0.057529
-0.001881
-0.001881
0.192753
-0.140867
-0.057529
0.025947
0.109354
0.109230
-0.029647
-0.307819
0.276283
0.025893
-0.502996
0.415889
-0.001881
-0.029678
-0.113147
0.081580
0.025924
-0.113147
-0.001881
-0.029717
0.025955
0.053767
0.137104
-0.057452
0.025908
0.025901
-0.085249
-0.029686
0.081510
-0.057468
-0.001881
0.053705
0.109199
-0.057406
0.081394
-0.057390
0.025877
0.219910
-0.306971
0.303209
0.053490
-0.057252
-0.001881
-0.029578
0.053505
-0.029570
0.081164
-0.390016
0.330898
-0.001881
-0.029570
-0.057283
0.053521
0.081164
0.081095
-0.029532
0.053413
-0.250947
0.053521
-0.223672
0.025870
0.136757
0.357682
-0.140022
0.163865
-0.057099
-0.057130
-0.084811
0.108677
-0.112439
-0.112562
-0.057267
0.108861
0.025785
-0.001881
0.081072
0.108616
0.025724
-0.084720
-0.001881
0.108555
-0.001881
-0.029479
0.108464
-0.084628
-0.084697
-0.084766
-0.001881
-0.029525
0.025762
-0.029525
0.081026
-0.084788
0.053398
-0.029517
-0.029525
0.081026
-0.001881
-0.057145
0.053383
-0.029509
-0.001881
-0.001881
-0.029517
-0.112501
-0.057237
0.025801
0.025793
0.053444
0.025770
-0.084857
0.053444
-0.001881
-0.001881
0.053413
-0.001881
-0.001881
0.053383
-0.029509
-0.001881
0.025747
-0.029509
-0.001881
-0.057160
0.025762
-0.001881
0.081003
-0.029502
-0.057145
-0.001881
0.025755
-0.001881
0.025747
-0.057145
0.025755
-0.029517
-0.001881
-0.029525
-0.029532
0.053413
-0.029525
-0.084857
0.053444
0.025770
-0.029532
-0.029540
-0.001881
0.053429
0.025762
-0.057176
0.108677
0.025739
-0.223059
0.053459
-0.001881
-0.001881
-0.029547
-0.057237
0.053475
0.025785
-0.001881
-0.029547
-0.001881
0.053444
0.025770
0.108647
-0.029502
-0.001881
-0.057145
-0.001881
-0.001881
-0.001881
-0.057176
0.081049
-0.001881
-0.084811
0.025770
0.081026
-0.001881
-0.029509
-0.029517
-0.029525
-0.001881
0.081026
-0.029509
-0.029517
-0.029525
-0.001881
0.081026
-0.029509
-0.029517
0.025755
-0.029517
0.025755
0.025747
-0.001881
0.053352
0.053322
-0.001881
-0.029479
0.025717
-0.001881
0.080866
-0.001881
-0.029456
-0.001881
-0.001881
-0.029464
0.273601
-0.084446
-0.112074
-0.029448
0.053246
0.108281
-0.084492
-0.056993
0.053230
-0.167307
-0.057084
0.025724
0.053307
0.025701
-0.112256
0.218748
-0.029433
0.053215
0.053185
-0.056947
0.053185
-0.001881
-0.029410
-0.112074
-0.057023
0.053261
-0.029448
-0.195065
-0.029509
-0.029517
-0.084834
-0.001881
0.108708
-0.001881
-0.223181
-0.195921
0.164462
-0.001881
0.081187
-0.029563
-0.057267
-0.112746
-0.085110
-0.029640
0.109107
-0.001881
0.053567
-0.112807
0.025862
-0.057375
-0.029640
0.053628
-0.057390
0.081371
-0.112900
0.053644
-0.057406
0.053644
0.025870
0.081325
0.053551
-0.057313
-0.057344
-0.029624
-0.029632
-0.029640
-0.112992
0.053690
-0.001881
-0.001881
0.136911
-0.057375
-0.057406
0.053644
-0.112961
-0.029670
-0.001881
-0.001881
0.025908
0.053674
-0.001881
-0.029655
-0.057452
-0.057483
0.025924
0.081487
0.025893
0.053644
-0.029640
-0.112992
0.025908
-0.057468
-0.057498
-0.196786
-0.085528
0.026009
0.193132
0.025947
0.137143
-0.057468
-0.085319
0.137143
-0.029670
0.136988
-0.001881
-0.029640
-0.085203
-0.057468
-0.113147
-0.001881
0.081580
-0.001881
0.053721
-0.001881
-0.029678
0.053705
0.136950
0.081325
-0.001881
-0.001881
-0.140597
-0.029647
0.053644
-0.085180
-0.029663
0.109199
-0.057406
-0.113023
0.164786
-0.085180
0.053659
-0.029647
0.164601
0.025839
0.025831
0.025824
-0.001881
-0.057298
0.108922
-0.057267
0.025816
0.081164
-0.140328
0.025824
0.025816
0.025808
-0.029570
-0.084995
-0.029601
-0.029609
0.053567
-0.168317
0.109107
-0.029617
-0.029624
0.109045
-0.001881
-0.057329
0.025847
0.136642
-0.140404
-0.085087
-0.001881
0.053597
-0.001881
-0.029617
-0.057375
0.053613
-0.001881
-0.001881
-0.001881
0.081302
0.053536
0.053505
-0.029570
-0.057283
0.025824
-0.057298
-0.029601
0.053551
-0.001881
-0.001881
-0.001881
0.053521
0.053490
0.053459
-0.057221
0.025793
-0.001881
-0.029555
-0.001881
-0.001881
0.025793
0.081095
-0.029532
0.053413
0.025755
-0.029517
-0.001881
-0.057176
-0.029540
-0.001881
0.025778
-0.057206
-0.001881
-0.029555
-0.057252
0.081164
0.025785
END
