y[]
0.227858
0.461459
-0.275045
0.126517
0.059493
-0.007397
0.226365
-0.107514
-0.040791
-0.040803
0.026009
0.059381
0.092687
0.092586
0.092487
-0.107280
0.025909
0.092453
0.125582
-0.107114
0.092321
0.158578
-0.406201
0.059181
-0.040680
-0.107314
-0.040725
-0.040736
0.025942
0.059248
-0.040714
-0.040725
0.025931
0.159076
0.125582
0.357385
0.091859
0.124791
0.157592
-0.172386
0.025623
-0.073447
-0.007397
-0.040438
-0.040449
-0.106620
-0.007397
0.025688
-0.007397
-0.040482
0.025688
0.058741
-0.073534
-0.040482
-0.106718
0.058828
0.025699
-0.073600
-0.007397
-0.007397
-0.007397
-0.007397
0.058806
0.025688
-0.040482
-0.040493
-0.007397
0.058784
0.025677
0.025666
-0.073534
-0.040482
-0.040493
-0.139891
-0.040548
0.025754
-0.007397
-0.073710
-0.007397
-0.007397
0.158303
-0.106784
0.091990
-0.040515
0.025721
-0.040515
0.025721
-0.040515
-0.040526
-0.040537
-0.040548
0.025754
0.058872
-0.106817
-0.040559
-0.140155
-0.173593
0.025864
0.125538
-0.040614
0.125405
-0.040581
0.058960
-0.007397
-0.040570
-0.007397
-0.007397
0.092089
-0.040548
-0.007397
-0.040559
0.058916
0.025743
0.025732
0.025721
0.025710
0.025699
-0.571526
0.523637
-0.007397
0.025699
0.025688
0.025677
0.124791
0.091629
-0.040395
-0.040406
0.091597
-0.040384
-0.073403
0.058610
-0.007397
-0.007397
0.025590
-0.040384
0.025590
0.025579
-0.040373
0.025579
-0.007397
-0.007397
0.025568
0.025557
-0.040351
-0.007397
-0.007397
-0.007397
-0.040362
-0.007397
-0.007397
-0.007397
-0.007397
-0.007397
-0.040373
-0.007397
-0.040384
0.025590
-0.007397
-0.007397
-0.007397
0.025579
0.025568
0.025557
-0.040351
0.025557
-0.040351
-0.007397
0.025557
-0.007397
-0.073316
0.058523
0.058479
-0.106227
-0.040362
0.058523
0.025547
-0.040340
-0.106293
-0.007397
0.025579
0.025568
0.025557
-0.073316
0.025568
-0.073338
-0.106390
-0.073447
-0.007397
-0.040438
0.157701
0.025590
0.025579
-0.040373
-0.007397
-0.007397
0.058544
0.058501
0.157158
0.025482
0.058328
0.025449
-0.007397
-0.007397
-0.073100
-0.007397
-0.007397
-0.073143
-0.073186
0.025503
0.025492
-0.040286
0.091239
-0.106032
-0.270902
0.025579
-0.007397
-0.139367
-0.007397
-0.040417
0.058632
0.025601
-0.007397
0.025590
-0.106390
-0.040417
-0.007397
0.091629
-0.073403
0.025612
-0.007397
-0.007397
0.058588
-0.007397
-0.007397
-0.007397
0.058544
-0.007397
0.025557
-0.040351
0.025557
-0.073316
0.025568
-0.007397
-0.040362
0.025568
0.025557
0.025547
0.025536
-0.040330
0.058458
-0.007397
-0.040319
0.058436
-0.007397
0.091271
-0.040275
-0.040286
-0.040297
-0.007397
-0.040308
-0.106195
0.124312
0.025503
0.091239
-0.073143
0.091206
-0.073121
0.025471
-0.040265
0.058328
0.091109
-0.040221
0.156618
-0.105774
-0.040211
0.058220
-0.040200
-0.040211
-0.105903
-0.040254
-0.073143
0.025482
0.025471
0.058306
-0.007397
-0.040243
-0.007397
-0.007397
-0.007397
-0.007397
0.025449
-0.073100
0.025460
-0.007397
0.025449
-0.007397
0.025438
-0.007397
0.025428
-0.007397
0.025417
-0.007397
-0.040211
-0.040221
-0.007397
-0.007397
-0.007397
-0.007397
-0.007397
-0.040232
-0.007397
-0.007397
-0.007397
0.025438
-0.073078
-0.007397
-0.007397
0.025449
-0.040243
-0.040254
0.025460
-0.073121
0.386304
-0.007397
-0.072906
0.025363
-0.007397
0.123536
-0.072842
-0.007397
-0.040135
0.025342
-0.072885
-0.040157
-0.007397
-0.007397
-0.138544
-0.007397
-0.105871
0.025438
-0.007397
0.123837
-0.105806
0.025417
-0.007397
0.058198
-0.072992
-0.007397
-0.040211
0.025417
-0.007397
0.025406
-0.007397
-0.007397
-0.073014
0.025417
-0.007397
0.025406
-0.007397
0.025395
0.058155
-0.040168
-0.040178
-0.040189
-0.007397
-0.007397
-0.040200
0.025406
-0.007397
0.025395
-0.007397
-0.007397
-0.072992
-0.040211
0.058220
0.025395
-0.007397
-0.040189
0.025395
-0.007397
-0.040189
0.156457
-0.007397
-0.007397
-0.007397
-0.007397
-0.040146
0.025352
-0.138458
0.156403
0.025331
-0.007397
0.025320
-0.236642
0.189131
0.025320
0.025310
-0.040103
-0.236642
0.319936
-0.072778
-0.007397
-0.007397
0.057984
-0.072778
-0.040103
0.025310
-0.072820
0.025320
-0.007397
0.025310
-0.007397
-0.269349
0.352610
-0.007397
-0.040071
-0.072778
-0.007397
-0.007397
0.025299
-0.007397
0.123279
-0.007397
0.123109
0.057792
0.025182
-0.007397
-0.007397
-0.039975
-0.039986
-0.039997
-0.007397
0.025203
0.057771
0.025171
-0.039965
0.057729
-0.007397
-0.007397
-0.072522
0.025171
-0.039965
0.025171
END
