y[]
-0.028148
0.098866
0.003613
0.003613
0.003613
0.035344
-0.091610
0.067105
0.003613
-0.091640
0.035374
-0.059919
-0.059960
0.067186
0.003613
0.003613
0.098896
0.067085
-0.059859
0.035354
0.035344
-0.028118
0.035344
-0.028118
-0.028128
0.162217
-0.059799
0.067025
0.066984
-0.059758
0.003613
-0.028088
0.035314
-0.154991
-0.028138
0.067105
0.035344
0.035334
-0.028108
0.067045
0.067004
0.003613
-0.028078
-0.313848
-0.091822
-0.091913
0.067307
-0.091944
0.099170
0.194453
0.003613
0.035384
-0.028158
-0.059960
0.035404
-0.028178
-0.123654
0.194453
-0.028168
0.003613
-0.028178
-0.060000
-0.155597
0.258228
-0.091792
-0.060041
0.035445
0.035435
0.003613
0.035425
0.003613
0.003613
0.003613
0.035415
0.003613
0.003613
0.003613
-0.060000
0.035425
0.003613
0.067206
-0.028178
0.067186
-0.059960
0.003613
0.035404
0.035394
-0.059960
0.003613
0.067186
0.003613
-0.028168
0.003613
-0.028178
-0.028189
0.003613
0.003613
-0.028199
-0.028209
-0.028219
-0.091944
0.067328
0.035455
0.003613
-0.028229
0.035455
0.035445
0.003613
0.067246
-0.060021
0.003613
0.035435
-0.028209
-0.028219
0.067267
0.003613
0.003613
0.003613
0.067226
-0.091822
-0.028219
0.035445
0.003613
0.194392
-0.091731
0.035404
-0.028178
0.035404
0.003613
-0.028178
-0.028189
0.003613
0.035415
0.035404
-0.123614
-0.060061
0.035455
0.035445
0.035435
-0.251245
0.067388
-0.028270
-0.060183
0.035516
-0.187958
-0.028351
0.067531
-0.092280
0.035587
0.003613
0.003613
0.099475
0.067470
0.003613
0.003613
-0.156106
0.003613
-0.060346
0.003613
0.131490
-0.060305
0.035577
0.035567
0.003613
-0.092280
0.003613
0.003613
0.035587
0.099475
0.003613
0.163179
0.003613
-0.028280
0.003613
-0.028290
0.003613
-0.092157
-0.060285
0.003613
-0.028351
0.035577
0.003613
0.067511
0.067470
-0.028310
-0.028321
-0.028331
-0.028341
0.099444
0.099353
-0.060203
0.003613
0.354099
0.067206
0.098927
-0.091701
0.003613
0.003613
-0.059980
-0.219282
0.099200
-0.123857
-0.124019
-0.476465
-0.092680
0.131983
-0.285451
0.067922
0.164204
0.163946
0.035649
-0.060469
-0.060510
-0.060551
0.131900
-0.092587
-0.221214
0.035762
-0.092866
-0.350940
0.197161
-0.028619
-0.125419
0.003613
-0.060966
0.132729
0.229165
0.035793
-0.092959
0.132355
-0.060737
-0.028578
0.132313
-0.060716
0.164359
-0.124963
0.067922
-0.028536
0.003613
0.003613
-0.060716
-0.092959
0.100185
0.003613
-0.028567
-0.028578
0.035804
-0.092990
0.035824
0.003613
0.100185
0.003613
0.003613
-0.060758
-0.125253
0.068067
0.035824
-0.093052
0.068067
0.068025
0.100154
-0.028557
0.003613
0.003613
0.067942
-0.028547
0.035772
-0.092897
0.003613
0.067963
-0.028557
0.067942
0.067901
-0.641135
-0.125837
-0.061175
0.036012
-0.061196
0.133189
0.003613
0.003613
0.068338
0.035960
-0.061091
0.068317
0.003613
0.390960
0.003613
0.068025
-0.028588
0.003613
-0.060820
0.164618
0.035783
0.292677
0.003613
0.227864
-0.092433
0.035639
-0.028413
0.035639
-0.092495
0.003613
0.035659
-0.124633
0.003613
-0.124798
0.035731
0.035721
-0.028495
-0.124922
0.196353
0.035700
-0.092680
0.035721
0.003613
-0.028495
0.067818
-0.124839
-0.060675
0.003613
-0.092897
-0.092990
0.003613
0.164566
-0.060737
-0.028578
-0.060799
-0.189873
0.132645
0.068067
0.035824
-0.060820
-0.060862
0.003613
0.068088
0.068046
0.003613
0.068004
-0.189686
0.003613
0.003613
-0.028640
0.100340
0.035835
0.035824
-0.028598
-0.060841
-0.222303
-0.125711
-0.028744
0.003613
-0.158330
-0.061238
-0.028828
-0.158751
0.165977
-0.093774
-0.061364
0.165977
0.036054
0.133273
0.003613
0.100748
-0.028755
0.133021
-0.028723
-0.158226
0.036002
-0.061175
0.003613
0.100779
0.133021
0.068254
-0.061028
-0.028723
-0.028734
0.035960
0.035949
0.068254
0.035918
0.003613
-0.028692
0.003613
0.003613
-0.093365
0.003613
0.003613
0.035949
0.003613
-0.028723
0.003613
0.035949
0.003613
0.035939
0.003613
0.068233
-0.028692
-0.028702
0.100528
0.003613
-0.028682
0.035907
-0.060987
0.035918
0.068192
-0.028671
0.068171
0.035876
0.068108
-0.028629
0.035855
0.003613
0.035845
0.003613
0.003613
0.003613
0.003613
0.003613
0.035835
0.035824
0.003613
-0.028598
0.164566
0.003613
-0.060737
0.003613
0.003613
0.003613
-0.060779
0.035814
0.003613
-0.028588
-0.028598
-0.093083
0.003613
0.100309
0.003613
-0.189873
0.003613
-0.028671
0.068171
0.003613
END
