y[]
0.034648
-0.001976
-0.111886
0.034674
-0.075290
-0.001976
-0.001976
-0.038653
0.034701
-0.001976
0.034688
0.071311
-0.038613
0.034661
-0.001976
-0.001976
-0.075263
-0.001976
-0.075316
-0.001976
-0.001976
0.034701
0.034688
-0.001976
0.071311
-0.185294
-0.001976
0.034715
-0.075370
-0.075424
-0.075478
0.034782
0.034769
-0.038720
-0.001976
0.108217
-0.001976
-0.148927
0.181679
0.071392
0.034688
-0.112007
-0.038680
0.034728
-0.001976
-0.001976
0.034715
0.034701
-0.038653
-0.112088
-0.001976
-0.112209
0.034782
-0.038734
-0.075532
-0.001976
0.034809
-0.038761
0.071581
-0.001976
-0.075532
-0.001976
0.034809
-0.075559
0.071608
-0.001976
-0.075559
0.071608
-0.038761
-0.001976
-0.075586
0.071635
-0.075586
-0.038801
-0.001976
0.034850
-0.075641
0.071689
-0.075641
0.108501
-0.038788
0.034836
-0.001976
0.034823
-0.038774
-0.001976
0.034823
-0.001976
0.034809
0.034796
-0.038747
-0.001976
-0.001976
0.034796
-0.038747
0.034796
-0.038747
0.071554
0.034769
-0.075478
-0.112331
-0.038788
0.034836
0.034823
-0.038774
-0.038788
0.071635
0.108339
-0.001976
-0.149089
-0.075614
-0.075668
-0.001976
0.034877
-0.001976
0.071689
-0.038801
0.034850
-0.038801
0.071662
0.034823
0.034809
0.034796
-0.001976
-0.001976
-0.038747
-0.001976
-0.001976
0.071554
-0.001976
-0.038734
0.034782
0.034769
0.034755
-0.038707
0.034755
-0.001976
-0.001976
-0.001976
0.034742
-0.038693
0.071446
-0.001976
-0.001976
-0.001976
-0.038680
-0.001976
-0.038693
0.034742
-0.038693
0.071446
-0.038680
-0.001976
-0.038693
-0.001976
-0.001976
-0.001976
-0.001976
-0.038707
-0.001976
-0.038720
-0.001976
0.034769
-0.001976
0.071473
-0.001976
-0.001976
0.034728
0.034715
-0.001976
-0.038666
-0.001976
-0.001976
0.071392
0.071338
-0.038626
-0.038639
0.034688
-0.222159
0.144867
-0.112088
0.071446
-0.001976
-0.185631
0.108258
-0.112209
-0.001976
0.071527
-0.038720
0.108217
-0.001976
-0.038693
0.071446
0.034715
-0.001976
0.034701
0.034688
0.144544
-0.075209
0.071257
0.034621
-0.001976
-0.001976
-0.038572
0.034621
-0.001976
-0.038572
-0.001976
-0.001976
0.034621
-0.111806
0.107854
-0.038572
-0.075209
-0.038613
0.217644
0.144170
-0.001976
-0.038492
0.144010
-0.038452
-0.038465
0.070990
-0.001976
-0.111445
0.071017
-0.001976
-0.001976
0.034501
-0.001976
-0.001976
0.070937
-0.074889
-0.038452
-0.001976
0.034501
0.034487
0.034474
-0.038426
-0.001976
-0.038439
0.034487
0.034474
0.034461
0.034447
-0.038399
-0.038412
-0.111365
0.107413
0.070884
-0.111285
-0.038439
-0.001976
-0.111445
-0.148121
-0.184958
0.144437
0.071150
-0.111685
-0.001976
0.071177
0.071124
-0.075075
0.034581
-0.038532
0.034581
-0.001976
-0.038532
-0.038546
0.107693
-0.075075
-0.001976
-0.221595
0.217644
-0.038546
-0.001976
0.034594
-0.001976
-0.001976
-0.001976
0.034581
0.071097
-0.001976
0.071044
-0.001976
-0.038479
-0.038492
0.034541
-0.038492
-0.001976
0.034541
0.034527
-0.001976
-0.001976
-0.038479
-0.038492
-0.001976
0.034541
-0.001976
0.071017
-0.074969
-0.001976
0.071017
-0.001976
-0.001976
-0.001976
-0.001976
0.034501
-0.074942
0.034514
-0.001976
-0.001976
-0.001976
-0.001976
-0.001976
-0.001976
0.034501
-0.038452
-0.038465
-0.111525
-0.184825
0.034621
0.071177
0.034581
-0.038532
0.071124
0.034554
-0.111605
0.107653
0.071044
0.034514
-0.074969
0.143956
0.034474
-0.038426
-0.074915
-0.074969
-0.038492
-0.038505
0.107573
-0.001976
0.034514
-0.038465
-0.001976
-0.074995
-0.001976
0.107533
-0.001976
0.070964
-0.074915
0.034501
0.034487
-0.038439
0.070937
0.034461
-0.074862
0.070911
-0.038412
0.143691
-0.001976
0.143479
-0.001976
-0.038320
-0.001976
-0.001976
0.034368
0.034355
0.106937
-0.110888
0.034342
0.034328
0.034315
-0.038267
0.034315
-0.110888
-0.001976
0.034342
-0.001976
-0.038293
-0.111007
-0.001976
-0.038346
0.107095
-0.001976
-0.074677
0.034381
0.034368
-0.074677
0.034381
-0.001976
-0.038333
-0.183959
-0.038412
0.107294
-0.074809
0.070857
-0.001976
0.070804
-0.111166
0.107214
0.034394
0.034381
0.107016
-0.038293
0.034342
-0.001976
-0.074624
0.106976
-0.001976
-0.074597
-0.001976
-0.001976
-0.038306
0.034355
-0.001976
0.106937
-0.038267
-0.001976
0.106858
-0.001976
-0.001976
-0.001976
-0.038241
0.034289
-0.001976
-0.038241
0.034289
-0.001976
-0.001976
-0.147114
-0.001976
-0.038293
-0.001976
0.034342
-0.001976
0.034328
-0.038280
-0.038293
0.034342
-0.038293
0.070646
-0.038280
-0.001976
END
