y[]
0.035619
-0.000489
-0.000489
-0.072717
-0.000489
-0.000489
0.035632
-0.000489
-0.000489
-0.000489
0.035619
-0.036596
-0.000489
-0.000489
-0.000489
-0.000489
0.035619
-0.036596
-0.000489
-0.000489
-0.000489
-0.000489
-0.000489
0.035619
-0.036596
-0.036609
-0.000489
-0.000489
0.252082
0.107561
-0.000489
0.071480
-0.000489
-0.000489
-0.072457
0.035502
0.035489
0.035476
-0.036453
-0.108461
-0.361239
0.035645
-0.036622
0.107873
-0.000489
-0.000489
-0.000489
-0.000489
0.107756
-0.144841
0.071714
-0.000489
0.035593
-0.000489
-0.144893
-0.036622
0.035645
-0.000489
-0.000489
-0.762052
0.399149
-0.145627
-0.109480
0.181099
0.108306
-0.073005
0.072028
-0.036740
-0.000489
-0.036753
0.035776
-0.036753
0.072028
-0.000489
0.108187
0.144229
0.216196
0.071635
-0.072613
-0.000489
-0.000489
-0.036570
-0.000489
-0.036583
-0.036596
0.107795
-0.108772
-0.072743
-0.000489
0.071766
-0.036609
0.035632
-0.000489
0.035619
-0.072717
-0.036622
0.035645
-0.000489
0.071740
-0.036596
0.035619
0.035606
-0.036583
-0.036596
-0.036609
-0.036622
-0.072795
0.071818
0.143968
-0.072691
-0.072743
-0.036635
0.035658
-0.000489
0.035645
0.216040
-0.108694
-0.072691
0.035619
0.035606
-0.036583
0.107756
-0.108733
-0.036596
0.035619
0.071688
-0.000489
-0.217173
-0.217644
-0.290765
-0.000489
0.108464
-0.073110
-0.036819
0.035842
-0.036819
0.108464
-0.036793
-0.036806
0.035829
-0.000489
-0.000489
-0.073137
-0.145943
-0.036885
-0.073322
-0.036925
0.035948
-0.109838
-0.000489
0.035974
0.072398
0.035935
-0.109798
-0.000489
0.035961
0.035948
-0.000489
0.108741
0.035895
-0.073269
0.035908
0.035895
0.035882
-0.000489
0.035868
0.035855
0.108464
0.035802
-0.000489
-0.036780
-0.036793
0.035816
-0.000489
0.035802
-0.000489
-0.000489
-0.000489
0.216982
-0.072926
0.035737
-0.072952
-0.000489
0.035750
-0.000489
-0.036727
0.035750
-0.000489
-0.000489
-0.036727
-0.327227
-0.036859
-0.146102
0.035935
-0.000489
-0.073348
-0.073401
-0.073455
0.072477
0.035974
-0.036952
0.035974
-0.000489
-0.036952
-0.000489
-0.219547
-0.000489
0.036054
-0.000489
0.072557
-0.073535
0.072557
-0.000489
0.036014
-0.073508
-0.073561
-0.000489
-0.073615
0.036081
-0.073641
-0.146955
-0.000489
0.072771
-0.000489
-0.073749
0.072771
0.072718
-0.000489
-0.000489
0.036095
0.036081
0.036068
-0.037045
-0.037058
-0.110278
0.109301
0.036081
-0.073641
0.036095
-0.037072
0.036095
-0.073668
-0.000489
-0.000489
-0.073722
-0.000489
-0.000489
0.036135
-0.073749
-0.110479
0.036188
-0.000489
-0.037166
0.109502
0.036148
-0.037125
-0.000489
0.036148
0.072745
-0.073722
0.219050
0.072584
0.036028
0.036014
-0.000489
0.181827
0.145125
0.035882
0.035868
-0.073216
0.072239
0.035855
0.217297
0.035763
0.035750
0.144334
-0.109086
-0.072952
-0.000489
0.071975
-0.072952
0.071975
0.035724
0.144229
-0.000489
-0.000489
0.071792
-0.108929
-0.000489
-0.000489
-0.036662
0.035684
-0.036662
0.035684
-0.109047
-0.109165
0.035750
-0.036727
0.071975
-0.000489
-0.000489
-0.000489
0.035724
-0.036701
-0.036714
-0.000489
-0.000489
-0.000489
-0.000489
-0.000489
-0.000489
-0.000489
-0.036727
-0.000489
0.035750
0.035737
0.035724
-0.036701
0.035724
-0.000489
0.035710
-0.145364
-0.036740
-0.000489
0.072001
0.035737
-0.036714
0.108148
0.144177
0.035645
0.035632
0.035619
-0.000489
-0.108851
-0.072795
-0.036662
-0.000489
-0.036675
-0.000489
-0.109125
0.108148
-0.000489
0.396839
-0.036544
0.035567
0.107600
-0.036505
0.071532
-0.072509
0.071532
-0.072509
-0.144685
-0.072665
0.035606
-0.036583
-0.000489
-0.000489
-0.289715
-0.254250
0.072080
0.035776
0.035763
-0.036740
0.035763
-0.109283
-0.000489
-0.109401
-0.145890
0.144913
0.108424
-0.036780
0.072080
-0.036766
0.035789
0.072028
0.397414
-0.036596
-0.000489
-0.036609
-0.000489
-0.036622
-0.036635
0.071792
-0.072769
-0.072821
0.035684
-0.000489
-0.000489
0.035671
-0.036648
-0.072848
-0.072900
0.108109
0.035684
-0.036662
-0.000489
-0.036675
0.216431
0.143864
0.107639
-0.144685
-0.000489
-0.036570
-0.000489
-0.217252
-0.036662
-0.000489
-0.254066
0.144491
0.180441
0.035658
0.035645
0.035632
0.071714
-0.108811
0.035632
0.179919
-0.180896
0.035619
-0.144997
-0.072821
-0.072874
0.180376
0.143968
-0.108811
-0.036622
-0.000489
-0.036635
0.071792
0.107834
0.179789
-0.072561
0.071583
-0.036518
-0.000489
-0.000489
-0.036531
-0.036544
0.071609
-0.000489
-0.036531
-0.000489
0.035554
END
