y[]
-0.229118
0.139150
0.038653
-0.128722
1.237103
-0.061012
-0.027927
-0.061078
-0.193880
0.038397
0.071570
0.038364
0.104644
0.038320
0.137598
0.137423
-0.160125
-0.193550
-0.193946
0.071614
0.104743
0.170891
-0.359712
0.138038
-0.061210
0.237402
0.038320
-0.094229
0.005191
0.038342
-0.260325
0.104842
0.104743
0.137773
0.005191
-0.061078
0.005191
-0.227097
-0.127787
-0.094659
-0.028114
0.038497
-0.228181
0.171941
-0.261742
-0.095093
0.239031
0.071902
0.038530
-0.028148
0.071858
-0.061475
0.171775
0.005191
-0.228103
0.105241
0.038519
0.005191
0.005191
0.138391
0.038464
-0.127965
0.038497
0.105041
0.104942
0.038419
-0.127787
-0.127965
-0.228259
0.038575
0.471393
-0.494393
0.071947
0.205191
-0.128098
0.038530
0.005191
0.238253
0.005191
0.005191
0.138126
-0.194277
0.071725
0.038441
0.171277
0.137861
-0.027960
0.270092
0.170399
-0.060859
0.104250
0.038189
0.104120
-0.159744
-0.358626
-0.061100
0.270092
0.038255
-0.060946
-0.160344
0.335989
0.071220
-0.060837
-0.093933
-0.060946
0.203473
0.170126
-0.027774
0.169909
0.301001
-0.093315
0.038037
0.070851
-0.027633
0.038016
0.038005
-0.060447
0.038016
0.005191
0.005191
-0.027633
0.038016
-0.060469
0.005191
-0.027655
0.038037
0.005191
-0.060512
0.136554
0.038005
-0.060447
0.038016
-0.093315
0.005191
-0.093412
0.103794
-0.060533
0.070916
0.103697
0.070808
0.037984
-0.093218
0.005191
0.005191
0.005191
-0.027633
0.070830
0.136339
-0.027580
0.037962
-0.060361
0.136253
0.103375
-0.060254
-0.027547
-0.191466
-0.093282
-0.060512
0.103730
-0.027644
-0.060512
-0.027676
0.136597
0.070830
0.103568
-0.454731
-0.060685
-0.093704
0.005191
0.104087
0.202690
-0.324190
-0.060815
0.104185
0.235796
-0.126518
-0.126691
-0.358385
0.236711
0.005191
-0.027850
0.203277
-0.159853
0.104250
-0.358506
-0.027938
-0.027949
-0.061122
0.071504
-0.227097
0.171166
0.170891
0.005191
-0.094196
-0.027960
0.104611
0.104513
-0.094130
0.137598
0.137423
-0.060903
0.005191
-0.127128
0.005191
-0.027916
0.071395
-0.193550
-0.027971
-0.094361
-0.028015
-0.161005
-0.061364
0.038475
-0.028092
0.536401
-0.725952
0.238408
-0.061387
0.005191
-0.028114
0.038497
-0.094759
0.005191
-0.061498
0.005191
0.205125
-0.128053
-0.061498
0.171830
0.038486
-0.028103
0.105041
-0.028081
-0.028092
-0.028103
0.105041
-0.127965
-0.194875
0.071925
-0.161726
-0.028226
0.338859
-0.028125
0.105108
-0.128053
0.071836
0.005191
0.337749
-0.028015
0.104776
-0.127611
0.005191
0.204328
-0.127523
0.104743
0.038353
0.336208
-0.127084
0.071351
-0.127171
0.071395
-0.160399
-0.061122
-0.027982
0.038364
-0.094361
-0.028015
-0.028026
0.104809
0.005191
-0.028004
0.038386
0.038375
-0.094394
0.104776
0.104677
0.071460
-0.061078
0.005191
-0.094295
0.071526
0.071482
0.071438
-0.160509
-0.061166
0.104710
0.071482
0.104545
0.005191
0.170563
-0.127084
-0.027905
0.170563
-0.027861
0.005191
0.038244
0.203277
0.005191
0.038167
-0.060772
0.104120
-0.126735
-0.093868
-0.093966
-0.425630
-0.127743
0.038441
0.071659
0.005191
0.005191
-0.028037
-0.028048
-0.094593
0.171442
-0.028037
-0.094559
-0.061364
-0.061409
-0.061453
-0.195009
-0.195411
-0.195814
0.072238
-0.028326
-0.162566
-0.196489
0.206872
0.072328
0.005191
-0.129127
0.005191
-0.028417
-0.028428
-0.129398
-0.230777
0.207484
-0.163358
0.241080
0.072486
0.005191
-0.095768
0.106150
-0.028450
-0.028462
0.038844
0.072463
-0.062081
-0.163187
0.475939
-0.196286
-0.028428
0.106015
-0.095632
0.038810
0.206669
-0.061923
-0.230063
0.072463
0.173174
0.038754
-0.028371
-0.028383
-0.129217
0.005191
-0.028439
0.005191
-0.028450
0.173287
0.105913
-0.061945
-0.162848
-0.062103
-0.129534
0.005191
0.072577
0.038867
0.038856
-0.129534
-0.129716
0.005191
0.005191
0.005191
0.072668
-0.028541
-0.197443
-0.197854
0.005191
-0.334137
0.039176
0.141015
0.140830
-0.232298
-0.130771
-0.199099
0.039269
-0.028886
0.209481
-0.062859
0.005191
0.005191
0.005191
0.107249
0.141107
0.005191
-0.062744
0.174942
-0.028736
0.005191
-0.266640
0.107215
-0.130863
-0.165138
0.005191
-0.131281
0.175752
-0.028898
0.073358
0.073311
0.039234
-0.096971
-0.062975
-0.028909
-0.028921
0.039303
-0.028921
0.039303
0.073381
-0.062998
-0.165486
0.005191
-0.028979
-0.097390
0.005191
0.005191
0.073591
0.005191
-0.097425
0.005191
0.107808
0.073544
0.039350
0.039338
-0.199867
END
