y[]
-0.002881
-0.035825
-0.035836
-0.035846
-0.002881
0.128914
0.030041
-0.035803
-0.002881
-0.035814
0.030051
0.062952
0.062908
0.062865
-0.002881
-0.035749
-0.035760
-0.002881
-0.035771
0.062887
-0.035760
-0.068671
-0.002881
-0.002881
-0.068714
0.030041
0.062930
-0.002881
-0.101614
0.030041
-0.233562
0.030106
0.096014
-0.101777
-0.002881
-0.035868
0.030106
0.030095
0.030084
-0.068823
0.063060
0.030073
-0.035836
-0.002881
-0.068823
0.030095
0.030084
0.030073
-0.002881
-0.035836
0.063017
-0.035825
-0.035836
0.030073
-0.035836
0.030073
-0.035836
-0.035846
-0.002881
-0.002881
0.030084
-0.002881
0.030073
-0.068801
0.030084
-0.002881
0.030073
-0.002881
0.030062
-0.035825
0.030062
0.030051
-0.002881
0.030041
-0.035803
0.030041
-0.068736
0.030051
-0.068757
-0.002881
-0.035836
0.030073
-0.002881
-0.002881
-0.002881
-0.035836
-0.002881
0.457494
0.062714
0.029900
-0.035663
-0.068477
-0.134201
0.062800
0.029943
-0.035706
0.029943
-0.035706
0.193905
0.029879
-0.101194
-0.002881
0.128180
0.226064
0.029782
0.029772
-0.035534
-0.035545
-0.035556
-0.002881
-0.002881
0.062457
-0.035545
-0.035556
-0.100969
-0.002881
0.029825
0.029814
0.029804
0.127752
0.029750
0.029740
0.029729
-0.068113
0.029740
-0.035502
-0.035513
-0.035524
0.029761
-0.035524
0.029761
-0.068177
0.029772
-0.002881
-0.035534
-0.068219
0.029793
-0.002881
-0.068241
-0.002881
-0.002881
-0.035577
0.062500
0.029793
-0.035556
-0.002881
-0.035566
0.095142
-0.035545
-0.002881
-0.068241
0.029804
-0.002881
0.095110
0.029761
-0.068177
-0.068219
-0.002881
-0.035566
-0.068283
-0.133814
-0.035641
0.029879
-0.101194
-0.068477
0.095496
-0.101258
0.062714
0.128180
0.062585
0.029836
0.062521
0.029804
-0.100969
0.029825
0.029814
0.160437
0.094982
0.029719
-0.035481
0.029719
-0.133344
-0.068177
0.127667
-0.100777
0.062393
0.192686
0.029676
0.127242
-0.067922
0.029644
0.094632
-0.035375
-0.002881
0.029613
-0.132920
-0.002881
0.029644
-0.002881
0.029634
-0.002881
-0.002881
0.029623
-0.002881
0.094569
0.029581
0.062012
-0.002881
0.094379
-0.067711
-0.002881
0.061949
0.029518
-0.067690
-0.035301
-0.002881
-0.035312
-0.002881
0.029549
0.061949
-0.035291
-0.002881
0.029528
0.029518
-0.035280
0.029518
0.126610
-0.035238
-0.002881
0.029476
-0.035238
-0.002881
-0.002881
-0.035249
-0.067648
-0.035280
-0.035291
-0.002881
-0.002881
-0.002881
-0.035301
0.029539
0.061928
0.029507
-0.035270
-0.002881
0.061886
-0.067648
0.029507
-0.002881
-0.164930
-0.002881
0.094379
-0.067711
0.061949
0.029518
0.029507
0.126569
0.094096
-0.002881
-0.099859
0.029455
-0.035218
0.094096
-0.099859
0.061781
0.061739
0.093971
0.029382
-0.067418
0.190605
-0.099577
-0.099671
0.126151
-0.067377
-0.002881
-0.164302
0.126276
0.029382
-0.131997
-0.002881
0.061697
-0.067460
-0.067502
-0.035207
-0.035218
-0.002881
-0.002881
-0.067585
-0.035249
0.029486
-0.035249
0.061844
0.029465
-0.035228
0.061802
-0.002881
-0.035218
0.029455
0.029445
-0.099890
-0.002881
0.094128
-0.035207
-0.035218
-0.002881
-0.002881
-0.002881
-0.002881
0.094096
-0.002881
0.029424
0.061697
0.029392
-0.067439
-0.002881
0.061677
-0.002881
-0.002881
0.093877
-0.035124
0.093815
0.158072
-0.035051
-0.067252
-0.002881
-0.131747
0.029351
-0.164146
0.093909
-0.196555
0.094002
-0.035165
-0.035176
-0.002881
0.061697
-0.099765
-0.035197
-0.002881
0.029434
-0.067523
0.029445
-0.035207
0.029445
0.061739
-0.002881
-0.002881
-0.002881
-0.002881
0.061697
-0.002881
-0.035165
0.029403
0.061656
-0.002881
-0.035145
0.029382
0.029372
0.029361
0.029351
-0.002881
-0.067356
0.061593
-0.035113
-0.035124
-0.002881
0.029361
-0.067377
0.029372
-0.002881
-0.131955
0.029403
-0.002881
-0.067460
-0.002881
0.029413
-0.035176
0.029413
-0.002881
-0.002881
-0.002881
0.029403
-0.035165
0.061677
-0.067439
-0.002881
0.029403
-0.455810
-0.067753
-0.002881
0.029560
-0.035322
0.061991
-0.035312
0.094379
-0.002881
0.029518
-0.067690
0.061928
-0.100110
-0.035312
-0.002881
-0.035322
0.029560
0.126778
-0.067690
-0.100173
0.191608
-0.132499
-0.230117
-0.002881
-0.002881
0.062096
0.029592
-0.002881
-0.035354
0.094506
-0.002881
-0.100268
0.029592
-0.035354
-0.035365
-0.002881
-0.035375
0.094569
-0.002881
0.029581
-0.002881
-0.035344
-0.067837
-0.035375
-0.067901
-0.035407
-0.100522
-0.133217
0.062308
0.062265
-0.068028
-0.035470
0.094855
0.094759
-0.035417
0.062181
END
