y[]
-0.057533
0.135104
-0.025395
-0.025405
0.038790
-0.057513
0.006693
-0.089693
-0.025456
-0.122007
0.135393
0.135227
0.006693
0.038801
0.038790
0.038780
0.134939
-0.025353
-0.025364
0.102831
-0.025343
-0.025353
-0.025364
-0.025374
-0.057472
-0.089631
0.070919
0.038790
-0.025405
-0.089662
0.038821
0.070919
-0.025415
-0.057554
0.006693
-0.025446
0.038832
-0.025446
0.006693
-0.025456
0.006693
0.006693
0.038842
0.006693
0.070960
0.006693
-0.025436
0.006693
0.006693
0.006693
0.038821
0.038811
0.038801
-0.057533
0.006693
0.006693
0.038811
0.070898
0.038780
0.006693
0.006693
0.070836
0.038749
0.070775
-0.025343
-0.057410
0.006693
0.038749
0.038739
0.006693
0.006693
-0.025353
0.006693
-0.057430
0.070816
0.070775
-0.025343
-0.057410
-0.250129
-0.186358
0.006693
-0.025519
-0.122256
-0.154728
-0.090285
0.039029
0.006693
-0.122715
0.136101
-0.025644
0.071355
0.006693
0.168165
-0.057865
-0.057907
-0.122632
0.071376
0.006693
-0.025644
-0.284805
-0.025748
-0.025759
-0.025770
0.330842
-0.382413
-0.220987
0.104333
0.039218
-0.253809
-0.025918
0.039303
-0.156466
-0.058645
0.039367
-0.091363
0.267960
0.006693
-0.156519
0.137284
0.006693
0.006693
0.104524
0.006693
0.071861
-0.025886
-0.025897
0.006693
0.071861
0.071818
0.136816
-0.090884
0.169268
0.006693
-0.058306
0.006693
0.006693
-0.155988
-0.058454
0.071839
-0.058454
-0.091107
0.039303
-0.156466
0.104620
-0.025939
-0.320212
0.072159
0.170172
0.006693
-0.189514
0.072138
-0.320962
0.105102
0.039474
-0.321607
-0.059097
-0.223912
0.138532
-0.092170
0.270111
-0.092008
-0.223988
-0.158406
0.006693
-0.125582
0.205040
0.039712
0.072699
0.039680
0.138532
-0.224140
0.039701
0.105654
-0.092268
0.039691
-0.026305
-0.059336
-0.059379
0.039734
0.006693
0.039723
-0.026338
0.006693
0.039723
-0.059379
-0.059423
0.006693
0.006693
0.006693
0.072808
-0.059423
-0.092563
-0.059532
-0.059576
0.039833
-0.026447
0.039833
0.006693
0.039822
0.006693
0.006693
0.006693
0.039811
0.006693
-0.092694
0.006693
0.006693
0.006693
0.006693
-0.059620
-0.092859
0.039888
-0.159393
0.205962
0.039866
0.106146
0.072940
0.205171
0.006693
0.105784
-0.092399
0.006693
0.138793
0.006693
0.039691
-0.290681
-0.059511
-0.225364
-0.026502
0.404308
0.204909
-0.257683
0.072852
0.072808
0.039734
-0.125539
-0.291469
-0.026491
0.073050
-0.159282
0.272121
0.006693
-0.092760
0.139275
0.072918
-0.358090
0.371475
-0.092661
-0.159117
-0.026502
0.006693
0.172558
0.006693
-0.092793
0.106179
0.072962
-0.092727
0.006693
-0.159227
0.073094
0.006693
0.073050
0.106146
-0.026447
0.039833
0.172228
0.039767
0.072808
-0.092497
0.138924
0.138750
-0.026305
0.237449
-0.092138
0.039647
-0.059227
-0.158297
0.006693
0.171682
0.006693
0.039658
0.006693
-0.092236
0.039680
-0.059292
-0.125408
0.006693
0.072765
-0.092432
-0.059445
0.105883
0.072765
-0.026338
0.006693
0.039723
0.072721
-0.158460
0.138837
-0.059357
-0.026349
-0.059423
-0.225057
-0.092793
-0.325644
0.206227
-0.026535
0.106344
0.139407
0.039844
-0.059620
0.039855
-0.092826
0.205632
-0.026436
-0.159117
-0.192643
0.139627
-0.026524
-0.192842
-0.026602
0.039987
-0.159891
-0.060018
-0.227147
0.173777
0.040076
0.040065
0.073404
-0.026657
-0.026668
-0.026680
0.140115
0.073337
0.106576
-0.093191
0.039998
-0.059930
0.106609
0.172999
-0.059797
0.073182
0.106344
-0.059730
0.106311
-0.026502
-0.026513
0.039899
0.139407
0.039844
-0.059620
0.039855
0.106113
-0.092727
0.006693
0.039844
-0.026458
-0.092826
0.039877
-0.026491
-0.059708
0.006693
-0.192775
0.006693
0.239367
0.139407
0.039844
0.304558
0.006693
0.006693
0.105784
0.105686
0.105588
-0.158188
0.138619
-0.158242
0.138662
-0.290484
0.105850
-0.092464
0.204909
0.105654
0.105556
0.006693
-0.092170
0.105556
-0.026251
0.072569
-0.786700
0.734209
0.039636
0.072547
0.072504
-0.157916
-0.026262
0.039647
0.039636
0.039625
-0.026240
-0.059205
0.039647
0.039636
0.072547
-0.059162
-0.026251
0.072569
0.006693
0.006693
0.006693
0.039615
-0.092105
-0.092203
-0.026294
0.039680
0.006693
0.039669
0.072612
-0.092203
0.072634
0.039647
-0.059227
0.006693
-0.092268
-0.026316
0.039701
-0.059336
0.006693
-0.092432
0.006693
0.006693
0.105817
-0.059379
0.072765
-0.125495
-0.158788
0.039811
0.039800
0.072874
0.138924
-0.059401
-0.026371
0.072808
-0.059423
0.006693
END
