y[]
0.034328
-0.030786
-0.063376
-0.030818
-0.063439
0.001771
0.001771
0.001771
0.034382
0.034371
0.034360
-0.030818
0.034360
0.001771
0.034350
-0.030808
0.001771
0.066918
-0.030797
-0.030808
0.034350
0.001771
0.066896
0.001771
0.034318
-0.063333
0.099411
-0.030765
0.812017
-0.192090
0.001771
0.001771
0.066433
0.001771
0.001771
0.001771
0.034086
0.034076
-0.095175
0.001771
-0.030565
-0.062933
-0.095363
0.034160
0.066517
0.001771
0.001771
0.098811
-0.030565
0.066433
0.034086
0.001771
0.034076
-0.030534
0.001771
0.001771
-0.030544
0.034086
-0.062870
0.001771
0.034097
0.034086
0.001771
-0.030544
-0.030555
-0.030565
-0.095301
0.001771
0.001771
0.001771
0.098843
0.001771
0.034107
0.001771
0.001771
0.001771
0.034097
0.001771
0.001771
0.001771
0.001771
0.001771
0.034086
0.001771
0.001771
0.034076
-0.030534
-0.030544
0.034086
0.034076
0.001771
0.001771
0.066350
0.001771
0.001771
0.001771
-0.030513
-0.062828
0.001771
0.034076
-0.030534
0.001771
0.034076
0.034066
0.001771
0.034055
0.001771
0.001771
0.001771
0.001771
-0.062808
0.066350
0.001771
0.001771
0.034045
-0.030503
0.066308
-0.030492
0.066287
-0.062745
-0.030503
-0.030513
0.001771
-0.095144
0.034086
0.066371
0.066329
0.098530
0.066225
0.259171
-0.384578
0.420249
-0.030357
-0.030368
0.001771
0.066038
-0.030357
0.001771
0.033900
0.001771
-0.030357
0.033900
-0.062496
-0.030378
-0.030388
0.001771
0.066080
-0.062538
0.066080
-0.030378
0.001771
0.001771
0.001771
-0.030388
0.033931
-0.030388
0.033931
0.001771
0.001771
0.001771
0.066059
-0.030368
0.001771
0.001771
0.001771
0.001771
-0.030378
-0.030388
0.033931
0.001771
0.001771
0.001771
0.033920
0.001771
0.001771
0.033910
-0.030368
0.001771
0.130264
0.033869
-0.030327
0.001771
0.001771
0.033869
-0.062434
0.033879
0.001771
0.033869
-0.062434
-0.094615
-0.094707
0.098250
0.033910
0.001771
0.033900
0.001771
-0.094645
-0.030388
-0.062579
-0.062620
0.033972
0.033962
-0.062620
-0.062662
0.001771
0.033993
0.001771
-0.030451
0.033993
-0.062683
0.001771
-0.030471
0.001771
0.066246
-0.094956
0.001771
0.066266
0.001771
0.034003
0.066204
0.033972
-0.030430
-0.062662
0.001771
-0.062703
-0.030482
0.034024
0.034014
0.001771
0.001771
-0.030471
-0.030482
0.001771
-0.030492
0.001771
0.001771
0.034034
-0.030492
0.034034
0.034024
0.001771
-0.127303
0.130845
-0.127303
-0.062828
0.034076
0.001771
0.001771
0.001771
0.001771
0.066350
0.034045
-0.030503
0.001771
0.001771
0.001771
0.034045
0.130762
0.001771
0.033993
-0.062683
0.034003
0.033993
-0.094925
-0.030482
0.034024
0.001771
-0.030482
-0.030492
0.034034
0.066266
0.001771
-0.030471
-0.062745
0.195195
-0.030440
0.066183
0.098312
-0.094770
0.162620
-0.094707
-0.030409
0.033951
0.033941
0.001771
0.001771
0.001771
-0.030399
0.033941
-0.030399
0.033941
-0.030399
0.001771
0.033941
0.001771
-0.030399
0.001771
0.033941
-0.030399
0.001771
0.033941
0.001771
0.001771
0.001771
0.001771
0.033931
0.001771
0.001771
0.033920
-0.030378
-0.030388
0.001771
0.033931
0.033920
0.033910
0.001771
0.001771
-0.030368
0.001771
0.001771
0.033910
0.001771
0.001771
-0.030368
0.001771
0.033910
0.033900
0.001771
0.322490
0.033786
0.065771
-0.030224
0.001771
-0.062249
-0.030255
0.065812
-0.126352
-0.030285
-0.030296
0.065894
0.065853
-0.094367
-0.062373
-0.062414
-0.223201
0.001771
-0.449697
0.034086
0.195444
-0.095019
-0.030513
-0.062828
-0.354274
0.099000
0.001771
-0.192782
0.131515
-0.063080
-0.095584
0.099126
-0.030670
0.034212
-0.063122
-0.095647
0.066727
-0.030702
0.034244
-0.030702
0.034244
0.034233
-0.193161
0.001771
-0.063291
0.066833
0.099284
0.131641
-0.030681
0.066664
-0.030670
0.001771
0.034212
-0.160540
0.099189
-0.063164
0.001771
-0.030712
0.196513
0.001771
0.001771
0.034191
-0.063080
0.001771
-0.030670
0.066643
0.034191
0.066580
-0.030628
0.034170
-0.030628
-0.127931
0.001771
-0.063143
-0.063185
0.066727
0.034233
-0.128141
0.131683
-0.095647
0.034254
-0.193288
-0.095901
-0.063397
-0.128692
0.099634
-0.194051
0.164983
0.066981
-0.226651
0.164983
0.457353
-0.584359
0.132319
-0.194115
0.034445
-0.128991
0.067173
0.099794
-0.030893
0.034435
-0.194372
-0.096445
0.001771
-0.030989
-0.129377
0.001771
0.067366
0.001771
0.001771
-0.031021
-0.031032
-0.031043
0.034585
-0.031043
END
