y[]
-0.151963
0.062954
0.032227
-0.029170
-0.059897
0.032246
0.062935
0.032217
-0.182747
-0.090737
0.093794
0.001529
0.001529
-0.183087
0.093879
0.032293
-0.090793
-0.029264
-0.060086
0.124719
-0.121662
0.001529
0.001529
-0.060124
0.032359
-0.029302
0.063181
0.032340
0.001529
0.001529
-0.029283
0.093936
-0.060067
-0.029283
0.063143
-0.029274
-0.060105
0.032350
-0.090964
0.032369
0.063181
-0.029293
-0.029302
0.032359
0.001529
0.032350
0.001529
0.032340
0.001529
-0.029283
-0.029293
0.032350
-0.029293
0.001529
0.032350
0.001529
0.032340
0.032331
0.063105
0.001529
0.001529
-0.090850
-0.060105
0.001529
-0.029302
-0.029312
0.001529
0.032369
0.001529
-0.060162
0.063219
0.001529
-0.091021
-0.091107
0.032417
-0.153007
0.125176
0.001529
-0.029369
0.001529
-0.029379
0.063333
0.063295
-0.091136
-0.029379
0.032436
0.001529
0.032426
0.001529
-0.029369
0.001529
-0.029379
0.032436
0.001529
0.032426
0.125023
-0.183771
0.001529
-0.184115
-0.029446
0.063467
-0.029436
0.094393
0.094307
-0.153151
-0.060410
-0.029455
0.001529
-0.029465
0.063506
0.063467
0.001529
0.032483
0.156160
0.032426
-0.153055
-0.122311
0.094422
0.032474
0.125214
-0.029379
-0.060314
0.094279
0.155921
0.063219
0.093993
0.032331
-0.090907
-0.060143
0.032369
0.001529
-0.029312
0.032369
0.063181
0.032340
0.032331
0.001529
-0.060086
-0.029293
-0.060143
0.001529
0.001529
0.001529
0.001529
0.001529
0.094021
0.063143
-0.060086
0.001529
-0.029293
0.001529
0.001529
-0.090993
0.032378
0.032369
0.001529
0.063181
-0.029293
0.032350
-0.060124
0.001529
0.001529
0.032359
-0.090993
-0.091078
-0.091164
0.063333
-0.060276
0.032436
0.094193
0.001529
0.032397
-0.091107
0.063295
0.001529
0.001529
0.124947
-0.029312
-0.060181
-0.029340
0.001529
0.094107
-0.029321
0.032378
0.186428
-0.029264
0.032321
0.001529
-0.245081
0.217345
-0.029274
0.001529
0.032331
0.032321
0.063086
-0.029245
0.001529
0.001529
0.032302
0.001529
0.001529
0.063048
0.185860
-0.059878
-0.029189
0.001529
0.001529
-0.029198
0.001529
0.001529
0.001529
-0.029208
-0.029217
0.001529
-0.029227
0.032284
0.001529
-0.059991
0.001529
0.032293
0.001529
-0.029236
0.093794
0.062991
0.001529
0.032246
-0.029189
-0.029198
0.062972
-0.029189
0.001529
-0.029198
0.062972
-0.090652
-0.029217
0.001529
0.001529
0.063010
-0.029208
0.001529
0.062991
-0.059934
0.001529
0.032265
-0.121473
-0.152436
0.124719
-0.060048
0.032321
-0.121700
0.032350
-0.121814
0.032378
0.001529
0.032369
-0.060162
0.063219
-0.121890
0.032397
-0.029340
0.001529
-0.152959
-0.184173
0.063467
0.063429
-0.091336
0.125329
-0.029407
0.063391
0.001529
0.125138
-0.029360
0.001529
0.063295
0.063257
-0.338450
0.341507
-0.029331
0.032388
0.155683
-0.090936
0.001529
-0.152769
0.001529
0.371443
-0.399274
-0.369874
0.342033
0.032426
-0.060276
0.001529
0.032436
0.063314
0.001529
-0.091164
0.001529
-0.153151
0.063429
-0.153294
-0.060468
0.032531
-0.029474
0.125483
0.001529
-0.153438
-0.029494
-0.153727
0.001529
0.063660
0.001529
0.063621
0.032560
0.001529
0.032551
0.156495
-0.029446
0.063467
0.125291
0.063352
-0.060295
-0.153198
0.063448
-0.153342
-0.122541
0.001529
-0.122695
0.156784
0.063563
-0.091538
0.063583
0.156495
0.063448
0.187057
-0.060276
0.094221
-0.029360
-0.029369
-0.029379
-0.463228
0.528090
0.001529
-0.091193
0.001529
0.032445
0.063333
0.094164
0.001529
-0.029340
-0.029350
-0.060257
0.063314
0.001529
0.032407
-0.029350
-0.060257
-0.091222
0.094279
-0.029379
0.001529
0.001529
-0.060314
0.125176
-0.029369
0.001529
0.001529
0.063314
0.032407
-0.060238
0.001529
0.032417
0.001529
-0.029360
0.032417
-0.029360
0.001529
0.063295
-0.029350
0.001529
-0.029360
0.063295
0.094107
-0.029321
0.001529
0.124871
-0.060124
-0.060162
0.032378
-0.029321
0.001529
0.063219
-0.029312
0.001529
0.001529
0.063200
-0.152721
0.032397
0.001529
0.063238
0.001529
-0.060181
-0.152912
0.001529
-0.029388
0.125138
-0.183943
0.125214
0.063314
-0.091164
0.094221
-0.060257
-0.029379
-0.029388
0.001529
-0.029398
0.001529
0.063371
0.001529
-0.060314
0.001529
0.063371
-0.029388
-0.029398
0.032455
0.063352
-0.091222
-0.029407
0.187000
-0.060257
0.001529
-0.029379
0.032436
0.063314
-0.029360
0.001529
0.032417
-0.029360
0.032417
0.032407
0.001529
0.001529
0.001529
-0.060238
0.032417
END
