y[]
-0.123501
0.064430
-0.092226
-0.186492
0.190038
-0.092315
0.033146
0.001773
0.127165
0.064410
-0.029540
0.064391
0.001773
0.033067
0.001773
-0.060825
-0.060864
0.064410
-0.092197
0.064430
-0.060883
0.064430
-0.029550
-0.029560
0.064430
0.001773
0.001773
0.095685
-0.060825
0.001773
0.033077
-0.029531
0.001773
0.001773
0.001773
0.001773
0.001773
0.001773
-0.029540
0.001773
0.033087
-0.029540
0.001773
0.001773
-0.029550
0.001773
-0.029560
0.033106
0.001773
0.001773
-0.092256
0.033126
0.001773
-0.092315
0.033146
0.001773
-0.060982
0.033156
0.001773
0.033146
0.001773
0.033136
-0.060962
0.064509
0.033126
0.001773
-0.029580
-0.029589
0.001773
-0.029599
0.001773
0.001773
-0.061001
0.001773
-0.061041
0.033185
0.158685
0.001773
-0.060962
-0.061001
-0.123894
-0.061120
0.033225
-0.029678
0.001773
0.001773
-0.061159
-0.124211
0.222142
-0.250116
-0.061298
0.064845
0.127797
0.033254
0.033245
-0.092670
0.159130
-0.061140
0.001773
-0.061179
0.033254
-0.092700
0.001773
0.033274
-0.061239
0.064785
-0.250513
-0.092999
0.064964
0.128036
-0.345833
0.096695
-0.061498
0.317729
-0.377494
-0.061578
0.033454
-0.061598
0.033464
0.286539
-0.061438
0.096575
-0.061418
0.001773
-0.061458
0.001773
-0.061498
-0.061538
-0.029897
0.033444
0.096725
0.096635
0.001773
-0.029837
0.222838
-0.314183
0.223047
0.001773
0.033344
-0.061378
-0.029817
-0.061438
0.033384
-0.061458
0.065004
0.033374
-0.029827
-0.029837
0.128156
0.064905
-0.092939
0.128036
-0.156080
-0.251311
0.191647
0.064984
-0.061438
0.033384
0.128116
0.001773
-0.029797
0.033344
-0.092969
-0.124689
-0.029867
0.001773
0.191467
0.096485
-0.061358
0.001773
0.064905
-0.061358
-0.029807
0.033354
0.033344
0.064885
0.033314
0.001773
0.033304
0.001773
-0.029758
0.001773
0.001773
-0.029768
0.001773
-0.029777
0.001773
0.001773
-0.029787
0.064885
0.001773
0.001773
-0.029777
0.001773
0.001773
-0.029787
0.033334
0.001773
0.001773
-0.029787
0.001773
-0.061378
-0.029817
0.001773
0.033364
0.001773
-0.029817
0.033364
0.001773
0.001773
0.033354
-0.029807
-0.061418
0.001773
0.064964
0.191107
-0.029758
0.001773
-0.061318
0.001773
0.033324
-0.029777
0.033324
0.001773
0.033314
0.064825
0.096276
-0.061219
0.096247
0.096157
0.096068
0.064587
-0.061041
0.033185
-0.061061
-0.061100
-0.061140
0.001773
-0.061179
-0.092730
0.096276
0.064726
0.033235
-0.029688
-0.029698
0.064706
0.001773
-0.092641
-0.029718
-0.124290
-0.061318
0.001773
0.001773
0.033324
0.001773
-0.061338
-0.124569
0.096545
0.096455
0.001773
-0.092909
0.064905
0.001773
0.033324
0.033314
0.127837
-0.029728
0.064765
0.001773
0.001773
-0.124251
-0.092849
0.127916
0.033284
-0.029738
0.033284
-0.029738
-0.124370
-0.092939
0.128036
-0.061338
-0.029797
-0.029807
-0.029817
-0.029827
0.001773
0.033374
-0.029827
0.033374
-0.093058
0.096605
0.033364
-0.061418
0.096545
0.001773
-0.092999
0.001773
-0.093088
-0.093178
0.001773
-0.061578
-0.061618
-0.093389
0.001773
-0.347933
0.033615
0.192613
-0.030008
0.065326
0.223890
0.033464
0.128436
-0.124889
0.191707
0.033394
-0.029847
0.222907
0.222420
-0.092730
0.033284
0.001773
0.033274
0.033264
-0.029718
-0.029728
-0.029738
-0.029748
-0.029758
0.033304
-0.029758
0.096336
0.033274
0.064746
-0.029708
0.033254
-0.061199
0.001773
0.001773
-0.061239
0.064785
-0.061239
-0.029748
0.064805
-0.029738
0.001773
0.001773
-0.029748
0.033294
-0.029748
0.033294
0.001773
-0.029748
0.001773
0.001773
0.001773
-0.029758
0.033304
-0.061298
0.033314
-0.029768
0.127877
0.001773
0.033274
-0.061239
0.064785
0.190571
0.033205
-0.092552
-0.092641
-0.061219
0.033274
0.001773
0.033264
-0.029718
0.001773
0.001773
0.190571
-0.092581
-0.250275
0.064845
0.001773
0.001773
0.001773
0.033294
0.033284
-0.092789
0.064825
-0.029748
-0.092849
-0.061358
-0.061398
0.001773
-0.093058
0.033394
0.033384
-0.061458
-0.124809
0.128356
0.065004
0.001773
-0.029837
-0.061478
0.096635
0.001773
-0.029837
0.064984
0.001773
0.033364
-0.061418
0.096545
-0.029807
0.128036
0.001773
0.001773
0.001773
0.096366
0.001773
-0.092819
-0.029777
-0.061358
-0.029807
0.096485
-0.092939
0.064924
0.033334
0.001773
0.001773
0.033324
0.033314
0.064825
-0.061278
0.033304
-0.029758
0.001773
0.001773
-0.029768
0.001773
-0.061338
-0.061378
0.033354
0.064905
-0.061358
0.096455
END
