y[]
-0.077400
0.440694
0.245537
-0.076982
0.212878
-0.237935
-0.109287
0.277467
-0.173533
-0.497103
-0.434401
-0.599614
-0.668914
-0.144324
-0.375865
-0.809875
0.120805
1.409689
-0.440371
-0.309803
0.515352
1.002377
0.280203
0.957098
0.340659
-0.752438
0.116546
0.470021
-0.398381
0.341227
-0.430737
-0.109287
-0.238663
-0.401382
-0.142483
-0.305545
0.182912
0.052534
0.214855
0.311411
0.664348
0.308191
-0.558364
0.501282
0.051513
0.051472
0.338742
0.019344
0.432624
-0.076000
-0.489856
0.401287
-0.076081
0.082786
-0.076061
0.273050
-0.457114
-0.267468
-0.396160
-0.236995
0.019569
0.339867
-0.429129
0.051677
-0.366169
-0.335109
0.148892
-0.270926
-0.141978
0.568681
-0.561359
-0.369266
-0.533702
-0.405199
0.020253
0.249338
-0.339968
-0.406876
0.316203
-0.275427
1.132585
0.958668
-0.821201
0.149731
-0.728444
1.992065
-0.365262
-0.269846
0.180522
0.404473
-0.204774
0.371595
0.178982
-0.204038
-0.364585
0.211651
-0.204651
0.019518
-0.204959
-0.173171
0.244376
0.083641
0.594406
-0.108115
-0.076304
0.496541
0.082634
0.019173
0.303928
0.145325
0.396728
-0.169736
0.018933
-0.548722
-0.012528
-0.012528
-0.012528
0.082304
-0.297293
-0.171082
-0.044269
0.462532
0.176866
-0.012528
0.270892
-0.043980
-0.075461
-0.012528
-0.107001
-0.170182
0.929690
0.517481
-0.417576
0.516821
-0.043589
-0.043599
-0.012528
-0.386128
-0.199853
0.143600
-0.106176
-0.137528
0.299679
-0.012528
0.049797
0.236383
-0.168025
0.049700
0.018571
-0.043628
-0.199328
-0.043695
-0.074892
0.205574
0.205100
-0.167928
-0.137022
0.080857
0.142920
-0.261362
0.143065
0.142824
-0.012528
0.018513
-0.043570
-0.261207
-0.293033
-0.293822
0.299972
-0.168656
0.018717
0.143551
-0.106147
0.205778
-0.199619
0.112238
-0.137294
0.174563
-0.074853
0.018639
0.080915
0.205167
-0.012528
0.359565
0.142103
-0.105278
-0.291296
-0.292075
0.514850
-0.695549
-0.043686
-0.293383
-0.012528
0.018717
-0.262763
0.237707
-0.043773
-0.012528
-0.200204
0.050070
0.143795
-0.168851
-0.200439
0.112785
-0.294704
-0.012528
0.081619
-0.641857
0.113655
0.113496
-0.201624
0.019013
0.459393
-0.326895
-0.138552
0.018993
0.144927
0.144680
-0.043950
-0.295770
0.113456
0.050405
0.050365
0.144532
-0.201030
-0.012528
-0.295948
-0.075620
-0.138831
-0.392396
-0.266577
-0.650489
-0.300944
0.179841
-0.012528
1.733825
0.050405
-0.232966
-0.233453
-0.170631
0.145575
-0.012528
0.050643
-0.360465
0.366979
0.145176
-0.518058
-0.552469
-0.235707
0.528616
-0.076040
0.241279
0.177405
-0.170781
0.019142
-0.044199
0.429950
0.145027
0.176210
0.238571
-0.515358
0.018973
-0.264815
0.019042
0.176687
-0.296485
-0.075739
0.176985
-0.170431
0.145375
-0.012528
0.208118
-0.107031
-0.107121
-0.107210
0.050603
-0.265293
0.082334
-0.044139
0.176985
0.145126
-0.138632
0.082064
0.113456
0.144729
0.363884
-0.231930
0.238177
-0.012528
-0.043832
0.143893
0.081207
0.112316
-0.356225
-0.106469
-0.043861
-0.075224
0.050168
0.081442
-0.075165
0.081413
0.175089
0.049933
0.081090
0.205574
0.049700
-0.199328
0.018629
0.049758
0.143017
0.049622
-0.136868
0.142872
-0.043589
-0.043599
-0.012528
-0.448530
-0.450439
0.300461
-0.168900
0.018766
0.455711
-0.324444
-0.576439
0.238492
0.237863
-0.043793
-0.357086
-0.263864
0.301542
-0.358060
0.018933
0.018923
-0.453752
0.397244
0.050365
0.081737
-0.453196
-0.075640
-0.265373
0.208746
-0.138910
-0.044149
0.050703
0.019072
-0.138990
-0.170831
-0.266335
-0.044299
-0.139714
0.146429
0.146177
0.398930
-0.328884
0.019153
0.114094
0.240237
0.176627
0.113377
0.081797
0.050306
-0.012528
-0.043940
-0.106823
-0.043980
-0.169934
-0.422947
0.082334
0.019072
0.302930
0.270535
0.050266
0.175619
-0.075204
0.018815
0.705664
-0.261749
0.267802
-0.261672
0.298805
-0.074717
0.235996
0.049507
0.049468
0.142295
-0.074429
-0.167447
0.018475
0.296974
-0.074352
0.234538
0.079965
0.202956
-0.104822
0.018246
0.110473
-0.258682
-0.135833
0.203155
-0.197371
0.356817
-0.197030
0.049010
0.048972
0.141058
0.079511
-0.288899
0.079680
-0.104737
0.141105
-0.012528
0.079539
-0.135303
0.048878
0.048840
0.201966
0.232045
-0.165317
-0.043114
0.079201
0.018030
0.048559
-0.134740
-0.165504
0.048690
0.048653
-0.165550
-0.073803
0.171183
-0.043123
0.079229
0.018039
-0.104257
-0.012528
0.018058
-0.043114
0.048634
-0.165504
-0.104426
-0.196577
0.202163
-0.196521
0.048840
END
