y[]
-0.115830
0.181886
-0.078537
-0.004160
0.070217
-0.041342
0.033021
-0.041342
-0.041356
-0.078593
0.070272
-0.004160
0.070217
-0.078537
-0.004160
0.144539
-0.115664
-0.041356
-0.004160
-0.041370
0.107426
-0.041342
-0.041356
-0.041370
-0.004160
0.478484
-0.561265
0.033077
-0.041397
-0.078676
0.033104
0.033091
-0.004160
-0.004160
0.033077
-0.078648
0.070328
-0.004160
-0.041397
-0.004160
0.181886
-0.078537
0.033035
0.107343
0.032980
0.144263
0.032911
-0.041232
0.032911
0.106971
-0.041191
-0.078262
-0.004160
0.032897
-0.041218
0.069941
0.106889
0.032829
0.143659
-0.041095
0.106602
-0.004160
-0.004160
0.253809
-0.004160
-0.114637
-0.041013
0.032692
0.106317
-0.040972
0.069450
-0.040959
-0.262130
0.216997
-0.077825
-0.151653
0.290608
-0.040959
-0.004160
-0.040972
-0.004160
-0.077825
0.069504
-0.004160
0.032652
-0.040972
-0.040986
0.032665
-0.114678
0.069532
-0.004160
-0.041000
-0.004160
0.032679
-0.041000
-0.041013
-0.004160
0.032692
0.032679
-0.004160
-0.041000
0.032679
-0.041000
-0.004160
0.032679
0.032665
-0.004160
0.069450
-0.004160
0.032625
-0.040945
-0.040959
-0.004160
-0.040972
-0.040986
-0.077852
0.106357
-0.004160
-0.040986
-0.004160
-0.041000
0.069504
-0.004160
-0.004160
-0.409990
0.069749
0.032774
-0.041095
-0.004160
0.032774
0.032760
-0.004160
-0.004160
-0.041081
-0.004160
0.069668
-0.077988
0.032760
0.069640
-0.077961
-0.188901
0.106725
-0.041108
-0.078097
-0.004160
0.143659
-0.041095
0.032774
-0.078043
-0.152089
0.032842
-0.004160
-0.041163
-0.004160
0.032842
-0.004160
-0.004160
-0.041163
0.069832
-0.004160
0.032815
0.106684
-0.041095
0.069695
-0.114964
0.291043
-0.114759
-0.004160
-0.077961
0.032747
0.032733
-0.041054
-0.004160
-0.004160
0.032733
0.069586
-0.077907
-0.114882
0.069668
0.180172
-0.077852
-0.151707
0.032747
0.143332
-0.004160
0.032679
-0.004160
-0.041000
0.032679
0.069477
-0.004160
-0.262130
0.106480
0.032692
-0.151653
-0.151871
-0.041122
0.032801
-0.004160
-0.041122
-0.152144
-0.078234
0.069914
0.069859
0.069804
0.032801
0.032788
-0.041108
0.106643
0.069640
-0.004160
0.069586
-0.077907
-0.041054
-0.004160
0.069613
-0.004160
-0.041040
-0.004160
-0.114882
0.106561
-0.077961
0.069640
-0.077961
0.143387
0.106357
-0.004160
-0.040986
-0.004160
-0.004160
-0.004160
-0.077852
0.069532
-0.041000
0.032679
-0.004160
-0.077852
0.032692
-0.004160
-0.004160
-0.004160
0.069504
-0.040986
0.032665
-0.004160
0.032652
-0.077798
0.069477
-0.040972
-0.004160
-0.004160
-0.004160
-0.004160
0.032652
0.032638
-0.004160
-0.004160
-0.004160
-0.040959
-0.004160
0.032638
-0.040959
-0.004160
-0.004160
-0.004160
0.032638
-0.040959
-0.004160
0.069423
-0.040945
0.032625
-0.077744
-0.040972
-0.004160
0.179765
-0.004160
0.069315
-0.004160
-0.040891
0.069288
-0.040878
-0.040891
-0.004160
-0.004160
-0.040905
0.069315
-0.261561
-0.040986
-0.077852
0.106357
-0.040986
-0.077852
0.069532
0.069477
-0.040972
0.032652
0.032638
-0.040959
-0.004160
0.216428
0.032557
0.069234
0.252297
-0.040757
0.105589
-0.113910
-0.040770
-0.114071
-0.004160
0.032490
0.032476
0.069073
-0.004160
-0.077394
-0.004160
-0.004160
0.032463
-0.114071
-0.150896
-0.040878
0.032557
-0.040878
0.069261
-0.040864
-0.040878
-0.077636
-0.040918
-0.004160
0.032598
-0.040918
-0.004160
-0.040932
0.142844
0.032557
0.032544
-0.004160
-0.004160
-0.004160
-0.114313
-0.151219
0.032625
0.032611
0.032598
0.106033
-0.077609
-0.004160
-0.004160
0.142683
0.032517
0.032503
-0.077501
-0.040851
-0.004160
-0.040864
-0.040878
0.032557
-0.114353
0.032584
-0.040905
-0.077690
0.032611
0.179494
0.069207
-0.077528
0.032530
-0.077555
-0.077609
0.069288
-0.077609
0.105992
0.032530
-0.004160
0.032517
-0.114232
0.069234
-0.040851
0.105871
-0.040824
-0.077528
-0.077582
-0.004160
-0.004160
-0.004160
-0.004160
-0.004160
-0.004160
-0.004160
-0.004160
-0.004160
-0.004160
-0.040891
0.032571
0.032557
-0.077609
-0.004160
-0.040905
-0.004160
0.032584
-0.040905
-0.004160
-0.004160
-0.004160
0.032584
-0.040905
0.069315
-0.004160
-0.004160
0.032557
-0.040878
0.069261
-0.004160
-0.040864
0.069234
-0.040851
-0.004160
-0.004160
-0.004160
-0.040864
-0.004160
-0.077609
0.069288
-0.040878
0.069261
0.032530
0.398549
0.032369
-0.040690
-0.004160
0.032369
-0.040690
0.032369
-0.040690
-0.040703
-0.077286
0.032409
0.068939
0.105389
-0.040663
-0.004160
0.068832
-0.004160
-0.150199
0.032369
END
