y[]
-0.024692
0.030035
-0.052063
-0.024707
0.030050
0.002671
0.057406
0.057376
0.002671
0.002671
-0.024677
-0.024685
0.030027
-0.024685
-0.024692
0.030035
0.002671
0.030027
-0.024685
-0.024692
-0.106858
0.057451
-0.024715
0.002671
0.002671
-0.024722
0.002671
0.030065
0.002671
-0.079532
0.057481
-0.052138
0.030080
0.030072
0.002671
-0.024730
-0.024737
-0.024745
0.002671
0.002671
0.002671
-0.024752
-0.024760
-0.024767
-0.024775
0.002671
0.002671
0.084987
0.057511
-0.052168
-0.382050
0.002671
-0.024865
-0.107552
0.057798
0.222875
-0.024828
-0.162481
-0.024881
0.085305
-0.052410
-0.024881
-0.107613
-0.107734
0.002671
0.085487
0.057844
-0.052501
-0.052531
0.002671
0.030277
-0.190726
0.168463
-0.080190
0.030300
-0.080236
0.113199
0.030284
-0.052562
0.002671
0.002671
-0.024957
0.030300
0.002671
-0.024957
-0.080259
0.196068
-0.052547
0.085487
0.002671
0.002671
0.002671
0.002671
0.140545
0.030223
-0.024881
-0.052455
0.030239
0.030231
0.002671
-0.052455
-0.135279
0.085464
-0.052516
0.085441
-0.107704
0.030277
-0.052547
0.113077
-0.080121
0.113047
-0.162937
0.002671
-0.080236
0.085579
0.002671
0.085510
-0.135431
0.085556
-0.107856
0.002671
0.113199
0.002671
-0.052577
0.002671
0.057920
0.057890
0.168143
-0.080030
-0.135317
-0.024949
0.030292
-0.080213
-0.080282
0.140888
0.002671
0.002671
0.030292
0.030284
-0.052562
0.113108
0.085419
0.030239
-0.024896
-0.024903
-0.024911
-0.024919
0.002671
-0.024926
0.057859
0.057829
-0.024903
0.195536
-0.024858
-0.135089
0.002671
0.030239
0.057783
0.002671
0.002671
-0.052440
0.057783
-0.052440
0.057783
-0.024881
-0.052455
0.030239
-0.024896
0.002671
-0.052486
-0.024919
0.002671
-0.052531
0.002671
-0.024941
-0.080213
-0.024972
-0.135660
-0.025018
0.002671
0.030361
0.030353
0.058012
-0.052669
0.058012
-0.024995
0.030338
0.002671
0.030330
0.223666
0.085419
0.030239
0.030231
-0.107613
-0.135355
0.002671
-0.080236
0.030315
0.030307
-0.107917
-0.274337
0.224340
0.058012
0.251325
0.195642
0.112773
-0.052364
-0.024858
0.057722
-0.107461
0.057753
-0.079962
0.030223
-0.080007
0.002671
0.030239
0.112864
0.085236
-0.024843
-0.024850
0.085214
0.167552
0.002671
0.139864
0.002671
-0.052183
-0.024767
-0.079690
0.002671
-0.079757
-0.079825
0.057677
-0.052334
-0.134975
0.112804
0.030186
-0.052364
-0.079939
0.002671
0.057753
0.140242
0.002671
0.030163
-0.052319
-0.024835
0.030178
-0.052349
0.085191
0.030163
0.085100
-0.079757
0.030155
0.030148
0.030140
-0.052274
0.112531
-0.079712
0.112501
-0.024775
0.002671
-0.079712
0.085055
0.084987
-0.052198
0.112381
-0.052168
0.249213
0.030027
-0.052048
0.112081
-0.024670
0.111991
-0.024647
0.111901
0.029960
0.057227
0.002671
0.002671
0.029938
0.084426
-0.106350
0.029938
-0.106439
0.111782
0.029931
-0.079128
-0.024610
-0.024617
0.029960
-0.024617
-0.079240
-0.079307
0.057331
-0.106678
-0.024685
0.084717
-0.079374
-0.052063
0.057406
0.030027
-0.106798
-0.024715
0.084807
0.030035
-0.024692
0.057391
-0.024685
-0.052063
0.030042
-0.106858
0.030065
-0.052123
-0.052153
0.030087
0.030080
-0.024737
0.030080
0.002671
0.139601
-0.052078
-0.024715
-0.052123
0.002671
0.002671
0.030072
-0.052138
-0.052168
-0.052198
0.084965
0.002671
0.002671
-0.024752
0.002671
0.002671
0.030095
0.002671
0.030087
-0.079599
0.057526
-0.052183
0.030103
0.057511
0.112260
0.030050
-0.024707
0.002671
-0.052108
0.057451
-0.024715
0.002671
-0.052123
0.057466
0.057436
-0.161712
0.194426
0.030035
0.057376
-0.024677
-0.079419
0.057406
-0.052063
0.030042
-0.134259
0.084852
-0.052108
-0.024730
-0.107008
-0.079667
0.057571
0.084965
-0.052183
0.030103
0.002671
0.057511
-0.079599
-0.024767
-0.052228
0.002671
-0.052259
0.002671
0.057601
-0.107219
-0.079825
0.002671
0.030178
-0.079871
-0.024858
0.002671
-0.024865
0.057738
-0.135051
-0.080053
0.140507
0.085282
0.002671
-0.052395
0.002671
0.002671
-0.135127
0.085373
0.085305
-0.024865
0.030208
-0.024865
0.112773
0.030178
-0.024835
-0.052364
0.112713
-0.162436
-0.052425
0.002671
0.057768
0.002671
0.085259
0.057692
0.002671
0.085146
-0.079803
-0.024835
0.002671
-0.024843
-0.024850
0.030193
-0.024850
0.030193
-0.079916
-0.052425
-0.024888
0.030231
-0.162800
-0.024934
-0.024941
-0.052577
-0.274030
0.085762
0.085693
-0.024995
0.002671
0.057996
0.030322
-0.080305
-0.052684
END
