y[]
-0.002209
-0.065660
0.061243
-0.033929
0.029512
0.029502
0.029492
-0.192564
-0.002209
-0.002209
-0.002209
-0.033970
0.061304
0.092984
-0.065660
-0.033950
0.029532
0.061243
-0.002209
0.061203
0.124494
-0.033869
-0.002209
-0.002209
-0.033879
0.029462
-0.128951
-0.002209
-0.002209
0.029492
-0.065620
-0.002209
-0.224466
0.029573
-0.097583
0.093166
-0.033990
-0.034000
-0.034010
0.061384
-0.002209
-0.034000
-0.034010
0.029593
-0.161318
-0.097796
0.061526
0.029644
-0.034061
-0.097826
-0.034101
-0.002209
0.029684
0.061547
0.029654
-0.002209
0.061486
-0.034051
0.029634
-0.034051
0.029634
-0.034051
-0.002209
0.029634
0.029623
-0.002209
0.029613
-0.034030
0.029613
-0.002209
0.124977
0.029563
-0.065761
-0.002209
-0.034000
0.061364
-0.033990
0.061344
-0.002209
0.029553
0.029543
-0.097492
-0.033990
-0.065802
-0.002209
-0.034020
-0.161419
0.093348
-0.161520
0.125261
-0.002209
0.125099
0.061384
0.029573
0.315051
-0.065580
0.029482
-0.097311
0.029502
0.029492
-0.097341
-0.002209
-0.033939
-0.065701
0.061284
0.061243
0.029502
-0.033919
0.029502
0.314348
-0.002209
-0.033819
0.029402
-0.002209
-0.002209
-0.033819
-0.065460
-0.002209
0.061043
-0.033829
-0.097130
0.061083
-0.002209
-0.065500
-0.128911
-0.002209
0.029482
-0.033899
-0.065620
0.124574
-0.002209
-0.065580
0.061163
-0.033889
0.124454
0.029432
-0.002209
0.029422
-0.033839
-1.950841
1.946424
-0.002209
0.061043
0.061003
-0.033809
-0.033819
-0.097100
0.219065
0.155545
0.029312
-0.128352
-0.286614
0.282197
0.060883
-0.033749
-0.033759
0.186947
-0.096741
0.060823
-0.002209
-0.033720
0.029302
-0.002209
-0.002209
-0.096771
-0.002209
0.123855
-0.065221
-0.065260
-0.033749
0.186887
-0.065201
0.092265
0.029263
-0.096652
-0.002209
-0.002209
-0.002209
-0.033710
-0.002209
-0.002209
-0.002209
-0.033720
-0.065260
-0.002209
-0.002209
0.060843
0.060803
-0.002209
-0.002209
-0.002209
-0.033710
-0.002209
0.092265
-0.033690
-0.002209
-0.033700
-0.033710
-0.033720
0.060803
0.029283
-0.002209
-0.033700
0.029283
-0.033700
-0.065221
-0.002209
0.060803
0.029283
-0.033700
0.060764
-0.033690
-0.033700
-0.002209
0.029283
0.060744
-0.033680
-0.002209
-0.002209
0.029263
-0.033680
-0.002209
-0.002209
0.060724
-0.002209
0.249127
-0.033591
0.060546
-0.033581
-0.002209
-0.033591
-0.033601
-0.002209
-0.033611
-0.033621
-0.002209
-0.033630
-0.096533
0.060685
-0.128034
0.123617
-0.065102
-0.065141
-0.002209
-0.128193
0.060803
0.029283
-0.002209
-0.065201
-0.002209
0.060784
0.029273
-0.002209
0.060724
-0.002209
-0.033670
-0.096652
-0.128272
-0.033749
-0.065320
-0.002209
0.092444
0.281212
-0.254098
-0.033739
-0.002209
-0.033749
-0.033759
-0.065340
0.060923
0.123935
-0.033729
0.029312
-0.002209
-0.065260
-0.033749
0.123895
-0.128312
0.060863
-0.065280
0.029332
-0.065300
-0.002209
-0.065340
0.060923
-0.065340
-0.065380
0.060963
0.029362
-0.002209
-0.033779
0.060923
0.060883
-0.065300
0.029342
-0.065320
0.029352
-0.096920
0.092503
0.060883
-0.033749
-0.002209
0.060863
0.123815
-0.033700
-0.096741
0.060823
0.029292
0.123696
-0.033670
-0.033680
-0.159714
0.092324
-0.002209
-0.065221
-0.033729
-0.002209
0.060823
-0.033720
0.092295
-0.033700
0.092235
-0.065161
0.029273
0.060724
0.029243
0.029233
-0.096563
-0.002209
-0.065161
0.060744
-0.002209
0.029253
-0.033670
-0.033680
-0.002209
0.029263
0.029253
-0.033670
-0.002209
-0.065161
0.060744
-0.033680
-0.002209
-0.033690
0.029273
-0.002209
0.060724
-0.002209
-0.002209
0.029243
-0.033660
-0.002209
-0.002209
-0.033670
0.029253
-0.002209
-0.002209
-0.002209
-0.002209
-0.033670
0.029253
-0.002209
-0.002209
-0.033670
-0.065161
0.029273
-0.002209
-0.002209
-0.002209
-0.002209
-0.002209
-0.033690
-0.002209
0.060744
0.060704
-0.033660
-0.033670
-0.033680
-0.002209
-0.002209
0.029263
-0.033680
-0.002209
0.092176
0.060665
-0.222438
0.155148
-0.065121
-0.096652
0.029283
-0.096712
0.092295
-0.002209
0.029273
0.060724
0.029243
0.029233
-0.002209
0.123459
-0.096444
0.029213
0.029203
-0.002209
-0.002209
-0.127916
0.217675
-0.096385
0.029194
-0.033611
-0.002209
-0.002209
-0.002209
-0.065042
-0.002209
-0.002209
0.060625
0.029194
-0.002209
-0.002209
-0.096444
-0.002209
-0.002209
-0.002209
-0.033640
0.029223
-0.033640
0.029223
0.060625
0.029194
-0.033611
-0.002209
-0.127916
0.154901
-0.002209
-0.033611
-0.002209
0.029194
-0.033611
-0.002209
0.029194
-0.033611
-0.002209
END
