y[]
0.098717
0.163725
-0.064219
0.098526
0.000886
-0.031651
0.033422
0.098431
0.000886
0.033379
0.065842
-0.129069
0.000886
0.033390
0.033379
-0.031608
-0.096660
0.033411
0.033401
-0.031630
0.000886
0.065905
-0.064134
0.000886
0.000886
0.000886
-0.129280
-0.031682
0.033454
0.520536
0.065652
0.065610
0.130210
0.000886
0.097769
-0.031399
-0.096029
0.033201
-0.063756
-0.063798
-0.128606
-0.031514
0.000886
-0.128816
0.000886
0.098178
0.033295
0.130419
-0.031482
-0.193541
-0.096470
-0.129069
0.098367
0.033358
-0.226646
0.033422
0.000886
-0.129323
0.000886
0.131094
0.033411
0.130882
0.098272
-0.031566
0.000886
0.033337
0.033327
-0.096470
0.130671
-0.031545
0.000886
0.130545
0.033274
0.033264
0.097957
0.033222
0.000886
0.065527
-0.063756
0.000886
-0.031451
-0.063818
0.000886
0.097926
0.065527
-0.128439
0.065569
-0.031451
0.000886
-0.128564
-0.063902
0.162776
-0.031472
0.097926
0.000886
-0.160901
0.033264
-0.096280
0.033285
0.033274
0.065631
-0.096249
-0.063923
0.000886
-0.096407
0.162986
-0.063923
0.065694
0.065652
-0.161110
0.000886
-0.031545
0.033316
-0.063986
0.260121
-0.225909
-0.128942
-0.031598
0.098304
-0.096533
-0.161690
0.065947
-0.096723
-0.064240
-0.194745
0.033517
0.229010
0.131009
-0.096691
0.033422
-0.096755
-0.096850
-0.096946
0.066117
0.033485
0.033475
0.000886
0.033464
0.000886
0.033454
0.098526
-0.031651
0.000886
-0.031661
0.000886
0.065969
-0.031651
0.000886
0.000886
-0.064219
0.065990
-0.031661
0.098494
0.065905
0.000886
0.065863
-0.031598
0.033369
-0.031598
0.000886
-0.031608
-0.031619
0.065884
0.033369
0.065821
0.065778
0.033316
0.033306
0.065694
0.000886
0.098020
0.000886
0.000886
0.000886
0.065590
0.033222
-0.063798
-0.063839
-0.063881
-0.258602
0.065821
0.033337
-0.031566
0.163039
-0.063944
0.000886
0.130503
-0.031503
-0.063923
0.065694
-0.161215
0.065757
0.162881
0.000886
-0.096280
0.195123
0.097863
-0.160796
-0.096249
0.065652
-0.063881
0.098020
-0.031482
0.097957
0.000886
0.097863
0.000886
-0.160796
0.065590
-0.031461
-0.063839
0.000886
-0.063881
0.098020
-0.096249
-0.128774
-0.291465
0.163408
0.098272
0.098178
0.000886
0.033295
-0.063944
0.033306
0.000886
0.033295
0.065673
0.000886
0.000886
-0.096312
0.065694
0.065652
0.000886
-0.031493
-0.096312
0.000886
0.000886
-0.063965
0.000886
0.000886
0.000886
0.000886
-0.031556
-0.096501
0.033358
-0.031587
0.033358
-0.064071
-0.031608
-0.129196
0.163461
0.000886
0.098304
0.033337
-0.031566
-0.031577
0.033348
0.000886
-0.194046
-0.161848
0.228639
-0.096660
-0.390249
0.261812
-0.031693
-0.096914
0.098685
0.000886
0.131136
0.033422
0.130925
-0.064113
0.000886
-0.031630
0.033401
-0.292131
0.066075
0.131136
0.033422
-0.031651
0.033422
0.000886
-0.064197
-0.162007
0.098653
-0.064282
-0.031714
0.000886
0.000886
0.000886
-0.129620
0.066160
-0.129705
0.066202
0.000886
0.033528
0.000886
-0.031757
0.000886
0.098781
0.033496
0.033485
-0.031714
-0.325699
-0.261152
-0.064731
0.066502
-0.163237
-0.196418
0.099586
0.000886
-0.064904
0.198124
0.066545
-0.097620
0.066567
-0.064796
-0.031971
-0.031982
-0.097782
0.000886
0.033786
-0.032015
0.132421
0.099424
0.000886
-0.064796
0.000886
-0.031971
0.165062
0.000886
0.099262
-0.031896
0.033667
-0.228811
0.033732
0.033721
0.000886
0.066524
0.033689
-0.097556
0.066524
0.164793
0.099101
0.033603
0.066288
-0.195450
0.066373
-0.162915
0.099198
0.033635
0.033624
-0.031853
-0.195771
0.230281
-0.294148
0.099327
-0.163237
-0.064839
-0.031993
0.000886
-0.361493
-0.032123
0.000886
0.099879
-0.164158
-0.065208
0.232023
-0.032101
0.066849
-0.032091
-0.032101
0.033872
-0.065099
0.000886
-0.164267
-0.098337
0.033971
-0.032200
0.067045
0.133073
0.033905
0.000886
0.000886
0.000886
0.099879
0.033862
0.066805
0.000886
-0.032069
0.099716
-0.196873
0.033872
0.000886
-0.065099
0.099846
0.033851
0.099716
0.033807
-0.097912
0.033829
-0.065012
-0.065056
0.033862
-0.131084
0.099879
0.000886
0.000886
-0.065099
0.264564
-0.130867
0.264217
-0.031993
-0.064904
0.000886
0.132421
-0.097750
-0.097847
0.099618
0.263698
-0.130434
-0.064839
0.165116
0.033699
0.066481
0.197414
0.066309
-0.130005
0.099069
-0.097298
-0.130176
0.230131
-0.130047
0.066373
0.000886
0.000886
0.000886
-0.064602
-0.195836
0.033699
0.066481
0.066438
0.033646
END
