y[]
0.028168
0.057916
0.057881
0.057845
-0.001608
-0.299227
-0.270224
-0.031499
-0.121261
0.058237
-0.001608
-0.061452
-0.271352
0.088388
0.118261
0.028337
0.058255
0.118010
-0.091307
0.088092
-0.121225
-0.061470
-0.061506
-0.031570
-0.001608
0.148115
-0.031534
0.147936
0.117867
-0.300561
0.386858
-0.001608
0.117617
-0.091013
-0.001608
-0.031427
-0.001608
-0.061273
-0.091173
0.087958
-0.210719
-0.001608
-0.061434
-0.061470
-0.061506
-0.001608
-0.001608
0.058291
-0.031552
0.028337
-0.031552
-0.001608
0.267572
-0.151062
-0.061452
-0.001608
-0.001608
-0.091441
0.118153
-0.061470
-0.151420
-0.031597
-0.061614
-0.061650
-0.151871
0.058525
0.148565
-0.061650
-0.061686
-0.061722
-0.001608
-0.091847
0.268866
0.148340
-0.061560
0.118261
0.088199
-0.151331
-0.091549
0.088334
0.178033
-0.331196
0.058398
-0.001608
0.058362
-0.151600
-0.061668
0.028427
0.118440
0.088334
0.028355
0.207879
0.117902
0.028248
-0.031463
-0.001608
0.028248
0.058076
-0.061291
-0.031463
0.087931
-0.121011
-0.001608
0.028257
0.147579
-0.061256
-0.001608
0.028221
-0.061273
0.058058
-0.061273
-0.001608
-0.001608
-0.091173
-0.001608
-0.091254
-0.031507
-0.031516
-0.001608
0.028301
0.028292
-0.001608
-0.091334
-0.061470
0.058255
0.028310
-0.031525
0.028310
-0.091388
-0.001608
-0.031552
-0.061524
-0.001608
-0.061560
0.028373
0.088280
-0.001608
-0.001608
0.148026
0.028292
-0.001608
-0.001608
0.267089
0.028203
0.117546
-0.001608
0.147136
-0.090827
0.028141
-0.090880
0.057916
-0.120691
-0.001608
-0.091013
-0.120939
0.296455
-0.090933
-0.240200
-0.091227
-0.121225
0.028310
0.088092
-0.181087
0.267491
-0.151017
0.117938
-0.091254
-0.031507
0.088065
0.028265
-0.001608
0.058112
0.177337
0.028185
-0.001608
-0.031401
-0.031409
-0.001608
0.177070
-0.031365
-0.001608
0.057898
-0.031356
-0.120691
-0.001608
0.057952
0.028159
0.057898
0.028132
0.087559
-0.090774
-0.001608
0.117263
0.087453
0.057722
-0.031268
0.235430
0.441328
0.027852
-0.119497
0.086823
-0.060552
-0.031093
-0.060605
0.086875
-0.237735
-0.060727
0.175645
0.086901
-0.031102
0.027887
0.086823
-0.031076
-0.001608
-0.060570
-0.031102
0.175227
0.057268
0.027817
-0.001608
-0.001608
-0.119359
-0.001608
0.116143
-0.178286
0.116213
-0.207884
-0.149209
0.175488
0.027878
0.027869
-0.237666
-0.090273
-0.119951
0.057582
-0.238575
-0.149998
0.146782
-0.239137
0.057828
-0.001608
0.295040
0.146387
0.057529
0.057494
0.027930
-0.001608
-0.001608
-0.031145
-0.119846
0.205218
-0.001608
0.027904
-0.031119
-0.060657
0.027921
0.057424
-0.031119
-0.031128
0.086927
-0.060622
-0.060657
-0.060692
-0.090299
0.027965
0.027956
0.057494
-0.001608
0.027930
-0.060692
-0.001608
0.057477
-0.031145
0.057459
-0.001608
0.027913
0.057407
0.027887
-0.001608
0.027878
0.145690
-0.001608
0.027826
-0.031041
0.027826
0.027817
-0.001608
-0.001608
-0.031032
-0.060483
-0.060518
-0.001608
-0.178547
-0.090195
-0.001608
0.116491
-0.031119
-0.090195
-0.031154
0.087006
-0.001608
-0.119776
0.027948
-0.119881
0.234799
-0.031128
-0.119776
-0.090326
-0.090404
0.028000
-0.179385
0.087321
-0.001608
0.028018
0.146387
-0.060779
-0.120056
-0.001608
0.116841
-0.060814
-0.120126
-0.060920
-0.060955
0.117052
-0.031259
-0.060937
0.117016
-0.001608
-0.060902
0.028044
0.087294
-0.031233
0.028018
-0.090510
-0.179649
0.087453
-0.031286
-0.031294
0.087426
-0.120337
-0.090747
0.057828
-0.031321
0.028106
-0.001608
0.117157
-0.179808
0.206262
0.028053
-0.090615
0.057740
0.116981
-0.090536
0.057687
-0.060902
-0.001608
-0.090615
-0.179861
0.087559
0.028097
-0.001608
0.087453
0.087374
0.028035
0.057652
0.706778
-0.798895
-0.090589
0.057722
0.028044
0.057669
0.087242
0.027991
0.057564
-0.031189
-0.149646
-0.001608
0.146431
-0.060797
0.057582
-0.120021
-0.001608
-0.090510
-0.031259
0.176170
-0.120091
-0.031250
-0.090589
0.205892
-0.090483
-0.001608
-0.090562
0.087347
-0.120232
0.087374
-0.090589
0.028062
-0.031277
-0.001608
-0.031286
-0.001608
0.028070
0.057722
-0.031268
-0.031277
-0.031286
-0.090694
0.028097
-0.031312
-0.001608
-0.090774
-0.090853
0.117369
0.087532
-0.061025
0.028106
0.028097
-0.001608
-0.001608
0.206077
-0.001608
0.057652
0.116806
-0.120021
-0.090510
-0.031259
0.087321
-0.031242
0.057652
-0.031233
-0.090536
-0.001608
0.028044
-0.001608
0.057669
0.264704
-0.179070
0.087163
0.087084
-0.208678
-0.001608
0.087189
0.057546
END
