y[]
-0.195855
0.028242
-0.003794
-0.131999
0.188452
-0.003794
-0.131917
-0.003794
0.188329
0.028191
0.060145
-0.035758
0.124002
-0.003794
-0.163564
0.060145
-0.003794
0.123961
-0.067651
-0.067692
-0.067733
-0.003794
-0.003794
-0.035779
0.060165
-0.003794
-0.003794
0.092068
-0.035738
-0.035748
0.092037
-0.099625
0.028160
-0.035748
-0.067733
-0.035779
0.060165
-0.003794
0.060124
-0.035748
0.060104
-0.035738
-0.003794
-0.035748
-0.035758
0.028170
-0.067733
0.060145
-0.035758
-0.003794
0.060124
0.060083
-0.035728
0.060063
-0.003794
0.028119
-0.067631
0.028129
-0.003794
-0.003794
-0.067651
0.028140
-0.035728
-0.003794
-0.003794
0.155772
-0.035687
-0.003794
0.059982
-0.003794
-0.003794
0.187289
-0.067448
0.059860
0.028018
0.091580
-0.003794
-0.067367
0.059779
-0.099168
-0.035606
-0.003794
0.028018
0.028008
0.059779
-0.003794
-0.003794
0.027977
-0.003794
-0.258247
0.250659
-0.003794
-0.003794
-0.003794
0.027967
0.027957
0.027947
-0.035535
-0.099077
0.027977
-0.067347
-0.003794
0.123271
-0.067306
-0.099138
0.059779
0.027977
-0.035565
-0.003794
-0.003794
-0.067367
0.059779
0.059738
0.091429
-0.035525
-0.099047
0.027967
-0.035555
-0.194573
-0.099320
0.028058
-0.035646
-0.099411
0.028089
0.091793
-0.067508
0.028068
-0.514814
0.156181
-0.035768
0.570187
0.027998
0.027987
-0.035575
0.027987
-0.067367
0.027998
0.059759
0.123190
0.154710
0.312462
-0.035375
0.122469
-0.003794
-0.098476
-0.003794
-0.066965
0.059377
-0.130176
-0.003794
-0.130336
0.091128
0.154209
-0.066965
0.090948
-0.066945
0.154009
-0.066885
0.122349
-0.098386
0.059278
0.027727
-0.003794
-0.035315
-0.035325
-0.003794
-0.003794
-0.035335
0.027747
-0.003794
-0.003794
-0.066885
0.027757
-0.035345
-0.035355
0.090858
-0.066885
-0.035355
-0.066945
0.027787
-0.003794
-0.003794
-0.003794
-0.003794
-0.035375
-0.035385
-0.067005
-0.067045
0.059457
-0.035414
-0.003794
-0.003794
-0.067065
-0.098776
-0.003794
-0.003794
-0.098866
-0.003794
0.027907
0.122909
-0.003794
-0.035455
-0.003794
-0.035465
-0.003794
0.059537
-0.003794
0.091128
0.027827
-0.003794
0.027817
-0.067025
-0.067065
0.059477
0.027827
-0.003794
0.027817
0.090978
-0.066965
-0.003794
-0.130256
-0.035434
-0.003794
-0.067105
0.091158
-0.003794
-0.003794
-0.003794
-0.098746
0.027867
-0.035455
0.059517
-0.035445
0.027857
-0.035445
-0.035455
0.059517
-0.067105
-0.067145
-0.003794
0.059557
-0.035465
-0.162298
-0.003794
-0.035525
-0.035535
0.091399
0.091308
0.027887
-0.067165
-0.035495
0.027907
-0.098926
-0.035525
0.027937
0.027927
0.027917
0.027907
0.059577
-0.003794
-0.067165
-0.067205
-0.035515
0.027927
-0.067246
-0.003794
-0.003794
0.281423
-0.289010
0.059658
-0.003794
-0.003794
-0.003794
-0.003794
-0.003794
0.027917
-0.003794
0.027907
-0.162398
0.186501
-0.003794
0.091218
0.027857
-0.098776
-0.003794
-0.003794
0.027877
-0.067145
-0.130617
-0.194331
0.027987
0.027977
-0.035565
-0.067367
0.155062
-0.003794
0.091399
-0.067246
0.091369
-0.098957
-0.099047
0.059718
-0.099077
0.091490
-0.099077
0.027977
0.123190
0.027927
0.091308
0.059557
-0.067145
0.059557
-0.035465
0.027877
-0.067145
-0.067185
0.122949
0.027867
-0.035455
-0.003794
0.186019
-0.003794
0.090978
0.059337
-0.035355
-0.035365
-0.066965
-0.035395
-0.003794
-0.003794
-0.067025
0.027827
-0.035414
-0.003794
-0.003794
-0.035424
-0.003794
-0.035434
-0.067105
-0.003794
-0.003794
-0.035465
-0.003794
-0.003794
-0.003794
0.027877
0.027867
-0.003794
-0.035455
-0.003794
0.027867
-0.003794
0.059497
0.059457
-0.035414
-0.067065
-0.067105
-0.067145
0.091218
0.091128
0.091038
-0.003794
-0.003794
-0.003794
-0.003794
0.027797
-0.035385
-0.035395
-0.130296
-0.003794
0.027847
-0.067085
0.027857
-0.003794
0.027847
-0.067085
0.091128
0.027827
-0.035414
-0.035424
-0.003794
-0.003794
0.027837
-0.035424
0.059457
0.091008
-0.066985
0.027807
-0.098626
0.027827
-0.003794
-0.003794
-0.035414
-0.067065
0.027847
0.027837
-0.003794
0.059437
0.027807
0.059377
-0.035375
0.027787
-0.035375
-0.035385
0.185600
0.090769
0.027707
-0.003794
0.027697
-0.003794
0.059159
0.027667
-0.066727
-0.035275
-0.003794
0.027687
0.090590
-0.035245
-0.035255
-0.003794
-0.035265
0.027677
-0.066746
-0.035285
-0.066806
0.059218
-0.003794
0.059178
-0.035275
-0.003794
-0.035285
0.090650
-0.035265
-0.003794
0.027677
-0.035265
0.059139
0.153365
-0.066628
0.153217
-0.035176
-0.098000
-0.098089
END
