y[]
-0.034403
-0.065874
0.059952
-0.034412
-0.002961
-0.002961
-0.034422
-0.097405
0.028530
0.028520
-0.034442
-0.065953
0.028540
-0.002961
0.060011
0.028510
0.059952
-0.002961
0.059912
0.028461
-0.002961
-0.034383
-0.065834
-0.034412
-0.002961
-0.002961
0.122786
-0.034383
0.028461
-0.002961
-0.002961
0.028451
0.028441
-0.034363
0.028441
-0.002961
0.028431
0.028421
-0.002961
-0.097138
0.028441
0.498136
0.090716
-0.002961
0.090628
-0.065344
0.090599
-0.065325
-0.034157
-0.065383
-0.159187
-0.002961
-0.128117
-0.002961
0.247196
-0.034196
0.153118
-0.065363
0.059442
0.090570
0.121611
0.152536
0.121263
0.028071
0.244947
-0.126838
-0.002961
-0.064957
0.028042
-0.064976
-0.065015
-0.096114
-0.002961
-0.002961
0.121224
-0.033993
-0.034002
0.028080
-0.034002
-0.345054
0.494243
-0.033964
0.059035
-0.095970
0.028052
-0.064996
0.028061
-0.065015
-0.034002
-0.096143
-0.065131
0.121340
0.090163
-0.065034
0.090134
-0.033983
-0.002961
-0.065034
-0.034012
0.059132
0.028071
-0.002961
-0.096085
-0.002961
-0.065092
-0.002961
-0.065131
0.028129
0.028119
-0.002961
-0.034041
0.028119
-0.002961
-0.034041
0.028119
0.059170
-0.002961
-0.096172
0.121301
-0.002961
-0.002961
0.028080
0.090106
-0.064996
-0.065034
-0.220521
-0.034080
-0.002961
0.028158
0.059247
0.090279
-0.034031
0.059170
-0.127262
0.090279
-0.096201
-0.065169
-0.065208
-0.127572
-0.065325
-0.002961
0.090570
0.090482
-0.158748
-0.034148
-0.065363
0.028245
-0.002961
0.059422
-0.034148
0.028226
0.028216
-0.034138
-0.065344
0.028235
-0.034157
-0.002961
-0.034167
-0.002961
-0.002961
0.028245
0.028235
-0.034157
-0.002961
-0.002961
-0.002961
-0.002961
0.059422
-0.034148
0.059403
0.059364
-0.065286
-0.002961
-0.002961
0.028206
-0.065305
0.028216
-0.002961
-0.002961
-0.034138
-0.034148
0.059403
-0.002961
-0.002961
0.059364
0.028187
0.059306
-0.034089
0.090395
-0.002961
0.059228
-0.065150
-0.034070
-0.127494
-0.002961
0.059325
-0.034099
-0.034109
0.028187
-0.034109
-0.065286
-0.002961
0.090512
-0.065266
0.059344
0.028177
-0.127572
-0.096521
0.184072
-0.034109
0.121572
0.028148
0.090308
0.214329
-0.158120
0.121186
-0.033983
0.028061
-0.002961
-0.002961
-0.033983
0.152054
-0.064938
0.089990
0.120840
-0.033897
0.120725
-0.033868
-0.126685
-0.064880
0.028004
0.058939
-0.095826
0.028004
0.089875
0.120687
-0.002961
0.027927
-0.002961
-0.033849
-0.002961
-0.002961
-0.126609
-0.033897
0.089818
-0.033878
-0.002961
0.027956
-0.033878
-0.064823
-0.064861
0.213523
0.058806
-0.002961
-0.002961
-0.033839
-0.064747
-0.033868
0.027946
0.058825
0.120496
-0.064670
-0.064708
0.027918
-0.002961
-0.002961
-0.064727
-0.002961
-0.002961
0.027927
-0.002961
-0.095654
0.058844
-0.281383
0.028013
0.058959
-0.095855
-0.282161
0.183259
-0.002961
-0.002961
0.028042
-0.127030
-0.096114
0.059151
0.028080
-0.158265
0.059189
-0.065111
-0.002961
0.090250
-0.158361
0.214532
0.121109
-0.002961
0.059016
-0.033945
0.028023
-0.002961
-0.033945
-0.064957
-0.033974
0.028052
-0.158120
0.214194
0.151862
-0.064861
-0.033925
-0.002961
-0.002961
-0.002961
-0.033935
0.058978
0.027994
0.027984
-0.033906
-0.002961
0.027984
-0.002961
-0.002961
0.027975
0.027965
-0.064823
-0.002961
-0.002961
-0.033906
-0.002961
-0.064880
-0.002961
-0.033935
0.028013
0.058959
-0.033916
-0.002961
0.027994
-0.033916
-0.033925
-0.033935
0.028013
-0.064919
-0.033954
0.244717
-0.033887
-0.033897
0.058901
-0.033887
-0.064842
-0.064880
0.058959
-0.002961
-0.002961
-0.095855
0.120878
-0.002961
0.027975
-0.033897
0.120725
-0.002961
-0.002961
-0.157592
-0.064880
-0.002961
-0.188950
-0.065034
0.090134
0.028052
0.182913
-0.002961
-0.002961
0.058920
-0.002961
0.089789
-0.064785
-0.002961
-0.188662
-0.002961
-0.002961
0.089933
0.058920
-0.064842
-0.002961
0.058920
-0.064842
-0.033916
-0.002961
0.027994
0.058920
-0.002961
-0.002961
-0.002961
0.027965
-0.095768
0.027984
-0.033906
-0.002961
-0.002961
-0.033916
0.027994
-0.064880
-0.033935
-0.033945
-0.095970
0.059055
-0.064976
-0.220319
-0.002961
0.183375
-0.002961
-0.033993
-0.065053
-0.096172
0.028119
0.183317
-0.065015
0.028071
-0.127146
0.028100
-0.034022
-0.034031
0.523927
-0.436667
0.028080
0.121109
-0.064976
0.028052
0.059035
-0.033954
-0.064976
0.028052
-0.002961
0.059035
-0.033954
0.028032
-0.095970
-0.002961
-0.033983
0.028061
-0.002961
-0.002961
-0.158168
0.028100
-0.002961
0.090163
END
