y[]
-0.059561
-0.027412
-0.059624
0.004768
-0.027443
0.036979
-0.059665
0.036990
0.036979
0.004768
0.004768
-0.059665
0.036990
0.036979
0.036969
0.036958
0.069118
-0.027402
0.036938
-0.059582
-0.027423
0.069139
-0.027412
0.036948
0.229740
0.004768
0.036865
0.004768
-0.027330
0.068953
0.004768
0.004768
0.036845
-0.219987
0.197446
0.036845
0.036835
-0.284203
0.004768
0.261672
0.004768
0.036835
0.004768
0.068870
0.068829
0.036783
0.100753
0.004768
0.036742
-0.027207
0.004768
0.004768
-0.027217
-0.059232
0.068768
-0.059232
-0.059273
0.036794
0.036783
-0.059273
0.036794
0.004768
0.132768
0.004768
0.004768
-0.059212
-0.059253
-0.059294
0.004768
0.068829
0.004768
0.036783
-0.027247
0.068788
-0.123314
0.036804
0.004768
-0.027268
-0.091401
0.036835
0.100906
-0.027268
0.132850
-0.091278
-0.027268
0.004768
0.036804
0.004768
0.036794
0.036783
0.100753
0.004768
0.036742
-0.059191
0.036753
0.004768
0.004768
0.004768
0.036742
0.036732
0.004768
-0.027196
-0.059191
-0.155309
-0.027278
0.036814
-0.059335
-0.027299
-0.091494
0.133096
0.068870
-0.091401
0.132973
0.004768
-0.059314
-0.027289
-0.027299
-0.027309
-0.059417
-0.059458
0.068994
0.165153
-0.123519
0.004768
0.036855
0.068912
0.004768
0.004768
0.004768
-0.027299
0.004768
0.004768
0.100937
0.004768
-0.059335
0.036824
0.036814
-0.027278
-0.027289
0.004768
-0.027299
0.004768
-0.027309
-0.027319
-0.027330
0.004768
0.068953
-0.027319
-0.027330
0.133096
0.132932
0.036783
0.132727
0.100630
-0.059130
0.004768
-0.059171
0.004768
-0.059212
0.004768
0.068747
0.004768
0.036742
0.068686
-0.091125
0.068707
0.036722
0.004768
0.068645
-0.027166
0.036701
-0.091063
0.036722
0.004768
0.036712
-0.027176
-0.027186
-0.027196
-0.059191
0.036753
0.004768
0.100661
-0.027186
-0.187171
-0.027258
0.196768
0.068686
0.100569
-0.122987
0.036722
0.068645
-0.123028
0.036732
0.004768
0.004768
0.036722
-0.059150
-0.059191
-0.091247
-0.059294
0.004768
-0.059335
-0.187787
-0.123808
-0.059582
0.101277
-0.091742
-0.446846
0.069409
0.069367
-0.189156
0.069451
0.037094
0.166241
-0.027506
-0.027516
-0.027527
0.133883
0.069263
0.037000
0.004768
0.004768
0.004768
0.230102
0.036917
0.069035
0.101092
-0.059438
0.133138
0.132973
0.004768
-0.059314
0.004768
-0.091432
0.004768
-0.027319
0.004768
-0.123684
-0.123849
-0.027412
0.165565
-0.027371
0.165359
-0.059438
0.036876
0.036865
0.133055
-0.123519
0.036855
-0.027319
0.100999
-0.027299
-0.059396
0.068932
-0.155720
-0.123808
0.036927
0.036917
0.101153
-0.155926
0.004768
0.069077
-0.059541
-0.091773
-0.027433
-0.188656
0.069284
-0.188905
-0.027547
0.101683
-0.092147
-0.092241
0.004768
0.069451
0.101714
0.037062
-0.027527
0.004768
-0.189219
-0.222026
0.004768
0.037199
0.037188
-0.092524
0.004768
-0.125102
-0.027726
0.069745
-0.157754
0.134807
-0.027726
-0.222986
-0.093000
0.037368
0.004768
0.069936
0.069893
-0.060357
0.134976
0.037294
0.004768
0.069787
-0.092777
-0.092872
-0.092968
-0.027832
0.069957
-0.125653
-0.093159
0.102695
-0.322030
-0.060720
0.070256
0.004768
0.004768
0.037496
0.037485
0.037474
0.037464
-0.027928
-0.191632
0.397182
0.004768
-0.027874
0.037410
0.037400
0.004768
0.004768
-0.093159
-0.060570
0.168033
0.004768
-0.125823
0.102727
0.232967
-0.060379
-0.027821
0.232670
-0.060294
-0.092904
0.037336
-0.190799
0.004768
0.037389
-0.093127
-0.158604
0.135487
0.037421
0.004768
-0.027885
0.004768
-0.027896
-0.027906
-0.093319
-0.093416
0.037506
-0.093480
0.135744
-0.027960
0.037496
-0.027960
-0.126251
0.070299
0.135701
-0.093416
0.037506
-0.126251
0.103048
0.037506
0.037496
-0.126208
0.135744
-0.093448
0.004768
0.037517
-0.224703
-0.028057
-0.060914
-0.126725
-0.061043
0.004768
-0.028154
0.103501
0.103403
0.070471
0.070428
0.037582
-0.192276
0.004768
0.070493
0.070449
-0.060914
0.004768
0.136088
-0.126552
-0.060957
0.004768
-0.061000
0.004768
-0.061043
0.004768
0.004768
-0.028154
0.267839
-0.126681
0.103371
-0.093835
-0.061022
-0.061065
-0.094063
0.136520
0.136347
0.168999
-0.060892
0.136045
0.234088
0.233564
-0.158604
0.004768
0.135487
0.037421
-0.355004
-0.028003
0.168514
-0.093448
-0.093544
0.004768
0.004768
0.103080
0.004768
-0.126337
0.070342
0.004768
0.037539
0.004768
0.004768
0.004768
-0.060784
0.037549
-0.126423
0.037582
-0.060870
-0.028067
END
