y[]
-0.108491
0.115097
0.031232
-0.080508
-0.024650
0.059200
0.003303
0.059169
0.114941
-0.024595
0.114848
0.031170
0.003303
0.003303
0.059013
0.031146
0.086787
-0.052345
0.003303
0.058951
0.003303
-0.135876
0.170294
0.058905
-0.080112
-0.052345
-0.052376
-0.024548
0.058998
0.031139
0.058951
-0.052345
-0.108087
-0.052439
0.059044
-0.080321
0.170480
-0.024541
-0.191819
0.198425
0.086810
0.058936
0.003303
0.114476
-0.052268
-0.191439
0.058982
0.086764
0.142250
-0.052253
-0.052284
-0.024502
0.031108
0.003303
-0.052314
-0.052345
-0.024533
-0.024541
0.086810
0.031123
0.031115
-0.052330
-0.080204
-0.080274
-0.024572
-0.052470
0.031193
0.003303
0.031185
-0.024579
-0.024587
0.086950
-0.024572
-0.024579
0.142637
0.003303
-0.024548
-0.024556
0.003303
-0.024564
0.003303
-0.024572
0.003303
0.003303
-0.052470
-0.080414
0.003303
0.031216
0.003303
-0.024611
0.059122
-0.024603
-0.052532
-0.052563
0.003303
0.059169
0.114941
0.003303
0.086950
-0.052454
-0.080391
0.059106
-0.108335
0.142831
-0.024587
0.031193
-0.275949
-0.024665
-0.080648
-0.220912
-0.080908
-0.052877
-0.081026
-0.052956
0.059562
0.059530
-0.081050
-0.278387
0.031508
-0.222558
0.313731
0.003303
-0.278864
0.031555
0.003303
-0.024950
-0.024958
-0.109819
-0.053306
0.003303
-0.081671
0.144886
-0.024998
0.031603
-0.450470
0.003303
0.145328
-0.167152
0.060153
-0.138884
0.088639
0.287233
-0.081791
-0.025078
0.088421
0.060008
0.144926
-0.081647
0.116553
-0.138280
0.031635
-0.081719
0.059992
0.059960
0.088229
0.031595
-0.024990
-0.138280
0.031635
0.116553
0.398672
-0.109500
-0.137880
0.059800
-0.166285
-0.109915
0.173082
0.031571
0.003303
-0.024966
-0.109851
0.201239
-0.024950
0.031555
-0.053210
-0.053242
0.088109
0.116265
0.059736
0.003303
-0.081359
0.059752
0.031516
0.087893
-0.024886
-0.081311
0.087917
-0.335585
0.088132
0.172747
-0.137880
-0.081503
0.031579
-0.138160
-0.280224
0.060073
0.286669
0.455026
-0.053051
0.003303
-0.053083
0.059689
0.228528
-0.081097
-0.165711
0.087846
-0.053051
-0.081288
-0.024910
-0.024918
0.087941
-0.024902
-0.053131
-0.137920
0.059816
-0.024950
0.059800
0.003303
0.116202
0.031508
-0.024902
0.031508
0.059689
0.003303
0.115979
0.003303
0.031452
-0.053003
-0.053035
-0.053067
-0.024894
0.003303
0.003303
0.003303
0.059689
-0.109500
0.031516
0.031508
0.116042
0.059625
-0.053019
0.003303
0.003303
-0.081240
0.031492
0.031484
0.003303
0.059641
-0.053035
0.059641
-0.053035
0.003303
0.031476
0.003303
-0.053051
0.312857
-0.109151
0.087655
0.003303
0.003303
0.171795
0.087443
-0.080837
0.003303
-0.108994
-0.081002
0.031412
-0.081050
0.087655
-0.137324
0.059577
0.059546
0.368113
0.059310
-0.024697
0.115254
0.282633
-0.080414
-0.024618
-0.108460
0.170901
0.031209
-0.108367
-0.024634
-0.052594
0.003303
-0.024657
0.170947
-0.052547
-0.052579
-0.052610
0.031263
-0.052626
0.087184
0.031248
0.003303
0.031240
-0.080531
-0.024657
0.059216
0.003303
0.059184
0.003303
0.031232
-0.024626
-0.052579
-0.080578
0.059231
-0.024657
0.059216
-0.052610
-0.108617
-0.136773
0.031334
0.031326
-0.052751
0.143379
0.031294
0.031287
0.143104
0.059169
-0.052563
-0.024642
0.003303
-0.332644
0.115410
-0.108805
-0.333776
0.171984
-0.081002
-0.250040
0.003303
0.200403
0.031428
0.031420
0.171842
0.003303
0.199574
-0.108805
-0.052798
-0.333966
0.143970
0.115694
-0.165331
0.059546
-0.024815
-0.362946
-0.081407
-0.336256
0.031644
-0.138481
-0.110269
-0.081961
0.088566
-0.138844
0.145449
-0.025110
0.088518
0.116810
-0.053435
-0.110269
0.060105
0.088445
-0.025070
0.003303
-0.025078
-0.195589
-0.025143
0.060186
0.031732
-0.053564
-0.025143
0.117036
0.088518
-0.110334
0.003303
-0.053564
0.060170
0.003303
0.060137
-0.053531
-0.053564
0.060170
-0.025126
-0.082034
0.031756
-0.110560
0.003303
0.003303
0.060250
0.003303
0.088664
-0.082058
-0.025167
0.088688
0.031748
0.003303
-0.025143
-0.025151
-0.025159
-0.053645
0.088712
0.060202
0.031740
-0.025135
0.117004
-0.053531
-0.025126
-0.025135
-0.281516
-0.025224
0.060348
-0.025216
0.088834
0.060283
0.031781
-0.139168
-0.110820
-0.339849
0.232201
-0.082473
0.031903
-0.053905
0.346062
0.088809
0.401370
0.031676
-0.167055
0.116907
-0.081888
-0.167297
0.003303
0.173903
0.088494
0.116778
0.314697
-0.166428
-0.025014
-0.053354
-0.025038
-0.025046
0.031652
0.003303
END
