y[]
0.153728
-0.092208
0.030746
0.122888
-0.092152
0.061444
0.000000
-0.061444
-0.030736
0.122888
0.000000
-0.245927
0.030774
-0.123153
0.061595
0.000000
-0.030793
0.061576
-0.030783
-0.061595
0.092379
0.123039
-0.307882
0.277136
0.030746
-0.030746
0.092208
0.030717
-0.153681
-0.123115
0.092350
0.092265
-0.092265
0.153728
-0.092208
0.000000
0.061482
-0.061482
0.184332
0.030689
0.153304
0.000000
-0.061293
-0.061331
0.030670
0.000000
0.030661
-0.122699
0.030689
-0.030689
0.092039
-0.092039
0.122699
0.000000
-0.092010
0.030680
-0.030680
0.000000
0.061350
-0.122737
-0.153633
0.030746
0.061463
0.030717
-0.153681
-0.092322
-0.092407
-0.092493
0.061671
0.061633
-0.030812
0.061614
0.030793
0.000000
0.030783
-0.184843
0.000000
0.092464
0.000000
0.061595
0.000000
0.092322
0.030755
-0.092293
0.061538
0.000000
-0.030764
-0.030774
0.061538
-0.061538
0.061538
0.000000
-0.061538
-0.123191
0.061614
0.153870
0.000000
-0.030755
0.030755
-0.184672
-0.123305
0.123305
0.061595
0.030783
0.000000
0.000000
0.061538
0.030755
0.061482
0.000000
0.153539
-0.030689
0.030689
-0.092095
0.061406
0.030689
0.122662
0.000000
-0.061312
-0.061350
-0.092095
0.030708
0.000000
0.000000
-0.030708
-0.122926
0.122926
0.092095
-0.061387
0.000000
0.030698
-0.030698
0.030698
0.000000
-0.030698
0.000000
0.030698
-0.061406
-0.092180
-0.061501
0.061501
0.000000
0.030736
0.061444
0.030708
0.000000
0.061387
-0.030689
0.030689
0.000000
0.030680
-0.061369
0.030689
0.061350
0.000000
0.153210
0.030614
-0.061237
-0.030633
0.122474
-0.091841
-0.337475
-0.030736
-0.092265
-0.061557
0.092322
-0.030764
0.030764
0.061501
0.000000
0.000000
-0.030746
0.398957
0.214166
0.244200
0.030483
-0.121988
0.274265
-0.091338
-0.060938
-0.060976
0.030492
-0.060994
-0.152648
0.122137
0.030511
0.030502
-0.091533
0.061031
-0.030511
0.061013
0.000000
-0.122063
0.122063
-0.183150
0.061087
0.030530
0.000000
0.000000
0.030520
-0.030520
0.000000
0.000000
-0.030530
0.030530
-0.030530
0.030530
0.122026
-0.091505
0.030511
0.000000
-0.091561
0.000000
-0.061087
0.000000
-0.030558
-0.152929
0.122362
0.030567
-0.030567
-0.152975
-0.122549
-0.030661
0.061312
0.030642
-0.214691
-0.061425
0.092123
-0.030698
-0.061425
-0.061463
0.000000
-0.030746
0.122926
0.000000
-0.030717
0.061425
-0.030708
0.061406
0.000000
0.092039
0.061312
-0.214757
0.030708
0.184049
0.000000
0.122512
-0.214494
0.122624
0.091870
-0.061237
-0.091926
-0.061331
0.122624
0.061256
-0.183880
0.153257
0.030623
0.061218
0.000000
-0.122474
0.091870
-0.030614
0.061218
-0.061218
0.000000
0.061218
-0.061218
-0.091898
0.030642
-0.030642
-0.061312
-0.030670
-0.030680
0.061350
0.030661
-0.061331
-0.030680
0.061350
-0.030670
0.000000
-0.061369
-0.061406
-0.030717
-0.061463
0.061463
0.030717
0.030708
0.000000
0.000000
0.000000
0.061387
-0.030689
-0.030698
0.000000
0.061387
0.000000
0.000000
0.030680
0.000000
0.030670
0.000000
0.030661
0.030651
0.061275
-0.061275
0.030642
-0.061293
-0.030661
0.122587
0.061237
-0.245173
-0.030689
-0.030698
0.030698
0.061369
-0.030680
0.000000
0.030680
0.000000
0.245098
-0.061218
0.030614
0.183486
0.030548
0.030539
-0.030539
-0.152835
0.030586
0.030576
-0.030576
0.000000
-0.030586
-0.091813
-0.491100
-0.030774
0.030774
-0.153965
0.061614
0.000000
0.123115
-0.061538
-0.339140
0.000000
0.000000
0.030878
0.061728
-0.030859
0.061709
0.061671
-0.030831
-0.030840
0.061671
-0.092521
0.000000
0.030850
0.061671
-0.123381
-0.030869
-0.154488
0.092721
0.000000
0.030888
0.092607
0.030850
0.030840
0.092464
0.030802
0.061576
-0.061576
0.061576
0.030774
-0.061557
0.000000
0.000000
0.092322
0.000000
-0.123115
0.061576
-0.123191
0.092407
0.000000
0.000000
0.000000
-0.061595
-0.061633
0.030821
-0.030821
-0.030831
0.000000
-0.092550
0.092550
-0.154297
0.061747
0.185014
0.030802
-0.030802
0.123153
0.030764
-0.061538
0.000000
-0.030783
-0.061595
0.184672
0.184332
0.000000
-0.092123
0.000000
-0.122963
-0.092322
0.030783
0.092293
0.030746
-0.092265
0.030764
0.000000
-0.030764
-0.030774
0.000000
0.061538
0.000000
-0.092322
0.123077
-0.061520
-0.092350
0.061576
0.000000
0.030774
0.000000
0.000000
0.000000
0.092265
-0.030746
-0.061520
-0.061557
0.061557
-0.061557
0.000000
0.030783
0.030774
-0.061557
0.061557
0.000000
END
