y[]
0.009589
0.009589
-0.021686
0.040863
-0.052970
-0.146979
0.009589
-0.053107
0.040942
0.009589
-0.021764
0.009589
-0.021774
0.009589
0.009589
0.009589
-0.115961
-0.053245
0.041011
-0.084706
0.041030
-0.084766
0.009589
0.166797
-0.021833
-0.021843
0.009589
0.009589
0.103854
0.009589
0.009589
0.166501
0.040942
-0.053127
-0.084558
0.166452
-0.084499
0.040961
-0.053166
-0.053206
-0.084677
0.103854
0.009589
-0.053245
-0.084736
0.135335
0.072403
-0.021813
0.103765
-0.084588
0.103765
-0.021794
0.072344
0.009589
-0.053166
0.009589
0.197736
0.009589
0.040912
0.040902
-0.021725
-0.021735
-0.021745
-0.021754
-0.021764
0.040942
-0.053127
0.009589
-0.021784
0.040961
0.103647
0.040922
-0.084440
0.072285
0.134863
0.040883
0.040873
-0.052990
0.072167
-0.052990
0.134706
0.009589
0.009589
-0.021676
0.009589
0.009589
0.009589
-0.021686
0.009589
0.009589
0.009589
-0.052990
0.384472
0.134238
-0.115061
-0.021598
-0.084030
0.009589
-0.084117
-0.146783
0.072167
0.134628
-0.052911
0.072089
-0.052911
0.009589
0.103324
-0.146686
-0.272322
-0.147373
0.009589
-0.084706
0.103884
0.009589
0.072403
-0.241905
-0.147916
0.167094
-0.116396
-0.179686
0.009589
0.041159
-0.053563
0.104301
0.009589
0.009589
-0.021972
-0.053563
-0.022002
0.041179
0.041169
0.009589
0.135812
0.041120
0.009589
0.009589
0.072621
0.041090
0.009589
0.041080
-0.021902
-0.116475
0.072640
-0.021932
0.009589
-0.085034
0.135732
0.041100
-0.053443
0.072621
-0.053443
0.167094
0.041060
0.323758
-0.021784
-0.053186
0.040981
-0.116039
0.072423
-0.210503
0.041060
0.009589
-0.021883
-0.021892
0.072541
0.041050
0.009589
0.103914
-0.053285
0.072462
-0.053285
-0.053324
0.009589
-0.053364
0.041070
0.103973
-0.053324
0.041050
0.009589
-0.021873
0.009589
0.041050
-0.084825
0.072541
-0.210919
0.104151
0.072581
-0.116435
-0.116594
-0.116754
0.104360
0.041159
-0.085153
-0.338568
-0.307973
0.041390
0.136694
-0.022172
0.073101
0.073061
0.579030
-0.718608
-0.372456
0.073364
0.009589
0.041461
-0.054166
0.200732
-0.149672
0.137018
0.105054
-0.117719
0.041431
0.136856
-0.022213
0.009589
-0.085877
0.041421
0.009589
-0.085937
0.073283
0.105054
-0.149571
0.105115
0.009589
0.009589
0.105024
0.009589
-0.085846
0.105024
-0.085846
0.041411
0.009589
-0.117759
-0.086029
-0.277814
0.233195
-0.054248
0.137221
-0.022304
0.105237
0.041451
-0.054146
0.009589
-0.054187
0.009589
-0.181982
0.073486
0.009589
0.105359
0.105267
-0.086090
0.041492
-0.150028
0.073466
-0.246166
0.329180
-0.054248
-0.214161
0.105543
0.137384
-0.054289
-0.054329
-0.182411
-0.022447
0.073650
-0.118575
-0.054555
-0.150951
0.138041
-0.118863
-0.022550
0.170180
0.073753
0.041655
-0.054555
0.041666
-0.150899
0.009589
-0.118987
0.138165
-0.151157
0.138206
-0.054699
-0.054741
0.073918
0.073877
0.041717
0.138000
0.009589
-0.022499
0.041676
-0.022499
0.009589
-0.086735
0.073815
0.137917
0.073691
-0.118658
0.041666
0.041655
0.041645
0.041635
-0.022457
-0.022468
0.041645
0.041635
-0.054514
-0.054555
-0.118822
0.009589
-0.086828
0.073877
-0.086859
-0.054761
-0.054803
0.009589
0.073980
0.106098
-0.119111
-0.022612
0.073980
-0.022602
0.331029
0.009589
0.105820
0.009589
0.073691
-0.022457
-0.054534
0.009589
0.041655
-0.150848
0.009589
0.041697
-0.215383
0.073918
-0.086921
-0.151468
-0.184022
-0.087357
0.074230
0.138746
0.106347
0.074042
-0.183897
-0.087295
-0.152093
-0.152355
-0.347613
-0.022947
0.204647
0.042062
-0.055367
0.074545
-0.348193
0.204901
0.139585
-0.055389
0.042083
-0.055410
-0.153092
-0.022979
0.074714
-0.088115
0.074735
0.172270
-0.185660
0.009589
-0.022990
0.009589
-0.055600
0.074778
0.107293
-0.022969
0.949476
-0.151832
-0.801446
0.107261
-0.055515
0.139755
0.074608
0.009589
0.204394
0.042019
0.042009
0.009589
-0.055262
-0.217721
0.107070
0.009589
-0.022895
0.495735
-0.055094
-0.055136
0.203638
-0.055053
-0.119819
-0.055178
0.139080
-0.184712
0.009589
-0.055262
0.171637
0.203701
-0.184523
0.106692
0.235797
0.235286
-0.216109
-0.087295
-0.119736
-0.022769
0.106629
-0.216985
0.171480
-0.152302
-0.055241
-0.087735
-0.185343
-0.088020
-0.022969
-0.088147
0.074757
0.172323
-0.022937
-0.120620
-0.055579
-0.186170
0.009589
0.074884
-0.121045
0.074927
0.107516
-0.121002
0.107548
-0.023054
-0.023064
-0.153837
0.205667
0.009589
-0.055728
0.140180
END
