y[]
-0.023249
0.009298
-0.023260
0.041855
-0.023260
-0.055849
0.009298
0.074444
0.041855
0.074381
-0.055785
0.041844
-0.023249
0.074381
-0.023239
0.009298
0.009298
0.009298
-0.055807
-0.088438
-0.023302
0.009298
0.107065
-0.023281
-0.023292
0.009298
-0.088534
-0.023334
-0.088662
-0.154181
0.009298
0.009298
-0.187231
0.042079
0.074828
0.009298
-0.089015
0.042079
-0.056276
-0.154825
0.042144
0.042133
0.074936
-0.089176
-0.023549
0.074979
-0.023538
-0.056405
-0.023570
-0.056470
-0.056514
0.042209
0.075087
-0.023592
0.009298
-0.155312
0.108096
-0.023624
0.042219
0.042209
0.009298
0.075087
0.042176
-0.089370
-0.023613
-0.089500
0.009298
0.042241
-0.023646
0.108096
-0.023624
-0.023635
-0.023646
0.075174
-0.023635
0.009298
-0.089566
-0.023679
-0.023689
0.042285
-0.089696
0.042306
-0.056731
0.009298
0.108324
-0.023700
-0.023711
0.042306
0.075282
-0.023689
0.108226
0.173961
0.009298
-0.221307
0.075239
-0.023668
-0.155692
0.009298
0.009298
0.141311
-0.089696
0.009298
-0.089794
0.009298
-0.089892
-0.123109
-0.023831
0.042427
-0.123285
-0.057059
-0.090321
0.009298
0.075721
0.075677
0.009298
-0.023886
0.075655
0.009298
-0.023875
0.009298
-0.023886
-0.023897
0.009298
0.009298
-0.057126
-0.023931
0.009298
0.075743
-0.057148
0.009298
0.108949
-0.023908
0.042504
0.009298
-0.090354
0.009298
0.042526
-0.023931
0.042526
0.009298
0.075721
0.075677
0.042471
0.042460
-0.023864
0.009298
0.009298
0.009298
-0.023875
-0.023886
0.075655
0.042460
0.009298
0.042449
0.042438
0.042427
0.042416
0.141660
0.009298
0.075413
-0.023755
-0.089925
0.042383
0.042372
0.009298
-0.056862
-0.056906
0.009298
0.075501
-0.023799
-0.023810
0.042405
-0.056928
0.042416
-0.023821
-0.090123
0.009298
0.241124
-0.023788
0.009298
0.009298
0.042383
-0.089991
0.075501
-0.090024
0.042416
0.042405
0.009298
0.009298
0.075479
-0.056884
-0.023810
-0.090090
-0.023853
-0.057037
-0.057081
-0.090354
0.075743
-0.023920
0.208435
-0.023864
-0.189906
-0.057192
0.075787
-0.057192
0.075787
0.042526
0.042515
0.042504
-0.023908
0.042504
-0.057126
-0.090420
0.042548
-0.023953
-0.123814
-0.157341
-0.024064
-0.291455
-0.191708
0.210303
-0.091154
-0.494482
0.278296
-0.057884
0.344756
0.009298
0.009298
0.143166
-0.191573
0.009298
-0.124841
0.109918
0.042815
0.009298
-0.124841
0.109918
0.009298
-0.091323
0.109918
-0.057772
0.176886
0.410368
0.042648
0.109281
0.075898
0.009298
-0.157286
0.042636
-0.024041
0.042636
0.009298
0.042625
0.042614
-0.057347
-0.157508
-0.057503
0.076098
-0.157787
0.009298
-0.057614
0.042759
0.042748
-0.258620
0.009298
-0.124931
0.076434
0.042849
0.076367
0.042815
0.009298
0.042804
0.009298
-0.024209
0.076299
-0.057704
-0.124841
-0.192248
-0.125292
0.076615
-0.024355
0.042951
0.009298
-0.024355
0.143842
0.076502
0.210640
-0.024231
0.042826
0.009298
0.009298
0.076322
-0.024209
0.042804
0.042793
-0.057704
0.009298
0.143256
0.009298
0.076210
0.009298
0.076165
0.009298
-0.024130
0.042726
0.042714
-0.325375
-0.024231
0.042826
-0.158460
0.109986
0.143391
-0.024209
-0.057749
0.042826
0.076322
-0.091255
-0.124931
0.177055
-0.057772
0.009298
0.176886
0.009298
0.076254
-0.057659
0.042782
-0.225326
0.277394
0.076210
0.042737
-0.057592
-0.024164
-0.024175
0.042770
0.109649
0.109548
0.042692
-0.057503
0.009298
-0.024119
-0.091020
-0.024164
0.042759
0.009298
0.009298
-0.024164
-0.024175
0.009298
-0.024186
0.076254
-0.024175
0.076232
0.009298
-0.024164
-0.024175
-0.057682
-0.057727
0.042815
0.076299
0.076254
-0.024175
-0.024186
0.009298
0.109716
-0.057637
0.009298
-0.057682
0.109750
-0.091154
0.076277
0.076232
0.176438
-0.024108
-0.024119
0.109515
-0.258172
0.176550
-0.191439
0.109716
-0.124616
-0.124796
-0.293071
0.042939
0.110155
-0.057929
0.110121
0.009298
0.110019
-0.158629
0.009298
0.009298
0.143661
0.009298
-0.091458
-0.091560
-0.192723
0.042996
-0.091832
-0.058179
-0.261064
0.279659
-0.125792
-0.024503
-0.024515
-0.058361
0.009298
0.076957
-0.126066
-0.092346
0.077071
0.009298
0.077025
0.076979
0.110735
-0.024503
0.009298
-0.024515
0.009298
-0.058361
-0.058407
0.043156
0.043144
0.009298
0.009298
0.009298
-0.058407
-0.058453
-0.058499
0.043202
-0.024607
0.077094
-0.126342
0.009298
0.043225
0.111010
-0.058499
-0.058545
0.009298
-0.024641
0.043236
0.009298
0.111044
-0.024607
END
