y[]
0.036256
0.003160
0.003160
0.003160
0.003160
0.003160
0.069320
-0.129202
0.069364
0.069320
0.003160
0.036224
-0.062977
-0.096128
0.003160
-0.096227
0.069429
0.036278
0.102449
-0.029925
0.003160
-0.029936
0.003160
-0.162485
-0.096359
0.003160
-0.162925
0.036399
0.036388
0.036377
-0.030057
-0.129818
0.169356
0.069561
0.069517
0.102613
0.003160
0.102515
-0.096194
0.003160
-0.063131
0.102580
-0.494931
-0.030134
0.036455
-0.163423
-0.030190
-0.030201
0.103210
0.003160
-0.030179
0.036499
-0.130262
-0.532316
0.036712
0.137254
-0.231621
-0.064021
0.103916
0.103815
-0.131068
0.003160
-0.131248
0.003160
0.036779
0.271707
-0.030369
0.137209
-0.063841
0.070162
-0.097359
-0.131023
0.036723
0.003160
-0.063976
-0.131248
0.103984
-0.131293
-0.097799
0.104119
-0.064134
0.036813
0.104052
0.003160
0.003160
0.036768
0.204570
0.070207
-0.130978
0.003160
0.103781
0.003160
0.036678
0.103646
-0.063819
0.304214
0.436422
0.202496
-1.098136
1.071261
-0.162980
0.136095
-0.096524
0.003160
0.235603
0.036322
0.003160
-0.030002
-0.096392
-0.096491
0.136007
-0.030035
0.135874
0.334177
-0.062955
0.003160
-0.460878
0.202297
-0.030002
0.003160
-0.030013
-0.030024
-0.162925
0.169246
-0.262709
0.169411
-0.063307
-0.163201
0.235989
-0.163091
-0.130040
0.103077
-0.263507
0.169910
-0.230368
-0.097090
0.036588
-0.097157
0.170301
0.203361
-0.263863
0.103377
0.136627
0.236299
-0.129995
0.036466
0.003160
0.103011
0.003160
-0.096690
0.136272
0.069650
0.069606
0.036366
0.036355
-0.196175
-0.030101
0.003160
0.003160
0.003160
0.036422
-0.063373
0.102944
0.102845
0.003160
0.036366
0.069539
-0.063219
0.003160
0.003160
-0.063263
0.135962
-0.030024
-0.063241
-0.030057
-0.030068
-0.030079
-0.030090
0.036411
-0.096623
0.036433
-0.063395
-0.030134
-0.030145
0.036466
0.003160
-0.096790
-0.030179
0.103144
-0.063484
-0.130262
0.103244
0.402495
-0.096524
0.136051
-0.030046
-0.063285
-0.063329
-0.030101
-0.030112
-0.063418
0.069738
-0.096723
0.069760
0.003160
0.302313
0.102679
0.069451
0.333958
-0.228283
-0.063065
0.036278
-0.162540
0.135742
0.003160
0.102482
0.201507
0.036180
0.069167
-0.128896
-0.029881
-0.062955
0.135348
0.036180
-0.162047
-0.062999
-0.029936
-0.063065
-0.029969
-0.029980
0.102547
0.003160
0.135523
0.135348
0.003160
0.036180
0.102154
0.266665
-0.062651
-0.029761
0.101893
0.003160
-0.128505
0.266318
-0.062564
0.068885
0.068842
-0.029675
0.003160
0.003160
0.003160
-0.062543
0.068863
-0.194078
0.036060
-0.029740
0.101828
0.036028
0.068863
0.035996
-0.029675
-0.128289
0.003160
-0.029729
0.003160
-0.095573
0.101893
0.003160
0.036050
0.003160
0.003160
-0.161395
0.069015
-0.227520
0.135043
-0.128722
0.036147
-0.029827
-0.261128
-0.063021
-0.096194
0.036289
-0.063109
0.168751
0.036246
-0.063021
-0.428089
-0.030090
0.235680
0.532612
-0.493119
0.069473
0.102547
-0.096227
-0.029991
-0.129554
-0.030046
0.069561
0.036344
-0.096425
0.036366
0.003160
0.069539
-0.030024
0.003160
-0.063241
-0.063285
-0.096590
0.003160
0.003160
-0.030112
-0.030123
-0.063440
0.036466
0.036455
0.102977
-0.063373
0.069694
0.069650
0.003160
0.003160
0.036388
-0.030068
0.003160
0.003160
0.069606
-0.063285
0.003160
0.036388
-0.030068
0.003160
0.003160
-0.129863
0.069694
0.036411
0.036399
0.036388
0.036377
-0.030057
-0.030068
-0.030079
0.169246
0.135830
0.036300
0.036289
-0.162595
0.069495
0.003160
0.003160
0.069451
0.003160
0.036289
0.003160
-0.361864
0.301916
-0.063153
0.135742
0.135567
0.069298
0.102285
-0.062912
-0.228436
-0.096260
0.102580
0.069385
0.036256
-0.162430
-0.063153
0.102613
-0.129466
-0.196109
0.069628
0.036377
-0.030057
0.003160
0.202297
0.036311
-0.029991
0.102580
0.003160
-0.096260
0.069451
-0.063131
-0.195977
0.069583
-0.096491
0.136007
0.036344
0.235141
-0.063065
0.069385
0.069342
-0.129246
0.036278
0.036267
0.069342
0.168422
0.135174
0.200854
0.068971
0.134653
-0.788401
0.958844
0.852284
1.391847
-0.125209
0.163597
-0.382320
0.067510
0.003160
-0.093380
0.067531
0.131778
0.291946
-0.221379
-0.447436
-0.255238
-0.191077
-0.549238
0.035739
0.263408
-0.191962
-0.224964
0.003160
0.035781
0.328787
0.295321
-0.029260
-0.224076
-0.714390
0.362579
-0.127388
-0.291198
-0.522292
-0.425812
0.234374
-0.062846
-0.360657
-1.163325
0.671389
0.103011
-0.463663
-0.432278
END
