y[]
-0.074404
-0.020677
-0.047584
-0.020699
-0.074556
-0.074621
0.113967
-0.101550
0.060102
-0.101608
-0.047744
0.006208
0.087126
0.006208
-0.074709
-0.074774
0.060204
0.168021
0.033152
0.086995
0.194456
-0.182040
0.033123
-0.020706
0.086930
0.086864
0.033079
0.086778
0.033050
-0.047483
0.006208
0.059900
0.033043
-0.047468
-0.020641
-0.020648
0.033065
0.033058
-0.020641
-0.047512
0.033072
-0.020655
0.033072
0.006208
0.059914
-0.020641
0.033058
-0.047497
0.033065
-0.020648
0.033065
0.006208
0.006208
0.006208
-0.020648
0.033065
0.006208
0.059900
0.033043
0.006208
0.033036
-0.020619
-0.020626
0.033043
0.006208
0.033036
0.006208
0.006208
0.059842
-0.074253
-0.074318
0.006208
0.033058
0.006208
0.086713
0.086648
-0.047411
0.006208
-0.074274
0.006208
0.059871
-0.128002
0.167239
0.140203
-0.020576
0.032993
0.059756
0.086476
-0.020540
0.113160
0.032929
0.166379
-0.100544
0.059599
0.032893
0.032886
-0.073845
0.086262
0.059542
-0.073802
-0.047168
-0.020490
0.086283
-0.100572
0.059613
-0.047196
0.032914
-0.020497
0.006208
0.032914
-0.047210
0.006208
0.032921
0.032914
-0.020497
0.059613
-0.020490
0.086283
0.059556
-0.020462
-0.020469
-0.047168
0.006208
0.006208
-0.047196
0.032914
-0.047210
-0.020512
0.006208
-0.047253
0.006208
0.059670
-0.073995
0.059684
0.059656
0.059627
0.006208
-0.047210
-0.047239
-0.020526
0.032943
0.086369
0.032914
-0.020497
0.059613
-0.020490
-0.020497
0.112989
0.006208
-0.020476
0.059570
0.006208
0.059542
-0.047125
0.006208
0.006208
-0.073845
0.059584
0.006208
-0.073866
0.032907
0.112932
-0.020462
0.059542
-0.073802
0.059556
-0.127214
-0.047210
-0.234530
0.032986
0.086497
0.032957
0.113132
0.006208
0.032921
0.006208
0.032914
-0.020497
-0.020505
0.059627
-0.020497
-0.020505
-0.020512
-0.020519
0.032936
0.032929
0.059627
-0.073930
-0.020519
0.032936
-0.047253
0.032943
-0.127535
-0.100915
0.059785
-0.020576
-0.074188
-0.020605
0.059828
-0.047411
0.033022
-0.020605
-0.020612
0.006208
0.086648
0.059799
-0.020583
-0.047396
0.033015
-0.074231
-0.020619
0.113476
0.086584
0.006208
-0.074167
0.033007
0.033000
-0.074188
-0.020605
0.193750
-0.047339
-0.020576
0.059770
-0.020569
-0.100973
-0.047425
0.059842
-0.047425
0.006208
0.113447
-0.315853
-0.182141
0.060059
0.140707
-0.182141
0.060059
0.140707
-0.101376
-0.074556
0.033137
-0.047656
0.033144
0.033137
0.006208
0.113851
0.033101
0.006208
0.086843
-0.074426
-0.020684
-0.128363
0.113880
0.033108
-0.047598
0.113793
0.006208
-0.020677
-0.020684
-0.074513
-0.128472
0.087038
-0.290488
0.060219
-0.128872
-0.020830
0.006208
-0.074949
-0.075015
-0.129311
0.060438
-0.020903
0.087520
0.006208
-0.020888
0.087476
0.060350
0.060321
0.222366
-0.264062
-0.102105
-0.075103
0.006208
0.060424
-0.020895
0.060409
-0.047992
0.006208
0.087498
-0.075081
0.006208
0.033312
-0.075125
0.060438
0.006208
0.060409
0.195679
0.060277
0.060248
-0.020808
0.006208
0.033225
-0.020808
-0.020815
-0.020822
0.006208
0.033239
0.006208
-0.129018
-0.102105
-0.102222
0.060438
0.087498
-0.075081
0.006208
-0.102281
0.114698
-0.075147
0.006208
0.924389
-0.776416
-0.102222
0.006208
-0.156658
-0.020962
0.033379
-0.020962
0.033379
0.033371
0.087653
0.412438
-0.427162
0.060483
0.033334
-0.020918
-0.020925
0.006208
0.033342
0.033334
-0.020918
0.060453
-0.075170
-0.020932
0.033349
-0.020932
0.060483
0.006208
0.033334
-0.075192
0.006208
0.033349
0.006208
0.006208
0.006208
0.006208
-0.048080
0.006208
0.006208
-0.020947
-0.020954
0.033371
-0.020954
0.006208
0.033371
-0.075302
0.060556
-0.020962
0.006208
0.087697
0.006208
0.141875
0.060424
-0.102251
-0.075214
-0.102458
0.114875
-0.075280
-0.102546
-0.129902
0.087897
0.006208
0.060630
0.250741
0.006208
-0.020932
0.060483
0.087564
0.087498
-0.129311
0.033327
-0.020910
-0.020918
-0.075214
0.466727
-0.590161
0.060571
-0.020969
0.196297
-0.129532
0.114816
-0.048080
-0.075280
0.087697
-0.075280
0.060542
-0.156879
0.060601
0.142060
-0.020947
-0.020954
0.006208
-0.374848
-0.102932
-0.568742
-0.021253
-0.931988
0.669378
-0.435415
-0.021458
0.116828
0.227081
-0.131780
0.089024
-0.048994
-0.021404
0.089024
0.116523
0.061320
-0.021344
-0.048918
-0.076539
-0.104228
-0.104350
0.144387
0.089024
0.006208
-0.104228
-0.187349
0.006208
0.144502
0.006208
0.089093
0.006208
0.033821
END
