y[]
-0.180445
-0.146288
0.129100
-0.043000
-0.077441
0.025835
0.163375
0.334460
0.059876
-0.077064
0.128299
0.128112
0.059689
0.161909
0.093569
-0.042636
-0.076714
-0.144973
0.025518
0.195835
0.059456
-0.008594
0.025414
0.093360
-0.008594
-0.144556
-0.110687
0.059480
-0.076667
0.059480
0.432758
-0.008594
0.194452
0.058997
-0.076184
0.025207
0.092740
0.160069
0.227057
-0.008594
-0.210546
-0.278500
0.160183
-0.008594
0.058837
0.058792
0.025082
-0.143365
0.092501
-0.042281
-0.210955
0.126359
-0.109791
0.092604
-0.177313
0.126404
-0.008594
-0.448006
0.059134
0.092912
0.092809
-0.076184
0.126541
-0.109928
-0.143866
0.160468
0.126450
0.126268
-0.008594
-0.008594
-0.076002
0.025116
0.025105
-0.042292
0.092467
0.058724
0.260223
-0.109316
-0.075798
-0.075843
0.293673
-0.075685
-0.075731
-0.008594
-0.075776
-0.008594
-0.008594
-0.008594
-0.042202
0.058610
0.058565
-0.075753
0.024991
0.024980
0.058520
-0.008594
0.158995
-0.042089
-0.075618
0.058430
0.024901
-0.042089
-0.042100
0.024913
-0.008594
-0.075618
0.058430
-0.042100
-0.008594
-0.075640
-0.008594
-0.008594
-0.008594
-0.042134
0.058475
0.024924
0.125365
-0.008594
0.024868
-0.008594
-0.042055
-0.042067
0.091791
-0.042044
-0.075528
-0.008594
-0.008594
0.024879
0.091757
-0.108945
0.024868
0.024857
0.058273
-0.008594
0.058229
0.091556
0.058117
-0.008594
-0.142061
0.058162
0.024767
-0.075327
0.124828
-0.041933
-0.041944
0.024756
-0.108677
-0.008594
0.024778
-0.075350
-0.075394
0.091590
-0.075372
-0.075416
-0.242825
-0.008594
0.158770
-0.310051
0.058475
-0.109214
0.092027
-0.109214
0.024958
0.192479
-0.075573
-0.310557
-0.176746
0.058701
0.025037
-0.244245
-0.076025
0.058837
0.428602
-0.008594
-0.344729
0.092365
0.025037
0.092230
-0.008594
0.058565
-0.176576
0.092230
0.058565
-0.075753
0.024991
-0.143003
-0.042224
0.025037
0.058633
-0.210410
0.159615
-0.008594
0.025014
0.092162
-0.008594
0.058520
-0.008594
0.058475
-0.075663
-0.042145
-0.075731
0.092094
-0.109282
0.024980
0.125589
-0.008594
-0.008594
-0.142777
0.092060
0.024935
0.024924
0.125365
-0.075551
-0.008594
-0.042089
-0.075618
0.158882
0.024868
-0.176014
-0.008594
0.058408
0.058363
0.058318
0.024845
-0.042033
0.091690
0.091590
-0.008594
0.024778
-0.008594
-0.142150
-0.075439
0.125051
0.091523
-0.175511
-0.008594
-0.008594
0.058206
-0.041988
-0.042000
-0.108878
0.125096
0.024801
0.124873
-0.142061
0.124873
0.024745
-0.041933
-0.041944
-0.008594
-0.075327
-0.041977
-0.175678
-0.042044
-0.042055
-0.075551
-0.142642
-0.042134
-0.142867
0.058565
0.092060
0.024935
-0.008594
-0.042123
-0.142822
-0.075776
-0.008594
0.058588
0.024980
-0.109350
-0.008594
-0.042202
0.025014
0.025003
-0.042190
-0.042202
-0.075843
0.025037
-0.075866
0.125905
-0.109451
0.193019
-0.109350
-0.042202
-0.008594
-0.075843
0.025037
-0.109519
-0.042258
-0.042270
-0.109689
0.025116
-0.008594
0.159785
0.159502
-0.075798
0.025014
0.025003
-0.109417
0.092230
-0.008594
0.024991
0.058543
0.159051
-0.344165
-0.109485
-0.143274
0.025093
-0.177143
0.496203
0.159107
0.024913
0.158770
0.058273
0.557980
0.323191
0.024524
-0.041712
-0.008594
-0.141176
-0.074951
0.124076
0.024546
-0.174404
-0.141440
-0.108345
0.057918
-0.075105
-0.041866
0.057940
-0.041855
0.190808
-0.075017
-0.008594
0.024623
-0.075039
0.057851
0.024612
-0.141484
-0.041844
-0.175011
-0.141927
-0.275795
-0.042044
0.091724
-0.242825
1.157115
-0.973499
0.024834
0.091623
0.158212
-0.142016
0.158156
-0.008594
-0.008594
0.091323
0.157712
0.057851
-0.008594
-0.041811
-0.041822
-0.108345
0.157602
-0.108278
0.190676
-0.108179
0.190477
-0.041745
-0.008594
-0.074929
-0.008594
-0.008594
-0.074973
-0.041800
0.024612
0.090958
-0.041767
-0.008594
0.090892
0.123900
-0.107948
0.123856
0.024491
-0.008594
0.123638
-0.140825
0.024480
0.288583
0.090269
-0.041537
-0.504053
0.651475
-0.074405
-0.140346
-0.041559
-0.074557
-0.008594
-0.041592
-0.008594
-0.041603
0.024415
-0.008594
0.156287
-0.173474
-0.008594
-0.107653
-0.008594
-0.008594
-0.041635
0.024448
0.024437
0.090432
-0.008594
-0.008594
-0.074600
0.090400
0.057347
-0.074535
-0.041581
0.024393
-0.008594
0.090302
-0.008594
0.090204
-0.008594
0.090107
-0.074383
-0.041505
-0.008594
0.024317
-0.140303
-0.107490
-0.272795
-0.008594
0.123594
-0.140782
-0.008594
0.024469
0.024458
0.057478
-0.041624
-0.140825
0.057544
END
