y[]
-0.079515
-0.009512
0.130446
-0.044483
-0.009512
-0.009512
-0.079491
0.025484
0.025472
-0.149519
0.130495
0.025459
0.095328
-0.184306
-0.114535
-0.044544
-0.009512
-0.114683
0.025558
0.130643
-0.114609
0.200572
-0.324804
0.410657
-0.009512
-0.009512
-0.044458
-0.324583
-0.149863
-0.326023
0.131284
0.236404
0.060639
-0.079663
0.235801
0.025484
0.025472
0.165222
-0.009512
0.199766
0.060150
0.025301
-0.183697
-0.009512
0.060199
-0.044361
-0.044373
0.025350
-0.044373
0.025350
0.060175
-0.009512
0.060126
0.094854
-0.009512
-0.044288
0.060029
-0.009512
-0.044276
-0.044288
-0.079101
0.060078
-0.009512
-0.044300
-0.009512
0.060054
-0.044288
0.060029
-0.044276
-0.009512
0.060005
-0.044264
-0.009512
-0.009512
-0.009512
0.059981
-0.079004
-0.009512
-0.009512
0.094709
-0.044240
0.025217
-0.078980
-0.079029
0.060005
-0.113805
-0.009512
-0.009512
-0.044300
0.164311
1.130200
-0.112587
0.127898
-0.009512
0.059123
-0.078146
-0.043846
0.059146
0.093387
-0.146733
-0.078193
0.093493
-0.078169
0.162044
0.195968
-0.112199
0.058958
-0.043741
0.024717
0.024706
0.058888
0.161283
0.024612
0.024601
-0.077748
0.058724
0.024589
0.024577
-0.077701
-0.077748
0.092825
0.058655
0.058608
0.228543
0.092339
0.126128
-0.145151
0.058331
-0.043427
-0.145289
-0.043485
0.024461
0.024450
0.058377
0.024415
-0.043439
-0.247324
0.126450
0.024450
-0.009512
-0.043473
0.024450
0.058377
0.058331
0.024392
-0.111258
0.024415
-0.043439
-0.077400
0.024438
0.092270
0.024392
-0.009512
-0.009512
-0.043416
0.058285
-0.043404
-0.009512
-0.043416
-0.043427
-0.111327
-0.009512
0.058377
-0.009512
-0.009512
0.058331
0.058285
-0.077308
-0.009512
0.024392
0.024381
0.024369
0.058216
0.125806
-0.077148
-0.043347
-0.043358
0.091994
0.058102
-0.110949
0.024312
-0.077171
-0.246679
0.227656
-0.043358
0.091994
-0.144875
0.058193
-0.077216
0.058193
0.091960
0.125623
0.159151
-0.043221
-0.076965
-0.077011
0.024244
-0.043267
0.024244
-0.144601
-0.110949
0.091925
-0.043313
0.024289
0.058056
0.058010
-0.077034
-0.009512
-0.077079
-0.043313
-0.009512
0.058079
0.058033
-0.144647
0.159379
0.024232
-0.077011
0.024244
-0.009512
0.024232
-0.009512
0.024221
-0.009512
0.024209
-0.043233
-0.009512
-0.009512
-0.009512
0.024209
0.024198
-0.009512
0.024187
-0.043210
-0.009512
0.125214
-0.043176
-0.043187
-0.076897
-0.009512
-0.110675
0.293672
-0.076806
-0.043176
-0.076874
-0.076920
0.024198
0.024187
0.024175
-0.009512
0.057828
-0.076852
-0.144328
0.327189
0.024096
-0.144011
-0.211600
-0.076965
0.024221
-0.009512
0.158980
-0.144283
-0.212009
0.125532
-0.077011
0.024244
0.091686
-0.043233
0.024209
-0.076965
0.024221
-0.043244
0.125350
-0.043210
-0.211941
-0.009512
-0.009512
-0.043290
0.159265
0.024209
0.158924
-0.043176
-0.076874
0.024175
0.125123
-0.110471
-0.076874
-0.076920
0.024198
0.024187
0.024175
0.057828
-0.043176
-0.076874
0.024175
-0.178061
0.057942
0.057896
0.091515
-0.009512
0.091413
-0.009512
-0.043142
-0.043153
0.024130
0.024119
0.057715
-0.009512
-0.009512
-0.043119
-0.076761
0.124942
0.158302
-0.009512
0.091041
0.023984
0.023972
-0.042996
0.124357
-0.076424
-0.042984
-0.042996
-0.143560
0.057535
-0.009512
-0.177213
-0.009512
0.091143
-0.009512
-0.076603
0.158133
-0.076536
-0.009512
-0.076581
-0.009512
0.091075
-0.043029
-0.009512
-0.076581
0.024028
0.158021
-0.109997
0.157908
-0.009512
-0.009512
0.023939
-0.042962
-0.042973
-0.042984
-0.042996
0.057445
0.023950
0.023939
-0.076424
-0.009512
0.057400
-0.009512
-0.009512
0.057356
0.057311
-0.042917
-0.076357
-0.009512
-0.042951
-0.042962
-0.042973
-0.009512
-0.076468
-0.009512
-0.076513
0.023995
-0.043018
0.023995
-0.009512
-0.043018
-0.043029
0.024006
-0.009512
0.057490
-0.076513
0.023995
-0.043018
-0.043029
0.024006
-0.043029
0.091008
0.057445
-0.009512
-0.042984
-0.009512
-0.042996
0.057445
-0.042984
0.023961
-0.042984
-0.009512
-0.177044
-0.076603
-0.076648
0.091176
-0.043063
-0.009512
0.091109
-0.076581
0.225034
-0.009512
-0.076468
0.090907
-0.176932
-0.076558
-0.009512
-0.076603
0.024040
-0.143785
0.024074
-0.076693
0.057670
-0.043097
-0.143965
0.057738
-0.009512
0.158414
-0.076648
-0.009512
0.091176
0.091075
-0.009512
-0.076558
-0.043052
0.057557
-0.009512
-0.110132
0.225112
-0.076491
-0.177156
-0.009512
-0.143830
0.024085
-0.009512
-0.043108
0.057670
-0.009512
0.024062
0.057602
END
