y[]
-0.135424
-0.304610
0.033216
0.033205
-0.000607
-0.034420
-0.102113
-0.136109
0.067166
-0.000607
-0.136201
0.202714
0.134711
0.033193
0.134482
-0.440317
0.472846
0.201617
-0.169099
0.033114
-0.000607
-0.068061
-0.000607
-0.068107
-0.000607
0.033148
-0.068129
-0.000607
-0.034386
-0.068198
-0.000607
-0.000607
0.066983
0.033171
0.066915
0.033136
0.033125
-0.101839
-0.101942
0.066960
-0.135788
-0.034431
-0.136017
-0.000607
-0.034489
0.033274
-0.000607
-0.000607
-0.000607
-0.034489
0.101001
0.033239
-0.034454
0.033239
-0.068312
0.067097
0.067052
-0.034431
-0.068289
0.033239
-0.034454
0.033239
-0.034454
-0.068335
0.033262
0.067097
-0.373552
0.202990
-0.000607
-0.034511
-0.034523
-0.034534
-0.034546
0.135078
-0.000607
-0.238178
0.067327
-0.238581
-0.068704
0.101520
0.271224
-0.340513
0.033435
-0.239149
-0.068867
0.101764
0.271872
-0.068658
-0.102770
-0.102874
-0.102979
0.169954
-0.068797
-0.034720
0.101694
0.543242
-0.544456
0.067536
-0.205176
-0.171402
-0.069007
0.067792
0.067745
-0.103154
-0.171752
0.067886
0.033622
0.102009
-0.171694
0.033633
0.102044
-0.171752
0.033645
-0.000607
-0.000607
-0.034860
-0.034872
-0.000607
0.170596
-0.000607
0.033598
-0.069030
0.033610
-0.034825
-0.069077
-0.034860
-0.172046
0.068003
-0.103541
-0.000607
-0.000607
-0.034942
-0.069312
0.068097
0.033727
-0.138017
0.102468
0.205225
-0.137782
0.102291
0.033668
-0.103470
-0.137923
0.068074
0.102326
-0.137876
0.205225
-0.000607
-0.000607
0.136379
0.067815
0.170245
-0.103084
-0.068983
-0.206017
0.033657
-0.103435
-0.034907
0.033692
-0.000607
-0.000607
-0.034907
0.136520
0.067886
-0.103365
-0.309514
0.033763
0.273929
-0.240786
-0.103718
0.068145
-0.000607
-0.000607
0.033751
0.033739
-0.034954
0.068074
-0.000607
0.033716
0.033704
-0.000607
-0.000607
0.033692
-0.034907
-0.069242
-0.000607
0.033716
-0.000607
-0.000607
0.033704
0.067980
0.033668
-0.000607
-0.000607
-0.034883
0.033668
0.033657
0.033645
-0.034860
-0.000607
-0.000607
0.033645
-0.034860
0.033645
0.067862
-0.000607
0.067815
-0.034813
-0.000607
0.033598
-0.034813
0.033598
-0.000607
0.033586
0.033575
-0.000607
0.136005
0.135818
-0.000607
-0.137033
-0.034743
-0.034755
-0.000607
-0.103119
0.067745
0.067699
-0.205666
0.375012
0.237691
-0.000607
-0.034615
0.067397
0.101312
-0.102527
-0.034604
0.101347
-0.170589
-0.000607
-0.239068
0.067582
0.101590
-0.102805
0.101590
0.033435
-0.102770
0.033458
0.305463
-0.102527
-0.136662
-0.205037
-0.000607
0.033493
-0.000607
-0.410584
0.102044
-0.137500
-0.206298
-0.069265
-0.034954
-0.138112
0.136897
0.033739
0.170949
0.067933
0.033645
0.204661
0.033563
-0.068960
-0.034801
-0.171752
-0.069148
-0.137829
0.033716
-0.000607
0.068003
-0.000607
0.102220
0.067886
0.067839
0.033598
-0.137500
0.204661
-0.103189
-0.069054
-0.000607
-0.103365
0.067909
-0.103400
-0.069195
-0.034919
-0.000607
0.033704
-0.034919
0.068003
0.067956
-0.103470
-0.000607
-0.103576
0.033727
0.033716
0.102291
0.170655
0.067815
-0.000607
0.101939
0.067699
-0.171460
-0.034813
-0.000607
0.067792
-0.069007
-0.069054
0.102044
0.033586
-0.000607
-0.000607
0.033575
0.033563
-0.137360
-0.000607
0.170304
-0.103119
-0.034801
-0.034813
0.033598
-0.000607
0.136098
-0.034766
0.135958
-0.068867
0.169954
-0.068797
-0.034720
-0.034731
-0.103049
-0.000607
0.135958
-0.171343
0.033563
-0.068960
0.033575
0.033563
0.033551
-0.000607
0.067675
0.101729
-0.034708
0.067582
-0.034696
-0.000607
0.101625
0.067489
-0.034650
-0.034662
0.067489
-0.034650
0.067466
-0.000607
0.033412
-0.000607
-0.034627
0.033412
-0.102700
0.033435
-0.000607
0.135447
0.033377
0.033366
-0.034581
-0.034592
0.033377
-0.000607
-0.034592
0.033377
0.033366
0.067304
-0.068519
0.236882
0.236319
-0.000607
0.100761
0.066915
0.134300
-0.068038
0.100522
-0.034306
-0.068038
0.235202
0.033034
-0.135242
-0.034294
0.134073
-0.067925
-0.101669
-0.034317
0.066801
-0.101737
0.066823
0.066778
-0.034294
0.066755
-0.000607
0.066710
-0.000607
-0.000607
-0.067925
-0.034283
0.033068
0.133982
0.066619
0.032989
0.032978
-0.000607
-0.000607
0.167150
-0.067677
-0.034159
-0.000607
-0.067744
-0.000607
0.066529
-0.034170
-0.067767
0.032978
-0.034193
0.032978
-0.269606
0.335527
-0.067744
-0.034193
-0.034204
0.066574
-0.067789
0.032989
-0.101431
-0.034238
0.066642
0.033000
0.032989
-0.067812
0.066597
-0.000607
-0.000607
END
