y[]
-0.014354
0.094426
-0.038510
-0.050613
-0.026447
0.251376
0.082141
0.118190
0.033845
0.069913
-0.038344
-0.014293
-0.074474
-0.026345
-0.026351
0.045907
-0.170958
0.033910
-0.014319
-0.279957
-0.147454
-0.366164
0.022038
0.022033
-0.416090
-0.136516
-0.136696
-0.014493
0.009967
0.095525
0.071015
-0.002263
0.058761
-0.124348
-0.038918
0.168677
0.095286
-0.099812
-0.099907
-0.026689
-0.014478
-0.063361
-0.271541
0.071248
-0.051265
-0.088074
0.157041
0.046703
0.071141
0.034419
0.058843
-0.075595
0.034410
0.046613
0.485186
0.204186
-0.099362
0.082704
0.240103
-0.062799
0.058273
-0.135491
0.239839
-0.099033
0.034037
-0.329437
0.046275
-0.062939
0.009875
-0.403601
0.022107
-0.797326
0.243046
-0.149376
0.377337
-0.112321
-0.136943
-0.137125
0.157100
0.095680
0.022208
0.095561
-0.002263
0.229685
0.034311
0.046482
0.544485
0.143033
0.009836
0.154884
0.178754
-0.316235
-0.050654
0.058222
-0.111162
0.070350
-0.002263
-0.050666
0.167044
-0.171570
-0.183982
0.106808
-0.087086
-0.147841
0.276576
-0.014370
0.070359
-0.002263
-0.014363
0.034033
-0.002263
-0.002263
0.021927
0.009830
0.034006
-0.074814
-0.329397
-0.111546
-0.014413
0.022035
-0.075176
1.326099
0.345022
0.045544
0.021632
0.248289
-0.133426
0.021598
-0.002263
0.069285
-0.121538
-0.336991
0.165241
-0.157793
-0.098094
-0.146182
-0.254621
0.166047
-0.026290
-0.050334
-0.098475
0.130004
0.129830
0.021735
0.009734
0.009733
0.033715
0.117569
0.009712
0.248888
0.057442
0.355221
0.104733
-0.002263
-0.168751
-0.037975
0.152398
-0.061719
-0.002263
0.045305
-0.002263
-0.073624
-0.014161
-0.216676
-0.073836
0.188486
0.211895
-0.014149
-0.014150
0.116544
-0.430631
-0.097706
0.057399
-0.002263
-0.026124
-0.026129
0.093168
-0.061897
-0.038060
0.081244
0.128822
-0.014173
-0.157219
0.164602
-0.372126
-0.193696
-0.182065
0.069697
-0.002263
0.033698
-0.038223
-0.050230
-0.026255
0.021729
-0.002263
0.069680
0.021706
-0.062197
-0.206308
-0.086403
-0.629527
0.021936
-0.682042
0.180274
-0.038744
-0.123962
0.009914
-0.014439
0.022089
-0.136270
-0.380889
-0.419186
0.255453
-0.051301
0.205981
0.144472
0.327106
-0.087551
-0.148640
0.083150
-0.014460
0.095274
0.204688
0.046369
-0.148231
-0.063146
-0.050996
-0.356289
0.034419
0.119912
0.168531
0.022112
-0.014450
-0.051026
0.095239
-0.002263
-0.063190
-0.099824
0.168406
0.374614
-0.014398
-0.135847
0.494738
-0.050642
-0.256639
0.118949
0.529332
-0.038418
0.154316
0.081948
-0.050375
-0.182888
0.070026
0.033862
-0.146841
-0.086697
0.009803
-0.074683
0.142525
-0.183280
-0.292574
0.046181
0.179192
0.251223
-0.207416
-0.002263
-0.474505
-0.099409
0.022033
-0.245483
-0.466018
0.034428
0.168782
0.046553
0.168406
0.216742
0.094919
-0.306270
-0.466131
0.315353
-0.014460
-0.112106
0.253850
0.119466
-0.026597
-0.063123
-0.075345
-0.026635
0.009924
-0.234069
-0.051133
-0.002263
0.034392
0.132023
0.654354
-0.172083
-0.062983
0.119141
-0.087230
0.070570
-0.075096
0.082704
-0.026532
0.046269
-0.062931
0.046275
0.021997
0.070482
0.021974
-0.147770
-1.002271
0.034500
0.218028
0.095489
-0.063347
-0.014484
-0.002263
-0.100086
0.071114
0.034405
-0.002263
0.704024
0.590564
0.238701
0.009770
-0.194964
-0.098753
-0.026400
0.021874
-0.002263
-0.026400
0.033941
0.106269
-0.026371
-0.086687
0.106269
0.082069
-0.014306
0.154185
0.021784
0.021778
-0.592946
0.021915
-0.062719
0.021924
-0.099045
0.058237
0.046111
0.142717
0.046017
-0.026400
-0.110952
0.058134
0.419501
-0.267164
0.021848
0.082080
-0.038401
0.130179
-0.038366
-0.014300
-0.074517
-0.002263
-0.062515
-0.038431
-0.183302
0.058120
0.070148
0.082151
0.045941
-0.183149
0.323097
-0.074474
0.382261
0.081655
-0.026232
-0.074205
-0.038254
0.045722
-0.014257
0.069680
-0.086201
0.009733
0.165522
0.033654
-0.074111
0.320646
-0.014204
-0.026149
0.105181
0.033526
0.033513
-0.085760
0.033530
-0.073862
-0.014201
-0.002263
-0.121723
0.009690
0.021638
-0.050070
0.391462
-0.109489
-0.073811
-0.217214
-0.265610
0.093580
-0.050173
0.009717
0.093523
0.021669
0.009701
0.057535
0.069447
-0.577390
0.105826
0.129687
-0.158222
0.129719
0.189400
-0.026201
0.057571
0.093397
-0.026169
-0.085980
-0.002263
0.009701
0.021661
-0.074050
0.033637
0.224806
0.033543
0.081234
0.128807
-0.037992
0.057279
0.152379
-0.180718
0.104848
-0.061755
0.009638
-0.002263
0.045328
0.033415
-0.097433
-0.097524
0.033471
-0.324324
0.045515
0.069362
0.140833
0.021566
0.223833
-0.228359
0.128697
-0.014161
-0.121325
0.069191
-0.037984
-0.061826
0.033479
-0.121452
0.033509
-0.492255
0.093534
-0.482168
-0.134642
-0.002263
-0.388364
0.275398
0.118219
0.202224
-0.002263
0.045791
0.117771
-0.038258
-0.038271
0.249521
-0.026215
0.021689
-0.110093
0.344773
0.105193
-0.002263
-0.073888
-0.002263
-0.193513
0.069499
0.105283
0.057435
0.081254
-0.073845
0.188509
0.259455
-0.287807
-0.002263
0.104912
-0.228656
-0.109681
-0.073939
0.057471
-0.097854
0.021643
0.057478
-0.002263
0.009681
-0.002263
-0.026152
-0.014210
0.093271
-0.540832
0.045727
0.105631
0.165342
0.260549
0.093134
0.188259
-0.002263
-0.121296
0.057272
-0.073709
-0.014175
0.009650
-0.014175
-0.038009
-0.336512
0.224671
-0.038060
0.009671
0.271824
0.021535
0.519870
-0.085147
-0.168238
0.068903
-0.144645
0.080818
0.009600
0.021459
-0.073446
0.033335
-0.037861
0.187445
-0.073361
0.009590
0.045136
0.068793
0.021411
0.033238
-0.073277
0.009576
0.045080
-0.037768
0.009573
-0.014099
0.045074
-0.002263
-0.132494
0.139799
0.175032
-0.037697
0.080396
-0.155827
-0.381276
0.068911
-0.275374
0.069055
-0.002263
-0.085472
-0.002263
0.021518
0.021513
-0.037928
-0.145052
0.009644
-0.121396
0.069234
0.116785
0.069098
0.247099
-0.109056
0.163811
0.092513
-0.049639
0.021428
0.021423
-0.049639
-0.049662
0.056982
0.009582
-0.014108
-0.037806
-0.227662
-0.085433
-0.109297
-0.240528
0.354923
-0.156887
-0.109450
-0.026098
0.128760
-0.097535
0.021564
-0.109527
0.093089
-0.169188
-0.169467
0.129135
0.093191
-0.420549
0.308631
-0.301181
-0.278059
-0.170512
0.214005
-0.062291
0.081766
-0.050271
-0.002263
0.021744
0.153640
-0.098175
0.009731
0.009730
0.069662
0.165362
0.224779
-0.038077
0.379099
-0.014158
0.033420
-0.061741
-0.073683
0.033453
0.009640
-0.014166
-0.049888
0.057264
0.259237
0.021476
0.033335
0.305721
-0.144292
-0.085206
0.104366
-0.132602
0.057003
-0.037818
0.009590
-0.025971
-0.073420
-0.002263
-0.025993
-0.037869
0.021476
-0.026002
0.045209
-0.287434
-0.431550
0.021635
-0.277432
-0.170129
0.117670
0.045670
0.033672
0.009712
0.105451
0.033616
-0.241698
0.021706
0.189285
-0.157868
0.117455
-0.554154
0.009767
-0.219026
-0.267835
0.299469
0.021836
-0.038414
0.057982
0.045907
-0.026345
0.033858
-0.195057
-0.183346
-0.341164
0.046222
0.517470
-0.147033
0.611568
0.129639
-0.014247
-0.134181
0.081705
-0.038241
0.105631
0.021698
-0.014243
-0.014244
0.069602
0.009710
-0.074119
0.033672
0.045630
0.915229
0.104429
0.045119
-0.132618
0.116249
-0.144494
0.080730
-0.025968
-0.061550
0.009597
-0.014123
-0.002263
-0.049718
-0.037869
0.068937
0.080739
0.092513
-0.120746
-0.120887
-0.049752
-0.228144
-0.180951
0.057335
0.021566
-0.038009
-0.049944
0.033500
-0.121524
-0.133614
-0.493370
-0.002263
0.177690
-0.062211
0.380788
0.141004
0.116969
-0.193103
0.105129
0.081185
-0.049939
0.140696
0.021544
-0.026070
0.021544
0.164225
-0.049803
-0.109310
-0.014164
0.092907
-0.371553
0.069319
-0.097717
0.021609
0.045464
0.033517
-0.026115
-0.038052
0.021598
-0.014193
-0.085810
0.379099
0.080966
0.021504
END
