y[]
0.323319
-0.264277
0.172934
0.376748
0.049592
0.293680
-0.276089
-0.222304
0.848839
-0.139873
0.210999
0.277683
-0.045253
0.491078
0.088549
0.101777
0.141604
0.128048
-0.151477
0.114728
0.247300
0.127446
-0.230548
-0.005101
-0.084763
0.140882
-0.137794
0.193827
0.153708
0.047732
-0.084482
-0.031601
-0.018375
-0.508994
0.167548
-0.310695
-0.124885
-0.098332
0.685713
0.113918
0.008063
-0.150632
-0.018375
0.193154
-0.084429
-0.415621
0.114216
-0.217327
0.365910
0.535570
0.034222
0.047333
0.283324
0.517189
0.176849
0.085589
-0.122338
0.241332
-0.044315
-0.031347
-0.096246
0.059497
-0.031349
-0.070289
-0.408594
0.241940
0.306069
-0.122082
-0.343156
-0.278961
0.059872
0.046785
-0.253147
0.177307
-0.096602
-0.070560
-0.044478
-0.057542
0.229425
-0.070492
0.189932
-0.213649
-0.554079
0.073290
-0.333005
0.479334
-0.149111
0.047015
0.086159
-0.018375
-0.240641
0.542875
-0.005360
0.254548
-0.096277
0.085481
0.214907
0.317630
-0.082903
-0.095864
0.213913
-0.044158
-0.108668
0.110591
0.084678
-0.444154
-0.031306
-0.147774
-0.031324
-0.186867
0.098304
-0.044292
0.175838
-0.264441
0.279418
-0.134797
0.123900
-0.705752
0.176646
-0.122338
-0.278758
-0.201047
-0.018375
0.033851
-0.109788
-0.149111
0.112361
0.294696
-0.266142
-0.542005
-0.294382
-0.018375
-0.427211
0.021263
0.600578
0.701100
0.397859
0.370277
0.097927
-0.095894
-0.160650
-0.199745
0.188879
-0.511306
-0.031380
0.254370
0.292426
-0.173654
-0.173896
0.046455
0.046413
0.498422
0.457296
0.007273
0.032901
-0.044009
0.084124
-0.056799
-0.108090
0.250529
0.249807
0.274526
-0.298523
0.045364
-0.311911
-0.235891
0.160791
-0.312888
-0.236617
-0.224216
-0.108564
0.058935
0.007382
-0.134332
-0.354119
0.007492
-0.277342
0.343991
0.188104
0.084705
0.174613
0.212720
0.109781
-0.493374
-0.754574
-0.031339
0.150030
-0.446419
-0.005377
0.111512
-0.005395
0.279688
0.433501
0.213226
-0.095515
-0.121322
0.045979
0.788960
0.440050
0.007032
0.361950
0.070160
-0.106910
0.057517
0.057459
0.107888
0.032086
-0.157202
-0.043637
-0.309348
0.006961
-0.069053
-0.132494
0.273004
-0.081646
-0.018375
0.423685
-0.094018
-0.144574
0.133045
-0.081438
0.145508
0.069759
-0.194719
-0.144526
0.145591
-0.043583
-0.081422
-0.245676
-0.119564
0.221782
0.246392
0.283360
-0.018375
-0.093723
-0.018375
0.069526
-0.056037
-0.056051
0.019302
-0.131447
0.082140
0.144747
-0.005838
-0.407749
0.608901
0.106610
-0.118350
-0.118450
-0.156142
-0.143782
-0.056028
-0.068601
0.094598
-0.068569
0.031820
-0.106232
-0.219481
-0.043541
0.044530
0.019349
0.370609
0.219289
-0.431521
0.332283
-0.018375
-0.005874
-0.318826
-0.206616
-0.005814
0.094598
-0.282177
-0.169432
-0.106597
0.208326
0.082216
-0.270042
-0.030975
0.183035
-0.056108
-0.497569
0.221509
-0.068829
0.006855
-0.043605
0.057297
0.082432
-0.030970
-0.056170
0.019421
0.258355
-0.056066
-0.194453
0.119999
-0.257504
0.195610
-0.018375
0.031908
-0.043513
0.069582
0.082052
-0.081130
-0.118865
-0.093809
0.295558
-0.143830
0.132152
0.519160
-0.180581
-1.199145
-0.322096
0.285346
0.510927
0.019326
-0.056075
0.044451
0.194939
0.419372
-0.093281
-0.168356
-0.093450
0.169207
-0.168412
-0.068437
0.106735
0.343560
-0.043294
-0.005914
0.255359
-0.030801
-0.192504
-0.043275
0.006526
0.056289
-0.105488
-0.030826
0.018974
-0.030823
-0.068182
-0.080668
-0.168038
0.181127
0.168297
0.006488
-0.105423
-0.018375
-0.018375
-0.018375
-0.130406
0.006532
-0.167908
-0.005905
-0.255564
-0.055877
-0.043384
-0.068412
-0.080957
0.219229
-0.143359
0.206485
0.131251
-0.005916
0.006538
0.068771
-0.018375
-0.155353
0.043911
-0.018375
0.006529
0.018969
-0.142908
-0.105640
0.056429
0.068825
-0.230279
0.603595
0.105556
-0.080321
-0.018375
0.216818
0.080488
0.043365
-0.302694
0.055873
0.179351
-0.178998
-0.588813
-0.005939
0.192792
0.476737
0.203628
0.227719
-0.165958
-0.006068
0.030838
0.006222
-0.178365
0.067806
0.030838
-0.203047
0.104778
0.129209
0.067615
-0.018375
0.079809
0.067457
-0.018375
-0.177835
0.128828
-0.055155
-0.141074
-0.018375
-0.178109
0.030802
-0.055255
-0.042969
-0.006077
0.300840
-0.055155
-0.202480
0.227024
-0.042888
-0.067418
0.202132
-0.091823
0.067310
-0.055088
0.030573
-0.079563
-0.055106
-0.055119
0.018370
-0.324992
0.018469
-0.067503
-0.042948
0.079881
0.226844
0.214027
-0.006158
-0.275240
0.079556
-0.128554
0.018365
-0.018375
-0.067364
-0.006125
-0.042876
-0.006124
0.042858
-0.030618
0.006111
-0.423159
-0.129055
0.104596
-0.104439
-0.264680
0.018610
-0.030701
-0.129383
0.043312
-0.141786
-0.006027
-0.129561
0.006344
-0.129658
-0.166945
-0.005985
-0.055547
-0.030769
-0.018375
0.192113
0.253365
0.154167
0.018560
0.067753
0.067678
-0.030664
-0.055250
0.043077
0.214797
-0.177855
-0.128933
-0.092148
-0.264680
-0.092385
0.252728
-0.042990
-0.178523
-0.006047
0.080196
-0.067648
0.153975
-0.153768
0.043190
-0.006066
0.018541
-0.326428
-0.154219
-0.055455
0.031063
0.105113
0.523165
0.373638
0.079389
0.079293
-0.042783
0.042634
0.018213
-0.079362
-0.054985
-0.006170
0.395704
0.066664
0.005909
-0.139852
0.200178
-0.188319
-0.164271
0.115372
-0.079147
-0.054856
-0.054869
-0.054882
-0.079250
-0.067102
0.054707
-0.103642
-0.128111
0.115731
0.066872
0.103280
-0.054856
0.078878
-0.030526
-0.322641
-0.018375
0.042553
0.042515
-0.115817
-0.091519
-0.189252
-0.006160
-0.030590
-0.152841
0.177153
-0.226135
-0.006142
-0.177523
0.592351
0.005977
0.236960
0.260532
-0.006266
-0.115286
0.005862
0.005856
0.163168
-0.066754
-0.090988
0.090525
0.102486
0.017855
-0.127103
-0.175636
-0.297214
0.163565
-0.321791
0.054529
-0.091279
-0.152170
-0.127977
-0.140296
0.091361
-0.006189
-0.067126
-0.384765
-0.079571
-0.018375
0.006108
-0.079593
0.079556
-0.251118
0.214369
-0.300186
0.189997
-0.006131
0.103979
0.067184
0.091522
-0.091626
0.042672
-0.128285
-0.006157
-0.226288
-0.042864
-0.140909
0.519655
0.006013
-0.079354
0.492700
-0.042653
-0.079095
0.030204
0.030181
-0.115509
-0.006228
0.054476
-0.212762
-0.261891
-0.067149
0.030400
-0.128151
-0.458689
-0.030633
-0.460690
0.203028
0.006195
-0.178188
0.055417
0.165867
-0.104312
0.226964
0.067352
0.238365
-0.213926
0.152753
0.079281
0.091375
-0.225780
-0.213974
0.079473
-0.226415
0.030615
-0.055115
-0.128676
-0.116522
0.116553
-0.006118
-0.116474
0.532186
-0.140460
0.091509
-0.091617
0.213375
-0.262337
0.091482
-0.238209
-0.484062
-0.128987
-0.116800
0.166093
0.030759
-0.006095
0.006180
-0.018375
-0.018375
0.128828
0.091886
-0.140894
0.042903
0.433921
0.079151
0.042530
0.091161
-0.006212
-0.030538
0.042427
0.078831
0.054467
0.005894
0.054397
0.114902
0.163081
-0.054640
-0.066748
0.078349
0.054107
-0.030451
0.029923
0.210720
-0.018375
-0.030419
-0.090673
-0.090725
0.005748
0.005742
-0.054552
-0.126985
0.078174
0.114227
-0.018375
-0.150977
0.174443
0.162055
-0.162692
-0.078569
0.065886
-0.078554
0.113972
-0.078511
-0.090586
0.005701
-0.042451
-0.138842
-0.042486
-0.066614
0.005748
0.078057
0.005719
-0.150961
-0.042500
0.053984
0.029835
-0.501526
-0.127406
-0.018375
-0.006254
-0.018375
-0.078992
0.211775
0.078372
-0.006288
-0.066731
0.271411
0.426739
0.077606
0.005606
0.137361
-0.126166
-0.018375
0.029547
0.029524
-0.030347
-0.078259
0.173127
0.232417
-0.018375
-0.018375
-0.006448
-0.042230
-0.125793
-0.233557
0.113181
0.113008
-0.030312
-0.137821
-0.090111
-0.090162
-0.114172
0.065453
-0.042318
-0.006402
-0.006404
0.244626
0.124789
-0.078002
0.124670
0.029261
0.124397
-0.316047
0.041231
0.005457
-0.125665
0.065083
0.231581
-0.030263
-0.018375
END
