y[]
-0.544841
-0.258814
0.003136
-0.377768
-0.577447
-0.527459
-0.209723
-0.236839
0.176890
0.149918
-0.289957
-0.063395
-0.063423
-0.063452
-0.277785
0.538264
0.189851
0.189453
0.109491
-0.315563
-0.023283
-0.503606
0.443721
-0.276607
0.083426
0.056686
0.056642
0.309173
0.202226
0.122422
0.016483
-0.049666
0.333486
0.095468
-0.023150
0.003199
0.240008
-0.682402
0.609875
0.370577
-0.337952
0.068837
0.042531
0.369879
0.693519
-0.087898
0.003015
0.145787
-0.152750
-0.165962
-0.505543
-0.494873
-0.049395
-0.312707
0.397839
0.474604
0.185808
0.003063
0.224430
-0.153158
-0.101199
-0.166552
0.185706
0.042141
0.133207
0.094028
0.158801
-1.988163
0.662539
0.853678
0.237275
0.947217
0.041504
-0.293445
0.209139
-0.190388
0.209054
0.105787
-0.100002
0.182839
0.015705
0.272076
0.130752
0.487379
-0.035421
0.180706
0.408249
0.027958
-0.111165
-0.174627
0.040715
-0.212893
-0.060769
0.104274
-0.187754
-0.137154
0.345716
-0.111473
0.028098
0.572010
-0.325852
-0.415759
0.307183
-0.174773
-0.314932
-0.099097
0.040960
0.129964
-0.137186
0.320435
0.192813
0.369148
-0.047824
-0.186788
0.166837
0.292406
-0.945271
0.256336
0.369243
0.292368
0.040326
-0.022549
-0.098032
-0.388239
-0.009976
-0.212303
0.002682
0.040638
0.091175
0.053191
-0.009976
0.166680
0.053040
-0.110820
0.530872
0.590326
0.027424
-0.047375
-0.034917
-0.059876
0.077333
0.214184
0.014900
-0.533668
0.302076
0.102125
0.114433
-0.059721
0.002463
-0.383808
0.052427
0.139632
-0.022435
-0.184561
0.014984
0.064865
0.014959
-0.022442
0.064800
0.151847
-0.196717
0.089663
-0.047329
-0.147056
0.139557
-0.034882
-0.072269
0.114573
0.188980
-0.121840
0.064614
-0.121881
-0.072200
-0.034876
-0.047338
-0.234443
-0.209926
0.214940
-0.159863
0.227243
0.251560
-0.346362
-0.159845
-0.272788
-0.147915
-0.022525
0.027668
-0.122949
0.203311
-0.060120
-0.035057
-0.035064
-0.047619
0.040212
0.240588
0.102573
-0.599134
0.353958
-0.487124
-0.035152
-0.035158
0.128450
0.015172
0.153331
0.115463
0.065212
0.077672
-0.022492
0.052591
-0.034998
0.015046
-0.210326
0.165353
0.052567
0.426733
0.412438
0.101541
0.101417
-0.034719
-0.047102
-0.121438
-0.009976
-0.047157
0.101528
0.039541
-0.208192
0.014823
0.151065
-0.034734
-0.047125
-0.022362
0.299220
0.076428
-0.071685
-0.170599
-0.133708
0.101390
-0.059456
-0.034725
0.274273
-0.121107
-0.059407
-0.183179
0.126138
0.014752
0.051817
-0.244994
0.373190
0.027027
-0.108680
-0.047015
-0.009976
0.064089
-0.009976
-0.096390
0.101115
-0.281749
-0.022347
0.126020
0.088814
0.076385
-0.182773
-0.071761
0.064162
-0.220177
-0.022354
0.138466
-0.022337
0.051817
0.298419
-0.071579
-0.355655
0.323378
0.039316
-0.022296
-0.071601
-0.158033
-0.034673
-0.343990
-0.307817
-0.047268
-0.022410
0.114294
0.052101
0.014844
-0.059622
0.052078
-0.072030
0.076889
-0.009976
-0.009976
0.842249
0.211155
0.455255
-0.364825
0.283782
0.489873
0.172273
-0.058543
-0.082871
-0.022130
-0.034289
-0.034295
-0.058632
0.111620
0.160010
0.365395
0.086666
-0.481989
0.135496
0.244092
-0.022060
-0.191409
0.014234
-0.155325
0.014264
-0.009976
-0.058461
-0.058484
0.002154
0.050649
0.014264
0.014258
-0.094819
0.014273
0.159598
-0.155307
0.026377
-0.046328
0.026377
-0.070571
-0.009976
-0.155554
-0.082844
0.135708
-0.009976
-0.022108
-0.009976
-0.107087
0.075001
-0.046386
-0.240881
0.014355
0.196598
0.196172
-0.167580
0.026417
0.159680
-0.119007
0.014264
0.038486
-0.106922
0.135408
-0.046302
-0.034201
0.147381
0.267819
-0.022038
-0.420952
0.918357
-0.094014
-0.058030
-0.009976
-0.021993
-0.034014
-0.058070
0.002050
0.038113
-0.310909
0.134585
-0.094278
0.194634
-0.009976
0.074154
-0.009976
0.050073
0.110015
-0.081953
0.205800
0.109699
-0.093733
0.253025
-0.165302
-0.033894
-0.117676
-0.117793
0.061915
-0.345909
-0.021994
0.278071
-0.213923
-0.467367
0.074438
-0.275516
-0.118809
0.014220
-0.058373
-0.034183
0.026333
0.135127
0.195227
0.086445
-0.009976
0.374779
0.133926
0.133720
0.133513
0.228716
-0.200884
0.049722
0.049687
-0.021905
-0.081583
-0.009976
-0.021915
-0.057748
-0.033871
-0.093653
-0.033896
0.085672
0.252586
0.192441
0.346235
-0.306730
-0.033754
-0.057550
0.049488
0.227526
-0.104909
-0.140656
0.013797
0.144409
-0.200022
0.120720
0.096830
-0.378344
-0.236422
0.061589
-0.033825
0.037717
-0.057669
-0.129308
-0.093593
0.061700
0.085512
0.025809
0.073472
-0.212755
0.228545
0.073372
0.097084
-0.045650
-0.558576
0.300472
-0.284554
0.133376
0.037763
-0.165209
0.001974
-0.021925
-0.033879
0.145294
-0.045786
-0.057743
-0.021921
-0.009976
0.061675
-0.476623
-0.069960
0.038015
0.229631
0.181297
0.001967
-0.033862
-0.021921
0.169054
-0.057686
-0.009976
-0.189091
-0.189412
-0.081841
0.013985
0.013979
-0.417993
-0.673548
0.207678
0.026254
0.134812
-0.070279
0.002088
0.014147
0.110550
0.098373
-0.046079
-0.082221
-0.070220
-0.299656
0.098753
-0.058285
0.171063
-0.275612
0.122931
0.098635
0.230959
-0.034043
-0.094257
0.026154
0.134411
-0.009976
-0.034026
-0.034032
0.206318
-0.058001
0.146021
-0.045953
-0.358429
-0.154519
0.278903
-0.142275
-0.359605
-0.082466
0.026276
0.122834
0.014153
0.062374
0.026180
-0.058186
-0.009976
-0.372295
0.135109
-0.251902
-0.325357
-0.070740
-0.143788
0.014367
-0.632574
-0.058971
0.112468
0.063419
-0.058899
-0.071164
-0.046707
0.087943
0.038948
-0.156819
-0.242919
0.026841
-0.206488
-0.330134
0.125601
-0.293664
-0.294471
-0.270441
-0.395716
0.301221
-0.171677
0.139297
-0.134354
0.226211
0.287570
0.138466
0.064162
-0.183050
0.175450
-0.232528
0.520857
0.395505
0.491524
-0.022178
-0.083218
-0.009976
0.148648
-0.009976
-0.022169
-0.168619
0.209617
0.221294
-0.058620
-0.119511
-0.119632
0.427928
-0.180044
-0.375384
-0.107644
0.136491
-0.107596
0.075447
0.002222
-0.132016
-0.034402
0.002238
-0.071059
-0.046644
0.343920
0.026563
0.221126
0.147839
0.062778
0.280511
0.556461
-0.094136
0.134255
0.002034
0.002033
-0.033994
0.050059
0.086005
0.002015
0.085901
-0.009976
-0.117844
-0.153982
-0.021986
0.014042
-0.154172
-0.046057
0.038130
-0.118246
0.002060
-0.022012
0.074245
-0.009976
0.038118
0.050110
0.014048
0.074063
0.109957
0.325073
-0.105590
-0.141594
-0.105807
0.025972
0.085821
0.097686
-0.021933
-0.093713
0.013956
0.049829
-0.141594
-0.141768
-0.021965
0.061941
0.061889
-0.105807
0.253340
-0.105647
-0.417601
0.110087
-0.021976
0.073992
-0.069946
-0.045975
0.026023
-0.069982
0.193898
-0.888388
0.400108
-0.130414
-0.287536
0.375985
0.014097
0.218431
0.157991
0.061924
-0.153826
0.085947
-0.153895
0.002025
0.121942
0.049930
-0.117831
0.002014
0.229517
-0.009976
0.013942
-0.105681
-0.093793
0.097776
-0.021943
-0.141704
0.097815
0.037894
0.061786
-0.021933
0.001981
-0.069774
-0.009976
0.133479
0.169054
0.013871
-0.069603
-0.093513
0.061632
-0.021907
0.001955
-0.081583
-0.117483
0.001975
-0.009976
-0.201363
-0.105807
0.109799
0.061820
-0.033902
-0.225571
0.193654
-0.057851
0.073791
-0.165599
-0.045923
0.002008
0.025967
-0.033936
-0.021958
0.002007
0.061889
0.145555
0.145313
-0.476568
-0.081953
-0.045984
0.133978
-0.286070
0.254130
0.085890
0.073831
0.097673
-0.009976
0.001978
-0.057800
-0.165562
-0.117831
0.121832
-0.021951
0.384455
-0.248839
0.133411
-0.021917
0.323835
-0.069503
-0.069539
0.037677
-0.009976
0.061461
-0.045688
0.144685
-0.033754
0.013803
-0.081328
-0.045671
0.049509
-0.355482
-0.045786
-0.524670
-0.262304
0.254352
-0.081996
0.074043
-0.021974
-0.009976
0.061993
-0.093944
0.289587
0.240965
-0.093553
-0.285079
-0.646806
0.014129
END
