y[]
-0.042112
-0.055740
0.066737
-0.001304
-0.001304
0.202542
-0.069206
-0.055659
-0.110103
-0.001304
-0.001304
0.066709
-0.082925
0.134695
-0.001304
-0.014895
-0.028493
0.243129
-0.055571
-0.341140
-0.246703
0.053281
0.039615
0.175820
-0.123895
-0.178645
0.121504
-0.507149
-0.083575
-0.111103
-0.179986
0.342032
0.012405
-0.015013
0.094619
0.121891
-0.056038
-0.179398
0.067232
-0.289469
-0.248965
-0.070208
0.081375
-0.332430
-0.750371
0.193438
-0.419074
-0.392803
-0.239750
0.026778
0.110945
0.152833
0.040692
-0.085314
0.138674
0.068612
-0.267243
0.348469
-0.029241
-0.029249
-0.547792
-0.423721
0.673709
-0.450806
-0.198598
0.181911
0.097211
0.040887
0.167283
0.012732
0.096894
0.054766
0.026719
-0.029327
-0.015318
0.054742
-0.113427
0.054774
0.096756
0.040692
0.459494
0.040482
0.123948
-0.001304
-0.029124
-0.001304
0.040424
-0.070859
-0.252105
-0.252736
-0.463911
-0.226371
0.293993
-0.254362
-0.170366
-0.241298
0.083466
0.280744
-0.015387
-0.311644
0.294951
-0.057666
0.167686
-0.240791
0.167806
0.083144
-0.142089
0.364327
0.237042
0.403979
-0.168808
-0.043224
-0.281220
-0.015320
-0.001304
0.026727
-0.296020
0.097031
-0.001304
-0.127753
-0.395726
-0.340623
-0.086314
0.310047
0.674660
-0.043418
0.279123
-0.520713
0.040911
0.321753
-0.155679
-0.029398
0.054876
-0.099639
-0.127877
0.097156
-0.268778
0.125484
0.223700
-0.451818
-1.036701
-0.315455
-0.302099
-0.331788
-0.030093
0.171308
-0.001304
-0.015677
-0.015679
-0.030060
0.027452
0.142354
-0.073107
-0.073158
0.285805
0.156255
-0.044250
0.313207
-0.158436
0.012991
-0.316265
0.127664
-0.101598
-0.288413
0.013071
0.027440
0.041796
0.127886
0.027382
-0.159180
-0.274587
0.271979
0.113540
0.227988
0.127442
-0.144365
-0.087239
0.055995
0.041648
0.041630
0.084509
-0.115737
0.084533
-0.044213
0.341456
-0.072615
0.055749
0.326122
0.225840
0.069573
0.225165
0.055233
-0.043704
-0.015441
-0.072020
-0.001304
0.026989
0.069393
0.238691
-0.269571
0.196436
-0.001304
0.139700
0.322253
-0.043448
0.251292
0.278612
0.180222
0.082366
-0.098926
-0.015258
-0.015260
-0.001304
0.082402
-0.085009
-0.099049
-0.001304
-0.113129
0.180349
0.068475
-0.099008
0.054539
0.124228
0.082297
0.026547
-0.043084
0.193519
-0.029113
0.095993
0.012588
-0.001304
0.137508
0.054167
-0.209478
0.095898
-0.084614
0.483697
0.123031
0.178019
0.026256
-0.070217
-0.015092
-0.042680
0.012490
0.108980
0.177649
-0.083858
0.026222
0.053724
-0.249170
-0.042675
0.548904
-0.455006
0.136399
-0.042595
-0.015071
0.053755
-0.083903
-0.015077
0.012469
-0.152913
-0.291379
0.109300
0.053952
-0.015115
-0.125691
-0.084314
0.219905
0.535851
0.039896
0.177035
0.080899
-0.069802
-0.042425
0.163080
-0.234260
-0.193559
-0.056302
0.136134
0.012430
0.149640
0.149412
-0.014996
0.012388
0.217515
0.080630
0.257711
-0.069401
-0.055815
0.066830
-0.055807
-0.028567
-0.001304
-0.001304
0.121320
-0.014921
0.189172
-0.028493
-0.042101
-0.001304
-0.055726
-0.014914
0.012306
-0.096613
0.134825
0.025900
0.039487
-0.150954
-0.110281
-0.028567
0.148550
-0.055770
0.216383
-0.069280
-0.028507
-0.014908
-0.001304
-0.164703
0.025948
0.039560
-0.014923
-0.042173
0.053185
-0.042167
-0.069447
-0.151382
0.039649
0.420896
0.066626
-0.382309
0.121320
-0.588537
0.053468
0.053438
0.067082
-0.480987
-0.083767
0.053679
0.108571
0.053588
0.067269
0.012405
-0.220873
0.259381
0.367978
0.284975
0.025918
-0.028526
-0.028533
0.012312
0.121153
0.134584
-0.014884
0.080151
-0.042023
-0.096380
-0.001304
0.025870
-0.042067
0.080207
0.025852
-0.069206
-0.205288
-0.137525
-0.028570
0.080473
0.066793
-0.219377
-0.083204
0.135159
0.039599
0.134917
-0.069391
0.148427
0.107451
0.473112
0.214825
0.106586
-0.055234
-0.474438
-0.028408
0.025800
0.079964
-0.109676
0.039349
-0.055512
-0.028419
-0.041990
0.012260
-0.055571
0.025833
-0.177826
0.608413
-0.231205
-0.055475
-0.136860
0.242566
-0.028371
0.079876
0.079810
0.052736
0.012201
0.012200
-0.068839
0.012207
-0.068876
-0.068922
-0.367232
0.472791
-0.068894
-0.516489
0.215940
0.052933
-0.055541
0.052933
0.066451
0.012242
0.012240
0.025778
-0.055475
-0.462948
-0.042140
0.107555
0.188914
0.391571
-0.082462
0.052809
0.268821
0.066113
-0.095701
0.093093
0.012174
-0.203665
0.039201
-0.014804
0.025694
-0.055307
0.025701
0.025694
0.349006
0.173392
0.159684
-0.122020
-0.243174
0.133141
-1.000502
-0.150689
0.256586
-0.218430
0.175147
-0.096277
0.147899
-0.096226
-0.341047
0.297731
0.215616
-0.313274
-0.055659
0.134529
0.120788
-0.014862
0.039366
0.093528
-0.096136
0.093528
0.106965
0.511379
-0.109019
-0.001304
0.334921
-0.028160
0.293721
0.119138
0.065546
-0.068153
0.118993
-0.001304
-0.108227
0.038806
-0.041413
0.065537
-0.041403
-0.028045
0.185737
-0.134869
0.052143
0.052115
-0.081443
-0.001304
0.078835
-0.054723
0.038763
0.092123
-0.081379
-0.014656
0.012048
0.132118
-0.041312
-0.001304
0.171949
-0.121216
-0.014636
0.091986
0.198310
-0.081102
0.065199
-0.160985
-0.027942
0.012016
0.025331
0.012011
-0.001304
-0.041253
0.131799
-0.041216
-0.094494
-0.001304
0.051958
0.025317
-0.081187
-0.214637
0.118752
-0.174764
0.265434
-0.014624
-0.134602
-0.001304
-0.094718
-0.001304
-0.014656
-0.041371
-0.014663
0.332141
-0.067904
-0.067948
0.065341
-0.174672
0.092086
-0.148098
0.252114
-0.001304
-0.041275
0.051987
0.065270
-0.094519
-0.054609
0.052001
0.012018
-0.054602
0.012023
0.025345
-0.121280
0.211887
-0.361328
-0.121601
-0.135137
-0.108499
0.012102
-0.054938
-0.108658
0.065806
0.052351
-0.081798
0.106007
-0.122036
-0.175953
0.052467
-0.122329
0.508696
-0.054866
-0.014699
0.079039
0.052222
-0.054830
0.092348
0.105619
0.092160
0.012041
-0.081400
-0.041376
0.092173
-0.094781
-0.001304
-0.014665
-0.496918
-0.526381
-0.231049
-0.055438
0.066360
0.012223
0.012222
0.120342
-0.150003
0.012223
-0.543825
0.107436
0.107318
0.025833
-0.341047
0.121137
-0.164591
0.338578
-0.150710
-0.300787
-0.069493
-0.274528
0.121739
0.094292
0.107837
-0.096795
0.053274
0.148631
0.474273
-0.109808
-0.082759
0.608000
-0.244580
0.228473
0.120129
-0.163247
0.052706
0.012194
-0.095828
-0.055358
0.214737
-0.041776
-0.109310
-0.014813
-0.177086
-0.028375
0.525262
0.173604
0.186717
-0.054988
0.173064
-0.041516
-0.028121
-0.068377
0.065770
-0.135496
-0.014733
0.146317
-0.028128
0.105949
-0.028106
-0.014708
0.065698
-0.014701
-0.054909
0.025502
-0.229385
-0.391588
-0.163247
0.052706
-0.014804
-0.163444
-0.041880
0.066314
-0.109514
0.160968
0.039223
-0.258252
0.106965
0.093336
0.403282
0.388246
0.052308
-0.068323
0.025509
-0.041526
-0.001304
-0.014715
0.079136
0.052287
0.172667
-0.028049
0.078910
-0.001304
-0.054773
0.118961
0.132154
-0.255026
-0.564459
-0.108932
-0.001304
0.039070
-0.001304
0.065950
-0.014751
-0.108946
0.160117
0.146436
-0.108730
-0.014740
0.025567
-0.149183
-0.649167
-0.136805
0.364129
-0.055358
0.066259
0.012203
0.012201
-0.082363
0.093259
0.052692
-0.149862
-0.082429
0.201385
0.025690
0.227853
0.227329
-0.351190
0.025654
0.119916
0.079428
-0.001304
0.119672
0.079266
-0.014728
-0.028157
-0.028164
-0.055046
-0.001304
0.119575
0.159640
0.038892
-0.095119
-0.014713
-0.068377
-0.553011
-0.434029
0.025796
-0.123313
0.039382
0.080019
-0.082627
0.107112
-0.014849
0.025785
0.066387
-0.001304
-0.150285
-0.259158
0.120921
-0.069188
0.039432
-0.028459
0.107274
0.039382
-0.055556
0.025826
0.052933
0.025804
-0.041968
0.039360
0.093515
-0.055475
0.025785
0.485052
0.066059
-0.082145
-0.338846
0.052779
0.025727
0.349432
0.066004
-0.055147
END
