y[]
0.251009
-0.006640
-0.135381
0.234615
-0.360679
0.154443
0.234499
-0.070886
-0.247933
0.025566
-0.087174
0.331171
0.697476
0.343568
0.025137
-0.070202
-0.086150
0.247571
0.199432
-0.196844
-0.054247
-0.101923
0.041013
-0.086074
0.041029
0.104498
-0.022509
0.215301
0.025026
0.388337
-0.290865
0.009172
0.056581
-0.259764
0.009199
-0.085860
0.215020
-0.339313
0.167756
-0.101727
-0.038356
-0.022501
-0.022504
0.310167
-0.022456
0.104024
0.419061
-0.022374
-0.069602
-0.022386
-0.022389
-0.022391
-0.053910
-0.180155
0.497298
0.040475
0.024757
-0.085151
0.009068
0.103242
0.056096
-0.478116
-0.227425
-0.338735
0.120003
-0.022461
0.056631
0.088192
-0.054044
0.056561
0.560380
0.040467
-0.053747
0.024767
-0.006640
-0.053754
-0.038062
1.149443
0.195083
-0.239433
-0.006640
0.071018
-0.099836
-0.006640
0.055501
-0.130960
0.117680
0.195051
0.008858
-0.099663
-0.099750
0.070958
0.024382
0.194770
0.225253
0.024239
0.101360
-0.160961
0.101410
-0.037499
-0.083830
0.163100
0.070420
0.208811
0.146970
-0.083415
0.162189
-0.144751
-0.083451
0.085526
0.054757
-0.052684
-0.283350
0.116437
0.162344
-0.114142
0.208249
-0.144729
-0.052712
-0.252718
0.362251
-0.021983
-0.390989
0.070349
0.054908
-0.083581
-0.037433
0.054937
0.408012
-0.052627
0.008692
0.069983
-0.021959
-0.175313
-0.114125
0.621282
0.419930
0.190794
-0.052167
-0.037003
0.008543
-0.037007
0.099606
-0.097701
0.704461
-0.142417
-0.127486
-0.006640
-0.051995
-0.112548
0.159737
0.144372
-0.036824
-0.490829
0.084325
0.023663
-0.006640
0.038798
0.099301
0.250177
-0.097206
0.565565
-0.006640
-0.096770
-0.006640
-0.006640
-0.126940
0.068565
0.113571
0.143420
-0.171718
-0.081766
0.008390
0.023413
0.083464
-0.141826
0.308510
-0.021624
-0.096595
-0.036643
-0.021645
-0.021647
0.113354
-0.021631
0.262862
0.336670
-1.447457
0.159511
-0.112340
-0.309258
-0.690897
0.221967
-0.357383
0.678451
0.084352
0.144830
-0.006640
-0.324991
0.054077
-0.341037
-0.250542
0.237263
0.358102
0.114646
0.295932
-0.172941
0.038743
-0.097425
-0.279491
0.160191
0.159913
0.008488
0.189809
-0.006640
0.415175
-0.096879
0.473697
-0.366676
-0.352895
-0.217992
-0.067108
0.189750
-0.505922
-0.280030
0.251582
-0.417068
0.358269
-0.112934
0.236153
-0.112789
-0.082529
0.205707
0.386526
0.008451
-0.248368
-0.021767
0.099204
0.008472
-0.612886
0.008561
0.357494
-0.021785
-1.317834
-0.098763
0.192854
0.100615
-0.067914
-0.021964
0.314683
-0.435299
-0.175546
0.697804
-0.373556
0.115816
0.039242
0.039221
0.054476
0.374487
-0.494743
-0.343598
0.070042
-0.006640
-0.052641
-0.098707
-0.283350
0.024144
-0.965360
-0.131018
0.086658
0.272733
-0.068655
0.086369
-0.006640
-0.146185
-0.707304
1.312743
0.070432
0.039575
-0.022042
-0.191654
0.147562
0.623114
0.283858
0.298239
-0.219957
-0.189846
0.252803
0.008601
0.176064
0.054188
-0.158777
-0.006640
-0.021866
-0.021869
-0.006640
-0.128554
-0.143971
-0.573213
-0.083451
0.529801
-0.619950
0.085597
0.100862
0.085413
0.223122
0.146242
-0.251363
-0.821590
-0.455383
-0.130786
-0.473567
0.040151
0.040129
0.071260
0.552455
0.641711
0.713946
0.039179
-0.235945
0.146289
-0.266758
-0.267436
0.330732
-0.651704
-0.145411
-0.161056
0.147777
0.270710
-0.006640
0.469223
-0.006640
0.253359
-0.006640
-0.236015
0.115759
-0.144349
0.069889
0.222596
-0.006640
-0.113551
0.617934
-0.021827
0.023732
-0.052201
-0.219535
0.099865
0.130128
-0.234690
0.039012
-1.246610
-0.037452
-0.531900
0.101728
0.024301
-0.378560
-0.317634
-0.584541
-0.950934
0.151363
0.245647
0.103536
0.244735
0.181478
-0.603563
-0.116989
0.103709
-0.195884
-0.212060
-0.101591
-0.006640
-0.101682
-0.467287
-0.629496
0.073431
0.281084
0.216575
0.168394
-0.612606
0.631118
-0.038431
0.215688
0.262667
0.088237
-0.085697
-0.244188
-0.054217
0.468120
0.229898
0.527449
-0.179121
0.259797
-0.100595
0.274963
-0.116057
-0.053570
0.024649
0.756901
-0.130902
-0.099938
-0.022198
0.008918
0.210921
0.163969
-0.239360
-0.864612
0.524612
-0.428285
-0.084918
0.134216
-0.257188
0.118713
0.726650
-0.146641
0.490256
0.209978
-0.533528
-0.099909
0.133231
0.008889
-0.053234
0.148592
0.148351
0.039811
-0.503227
-0.022198
-0.100039
0.008933
-0.694142
0.181330
0.227827
0.445110
0.086571
-0.022169
-0.006640
0.133036
0.117353
0.055299
0.487493
0.039560
-0.052840
0.054956
-0.006640
0.116437
-0.191312
-0.407937
0.163336
0.363217
0.239174
0.054719
-0.098692
0.008708
0.207986
0.207526
0.023918
-0.251363
0.100500
0.130943
0.252724
0.084740
0.069446
-0.204584
0.160877
0.266875
-0.082541
0.023728
0.038894
-0.249727
0.069389
-0.143532
0.282136
-0.158523
0.130066
0.945101
-0.051756
0.203729
-0.066700
-0.021660
-0.051715
0.038436
0.323295
-0.051567
-0.036602
-0.021624
-0.051607
0.262862
-0.156273
-0.051573
0.217827
-0.156228
0.068183
0.068127
0.112870
-0.006640
-0.126150
0.097939
0.127659
0.052991
-0.021544
-0.006640
-0.006640
-0.081194
0.097721
-0.185611
-0.320612
0.083167
0.038234
-0.096406
0.098080
-0.006640
-0.126329
0.337080
0.082832
-0.125954
0.053035
-0.200713
0.023242
0.082953
0.112692
0.246468
0.156795
0.037887
-0.318745
-0.170513
-0.006640
0.082779
0.038040
0.067782
0.156893
0.260383
0.126605
0.082091
0.008141
-0.036204
-0.139786
0.082144
-0.228747
0.245045
-0.006640
0.052488
0.096750
0.067145
-0.154263
0.096719
-0.124773
-0.228517
-0.021449
0.052584
-0.080675
0.008172
0.200492
0.082000
-0.376490
-0.348114
-0.006640
0.127120
-0.066066
0.023078
-0.185078
-0.334607
0.321327
0.216359
0.097256
0.052681
0.023008
0.067440
-0.318143
-0.185078
-0.021524
-0.081094
0.513382
-0.006640
0.022994
-0.140062
-0.140240
0.023065
0.008209
0.023052
-0.259296
0.067737
0.067682
0.156674
-0.051153
0.067539
0.037841
-0.065952
-0.095674
-0.170075
0.186482
0.112019
-0.036291
-0.095647
0.037874
0.082328
-0.110443
-0.214571
0.216127
0.186024
0.008165
0.067352
0.111634
0.244227
0.155351
0.169779
-0.065411
0.066820
-0.036017
-0.021332
-0.006640
-0.242003
0.228724
0.169520
-0.080002
-0.050683
-0.065394
0.037429
0.096113
-0.080023
-0.080077
0.022742
0.022733
-0.168297
-0.094927
0.066938
0.110973
-0.138963
-0.139139
-0.139315
-0.124721
-0.036182
-0.110106
-0.036221
-0.228780
0.067462
-0.214262
0.156529
0.037815
0.052602
0.170875
0.082000
-0.183997
0.229767
-0.036160
0.067145
-0.095188
0.008124
-0.065706
-0.006640
-0.050963
-0.228550
0.407195
-0.346449
-0.051048
-0.214139
-0.125405
0.082447
0.023038
-0.169978
-0.259597
0.350291
0.097226
0.023016
0.082276
-0.036269
0.082223
0.096934
0.052497
-0.302673
0.245045
0.022929
0.052471
-0.184076
-0.065855
-0.110351
0.126684
0.126506
-0.332421
-0.184787
-0.244664
0.142192
-0.066146
-0.066181
-0.245161
-0.830923
0.008408
-0.187363
-0.021715
-0.127322
0.144190
0.038565
0.008424
-0.112133
-0.172640
-0.112420
-0.203386
0.023654
0.144692
-0.157971
0.069055
-0.036911
0.235272
-0.218280
-0.583360
0.115052
0.190794
-0.219276
-0.082691
0.084615
0.054151
0.569032
-0.278913
0.008506
-0.188541
0.008531
-0.052160
-0.143324
0.069319
-0.097797
-0.265372
-0.434252
0.115722
-0.037216
0.496679
-0.037072
0.342772
-0.006640
0.356667
0.099077
0.068804
-0.006640
-0.293627
0.053847
0.129322
0.159285
0.083749
0.053574
-0.036742
0.038510
0.218806
-0.292290
-0.051817
0.158911
0.173649
-0.684404
-0.157880
0.038756
-0.127742
-0.188568
-0.310591
-0.021862
-0.433795
-0.466340
0.024073
0.223404
-0.236683
0.330577
-0.282460
0.008704
0.513637
-0.281743
-0.159803
-0.052634
0.115966
0.222841
-0.098369
0.100369
0.344158
-0.387999
0.130817
0.008622
0.282884
-0.265648
0.130566
-0.342364
-0.236191
-0.129283
0.146641
0.573692
0.054252
0.008578
0.084615
0.130087
-0.067384
0.099638
-0.128109
0.069296
-0.006640
0.099574
-0.158408
0.023732
-0.768722
END
