y[]
0.156275
-0.496432
0.265667
-0.101946
0.061339
0.197144
-0.128959
-0.115501
0.061312
0.047676
-0.020293
0.210542
-0.400804
-0.197515
0.211341
-0.306634
-0.389739
-0.198772
0.157953
-0.006702
0.212416
-0.239531
-0.226331
-0.323267
-0.255149
-0.561027
-0.815971
-0.245148
0.021380
0.259685
-0.048716
0.203191
0.077132
-0.062583
-0.975606
0.218809
-0.020781
0.134005
0.175921
0.147565
-0.006702
0.035330
-0.062748
0.133354
0.495882
0.118551
-0.034522
-0.034530
-0.508935
-0.694375
0.035537
-0.415758
0.360116
-0.331125
0.233191
-0.077199
0.246855
0.218144
0.636927
-0.216126
-0.300634
0.021329
-0.203083
-0.133151
-0.740443
0.219639
0.627148
-0.245684
0.035513
0.316355
-0.189171
-0.048857
-0.034815
-0.147388
-0.232213
-1.356250
-0.637981
0.137121
-0.021075
-0.049833
0.165712
-0.150359
0.437967
0.264863
-0.149538
-0.192695
-0.394104
0.036417
0.165588
-0.135891
-0.006702
0.337434
-0.021017
-0.035339
0.079184
-0.035322
0.036226
0.264746
0.377777
0.291319
0.276304
-0.063239
-0.077418
0.092287
-0.034974
0.191038
0.457859
0.203751
0.454741
0.076969
-0.104324
-0.034611
0.077004
-0.188152
-0.118527
0.244730
-0.048563
0.202430
-0.020630
0.160313
0.104487
0.132110
-0.159405
0.007190
0.602634
0.200181
-0.089403
-0.034284
0.282535
-0.061730
-0.199539
0.502135
-0.322701
-0.061760
-0.034242
-0.006702
-0.448386
0.159159
-0.144900
0.131496
0.571653
0.253840
-0.116321
-0.075275
-0.253955
0.144470
0.294958
-0.006702
0.294050
0.184216
-0.061212
0.061432
-0.088468
-0.006702
0.102305
0.156586
-0.047499
-0.061123
-0.020312
-0.088401
0.156630
-0.115560
-0.142942
0.088686
0.143009
-0.047510
-0.170100
0.061414
-0.061190
0.006923
-0.224923
0.456451
-0.319776
-0.471310
0.102812
-0.417999
-0.034182
0.158066
0.075580
0.034414
0.648859
-0.006702
-0.020315
0.251644
0.061173
-0.142497
0.020472
0.034045
-0.047449
-0.346908
-0.033968
0.075076
-0.156678
0.047861
0.170422
0.074942
0.576469
0.317316
-0.533766
-0.006702
-0.033806
-0.020256
-0.074503
-0.047405
-0.156087
0.373114
-0.196429
0.210101
0.155592
0.060843
-0.060734
-0.060763
-0.440248
0.399803
-0.304643
-0.006702
0.115291
0.020388
-0.033791
-0.509181
0.292374
0.305015
0.317535
-0.033681
0.101173
-0.168558
0.006796
-0.033700
0.370606
0.328982
-0.369289
0.127743
-1.005900
0.101802
-0.047377
0.047528
-0.441367
0.509253
-0.373027
0.251223
0.020410
-0.006702
0.196399
0.398266
0.329523
0.261467
0.180589
0.046746
-0.113625
-0.006702
0.020040
0.153598
-0.086819
-0.033422
0.073437
-0.020054
0.006650
-0.006702
0.086713
0.166551
-0.139946
0.286202
-0.019997
-0.193021
0.033253
0.006613
0.086452
-0.139804
0.046561
-0.059964
-0.099979
0.086576
-0.020022
-0.140000
-0.100116
-0.020054
-0.060128
0.260143
-0.006702
-0.086680
0.099922
-0.046672
0.113162
-0.153222
0.059925
-0.046672
-0.100029
-0.153535
-0.260831
-0.100491
-0.167689
0.114063
0.020115
-0.302083
-0.073956
0.449736
0.060246
-0.006702
0.193873
0.100107
-0.126870
-0.006702
-0.020063
-1.027393
-0.290582
0.074489
0.128470
-0.141873
-0.440483
0.129057
-0.224005
0.169893
-0.455590
-0.074891
-0.279926
0.211937
0.006947
0.197811
0.360371
0.521147
-0.020202
-0.047212
0.060807
-0.155280
0.168867
-0.128217
-0.209555
0.694772
0.127635
0.127454
-0.100592
-0.073820
0.127490
0.073727
-0.046908
0.046903
-0.033501
-0.625066
-0.114635
-0.182342
0.020340
0.047360
-0.223123
0.196207
0.787434
-0.020109
-0.020111
-0.020113
0.127329
0.140524
0.073512
0.060094
-0.126966
-0.677485
-0.006702
0.033672
0.060552
-0.127792
0.302459
-0.127564
-0.127710
-0.790066
0.304677
0.074368
-0.074256
0.141857
-0.236385
0.222982
0.451088
-0.329630
0.195251
0.114274
0.060444
-0.060415
-0.060443
0.275121
-0.060321
-0.087185
-0.991134
-0.101611
0.115307
0.020391
0.006842
0.060989
-0.413537
0.047639
0.006879
0.142562
-0.033824
0.074643
-0.006702
0.033946
0.506744
-0.020180
-0.290160
0.020329
0.344034
0.006764
0.006762
0.006760
-0.047092
0.463508
0.060291
-0.087098
-0.060335
0.073738
0.020097
0.046875
0.140485
0.260357
-0.153496
0.286671
-0.020018
0.179568
-0.006702
-0.059886
-0.033305
-0.099867
0.259256
0.059677
-0.086362
-0.046556
0.059713
-0.033262
0.152555
0.046328
-0.431726
0.139604
0.165930
0.112638
-0.059724
0.006557
-0.006702
-0.059745
-0.966325
-0.436175
0.141138
-0.087314
-0.033587
-0.127775
-0.316779
0.101261
0.074194
-0.682837
-0.251234
0.169965
0.020450
0.006871
-0.047427
-0.319478
0.088595
0.278644
0.183077
-0.047338
0.020391
0.020384
-0.060880
0.061017
0.060971
0.277025
0.692414
0.006695
-0.060299
-0.060328
0.113917
-0.234660
0.006722
-1.290070
-0.716215
0.116459
0.034318
-0.006702
0.034302
-0.252974
-0.212393
-0.061624
-0.612848
0.117582
-0.338469
0.269847
-0.117229
0.103826
0.103704
0.255024
0.487330
-0.143688
0.034414
0.007000
0.034391
-0.047795
0.034391
0.525977
-1.350660
1.418956
0.251573
0.128965
0.101699
0.060989
0.006831
-0.142111
0.115175
0.452386
-0.425197
0.128488
-0.074274
0.060870
-0.101315
0.209427
0.303167
-0.020154
-0.047070
0.208410
-0.047000
-0.006702
-0.047016
0.020176
0.087315
0.006722
0.127436
-0.006702
-0.060335
0.020119
-0.046935
0.033532
0.341311
0.326788
-0.233353
-0.006702
0.019990
0.019983
0.033312
-0.166851
-0.046779
0.020018
-0.126998
0.500236
-0.059943
0.019922
0.113019
0.006592
-0.620037
0.367081
-0.193418
-0.020052
-0.006702
-0.060121
-0.033422
-0.234111
-0.207788
-0.181304
-0.127759
0.141237
0.060471
-0.141092
0.087391
0.221440
-0.006702
-0.046924
-0.409820
0.356178
0.207718
-0.060264
0.127149
0.033419
0.113563
-0.020057
0.126774
-0.126822
-0.073498
-0.060170
-0.046822
-0.100379
0.113724
-0.046827
0.313854
0.179816
0.046525
-0.059929
-0.073275
0.126401
0.006599
-0.233052
0.206348
-0.099855
0.046539
-0.006702
-0.046630
0.099738
-0.086521
0.126295
-0.126391
-0.206502
-0.140124
0.153384
-0.126742
-0.060099
0.100065
-0.380884
0.033456
0.353996
0.193125
-0.059950
0.059854
-0.006702
0.086402
-0.192996
-0.220035
-0.113539
-0.475463
0.060399
-0.114084
0.087264
0.073770
-0.006702
-0.033519
0.060327
0.421221
0.019983
-0.140195
0.140131
0.059969
-0.073373
0.299618
0.033184
-0.513099
-0.113639
0.073512
0.033381
-0.073515
-0.020070
-0.261036
0.474647
0.019972
-0.006702
0.126561
-0.073311
0.073224
-0.046656
0.246076
0.311685
0.046264
0.178459
0.072548
0.032900
0.032884
0.032868
-0.033080
-0.059479
-0.006702
-0.033101
0.006499
0.032889
0.072433
-0.151830
-0.085951
-0.046350
-0.072817
-0.271603
0.033078
0.006555
-0.059738
0.099343
-0.152542
-0.552170
-0.528337
0.194250
-0.046860
-0.006702
-0.020091
-0.087077
-0.073730
0.180865
-0.046865
0.420878
0.006631
0.099894
-0.099967
-0.060035
-0.140160
-0.207223
0.433916
0.139740
0.112955
-0.073160
0.073043
-0.006702
0.046426
-0.086404
-0.339481
-0.153476
-0.153692
-0.113739
0.020068
-0.006702
0.180489
-0.033422
0.513057
0.019880
0.205697
-0.073028
0.139158
0.138945
-0.178853
-0.033213
0.125784
0.138830
-0.046371
0.006523
0.006521
0.032957
-0.006702
0.019729
0.019722
0.217617
0.059179
-0.085764
0.111868
-0.033038
-0.046220
0.230172
-0.059292
0.085313
0.058971
-0.072375
0.019573
-0.006702
0.019566
0.058937
0.006421
0.058885
0.150531
-0.045987
0.058765
-0.006702
-0.006702
0.124103
-0.229171
0.058782
-0.111496
0.071904
-0.045997
0.137306
-0.045956
0.006385
0.084855
-0.006702
0.280505
-0.045818
-0.045833
-0.058901
-0.006702
0.045497
-0.006702
-0.006702
0.227857
-0.097853
0.097465
0.058347
0.032307
-0.019703
-0.019705
-0.162870
0.110448
0.045321
-0.097759
-0.071793
0.019340
-0.019722
-0.045772
0.045388
-0.019722
0.097411
-0.006702
-0.058744
-0.032733
0.071372
-0.110814
0.019337
0.292252
-0.045645
-0.019686
0.019266
-0.058643
0.071200
-0.071616
0.097140
0.562511
0.019095
0.006194
0.019085
END
