y[]
0.164168001
-0.911318211
0.364235711
0.505698149
1.918466575
-0.807095124
-0.095684513
-0.106658331
0.036105729
1.454225575
0.462433417
0.635726732
-0.869631009
0.511548175
-0.739027397
0.643965312
1.02572806
-0.473501585
-0.813060711
1.146436878
1.627656887
0.165120893
1.412243307
-0.156213369
-0.891323695
0.330523126
-0.901470472
-1.105611248
2.175819659
0.155578496
1.066688349
-0.604267941
-0.147484893
0.645160007
-1.319550299
-1.375357001
3.568295975
-0.150119728
-1.203710088
1.454743062
-0.149887986
0.736306896
1.060696909
-4.018962068
0.647265466
1.947083969
0.442340167
1.156888101
-0.309010446
-0.502309882
-2.064410313
-1.796874669
-0.473260974
-1.477044335
0.714945871
1.523520321
-0.726528936
-2.237389649
-1.72363762
1.461103796
0.268554555
1.801242733
-2.458727633
0.773621268
-1.87917276
0.852887672
-0.857169541
0.481157541
-0.306841738
0.036382439
-1.705183076
-0.445175951
-0.239672701
1.857173273
0.538167524
-2.640504789
-0.643068081
0.273352374
-1.048405188
1.517515843
-1.651069822
-0.262070336
-3.671494139
-0.463754422
-0.112411649
1.708288911
-1.196404893
-4.031438388
0.515053037
-0.751713364
-3.639383139
-1.306120149
2.065135748
0.173902713
-3.514771129
2.166889001
-0.255987674
0.677569799
2.74656308
-1.456766225
-0.219727956
-0.627546909
0.566037101
-0.709228919
1.207456946
1.713732211
-0.28702331
0.976941401
-0.060490371
2.113883451
0.964786703
0.038289352
-1.136911991
-0.842986393
-1.24375512
-1.301473886
0.916495555
1.674842818
-1.731182106
3.236387291
1.059427893
2.412803682
0.444578151
-0.625258002
-1.538896495
-0.007483077
0.529597377
-1.264327269
-0.806676832
1.548133618
0.358118103
0.539268323
-0.303185784
0.540356875
-1.371260362
-3.073697658
-0.558775518
0.108962685
1.159743994
1.562572615
1.543159458
-1.555015758
0.311170157
-1.085323741
1.687979654
1.211704173
0.776844153
-0.117720754
0.444752623
-1.054303932
0.716925278
0.664882456
-1.010610509
0.21329098
-0.5563584
-1.111927436
1.753330541
-0.558178738
0.427736619
0.008375033
-0.41117422
0.122995135
-0.97822005
-0.542167221
-0.515969866
1.114455475
-0.22555169
-1.074166254
2.294173613
1.300398716
0.256282423
-0.084279003
0.001625605
-0.434077533
4.143315457
-0.359011245
-1.020476957
-1.105037676
-0.02084833
-0.207092259
-0.482205681
-0.5233586
-2.574699224
0.500485382
0.323641379
2.135789857
-0.33933318
-0.919249506
-1.107578101
1.390288059
-0.301918419
-0.076997603
-0.850239111
0.11827158
-1.207830946
-0.21079485
0.841052092
1.212706844
0.034251613
-1.067870001
0.981101338
-1.370002157
-0.286085795
-0.418736843
-0.898337251
-0.14459313
-0.742893338
0.245920709
0.333247745
0.619089723
0.398727558
-1.641412522
-1.131438176
-0.492165622
0.436937605
-2.481197957
-0.150966301
0.987904911
-0.218530429
1.040291687
-0.187515797
0.632985752
-0.249443106
0.714987311
-0.685389242
-0.679655557
-1.035200115
0.500754649
1.232506906
1.100057119
-0.747170578
1.663863693
0.147292444
0.171950897
0.401127199
0.017509922
1.209001028
-0.280037568
0.1924451
0.198749742
0.782425867
-0.214605962
0.601433346
-0.75851215
-0.418748765
0.090709622
0.312636771
-0.056547322
-0.269925656
2.651327187
0.04700566
-0.617000518
0.212349545
1.129278311
-0.900854258
-0.057262329
0.55296067
1.06564496
-0.219292208
-0.834653944
0.760556195
-0.273766661
0.634544111
1.185765299
-0.878384405
-0.440162203
0.184000123
-0.001785525
-0.801661102
0.294258038
-0.681529165
-0.325998466
-0.423537712
-0.296360425
-0.286481328
1.666903068
-1.255551803
-0.761525681
0.112920983
0.782188863
-0.775734084
-1.20886224
0.162438547
0.43843788
-1.302481769
0.136725286
-0.107532814
-0.876240164
-0.650313061
1.309442949
0.457103167
-0.040907716
0.816451275
-0.183892292
-0.391078534
0.142082352
-0.289362973
-2.214891001
-0.966960646
0.644494443
-0.018499186
-1.263014095
-0.930537832
-0.837018708
0.531464613
0.61062367
0.274110043
-0.736083009
0.096506417
-0.196657314
-0.106481898
-0.74752763
-0.607756515
1.163960091
-0.030819178
-1.713064822
-1.171594094
-1.936492829
-0.571333066
-1.257607931
-0.082436043
0.209349552
-0.15038721
0.197862059
2.699682747
-0.38143975
-0.043181476
-0.72412679
1.664748766
-0.706289036
2.228872398
0.351260325
1.146572913
0.16127604
-0.499486246
-0.717478879
-0.792616537
-1.01660947
-1.357097024
1.996335385
0.329507243
1.10848141
1.739780859
-3.652585961
-1.185688423
-0.219258361
1.368353036
-2.662192659
-0.044008339
-0.849543787
-0.98182867
0.283520146
-1.143809176
-0.77744842
1.996495088
-0.677250122
-2.606229773
-1.53511049
1.341346119
1.923678592
0.710473612
-0.90187308
-2.058622283
0.113323129
-0.698151201
0.534974247
1.71032428
-0.575260305
1.271978887
0.396735854
0.099364977
-0.37368037
1.150945672
-0.513703552
0.426200425
-0.265320863
-0.928729108
2.515048588
2.145456689
0.349666019
0.43335508
1.495656323
-1.096678929
0.323621847
-0.465048907
0.096971383
-0.734594653
-0.425214977
0.058318249
-0.377057614
-0.820579963
-0.865371563
1.602831271
-0.483752334
-0.060257353
-1.997916947
-0.159107267
-0.070415632
1.450419659
0.37554138
1.363241964
1.099248883
-2.340485032
-0.829596852
0.113992851
-0.396791424
-0.080905558
1.414461415
-0.27812817
-0.473924486
-0.962258557
-0.364629585
0.132621269
-0.560657255
0.179300053
0.427378105
0.102322822
3.309676294
0.038758322
1.926147903
0.108233078
0.00631003
-0.2993949
-0.688050095
2.011680074
0.141741888
-0.581559857
1.475211428
-0.737345638
-0.650334965
-0.229315006
0.978571756
0.342881465
-0.927696154
-0.649641653
0.575729307
-1.223597744
0.119641572
1.177761458
0.37397538
1.639349646
-0.306290916
1.010327992
-0.275764579
-0.218737727
1.380134414
-0.038049723
-1.296366438
1.349478187
-0.014565789
-0.348269093
-1.447872321
-0.350487508
0.102835188
0.434662073
0.276306009
-0.04273378
-0.41417801
0.295052307
-0.64123629
-0.430072061
0.586585759
-1.345398466
-0.441207068
1.104600008
-2.295681873
1.596125794
0.162805062
1.088182129
0.006867028
-0.208358908
-0.994030492
0.63755661
-0.14394341
-1.239525254
-0.636295168
0.241925442
-0.03895611
-0.444037657
-1.702960305
-0.694935054
-0.729446834
1.318085608
1.137184303
-0.138011156
0.004671485
-1.0560938
0.176575855
1.163164712
0.590258431
0.475509356
0.710886152
-0.082268214
0.651407496
-0.10318863
-0.383304741
-0.008207482
-0.474734711
0.585372071
-2.585670502
-0.269159167
0.137206147
0.244522058
0.536564321
-0.568981266
1.109841092
-0.421108812
0.382954853
0.537180882
0.589806359
-0.427737508
-0.153698676
-0.186627891
-1.131501169
-0.619079201
-0.480276113
-0.017167554
-0.631320269
-0.832963564
-0.148025556
0.992939803
0.700682261
0.768434684
-0.18043298
0.461072837
0.80483806
-1.202091936
1.149076592
0.721561604
-0.247343572
-1.27842631
-0.342315487
0.41649817
0.060529105
-0.730393009
-0.650894139
-1.457761621
-0.307320007
-11.45045043
5.090282144
-0.432607039
-1.008066981
0.071566713
-2.347281674
-2.702310624
-2.065069837
-0.926944593
3.639467802
3.951353921
-1.300144947
0.080620925
-1.033112111
-0.755446698
1.991924327
1.8347703
-1.333882719
0.879529876
1.823762661
0.437693511
-0.206125871
-0.56376111
1.159710265
-2.419453493
0.1564799
-0.289186
1.357022397
-0.420516494
-1.327313884
-2.580729279
0.848645685
0.5016088
1.96913423
-0.882879483
-0.734335576
-0.52012651
-2.204518936
-1.614094618
1.442577924
0.402442764
0.062703672
-0.121146679
-0.534762081
1.518459517
3.317723214
0.549123745
0.251725397
0.691513686
0.243854341
-0.545397176
0.711735962
1.504421699
0.794706176
0.967971139
-0.683687825
0.556732701
0.687234353
-2.266952214
0.575528695
1.460846934
-1.098412333
2.208517734
0.537711094
0.169251265
-0.37701686
0.932068259
-0.001221025
0.332702548
0.661666222
-0.515644087
-0.538180476
0.498564494
0.022671333
-0.621180241
-0.031520689
2.133528456
-2.489672039
-0.625066539
0.249109897
-0.095169673
0.410476449
2.064477304
-0.022276103
-1.69201157
1.579435651
0.16844836
-0.253953481
-1.25880731
0.295720032
-1.131681623
-0.547881098
-0.10269531
-2.370283024
-1.295874837
-2.741311969
1.507318552
0.011856319
0.126184521
-1.489427757
-1.956426051
0.546128377
0.863117124
-0.214737903
-0.378597031
0.269880144
-1.572727795
-1.75706535
-0.116222308
1.063301825
1.750447027
0.095179587
1.747079698
0.587071781
0.696887862
0.486243394
0.836172807
0.654766709
0.948121072
-1.073357953
0.524788846
-0.814826223
0.285991502
-1.712103755
-1.665126263
-0.626558086
0.537812153
3.403636908
0.522386797
1.15332972
-0.708516066
0.201011389
-0.005641476
-1.328237486
0.579866461
-0.328838526
1.545861496
-1.940909406
-0.082590393
-1.215475967
-1.349915125
1.137976295
0.830817831
-0.433205802
-0.160429338
-1.855330775
0.166397336
-0.819839499
-1.734523299
0.570434762
2.358337628
-1.071354557
-1.736050252
0.299149019
-1.493397794
1.401457397
0.70495986
-1.263471317
-1.25604666
1.745542888
-0.637082682
0.475055361
-0.695883395
-0.1239815
0.511100253
0.968970599
1.480370248
1.65463073
0.888806502
2.387886358
0.151050528
0.241043896
0.115502781
-0.054896332
1.180124458
-0.069802749
-0.094255741
-1.46596197
0.535798902
0.390042109
0.795124166
-0.139501394
0.784001632
0.524302371
-0.643554002
-0.029559334
0.481033417
-0.405569712
0.098316837
2.841372147
0.268337198
1.455672705
-1.584428731
-3.431092101
-3.216010181
-0.440790359
0.753745005
-2.194160338
0.286863507
-2.436764435
1.315861953
-2.167978786
4.360654134
-1.954762035
-0.866530616
-2.774278888
0.204218964
0.469540843
0.623746061
1.030669644
-2.5995613
2.726159525
3.059532874
4.371922436
-2.122521398
-0.173500974
1.273026898
1.352770497
0.529797409
1.75763768
-0.980442366
-0.376571025
2.928741124
2.915053373
0.282406168
-1.807577657
1.871265371
-1.609694296
-0.521884759
0.457629568
-1.399094707
1.740045338
0.068769921
2.357557403
3.410211332
-0.425356814
-0.386730321
1.180719088
2.166863045
1.911973295
-2.097676959
-0.40821717
0.848187717
-0.685708422
-0.319497449
-1.183892861
-1.505517004
0.791435346
-0.127553518
1.34443932
1.325210156
-2.742610323
0.036663069
-1.865856034
-3.754478804
0.333494626
-0.437375864
-2.268157911
-1.145275472
0.082710406
1.228125846
-1.522247627
1.245758997
-1.627722291
0.947543277
-0.224463497
-2.137098674
-0.684153983
2.56189998
0.792189904
2.141261316
1.006457707
0.101189383
1.102103309
-0.3259607
-0.742328086
-0.988191658
-0.667986553
1.237981641
-1.883882122
1.791638357
0.508829981
-1.838124867
1.564402795
1.559799712
-1.96085617
-0.924886309
1.167773878
-0.357719221
0.00841839
-0.44359934
1.001432565
1.930925066
-0.467479483
-1.638592606
1.237234366
-0.260049357
-1.351929139
-0.310701662
0.793053667
-0.79769427
-1.181354652
-1.396742031
1.331892711
0.349232796
-0.64939767
-0.257703558
0.531173995
-0.234015786
-2.996709873
0.448932046
1.59226704
-0.920203545
0.53169898
0.819512063
-0.34555931
1.002648424
-0.689929507
-0.082952771
0.273658833
0.661784475
-0.281109836
-0.30341691
0.142409669
0.494444366
-0.906856329
-0.356686882
-1.241094976
0.729064585
-0.612119872
1.161387167
-0.933097715
0.050777571
-0.6059715
-0.669718691
-0.472269252
-1.224377775
1.189211135
0.548982272
1.130428863
0.214073633
-0.383686199
0.658867959
-0.18351895
-1.454867187
0.515922019
-0.035188933
-1.230266811
-1.309968863
-0.703738228
1.196304181
1.072983508
0.852180874
1.921519863
-0.347177138
0.610743816
1.073751689
-1.062169984
0.843668713
0.6511724
-0.275646355
-0.04447894
0.348283164
0.457858555
-0.295815871
-1.014704012
-1.064485804
1.257142405
-1.952458143
-1.800812775
1.425858239
0.138405958
2.01075912
1.370806663
0.780109538
-2.082211001
-0.454678712
1.129782306
-0.759654324
0.146160908
0.729749736
0.448604542
-0.236674001
-0.080401096
0.646593523
-0.814459154
0.870439273
-0.182343743
-1.098960273
-0.683615324
-2.1404167
-1.456679835
-1.2129711
1.085302273
-1.461520487
0.840093486
0.72975234
-1.010139727
-0.921161781
2.413295308
1.065036959
0.493825426
0.552069831
2.257797961
-1.069028832
0.563571715
0.096244427
0.48368775
-0.896147071
-0.085116878
0.348856075
-0.770331237
0.094719816
0.745199191
-0.80648835
0.768944316
0.010188218
-1.080083368
0.13981787
1.373668245
1.560237096
0.120325862
-0.708672885
-0.198101821
-0.288782763
-0.397399233
-0.065998296
-0.711428617
0.639191203
2.658156425
1.260986138
0.008239865
0.821719303
2.206859651
-3.186655002
1.257339445
-0.317170408
-1.830686217
-1.413753391
0.076830855
-0.191832315
0.929873812
-1.838793693
-0.836934097
-1.324635927
0.798181683
-0.043061436
-0.760123472
-0.708686656
1.924985351
0.669048635
1.453935171
-3.563756714
-0.162484279
0.342870056
1.380118332
-0.326029519
-0.520460149
-0.205237551
1.810240532
-0.146139084
-1.564766588
1.090402169
-0.348990336
-3.880896152
0.428626469
-0.358624338
-0.269817662
-4.435220234
0.839479218
1.384051956
-0.95767087
2.798531709
2.371420119
-0.114210078
-0.706651922
2.434006884
1.352788958
0.69890414
-0.689733979
-0.878198662
-0.711199503
2.321542369
-0.442896293
-2.092384693
-1.237546328
0.400998174
-1.149934861
0.809763996
0.690070629
0.845818578
0.90203924
2.03143402
-0.800289507
1.573160083
-1.418969907
0.336139035
0.677753073
1.250456999
0.185614623
-0.647784221
1.369005518
1.017464306
1.620109048
-1.432704303
0.05500586
-0.46170664
-0.631760341
-0.582542546
0.834768885
1.009958798
1.189580425
-0.530144225
-0.085617755
-1.278047867
-0.737237659
-0.055094854
-0.942296348
-0.254013073
1.201899198
0.131613666
-0.803000298
0.498639735
-0.544448368
0.134192805
-0.102507134
0.954536999
1.534508615
-0.432975712
1.719018525
-0.912354726
-0.453633288
-0.828278947
1.930465244
1.512855973
-0.548111527
0.84561074
-0.632634479
-0.488720577
-0.638532539
1.767404037
-0.890065731
-1.448023903
-1.028381811
-0.28992148
-0.888163282
1.218235325
-0.406755651
0.246236119
0.394377007
-0.362559369
0.399190021
-1.382112008
-0.041566025
-1.249698614
0.804715547
0.741969965
0.784626257
0.659287886
0.38058203
-1.936886646
-0.338994976
-0.158371941
-0.240117712
1.478088821
1.816054365
-0.016659601
-0.887315356
-1.662910539
-0.965152485
0.171357281
-1.093897519
0.357606669
1.324667271
0.037830356
-0.416711339
1.151416451
-1.864533774
-2.322463416
0.806557621
1.619617645
0.12406618
0.26047653
0.539443771
-0.654169369
-0.890850067
0.127444529
0.600769411
0.954443852
1.279163066
-0.159545816
0.307800068
-0.114439647
-0.278108311
-1.079308549
-0.07328546
0.624775662
-0.073029536
0.221415683
0.316773077
-0.024814767
0.780176249
-0.535744559
0.109281703
-1.827918784
0.305654461
1.30335417
-0.063917681
0.618521331
-0.060651294
-0.736816386
0.456817445
0.733914139
0.480591087
-0.106399015
-0.366629583
0.013157754
-0.558267611
0.952033032
0.493602727
-0.329524987
0.067744905
0.360044336
-0.364680966
-0.083378378
-0.744134386
0.237948893
1.318017966
0.645402678
1.060454243
0.663279433
-0.176726487
-1.135718698
-0.444055394
-0.796855902
-0.032518449
-0.426416555
-0.766466966
0.220940436
0.210263909
0.263758324
1.342112943
-0.698828899
-0.724331277
-1.16002018
0.229335837
0.744986935
-0.943427001
0.412386416
-0.121152148
-0.494551103
0.374063076
-0.226278438
1.027487681
-0.015530762
-0.435549505
-0.887001859
-0.537766127
-0.512744249
0.587931835
-0.11331696
-0.562023208
-0.00035682
0.228140877
0.699450744
-0.151966047
0.220843142
0.067430238
0.365317219
0.331202993
-1.448717928
-0.339801784
-0.543346907
0.745911287
2.162304715
1.568765952
-0.625739736
-0.521419076
-0.27563762
0.554741921
0.648299597
-0.250582047
0.968228916
0.32775678
0.911180413
0.79069216
-0.260983409
-0.198473599
-0.405072178
0.83065439
0.770985759
0.303470662
END
