y[]
0.808213958
-1.708641876
-1.483413838
-0.761084404
-0.552082667
2.613852709
-0.359587571
0.250707486
-0.354689835
0.982304843
1.454193733
-0.270170038
1.8202842
-0.352296713
0.574935483
-0.404451156
-0.471173254
1.589446635
-0.991133427
-1.341917513
0.479530568
2.195228701
0.277514752
1.462090088
-0.308991074
0.228185059
-0.067664711
0.354238952
-1.682130623
0.413679937
-0.150449461
0.207685209
-0.205342252
1.216506575
1.162201825
-0.360858207
-0.913103558
-0.454370616
0.600536705
-0.442021107
0.244742114
-0.322397576
1.424546442
-0.1180618
-0.662160558
-3.492357154
0.683545744
2.128907821
0.048862056
-0.058881976
1.630419481
0.680444958
0.722231431
0.530991847
-0.015322306
-1.246932157
-0.370998938
-1.485679455
-0.20941392
0.550232438
-0.598790001
-1.155760195
-1.795931659
0.975618811
0.940220745
-1.721521968
-2.511899406
-0.267053059
-3.032834102
0.830627707
0.443687955
-2.635630572
0.401616255
2.801884468
-1.690288409
-1.891843418
1.137633424
-2.936659149
1.713429397
1.66581636
-0.029394226
0.894217837
-1.636575854
-0.0086507
-0.732564591
-0.160176907
-1.729170232
1.513839346
-2.099126849
-0.489695645
0.952584269
0.298163876
-2.380185858
-1.082796152
-0.172885369
-1.335460408
-0.123380825
0.23480092
1.946058069
-2.737971384
1.027499959
0.227854757
-0.667288487
0.555256893
-2.083838236
0.110415812
-2.421413796
0.476748503
0.380915799
2.366913376
0.230029928
0.018332471
-0.309534461
0.24543086
-0.014324421
0.19957012
1.505477166
-1.200050363
1.926551336
0.410448893
-0.386166321
-0.59490573
-2.618783239
-0.149541153
1.734377302
-0.389554359
4.824613965
1.180934229
1.209358209
-0.366147158
-1.215848692
-2.206085182
-0.360469266
0.603826261
0.175260851
-0.834367394
1.365403796
-0.336035818
-0.07366831
1.477200171
0.753981971
-2.888981174
-2.647410667
-1.302367711
0.330374285
4.151070842
2.184775959
1.664040765
-0.645295969
0.308896269
-3.06666543
4.692830679
1.100816426
1.671180227
-0.346653505
0.17558701
-0.588618287
-0.319973958
0.653724779
-0.098069109
1.049881777
0.588837804
-0.230945992
0.946474823
-1.53886774
-0.985128367
0.188162056
1.107120006
-0.823362825
-0.343525875
-1.27788952
1.503893307
0.896092871
-1.10693671
0.196133845
3.328246399
0.519225844
-0.417387074
1.125153296
0.259240574
-0.864873716
1.978672173
-0.444401098
-1.194558798
0.537383951
-0.591721281
0.917685699
-0.767350413
0.393235538
-2.781495666
0.281401317
-2.108573756
1.779009942
-0.229040833
-0.064446943
-0.290300285
1.792379542
-1.417117071
-0.980415919
-0.656595049
1.215624677
-0.745889885
0.627205744
2.474931337
0.837102941
0.149594368
-1.268856835
-0.459082028
-2.143372125
0.489688751
-0.307417492
0.488961569
-0.714206812
1.468046063
-0.511992031
1.180287638
0.50280798
-1.184044542
0.703127737
-2.286801488
-0.018712789
0.007905574
-0.274296852
0.770149386
-0.837490148
-0.468591326
-1.429206432
2.738589695
0.555922428
0.380133309
0.589800106
0.841806039
-0.588994254
0.016648297
0.113271891
1.339161925
-0.269683545
0.255786375
0.307534921
0.028698344
0.415839508
-0.098312382
-0.225795534
1.053257199
0.220258248
-0.121862808
0.089620303
-0.11614715
0.567766192
0.402486138
0.115970471
-0.291517354
-0.116533606
-0.019922898
-0.019922898
0.410332754
-1.272114488
0.32514222
2.797449328
-0.390548933
0.280600194
-0.530200772
-0.172512212
0.533633271
0.049518215
0.330976641
-0.116739552
-0.520962392
0.015235398
0.584712005
-0.364031761
0.606985351
-0.384773495
-0.330339038
0.520654788
0.75635525
-0.008262535
0.153728391
-0.645678626
-1.092222551
0.242405769
-3.203172788
0.967125473
-1.305301301
-0.765045965
1.218755429
-0.312713199
0.974879897
0.282771233
-0.832820287
-0.785171052
0.033212574
1.712260089
-0.85044484
-2.341434176
1.910725709
0.805919419
-3.135229649
1.576665515
0.805941972
-0.659888513
0.095802605
2.3653452
-0.136650583
0.388215095
1.379826506
-0.389634874
-0.272567327
-0.282819563
1.447045823
-0.713839495
-0.765619286
-1.266259299
1.353113395
-0.9463465
-0.10379066
-1.235105879
-0.328406433
-1.110999243
0.421595786
2.083544289
-1.553754702
-0.68831054
-1.408538007
0.13352102
0.206912424
2.509911929
0.456469274
-1.559574247
-0.353118342
-0.60876566
-2.18201642
0.058761934
0.74645399
0.30806192
3.001749859
1.440327134
0.067380075
-0.798717593
1.237312487
-0.218103971
-0.029510378
0.243766249
1.613650924
-0.497236923
0.652592138
0.539705478
-0.43231836
0.414735242
-0.30216368
0.634661695
0.477829329
-0.122481896
0.381521987
0.210826395
-0.120876654
0.452441531
-2.095271049
-0.470739118
1.084905682
1.431743282
-1.774731454
0.433375024
-1.08155432
-0.813782121
0.269350922
-1.716935094
-1.249898631
1.752991293
-0.191871767
-1.360038463
-0.643508957
-0.200470709
0.190622063
1.297412135
-0.085064416
-0.649461961
-3.721371736
-1.45960913
-1.507707463
1.227917316
2.290242837
0.63300216
-0.681300717
0.746748608
-0.76315896
-1.273911143
2.885232249
-1.947670457
2.070546339
0.480173159
-0.186343854
0.789288731
-0.260765852
0.420994266
-0.807625717
0.588588767
1.317536644
-0.086906574
0.319317757
-0.11169465
1.052204117
-0.455423373
0.041000995
-0.02831141
0.615606987
0.303559119
1.43219244
0.064068252
-0.08824933
-0.673512993
0.111137312
0.779893175
0.289869109
0.034209856
0.490242689
0.347853072
-0.590253948
0.627164752
-1.109122446
-1.280603287
-0.501716386
1.331115211
0.46709825
-0.182826874
-2.611474429
-0.262462912
0.550892261
-1.368197235
1.898810653
-0.770364235
0.159334141
0.555226587
1.027845409
-0.202366587
1.859520923
0.401436854
-0.067778898
0.156018556
0.935696818
-0.147481211
0.599748146
0.913512107
-0.327253882
-0.73441491
0.54893105
0.13118101
-0.168974092
-0.144873063
-0.921091837
1.348750601
-0.52271563
-0.576240619
0.878473143
-0.200052319
-0.695815688
0.02759711
2.182360812
0.143948404
0.094661025
0.878407352
0.340212775
-0.186208187
0.738556506
-0.173668581
0.54375381
-0.963698015
0.700013106
-0.166791431
-0.431379524
0.922007566
-0.34661703
0.872589378
-0.536583116
0.275824964
-0.84851828
0.652401509
-0.459968334
-0.285475738
0.568803025
-0.616227587
-0.466103778
1.050729286
0.007581023
0.852662224
-1.06813924
-0.08061356
-0.11776159
0.36169689
0.527337035
-0.350139632
0.631962892
0.296511026
-0.207006425
-0.325250795
-2.100078545
-0.75656712
-1.318190229
0.882476743
0.272607732
-0.954793469
-0.478610571
-0.673154006
-0.23188734
1.907030021
-1.270165092
1.106701997
1.843557453
0.582013003
0.684625248
0.0442069
1.224868209
-0.356030614
0.23998356
-1.610832017
0.452824936
-0.191483868
1.332822273
-0.029566688
-0.677892154
0.428546715
0.230717105
0.223679454
1.545876574
-0.607363026
0.103802194
-0.049412677
-0.022777209
-0.077343569
-1.110810901
-2.912751155
-0.469382682
0.77238683
-0.917442166
0.505021383
-0.461553342
-1.692784563
-0.069531012
-0.019247792
1.596639183
0.895894971
-0.216265585
1.438461176
0.557203998
0.078900913
0.659184298
-0.024732155
-0.067065859
0.087799803
0.005387921
0.302469222
0.795476167
-0.014538713
-0.314578556
-0.441687835
0.434871439
-3.090827509
2.640516517
-0.031401941
0.252667033
-1.597560173
-0.10136955
-0.027683183
-0.899758259
-1.529236677
-0.514597041
1.451899212
0.782310399
0.064953638
0.386873159
0.225494248
-1.43732068
1.402318961
1.057043449
0.094382533
1.206825628
-0.361885615
0.759546513
0.014907243
0.584062855
0.71239886
-1.402673293
-0.281094736
0.141386478
-0.964742219
-1.17857943
0.461183516
-1.307082587
1.512499503
0.505886605
1.360950275
-0.76400616
0.414902742
-1.358386769
0.564247906
1.324198541
-0.34113084
-0.011481507
-0.671374653
-0.227823836
-0.700189021
0.293257884
1.382683704
-0.652635285
0.696080324
0.129950548
-0.062275986
-1.501050256
0.279953904
-0.108845147
-0.208434486
0.709098235
-0.002667211
0.469836191
1.13191791
0.100052381
0.040472881
-0.06860644
-0.021772107
0.078653908
-0.228280708
-0.115925819
0.875397134
0.810096514
0.312827874
0.238119928
-0.768386536
-0.166270992
-0.063777739
-0.674544704
0.405671503
0.098163386
1.059857081
-0.395915458
-0.62068948
0.047988406
-1.014252749
-0.609547611
-0.185221401
-0.007841282
0.919508548
-0.218357603
1.126528057
-0.607709756
-1.236600805
-1.470854778
0.56622543
-1.672858296
0.184908141
0.888499202
-1.032927628
1.527768806
-1.438645088
0.18222743
-0.881659278
1.629108823
0.102602519
0.820224251
-1.42978447
-0.128328433
0.577052511
-0.690075427
-1.72950224
-1.407774679
-0.088618642
0.036730085
-0.733025158
-1.256569178
-0.220929326
1.325567381
-0.80361022
1.045887183
0.045170091
-0.828899547
1.287781873
0.553031159
-0.266416324
1.302892885
-0.857457883
2.118419138
0.988099141
-0.116606411
-0.96380533
0.238556322
0.056325436
0.144977837
1.184942962
1.778438091
-0.080968302
-0.255602281
-0.698878426
-0.059062505
-0.217395316
-0.103039561
-0.124148046
-0.328906119
0.46651827
1.02267344
0.037528873
-0.502871378
-1.615089941
1.160877
-1.313702346
0.517926291
-1.038579867
1.195770521
-0.980838311
-2.834041788
0.843893595
0.149081166
-1.838718946
-0.958416375
-0.376236516
-1.708740702
0.207796898
0.069087344
-3.700299719
-0.640676729
2.981558221
-1.20644714
2.148183708
0.549079586
1.162017332
-0.478549438
-1.065840603
1.216548922
-0.473165941
0.425085693
2.498253101
-1.02063497
-1.592080788
1.850913836
0.320105297
-1.224739166
0.943796019
0.302377553
-1.88249379
0.291343551
0.084380186
0.787270676
1.128479544
0.066566503
-0.691697041
2.902893687
0.525823642
0.428985488
-0.02209269
0.562368965
0.165118373
-0.57576778
0.148205141
0.269004188
-1.773975109
2.643240416
-0.920720822
-2.678734655
-0.394346021
0.238711871
-2.968535516
-2.810746348
2.204310127
0.045629597
3.260549675
-0.416743142
0.413038029
1.163571344
-0.26486079
-0.003909912
-1.577273329
0.313708933
-0.242326571
-3.794764271
-0.524976989
0.605793761
3.495281111
-3.004291301
1.327558271
1.578042285
-1.440041148
2.147271731
1.391510056
0.561102971
0.723064395
0.741748717
1.585601564
1.766797663
0.913754434
-1.248783513
-0.424585682
0.362499245
-0.626474844
0.535605158
1.27927333
0.01961026
-0.212464818
-0.337237976
-1.514485925
1.031360912
-0.286006843
1.260177035
0.853473087
-0.435276742
0.129675339
0.772637709
0.620872636
0.050291661
0.808884818
0.758947494
-0.170017158
0.911973818
0.650840733
-0.239948049
-1.195813874
0.942713609
0.945696652
-0.036230633
-0.223024837
-1.218956981
2.260691245
-0.245410796
0.388160951
1.352916117
-0.95746661
-0.11909628
0.040301241
1.476427756
-0.747996136
0.849754296
-1.295935135
-0.407476536
0.231546178
1.296988786
-0.839301558
0.452537835
-0.009694316
1.408483842
-0.714607739
1.020964069
0.900522368
0.294509043
-1.182373876
0.481390737
-1.391966864
-2.111903463
1.170282289
0.016111103
0.1173713
-0.736947622
0.413978137
1.516162111
-1.516704492
-2.701559149
-0.061954228
-0.019922898
0.45879577
-2.42633472
0.302967233
-0.071087886
2.569009169
-0.709240423
-1.445717908
-0.57222753
1.344057307
-0.832438082
0.431050949
2.219920372
0.332538713
0.122232792
-0.279971417
-0.666999618
-1.012685402
1.721247357
-0.896989928
-2.233683888
0.099307659
-0.388429101
0.593873879
-0.788532603
-1.332351609
-1.215067184
-0.352625982
1.976056454
0.698605169
-1.41306319
-1.88430456
0.444953972
-0.755958533
0.610674856
0.13500926
3.958837462
0.808102725
-0.435017208
-0.021030646
0.269336016
-4.321409544
-1.313969854
2.060324588
-0.969132054
-0.642371508
-2.269480074
-2.152631495
0.986173158
2.72288227
3.111215168
1.711203988
0.445787442
0.441421071
1.4194988
-0.18516607
0.421566921
-1.073032075
-0.359867813
-0.045781813
-0.977545246
-2.463423586
1.140661274
0.580950763
0.210825376
0.450536514
0.939442345
-0.463497524
1.554658088
-0.245375737
-0.859480707
0.99584737
-1.933659736
-3.429993371
0.886867916
-0.73690484
0.176673783
-0.091992087
-1.912771265
-2.271422922
-3.238627777
-5.52296059
4.57827402
-1.500053978
3.392012473
0.157012512
-0.537295342
-2.525333924
0.297254895
2.182378215
-2.805692639
0.535719447
2.20684062
-1.52477635
-1.055962297
-0.407128028
0.266225522
-3.491729566
0.108081486
-2.008731475
3.040079407
-2.416422856
-0.335610307
2.290257436
2.832572023
1.057815171
0.763060036
-0.917080929
-0.946506634
1.449379068
1.000843624
-0.519942323
0.485903133
2.421733474
2.125043774
-0.347681323
-1.008510341
1.158550334
-0.245251036
0.12177119
0.454925245
0.217965418
-0.122221129
0.221994553
0.579295171
-1.46769358
0.855602225
-1.796415905
-0.821604639
0.027080768
2.526036473
-0.126389367
0.466518533
1.030558842
-0.295553796
-4.284121771
-0.397203244
0.860673918
-1.905022587
-0.635925345
-0.241086909
-2.082660752
-2.037192858
3.185930923
0.142523638
1.80181901
-1.412928734
-1.494213319
0.02084053
2.206288099
-3.382195097
-1.244822776
-3.449826615
-0.217251438
1.200351102
0.252492906
-1.627956209
-2.413419215
-0.600440063
1.504816405
-3.359774994
2.085360203
1.926419048
1.009479924
0.329960859
-2.146889011
2.160257769
-0.813847379
-2.33583491
-1.908332912
0.278943391
-0.915741802
-3.346878233
-1.782841019
1.882207548
-3.995288203
2.769179463
2.760210431
-0.465537522
2.654139822
-0.10865267
1.309985227
-1.618571684
-2.372675781
1.987284262
1.762240421
0.544853213
1.684554816
0.835772999
-0.688235437
0.450983676
-1.536581444
3.978788882
-0.824253777
-0.188295629
-0.64071226
0.246882635
-0.309076562
-1.86733369
0.585593339
1.277175617
-1.315024674
-1.753708509
0.284359603
-2.478086902
0.635629469
-1.327343617
1.377511467
0.399870701
0.5889786
3.227159042
0.69056607
-0.233162121
0.296828397
1.565340719
0.924211772
0.27145621
-1.106815567
0.097725872
0.272476842
-3.339791841
0.124942253
-1.964447109
-1.219000338
0.034507203
-0.139367749
1.404420083
-0.769966848
-0.741222254
0.698670711
-0.648962484
-0.664248204
1.440304565
-1.011603756
2.577879273
1.675848107
0.529908457
0.353912949
-0.882203145
-0.829792538
-0.18163211
-1.223967679
0.12509042
1.263981284
-0.71063343
-1.042766696
-4.659482913
-2.014078207
1.157171731
-0.40933149
1.033986763
4.412907278
1.959806563
-9.030908627
-2.893951676
2.224627546
2.609882463
1.12316335
0.61754055
-0.745740537
-1.758441317
-1.868116511
0.656073591
2.041697508
1.633348103
2.639085168
-0.169203878
-0.340853737
-0.634522462
1.195748095
0.031968791
0.105987783
0.01337988
0.170933527
0.668560648
-1.13902107
0.808034814
-0.807094619
-1.933777145
0.70842341
1.690271845
1.519004032
-0.374441726
0.987751072
-1.102497528
-0.715259643
-0.9287914
-0.284067693
1.100661207
0.475219992
-0.717024589
0.73599304
-0.414673829
1.049872104
-0.271662411
-0.206658751
2.022058888
-0.087483884
0.433936653
-0.282910483
-1.008729567
-1.349301798
-1.291885107
-0.353273376
0.278797408
-0.203696982
-0.136218247
0.562553392
2.284172985
-0.657005921
-1.89841407
-0.189428145
0.660058588
0.351489177
-0.144574207
1.00861968
-0.12626759
-0.175349808
-0.717683174
1.146030543
-0.517575189
-0.439913165
-1.122712414
1.105802588
1.244024995
0.273379054
0.687985217
0.505395453
-0.437100304
0.115980401
-0.212317688
-0.802061993
-1.076131717
-1.451821726
-0.244322773
-0.659599034
1.816203276
0.449187202
1.061058462
-0.33780587
-0.565294119
0.302327464
0.305883037
-0.788843488
0.488635172
-0.711375884
0.381148042
0.353927767
-0.420813424
0.258369653
0.235620863
-1.061286399
0.694174752
0.413244775
-1.222560218
END
