y[]
1.002090586
0.057029824
0.795074587
-7.051697405
1.622950891
-0.883370949
0.115331871
-0.014977181
2.434932752
-0.11092215
-1.065009599
-2.763410274
0.166520266
1.329005593
2.230692929
-1.079852284
-0.119613993
1.512265956
1.437886633
-0.836261296
0.164147142
-1.366880308
-0.043453254
-0.540304233
-0.787367796
1.002838374
1.900037223
-0.320469876
0.610783276
0.806852196
-0.282354426
-0.546233943
1.380955291
1.485274479
-0.277134435
-0.266324635
-1.127095769
0.292400828
1.978195149
-0.267737884
0.240556647
-0.080778674
-0.260209199
-0.013522453
0.720317158
-0.180872728
-2.002608451
0.372601662
0.49483756
-0.133590349
0.898993231
0.908637597
-0.080332703
-0.925170916
-0.006247255
-0.017415876
-2.132732983
-1.898408465
-0.217684087
0.732421165
-0.815449193
0.273789339
-1.130892196
0.897095449
2.620818838
0.208597668
1.177641109
0.227126798
0.403426149
0.033898995
-4.497160996
-0.035758073
-0.259260506
-0.542353208
-0.739889465
0.069709568
1.396869694
0.86346768
0.496014277
-0.092722769
-0.495574258
-0.532059054
0.044523576
0.505580459
-1.067689436
-0.632924612
-0.550939941
-0.409198949
0.376644607
-1.730611689
0.169500528
1.10415857
0.705349266
-1.335045636
-1.637990318
0.440751918
0.134555452
-0.912765853
1.019329092
0.055113594
0.298807943
-0.519787977
3.347230363
1.669739048
-0.554718992
0.377783595
0.181467553
-0.749921562
2.323004967
-0.530782357
0.348080492
0.019191352
1.00835682
0.011225199
-1.763396792
0.293304963
-0.688350421
0.966529592
1.414556195
-0.348640594
-0.42260354
-1.782499743
1.15721877
-0.533059039
0.882203131
-0.674324259
1.428477126
-1.427119558
-0.131717329
-0.693145476
0.152635761
-1.046426755
0.50386124
0.30496734
0.616680067
-0.611125821
-0.80044561
0.524824687
-1.288203785
-1.235561824
0.403362218
0.149050252
-1.063000826
1.288583801
2.186956745
0.026370907
-0.098570386
0.294141733
-0.428845077
-0.330703587
-0.475876077
-1.344577354
-1.780848586
0.280574861
-0.119604792
-1.524558555
0.676817939
0.037106475
0.05620563
-0.346562821
-1.304047262
-0.000663361
1.515765164
-0.79301453
0.149277027
0.971859428
0.025147847
-0.421302682
-1.262997493
2.301586517
0.375354303
0.061916494
-0.039688327
0.316958233
-0.182207472
0.316162047
0.65707688
-0.482570137
0.891996236
-0.721894693
0.294493023
0.11583589
-0.406864862
0.171790454
-0.370204241
-0.27430378
0.261745556
1.252560275
-0.293220877
-0.23856053
-0.323899932
0.413703583
0.151321268
2.020345524
0.01765764
-0.154928897
-1.47486396
0.408109776
0.058231458
0.286312403
1.02530625
-0.909821205
2.06790639
0.231902231
-0.531140192
-0.008031584
-0.398214511
-1.51127969
0.4063415
0.11439503
-0.011197998
-0.043453254
0.006707603
-1.083952983
-0.908537538
0.400927542
-0.707110541
0.088174496
-2.174214186
-0.118134758
0.187862375
-1.742227184
0.251766286
0.660786377
-0.137316483
0.327726152
0.624201463
-0.703616017
0.482796466
0.797989546
0.981145019
-0.486531294
-0.293312658
1.097867637
0.919416363
0.150892521
-0.598692998
0.11550166
-0.22772212
-0.119422725
-0.406022088
-0.4182782
0.686706
0.900355963
-0.561087318
-0.075893012
-0.227489391
0.3170764
-0.418434055
0.046814129
0.790366657
-0.64655424
-0.915021979
1.441952818
0.163903104
0.191976324
0.066935073
-0.257222034
0.536219045
0.367037061
0.203436682
0.051622543
-0.251322763
1.002027455
0.089081991
-0.141092134
-0.789348184
1.349260253
0.181613058
0.834601705
0.684122488
0.353953226
0.793742683
-0.171280573
-0.127638265
0.00033348
-0.357104877
1.161925356
-0.371063028
-0.91447019
-1.417440686
0.134465228
-0.293307407
0.785829564
0.150081485
0.615815822
-0.306637592
-1.771249944
0.347649212
-1.742441965
0.196568424
0.317224814
-0.651125694
0.940863783
0.379854036
1.195493312
-0.362813113
0.027978676
-0.094470756
-0.401316659
0.786201947
-0.104419957
0.473605037
0.885908397
-2.323456754
-0.994350012
0.441700042
-0.332201532
-0.564613077
0.505248304
0.306962453
0.216851033
0.014673512
0.756702895
0.470710844
-0.408509254
0.270972504
-0.36464806
0.587824042
-0.060287017
0.419947528
0.12391641
-0.913475393
1.616110789
0.075939215
1.371645251
0.325125219
-0.356490978
1.067302912
-0.341038147
-0.67389925
0.015206962
0.816227986
-0.024064991
-0.211537847
-0.367476613
-0.030469221
-0.17009591
-0.095454947
-0.568212868
-0.308509446
0.156218169
0.331912018
2.176384965
0.693060552
-0.322183003
0.651919662
0.110765044
0.97969018
0.186645725
-1.186681041
0.213820434
-0.034054059
0.711898039
-0.836416969
0.416231735
0.407920148
1.053096076
-1.121369664
0.640471314
0.788880669
-0.104647074
-0.06181699
-0.18129715
-0.760209694
-0.068159772
-1.20822552
0.352543402
0.124449585
-0.24248152
-0.283426251
0.529042382
1.703421325
-0.471194201
0.518344748
-0.847432823
-1.942844221
-0.576648379
0.348882573
0.397263212
0.239943749
0.996068541
0.619147092
0.478006183
0.269336143
-0.001009335
0.527721625
0.137195318
-0.37186946
1.269752908
-0.70689509
0.670606632
-0.709549173
0.019460985
1.197758354
1.115315705
0.00332197
1.098617224
-0.71898082
0.128034821
0.072641845
-0.281590327
1.54023867
-0.06062596
-0.735697461
0.333422002
-1.056466448
-0.531966011
0.436357204
0.231765428
-0.394120021
0.41419642
-1.604570121
0.109067524
0.980046307
1.915753647
-0.328337508
0.403454603
-0.684545024
0.187812966
0.184439736
0.603192105
-0.374765903
-0.989601109
-0.298613015
0.074176399
-0.359356557
0.255245336
-0.976968442
-0.711454639
0.508695426
0.439356912
-0.095386961
-0.066536859
-0.265938858
0.346291303
-0.859328918
-0.014414099
0.179925284
0.965637027
0.114192927
0.44796256
1.045022607
0.583264464
-0.035049113
0.462310451
0.240437114
-0.229836685
-0.641124422
-0.492645449
-6.355783139
2.676599733
-0.537599659
0.132264588
1.515606583
-0.03481162
-0.716880857
-0.371681803
-0.393209361
-1.386743751
-0.896367097
-0.040466072
1.522981826
0.203048134
-0.843834442
-0.297858358
-1.538493305
0.615808088
0.949183297
-0.511792679
0.705436226
0.089157686
-0.50394291
0.708180722
-0.031714353
0.258515061
-0.707218329
0.027242245
0.637402788
0.55723584
0.432194858
0.002832149
-0.673010729
0.649710389
1.288717414
0.178756111
-0.565578015
-0.338527175
-0.319257727
0.272513575
-0.080743753
0.861895848
0.246119111
-0.560736984
-0.268816862
-1.902755577
-0.401979037
0.067448554
0.520814266
0.719339799
-0.219191884
0.531574929
0.488375921
0.732036301
1.720747948
-0.302341834
-0.908483045
-1.023867362
0.406977954
-1.229123867
-0.706362149
0.307202717
-2.541914591
-0.909129565
1.063160769
-1.031445079
0.190418877
0.240006352
-2.663347998
0.328147959
-0.451381361
-1.317207569
-0.129358337
-0.22777773
-0.728451125
1.82758744
-0.131609887
0.60228846
0.237185153
-0.705577777
1.189584474
-0.280440664
0.154573759
-1.110212834
0.240922081
0.255182324
0.820251288
-0.693539858
-1.475274135
-0.141057812
-0.646482745
-0.520492855
1.341336178
0.439147335
0.448884806
0.212320773
0.794529445
-0.581351695
1.204200344
-0.333869826
0.937026824
-0.733516759
0.175293506
-0.83495929
0.215139191
0.312137839
1.086002836
0.429235241
-0.615631718
-0.580659932
-1.24270013
0.411288578
0.078056429
1.096251033
0.102852551
-0.397879139
-0.293187342
-0.408887462
1.404531363
-0.788281361
-0.149048581
-0.234409379
0.335154003
0.161396402
-0.087311789
0.66181676
0.072641845
-0.060858319
-1.198993405
-0.818344069
-0.925799122
-1.265380913
-0.252099412
0.460786719
0.224240412
-1.194479665
0.468739852
0.393923818
0.62548898
0.281894685
0.793398893
0.586957117
0.39022486
0.204761865
0.236159561
2.307835809
0.73476079
-0.176029046
-0.122517752
0.089227331
0.004498122
0.899522113
0.076584449
0.196199092
-0.288682577
-1.117817239
1.653945597
0.014755506
0.059034257
0.489408196
1.117310439
-0.250520788
-0.502727978
-0.540631088
-1.273625056
0.767283346
1.226002429
-0.412736587
-0.593056185
-0.040694956
-1.718980837
0.401083995
0.132140808
0.33732878
-1.451496643
-0.925137277
-0.114438677
0.827597769
0.655229367
0.065534112
0.380210907
0.128839408
-1.295149027
0.723955631
0.262972592
-0.889814946
1.277421157
1.115267494
0.466952767
0.402046078
-0.431798956
-0.945415814
0.258108503
-1.0641992
-1.801013183
0.091551969
0.321261265
-0.374447104
-0.739868835
0.551757471
0.125158846
-0.22050306
-1.186316612
-1.944888039
-3.114545744
0.07607998
1.002344636
0.425372438
-1.35221355
0.941194085
0.118739251
0.153760141
-2.324757587
-1.424841427
0.163763508
-2.088522005
-1.706998524
-3.08725399
1.395377829
3.094490221
-0.074569966
0.839549713
-1.748273221
1.157305654
0.120721802
0.358109953
-1.262363891
0.869796056
-0.592262905
-0.227061063
0.422690093
-1.256841706
-0.616252407
0.25279721
0.217406773
-0.673178245
-1.673853291
-0.094835399
-2.228928027
1.154248577
-1.086967568
-1.393240922
1.630332022
2.819917022
0.042237144
-1.259534722
0.369951815
-0.424748513
0.590172651
-2.753051842
-1.59924636
-1.698277943
1.491450035
1.017463088
-1.475013973
-0.096994613
2.265989337
2.137093493
0.683544057
-0.80886872
0.033358387
-0.823839354
-1.819463363
-0.976540364
0.676090726
-0.063187491
0.945062227
1.517493346
0.831333626
-0.99202428
-1.860119945
0.478035172
1.929735492
1.769559039
-0.611609198
0.81225149
-1.103990033
-0.011912584
0.654158547
-1.313461039
0.184633456
-0.338160736
0.403026791
0.457641682
-0.09061747
-0.525822189
1.772952652
0.538305096
0.648378227
1.044526423
-0.301425741
-0.445392526
0.303773878
-0.791175577
1.098754914
-0.30121453
-0.811559014
-0.288541914
1.18508938
0.001991351
-0.067689079
0.44909311
-0.60266457
0.244102601
-0.820225962
0.087440357
0.411824188
-1.191680018
-1.443935113
-0.32654252
-1.790715976
-0.214791939
-1.132243871
0.92777225
0.178857556
-0.916466189
0.352580925
0.731277374
3.620752657
1.247085688
-0.3962444
-0.877587643
0.533597801
1.33102757
0.34113632
-0.055358625
-0.100012709
1.454914786
0.838507084
-0.299648632
1.486829613
0.79131831
1.876726656
-0.477274169
0.747201966
2.492635598
-0.882600248
0.915000158
-1.352726243
1.276661108
0.045927751
-1.200668685
-0.090025414
0.142688161
0.395896347
-1.262532811
1.306233125
-0.225808744
0.878535533
-0.351648691
1.937715792
-0.18955377
-0.112597229
-0.299158046
-0.575609713
-0.832160296
1.17601068
-0.329524803
-0.019360842
-0.440399206
-1.537995528
0.318697959
-0.408334802
0.201764972
0.593994757
1.690872773
-0.296225824
-0.078094926
-1.093672695
2.140973543
-0.191124289
0.175335833
-1.211478439
0.831865735
-1.399461904
-0.153269393
1.149989347
0.687388885
0.16400963
1.62929891
0.683995293
-0.554430214
-1.146143221
-0.892964969
0.168946815
0.218148939
-0.964710135
-0.104120565
-1.467717392
0.405143493
1.266733948
0.017003367
0.030102944
-0.232708127
-0.772260288
0.271433416
1.201046619
-2.022466207
0.227648573
-1.417112568
-0.867567401
0.933927753
0.010271799
-0.073000838
0.777815083
0.180086768
-0.370954315
0.629018963
1.128494912
0.178849347
1.040021327
0.695487551
-0.498528416
-0.125950811
-0.729245584
-0.42330359
-1.144298384
-0.270362586
0.609502126
-1.204874282
0.216400263
1.183008039
-0.610072634
-0.449403041
-0.972236079
0.044491482
0.575263475
-1.862680384
-0.121665748
0.20983477
0.709911088
-0.912601385
1.761478761
-0.162600196
-1.146291833
0.157239881
0.983128208
-0.528837678
-0.141875823
0.283369057
0.822878726
0.517760576
-0.265988388
-0.137856449
1.049768009
-0.342312351
-0.392820312
-0.951236457
-0.249241251
0.567390136
-0.051327882
0.537639638
0.876226932
0.245764766
-0.221534678
-0.027955901
-0.592505453
1.390151396
-0.058813862
-0.361448852
-0.610146851
0.188761423
0.368050344
0.028385574
-0.189753349
-1.011315173
-2.434482755
0.739721016
2.855376555
0.14582218
0.679662819
-0.124671246
-0.244240704
0.863230668
-0.086325995
-0.306114854
-0.876389087
-0.600912124
-0.25651336
-0.053735172
-0.179757618
-1.080806593
0.094271189
0.539125462
-1.016311909
0.525846025
-0.116059574
0.329392188
0.11664904
0.049396341
-0.560357106
0.419295395
-0.257756646
-0.144314429
-0.196224814
0.463162556
0.301443751
-0.285266963
-1.02440115
-0.884496971
-0.503526362
0.264376285
-1.065291391
0.946849979
0.192773628
1.263990341
1.12443802
0.413285271
-0.267730797
0.104423418
-0.67730781
-0.606545843
-0.015090465
-0.786007206
-0.269640509
1.331736953
0.458474048
0.333881342
-0.1733164
-0.331804621
-0.309576234
-0.446541906
0.280174196
0.913565111
-0.254481919
0.015065087
0.87317005
0.12528418
-0.1089008
-3.770624402
0.638964171
-1.565721809
-0.278301039
0.359926986
-1.080220788
-0.256371572
0.652154236
-0.417206996
-0.397281794
1.590162162
-0.158885086
-0.277342695
-0.751082199
0.408633057
-0.265275459
-0.138675436
-0.096386553
0.970707826
0.718936027
-0.046056872
-0.49183801
0.1497083
-0.294111871
1.131262685
2.452019235
0.587078263
1.326927473
0.355905104
2.069581531
0.425163485
-0.002699613
0.453795197
-0.373085708
-0.17752649
0.124113991
-0.160723853
-0.646300975
-0.226711889
1.418037101
0.035002071
-0.653719531
0.111848967
-0.642099732
-0.940918867
1.278228989
-0.80448251
0.081786394
-0.161463792
-0.050682364
-1.16305663
0.267997437
-0.735800247
0.139851414
1.005891305
-0.045872034
-0.048283498
-0.705348723
0.606354587
-0.045865009
0.767728351
-0.871556243
-0.336369202
-1.28758559
0.172329524
1.328560088
-0.642003752
0.160503602
-0.485883234
1.143287216
-0.402836913
-0.324128284
-0.104048297
0.053479746
-0.899723301
-0.734762393
-0.55396869
0.146749732
0.370295394
-0.748831789
-0.078106189
0.438185007
0.091981063
0.738435356
-0.14849229
0.115285168
0.3219107
-0.381974543
-0.295043901
-0.376627499
0.039942471
-1.118198631
-0.16744583
0.127616715
0.090225594
-0.970481614
0.21837297
0.957622599
-1.917457715
-0.941813492
1.500963309
0.863462604
0.398315548
1.498485487
0.895403591
-0.101120979
-1.461989298
-0.023947379
-0.153202919
0.392385322
-0.672252337
-0.182902308
0.117996217
0.665330075
0.665166226
-0.628366452
1.012692024
-0.060246777
-0.055445864
-0.269241922
0.004625122
0.541302184
-0.570534903
-0.005025174
-0.841441286
-0.784444937
0.617626325
0.815230965
-0.279093449
-0.717379144
0.300110755
-0.675849392
0.141109072
1.059205246
-0.377548195
0.424927357
-0.958237692
0.219802343
-0.364764393
0.009768073
-0.072485715
-0.844989465
-0.731077063
0.39755886
0.129974569
0.085806928
-0.524758335
-1.538705981
-0.367155386
0.630156289
-0.110366659
0.115076205
-0.092968777
-0.221901058
0.038378953
1.308132433
-0.239269389
1.111218386
-0.312662416
0.457996916
-1.18076612
0.22990311
0.914701813
0.050649184
0.016824751
0.631583371
-0.182408929
0.061982151
-0.504353295
-0.494397508
-0.041033948
-0.729778564
0.236007452
-0.159998771
-0.058030847
1.399164584
1.078326179
0.3560041
0.024927303
0.163777484
-0.21533181
-0.556119437
-0.423150904
-0.45085158
0.08538083
-0.167515441
-0.311177038
-0.055419119
0.477056245
0.154009727
0.099052473
-0.793875226
-0.026713939
-0.86207816
-1.043983655
0.173001056
0.417092696
-0.038619389
0.272830074
-0.238899406
0.448056707
0.414554611
-0.043453254
-0.259012459
-0.678433508
0.418748587
0.815091799
-0.131603772
1.303552296
-1.345185197
-0.007720066
-0.041076639
0.668411758
-0.23041486
-1.234964782
0.028436081
0.202984644
-1.032869592
0.502894904
-0.000259424
0.196182621
-0.405519855
-1.451383988
-0.752466534
-0.139191586
-0.765636501
0.818621051
-1.299623071
1.136661161
0.412013416
-0.026350636
0.012717548
0.475220052
0.742799884
0.076961949
0.002267013
-0.228872716
-0.236454037
0.932210639
0.035429438
0.347669567
0.130146954
-0.562784544
0.923956697
-0.715127241
-0.714884042
0.251001691
-0.225291043
0.198126691
-0.036286832
0.808105606
0.115109501
-0.147558789
-0.458583555
-0.379188799
0.806791032
0.136113226
0.671627317
-0.402705321
0.535878039
0.330040027
0.182299328
0.232806509
-0.175685534
-0.250265227
-0.038803568
0.455403656
0.705942096
0.341733975
-0.350566629
-0.275555069
-0.253042324
-0.248864313
-0.105848883
-0.286487781
0.858566607
1.291102729
-0.17497258
-0.131991187
-0.334580669
0.124955983
-0.184534379
-0.310228689
0.148151728
-0.754699093
-0.119217186
-0.282612867
-0.002021261
-0.919501156
-0.434256748
0.398413512
-0.022572038
0.417156072
0.626308389
0.233721558
-0.114391827
-0.43566702
-0.4487526
0.444542337
0.098812722
0.84684734
-0.057089782
-0.462565775
0.082011595
-0.016102096
0.805295754
-0.036674355
1.001799084
0.482884099
-0.183689675
-0.284312221
-0.607734968
0.15844551
0.27649533
-0.733857016
-2.472737102
-0.184138003
-0.367076751
0.49227218
0.191172716
-0.1445985
1.342937588
0.289423949
0.191386081
-0.35292051
1.28029184
0.259729464
-0.471741659
-0.318793072
1.865977602
-0.111651165
0.380381676
-0.617046615
-0.904509772
0.311606932
-0.056744791
-0.723697079
0.75193351
-0.422586588
-0.332641719
-0.070188916
-0.197329267
0.581722143
-0.73337342
0.622063651
0.222406843
-0.109848722
-0.347238535
-2.041966084
0.160239098
-0.299269791
0.311796523
-0.244684427
1.423642418
0.14594419
-0.168190873
-0.101422622
0.076904262
-0.373665739
-0.572267117
-0.374262909
-0.98787455
-0.597937219
-0.845228795
0.982314653
-0.041175021
0.154976752
0.252307751
0.470905557
0.31525646
0.062334935
-0.327302822
-0.258007124
0.067265201
0.308230468
0.055517246
-1.303602958
0.031647057
0.140651672
-0.054805262
1.589668196
0.6290328
-1.103222449
0.439856559
0.146100462
0.97396588
-0.270863628
-0.535366939
0.761839708
-0.039042228
-0.343565138
-0.581927112
-0.571440222
-0.711320152
0.19686579
-0.133222549
0.377770923
0.057104539
-0.365608845
0.216142735
0.204326597
-1.132885021
0.527400756
-0.108466539
-0.659792936
0.727500096
0.175734729
0.901575725
-0.300506598
-0.078961343
-0.379179214
-0.754180393
-1.037522561
0.27319461
1.260036544
-0.161664586
0.150513077
-0.241880419
0.399668715
-0.23471007
-0.818902349
0.019342281
0.243111745
-0.072521215
-0.642314062
0.537518974
0.400647499
-0.232905577
-0.277974878
0.636265447
-0.51319042
0.406293464
-0.239136093
-0.206066761
-0.134903625
0.079201059
0.410185063
-0.325619917
0.181009064
-0.377001856
0.219036941
0.45293343
0.122199287
0.59669411
0.042025507
-0.102623091
-0.247535657
0.948899808
0.034819606
0.154122499
-0.151962562
0.251413834
0.315288517
-0.131939194
-0.443693073
-0.034780749
-0.656593488
-0.45211998
0.142513218
0.874723166
0.0301567
-0.512021949
0.325513415
-0.514668528
-0.174136524
-0.870699864
-0.506003858
0.671503301
0.293544679
-0.067483974
0.863633011
-0.101934839
-0.351602889
-0.300241354
0.467302145
-0.030447466
-0.073800773
-0.143247609
-0.38261286
0.202336386
0.080301253
0.008605316
0.036752906
1.107024175
0.526862826
-0.267343317
-0.522777346
-0.073483717
-0.195911762
-0.493578619
0.157097343
-0.021918305
0.023290999
0.625838563
-0.022080814
0.227649131
-0.184248122
-1.207233604
-1.244975378
0.410174769
0.095707003
-0.017382469
0.690279608
-0.276621022
0.549201716
-0.396471459
0.599218956
-0.457815293
-0.299800778
-0.263701016
-0.796389005
0.369517684
0.244612881
0.107832248
-0.29427591
-0.067267521
-0.021799435
0.220324196
0.340174372
0.287255716
0.027275539
-0.144198344
-0.496991705
-0.09732618
0.337347953
-0.611957729
-0.307266145
0.280808258
0.610511344
-0.157158895
-0.161590625
0.389739723
-0.030615338
0.630381596
0.04151786
-0.119928532
-0.456556628
-0.511858849
-0.260219263
0.267598443
0.097802067
-0.135462848
0.549918753
1.092861457
-0.283601675
-0.035015418
-0.402621217
0.471653331
-0.38304418
0.157066472
-0.032913377
0.099818092
-0.098209493
-0.624426482
-0.266170308
0.439536911
0.766859204
0.301830688
0.562597275
-0.457504601
0.451546824
-0.311448763
-2.33703381
0.370751696
-0.194071541
0.321023648
-0.859003293
0.222756404
-0.032815766
0.442355816
0.013675097
-0.563003793
-0.608467391
0.759402366
-0.206906882
-1.418947836
0.345655826
0.185864573
-0.623118019
0.036180003
-0.431457445
0.329488165
0.422390773
-0.264295975
0.209509129
-0.722325851
0.502586758
0.160012754
-0.124789943
0.471269312
0.271329418
-0.009480685
-0.579850662
0.012018402
-0.098924909
-0.941743751
-0.858658709
-0.169457965
-1.691743444
-1.586867299
0.00591196
-1.592043806
2.068863822
-0.097009049
0.586190071
-0.885347568
0.574181183
-0.556020786
-0.336573403
-0.016567836
-0.088270858
-0.880693035
-0.02537009
-0.174604884
1.476750266
-0.288891813
1.085018197
-0.229173976
-0.658345586
0.358764593
0.423394588
-0.041243663
-0.333035772
-0.118748573
-0.835271882
-1.279229628
0.787324532
-1.062058117
0.467146117
0.044398849
0.035314066
1.048452317
0.913302658
0.569622919
-0.385783621
-0.42225848
0.311165675
0.292385949
0.114199944
0.015600107
-0.225103504
0.203777571
-0.03908541
0.496984986
-0.315485279
-0.189570674
-0.294743828
0.13142263
0.133306528
0.05025062
0.666282868
-0.424829269
0.242715136
-0.799662116
-0.693396112
-0.956543775
0.3435313
-0.81002715
-1.574139226
0.969915581
-0.321048855
0.305657088
-0.796908107
0.39003154
-0.005364812
-0.097232527
0.459616521
0.217142488
-0.375444072
-0.068003426
0.130521671
0.994087462
0.12182329
0.189672057
-0.342660592
-0.542643437
0.179941628
0.066956159
0.207828623
-0.239576104
-0.217854854
0.32486754
0.83765272
0.554849344
-0.141115294
0.149606315
-0.706611194
-0.329638555
0.131418152
-0.036902113
0.474936746
-0.352420842
0.621173544
-0.197269156
0.772754187
-0.009050666
-0.474330527
0.066592611
-0.337186942
0.429126839
0.924908954
-0.246206898
1.171154015
0.123146604
0.267911943
-0.165361925
-0.532560335
-0.505245083
0.141092595
-0.227999103
0.411998581
-1.097306962
-0.465119785
0.235007064
0.232091986
1.23039746
-0.808783839
-0.115636179
-1.646985985
-0.454343313
-0.084635833
-0.390919453
0.206412486
0.223102542
0.558563485
-0.60435692
0.058174088
-0.25330806
-1.604056797
-0.279109179
-0.299558846
0.560436582
0.818565109
1.416300372
-0.112179068
0.453731401
0.236194908
-0.073305289
-0.321044559
0.515218262
-0.775477263
-0.464170159
-0.920620005
0.108333932
0.192438433
0.652320229
1.642370933
-0.343623227
-0.878942434
-0.452041193
0.256196802
-1.253974487
0.12729472
0.512148786
-0.097156064
-0.265013303
-0.479397702
0.751476112
-0.260410172
0.083339006
-0.484695911
-0.497489747
-0.732761579
-1.851094399
-0.079008687
0.479705483
0.369144821
0.17869039
-0.36913868
-1.100395527
0.927487183
-0.039037071
-0.089793734
-0.459220933
-1.332671015
0.294951837
0.516549553
0.10772016
1.021610515
0.037836641
0.71354427
-0.237622465
-0.220500106
0.504154015
-0.028222369
-0.010828485
0.529033192
-0.392194799
0.023795754
-0.456305084
-0.078298091
0.304442564
-0.12379526
0.030377286
-0.010899292
0.140827948
-0.04778297
-0.047783157
0.890132493
0.685689652
0.099182838
-0.11581152
-0.632778511
-0.509257059
0.18006027
-0.034871337
0.295134238
0.144630283
0.397579931
-0.443923477
0.363394027
-0.047708903
0.463341794
1.188376201
0.475415783
-0.112067425
0.035549661
-0.251487612
0.220673975
-0.003997116
0.14322882
0.368095581
0.096786002
-0.715505741
0.112037142
0.442191483
0.33515519
0.202691773
-0.928302857
0.693785866
-0.401099977
-0.150581347
0.016308325
-0.000202752
-0.768852456
0.167892988
-0.039316029
1.274506656
0.054540058
0.534412108
-0.248579392
0.671638363
-0.021254915
0.081594863
-0.259352688
0.077669556
0.01301979
0.963654912
0.400697565
0.095556201
-0.198365602
-0.222496014
-0.344573203
0.183967648
0.629772936
0.021844282
0.057368186
0.023712378
0.072982426
-0.335789762
0.28043643
0.361899122
-0.654077187
-0.193727133
-0.132533028
0.029798052
0.587845772
0.818136399
-0.197608741
0.06584006
0.130003496
0.182177322
-0.130921696
0.073146379
1.042190185
-0.031926482
-0.124167999
0.692131041
-0.119828695
0.109227708
-0.041544278
0.181324542
0.372387626
0.041781948
-0.255722346
-1.474708724
-0.118544951
0.811912686
0.895503458
-0.03967762
-0.047228888
-0.982409966
-0.056823191
1.814725553
-0.02658816
-0.227314469
0.535134094
-0.052786774
-0.49634601
-0.18987161
-0.875301054
0.511883921
0.925686896
0.034863801
0.077640292
0.459825021
0.950049054
-0.087480224
-0.227114787
1.251487828
-0.29054816
-1.063724092
-0.35636987
0.379665788
-0.201451637
0.118220277
0.38518657
-0.012387691
1.178805776
0.385238103
0.103823435
-0.476913996
1.051861103
-0.023846162
-0.241507541
0.4607222
-0.80336148
-1.391909291
0.420097009
-0.028998793
0.498770097
0.756381215
0.047399959
0.597281993
-0.449424307
-0.198120438
-0.474938807
-0.19366733
-0.052399252
-0.009454202
0.151373652
0.020805863
-0.164869745
-0.448052956
-0.464110199
0.787157451
-0.252694597
0.206866763
-0.209670402
-0.013040734
-0.240359664
0.208872783
-0.469725983
0.013967704
0.428997248
-0.231093578
0.126335806
0.120694628
0.127551777
0.304772579
0.897402568
0.132087022
-0.02240999
0.374758693
0.171092575
0.408562786
0.34779611
0.789319669
-0.088015023
-0.142920899
0.201624628
0.395501127
-0.688030049
-0.261533071
-0.029699021
-0.112232165
-0.10711105
0.784381746
-0.292970087
-0.504809518
0.063080097
-0.192971846
0.155848251
-0.067487688
-0.753273965
-0.190521771
0.291903234
0.582745119
0.196359131
-0.295262071
0.597678667
0.068957206
0.501501694
-0.585000252
-0.452832592
0.209189426
-0.739772981
-1.035533491
0.47193867
0.567062932
-0.343947148
0.423207008
0.893569169
0.100585273
-0.401372425
-0.407779734
0.871642708
0.218154862
-0.134523769
-0.11433527
-0.552939048
0.745909645
0.523996411
0.412528349
-0.581507395
0.522924071
-0.350462435
0.218560633
0.181311223
0.80605216
0.152578894
-0.417732548
0.222144301
1.054326707
0.606237189
0.360470199
-0.692140784
0.168924249
0.286383747
-0.162970505
0.425720247
-0.813678367
-0.137505771
-1.601761173
0.796762897
-1.027144342
0.704638991
0.195416988
0.339825666
-0.006012599
-0.110198707
0.250843616
END
