y[]
-0.567381311
-0.796546751
0.437038288
-0.678455555
1.479442973
-0.469247135
-0.162150505
-0.4702359
0.354421015
0.629357494
0.133853063
0.663852117
-0.233623372
0.924490697
-0.545539582
-0.517623121
1.239770565
-1.085168455
-1.107524429
0.171416452
1.888285328
0.078432587
1.781444909
-0.164338767
-0.046844268
-0.257493356
0.318077439
-0.74732742
0.892872178
-0.112680909
-0.14468027
-0.129048375
0.320085474
0.664213784
-0.301109542
-0.21062565
0.346120304
-0.060405926
-0.344359436
0.194808902
-0.969900436
0.998400278
-0.353710851
-0.630073286
-1.887064837
0.42927331
1.158860256
0.458709376
0.075388129
1.052208252
-0.190028631
-0.093165869
0.403680691
-0.088871897
-1.190048717
-0.004748496
-0.802835721
0.144027498
0.799352421
-0.577104307
-1.0510392
-1.173305083
0.445146761
1.814478324
-0.637996622
-2.345828977
0.334370869
0.684022762
1.320943498
-1.046641133
0.242136899
1.747138718
-0.39020955
-0.026794908
0.465390922
-1.877626048
0.758305582
0.15058883
0.506335109
0.478719668
-0.697032133
1.275280265
-0.949416199
0.132554593
-1.966240145
-0.455969425
0.237124637
0.553920382
-2.00654581
-0.525694255
-0.610990127
-1.258760696
-1.348272815
0.683395926
1.831529043
-2.579640021
1.561785103
0.013745504
0.075926506
0.633681969
-1.770252369
0.430232352
-1.160693628
1.161885918
-0.24749216
-0.063787669
0.744746979
0.1698863
-0.320008883
0.200961881
0.20997149
1.705304362
0.628095273
-1.013685443
-0.964638855
-1.16383625
-0.081635236
1.389095867
-0.574141552
1.39768789
1.22568988
0.817454914
-0.071246758
0.129532107
-0.542304679
-0.639250369
0.63684909
-0.006675614
-1.011551028
1.012847748
-0.079235595
-0.604447335
0.987962757
0.484685311
-1.112292411
-2.122052012
-0.641844713
-0.030463103
1.338048737
0.951240216
1.159510662
-1.044030999
1.352679683
-0.902174169
2.169309601
0.356729913
0.543511895
0.066173933
0.081662594
-0.089136514
-0.274724335
0.548641275
-0.556580509
0.011284129
0.292582508
-0.494355145
0.55363271
-1.446572677
0.027641601
-0.013913963
-0.572632832
-0.434049659
-0.153360207
0.804407083
-1.525698229
-0.263696306
2.075850067
0.287845491
-0.041528737
-0.031349716
-0.18861185
0.638389677
1.615882147
-0.387017443
-0.445145544
0.331763378
-0.590253022
-0.048422465
-0.249641689
0.342882771
-1.589825075
0.182318881
-0.662269876
1.341866621
-0.203081596
0.267300394
0.019895361
0.72531052
-0.513882561
-0.55442381
-0.592842235
0.900066169
-0.640772775
0.198002216
1.098279171
0.671403345
0.089907838
-0.367755798
-0.238719772
-1.469316929
0.104506865
-0.009262732
0.014677741
-0.214055215
0.927269455
-1.169300507
1.346735371
0.099124998
-0.517689923
0.768078361
-1.611511602
-0.283285339
-0.124257798
-0.05569277
0.314644209
-1.130341072
-0.79042544
-1.292985298
2.314800794
0.167876408
0.054433093
0.661819307
0.470317619
-0.572598702
0.210313956
0.047621902
1.134332528
-0.073213009
0.061396612
-0.051391775
0.377885959
0.144478405
0.205791571
0.108255395
0.042473525
0.337873387
-0.287419328
-0.146388118
-0.176328619
0.386996429
0.417942503
-0.068444486
-0.322360855
0.224690441
-0.011898592
-0.500965492
-0.480117639
2.159052783
0.316860328
0.686416323
-0.429565822
-0.194633772
0.727020347
0.032970669
0.314481198
-0.238290643
0.140685145
-0.232057961
0.449951064
0.345009069
0.416879731
-0.043201634
0.284547655
1.065650867
0.297496592
0.144447003
0.694992248
-0.267896393
-0.747727362
1.100789138
-1.608347649
0.559449886
0.186116315
-1.082612771
0.554595495
0.195479471
0.958235767
0.312607553
-0.514448253
0.000308967
-0.173168175
0.945040434
0.241283272
-1.650755687
0.685529146
0.296068028
-1.359273683
0.866348812
0.536743273
0.265377018
-0.532139015
1.337223157
-0.080945651
0.165151587
0.673559049
0.294851598
0.093506759
-0.462186435
0.72254823
-0.624712647
-0.504045525
-0.271293609
-0.147827088
-0.702617085
0.051963481
-0.239109303
0.314626177
-0.198633882
0.363919649
-1.104162963
-1.207247042
-1.512127616
0.419719783
0.562252331
1.153919992
0.435494807
-0.50998819
-0.654865749
-0.630921687
-0.976085865
-0.022562348
0.671150319
-0.108923125
1.96459421
0.385529467
0.15432758
-0.265215477
0.47660116
-0.44687083
0.314777059
0.131996844
0.921991875
0.384540842
0.126642305
0.473916978
0.088373637
0.801539331
0.098047459
-0.099854475
0.511929738
0.469368365
0.6976197
0.519649697
-2.133803706
-0.649817337
-2.028145736
0.43504254
-1.13023301
-0.898403575
0.497563264
-2.160262045
-1.318475945
1.176552007
-0.19405144
-0.961605336
-0.65681983
0.068281648
0.043646201
0.337861694
0.674337985
-0.413033256
-3.041087957
-0.720028493
-1.447747739
1.186495143
1.022501591
1.241977369
-0.462269982
1.460330692
-0.074809703
-1.195850856
3.018360305
-0.735169177
1.148618749
0.958233952
-0.138663941
0.575433385
0.009465608
0.613151427
-0.466797987
0.223436357
0.931551646
-0.069548968
-0.127088723
-0.403155193
0.333948789
-0.505723942
-0.518528227
0.069349227
0.149056708
0.745791965
0.901973321
-0.525698783
-0.440371841
-0.246373899
-1.432115725
0.269349102
0.805273312
-0.151475707
0.556377308
-0.385295751
-1.606661758
0.242568914
-0.542385652
-0.203864009
-0.988984557
0.858988693
0.685217177
-0.183442005
0.806806955
-1.101395349
1.429862703
-0.596284237
0.083898401
0.873294156
0.21376598
-0.267621259
0.798154492
0.053499621
-0.005566344
-0.092560995
0.577607495
-0.81267331
-0.186813825
0.995938971
-0.45197841
-0.607812529
0.200728247
-0.31765595
0.200462446
-0.823353895
-0.791420253
-0.048118586
-0.362973942
0.16518769
0.061107819
-0.271454932
-1.130060614
-0.453470266
1.43625399
0.863958289
0.300980517
0.621161498
0.328751017
0.055603638
0.689489413
0.46240725
0.607218143
-0.330739631
0.564231998
0.107564155
0.052717209
0.71065228
0.029915816
-0.698934848
0.035246267
0.413990524
-0.262314219
-0.090275142
-0.675726004
0.153179926
0.283032178
-0.037399377
-1.463239651
0.529553782
0.394932101
0.433582107
-0.393157526
-0.266995586
-0.010172123
-0.119187928
0.290074926
-0.890083411
0.185548833
0.061251743
-0.072538366
-0.847988208
-0.972195975
-0.358329442
-0.192876673
0.808445986
0.100337159
-0.566855532
-0.2531891
-0.978487869
-0.096023611
1.255027379
-0.567558065
0.076853149
1.402666401
0.317820639
1.070462035
0.218797665
0.82952475
-0.304669196
0.250470822
-0.476972635
0.175845905
-0.013022525
0.352683957
-0.513572573
-0.4677987
0.709773014
0.241104109
0.129682525
0.766263576
-0.07903914
0.189534767
0.094822821
-0.050048874
-0.130014379
-0.794087351
-1.644371113
-1.72542202
0.316346438
-0.44161659
-0.103039098
-0.443223169
-0.704108671
-0.26772887
0.119655332
1.528659477
0.190199449
0.287987851
1.209091569
0.0215978
-0.248044461
0.049134713
1.066425688
0.879205775
-0.009794238
0.225327281
0.353384204
0.39180992
-0.530256678
-0.47394126
0.149502296
-0.022284025
-1.513418685
1.691994632
-0.724988721
0.178803388
-1.137088521
-0.360426652
-0.072680451
-0.985182088
-1.032846957
-0.409735502
0.603975274
0.546753017
-0.501834187
-0.481908202
0.210978323
-0.576405696
1.273695406
-0.007706634
-0.271311241
0.398994931
-0.274396403
0.804747041
0.082693152
-0.162694665
0.6816464
-1.105798528
-0.500537347
0.66534135
0.081886635
-1.229803014
0.321715535
-0.656183779
0.634583104
0.608068417
-0.119031331
0.408579553
-0.272490562
0.20228457
1.021724655
0.13545942
0.410550759
0.184893406
-0.0451019
0.613999119
-0.375424908
0.530198742
0.296909809
0.064767966
-0.562045061
0.20394882
-0.178289243
-0.637516821
0.265612668
-0.020951261
-0.08446091
0.07779058
0.27859833
-0.404413008
0.271892014
-0.419742087
-0.272721732
-0.089324101
0.640286458
0.230602918
-0.035007096
-0.519733854
0.048065373
-0.972150377
-0.356940601
0.165505243
0.160168219
0.421071896
0.236795644
-0.375582257
-0.212476986
-0.804558204
0.008359836
0.321818727
-0.218776974
0.856846828
0.183600069
0.700041698
-0.001679106
-0.635411468
-1.26832137
-0.317262245
-0.69604658
0.25250261
0.819206496
-0.544361627
1.086050296
-0.699415934
0.151124476
-0.325684084
0.975462465
0.027429357
0.328386922
-0.453347242
-0.065167239
0.275586983
-0.519172677
-0.655673333
-0.773540235
-0.038770402
0.060337538
-0.709483282
-0.600153781
-0.469829914
0.977898825
-0.019944762
0.351197699
0.414510145
0.043210353
0.762988204
0.549081956
-0.366043913
0.313874265
-0.049478281
0.101807972
-0.378525124
0.190848485
0.067580736
0.042624259
0.634279363
0.049933387
-0.34697891
-0.310922115
-0.098370893
0.002338926
-0.461319023
0.093975025
-0.054321952
-0.189989381
-0.18100872
0.550638473
0.258909133
-0.958559915
-1.464528297
0.437278111
-1.011376148
0.131769367
-0.055881504
-0.373842366
-1.003281863
-1.723133813
1.242740697
0.532088023
-1.056404469
-0.219495558
-0.794305856
-1.452731376
0.399585223
0.400541772
-2.886777416
-0.267469394
1.815309772
-0.701183312
1.651709936
0.415148256
0.289076858
-0.488934922
-0.410238564
0.592560119
0.790381585
0.135961195
1.260813099
-0.911541982
-0.539338717
1.297107338
0.169580878
0.231390653
0.653995086
0.230068739
-0.261073119
0.354636916
0.270815443
0.250224731
0.541497708
-0.200849007
-0.278577121
1.056264818
-0.325029116
0.006144087
-0.043185206
-0.099399365
-0.025813377
-1.004280822
1.265801855
-0.392404807
-0.570200856
0.931838981
-1.067819397
-2.175551031
-0.465658503
-0.605502929
-2.53819523
-1.903046394
2.369185018
0.059497569
2.009513046
1.204583244
0.465739083
0.311553196
0.164007074
0.342187245
-1.326628604
0.277245687
-0.292855022
-2.029260277
-0.80633531
0.820105922
2.297696697
-1.066933769
-0.009607119
0.611374613
-2.391940219
1.698208957
0.775266357
0.522940811
0.509651804
1.603425275
1.000389352
0.51728955
0.272088002
-0.610958625
0.196241164
-0.238897815
-0.916574959
0.476038576
1.293380358
-0.185486309
0.072200301
-0.195992345
-0.251887749
-0.131429582
-0.174385417
0.131766791
0.648929309
-0.253816719
0.583390066
-0.0146388
-0.147083103
0.367132709
-0.057884758
0.526710174
-0.219171359
0.192782349
-0.058098101
-0.100611887
-0.758832182
0.422199028
0.58981774
-0.725229777
-0.526379665
-2.571326133
0.264237486
0.572919025
-0.317432655
0.923731799
0.477668349
1.547337849
0.232283902
0.846881222
0.201730586
-0.269865615
-0.423745629
-1.391408505
-0.600227991
0.515824044
-1.746772427
0.522953038
0.337329823
-0.364438597
1.10343852
1.041172949
-0.373810833
0.141112109
0.289782845
-0.527151083
-0.950521669
0.804784743
0.139114109
-0.506280034
0.347259026
0.227229653
0.455656583
-1.053223584
-1.219496931
0.192458338
0.349186207
0.074966467
-0.691017331
2.280899513
-0.255022239
-1.389650463
0.214127765
0.322372426
-0.19405501
0.106407445
0.361767607
0.159771088
0.074669162
0.245961628
-1.197415597
1.192481298
0.093942594
-0.819459714
-0.45658907
-0.378563171
0.305856202
-1.335033564
-0.813693399
-0.228116113
-0.549066275
1.111975521
0.226928267
-0.920926371
-1.116519788
-0.020172988
-0.455267414
0.39434956
0.024391848
1.68853523
0.120780586
0.131265003
-0.55564281
-0.812058821
-2.006176761
-1.528234311
1.320650693
0.3166234
-0.6902052
-0.777552208
-1.609735578
0.891306292
1.377291225
1.370490355
0.949010653
0.220304219
-0.013913963
0.616337123
-0.328838185
0.186767773
-0.303342507
-1.528186658
-0.199016494
-1.150322456
-1.155391278
0.754059577
1.134565097
0.555566827
0.396257841
-0.128371312
-0.044567733
0.965930144
-0.092731701
-0.438701354
0.249637021
-1.083714237
-1.42451312
-0.057446756
-0.282073376
-0.020630987
-0.381135494
-1.914086682
-0.570787273
-2.885194413
-4.793370251
3.032511966
-1.707742631
3.483706186
0.884968855
0.394096915
1.790913071
-2.484902687
0.50764953
1.157562093
1.326053772
-1.196019999
-0.633947448
-0.557581071
0.853530127
1.467659308
-0.693995835
-1.362552509
0.061416718
-2.88462099
1.597072676
-1.193710751
2.430514113
-2.502468261
-0.850109969
2.531907419
0.165086059
0.928690609
2.70475632
0.417608725
0.147033625
0.591382284
0.632481293
-0.717425178
-0.468551013
-1.166331313
1.081567588
0.605273324
-0.417830502
-0.127322483
0.037923389
0.423975253
1.043788505
-0.434718403
-0.823632452
1.119107663
-0.668448153
-0.558091825
-0.002752977
0.328327225
0.443556032
-0.764908666
-0.187987991
-0.941583615
-0.330211826
0.334784499
-1.913957336
-0.996278478
0.444313973
1.957613768
0.148824672
0.794408372
0.060308911
-0.474986352
-0.463102175
0.94385194
0.857837729
-0.295549577
-0.313335138
0.606552372
0.380575562
-2.312862163
-0.600651828
-0.250958291
-1.442886537
-0.153207243
-0.646431076
-2.26086357
-1.345142973
2.403489543
0.704692853
0.665978789
-0.838602552
-0.304798951
0.782595265
2.548364724
0.204722735
-0.657672213
-0.520931061
-2.427990622
0.70248485
-1.059898233
-1.997772778
-0.71572327
-0.703140546
0.959056334
0.519803698
-0.733494144
-1.961199296
-0.431386224
1.64834147
-3.533122392
1.736925922
2.148619555
-0.404675782
0.570727257
1.312120038
-0.996798286
2.516438081
-0.404069507
-2.318952293
-1.457410707
1.036206885
-0.877131665
-2.765135816
-1.023854933
0.695718552
-2.428639913
3.021206072
2.009762696
0.634531592
2.814109549
-0.986570972
-0.378277259
1.445909959
-1.270926324
-1.622301996
2.437894418
1.360312582
0.003800974
0.896951708
-0.108548578
-0.284327045
1.10484248
-0.288994637
-0.939509464
0.326379852
-1.813516334
1.679389497
0.550956521
-0.575852794
0.562923581
0.400254968
-0.199213384
-0.0956969
0.117940125
0.088895554
-1.519437056
-0.023412521
1.566579524
-0.470690329
-0.482222863
0.289397923
-1.213182576
1.135218153
-0.416239338
1.080309072
-0.083082245
0.665533554
1.898041516
0.020812652
-0.349900619
0.139977416
0.798544901
0.062711344
-0.464519414
-1.132751214
-0.801740517
0.362318801
0.547636111
0.025477573
-1.29550014
-1.210420889
0.071618539
0.124124685
-0.191847772
0.66799613
0.080897857
-0.964463565
0.546585238
0.196014592
0.251850851
-0.045859296
-1.854519482
1.6728219
-0.337519622
1.326864915
0.684528483
0.030784126
0.068086993
-0.639543885
-0.116034425
0.373654653
1.007801995
0.163344597
0.256067649
-1.125035619
-1.894975124
-1.178166432
-2.043310593
0.71390757
-0.287802135
1.165727785
2.978679963
0.34890224
0.540871592
1.206963647
-3.210681427
-2.596211069
2.596072515
3.501041358
2.229115807
1.109765512
-0.86231017
0.339784819
-1.271217811
1.066314247
0.852414793
1.375643936
-0.046390363
-0.168058711
-0.253015847
0.207796147
0.377866052
0.015206183
0.457100645
-0.447308938
0.441621557
-0.316727831
0.193021267
0.377938976
-0.4499466
0.036214371
-0.468216977
-0.741838702
-0.179579146
1.567628973
0.773905354
0.216336238
0.603491697
0.206530923
0.686902264
0.005029361
0.349363027
-0.697250545
-0.519547601
0.129004497
-0.159748278
-0.458262051
0.569717015
-0.491575516
-0.290489874
0.295864058
-0.591464953
-0.53936411
2.165406733
-0.234329007
-0.79273103
0.28639425
0.162952225
-1.21299108
-1.142444213
-0.541651257
0.101237629
0.836459085
-0.311817994
1.513345805
0.238791689
0.044334658
1.101026327
-0.042421658
-1.345424434
-0.166126244
0.596907989
1.003467423
-0.304678528
1.198964259
1.278192568
-0.596438918
-0.488360828
0.618798099
0.737191437
-0.389680724
-0.678980136
-0.674833754
0.497977052
-0.959405245
0.739050138
0.297882484
0.056981674
-0.105461355
-0.500390487
0.432243743
-0.866110741
0.394558379
0.124684612
-0.616619063
-0.548541978
-1.056171352
-0.819290594
-1.456413891
1.669661405
0.516928608
0.985151415
-1.23461469
-1.452898081
0.32353308
0.57017501
-0.649251187
0.650420608
-0.293049444
0.018401865
0.600310394
-0.043391658
0.154475844
0.15506987
-0.619184641
-0.418734333
0.160033892
-0.469859767
-0.343350281
END
