y[]
-0.024846777
0.250301892
-0.297655893
0.182266998
0.841014977
-0.012682491
0.189750917
-0.539657824
0.311028374
1.061031511
0.449012783
0.023286195
0.00348579
-0.146271807
0.820532141
-0.620688231
-0.203052174
-0.29616828
-0.089342538
0.842386381
0.065817371
1.406335175
-0.086033768
0.158496376
0.172150692
0.103665102
-0.734649619
0.634064948
-0.137633928
-0.583412182
1.05289922
0.190980165
0.028329021
-0.378207152
0.382652943
0.123446703
0.091726892
0.291433964
-0.518461669
0.570278253
-0.368740901
-0.431357456
-1.592588028
0.644054814
0.933367502
0.318829913
-0.027592593
1.75327589
-0.163335211
0.551309228
0.068239829
0.352959754
-0.344140233
-0.230932392
-0.766900862
0.266766204
1.335392645
-0.325712352
-0.539013299
-0.204559804
0.325524011
0.704025193
-0.443298563
-1.069130082
-0.106561417
-1.185981202
-1.766539895
0.698491578
1.324894105
-1.298984068
-0.094010156
1.493160522
-0.449990723
-0.638844962
0.073220843
-0.887948712
0.323664622
1.311596846
0.622157816
0.197504008
-0.432743609
0.520606171
-0.293617901
-0.812472553
-1.671536914
-0.008585469
-0.472422681
-0.716120172
0.207787334
-0.382946483
-1.161144699
-0.619878265
-0.48499176
-1.560217174
-0.785157526
1.547231006
0.004984513
0.125589623
0.094270671
-0.260435507
1.058168161
-1.48750035
-0.271563481
-2.538766935
-0.032682546
0.527414044
2.23514022
-0.054284436
0.764504691
-1.313679739
1.114701597
-0.748440413
1.032021894
0.984837154
0.100732967
0.933146036
-0.21241544
-2.294958164
0.671261548
-1.651987645
0.432499382
0.850840798
-0.254840264
2.417841972
0.201991853
0.57763978
-0.513441588
-0.991379234
-0.207655027
-0.859549555
-0.045129797
-0.543594798
1.592638492
-0.275336935
0.694598166
0.622190114
0.22770417
-1.054899477
-0.938535246
-0.951842417
-0.07502847
1.596928901
1.846444043
-0.091985047
-0.476254703
-0.334056684
-0.796833735
1.842491408
0.189018662
0.465738944
0.018425979
-0.002277403
0.174967653
-0.168905918
-0.056452809
0.070261728
0.663904683
0.143400951
-0.045754878
-0.394004079
-0.020999651
-0.85413734
0.599761453
-0.092550872
-0.124488257
0.040761874
-0.827280383
0.462409613
-0.160301351
-0.150460559
1.979316289
0.360542118
-0.660317966
0.269367849
0.165413167
1.574179778
0.351476184
-0.356595739
-0.171696899
0.074847813
-0.097725388
-0.051169623
-0.267152348
-1.099376347
-0.618962747
0.916635369
-0.492418185
0.221162353
0.043553296
0.31814832
0.671244768
-0.075801454
-0.38990979
-1.037655647
-0.664362889
-0.024100365
-0.340691889
0.760909678
0.978118184
0.367223203
-0.288309356
-1.714651894
0.000311183
-1.498560895
-0.352652617
0.255469123
-0.1165622
-0.028050622
1.043083892
-0.986009242
0.17250977
0.738613527
-2.442685857
-1.271630686
0.126087748
-0.030589507
-0.442975741
-1.438524433
-0.203118976
0.439190093
1.923100297
0.022679254
0.188111922
1.250582806
-0.246801795
-0.567666786
0.738895732
0.382417931
-0.027387927
-0.519289326
-0.214764965
0.114723339
0.286476185
0.248028815
-0.009787036
0.609115739
0.001176495
-0.67778637
-0.458034953
1.13643139
1.098481194
-0.805451917
0.50367302
-0.985931839
-0.287965274
-0.523533064
-0.165555852
-1.154781969
1.636365285
2.464974235
-0.252416947
0.441692633
-0.356437715
-0.368401364
0.221597203
0.713232578
-0.048388885
-0.136747876
0.069165929
-0.023940147
0.519068625
0.29611184
0.398195828
0.106996799
-0.042975974
0.499433496
-0.228770806
0.465662977
-0.434361868
-0.300296617
0.956613956
-1.204220664
0.992625821
0.011264589
-0.224340468
0.520562061
-0.104267522
0.115762724
0.015571362
0.025405945
-0.148200185
0.687332028
-1.291808521
-0.675937925
0.829783969
-1.891564951
0.565450238
1.22093253
-0.130082705
0.188478521
0.416375262
0.908417801
0.06475512
0.13784698
0.403475481
0.280744494
-0.284251982
0.087681583
0.515097762
-0.205614749
-0.596194389
-0.286184381
0.623878981
-0.875329762
0.671226998
-0.378200372
0.731858982
-0.102489702
0.361208894
-0.49199905
0.472255993
-1.103850741
0.360390504
-0.474051899
0.584658484
0.310169183
1.167906933
0.310958247
-0.327717192
-2.367049897
1.376946694
-1.486768728
-0.715993028
0.837261535
0.421442428
0.992893868
-0.043003361
0.359024056
-0.228018577
0.672394136
0.204544353
-0.978784651
0.89276301
1.004318994
0.146958716
0.478026527
0.369416465
-0.413029168
0.38759697
-0.039348509
0.965469286
0.466472927
-0.545870556
0.981103805
-0.114424255
0.128453068
-0.874444784
-0.336448915
-0.098789132
0.588458817
-0.750931063
0.322725129
-1.484695089
0.54820661
-0.59624219
-1.431192881
0.801808072
1.231354041
-0.078324736
-1.064163829
-0.884115062
1.423969466
-0.633877507
0.710250188
0.732458978
-1.438467533
-2.576479876
0.222984556
-1.265574296
0.901608233
0.910841607
0.574431711
-0.473516299
0.49528259
-0.09814307
0.038733388
0.97136721
0.48014311
0.676728779
-0.025479786
1.302683918
0.264535577
0.093756146
-0.415202921
0.233383247
0.458396782
0.117238182
0.159458833
-0.229002742
-0.425487711
0.211683629
0.039157726
-0.41794079
-0.006262678
-0.057279276
1.202621451
0.120274026
-0.191730464
-0.617584704
-0.424949963
0.344154697
-0.401272167
-0.158995965
0.233583579
-0.562643685
-1.482093926
-0.374644142
-0.635415161
0.337753917
-0.623274355
0.814606774
0.350286794
-0.448421334
-1.643791327
0.23075037
0.152510271
-0.361574098
0.37192014
0.764781368
0.077275761
-0.038194421
0.950690821
0.688256638
0.261126089
-0.38225158
0.227462755
0.524063475
0.377249556
1.166774776
-0.228102825
-0.767942811
-0.516713266
-0.30368955
-0.317959884
0.304299167
-0.451849563
-0.648385381
0.753035065
-0.110326587
-0.945634647
0.659209288
-0.897912154
-1.28451239
0.013736765
2.115924944
0.583022134
0.363006752
-0.752516351
1.32964301
0.628494028
0.609103177
-0.034464183
0.528474244
-0.517212714
0.281646438
0.394884089
0.089244212
0.513228738
-0.53242233
-0.428314477
0.246284071
0.312782541
-0.324590478
0.382009448
-1.370681004
1.29018349
0.028629653
-0.280957981
0.762637902
0.438922282
0.377677257
-0.414142668
-0.248142911
-0.407860993
0.765933178
0.451281647
-0.170051511
-0.028658044
0.204562449
-0.122237191
-0.315909792
-0.363432993
-0.174071695
-0.478539014
1.073882121
0.137907715
-0.362109883
-1.181777138
-0.421406248
-0.053778938
0.586377832
-0.354217983
1.607453185
-0.10164709
0.437078112
0.486765498
0.247513034
0.42979311
-0.077301542
-0.061564383
0.351548238
-0.933778702
-0.076939426
-0.295130087
0.562697125
-0.064860563
-0.00881252
0.186765643
-1.309234042
1.032350235
0.47165152
-0.178440229
-0.433915454
0.23335385
0.013832583
-0.936569847
-2.153279543
-0.532459552
0.568550146
-1.069807794
1.076767031
-0.692266382
-2.353297854
0.717566945
-0.246665604
1.192668048
1.277781967
0.113163071
1.056500191
-0.070567245
0.535683789
0.436131555
0.072142952
-0.698223583
0.557696773
-0.235694044
0.573108143
-0.178496448
-0.041467422
0.449950754
0.234245029
-0.784224029
1.47159489
-0.048972637
0.128055919
0.010157077
-0.089972751
-0.553147087
-0.013124976
-1.220646544
-0.326214038
0.913134367
0.675730834
-0.658689878
0.558596003
-0.337335392
-0.531295536
0.395789707
-0.746131061
-0.233826553
0.419311528
0.745649761
0.657831426
0.241288943
-0.156345868
-1.305291701
-1.12446864
0.330716411
1.042266553
-2.154234185
-0.996843387
0.774733425
0.629820552
0.999749449
0.092654978
0.333164169
0.364741497
-0.26521407
0.127911397
-0.856571871
0.279443761
0.431308639
0.255117581
-0.057964543
-0.178572893
0.143309337
-0.946540514
0.516438081
-0.181094314
0.108194895
0.918988227
-0.001470502
-0.514846356
-0.984227774
0.330358848
0.340104041
-0.695597854
0.764696649
0.19230703
0.380301895
0.553357634
-0.155106674
0.491638473
0.140560651
0.029118774
-0.081566268
0.145350286
0.606770816
0.418070937
0.050195737
-0.068238809
-0.397968487
-0.755051338
0.269328536
0.039998134
0.173383854
0.725286911
0.084028936
0.129218974
-0.056884691
-0.689248049
0.444918358
-0.161595306
0.147267119
-0.08087002
0.621919906
0.022222223
0.502817615
-0.436761299
-0.751013587
0.419714256
-0.457600208
0.103346777
0.439548715
-0.237033886
0.375591108
-1.234097977
0.977623518
-0.275932045
0.456723703
0.131652711
0.005166253
-0.529731965
-0.014826072
-0.497444234
-0.037546307
-2.063830591
-0.329959041
0.672694061
-1.016905298
-0.042073566
-0.600848941
1.102904887
0.231925103
-0.207435634
0.624839332
0.390002434
-0.049774868
0.805910896
0.455181657
0.203837426
0.250917317
-0.2430949
0.433998017
0.061415517
-0.038638818
-0.212770454
0.287854045
-0.098058824
-0.121581839
-0.197197349
0.458687401
-0.351421985
-0.700289564
0.320306967
0.044514295
-0.641677937
-0.114677759
0.70201331
0.085843124
0.444288316
-0.091375747
-0.848197629
-0.622962374
0.736560268
-1.67372874
0.810288752
-0.298642491
-0.32261906
-1.377348011
-0.043123048
1.066726135
-0.200275987
-1.567799219
1.687457353
-2.131422253
-1.195345393
-1.704140732
0.114124578
-0.856967469
-0.029140648
1.236543944
0.866474219
1.894899662
-0.776247462
1.179193182
0.659231636
-0.193907072
1.143199066
-0.182268992
0.577442302
1.122674059
-0.055530273
-0.327022718
0.524793678
0.333202989
-0.008684881
0.267895317
0.026007772
-0.113773665
0.009333047
-0.01961327
0.029871484
0.468447565
-0.193866075
0.152878994
0.478683867
0.242355583
-0.158706549
0.236567862
-0.298203831
-0.728916367
0.592779311
0.332129976
-0.159894554
0.122745752
-0.77193958
-0.067422613
-1.692249477
0.408905984
-1.678283973
-0.679916012
-0.896163398
1.97116996
2.329500055
0.41232641
0.336684868
0.130846479
-0.057568014
0.286773618
0.04250291
-0.533696663
-1.080075783
-0.077639532
-1.888358741
-0.936962877
1.112636188
1.72937946
-0.887569609
-0.856299086
-0.301825963
-0.626640252
-0.972727714
1.289851925
0.111237856
0.428409095
1.471793903
-0.594303022
0.212879429
-1.391466172
-1.402387692
0.905314322
-1.351347306
1.244279639
1.389986429
-0.460108025
0.980243689
-0.386040163
-0.46926135
1.018260579
-0.046540814
0.916192105
0.363008541
0.115992593
-0.075073244
-0.14989959
0.567146895
-0.073975928
0.231859837
-0.120239087
-0.191349247
-0.339705687
0.566986445
-0.498524688
-0.483453516
0.075899143
-1.471173015
0.350028848
-1.754319513
-0.235589464
1.20863283
-0.652961111
1.300653506
-0.376207159
1.164872771
-0.532086284
0.85360082
-0.218363064
-0.659471969
-1.510230038
-0.281670492
0.192938719
1.172600837
-0.927105983
-0.440962854
0.30870786
0.615069859
-0.250040661
0.224256752
0.401120228
0.475300299
-0.502818078
0.119205821
0.469861515
-0.121512089
-1.181207784
0.875637432
-0.19180763
0.463820898
0.191856705
0.181389253
-0.458628692
0.232903056
-0.418372201
-1.061692702
1.042740249
0.250005913
-1.234437715
-0.490205527
0.33303367
1.293177422
-0.553893061
-0.33903704
-0.074137536
1.028523071
0.033174451
0.260693868
-0.107995551
-0.136732316
0.189877165
-0.267275872
-1.077157911
0.868454486
-0.170393766
-0.677488889
0.162096914
-0.144547871
0.16802552
-0.909693593
-0.187358928
-0.693193435
-0.001810844
1.15341179
0.130074271
-0.745524859
-0.506966318
0.523735638
0.15413103
0.94176262
-0.575398917
0.563999432
0.019929225
-0.781683963
-0.341437784
-0.082652998
-2.152334312
0.221858801
0.647572277
-0.074444433
-0.430560638
0.56261866
-1.722933876
0.182327377
1.182661216
1.056889483
0.400689906
-0.117163032
0.754635965
0.066919792
0.033456235
-0.470717001
-0.282693915
-0.612858415
-1.119739463
-0.622812863
1.187369966
0.685576882
-0.040800677
-0.271047777
-0.319706796
-0.268861324
0.267346448
-0.821956971
-0.331539716
1.229046204
-1.003943896
0.051322996
-0.171239968
0.346795811
0.476151761
-0.306535662
-0.872551061
-2.176233441
-3.280561605
-4.064781842
-1.40506239
3.785492581
2.357088035
0.017217726
-0.886345239
-3.045902371
1.769129709
0.072774201
-1.588468259
2.433726302
-1.443140964
0.482770151
0.404063263
-0.45344154
1.231331394
0.82313669
-0.300071867
-1.673260495
0.41190184
-1.283130422
-0.248711792
-0.380502605
-0.090227552
-2.643758494
0.079571983
1.845952442
0.153556475
1.377741905
1.768821985
-0.403106334
0.756714587
0.834340638
0.028847466
0.08382904
-0.728519786
-0.516380476
1.430717736
0.412368744
-0.01658649
-0.185847467
-0.627882328
1.60544734
1.053357976
-0.235130659
-0.299375977
1.133411452
-0.088624953
-0.525785577
1.136750269
0.228797888
-0.398804065
-0.156916371
-0.078405597
-1.030766457
0.107308142
-0.36696814
-1.452553712
-1.170701454
1.435692869
-0.177665095
1.559685608
-0.156011431
0.336658152
-0.167199778
0.078487616
-0.056551484
0.015706751
-0.508817392
1.018756516
-1.149296655
-1.491420058
1.988148233
-0.745041787
-0.694742633
-0.820546041
0.181248247
-2.005024152
0.430791399
1.012620629
1.397426163
-1.559115022
-1.839386903
0.73119325
0.834172201
1.190522242
-0.203628942
-0.261731028
1.013729004
-0.767977272
-0.989285897
-1.585841562
0.157383033
-1.363853685
-2.442219048
-1.133391163
0.041653455
0.733614031
-2.571874932
1.612168725
-2.227214675
0.009530625
-1.219913996
0.474561461
1.964435286
-1.619791892
1.360886399
-1.135929639
0.507697669
2.402227713
-0.08797086
-1.935734287
0.454324609
0.108919443
-1.909053203
-1.469143217
-0.110021433
-0.062534229
-1.28138211
1.889364114
1.594536394
1.590973657
-0.511300594
-0.046240734
1.391435732
-1.296895126
0.399358595
1.084799262
-0.230823909
-0.859050536
2.315201192
0.364957563
0.305626027
0.286406602
0.04482491
-1.174012999
0.460329885
-0.02805814
1.58261716
-0.169814217
-0.22750049
0.514835395
0.613720908
0.395959317
0.05487182
-0.131414691
-0.684288352
-0.081451594
0.010873324
0.834163815
0.390450586
-0.247821632
0.58745851
-0.364985374
-1.063267241
1.001642392
-1.248444794
0.234632896
-0.317992014
0.917938021
0.955369575
-0.026346171
-0.142114359
0.608335196
0.2643364
0.032488087
-0.564393685
-0.038851519
-0.225006352
0.143462619
0.12116201
-0.971000963
-0.551232328
0.734323285
-0.915087358
-0.639095664
-0.067541044
0.273323673
0.031683897
1.19699917
-1.004389698
-0.060585344
-0.895080806
0.931260258
-0.98922374
-0.023121622
-0.414996854
0.556508515
-0.252401036
1.315226383
0.651415549
-0.064683979
0.384132104
-0.144214283
0.069802474
0.23843224
-0.335243619
0.444895445
0.085224184
0.286772786
-0.215560966
-0.965390629
-0.858467236
-0.223687937
-0.227878282
0.269171907
-0.369965782
0.53550087
0.227201651
-0.208930285
1.283919305
-3.701716666
-1.869862039
1.717774779
1.645286918
1.303748879
0.151033248
-0.730740275
0.490231282
-0.130833176
1.470181264
0.296644549
0.654846862
-0.030161529
0.48090487
-0.13657531
0.194308819
-0.187257877
0.382483474
-0.405544395
0.410725266
-0.345239275
-0.011364139
-0.16356351
0.116854676
0.119360616
-0.170696819
-0.681831493
0.269266889
-0.02238246
0.813032327
-0.134395095
-0.004665625
-0.3305171
0.428704125
-0.123273721
0.235264213
-0.593051615
0.143047237
0.176082784
-0.18776838
-0.099985554
0.151349289
-0.569042922
-0.180253401
-0.201643834
0.477805461
-0.239196551
-0.281506503
-0.047775944
0.375586765
0.254086844
-0.058276971
-0.2661862
-2.526411623
1.413401308
-1.537812196
-0.102422333
0.962214241
-0.421580189
-0.04549772
-0.013728025
1.04216262
0.604237824
-0.618966725
-0.90612237
0.598712124
0.484620242
-0.980150149
0.750001878
-0.370239741
-0.540425575
0.385111219
0.004507035
-0.36951617
0.415895644
-1.29609518
0.070955866
-0.354045043
-0.023479007
-0.347899183
0.570513183
0.175319803
-0.181304498
-0.052051918
0.430222071
-0.424133139
-0.217830164
-0.342757004
-0.354951409
-0.055865793
-0.724639274
-0.698325872
-0.486958681
-0.210389398
2.154382584
0.332850443
1.057974587
0.151247146
-0.183530214
-0.055188339
0.701658136
-0.201989084
0.422909553
-0.282602537
0.699732846
0.172671682
0.037132454
0.34703717
-0.570476321
0.089802824
-0.309330425
-0.395809714
-0.003944623
END
