y[]
-0.051063
-0.365925
0.298698
-0.155964
-0.086131
-0.156258
0.473359
0.332037
-0.538893
1.681446
0.052529
-0.360032
0.499224
0.018112
0.018100
-0.772430
0.637332
-0.290784
-0.222622
0.464948
-0.016152
-0.153374
0.121069
0.086640
0.086535
-0.016152
0.495707
0.289710
-0.322015
0.425349
-0.151792
-0.050091
-0.152022
-0.016152
-0.186249
-0.118350
-0.050241
-0.255101
0.052177
-0.016152
0.222633
0.086010
-0.152392
0.933651
-0.456011
-0.151884
-0.050114
-0.697818
-0.324425
0.497108
-0.289563
0.291382
0.120227
0.017913
-0.323163
-0.050323
-0.392801
-0.153468
-0.119263
0.155639
0.223861
-0.084669
-0.497088
0.533300
-0.324848
0.531982
-0.426971
0.223697
-0.050381
0.018077
0.018065
-0.118839
-0.084669
0.257633
-0.118734
0.257165
-0.186888
0.018018
-0.016152
0.120413
0.017960
-0.872469
0.155698
-0.222409
0.464453
0.257446
0.290753
0.017890
0.187860
-0.186134
0.425200
0.220694
0.489495
-0.319234
0.017569
-0.016152
-0.049874
-0.286332
0.051461
0.287543
-0.049851
0.152226
0.017489
0.151887
-0.083334
0.017444
0.118121
0.117941
-0.016152
-0.049659
-0.083199
0.050894
0.151268
-0.016152
-0.049614
0.050760
0.217688
-0.016152
0.083898
-0.049491
-0.149619
-0.116370
-0.384477
-0.049704
-0.150471
-0.319030
0.421044
-0.116874
-0.016152
-0.116976
-0.150742
0.286420
0.118031
-0.083221
0.050917
-0.016152
0.084367
0.084266
-0.049614
0.151044
0.117404
0.017209
-0.116269
-0.049547
0.150709
-0.049502
-0.316804
-0.284159
0.050917
-0.251091
-0.016152
0.017444
-0.116976
0.151830
-0.217765
-0.150787
-0.083538
0.253117
0.051052
0.252214
-0.553608
0.521303
1.116438
-0.148734
-0.082509
-0.248749
0.183249
-0.115804
-0.082642
-0.616554
0.050737
0.150876
0.250514
0.183382
-0.082620
0.249452
-0.082487
0.017021
0.182655
0.050029
0.314099
0.214376
-0.312644
-0.082159
0.016856
-0.115211
0.115904
0.016835
-0.016152
0.181541
-0.016152
-0.213846
-0.280353
0.116035
-0.115277
-0.148471
-0.016152
0.050029
-0.082334
-0.214960
0.447118
-0.181360
0.248049
0.049789
-0.181087
-0.082203
-0.181469
0.050007
0.083005
-0.247672
-0.115540
0.083235
0.050051
-0.115474
0.215444
0.148946
-0.611786
0.149658
0.149383
-0.049238
0.016933
0.049985
0.016900
-0.016152
-0.115342
-0.148559
0.149328
-0.016152
0.083005
-0.016152
-0.016152
0.115904
0.115730
0.673392
0.049271
-0.048859
-0.540916
-0.213651
-0.610999
-0.049303
-0.514741
-0.182902
0.383582
-0.349153
0.250337
0.017109
-0.182569
-0.116136
-0.450572
-0.452468
-0.083447
0.084773
0.252484
0.385455
0.184048
0.017175
0.117048
-0.249369
-0.216486
0.017264
0.150765
-0.183069
-0.049569
-0.016152
0.017264
-0.049569
0.050670
-0.016152
0.083998
0.083898
-0.049491
0.316737
0.249364
-0.481270
0.448965
-0.082465
0.182655
-0.181798
0.182589
-0.181743
-0.115638
0.149603
0.016966
0.050051
0.281221
-0.148209
-0.214565
-0.049260
0.281418
0.049854
-0.181251
0.049920
-0.049183
0.115904
-0.148209
0.016878
-0.181414
-0.049238
0.050007
0.149055
-0.016152
0.016856
-0.016152
0.181672
0.082613
0.049637
0.049594
-0.049020
-0.081920
-0.114885
-0.016152
0.049680
-0.016152
0.016748
-0.312644
0.049811
0.181476
-0.180816
0.049745
-0.313035
-0.082246
0.016900
0.115948
0.016845
-0.082159
0.016856
0.049832
0.082743
-0.115048
-0.115146
-0.247519
0.083070
-0.115375
-0.148603
0.016977
-0.148734
0.050161
-0.115638
-0.281933
0.349114
-0.481270
-0.149441
0.383183
-0.016152
-0.016152
0.017054
-0.016152
0.282207
-0.115507
0.545554
-0.049107
-0.280179
-0.214631
-0.613962
-0.684604
0.117896
-0.116672
-0.419243
0.017501
-0.218241
0.118618
0.353534
0.218393
0.151044
0.217454
-0.416955
0.050760
0.117537
0.350576
0.249717
0.315193
-0.016152
0.049985
0.049941
0.247787
0.049724
0.115470
-0.246605
-0.214107
0.016867
-0.016152
0.214680
-0.049096
0.016791
-0.016152
1.746871
-0.145686
-0.145854
-0.634543
0.309793
0.113929
0.178653
-0.113508
0.307997
-0.210516
0.081077
-0.080961
0.210495
0.048510
-0.016152
0.016163
0.080731
-0.145351
-0.080815
0.145425
0.112921
0.080544
0.176960
-0.048312
-0.177105
-0.048374
0.144852
0.048177
-0.112662
-0.016152
-0.016152
-0.080544
-0.016152
0.112589
0.048156
-0.048302
-0.016152
-0.112662
-0.112755
-0.112849
-0.080669
0.145060
0.016059
-0.371049
-0.177886
-0.243020
0.275440
0.016194
-0.210390
0.048635
-0.113350
-0.016152
-0.113444
0.016289
-0.210958
0.211084
-0.016152
0.178211
-0.145686
-0.308218
-0.211338
-0.113888
0.211749
-0.048678
0.211305
END
