y[]
-0.221998
-0.041277
0.067307
-0.041264
-0.367660
-0.114109
0.140271
0.067518
-0.077673
0.140060
-0.005078
0.103638
-0.005078
0.248133
0.031043
-0.258197
0.211921
-0.077358
0.031069
-0.113557
0.031095
0.031082
-0.005078
-0.041238
0.319891
0.066994
-0.149274
-0.185616
-0.041225
0.355803
-0.041107
0.102972
0.246585
-0.076917
-0.076969
-0.041043
0.066839
0.210362
0.066633
-0.040926
-0.040939
0.066633
-0.005078
0.138189
-0.040875
-0.005078
0.209515
-0.076557
0.066402
-0.040811
0.280433
0.137372
-0.218829
-0.005078
0.101855
0.030541
-0.005078
-0.040697
-0.005078
0.066147
0.066097
0.314582
0.101249
-0.075949
-0.076000
0.172133
-0.075924
-0.040520
-0.076000
0.101286
-0.217919
-0.147224
-0.040646
0.172637
-0.147224
-0.005078
-0.005078
0.101551
0.030440
-0.040595
-0.076151
-0.040633
-0.111820
-0.005078
-0.111934
-0.147731
0.208826
-0.076328
-0.005078
0.244077
-0.076202
-0.147477
0.279519
-0.076151
0.101513
0.030427
-0.076101
0.101437
-0.076075
0.030427
-0.005078
0.065895
-0.040558
0.065869
0.030377
-0.182477
0.065920
-0.005078
0.030402
-0.005078
-0.111555
0.030427
0.101362
-0.040545
0.065844
-0.040532
-0.040545
-0.182603
-0.147325
0.030503
0.030490
-0.111820
0.030516
-0.040671
-0.076303
-0.076354
-0.005078
0.030566
0.030554
-0.005078
0.066147
0.030516
0.066071
-0.040646
-0.005078
-0.005078
0.030490
-0.005078
-0.111820
0.066097
-0.005078
0.030490
-0.005078
-0.183045
-0.005078
0.030541
0.137271
-0.147427
0.101703
0.101589
-0.040621
0.278912
-0.111480
-0.147123
0.030453
-0.111707
-0.040646
0.030490
0.030478
-0.005078
0.030465
-0.040621
-0.076202
0.030490
-0.504188
-0.219747
-0.256109
-0.040991
0.281866
-0.040901
0.030745
0.066530
-0.005078
-0.040875
-0.112547
-0.040926
0.066607
0.066555
0.030720
-0.148344
-0.040926
-0.256379
-0.041030
0.066813
-0.076969
-0.077020
0.102817
-0.005078
0.389542
-0.040888
-0.076737
-0.220363
-0.005078
0.174359
0.066607
-0.005078
0.209668
0.066402
-0.040811
-0.005078
-0.148139
0.030707
-0.112470
0.102314
0.066453
-0.076609
-0.005078
0.030694
-0.005078
-0.040850
0.102199
0.030656
-0.076557
0.030668
-0.040824
0.066402
-0.040811
-0.005078
-0.076583
0.244967
-0.040760
-0.112202
0.102046
-0.219440
0.030681
-0.005078
0.102123
0.173334
0.101817
-0.111972
-0.005078
0.137423
0.314809
0.030402
-0.076050
-0.005078
-0.111631
-0.005078
0.172448
-0.182603
-0.005078
-0.076176
-0.111820
0.030516
0.243723
-0.005078
0.207688
0.101136
-0.005078
-0.075874
-0.040495
-0.005078
0.030339
-0.005078
-0.005078
0.065719
-0.040470
0.030314
-0.040470
-0.040482
-0.040495
-0.324397
-0.005078
-0.218525
0.066122
0.172700
-0.005078
-0.111707
-0.005078
-0.076227
0.030503
0.030490
0.066021
0.101475
0.101362
0.065819
0.101173
0.207086
-0.005078
-0.040407
0.136165
-0.146321
-0.217317
0.101098
-0.005078
0.136315
-0.075749
0.136215
0.065494
0.030189
-0.075625
0.030202
0.030189
-0.110917
-0.040382
0.065519
-0.040370
-0.181725
-0.182038
-0.040507
0.030352
-0.324397
0.065970
-0.325192
-0.005078
-0.005078
0.172890
-0.040646
0.030490
0.314468
-0.146972
0.065895
-0.005078
0.136716
-0.146871
0.278309
0.030289
0.065619
-0.075774
-0.111216
0.030314
-0.005078
-0.005078
-0.005078
-0.005078
-0.040470
-0.075899
0.030339
-0.040495
0.065744
0.101061
0.030277
-0.005078
0.347781
-0.146072
0.100686
0.030152
0.065345
-0.075500
0.135718
0.065246
0.030065
-0.180917
-0.075500
-0.005078
-0.005078
-0.181351
-0.075674
0.136066
0.065419
0.030152
-0.040308
0.100575
-0.181227
-0.216867
0.241967
0.030165
-0.005078
0.170948
-0.075451
0.100463
0.100352
0.065147
0.100167
-0.075229
-0.005078
-0.040172
0.030016
0.065073
-0.075229
0.065073
-0.180547
0.030041
-0.075327
-0.145725
-0.005078
-0.145923
0.065370
0.030127
0.065295
-0.040258
0.065270
0.100352
-0.040209
-0.005078
-0.005078
0.030053
-0.075352
-0.075401
0.100389
0.135372
0.135175
-0.075179
-0.180547
0.030041
0.135273
-0.005078
-0.005078
-0.005078
0.065024
0.064975
-0.040098
-0.040110
-0.005078
0.029955
0.029942
0.029930
-0.005078
-0.110138
-0.215530
-0.040196
0.030041
-0.180794
-0.005078
0.135520
-0.005078
-0.110507
0.065221
-0.075377
0.030078
-0.145774
-0.040283
-0.040295
-0.005078
-0.146072
-0.005078
-0.252297
0.030277
-0.075799
-0.075849
-0.324170
0.101400
-0.182603
0.420455
0.418652
-0.110842
0.100686
-0.110842
-0.005078
-0.146271
0.100836
-0.146321
0.171445
-0.075649
-0.075699
-0.005078
0.100836
-0.040370
-0.005078
-0.005078
END
