y[]
-0.135978
-0.104288
0.213890
0.181685
-0.040513
0.022929
0.339475
-0.008792
-0.103653
-0.008792
-0.198785
0.054580
-0.040472
0.181142
-0.040422
0.054459
0.306865
-0.071843
0.022739
0.054240
-0.103354
-0.040333
0.243256
-0.103235
-0.040293
-0.103354
0.117272
0.054181
-0.103265
0.054200
-0.103295
0.054220
-0.008792
0.054181
-0.008792
0.054141
0.273916
-0.102939
-0.071606
-0.197471
-0.008792
-0.040273
0.022689
0.022680
-0.323951
0.117391
-0.103414
0.085831
-0.071863
-0.008792
-0.103474
-0.008792
0.054340
-0.040352
0.085860
0.148763
-0.040283
-0.103325
-0.008792
0.117232
0.022689
0.022680
-0.008792
-0.040263
0.022680
-0.040263
0.054141
-0.008792
-0.008792
-0.008792
-0.008792
-0.071724
-0.008792
0.022680
-0.008792
-0.008792
0.116994
-0.229022
0.022699
0.148515
0.054062
-0.103087
0.116915
-0.071626
0.085444
-0.103028
-0.008792
0.085444
-0.008792
-0.008792
-0.040194
0.054003
-0.102998
0.022620
-0.008792
0.054003
0.053963
0.085267
0.179061
-0.227987
-0.008792
0.022551
0.085179
0.022512
-0.040096
0.022512
-0.008792
0.022502
-0.008792
0.022492
0.022483
-0.040066
0.209924
0.053611
0.147044
0.302154
-0.101974
-0.102061
0.084477
-0.039872
0.022288
-0.008792
-0.039872
0.084419
0.022259
-0.070904
0.022269
0.022259
0.053282
-0.008792
-0.008792
0.053243
0.022211
-0.008792
-0.008792
0.022202
-0.008792
0.207893
-0.039718
-0.008792
-0.008792
-0.194550
0.053166
-0.008792
-0.008792
-0.008792
-0.070750
0.022192
0.053147
-0.101714
0.115086
-0.132669
-0.008792
0.022192
-0.132784
0.177140
0.053109
0.145792
0.022096
-0.039680
0.022096
-0.070577
-0.008792
0.052994
-0.039680
-0.101513
0.053032
-0.008792
0.052994
0.022087
0.083787
0.022049
-0.070482
-0.039651
0.052918
-0.132249
-0.132401
0.053032
-0.039699
-0.101570
-0.008792
0.022144
0.022134
-0.039718
0.022134
0.083930
0.022096
-0.008792
-0.008792
-0.070577
-0.039699
-0.101570
-0.070692
0.022163
0.084016
0.053032
-0.039699
0.083901
-0.008792
0.022087
-0.008792
-0.008792
0.022077
-0.070539
0.022087
-0.101456
-0.101542
0.207491
-0.132325
-0.132478
0.022144
-0.101628
0.207692
0.176393
-0.101341
-0.132325
-0.008792
-0.039699
0.022115
0.022106
-0.039689
0.022106
0.052975
-0.008792
-0.008792
-0.101456
0.022106
0.022096
-0.039680
-0.008792
-0.194321
0.053089
0.114856
-0.101513
0.083930
-0.070596
0.022115
-0.008792
0.083872
-0.008792
-0.039670
0.022087
-0.132363
0.083901
0.052956
-0.039661
-0.039670
-0.070577
-0.008792
0.022106
-0.008792
0.083844
-0.008792
-0.008792
-0.008792
-0.008792
0.022068
0.022058
-0.039642
0.083729
-0.039623
0.022039
-0.008792
-0.008792
-0.224808
-0.070596
-0.070635
-0.070673
0.022154
0.207558
-0.101456
0.022106
0.145553
-0.039642
-0.194091
-0.101570
0.053070
0.053032
0.022106
0.022096
0.022087
-0.101456
0.114741
-0.101427
-0.008792
0.052975
0.022077
0.114589
-0.039623
-0.039632
0.083701
0.083615
-0.162851
-0.008792
-0.008792
-0.008792
0.083672
-0.008792
-0.008792
-0.039604
0.083615
-0.008792
0.114285
-0.008792
0.021954
-0.255021
-0.039613
0.083644
-0.039594
0.052804
-0.008792
-0.070387
0.114361
0.144936
-0.101000
-0.008792
-0.101085
-0.008792
-0.101171
0.052804
-0.039585
0.175824
-0.162614
-0.378934
0.207291
-0.070482
0.145363
-0.008792
-0.008792
-0.070425
0.052842
-0.008792
0.022011
0.022001
-0.039585
0.052785
0.021982
-0.070349
0.052766
0.052728
-0.131869
-0.008792
-0.008792
-0.132020
0.114437
0.021992
-0.131982
-0.039613
-0.008792
-0.070463
0.022049
-0.008792
-0.008792
-0.255782
-0.039708
-0.008792
0.114818
-0.008792
-0.039680
-0.070596
0.114779
0.083787
-0.039642
-0.101399
0.114665
-0.101370
-0.101456
0.114741
-0.070539
-0.008792
-0.039680
-0.008792
-0.008792
0.022096
-0.070577
-0.008792
0.052994
-0.039680
-0.070596
-0.008792
-0.132516
0.207625
-0.039680
-0.008792
-0.132439
-0.318581
-0.101916
-0.039852
0.022269
0.208364
0.146031
0.114894
-0.039699
-0.101570
-0.070692
-0.132708
-0.039795
0.146127
-0.101714
0.084131
-0.008792
0.022163
0.114932
0.053013
-0.039689
0.022106
0.052975
0.052937
-0.039651
-0.008792
0.022068
-0.039651
0.022068
-0.039651
-0.008792
0.083758
-0.070482
-0.008792
-0.039651
-0.410833
0.300614
0.052975
-0.008792
-0.008792
-0.008792
0.022077
-0.039661
0.022077
-0.008792
0.176222
0.175881
0.328891
-0.039443
0.845914
-0.343698
0.052184
-0.191830
-0.467859
0.021878
0.021869
0.236156
-0.223088
0.358293
0.021738
0.052240
-0.130892
-0.069898
-0.008792
0.021766
0.021757
END
