y[]
0.013653
0.361699
-0.049538
-0.144500
0.045303
0.108544
-0.017968
0.045273
-0.017968
0.171656
-0.081119
0.013653
0.076844
0.045233
-0.081119
-0.017958
0.013653
0.076864
0.045243
0.108365
0.171307
-0.175562
0.013653
-0.365854
-0.049739
-0.113251
0.045394
0.045384
0.045374
0.077064
0.077024
-0.049719
0.108695
0.045313
0.045303
-0.017998
-0.018008
0.108604
-0.017988
0.108544
0.013653
0.013653
-0.017968
-0.017978
0.013653
-0.049638
-0.208182
0.045374
-0.081540
-0.145204
-0.145456
0.140960
0.077246
0.045434
-0.018129
-0.018139
0.140758
0.204008
0.077024
-0.049719
0.108695
0.013653
-0.335277
0.077185
0.013653
0.140597
0.172106
-0.081389
0.045343
0.108665
-0.113050
0.077024
0.045323
-0.018018
0.045323
0.013653
-0.049699
-0.271926
-0.018129
-0.113574
0.331416
0.045374
0.077064
-0.113211
0.140516
-0.081480
0.013653
-0.049819
-0.018098
-0.018108
-0.240800
0.140960
0.013653
0.077246
-0.018139
-0.336722
0.077449
-0.369734
-0.274855
0.013653
-0.114841
0.110038
0.109945
0.173935
-0.114552
-0.050512
-0.018445
-0.114841
-0.018496
0.045802
0.045792
0.077899
-0.018465
0.142064
0.109853
-0.018404
0.077755
-0.082517
0.045719
-0.468431
-0.341358
-0.018684
0.175230
-0.115588
-0.375075
-0.311445
-0.149293
-0.149559
0.013653
0.242075
0.013653
0.274070
0.013653
-0.214175
-0.051536
-0.411115
0.046391
-0.117366
-0.479202
-0.151173
-0.085374
0.277505
-0.184171
-0.118448
0.046694
-0.085504
0.079768
-0.284213
0.046793
0.046782
-0.052616
-0.052660
-0.218790
0.345548
0.377470
0.046661
-0.548983
0.311913
0.046738
-0.417311
0.312210
-0.019476
-0.019487
0.079922
-0.185286
0.146323
0.311518
0.145753
0.112614
0.013653
-0.019323
-0.118361
0.013653
0.079681
-0.118448
-0.716035
0.412324
-0.085866
-0.185683
-0.119459
-0.420187
0.314204
0.046992
0.113603
0.146764
0.212988
0.113172
0.113073
-0.085767
-0.152267
-0.185815
0.412192
0.410610
0.178588
-0.217332
0.310536
-0.019291
0.046596
-0.052245
0.079551
0.079507
-0.019269
-0.052223
-0.085243
0.079594
-0.118273
-0.052376
0.013653
-0.284016
0.278291
-0.085504
0.310830
0.309949
-0.085015
0.079442
-0.052137
-0.183976
0.079572
0.079529
0.211021
-0.019215
0.145059
-0.019183
-0.019193
0.079334
-0.019183
0.046488
0.013653
-0.019183
0.537729
0.046316
0.078948
0.372018
-0.214249
-0.247444
-0.084435
-0.051792
0.046381
-0.215668
-0.084789
-0.052029
-0.282449
0.145362
-0.118056
-0.349444
0.145840
-0.449771
-0.385284
-0.621270
0.415125
0.147120
-0.220031
0.347320
0.379405
-0.019542
-0.019553
-0.119282
-0.152764
-0.019664
-0.019675
0.046980
-0.019675
0.313204
-0.352587
-0.019708
0.147031
-0.053014
0.545746
0.046815
-0.085866
-0.352100
0.046958
-0.420187
0.147343
0.347097
0.113470
0.179793
-0.252305
0.246404
0.046859
-0.285599
0.013653
0.013653
0.046947
0.213187
0.675907
0.244409
-0.217104
-0.350044
0.046771
-0.019465
0.212197
0.112777
0.376271
-0.052180
0.145275
0.112256
-0.084950
0.046531
-0.183781
0.211086
-0.052115
0.145145
-0.052072
-0.019226
-0.513879
0.013653
0.145797
-0.250810
-0.218328
0.146279
-0.285004
-0.252570
-0.219875
-0.053170
0.113870
-0.119992
-0.321244
-0.053461
0.281839
-0.053327
-0.086900
-0.322256
-0.053665
0.316225
0.114307
0.281570
-0.153711
0.348101
0.513237
0.146455
0.146279
-0.118973
-0.119149
0.013653
0.013653
0.279081
0.013653
0.079900
-0.052594
-0.218558
-0.019564
-0.019575
-0.185948
0.246482
0.080076
-0.052770
-0.086065
0.013653
-0.386215
0.013653
0.080408
-0.220187
0.047092
0.047081
0.447203
0.080186
-0.052881
0.179904
0.179628
-0.252040
-0.119459
-0.152986
-0.153264
-0.388089
-0.154217
0.382595
-0.759330
-0.053846
-0.324528
0.081380
0.250339
-0.155352
-0.121757
-0.020228
0.047534
-0.088025
-0.360053
0.115711
-0.020355
-0.122494
0.183808
0.217457
0.183173
-0.088025
-0.020263
0.250820
0.115124
-0.020160
0.081266
-0.189324
0.149017
-0.223354
-0.020251
0.013653
0.115330
-0.054121
0.183001
0.182714
0.350921
-0.020023
-0.323730
0.452028
-0.188436
-0.155067
0.249780
-0.121209
0.283195
-0.087340
0.080993
-0.020012
-0.020023
-0.053733
0.013653
-0.087511
0.047385
0.047374
-0.020068
0.148469
-0.696169
0.115365
0.216767
0.081266
0.283649
0.013653
0.282922
-0.053597
-0.053642
0.047306
-0.188436
-0.121300
0.249701
0.047328
-0.087408
-0.121255
-0.222874
0.013653
0.351377
-0.121300
0.148605
0.215741
-0.458524
0.115021
0.013653
0.081175
0.081129
0.114782
-0.087477
0.182145
-0.087408
END
