y[]
-0.014672
-0.045986
0.360446
-0.077094
0.297049
-0.388854
-0.170995
0.047887
0.422146
0.140873
-0.450810
-0.515456
-0.014672
0.016700
0.173357
-0.108642
0.173180
0.047867
-0.077211
-0.014672
-0.139868
-0.265535
-0.077486
-0.014672
0.110917
0.016700
0.579544
0.172244
0.047556
-0.263816
0.389872
-0.294567
0.203091
-0.014672
0.202618
-0.014672
0.078308
-0.045656
0.171086
-0.169447
0.140103
-0.138473
-0.076630
-0.076668
0.140247
-0.138588
0.140199
-0.076592
-0.107623
0.356615
-0.323983
0.047267
-0.355811
0.264528
0.109167
0.109014
0.108861
-0.045541
0.139577
0.046961
0.108481
0.200481
-0.106824
0.077480
-0.352978
0.077707
0.108367
-0.045418
-0.168542
0.231406
-0.106881
0.353652
-0.106626
-0.106711
0.108027
-0.106683
-0.198947
-0.168495
-0.076267
0.046923
-0.076267
0.139245
-0.014672
-0.076211
-0.137863
0.170057
-0.168589
0.077707
0.139103
0.046772
0.200085
-0.198721
-0.168306
0.138961
0.016026
-0.076078
-0.106852
0.108216
0.046715
0.046678
0.107914
-0.014672
-0.475149
0.016092
0.016083
0.873134
-0.014672
-0.258798
0.076945
0.076861
-0.136735
0.046378
-0.075722
0.137883
-0.167227
-0.106317
-0.045239
-0.259545
-0.168023
-0.168258
0.046791
0.077451
-0.045371
0.077395
0.046659
-0.076003
0.230426
-0.014672
-0.075890
-0.167882
0.015989
-0.076003
-0.168164
0.046753
0.046715
-0.014672
0.016007
0.077310
-0.045323
0.138491
-0.321233
0.046715
0.199887
0.260515
-0.136884
-0.167648
-0.659737
0.108519
-0.322934
0.139577
-0.107193
-0.045532
-0.107308
0.170513
0.108594
0.016121
-0.045465
0.016121
-0.137901
-0.045503
-0.107222
0.293495
-0.076230
0.292737
-0.322081
0.046885
-0.045446
-0.045456
0.016111
0.016102
-0.014672
-0.076230
0.046885
0.016092
0.169716
-0.076097
-0.014672
-0.106881
0.567884
-0.259545
-0.075984
-0.414120
-0.261281
-0.045541
0.047056
0.108670
0.293020
0.200151
-0.076003
0.413856
-0.075778
-0.106401
0.199232
-0.136847
-0.075816
0.046471
-0.045239
0.046453
0.015876
-0.167507
-0.259695
-0.076022
0.016007
0.199822
0.015932
-0.014672
0.077085
-0.259545
-0.383110
0.108291
0.077451
0.016017
0.107990
-0.106654
-0.198891
-0.168447
0.046866
0.200415
-0.014672
0.444676
-0.075797
0.015895
-0.136996
0.046509
-0.045258
0.046490
-0.045248
-0.045258
0.107615
0.198971
0.015811
-0.258798
0.107465
0.472391
0.621019
0.286624
0.674882
0.074920
0.104660
-0.134004
0.045012
-0.074356
0.313148
0.282417
0.133542
-0.044297
-0.103601
-0.133367
-0.103785
0.015041
0.133762
-0.074019
-0.014672
-0.133472
0.607460
-0.162448
0.074020
0.309860
-0.250591
0.044360
-0.014672
-0.280590
0.369206
-0.014672
0.426440
0.161229
-0.278641
0.161384
0.948136
-0.480331
0.218428
-0.014672
-0.102021
-0.364833
0.102184
0.102048
-0.189804
0.043739
-0.190008
-0.073186
0.102321
0.072983
0.102082
-0.014672
0.131079
0.101776
-0.101996
0.101742
0.072550
-0.130985
-0.014672
-0.101996
-0.452437
-0.073186
-0.161106
-0.220041
-0.014672
0.132063
0.131848
-0.073254
0.102458
-0.249070
-0.044011
0.014666
0.014658
-0.014672
0.073266
0.043910
0.219315
0.014538
-0.073100
-0.248727
-0.073272
-0.014672
-0.396408
0.132322
0.073421
0.102664
0.014640
-0.043985
0.073240
-0.073272
-0.073306
0.073266
-0.043976
-0.014672
-0.073306
-0.044002
0.014658
0.014649
-0.043993
-0.308358
0.014735
-0.338631
0.044308
0.367850
0.044048
-0.014672
0.014675
-0.132112
-0.191091
-0.132458
0.014787
-0.044132
-0.073617
-0.103155
-0.191872
-0.014672
0.251011
-0.250800
0.191970
0.103218
-0.309658
0.132929
-0.280512
-0.073844
-0.014672
-0.044271
0.074098
0.014901
-0.044245
-0.044254
0.044482
-0.044245
0.074020
0.014874
0.191909
0.014805
-0.191663
-0.014672
-0.103285
0.221455
0.338477
-0.014672
0.073421
0.014675
-0.190884
-0.191195
-0.044123
0.103079
0.044151
-0.073496
-0.161883
-0.073617
0.044273
-0.014672
0.279532
-0.014672
0.366504
-0.014672
0.043842
-0.073186
0.043842
-0.190316
0.073188
0.043859
0.043825
-0.307498
0.365835
0.160459
0.363730
-0.014672
0.072449
-0.014672
-0.014672
-0.072744
-0.334672
0.130909
-0.131120
-0.540374
0.190096
-0.630239
-0.250174
0.044255
0.132495
0.220346
-0.161493
-0.250036
-0.014672
-0.103076
-0.073652
0.073784
0.250229
0.102837
-0.161580
-0.132354
-0.044114
-0.132527
0.044273
0.014787
0.014779
0.367400
-0.132077
0.014692
-0.132181
-0.073478
0.073524
-0.044062
-0.014672
0.132192
-0.014672
-0.014672
0.044013
-0.044011
0.249064
0.131548
-0.219440
-0.161192
0.190396
-0.161106
END
