y[]
-0.021096
0.147200
0.147003
0.118855
0.258258
0.229808
0.395748
-0.131710
-0.048558
-0.076378
-0.438716
0.174331
-0.300082
0.425436
-0.188101
0.090614
-0.300082
-0.413261
-0.077291
0.231497
0.203018
0.062911
-0.021001
0.090848
-0.104890
-0.021017
0.034951
0.062911
-0.216997
-0.301805
0.006967
0.091272
-0.189856
-0.557528
-0.304869
-0.163536
-0.049932
0.205972
0.035364
0.006967
0.205520
-0.219984
-0.078273
0.375814
0.233275
-0.021294
0.401890
-0.133898
-0.049435
0.569556
0.705782
-0.244044
-0.356721
-0.217500
-0.387067
-0.049451
0.119770
-0.134057
-0.332304
-0.504108
0.035428
0.291139
-0.106605
0.092158
-0.021422
0.092109
0.035332
-0.220177
0.205746
-0.021406
-0.049803
-0.021430
-0.078273
-0.078345
0.006967
0.063850
0.006967
-0.277771
-0.278585
0.149844
-0.107319
0.178346
0.035502
-0.135788
0.064093
0.377496
0.120700
-0.591581
0.520227
0.063833
-0.192208
-0.078515
-0.192776
-0.021601
-0.050192
-0.050225
0.178444
0.092595
-0.078662
0.092595
-0.050111
-0.021584
0.092595
0.006967
0.006967
0.035493
-0.307274
0.235604
0.092571
-0.651213
0.236390
-0.136361
0.436336
-0.250434
0.035600
-0.107614
-0.050373
-0.079104
-0.021740
0.035674
-0.050455
0.236456
0.121514
-0.250950
-0.222852
-0.252213
0.294902
0.121909
0.035682
-0.194212
-0.309991
-0.195258
0.006967
-0.166695
-0.137982
-0.051072
-0.080154
-0.022090
0.384052
-0.137898
-0.080053
0.180930
-0.079977
-0.051038
-0.051072
0.325761
0.382418
-0.108407
-0.253111
0.035898
-0.398831
-0.225659
-0.167858
-0.402151
0.386918
0.210959
0.006967
0.326688
0.180930
-0.166997
0.325669
-0.224716
0.035956
-0.457880
-0.138742
0.036126
0.530376
0.296570
-0.108774
-0.137898
0.035956
-0.138066
0.123010
-0.051038
-0.167249
-0.051173
0.065106
-0.022099
-0.167604
-0.022158
0.123415
0.152337
0.065056
-0.051122
0.210130
0.122875
-0.166946
0.354491
-0.021947
0.093685
0.093609
0.410309
0.006967
0.035715
0.179282
-0.021732
0.035665
0.093013
-0.050389
-0.194038
0.121876
0.150418
0.321838
0.035542
0.006967
0.803784
-0.191643
0.035364
0.063737
0.035340
0.063688
-0.191699
0.063769
0.290494
0.063576
0.091820
-0.247810
-0.106476
-0.078200
0.035364
-0.135099
0.035396
0.460740
0.148350
0.232764
-0.049435
-0.021246
0.316870
-0.077457
-0.021190
-0.021198
-0.049387
0.063321
-0.021206
0.232129
0.343762
-0.077126
0.259032
-0.021009
0.174705
0.258048
-0.076657
-0.917539
-0.133858
0.204067
-0.190133
0.006967
0.232192
-0.105582
0.119516
0.091296
-0.077362
0.006967
-0.049292
0.091343
-0.077410
-0.077481
-0.388068
0.006967
0.148230
-0.304075
0.402671
-0.332112
-0.134656
0.261744
-0.021310
-0.162861
0.571940
0.035132
-0.331538
-0.191025
-0.361776
-0.391667
0.149518
0.035453
-0.249700
-0.221735
-0.394525
0.293911
-0.279977
-0.079277
0.551927
0.178444
-0.193119
0.064175
-0.050241
-0.279566
0.207626
0.121449
-0.021641
-0.078907
0.121449
0.121318
0.064093
0.064061
-1.401305
-0.195844
0.093936
0.296319
0.064737
-0.224314
0.180478
0.064737
0.237714
-0.252661
-0.137563
-0.079851
-0.137898
0.122875
-0.021998
-0.312198
-0.225794
-0.022167
-0.051325
-0.051359
0.356414
0.036032
-0.051173
-0.138530
0.616636
-0.486288
-0.022124
0.152337
-0.109312
0.065123
-0.051190
-0.167706
0.239796
0.036032
-0.138445
-0.051257
0.326781
0.065005
-0.662516
-0.139168
-0.256615
-0.051701
-0.640666
0.390165
0.183334
0.270935
-0.374545
0.095137
-0.110611
-0.051874
0.212758
-0.139984
0.447173
0.590910
-0.459915
0.211496
0.094494
0.065276
0.298003
-0.051173
0.094163
-0.109312
0.673733
-0.282385
0.006967
0.035940
0.064887
0.093785
0.006967
0.035889
0.035881
-0.021947
-0.021956
-0.021964
-0.050920
0.035915
0.267120
-0.050787
-0.050820
-0.195550
-0.021998
-0.312198
0.297159
0.238515
-0.137688
-0.224917
0.006967
-0.196374
0.326317
-0.428764
-0.197026
-0.138997
-0.051479
0.357128
0.036092
0.181538
0.006967
0.006967
0.123178
0.123043
-0.283478
-0.255157
-0.051376
-0.490328
-0.022363
-0.227982
0.124510
0.183023
0.006967
-0.051684
0.182817
-0.168883
-0.022372
0.036305
-0.022372
-0.022380
0.241502
-0.315661
0.417404
-0.168729
-0.374769
0.036383
-0.317087
-0.229370
0.420191
0.359805
0.153616
-0.080997
-0.139811
0.095060
0.036314
0.036305
-0.081074
0.153659
0.211975
0.619481
0.006967
-0.196788
0.443077
0.093961
-0.109043
0.354592
0.985392
-0.394755
-0.021790
0.006967
-0.194559
0.208493
-0.108141
0.006967
-0.194791
-0.050753
0.006967
-0.282134
0.006967
END
