y[]
0.082416
-0.028119
-0.028127
-0.055785
-0.055816
0.027175
0.027168
-0.028150
-0.083513
0.054865
0.193013
-0.083375
0.027145
0.027137
-0.083398
0.027152
0.027145
-0.000491
0.137573
-0.000491
0.054681
0.164844
0.027038
-0.248527
0.054681
0.137307
0.054575
-0.138213
-0.276505
0.027145
-0.249488
-0.111356
-0.000491
-0.083720
0.055003
-0.055985
0.110466
-0.139206
-0.056031
0.082808
-0.139361
0.082854
-0.139438
0.193981
-0.167158
-0.306770
0.305788
0.166176
-0.167158
-0.028296
0.082900
0.221546
-0.194747
-0.083859
0.110651
0.249128
-0.000491
-0.000491
-0.055908
-0.166927
0.165945
0.110312
-0.166742
-0.028226
0.082692
0.027221
-0.000491
0.054911
0.082554
-0.028165
0.137803
-0.055785
-0.055816
-0.000491
0.137764
-0.028127
-0.083444
-0.028157
-0.111233
-0.000491
-0.194585
0.055003
-0.000491
-0.361753
0.110806
-0.028304
-0.056139
-0.028327
-0.056186
-0.223581
-0.028412
-0.252134
0.055484
-0.196542
-0.253123
0.280172
0.139545
-0.421190
0.027611
-0.000491
0.280093
0.391008
-0.028404
-0.224080
0.027485
-0.168464
0.139506
0.111366
-0.056404
0.055422
-0.252345
0.055531
-0.000491
0.055500
-0.056482
-0.112567
0.055563
0.055531
0.195341
0.194958
-0.140058
0.528832
0.110589
0.332011
-0.000491
0.330910
0.082188
-0.000491
0.109641
-0.055542
-0.110684
-0.110805
0.109823
-0.055633
0.082211
-0.165963
0.054697
0.054666
-0.359558
0.275829
0.577307
0.026940
0.191316
-0.137459
0.191211
-0.082604
-0.082671
0.191159
0.026858
0.136140
-0.137122
-0.137309
0.081622
-0.109990
0.109008
-0.109990
0.218387
-0.164605
-0.192298
0.163938
-0.082671
0.026910
-0.247371
-0.027960
0.136777
0.109188
-0.110170
-0.027930
-0.000491
0.136627
-0.055316
-0.082784
0.026948
-0.000491
0.054364
0.026925
-0.082762
0.026940
-0.110260
-0.027952
-0.027960
-0.027967
0.081915
0.136702
-0.000491
0.026925
0.026918
-0.000491
0.081690
-0.000491
0.136327
-0.164695
0.026895
-0.027877
0.081645
-0.000491
-0.027862
-0.219729
-0.055376
0.026955
0.081802
-0.110230
-0.110351
-0.055466
0.081961
0.026978
-0.165417
0.027016
-0.083033
-0.083101
0.054590
0.082074
0.082006
0.109399
-0.192878
0.164435
0.355918
-0.082626
0.054274
0.190949
0.217850
-0.136898
0.026805
0.026798
0.026790
-0.000491
0.026783
0.026776
0.244574
-0.163801
0.026746
-0.054972
-0.055002
0.026768
-0.027750
0.217374
0.135434
0.135250
-0.109069
0.135213
0.080843
0.026606
-0.108921
0.080843
-0.054706
-0.000491
-0.000491
0.080821
-0.081803
0.026620
0.134955
0.053636
-0.027551
0.242785
-0.000491
0.242195
-0.000491
-0.270178
-0.000491
0.053505
0.026496
0.053461
0.026474
-0.000491
0.026467
-0.027449
-0.000491
-0.081408
0.026489
-0.054458
-0.081495
0.026518
0.161409
-0.081408
0.107384
-0.243373
0.242391
-0.297427
-0.244096
0.026606
-0.353321
-0.190993
-0.109513
0.108531
0.081197
-0.245756
0.081331
0.054020
-0.164112
0.135879
-0.055017
-0.218891
0.190635
0.054050
0.081264
-0.000491
0.108412
0.135471
-0.027669
0.053857
-0.082024
-0.027683
0.135397
0.189443
-0.163269
0.080931
-0.027624
-0.136268
0.080998
-0.081979
-0.136453
-0.136638
0.081220
-0.245823
-0.055091
0.108679
-0.246292
-0.109930
-0.164875
0.109128
0.273032
-0.027810
-0.055151
0.108799
0.108679
0.081309
-0.055017
-0.109631
0.081376
0.163041
-0.218594
-0.164381
0.217969
0.081309
-0.082291
-0.000491
-0.109661
0.706995
-0.190476
-0.299770
0.244440
-0.218178
-0.300587
-0.301490
0.109068
0.108948
0.136140
0.054109
-0.027787
0.544024
0.026657
-0.326756
0.081175
0.162641
-0.190838
0.026724
0.135471
-0.082046
-0.027691
-0.027698
-0.136638
-0.055002
-0.218832
0.163309
-0.109661
0.054109
-0.219070
-0.000491
0.108858
-0.000491
0.245109
-0.027750
-0.109602
0.190375
-0.000491
-0.082246
0.081264
0.053975
-0.082201
-0.000491
-0.055002
-0.027757
-0.027765
-0.000491
-1.761681
0.027268
-0.000491
0.110466
-0.222528
0.193819
-0.028226
-0.139283
0.082808
0.138186
0.137994
-0.111264
0.165622
0.137726
0.165118
0.137307
0.137117
-0.110563
-0.028028
0.027046
0.247000
0.081870
0.300920
0.108888
0.108769
-0.328629
0.081645
0.026873
-0.082604
0.136327
-0.055196
-0.000491
-0.027854
-0.082626
-0.000491
-0.082694
0.026918
-0.055316
-0.027915
-0.082807
0.081825
-0.522973
0.082188
-0.028043
-0.138365
-0.055694
-0.083352
0.082371
-0.083352
-0.083421
0.220504
0.137383
-0.028051
-0.166008
-0.000491
-0.000491
-0.138632
0.027152
0.082393
-0.000491
-0.000491
-0.166328
0.165347
0.165072
-0.055648
-0.000491
END
