y[]
-0.272751
0.122203
-0.075339
-0.009506
-0.174278
0.155265
-0.207265
0.188252
-0.306291
-0.141694
-0.009506
0.023557
-0.075644
0.254782
-0.009506
-0.075513
-0.075557
-0.108664
-0.042581
-0.009506
0.056631
0.122638
-0.108598
0.452084
-0.075317
0.122073
0.023361
0.253047
-0.140697
0.187215
-0.140611
-0.009506
-0.239354
0.089064
0.056154
0.154455
-0.009506
-0.107851
0.088838
-0.009506
-0.140654
-0.107980
-0.009506
0.154563
-0.075102
-0.107980
0.023329
0.449060
-0.173039
-0.042245
-0.173360
-0.009506
0.088838
-0.009506
0.023254
-0.075037
0.023264
-0.009506
0.023254
0.023243
-0.042256
-0.206228
-0.140869
-0.042374
0.023361
-0.173953
-0.240187
0.188252
0.023415
-0.108304
0.122203
0.056283
0.515257
0.251846
0.055725
-0.107370
0.055746
0.023104
-0.434274
0.023232
0.219364
-0.074844
-0.238527
0.154133
0.023189
-0.074909
-0.009506
0.088581
-0.042191
0.088517
-0.042170
0.088453
-0.074802
-0.009506
0.023147
0.023136
-0.009506
-0.107466
0.121085
0.088325
-0.107338
0.023115
0.185997
-0.237631
0.088325
0.088229
0.218173
0.120364
-0.074420
0.120279
-0.041937
0.184920
0.087565
-0.106578
-0.106672
0.152385
-0.009506
-0.074231
0.119902
-0.138914
0.281426
-0.074085
-0.820278
-0.761267
-0.403984
-0.537909
0.122856
0.254695
-0.075491
0.221250
-0.042439
-0.075404
0.220946
0.023372
-0.075274
0.089129
0.056197
0.873285
-0.009506
-0.205010
0.413602
-0.139503
-0.107115
-0.009506
-0.172399
-0.042117
-0.107402
-0.042159
0.121042
-0.009506
-0.042127
0.120914
-0.042096
-0.042106
-0.009506
0.023093
-0.009506
-0.074717
0.088293
-0.009506
-0.009506
0.055640
0.055598
-0.009506
0.055555
0.120490
-0.074484
-0.009506
0.022988
-0.042000
-0.042011
0.022998
-0.009506
0.055471
-0.009506
0.087880
-0.009506
0.120195
0.120027
-0.041874
-0.139082
0.022903
0.087660
0.022861
-0.106641
0.022882
0.022872
-0.074273
-0.009506
-0.041906
0.120027
-0.171450
0.055302
0.055260
-0.041885
-0.009506
-0.041895
0.119985
0.119818
-0.106484
0.022830
-0.074189
0.055177
-0.009506
-0.041843
-0.041853
-0.009506
0.055177
-0.009506
0.022819
-0.009506
-0.041832
0.055135
-0.106484
0.022830
-0.138914
-0.139082
0.184794
-0.463463
0.087944
-0.009506
-0.041979
-0.009506
-0.074484
0.087944
0.055408
0.022935
-0.106862
0.055408
-0.464792
-0.009506
0.088229
-0.139842
0.088261
-0.074674
0.380865
-0.074463
0.185236
0.055323
0.022893
-0.074315
-0.041927
-0.041937
0.055344
-0.074357
-0.106862
0.087849
0.087754
0.055281
0.022872
-0.041885
-0.009506
0.022872
-0.106672
-0.236595
0.411820
0.184355
0.151758
0.022715
-0.041728
-0.138497
0.119484
0.054927
-0.009506
0.054885
0.022674
0.086972
0.054761
-0.009506
-0.009506
-0.073774
-0.009506
0.022632
-0.009506
0.151033
0.182801
-0.073568
-0.041553
-0.009506
-0.009506
0.022540
0.022530
-0.073588
-0.009506
0.022540
-0.009506
0.022530
-0.009506
-0.009506
-0.009506
0.022519
0.054514
-0.041511
-0.009506
-0.169686
-0.073650
-0.073691
-0.170149
-0.138207
-0.138372
-0.300063
-0.041843
0.152071
0.151810
-0.041749
-0.041759
-0.170927
0.216409
0.022726
-0.041738
0.183730
0.054823
-0.170407
-0.267488
0.022778
-0.009506
0.087283
0.054968
-0.009506
0.022715
0.054906
-0.009506
-0.235131
-0.106359
0.151862
-0.106296
0.022767
1.368500
-0.105033
-0.041369
-0.232828
0.022427
-0.105338
0.086325
-0.137302
0.022458
0.054391
-0.073404
0.054391
-0.009506
-0.041450
0.086294
0.086203
-0.009506
0.022376
0.086081
-0.009506
0.022336
0.181333
-0.041288
0.244462
0.180548
0.022134
0.116956
-0.135969
-0.104458
-0.072858
0.148797
-0.009506
-0.041147
-0.136169
0.022174
0.022164
0.085445
-0.072798
-0.136209
-0.072918
0.148947
0.022154
-0.072838
-0.041187
0.180427
-0.104428
-0.041167
-0.009506
-0.072858
0.148797
0.211698
0.085146
0.273914
0.084789
-0.009506
-0.135253
-0.009506
-0.040968
0.116280
0.084730
0.116004
-0.292125
0.554935
-0.165976
-0.040830
-0.009506
-0.040840
-0.009506
-0.009506
-0.072202
0.147160
-0.072143
0.021817
-0.040830
-0.072183
-0.009506
-0.009506
-0.072222
0.084552
0.147062
-0.291506
0.084582
0.084493
-0.009506
0.084405
-0.009506
-0.103418
0.053111
-0.040810
-0.009506
0.021797
-0.072124
-0.009506
-0.009506
0.021807
0.240650
-0.134506
-0.165976
-0.197594
0.209895
0.053091
-0.072104
-0.040820
-0.009506
0.021807
-0.009506
-0.009506
-0.040820
-0.040830
-0.009506
-0.166271
-0.009506
0.053229
0.021847
-0.072222
-0.040879
-0.103683
0.021896
-0.198067
-0.198423
-0.041027
0.085026
0.021985
END
