y[]
-0.145690
-0.175322
-0.205110
0.177776
-0.146209
0.059973
0.059938
0.030479
0.030470
-0.087255
-0.057865
-0.087385
0.001045
0.177828
0.059903
-0.057813
0.383005
-0.233835
0.382445
0.030323
0.001045
0.088829
0.001045
-0.145303
-0.086867
-0.116291
0.089060
-0.233835
0.059817
0.030418
-0.028328
-0.765694
-0.087804
0.149084
0.414391
0.148256
0.236132
0.264859
0.322542
-0.086533
0.088624
-0.057332
0.059422
0.117697
-0.028105
-0.115641
0.117731
0.030195
-0.115607
0.117697
0.088445
0.117460
0.001045
-0.028046
-0.173678
0.030187
-0.057247
-0.028114
0.001045
0.030204
0.059337
0.001045
0.001045
0.059303
0.088369
0.146415
0.001045
0.059134
-0.057044
-0.173424
-0.115437
-0.028097
-0.203185
0.379999
-0.231987
0.030204
-0.174035
0.059439
-0.057349
0.234417
-0.028097
-0.057264
-0.057298
-0.291182
-0.057503
-0.116154
0.235306
0.001045
0.059525
0.117902
0.030238
0.117731
0.117595
-0.086355
0.233942
0.117290
-0.144283
0.001045
0.117324
-0.057078
0.204327
0.088039
0.058999
-0.114897
-0.027961
-0.231310
0.088242
0.406960
-0.085798
-0.056892
-0.085924
0.001045
0.492873
-0.172265
0.087738
-0.201355
0.145658
-0.027861
0.116619
-0.085622
0.001045
0.058832
0.087663
0.001045
-0.085572
-0.056742
-0.056775
-0.375603
-0.027987
0.175110
0.116920
-0.579677
0.001045
-0.086355
0.146669
0.001045
-0.115437
0.030178
0.030170
0.059269
0.117392
0.001045
0.001045
-0.086202
-0.028054
0.117392
0.088216
-0.028004
-0.435700
-0.174189
0.234622
0.321325
0.059168
0.262180
0.463607
-0.114395
-0.114528
0.203211
0.001045
0.116385
0.029859
-0.171965
-0.027819
-0.027827
-0.172365
-0.027886
0.058899
-0.549920
-0.028037
0.088267
0.088191
0.146120
0.030035
0.174807
0.001045
-0.172717
0.001045
0.030026
-0.202001
0.030077
-0.057027
0.233131
-0.260089
0.001045
-0.115234
0.001045
-0.231919
0.030195
-0.028105
0.001045
0.030195
-0.086431
-0.057315
0.059405
-0.115709
0.001045
0.088624
-0.086533
-0.057383
0.147052
0.466839
0.493586
0.404853
0.087364
-0.981622
0.348972
0.376605
-0.056642
0.116385
-0.200888
0.029918
0.058765
0.029893
0.087538
0.029859
0.029851
-0.114229
0.087513
0.029851
0.029843
0.144909
-0.229237
-0.085448
-0.085522
-0.201238
0.029968
-0.085748
0.058916
0.174456
-0.317104
-0.085899
0.116954
0.116819
-0.230638
0.059016
-0.056926
-0.027953
0.145952
0.001045
-0.027919
0.030010
-0.259938
-0.144240
-0.231852
0.030187
-0.232327
-0.350038
-0.086919
0.089009
0.205993
-0.057469
-0.086790
-0.086867
0.059662
-0.028259
-0.028267
0.059662
0.293614
0.088649
0.030229
0.146839
-0.057247
-0.232463
0.234554
-0.203245
-0.262228
-0.468715
0.177464
-0.145949
-0.175633
0.001045
0.354091
-0.057709
-0.204868
0.030487
0.236270
0.294300
0.088854
-0.028216
-0.028225
0.205754
-0.379462
0.206113
0.059559
0.117970
0.059456
0.117765
-0.086482
-0.028148
0.059422
0.030221
0.030212
0.001045
0.088496
-0.028097
0.001045
-0.115607
0.030221
-0.028131
0.001045
0.466839
0.059117
0.261953
-0.259862
0.175059
-0.114931
-0.115065
-0.028004
0.001045
0.233198
0.348268
-0.027844
0.058815
0.001045
-0.172365
0.058882
-0.027869
-0.317565
0.001045
-0.086025
-0.377137
0.292081
0.059151
0.059117
0.175059
0.087939
-0.230839
-0.027978
0.088090
-0.056976
0.001045
-0.231378
-0.202769
0.117561
-0.115471
0.088445
-0.028080
0.117493
-0.319515
0.815003
-0.579677
-0.115505
0.204919
-0.348707
-0.203544
0.118004
0.059473
-0.057383
0.001045
-0.028182
0.030272
-0.350243
-0.116326
0.059748
-0.469544
-0.264638
0.001045
0.237242
0.030531
0.236617
-0.382041
0.001045
-0.353880
0.089895
0.148952
0.119214
-0.117123
-0.087673
-0.058144
-0.147081
0.001045
-0.117614
-0.206948
0.119951
0.001045
0.179140
0.030697
0.326634
-0.235641
0.119458
-0.176627
0.089921
-0.117473
-0.058267
-0.653719
-0.058692
0.209969
-0.178006
-0.058710
0.030927
-0.118536
0.269903
-0.058639
-0.058674
-0.328050
0.060961
0.240351
0.685877
-0.355673
0.209286
0.060463
-0.088095
-0.088174
0.030794
0.030785
-0.058443
-0.028712
-0.326873
-0.178273
0.180364
-0.088574
-0.990103
0.302432
-0.119401
0.691635
0.448874
0.209348
-0.117932
0.030803
0.209100
-0.147521
-0.117967
0.030811
0.060551
0.119951
-0.296486
0.030838
0.090371
-0.416492
0.001045
-0.118572
0.448874
0.060604
0.120057
-0.058443
-0.296929
0.328768
0.119951
0.179140
0.149215
-0.028571
0.208176
0.001045
0.119214
0.060077
-0.057987
0.178036
0.059973
0.089371
-0.116741
END
