y[]
0.155316
-0.274967
-0.076522
0.354343
0.056071
0.583592
0.220106
0.186958
-0.108151
-0.042641
-0.075541
0.121535
-0.801138
0.089178
-0.507684
-0.510515
0.323448
0.022997
0.455394
0.354343
0.221279
0.713903
-0.075412
-0.239902
-0.042836
0.253222
-0.570085
-0.308020
0.089288
-0.308898
-0.577205
-0.211391
0.457853
-0.277856
0.357222
-0.378207
0.724051
0.553854
-0.707661
-0.377805
-0.986093
0.461520
0.123922
0.090224
-0.145155
0.493112
0.123449
-0.110961
-0.178278
0.090134
0.257621
0.123382
-0.144367
0.156911
-0.144423
0.056503
1.155587
-0.142758
0.321159
-0.407967
-0.010231
0.354782
-0.308788
0.354782
-0.408539
-0.310226
0.056369
0.156375
-0.110381
0.156375
0.089619
0.122847
0.155976
-0.343121
0.289397
0.022997
0.321852
0.486114
-0.373829
0.188533
0.188259
0.220952
0.352053
0.121503
0.022997
-0.042663
0.022997
0.055832
-0.141288
0.220106
0.022997
0.055811
0.088592
0.186797
-0.304872
-0.042706
0.285550
-0.601697
-0.075997
0.089004
-0.142101
-0.208599
-0.043272
0.122384
0.089200
0.122220
-0.142429
-0.242255
-0.209677
0.022997
-0.043581
-0.143642
0.189636
0.089575
-0.076886
-0.310670
0.290020
0.388993
0.188917
0.354014
-0.109278
-0.208906
-0.043360
0.056181
0.188752
-0.076423
-0.076522
0.288161
0.188368
0.221082
0.088938
-0.307145
-0.507508
0.056236
0.022997
-0.276554
-0.511764
-0.178278
-0.044185
-0.414788
0.359925
-0.010645
0.022997
0.090269
0.258094
-0.044117
-0.144986
-0.044275
0.056639
-0.111638
-0.179296
0.090473
-0.416416
-0.010884
-0.520667
0.125159
0.260971
0.090886
-0.282866
-0.113243
0.159237
-0.215545
0.125299
-0.250041
-0.011185
0.022997
-0.045402
-0.079690
0.330742
-0.182061
0.228055
0.057133
0.363713
-0.522707
0.466608
0.022997
-0.283909
-0.421981
-0.148677
0.366051
-0.354427
0.468890
0.193966
0.295942
-0.420917
-0.113989
0.022997
0.091514
0.433114
0.227426
-0.591549
-0.975118
-0.636384
0.439954
0.092321
0.472436
0.091963
-0.011480
-0.322426
0.299431
-0.253437
-0.254203
0.300197
0.609509
0.571883
-0.182483
0.022997
0.160030
0.671353
-0.011022
-0.249576
-0.387260
0.296689
-0.593866
-0.011385
0.674242
-0.079550
-0.182412
0.091514
-0.045520
-0.011279
-0.286016
-0.080220
-0.080327
-0.460596
-0.011635
-0.463115
0.578361
-0.462778
0.543380
0.643903
0.674242
-0.628248
-0.080220
-0.252770
0.367587
0.057391
0.057379
0.091726
-0.321119
0.022997
-0.011480
0.091939
0.057450
0.160691
0.022997
-0.321593
0.092010
0.367350
0.022997
-0.390369
0.436363
0.194730
0.297158
-0.079725
0.022997
0.194142
-0.422591
0.022997
0.057344
0.194553
-0.114224
-0.493266
-0.357297
0.575675
0.675360
-0.422896
0.126072
-0.631613
0.022997
-0.392660
-0.011719
0.265758
-0.115651
0.092345
-0.115747
0.127073
-0.289558
-0.116230
0.092635
-0.151189
0.127545
-0.151310
0.162467
0.648216
-0.011635
0.022997
-0.011647
-0.428471
-0.605497
-0.609472
-0.578030
-0.154465
0.235914
-0.403291
0.271886
0.271268
-0.402989
0.094121
-0.333129
-0.298604
0.487201
0.236520
-0.190526
0.094222
-0.262208
-0.370493
0.094656
-0.623789
0.275022
0.238514
0.381164
-0.299295
-0.156504
-0.120836
-0.229210
-0.013085
0.022997
0.059079
0.598538
0.381035
-0.120065
-1.128924
0.348318
0.562858
-0.264566
-0.373757
1.065609
-0.263536
-0.192443
-0.228938
0.562082
0.022997
-0.192288
-0.481145
-0.266230
-0.849736
-0.563085
0.426297
-0.306855
-0.234309
-0.013815
1.085084
0.132227
-0.195582
-0.892928
0.573558
0.022997
-0.196864
-0.087115
0.243100
-0.233837
-0.087277
0.096526
0.463042
0.242295
0.351045
0.132108
-0.268230
-0.013466
0.459679
0.022997
0.240625
-0.813828
1.257581
0.992658
-0.120065
0.415925
0.022997
0.165498
0.094171
-0.083784
0.200901
0.022997
-0.154907
0.271975
0.022997
-0.368532
0.165549
-0.584256
-0.299989
0.524970
0.664710
-0.154844
-0.405116
-0.586652
0.166778
0.274118
0.094630
0.022997
-0.299757
0.058910
0.094785
-0.120630
-0.228847
-0.121199
-0.483333
0.059249
-0.595074
0.168770
0.313906
-1.587580
-0.383733
-0.385394
-0.200467
0.246461
-0.014212
0.468597
0.282017
-0.161948
-0.014033
0.022997
0.097044
-0.088094
0.060041
0.060027
-0.014033
0.244973
0.170708
0.354550
-0.641212
-0.051077
-0.236695
-0.274622
0.171917
-0.163188
0.209182
0.320174
0.022997
-0.236985
0.022997
-0.499003
0.990266
-0.199390
0.651814
-0.198487
0.059945
0.059931
0.207465
0.280682
-0.493038
0.465476
0.133311
-0.050532
0.499975
-0.270258
-0.307946
0.170218
0.096526
0.133190
END
