y[]
0.152607
0.188480
0.007942
0.007942
-0.028140
0.007942
0.044023
-0.100342
0.260422
0.007942
-0.064130
0.080014
0.151930
0.187636
-0.027971
-0.135840
0.187636
-0.099836
-0.028010
-0.172012
0.079962
0.007942
0.115875
-0.064001
0.079884
-0.064001
0.151775
-0.063949
0.007942
0.151672
0.007942
0.079729
-0.027946
0.187250
-0.027894
-0.027907
0.079626
0.043765
0.007942
0.043752
0.007942
0.007942
-0.027868
0.043752
0.043739
0.043726
-0.063640
0.472311
0.007942
-0.099029
0.399610
0.504221
0.149285
0.007942
-0.133401
0.078638
-0.027400
0.043284
0.078588
-0.098047
0.043284
-0.027400
0.007942
0.007942
0.149235
0.078513
0.113706
0.078389
0.254117
0.007942
-0.238234
-0.238841
-0.098009
-0.133501
0.114043
0.078613
-0.027388
-0.062755
-0.204448
-0.062955
0.043396
0.149635
0.043334
0.078688
-0.098197
-0.204674
-0.063031
-0.063081
-0.205430
0.043535
0.150189
-0.169899
-0.063283
-0.063334
0.114836
0.150291
-0.134407
-0.241657
-0.278079
0.151054
-0.063589
-0.135273
0.186929
-0.027830
0.115219
-0.135120
0.222457
-0.278181
-0.135427
-0.099720
0.079729
0.187185
0.007942
-0.135427
-0.027933
0.043816
0.187121
0.115295
-0.027830
-0.063640
0.079524
0.043714
0.007942
-0.565948
-0.136047
0.007942
0.295712
0.079755
0.151414
-0.063769
-0.135633
-0.027984
0.151568
0.115526
0.007942
0.472809
0.221769
-0.063283
-0.027690
0.150392
-0.241479
-0.242103
-0.063615
-0.063666
0.186865
-0.063589
0.258076
-0.099182
-0.027792
0.186481
0.079268
0.007942
0.007942
0.043586
0.043573
-0.027690
-0.027703
0.079218
0.007942
-0.098991
-0.134813
-0.099259
0.007942
0.079421
-0.853205
-0.389242
0.152555
-0.100499
-0.028231
0.044115
-0.173054
0.369606
-0.100420
0.332676
0.007942
0.007942
0.115953
0.079884
-0.099991
-0.136151
0.188025
0.079884
-0.064001
0.007942
0.043919
0.295298
-0.639776
-0.100420
-0.136724
0.116460
0.116343
0.007942
-0.100459
-0.100577
-0.100695
-0.137091
0.261611
-0.209450
-0.282651
0.117013
-0.028402
0.189529
-0.210002
-0.465906
-0.065158
0.081041
-0.138311
0.263743
0.153821
0.189992
-0.028442
0.443672
0.585978
0.223847
-0.135943
-0.136151
-0.100264
0.044023
-0.172596
-0.390393
-0.064654
0.116815
-0.100931
-0.028376
-0.137460
0.153343
-0.028389
-0.101129
0.225965
-0.137354
0.116934
0.044246
0.007942
0.007942
0.080511
0.044206
0.116657
0.225019
0.044075
-0.028192
-0.064365
0.116382
0.080170
-0.208900
0.044115
-0.136828
-0.028284
0.007942
0.152764
-0.318205
0.007942
0.116775
-0.064601
0.297797
0.044115
-0.209292
-0.028310
0.261427
-0.173054
0.080379
-0.318441
0.007942
-0.101090
0.153291
-0.246558
0.080722
0.007942
-0.137672
-0.283923
-0.138311
0.154194
0.080988
0.007942
0.299593
-0.174241
-0.357422
-0.065292
0.227481
0.154034
0.190257
-0.137884
0.117331
0.153608
-0.174175
0.117251
-0.174307
-0.467466
-0.359301
0.118256
-0.028816
0.118175
-0.028789
0.081390
0.154677
-0.028722
0.154516
-0.175309
-0.102170
-0.323123
-0.065777
-0.065832
-0.065886
-0.139878
0.044917
0.081852
0.007942
0.044876
-0.102903
-0.066023
0.118868
-0.214034
0.229917
-0.251078
0.266961
0.229426
-0.102739
0.302818
-0.065696
0.007942
-0.065750
0.118459
0.118337
-0.065642
-0.028870
0.155109
0.081444
0.044673
0.044659
0.044646
0.081309
-0.028735
-0.433235
-0.546281
0.193024
-0.177141
-0.326072
-0.178105
0.156807
-0.476682
-0.328948
-0.179711
-0.104819
0.007942
-0.104946
0.271149
0.083017
0.195383
0.082820
-0.066937
0.419080
0.231489
-0.290232
0.007942
0.157140
-0.215939
-0.066797
0.157363
0.082569
-0.216106
0.194683
-0.141423
0.007942
-0.366450
0.007942
0.307567
0.007942
0.157419
-0.104145
0.455537
0.119528
0.119404
-0.177897
0.564426
0.634903
0.374915
-0.175376
-0.102211
-0.102332
-0.065642
-0.065696
0.044767
-0.028884
0.007942
0.044767
0.044754
0.044740
0.044727
0.044713
0.044700
-0.102373
0.007942
0.081498
0.081444
-0.249553
0.485620
-0.065399
0.007942
0.007942
-0.028749
0.044632
0.007942
0.007942
-0.102170
0.044659
-0.102251
-0.028816
-0.102413
0.155055
0.374780
-0.285421
-0.359976
0.081634
0.191934
0.264964
-0.322637
-0.065669
0.081552
-0.102494
-0.176390
0.044835
0.007942
-0.028952
0.044835
0.155380
-0.102617
0.007942
-0.065832
0.044835
-0.102780
-0.065941
-0.585092
0.193643
0.267345
-0.251462
0.007942
-0.140592
-0.513669
-0.104187
-0.104313
-0.179429
-0.104650
-0.104777
0.270754
-0.142152
-0.104777
0.195735
-0.292697
0.195947
0.158092
0.007942
END
