y[]
0.261397
0.171647
-0.184965
-0.244896
-0.125991
-0.425445
-0.096628
0.263004
0.112958
0.112815
-0.215833
0.142795
-0.036532
-0.216021
-0.036604
-0.006659
0.262520
0.053060
-0.365511
0.113101
0.172713
0.351123
0.438776
0.022966
-0.273603
0.023036
-0.244472
0.171753
-0.244613
0.023116
0.201519
-0.036373
0.378926
0.406931
-0.006659
0.022817
-0.065622
0.022826
0.375863
0.110746
0.403177
-0.035878
-0.182149
0.110368
-0.182252
0.139689
0.051820
-0.094391
0.081073
-0.123653
-0.065207
-0.123858
-0.270860
0.228220
-0.065328
0.344835
-0.094417
0.197989
-0.123550
-0.065156
-0.065190
-0.182458
0.051975
0.022645
0.051923
0.139646
-0.035903
0.051820
-0.094391
0.197929
0.051718
0.051684
-0.006659
-0.327968
-0.153051
0.051923
-0.329288
0.198770
0.169088
-0.241057
-0.359290
0.140421
-0.183182
0.140464
0.110884
-0.006659
0.052061
-0.330046
0.140464
-0.036067
0.052147
-0.065466
-0.271716
0.170123
0.169811
-0.006659
-0.006659
0.052095
-0.153610
0.404260
-0.006659
-0.270628
0.052061
0.052026
-0.153438
-0.094830
0.081511
0.081433
0.052026
-0.447642
-0.568044
-0.273682
0.052741
0.319412
0.022931
0.347742
-0.036145
-0.006659
0.170123
0.140421
-0.242092
0.052251
-0.154000
-0.095168
0.317490
-0.006659
0.081563
-0.065466
0.110919
-0.271404
-0.065587
-0.065622
-0.006659
0.140681
0.199253
0.169500
0.110608
-0.035963
-0.212028
0.110746
-0.035998
-0.006659
-0.036006
0.022688
-0.036006
-0.036015
-0.006659
0.140033
-0.094649
-0.271093
-0.006659
0.257774
-0.271093
-0.036084
-0.006659
-0.036093
-0.271951
0.111335
0.170071
-0.360433
0.111404
0.052320
-0.006659
0.052286
-0.065604
-0.124653
0.229190
0.169863
-0.124306
0.022765
-0.036084
0.052182
0.022748
-0.006659
-0.212693
-0.095090
0.052303
-0.420127
0.082085
-0.154610
0.111719
-0.036241
0.200227
-0.391218
-0.154961
-0.066042
0.230659
-0.452094
-0.006659
0.082587
-0.513442
-0.096359
-0.126384
0.113065
-0.156338
0.083174
0.351871
0.023160
-0.185710
-0.186032
-0.126420
0.023294
0.053221
0.023267
-0.306330
-0.006659
-0.186894
0.263571
-0.036649
-0.006659
-0.156742
0.263327
0.322338
0.023196
-0.066379
0.112744
-0.036497
-0.096225
-0.156114
-0.036577
-0.006659
-0.096466
-0.096547
0.232862
0.023241
0.411002
0.082613
-0.155491
-0.006659
-0.424570
0.023249
0.083013
0.261877
-0.036461
0.142261
-0.095985
0.171912
0.112211
0.349107
0.436277
-0.065604
-0.036145
0.052303
0.081719
0.081641
-0.183338
-0.065622
-0.272421
-0.451170
-0.036364
0.556222
-0.006659
0.111439
-0.006659
-0.036171
-0.183912
0.111544
-0.036197
0.140942
0.199617
0.022774
-0.006659
-0.124445
-0.272185
-0.036206
-0.006659
-0.036215
-0.332344
0.259889
-0.065831
-0.303044
0.141643
0.052600
-0.273603
0.112070
-0.184807
-0.036381
0.201210
0.023001
-0.184754
0.201087
-0.006659
0.052617
0.141379
-0.065848
-0.154786
-0.006659
0.022983
-0.036302
-0.095641
0.052670
-0.184754
-0.095826
0.052794
0.052758
0.378698
-0.154698
-0.095588
0.082269
0.259652
-0.124933
0.022922
-0.451302
0.052741
0.141687
0.407542
0.258710
0.375413
-0.124065
0.286596
-0.065242
0.285910
-0.035878
-0.182149
0.051872
0.051837
0.168626
0.197452
-0.239964
0.139220
-0.123345
-0.152709
0.285226
-0.386277
0.227122
-0.094263
-0.094340
0.022576
0.051786
-0.035878
0.022559
-0.065105
0.080996
0.139262
0.022499
0.080766
0.051582
-0.006659
0.138795
-0.181230
-0.064917
0.226170
0.022406
0.312505
-0.035632
-0.151650
0.138331
-0.064630
0.022330
-0.035649
-0.035657
-0.035666
-0.064698
0.109384
0.022330
0.022322
0.109182
0.224621
-0.266888
0.051228
-0.151440
-0.006659
-0.209705
0.109417
-0.093704
-0.006659
0.051379
-0.035674
0.109350
-0.035649
-0.064664
0.080335
0.051295
0.109148
0.051194
-0.122400
0.080159
-0.325362
-0.035683
-0.035691
-0.239218
0.138753
0.196563
-0.093704
-0.122837
-0.006659
0.254551
-0.267870
0.080487
0.022372
0.022364
-0.064714
-0.035700
0.051413
-0.006659
-0.006659
-0.035691
-0.006659
-0.151945
-0.152156
0.080664
-0.123108
0.197036
-0.443659
-0.065071
-0.006659
-0.416496
-0.094700
0.052043
-0.153481
0.052095
-0.036032
0.022714
-0.065414
-0.006659
-0.153697
-0.094986
0.052233
0.375301
-0.094675
0.022688
0.139947
0.373514
0.168319
-0.035801
0.080741
0.167912
0.051463
-0.064782
-0.181230
0.080664
-0.093983
-0.444425
0.197870
0.080868
0.080791
-0.240032
0.401386
0.051497
0.022406
0.254551
0.253871
0.195507
-0.122133
-0.006659
0.051094
-0.093302
-0.064463
-0.151314
0.022288
END
