y[]
-0.096903
0.100157
0.139348
-0.768024
0.179832
0.060981
0.179286
0.060763
-0.057479
0.021339
0.021323
0.139348
-0.057401
-0.018070
-0.214959
0.060732
-0.136297
-0.175923
0.179208
-0.057494
-0.532007
-0.137047
0.140534
0.061138
0.140158
0.060950
0.139783
0.060763
-0.096903
-0.018070
-0.018070
0.060763
0.139410
-0.057417
-0.057432
0.021292
-0.096810
-0.373170
0.021448
-0.097121
0.533982
-0.254291
0.218151
-0.333155
0.178974
0.257142
0.412881
-0.057171
0.021031
0.372098
0.176445
0.098458
0.137089
0.136849
0.213859
-0.249999
0.291049
0.136132
-0.133699
0.174571
0.135776
0.020355
0.135481
0.020281
-0.018070
-0.018070
-0.018070
-0.056421
-0.018070
-0.018070
0.020281
0.058588
0.096807
-0.018070
-0.056347
0.096719
-0.171151
-0.094698
0.478968
0.058179
0.210328
-0.399023
0.172588
0.020018
-0.056158
0.020018
-0.094260
-0.132465
0.020076
0.096281
0.058091
-0.094231
-0.170567
0.096325
0.134253
0.437512
-0.131771
0.095631
0.284502
-0.131427
0.019730
-0.018070
-0.131513
-0.018070
0.057573
0.133045
0.019673
0.019659
-0.018070
0.057345
-0.168956
-0.093599
-0.055856
-0.055870
-0.093713
0.057573
0.019730
-0.245085
-0.018070
-0.131771
0.133503
0.019787
-0.131685
-0.093885
-0.018070
0.095631
0.435446
0.132646
-0.168786
0.057316
-0.018070
-0.509100
-0.131728
-0.018070
0.171288
0.246430
0.095074
-0.093485
-0.018070
0.057345
-0.131213
-0.093570
0.057430
0.019659
0.019645
0.094988
-0.131128
-0.169013
-0.282770
-0.055942
0.019802
-0.169643
0.057745
-0.018070
-0.093885
0.057745
-0.131814
0.095674
-0.435766
-0.018070
0.019975
0.095977
-0.208220
-0.018070
0.058034
0.133964
0.019902
-0.094029
-0.170161
0.096020
0.171791
-0.169930
0.171719
0.284846
-0.434816
-0.018070
-0.018070
0.019888
0.019873
0.019859
0.057745
0.095545
-0.055927
-0.018070
-0.055942
0.019802
0.095459
0.019744
-0.093713
0.284159
-0.018070
-0.131299
0.471665
0.019503
-0.055643
-0.018070
-0.055657
-0.206217
-0.055742
-0.055756
0.019616
-0.018070
0.019602
0.019588
0.057203
-0.055699
-0.055713
0.170006
-0.055657
-0.055671
0.132249
0.094522
0.393684
-0.167603
0.056724
-0.055460
0.206062
0.168323
-0.092586
0.056446
0.130795
0.093433
-0.018070
-0.018070
-0.055224
-0.092419
-0.092475
0.019139
-0.092502
0.130740
-0.241367
-0.167212
-0.242202
0.056696
-0.092836
0.243368
-0.130031
-0.167547
-0.018070
-0.205231
0.131687
0.056724
-0.018070
-0.092864
0.206145
-0.055404
-0.018070
-0.167547
-0.467846
0.132080
0.019432
-0.018070
0.131799
-0.018070
0.094184
-0.092892
0.056752
-0.092892
-0.055502
-0.167939
-0.018070
0.056893
-0.018070
0.019390
0.019376
-0.205441
-0.130661
-0.130788
0.132193
0.393993
0.094017
-0.279801
0.019362
-0.167883
0.131743
-0.018070
0.056752
-0.092892
-0.018070
-0.092948
0.579393
-0.204394
0.614020
-1.136233
-0.355972
0.432212
-0.280488
0.206902
-0.130493
0.505491
-0.055376
0.168323
-0.055321
0.019181
0.093600
0.167769
-0.055210
-0.092392
0.056252
-0.092392
0.019098
-0.018070
-0.055238
0.093392
-0.055210
-0.092392
-0.204117
-0.092586
-0.018070
-0.167268
-0.055404
-0.130157
0.205978
0.279882
-0.166935
-0.167157
0.093766
-0.129906
-0.055376
0.205560
0.538828
0.314586
0.276698
0.239141
-0.348892
0.165855
-0.054828
0.165585
0.018621
-0.164913
0.165450
0.055244
0.128397
-0.127900
-0.018070
-0.054707
0.055190
-0.164644
-0.018070
0.091881
-0.091357
-0.091411
0.055271
-0.091411
-0.201657
0.092123
0.092002
-0.091438
0.055298
-0.275092
-0.091626
0.055486
-0.128425
0.055514
-0.054855
-0.091681
0.018742
0.018729
-0.018070
0.018715
0.018701
-0.018070
-0.091626
0.092244
-0.312513
0.092448
0.018742
0.092285
-0.054841
0.055459
0.055405
0.018647
0.018634
-0.091491
0.018647
-0.054787
-0.054801
-0.018070
0.055378
0.055325
0.018607
0.018594
-0.128101
-0.201725
0.128881
0.055325
0.201791
0.018527
-0.018070
-0.018070
-0.127900
0.311058
0.018433
0.018420
0.018406
-0.054546
0.091319
-0.054520
0.054816
0.018353
-0.273312
-0.127659
0.018473
-0.054613
0.018473
-0.091169
-0.018070
0.091559
0.018446
-0.054586
0.054949
-0.054573
-0.018070
0.054923
-0.018070
-0.018070
0.018406
-0.200585
-0.054613
-0.054626
0.128075
0.054923
-0.054560
-0.018070
0.018420
0.054869
-0.018070
0.164046
0.091041
0.163517
-0.018070
-0.126983
-0.127101
0.054631
-0.090771
-0.200054
0.054763
0.054710
0.127332
0.054552
-0.090692
0.090843
0.054473
-0.018070
-0.018070
-0.199525
0.054552
-0.090692
-0.018070
-0.018070
END
