y[]
-0.171238
0.075790
0.106611
0.137347
-0.294638
-0.264591
0.354404
-0.481506
0.817966
0.075580
-0.263389
0.475899
0.443189
0.349933
-0.169090
0.014004
0.075073
0.014004
-0.138738
-0.077753
0.044599
-0.108433
0.105845
-0.353869
0.167449
0.075316
0.075279
0.044627
-0.200555
0.014004
0.044684
-0.447181
-0.449317
-0.607116
0.045152
-0.110645
0.076348
0.200804
0.014004
0.138343
-0.110335
-0.110490
-0.017144
-0.110684
0.232107
0.324756
0.570936
-0.078603
-0.140532
-0.451041
0.076135
-0.328196
-0.298106
-0.518829
0.421720
0.107857
0.263848
0.356523
-0.203827
-0.454381
0.107857
0.450822
-0.048282
-0.235528
0.107652
0.449870
-0.359479
-0.048379
0.232175
-0.110607
0.231971
-0.141638
0.169646
-0.048224
0.169501
0.045074
-0.017066
0.014004
0.107186
0.076077
0.107042
0.261682
-0.233674
0.199820
0.168587
-0.047801
0.168444
0.568022
-0.047402
-0.016713
0.014004
-0.016723
0.075448
0.044712
-0.016704
0.228761
0.044646
0.136478
-0.077837
0.105845
0.014004
0.014004
-0.047214
0.014004
0.044618
0.258578
-0.077641
0.258204
-0.169090
0.197098
0.074961
0.074924
0.014004
-0.046916
-0.107947
0.074998
0.105426
0.287768
-0.046768
0.074776
0.014004
0.135437
-0.411658
0.135807
-0.168756
-0.108022
-0.138738
-0.077753
0.014004
0.075185
-0.077781
-0.047233
0.044627
-0.200555
0.075354
-0.139441
-0.262792
0.198619
-0.078261
0.167732
-0.078204
0.259704
0.014004
-0.047365
-0.016694
-0.201149
0.137005
-0.047478
0.075486
-0.047478
0.075486
0.044731
0.198166
0.014004
-0.078035
0.014004
0.044693
0.075354
0.044665
-0.047327
0.503601
-0.016526
-0.077641
0.349626
0.074905
0.166095
0.287187
-0.016313
-0.168090
0.135437
-0.046694
-0.016359
-0.107540
0.105176
0.135437
-0.016340
0.044348
0.256428
-0.016267
-0.107171
0.044312
-0.016304
-0.107318
-0.107466
0.074757
0.377751
-0.107098
0.104844
-0.016267
0.104789
0.014004
-0.046510
0.014004
-0.046547
0.014004
0.165313
-0.167594
0.195602
-0.076754
0.014004
-0.137442
-0.259179
-0.077223
0.196375
-0.046749
0.135474
0.165634
0.104872
0.014004
0.044275
-0.167759
0.014004
-0.168090
-0.046768
-0.138087
-0.046897
0.014004
-0.016461
-0.138458
0.227386
-0.199378
0.196931
0.318140
-0.412047
0.044496
-0.046990
-0.047027
0.014004
0.014004
0.075035
0.014004
-0.077557
-0.077641
0.105649
-0.108208
-0.077753
-2.088733
0.076484
0.232379
-1.493089
0.738987
-0.080262
0.233819
-0.394609
-0.017497
-0.143650
0.140147
-0.049048
-0.460155
-0.081098
0.077416
0.077375
0.267089
0.045595
-0.112418
0.235138
-0.333712
-0.049347
0.045685
-0.144500
-0.176533
0.299673
0.172357
-0.080978
0.235488
0.234999
-0.049087
0.140147
-0.175271
-0.049167
-0.017597
-0.049227
0.361281
0.360080
0.170916
-0.048731
0.014004
-0.363236
-0.238282
-0.270581
-0.557608
0.300218
-0.591190
0.332984
-0.017848
0.173164
-0.081461
0.109469
0.141150
0.077516
0.425853
0.014004
0.298140
-0.017527
0.140068
-0.333054
-0.270851
0.614417
-0.396415
0.329860
0.014004
-0.365143
-0.081008
0.330360
-0.049187
0.329561
0.045505
0.108448
-0.017467
-0.206573
0.203100
0.076956
-0.744054
0.172407
0.108926
-0.525081
-0.176957
0.173164
0.172911
-0.240368
-0.049690
-0.369016
-0.049976
-0.178181
0.142168
0.078024
-0.178181
-0.242818
-0.179046
0.271322
-0.082413
-0.082506
0.174802
-0.018135
0.558964
-0.370365
0.238399
0.205943
-0.113914
-0.018001
0.141963
-0.145970
-0.114160
0.014004
-0.018063
-0.082258
-0.436447
0.175112
0.399609
-0.018073
-2.684908
0.375906
-0.084567
0.407705
-0.478365
-0.282585
0.047002
0.145887
0.178613
0.112640
-0.051742
-0.183494
0.178613
0.014004
0.079772
-0.051764
-0.018896
-0.018907
0.408223
0.374011
0.307594
-0.181627
0.209635
0.663357
-0.375102
0.046487
-0.246159
0.046561
-0.148889
-0.345297
-0.248119
-0.018810
-0.150227
0.014004
-0.051764
-0.216525
0.079924
-0.117879
1.909486
-0.018374
-0.148044
0.014004
0.467079
0.046288
-0.212204
0.111013
-0.115362
-0.310145
-0.083446
-0.246328
-0.181691
0.891630
-0.537677
0.046540
-0.083636
0.857070
-0.179920
-0.342503
-0.474199
-0.345532
-0.084276
-0.215693
-0.084599
-0.513528
0.376981
0.277162
-0.183300
-0.084794
-0.150877
0.145930
-0.183951
-0.151258
0.080142
-0.052134
-0.516677
-0.119108
-0.052618
0.313455
0.179979
0.708107
0.474077
0.210532
-0.051462
0.210275
-0.510244
-0.413980
-0.118053
-0.019037
0.771209
-0.117273
0.112478
-0.051634
0.439885
0.014004
0.014004
-0.018692
-0.116886
-0.248291
0.046829
-0.084502
END
