y[]
-0.055541
0.066522
0.066485
0.035974
-0.024993
0.005491
0.096912
0.066392
0.005491
0.066355
0.066318
0.005491
-0.268524
0.066448
-0.055466
-0.177604
-0.025058
0.097108
0.036011
0.066503
0.035983
-0.025002
-0.025011
-0.025020
0.096996
0.035974
-0.055485
0.035983
-0.055504
0.066485
0.188250
-0.055392
0.005491
-0.116386
0.035974
-0.024993
0.005491
-0.086015
-0.086098
-0.055615
0.005491
-0.116834
0.005491
-0.116983
0.005491
0.005491
0.005491
-0.025151
0.097388
-0.086407
-0.055821
0.281099
-0.055690
0.127815
-0.055653
-0.055690
-0.055728
0.066709
0.066671
0.005491
-0.055690
-0.147625
-0.025161
-0.332296
0.128454
-0.302202
0.097898
0.005491
0.036274
0.067029
0.189879
-0.240436
-0.117700
0.036303
0.036293
0.128605
-0.025274
0.067010
0.066972
0.005491
0.036217
0.036208
0.097586
0.005491
0.097501
-0.025170
-0.055859
-0.086605
-0.055953
-0.025245
-0.117548
0.097784
-0.086803
0.036265
0.097756
-0.025255
-0.179182
0.159408
0.066991
0.005491
0.066953
-0.025236
-0.086746
0.128454
-0.271390
-0.829781
0.191710
0.098471
0.067429
0.191077
-0.087259
-0.087346
0.005491
0.067391
0.129176
0.159883
-0.025369
-0.025378
0.098069
-0.025359
0.098012
0.036312
-0.210459
0.005491
-0.087202
-0.118233
0.407036
-0.025340
-0.117928
0.128909
-0.056200
-0.179809
-0.025426
-0.056371
-0.056410
0.005491
-0.056448
0.005491
0.067429
-0.056448
0.005491
-0.087489
0.036494
-0.087547
-0.025541
0.222511
-0.211530
0.098557
-0.025522
0.036503
-0.025522
0.005491
-0.025532
0.005491
0.067525
0.067487
-0.087518
0.098499
0.222175
0.036407
-0.118233
0.067372
-0.056391
0.407036
-0.179637
-0.179981
-0.025455
0.005491
0.036436
-0.118348
0.005491
-0.087489
-0.211800
-0.305745
0.192348
0.098789
0.067641
0.222713
-0.087547
0.067525
0.036494
0.253169
-0.056371
-0.211328
-0.025522
0.005491
0.005491
0.005491
0.036503
0.005491
0.067487
0.005491
0.036474
-0.025493
-0.087518
0.129483
-0.118502
0.098499
0.160313
0.098269
0.005491
0.005491
0.005491
0.067295
-0.056314
0.067295
0.128986
0.005491
0.036341
0.097983
0.005491
-0.025331
0.005491
-0.117890
0.067200
0.036331
0.005491
0.005491
-0.056200
0.067181
-0.025350
0.221174
0.189993
-0.086718
0.005491
0.036236
0.128379
0.097558
0.005491
-0.086576
0.005491
-0.025217
-0.025227
0.097614
-0.055916
-0.055953
-0.117511
0.036255
0.097727
0.036217
-0.117473
0.281946
0.036161
-0.055859
0.066840
-0.117246
0.036189
0.066859
0.005491
-0.117284
0.066897
0.036180
-0.025198
-0.055916
-0.086689
-0.209927
-0.086974
0.005491
0.005491
0.221108
-0.056067
0.067048
-0.056067
0.036274
0.005491
-0.025293
0.067048
-0.056067
0.067048
0.005491
0.005491
0.005491
0.005491
0.036255
0.005491
0.005491
0.005491
0.128454
0.097614
0.158841
-0.147860
0.005491
0.158841
0.005491
0.036133
-0.424353
0.588404
-0.025104
-0.147625
0.066765
-0.086435
-0.301541
0.404448
0.311301
0.158046
0.096912
0.066392
-0.024955
0.035937
0.157582
-0.055318
-0.055355
0.066336
0.005491
-0.024928
0.066318
0.005491
0.005491
-0.055337
-0.024937
0.035918
-0.024937
0.005491
-0.024946
-0.024955
-0.085903
0.005491
0.005491
-0.024993
0.005491
0.005491
0.035974
-0.147018
0.005491
0.005491
0.157999
0.005491
-0.055485
0.005491
0.005491
-0.086043
0.036011
-0.025030
0.005491
0.036011
-0.025030
-0.055578
-0.116759
0.066634
0.036048
-0.055634
0.005491
0.097164
0.005491
0.036030
-0.025048
-0.025058
-0.025067
0.097136
-0.025048
-0.453717
-0.055897
0.097558
0.097473
0.036133
-0.178502
0.036180
-0.086605
0.066897
0.036180
-0.025198
0.128190
-0.117209
0.036180
-0.055897
-0.117397
-0.333232
0.005491
0.067162
-0.025340
-0.025350
0.067162
0.036312
-0.056162
-0.241499
-0.087288
0.067353
-0.025436
-0.056391
-0.056429
0.036455
0.067391
-0.056410
0.005491
0.036446
0.005491
0.036436
0.067353
0.098212
0.036379
-0.087202
-0.118233
-0.149380
-0.056525
-0.056563
-0.274230
0.098818
-0.025609
0.005491
0.160891
-0.149910
0.036590
0.036580
-0.056698
0.036590
-0.118965
0.005491
-0.119120
-0.119275
-0.369744
0.068128
0.099373
-0.057088
-0.370803
0.005491
-0.025931
0.068324
0.036893
0.131001
0.036844
-0.057225
-0.088657
0.005491
0.036883
0.036873
0.005491
0.256196
-0.057127
0.036804
0.005491
-0.119823
-0.119980
0.193637
-0.057186
-0.057225
-0.120059
0.036893
0.193696
-0.151323
0.068246
-0.025882
0.099579
0.099490
0.005491
-0.025833
0.130725
-0.025803
0.036785
-0.057107
0.130647
END
