y[]
-0.144984
0.073761
0.104948
-0.207543
-0.522093
-0.051691
-0.020240
0.105655
-0.020220
0.074154
-0.051671
-0.083202
0.074214
0.042713
0.042703
-0.051691
0.042713
0.105596
0.293772
0.011242
-0.051474
-0.208573
-0.240568
-0.020279
0.263131
-0.240648
0.137266
0.168548
-0.114584
-0.020240
0.168548
0.042673
-0.240489
-0.083321
-0.020299
0.137345
0.042743
-0.114822
-0.146562
-0.400217
0.169695
0.295827
0.042812
0.168945
-0.020279
-0.020289
0.074293
0.011242
0.168697
0.105596
0.074095
-0.083054
0.105537
-0.020180
-0.020190
-0.083113
0.105596
-0.020200
-0.020210
-0.051691
-0.114743
-0.178033
0.011242
0.232027
0.137186
-0.051711
0.042723
0.042713
0.231264
0.324721
-0.020062
-0.020072
0.355153
-0.051200
-0.082494
0.011242
-0.113876
0.167614
0.073722
-0.145033
-0.270669
0.105300
0.073898
0.136437
0.073781
0.011242
0.042496
-0.051278
0.011242
-0.270581
0.011242
-0.020121
-0.240015
-0.051671
0.105596
0.105507
0.136791
0.011242
-0.114308
-0.020170
0.042654
0.136791
0.136633
0.011242
-0.051435
-0.051474
0.105300
0.136516
0.136359
-0.020023
-0.020033
0.448196
-0.238213
-0.051219
-0.051258
-0.490170
0.011242
-0.177438
-0.272447
0.042802
-0.083470
0.200576
0.105774
-0.114822
-0.051850
0.168896
0.451355
-0.177142
-0.114545
0.042703
0.105566
-0.114545
0.074154
-0.051671
0.011242
-0.177735
-0.114941
-0.717417
0.233570
-0.465783
0.170503
-0.052432
0.138549
-0.147918
0.106768
0.106677
-0.052372
-0.499126
0.266751
0.075017
-0.180207
0.107012
-0.308350
0.139201
-0.180759
-0.149041
-0.181437
0.203920
-0.245745
0.043401
0.107658
0.139652
-0.052943
0.107503
0.075365
-0.020815
-0.277730
-0.149660
0.043442
0.011242
0.428913
-0.020825
-0.117128
-0.213803
-0.375731
0.108125
-0.766468
0.141281
0.043725
-0.248921
0.011242
-0.053905
0.108946
-0.053884
0.238995
0.270898
-0.183437
0.400221
-0.053483
-0.118334
0.108439
0.334553
-0.150283
-0.280162
-0.411180
0.108882
-0.379893
0.109169
-0.086686
-0.021422
0.402504
0.011242
0.173817
-0.021252
-0.053778
0.076261
-0.053778
-0.118924
0.660384
0.205165
-0.182682
-0.280351
0.270477
-0.442862
-0.053799
0.011242
0.238699
-0.021221
0.238256
0.205416
0.011242
0.011242
-0.021095
-0.021105
-0.085862
0.011242
-0.085956
0.076050
-0.118418
0.011242
-0.151070
-0.249006
0.206491
-0.249175
0.043831
0.076388
0.043799
0.043788
-0.021305
0.238847
-0.021242
0.043725
0.205920
0.173185
0.108282
-0.182933
-0.150859
0.076113
0.108471
0.076008
0.043609
0.011242
0.172923
-0.118083
-0.021116
-0.345381
0.238330
0.011242
-0.021168
0.108439
-0.150807
0.011242
-0.118586
-0.183817
0.303687
-0.021210
-0.216216
-0.249345
0.271828
0.043767
-0.053820
0.043778
-0.184135
-0.021358
-0.119264
0.011242
0.174347
-0.675597
-0.185868
0.208351
-0.120121
-0.087394
0.208415
-0.087297
0.273795
-0.185609
0.142518
0.240562
-0.021486
0.011242
-0.283792
-0.153043
-0.384146
0.110235
-0.021745
-0.186909
-0.021822
0.176449
0.209131
-0.120641
0.077205
0.077161
-0.054678
-0.021735
0.340514
0.044109
0.175418
0.011242
0.207898
0.109425
-0.054203
-0.218154
0.142389
-0.251226
0.076923
-0.185932
0.077009
-0.021637
0.109845
-0.054483
0.076966
-0.021615
0.470259
-0.185222
0.076772
-0.415478
-0.120424
0.438522
0.207834
-0.185351
-0.120035
-0.054461
0.142604
-0.021583
-0.153043
0.175526
0.044066
0.044055
0.371484
-0.185094
-0.514211
0.667627
-0.316413
-0.054418
-0.251830
-0.649481
-0.221047
0.144044
-0.188028
-0.121826
-0.122003
0.177769
-0.022042
0.177548
-0.121781
-0.121959
-0.122136
-0.189159
0.245004
0.011242
-0.389829
-0.089278
-0.022287
0.346026
-0.256496
0.044748
0.445807
0.111258
-0.255692
0.178159
0.044592
0.044580
0.177769
-0.088642
0.376994
0.077599
0.077555
0.209917
-0.220585
-0.055093
-0.321095
-0.055359
-0.122092
0.277731
0.011242
-0.022031
0.011242
-0.088642
-0.055403
0.044569
0.741656
0.011242
0.011242
0.176504
-0.054830
0.044283
0.143298
0.110170
0.110072
0.011242
0.208610
-0.416884
0.241998
0.109974
0.011242
-0.054570
0.011242
0.011242
0.011242
-0.054613
0.142907
-0.153368
0.142950
-0.087524
0.110007
0.175634
-0.186062
0.044153
-0.054591
0.241467
-0.120251
0.077009
0.306663
-0.251312
0.011242
0.011242
0.109780
-0.087297
-0.120294
0.109910
-0.054526
0.044131
0.011242
0.044120
-0.120337
0.011242
0.175688
0.109780
-0.087297
-0.350899
0.110137
0.307343
-0.120251
0.208415
0.011242
-0.185932
0.306857
-0.021561
-0.152935
0.076945
END
