y[]
-0.057135
0.007948
0.073031
-0.024588
0.007948
-0.024599
-0.057178
-0.187683
0.073201
0.073158
0.007948
0.105684
-0.089788
-0.024652
-0.024663
0.007948
0.007948
0.073158
0.040537
-0.024641
-0.057262
-0.155264
0.007948
0.040612
0.236296
-0.089852
0.007948
0.235998
-0.122303
-0.089852
-0.122600
0.007948
0.007948
0.105875
0.007948
0.007948
0.007948
0.105779
0.073116
0.007948
0.040516
0.007948
-0.154998
0.007948
0.105747
-0.253064
0.073265
0.073222
0.073179
-0.122558
-0.024705
0.203706
0.007948
-0.057262
-0.057305
0.105811
0.007948
0.073137
-0.024641
0.007948
0.040537
-0.089852
0.138326
-0.024631
-0.024641
0.138241
-0.122345
0.007948
0.040537
0.007948
-0.057241
0.105716
0.007948
-0.024631
0.073094
0.040505
0.040495
-0.024599
0.073031
-0.057135
0.170576
0.040442
0.137818
0.007948
-0.089439
0.040421
0.072862
-0.056966
-0.057008
-0.024546
0.040442
-0.024546
-0.024557
0.040452
0.007948
0.105398
-0.057008
0.040431
-0.024535
0.040431
0.072883
0.040400
-0.024504
0.170101
0.040347
0.040337
0.169734
0.104894
0.007948
-0.024357
-0.089030
0.040284
0.007948
-0.121460
-0.024430
0.007948
0.040326
0.105020
-0.024399
0.007948
0.007948
-0.024409
0.072652
0.040284
-0.024388
-0.089124
-0.024430
0.040326
0.007948
0.007948
0.007948
0.007948
0.007948
-0.024430
0.040326
-0.024430
0.007948
0.007948
0.105051
-0.056777
-0.024430
0.234375
-0.056693
-0.056735
0.040295
0.007948
0.072610
-0.024378
-0.089092
0.104988
0.040274
-0.024378
0.007948
0.040274
-0.089061
0.040295
-0.024399
0.040295
0.104925
-0.024368
0.007948
-0.056714
-0.024399
-0.218773
0.072778
0.040347
-0.121712
0.007948
-0.024493
0.040389
0.007948
-0.024493
0.007948
0.007948
0.007948
-0.024504
0.105271
0.040368
0.040358
-0.316622
-0.057093
0.105493
0.170312
-0.121922
-0.122091
-0.089692
0.138114
-0.057114
0.105525
0.007948
-0.024567
0.040463
0.072946
-0.057051
0.072946
-0.089566
0.040463
0.105430
0.072883
-0.056987
0.007948
-0.057029
0.072925
0.072883
0.007948
0.007948
-0.056987
-0.089534
0.007948
0.007948
0.040452
-0.024557
-0.154733
-0.057199
0.105652
0.007948
0.040495
-0.187492
0.040548
-0.220474
-0.352059
0.007948
-0.156121
-0.024898
-0.057777
-0.024931
-0.090753
0.040859
-0.024963
-0.090850
0.007948
-0.057972
-0.124022
0.073954
0.040935
0.238552
-0.354670
0.040968
-0.190334
-0.257041
-0.091604
0.107500
-0.058409
-0.091670
-0.025280
0.107599
-0.058475
0.074371
0.107500
-0.025225
0.074283
0.107368
0.173429
-0.025126
-0.091341
0.007948
-0.025170
0.107269
-0.058255
0.041055
0.007948
-0.224032
-0.124854
-0.091770
0.107665
0.074371
-0.158193
-0.625916
-0.596284
0.545222
-0.059054
0.007948
-0.126190
0.610158
0.207881
-0.125297
0.007948
-0.325942
0.007948
-0.327061
0.142086
0.074950
-0.529327
0.075265
0.377386
0.007948
0.108467
0.074905
0.141727
0.041365
-0.326724
0.041466
-0.059099
-0.025592
0.175536
0.141817
-0.092437
0.275417
-0.192587
0.007948
-0.092471
0.108366
-0.192990
0.141951
0.007948
-0.059031
0.275596
-0.025469
-0.360377
-0.227149
0.041567
0.142311
-0.361987
-0.160658
-0.262414
-0.161400
0.211131
0.041772
-0.093558
0.041795
-0.161400
-0.093799
0.007948
0.007948
0.007948
0.041875
0.007948
-0.025979
0.549404
0.041692
-0.059551
-0.025819
-0.093421
0.109316
0.109214
0.041680
-0.059529
-0.025807
-0.127187
-0.025864
0.075561
0.143037
-0.194755
-0.093558
-0.263239
0.312981
0.514278
0.142537
-0.059324
-0.093045
0.209832
-0.092943
0.142447
0.108704
0.007948
0.007948
0.075062
0.075017
0.007948
0.309203
-0.025480
-0.025491
-0.025503
-0.058987
0.007948
0.175200
-0.058919
-0.025503
0.074838
-0.326949
0.041488
0.007948
0.007948
-0.193462
0.075130
-0.126461
0.075175
0.007948
-0.025660
0.007948
0.175874
0.007948
0.075039
0.141996
0.007948
0.007948
-0.025547
0.074927
-0.092538
0.041454
0.041443
0.041432
0.041421
-0.059009
0.007948
0.007948
0.041432
-0.025536
0.007948
0.007948
0.007948
0.007948
0.007948
-0.025547
0.074927
-0.092538
-0.092639
0.209020
-0.226676
0.276045
0.041409
0.175088
0.041342
-0.092269
0.041365
0.108132
-0.125653
0.007948
-0.226283
-0.092605
-0.294319
-0.025694
-0.396638
0.176724
0.075379
-0.059483
-0.160829
0.277854
0.075311
-0.363110
0.007948
0.007948
-0.025853
0.075538
-0.093455
0.007948
0.041760
0.041749
0.041737
0.109248
-0.093352
0.007948
-0.093455
-0.093558
0.109454
0.176895
0.176610
-0.093216
0.041680
0.041669
END
