y[]
0.058339
0.286793
-0.104948
-0.039727
0.058189
-0.007085
0.025536
-0.007085
0.123293
-0.007085
-0.039663
0.123166
0.057977
-0.169819
-0.007085
-0.072253
-0.039685
0.058104
0.090619
-0.007085
-0.007085
-0.039642
-0.267926
-0.007085
0.058189
-0.007085
-0.007085
-0.039717
0.090779
-0.007085
0.123251
0.025473
-0.039642
-0.170031
-0.072338
-0.007085
-0.007085
0.351280
-0.072147
-0.202525
0.220891
-0.039621
-0.104757
0.058041
-0.039642
0.155596
0.090397
-0.137082
0.155385
-0.137039
-0.072125
-0.039621
0.155490
0.057871
-0.234616
-0.007085
0.057977
-0.137251
-0.235284
-0.039727
0.123421
0.058104
-0.202780
0.058189
-0.072359
0.058189
-0.007085
-0.039717
0.090779
-0.039695
-0.104980
-0.039738
0.123464
0.155861
-0.104821
-0.268182
0.123549
0.351280
0.057935
0.057892
0.057850
0.187468
-0.007085
-0.007085
0.057682
-0.039463
0.057661
0.089955
-0.007085
-0.104125
0.057619
-0.039432
0.089924
-0.039411
0.186714
0.282911
-0.135868
-0.007085
-0.071539
-0.071580
0.057411
0.025147
-0.007085
0.025137
-0.103781
0.121823
-0.007085
-0.007085
0.025116
-0.039286
0.185965
-0.039234
0.025064
-0.200135
0.057307
0.185841
-0.167831
-0.135868
-0.071539
-0.136117
0.025189
0.121906
-0.103812
-0.007085
0.089643
-0.007085
-0.071559
0.025158
-0.007085
0.057369
-0.039306
-0.007085
0.089549
-0.135951
-0.200696
0.315392
0.089456
-0.103625
-0.007085
0.025106
-0.007085
0.025095
-0.007085
-0.039265
-0.007085
-0.103688
-0.136034
0.121864
-0.103781
-0.071601
0.121906
-0.007085
-0.232928
0.347583
0.346329
0.024982
-0.039152
0.153146
0.056936
-0.167213
0.089023
-0.071146
-0.039131
-0.071208
-0.296149
0.153609
-0.071332
0.025044
-0.103501
0.121450
-0.167779
-0.458407
-0.460453
0.122659
0.090113
0.025293
0.122323
0.122156
-0.039379
-0.104031
-0.071768
-0.039442
0.154597
0.057515
-0.007085
-0.071684
0.186589
-0.039338
-0.007085
0.057411
0.057369
-0.232855
0.121989
-0.071601
0.025178
-0.039348
0.315080
-0.007085
0.089363
-0.071373
-0.007085
-0.007085
0.121450
-0.586797
0.411933
-0.232491
-0.168401
-0.168662
0.154492
-0.007085
-0.039379
0.122031
0.057411
0.121781
0.057286
-0.071456
0.025106
0.057265
-0.039255
-0.007085
0.025085
-0.007085
0.185717
-0.071311
-0.135661
-0.039255
0.089394
-0.393559
0.250730
-0.135909
0.186090
0.025075
-0.039244
-0.039255
-0.135868
-0.071539
-0.071580
0.089643
0.025137
-0.007085
-0.136034
-0.007085
-0.007085
-0.071622
0.186401
0.153868
0.057224
-0.071393
-0.135826
0.089487
-0.039265
-0.071476
-0.135992
-0.103875
-0.039369
-0.104000
0.025231
-0.201134
-0.136660
-0.136829
-0.039547
0.057829
-0.007085
-0.104472
-0.039568
-0.039579
0.155279
0.122617
0.057703
0.057661
0.057619
-0.039432
0.025262
-0.007085
-0.104156
-0.007085
0.251564
0.089736
-0.071622
-0.007085
0.025189
0.057431
-0.103875
-0.007085
0.057452
0.057411
0.218322
0.121491
0.089239
0.153249
-0.007085
-0.007085
-0.039131
-0.007085
-0.007085
0.024961
-0.007085
0.056977
-0.007085
-0.007085
-0.039110
0.024941
0.056936
0.312404
-0.007085
-0.038988
-0.038998
-0.134840
-0.039049
0.120711
-0.007085
0.088655
0.088563
0.024778
0.088441
-0.102611
-0.038947
0.024778
0.024767
0.152024
0.120020
0.531317
-0.133507
-0.070356
0.119417
-0.007085
0.119258
0.056027
-0.007085
-0.007085
-0.070196
-0.007085
0.024476
0.087538
0.087448
-0.070097
0.055927
0.024406
-0.259292
-0.007085
-0.007085
-0.323241
-0.102127
0.151268
-0.007085
-0.070396
-0.038755
-0.007085
0.056246
-0.038745
-0.007085
-0.007085
-0.133828
-0.133988
0.119819
0.024616
-0.070496
-0.007085
-0.007085
0.056327
-0.038786
-0.229272
-0.007085
0.024686
-0.007085
-0.070637
0.119980
0.056387
0.119738
-0.038776
0.056287
-0.070456
0.024606
0.024596
-0.070456
0.087957
-0.228990
-0.038826
0.024656
0.119779
-0.007085
-0.229201
0.151620
0.056327
0.182909
0.056166
-0.387193
0.151469
0.087927
-0.228920
-0.007085
0.056347
-0.324646
-0.038896
0.120101
-0.007085
0.056448
-0.038846
0.119899
0.024636
-0.134029
0.119859
-0.007085
0.056327
-0.038786
-0.038796
-0.134029
-0.007085
-0.007085
-0.038846
-0.070637
-0.166143
-0.007085
0.151974
-0.134311
0.120142
-0.166143
0.056569
-0.007085
0.215385
-0.134150
-0.007085
0.056468
-0.007085
0.056427
0.088108
-0.070537
0.024646
-0.134069
0.024676
-0.038846
-0.134230
0.088290
-0.007085
0.088199
-0.165941
0.024707
-0.007085
0.024697
0.215102
-0.007085
-0.007085
0.024616
-0.038786
0.056307
-0.038776
-0.007085
-0.038786
0.024616
-0.007085
END
