y[]
-0.079192
-0.045516
-0.079260
0.089357
0.089255
-0.146577
0.156629
0.189943
0.055353
-0.247061
-0.045459
0.156346
0.021790
0.490792
0.121794
-0.045189
-0.011806
0.155000
-0.178612
-0.045201
-0.279365
0.222347
-0.011806
-0.212475
-0.279993
-0.112562
0.357136
0.655530
0.087911
0.120996
0.021367
-0.111358
0.021389
-0.111424
-0.011806
0.021411
-0.111490
0.054661
0.087812
0.054551
-0.044979
0.021367
-0.011806
0.120776
-0.044935
0.021323
-0.044935
-0.244017
-0.211274
-0.011806
0.054728
0.220714
0.021367
-0.111358
0.120908
-0.078141
0.021367
0.054507
0.021334
-0.078097
0.054485
-0.277234
0.947037
-0.143515
-0.077726
-0.077769
-0.077813
0.054201
0.153020
0.119860
0.185368
-0.011806
-0.011806
0.086635
0.086538
0.020954
-0.011806
-0.011806
0.020943
0.086378
0.020900
-0.011806
-0.208205
-0.110151
0.086538
-0.307130
-0.209175
0.218419
-0.143299
0.185368
0.053832
-0.208850
-0.143385
-0.143558
-0.242791
0.252133
-0.044760
0.054092
-0.110669
0.119990
0.054027
0.086862
-0.011806
-0.110474
0.021094
-0.275311
-0.044793
0.021181
0.054135
0.021148
-0.011806
-0.011806
-0.077726
-0.011806
0.054114
0.054070
0.021116
-0.110604
-0.011806
-0.044760
0.546946
-0.175821
-0.011806
0.119428
0.413518
-0.109797
-0.011806
-0.044491
0.216765
-0.044427
-0.077080
-0.011806
-0.077123
-0.109861
0.053575
0.020868
0.053511
-0.109797
-0.273586
-0.044577
0.151941
0.020911
0.314778
-0.109669
0.020826
0.281402
0.085739
-0.076826
0.020709
0.150611
0.085518
0.020614
-0.076657
0.053045
0.053003
0.117686
-0.076531
-0.141382
-0.011806
0.085391
-0.044195
-0.141466
0.117854
0.247010
-0.011806
0.117351
0.052710
-0.044059
-0.140922
-0.076426
-0.076468
-0.108878
0.117602
0.020520
-0.044132
-0.044142
0.117476
0.020488
0.149510
0.181431
-0.172811
-0.173070
-0.011806
-0.108690
-0.044121
0.052814
0.020488
0.052752
0.117185
-0.044038
-0.076301
-0.076343
-0.044090
-0.011806
0.052752
-0.044080
-0.529607
0.020635
0.053045
-0.076657
0.053045
-0.271462
0.085644
0.053108
-0.141676
0.053150
-0.076762
-0.239485
-0.076953
0.118445
0.053256
-0.076868
-0.076910
-0.272647
0.281593
-0.239931
0.086025
0.508351
0.117812
0.052940
0.117560
0.117393
-0.011806
-0.076385
-0.011806
0.246259
0.116977
-0.011806
0.116811
-0.172604
0.084704
-0.108316
0.052544
-0.011806
-0.172759
-0.011806
-0.011806
-0.108502
-0.108596
0.149458
0.374171
0.148579
-0.108006
0.084394
-0.236417
0.052420
0.212661
-0.075888
-0.011806
-0.043862
-0.075950
0.020271
-0.172294
-0.172552
0.084672
0.084579
0.116564
0.020261
-0.108037
0.116481
-0.043862
-0.043873
0.020261
-0.011806
0.020250
0.084302
-0.011806
0.020209
0.052194
-0.107821
-0.043832
-0.075888
0.084302
-0.043832
0.020220
0.052214
-0.075827
-0.172037
-0.011806
0.020261
0.116358
0.020209
-0.075847
0.148220
-0.203868
-0.525781
0.470123
0.052276
0.020220
-0.043832
0.020220
0.084209
-0.107821
-0.011806
-0.172037
0.052317
-0.011806
-0.011806
-0.011806
-0.043862
-0.043873
-0.011806
-0.011806
-0.043883
0.020271
-0.011806
-0.011806
-0.011806
-0.011806
-0.043883
0.340476
-0.011806
-0.107760
-0.332319
-0.108161
-0.140423
0.020364
-0.366245
0.084984
0.149302
-0.011806
-0.044007
0.084766
0.084672
0.277072
0.084302
-0.172037
-0.108068
-0.076032
0.212805
-0.011806
-0.429343
0.181120
-0.011806
0.084518
0.084425
-0.108037
-0.076012
0.084487
-0.075991
-0.011806
-0.043914
0.052399
-0.011806
0.020281
0.020271
-0.043883
-0.043893
-0.011806
-0.140258
-0.076094
0.245098
-0.236561
-0.043955
0.020343
0.020333
-0.011806
-0.204794
-0.044007
-0.044017
-0.205292
0.052731
0.084921
-0.011806
0.020416
0.116977
0.148940
-0.076073
0.084579
0.148630
0.404128
-0.171576
-0.235914
0.020240
-0.107975
-0.365220
0.084704
0.020343
0.148785
-0.108130
0.020312
-0.140341
-0.043966
-0.140548
-0.108471
-0.140838
-0.173331
-0.238380
-0.206422
0.117980
0.020614
0.085391
0.085297
0.214402
-0.108690
0.246342
-0.076281
-0.140880
-0.044101
0.117310
-0.237868
0.052835
-0.011806
0.020499
0.278470
-0.044017
0.020405
-0.172966
0.149354
0.213383
0.116646
0.212589
-0.075868
0.020230
-0.107945
-0.075950
0.020271
-0.011806
0.020261
-0.043873
0.052317
0.020240
0.020230
-0.075888
0.308194
0.020138
0.115867
-0.139479
-0.492037
0.020281
0.084394
0.052276
-0.140011
0.116399
-0.075888
-0.011806
0.116317
-0.011806
-0.011806
-0.011806
-0.043821
0.020209
-0.043821
0.180133
-0.235770
0.148220
-0.139806
0.339801
-0.171474
0.052092
END
