y[]
0.164233
0.163976
0.003720
0.030404
0.003720
0.057067
-0.022950
0.057053
0.030376
-0.076270
0.030390
-0.022950
0.083709
0.003720
-0.102947
-0.022965
0.003720
-0.103089
0.003720
0.217224
-0.156366
0.137142
0.216826
-0.022894
0.030333
-0.049514
0.003720
-0.022908
0.056968
-0.102805
0.056996
0.003720
0.030347
0.056954
0.030326
0.030319
0.189717
-0.208877
0.056911
0.003720
-0.129312
-0.076184
0.083624
-0.156152
-0.316793
-0.049799
0.217624
-0.049713
-0.103232
0.003720
0.030468
0.003720
0.137356
0.083816
0.110415
0.136929
0.030340
-0.076163
-0.182922
-0.210013
-0.264090
-0.049928
-0.157397
0.245298
0.030526
0.003720
0.110872
-0.103433
-0.049900
-0.103605
0.003720
-0.238183
0.084419
-0.238574
-0.050203
0.030685
0.057628
0.111449
0.165097
0.084311
0.030569
0.003720
-0.076850
0.057440
-0.023137
0.030576
0.057411
0.030555
0.030547
0.057353
-0.157268
0.191513
-0.130382
0.218197
0.137535
0.270814
0.003720
-0.022958
-0.103061
0.003720
-0.022993
0.083837
0.083773
-0.076334
-0.103118
0.003720
0.083859
-0.129881
0.110615
0.110500
0.030397
0.003720
-0.103032
0.163805
-0.209784
-0.103204
0.137356
0.030426
-0.103146
0.030447
-0.023007
-0.210356
-0.103490
-0.023101
0.057353
0.030526
0.030519
-0.076698
0.110930
-0.130311
0.110958
-0.318342
-0.103865
-0.077045
0.165184
-0.023173
-0.050087
0.057527
-0.427548
-0.104388
-0.239952
0.030824
0.409400
-0.456176
0.030831
0.003720
0.003720
0.355499
-0.023296
-0.023304
-0.348250
0.057950
-0.077636
0.030846
-0.186317
0.545727
-0.375376
0.030846
-0.077680
0.057994
-0.023414
0.003720
-0.077724
-0.023443
-0.023450
0.085208
0.085142
-0.159191
-0.159457
0.275533
0.085120
-0.104828
-0.104946
0.112386
-0.023436
0.003720
-0.513640
-0.873719
-0.134078
-0.134268
0.224410
-0.355149
0.114278
-0.051544
0.141822
0.141632
-0.051422
-0.327772
0.086696
-0.051590
-0.217826
0.059152
0.142166
0.003720
-0.107022
0.142128
-0.134689
-0.218133
-0.190806
0.059337
0.003720
0.003720
0.225880
-0.024023
0.170063
0.252717
0.003720
0.417342
-0.161524
0.251483
-0.188932
0.388653
-0.271081
-0.106412
0.058801
0.031249
0.251143
0.003720
-0.078686
-0.161297
0.003720
0.003720
0.003720
0.113761
0.031211
0.141064
0.113459
0.003720
0.031136
0.058529
0.085878
-0.051045
-0.133323
0.085968
-0.105959
-0.023719
-0.023726
-0.106140
0.031196
0.140988
-0.051165
0.031166
0.551067
0.167341
0.003720
0.601385
0.003720
-0.104681
-0.050525
-0.186369
-0.132279
-0.733888
0.386862
0.085631
-0.269579
-0.023651
-0.105839
0.550319
-0.050806
-0.078124
0.303488
0.139682
-0.105035
-0.105153
-0.078013
-0.078080
-0.078147
-0.132874
-0.160439
0.058469
-0.051030
0.058469
0.113129
-0.023621
-0.023629
0.140388
0.031031
-0.023591
-0.050925
0.085676
0.194690
-0.023539
0.139941
0.275607
-0.159324
-0.842933
0.359641
-0.187773
-0.435359
0.223500
-0.161070
-0.133813
-0.134002
0.361403
0.113519
0.085990
-0.051120
0.195527
0.386234
-0.023554
-0.351520
-0.215518
0.031151
0.359641
0.058365
-0.078259
0.140313
0.031016
0.031009
0.003720
0.031001
0.140015
0.003720
0.030957
-0.023517
-0.050776
0.030971
0.112652
0.030934
-0.159679
-0.105361
-0.269504
-0.875648
-0.051498
-0.134459
0.059014
0.279734
0.223984
0.031219
-0.354358
-0.051483
0.086513
-0.051468
-0.106747
0.114187
-0.134383
0.197010
0.058877
0.003720
0.251551
-0.354457
0.169191
0.058816
0.223802
0.195896
0.031143
0.250194
-0.105749
0.003720
-0.051060
0.058499
-0.051060
0.031113
0.085855
-0.105809
-0.023681
0.031121
-0.133360
0.140800
-0.160799
0.195632
0.140575
0.113069
0.494318
-0.132316
-0.187042
-0.023562
-0.461207
0.277468
0.222180
-0.242081
-0.160484
0.167923
-0.324958
0.058574
-0.051135
-0.188509
0.031204
0.031196
0.332848
-0.105869
0.304801
-0.133023
0.140463
0.031046
-0.105630
0.031068
-0.078348
-0.051030
0.031098
-0.133248
0.031128
0.058514
-0.023674
-0.105929
0.058559
0.386757
-0.873960
-0.078959
0.279050
-0.106321
-0.023809
-0.023817
0.113822
0.031226
0.168600
0.442077
0.630510
-0.105005
-0.023480
0.356741
0.003720
0.085010
0.517026
0.057599
0.111391
0.084397
-0.292417
-0.077197
0.300096
-0.103952
-0.131033
0.003720
-0.023253
0.030692
-0.104213
0.057701
0.003720
-0.023267
-0.104301
-0.050334
-0.023318
0.057788
0.192730
0.111566
-0.239097
-0.266770
-0.023369
0.112033
0.138946
-0.185649
-0.077548
0.030816
0.030809
-0.213200
-0.513359
0.003720
0.112801
0.003720
0.112682
END
