y[]
0.109828
0.548064
-0.082229
0.245752
-0.410412
-0.192201
-0.110073
0.054777
-0.027660
0.054762
0.054732
-0.027637
-0.055113
-0.000183
-0.275287
-0.110437
0.165151
0.054868
0.082336
-0.027682
0.054807
-0.385753
-0.082999
0.440710
0.109737
-0.137603
-0.110255
-0.275894
-0.165975
0.055111
-0.055478
-0.027842
0.082770
-0.027827
-0.027834
-0.027842
-0.166296
0.082908
-0.027873
-0.027880
0.221178
0.055081
0.248127
0.027369
0.357304
0.054701
0.082087
-0.109893
-0.192465
0.219537
-0.137452
-0.082635
0.082268
0.054747
-0.110073
-0.027675
-0.027682
-0.275590
-0.221056
-0.110803
0.110436
-0.332410
0.027544
-0.277807
0.110959
-0.139130
-0.027996
-0.167221
-0.028050
-0.139634
-0.000183
-0.111884
-0.028128
-0.000183
0.055698
-0.111978
0.027777
0.251108
-0.139712
-0.111946
-0.786042
0.140602
0.140404
0.112145
-0.000183
0.055933
-0.028238
-0.253028
-0.084607
0.056107
-0.281953
-0.141367
-0.000183
-0.311490
0.198033
0.056378
-0.226620
-0.198737
-0.199132
0.056699
0.255390
-0.369554
-0.028653
0.056748
-0.057115
-0.000183
-0.114144
-0.085739
0.028343
0.056845
-0.057212
0.028335
-0.000183
-0.142857
0.142490
0.596833
0.311123
-0.169867
-0.198512
0.028173
-0.000183
0.028165
0.367620
0.253660
0.084288
0.196639
0.112113
-0.140574
0.027910
-0.056379
-0.056411
0.168403
-0.056347
0.055981
-0.253170
-0.084655
-0.254026
-0.311314
0.339183
0.084479
0.197083
0.112366
-0.000183
0.056044
0.112176
0.055949
0.027871
0.083933
-0.112354
0.027871
-0.000183
-0.028238
-0.084394
-0.000183
0.336234
-0.000183
-0.084182
0.139775
-0.336412
-0.422066
0.365551
0.140128
-0.028230
-0.028238
-0.140574
-0.056395
-0.084560
0.224662
-0.309476
0.056123
-0.000183
-0.141009
0.168783
0.140404
0.055996
0.168167
0.139892
0.055792
-0.084158
0.111767
-0.084135
-0.000183
0.139696
0.027769
-0.000183
0.139462
0.055620
0.250548
-0.000183
-0.111542
-0.111666
0.278291
-0.055816
0.111051
-0.250636
-0.111697
-0.251545
-0.196125
0.027832
0.083815
0.195539
0.083580
0.306352
-0.083691
-0.111635
-0.083854
0.027715
-0.251545
-0.000183
0.223280
-0.223647
-0.336318
0.027871
0.111956
-0.028206
-0.000183
0.335575
0.111486
0.027715
-0.000183
-0.028081
0.055605
-0.111791
-0.028105
-0.028112
0.139384
-0.028081
0.055605
0.027699
0.027691
-0.083830
0.111330
0.055527
-0.028035
-0.167454
-0.028089
0.139267
-0.139634
-0.028097
-0.195796
0.083698
0.083627
-0.083994
0.055698
0.027746
-0.083994
-0.112040
0.139618
-0.336036
-0.168534
0.196198
0.083862
0.391097
-0.055987
0.500931
-0.055739
0.055372
-0.000183
0.083092
-0.166804
-0.000183
0.055388
-0.139169
0.083231
-0.083598
-0.000183
0.138802
-0.166989
-0.055847
0.111113
-0.111480
-0.000183
0.555065
-0.360744
0.360377
-0.027873
-0.027880
0.110559
0.027483
0.276060
0.165197
0.082404
0.027331
-0.000183
-0.027697
0.054837
0.054807
-0.275438
0.192574
-0.137830
-0.027735
-0.000183
0.192521
-0.055204
-0.082771
-0.082839
-0.248562
-0.055463
0.082724
-0.138400
0.055126
-0.000183
-0.000183
0.220750
0.054974
-0.193367
0.055050
0.192894
-0.608256
0.138340
0.138148
0.220750
-0.138210
0.027437
-0.000183
-0.055432
-0.193794
-0.194170
-0.027926
0.055295
0.166068
-0.055570
-0.111048
0.138378
0.082862
0.055142
-0.000183
0.027468
-0.055493
0.110406
0.055065
-0.027804
0.027437
-0.138362
-0.027842
0.082770
-0.027827
-0.083159
0.138072
0.082678
-0.110681
-0.027827
0.193160
0.192787
0.109918
-0.000183
0.329397
-0.027607
0.027240
0.027233
0.218875
-0.137038
-0.109802
0.191571
0.054536
-0.000183
0.136485
0.136298
-0.082050
0.190734
-0.054694
-0.245850
0.163662
0.136149
0.108749
0.108631
-0.054576
-0.054605
-0.000183
-0.136368
0.027068
-0.054694
0.136038
-0.081894
-0.136516
0.081639
0.027076
-0.109264
0.054372
-0.027457
-0.082050
-0.027487
0.136261
0.054342
0.027068
-0.027435
0.190423
-0.709987
0.736820
-0.054590
-0.136330
0.081527
-0.000183
-0.000183
0.135853
0.054179
0.162727
-0.135924
0.026979
-0.000183
0.054120
-0.244782
-0.054620
-0.109146
0.272000
-0.217871
-0.163760
-0.191362
-0.164342
-0.000183
0.109286
0.054506
-0.000183
-0.082229
0.191152
-0.054813
-0.000183
0.027135
0.054432
-0.000183
0.027113
0.027105
-0.328142
-0.082341
0.054596
0.027195
0.218575
-0.027502
0.136335
-0.191362
0.027150
-0.082207
-0.027539
0.027173
-0.054903
-0.000183
-0.027554
0.436856
-0.300443
0.054476
-0.191623
-0.082341
-0.137264
-0.109983
-0.055128
0.082223
-0.082590
0.027293
-0.055144
-0.027675
END
