y[]
0.060582
-0.000543
-0.000543
-0.000543
0.060545
-0.061630
-0.122830
-0.061742
0.060657
0.182831
-0.061630
-0.000543
0.091074
-0.183861
0.213296
0.121446
0.090851
0.029903
-0.000543
0.029894
0.242618
-0.061278
0.242176
-0.152173
-0.000543
-0.000543
-0.091631
0.060192
-0.091659
0.060211
0.029820
0.272309
-0.121718
0.029765
-0.030850
0.060063
0.029746
-0.030832
0.090297
-0.091383
0.181055
-0.151852
-0.030832
-0.000543
0.029746
-0.121755
-0.091548
0.090463
-0.000543
-0.061204
-0.000543
0.060118
-0.091548
0.151087
-0.000543
-0.212889
-0.000543
-0.061296
0.029838
-0.030924
0.029838
0.090546
-0.091631
0.029829
0.211804
-0.091493
0.362764
0.029673
0.029664
0.059844
-0.000543
-0.091136
-0.000543
-0.030759
-0.000543
0.059880
-0.000543
-0.000543
0.029655
-0.212119
-0.000543
-0.000543
-0.091356
-0.000543
0.060008
0.150674
0.090078
-0.030741
-0.060966
0.029673
0.029664
0.059844
-0.000543
-0.121352
-0.000543
0.059880
-0.060966
-0.061002
-0.000543
-0.121572
-0.091411
0.090325
0.150720
0.029682
0.090078
0.089996
-0.060893
-0.060929
0.059844
-0.000543
-0.000543
0.059807
-0.030713
-0.000543
-0.000543
-0.030722
0.059807
-0.151486
-0.030759
-0.030768
-0.030777
-0.091301
-0.091383
0.120559
-0.030805
-0.303665
0.181441
-0.212889
0.060174
-0.061259
-0.061296
-0.091742
-0.030961
0.060284
0.090629
0.060192
-0.061278
0.120890
0.029792
-0.243483
-0.030952
0.029866
-0.000543
0.090629
-0.061315
-0.061352
0.029866
-0.000543
-0.091798
-0.091881
0.029912
0.029903
-0.000543
0.151548
-0.091770
0.242544
-0.061259
-0.000543
-0.152495
0.029866
0.121001
-0.030915
-0.091714
0.060247
0.090573
0.120816
-0.152265
-0.122086
0.029857
-0.000543
0.060229
-0.030924
-0.061333
-0.061370
-0.091853
-0.000543
0.060340
-0.183303
-0.000543
0.151780
-0.030989
-0.122420
0.090879
0.029912
-0.061463
-0.061500
-0.183637
-0.061649
-0.061686
-0.000543
0.030034
0.030024
0.121632
0.090990
0.121371
-0.061481
-0.092020
-0.153191
-0.061668
0.060582
0.060545
-0.122755
-0.276067
0.030109
-0.123205
0.091468
-0.246092
0.060901
0.275489
-0.092469
-0.000543
0.305549
0.213165
-0.153145
0.060526
0.182440
-0.061500
0.151780
-0.122383
-0.031026
0.090879
-0.397308
-0.031129
0.060619
0.030024
-0.061686
0.121707
-0.000543
0.060526
-0.092160
0.060545
-0.183917
0.060619
-0.153518
0.274645
-0.122755
-0.153518
0.183000
-0.092272
-0.092356
-0.153753
0.060769
0.091355
0.030071
-0.061780
-0.000543
-0.000543
-0.153800
0.060788
0.091383
0.152479
0.030034
0.060582
-0.000543
0.030006
-0.183973
-0.276321
0.030137
0.122081
-0.031185
0.060732
0.030080
-0.000543
-0.000543
-0.000543
-0.061799
-0.000543
-0.000543
0.091327
0.121819
0.030024
-0.000543
0.152152
0.151919
-0.091992
0.060433
-0.000543
-0.153052
0.029978
-0.214381
-0.276152
0.060769
0.030099
0.091327
-0.061780
-0.031175
-0.031185
-0.184592
0.152855
0.122006
0.183000
0.060563
-0.122792
-0.092328
0.244031
0.091018
-0.031054
0.029968
-0.061574
-0.000543
0.090990
-0.061556
0.029968
0.060451
-0.061537
0.060451
-0.031035
-0.031045
0.029959
-0.000543
0.060433
-0.122531
0.090962
0.060414
-0.061500
0.090879
-0.000543
-0.000543
0.060359
-0.091909
-0.091992
-0.000543
-0.031045
0.060451
-0.000543
-0.000543
-0.031035
-0.031045
0.090935
-0.031026
0.029940
-0.000543
-0.092020
0.090935
-0.000543
0.060396
0.060359
-0.030989
-0.061463
0.242914
0.211997
-0.061222
0.120780
0.241661
-0.030786
0.150583
0.059844
-0.000543
-0.091136
-0.091218
0.029691
0.059898
-0.151714
0.422163
-0.574649
0.513286
0.029600
-0.000543
-0.000543
-0.060838
-0.030704
-0.000543
0.330733
-0.120880
-0.000543
-0.000543
-0.060766
-0.000543
-0.060802
-0.091000
0.029619
0.089887
0.059698
-0.030659
-0.030668
-0.060820
0.029600
-0.000543
-0.030686
-0.030695
0.120012
-0.000543
-0.030668
-0.302293
-0.000543
-0.061002
-0.030786
-0.000543
-0.030795
0.120413
-0.061002
0.059917
0.059880
0.210650
-0.211736
-0.060966
-0.030768
-0.061021
-0.000543
0.150583
-0.091191
0.059898
-0.030759
-0.000543
-0.030768
-0.091273
-0.000543
0.029710
-0.182196
-0.212889
0.029820
-0.030906
-0.030915
0.060192
-0.000543
0.029811
-0.122013
0.090573
-0.030906
0.029820
0.060155
0.211611
-0.000543
-0.152035
-0.456401
-0.244520
-0.031082
-0.061649
0.030015
0.060545
0.182496
0.273388
-0.061352
0.029866
-0.000543
0.090629
-0.030924
-0.152588
0.060303
0.029866
-0.061370
-0.152773
0.151687
0.029875
0.029866
-0.122234
-0.397066
0.091102
0.152012
-0.031035
END
