y[]
-0.032291
0.163969
0.228934
-0.162722
0.130985
-0.064816
-0.261001
0.196579
0.228785
-0.064752
0.033037
-0.032163
-0.130069
0.065711
-0.064837
-0.032216
0.163596
0.065626
-0.032152
0.033026
-0.032152
0.325852
-0.032057
0.065414
0.097824
0.065309
0.162433
-0.129139
0.227084
-0.064267
0.129803
-0.064225
-0.226211
0.097634
0.097540
-0.096666
-0.096761
0.000437
0.162380
0.162118
0.000437
0.097320
-0.031847
-0.031858
-0.031868
0.290806
0.032648
0.000437
-0.257545
0.161753
-0.160880
0.097258
-0.031827
-0.064121
0.032721
0.032710
0.032700
0.000437
0.000437
0.354647
0.096822
0.096729
-0.095856
-0.063810
0.032565
-0.192489
0.161234
0.000437
-0.063851
0.000437
-0.192676
-0.031785
0.129261
0.000437
0.129095
-0.031712
0.032586
0.193115
-0.031651
0.000437
0.000437
-0.063769
-0.031681
-0.256881
-0.257545
-0.128804
0.290994
-0.031806
0.000437
0.032679
-0.128596
-0.031847
0.032721
0.000437
-0.031847
0.032721
0.032710
0.226061
0.032627
0.064787
-0.096104
0.096977
0.096884
-0.063851
0.000437
0.000437
0.064725
0.000437
0.064683
0.128806
-0.031640
0.064580
0.000437
0.032493
-0.031620
0.064539
0.160514
-0.063563
0.096421
-0.095548
-0.191809
-0.063728
0.160770
-0.159897
0.064601
0.064560
-0.063686
0.096606
0.000437
0.064498
-0.031589
0.032462
0.032452
-0.031579
0.032452
0.096421
-0.063543
-0.031568
0.064437
0.000437
-0.095579
0.096452
-0.127604
0.064478
0.192314
-0.223456
0.032452
-0.063604
0.000437
-0.031599
-0.127810
0.096637
-0.031620
0.032493
0.000437
0.032483
0.032473
0.096483
0.000437
-0.127645
0.032473
-0.031599
0.064498
0.096452
0.000437
-0.063563
-0.095640
0.064498
-0.031589
0.096483
0.000437
0.096391
0.000437
-0.063522
0.000437
-0.031558
-0.063584
-0.031589
0.032462
0.256273
-0.095425
-0.031538
0.032411
-0.063522
0.032421
0.032411
0.032401
-0.063502
-0.159589
-0.127768
0.352606
0.032391
0.510317
0.127502
0.063909
-0.253693
-0.095029
0.000437
-0.031405
0.064111
-0.031395
-0.031405
0.000437
0.064111
0.095872
-0.094998
-0.095089
0.064131
0.000437
0.127704
0.032228
0.063989
-0.094907
-0.031365
-0.031375
0.095841
-0.063156
-0.031375
0.127623
0.000437
0.000437
-0.094938
0.064030
-0.031355
0.032228
0.095750
0.000437
0.000437
0.254163
0.000437
0.063768
-0.253129
0.127300
0.411635
0.000437
-0.189137
0.032057
-0.094455
-0.094545
-0.031244
-0.189858
-0.031314
-0.031324
-0.094907
-0.126830
0.064090
0.000437
-0.095059
0.000437
-0.095150
-0.063339
0.000437
-0.031466
-0.223170
0.224043
0.191702
-0.095150
0.223331
0.064030
-0.190464
0.032279
-0.063258
-0.063298
-0.191012
-0.063461
0.096268
0.064273
0.096115
-0.031446
-0.350945
0.256110
-0.095364
-0.191441
0.032442
-0.063584
-0.320282
-0.224680
0.064808
0.032607
-0.031733
0.000437
-0.031743
-0.031754
0.257672
0.096729
-0.031651
-0.063769
0.192930
0.256519
-0.031538
-0.191625
-0.159897
0.160770
0.096514
0.000437
-0.159743
-0.192118
-0.289092
-0.128512
-0.322665
-0.161507
0.259420
0.065078
-0.031879
0.129636
-0.161088
0.226499
0.000437
0.000437
-0.452199
0.420809
0.226061
0.129137
0.096853
0.000437
-0.095980
0.000437
0.096853
-0.095980
-0.096073
-0.063955
0.000437
0.000437
0.097008
-0.063934
0.064808
0.257506
0.032524
0.032514
0.000437
0.096606
0.192498
0.000437
-0.095548
-0.063604
0.160462
-0.191625
0.096514
-0.063604
-0.095702
0.096575
0.000437
0.160462
0.000437
0.064375
-0.255563
-0.095733
0.000437
0.032503
-0.192118
0.096760
0.096668
-0.031630
0.064560
-0.031620
-0.095794
0.000437
0.256847
0.160360
-0.127481
0.160309
0.000437
0.064314
-0.063441
-0.063481
0.064355
-0.063481
0.064355
-0.031517
-0.095487
-0.223743
-0.288534
-0.418446
0.064995
0.032700
0.097164
0.322187
0.289130
-0.159845
-0.160103
-0.031702
0.161028
0.000437
0.064601
-0.224319
0.000437
-0.386037
-0.064121
-0.128804
0.097383
-0.387913
-0.194305
0.000437
-0.324978
0.065605
0.228190
-0.325084
-0.064795
-0.326361
0.098588
-0.195963
0.360208
0.065711
0.000437
0.130857
0.033015
-0.129941
-0.097459
-0.064880
-0.195770
0.033165
0.033154
-0.097747
0.065903
-0.294500
-0.295373
0.164883
-0.032431
0.066161
-0.065288
-0.131142
0.230586
-0.196802
0.099105
0.459604
0.196579
-0.195706
-0.196091
0.033218
0.033207
-0.163525
-0.032388
0.033261
-0.130926
-0.032431
0.000437
0.066161
-0.032420
-0.164010
-0.032485
-0.032496
0.066291
0.263422
0.229983
-0.327648
-0.098199
0.033326
-0.230016
-0.197518
0.724362
END
