y[]
0.017051
0.046692
-0.101564
0.017058
-0.086810
0.031911
-0.012618
0.091245
0.002224
0.061527
0.002224
-0.012598
0.283477
0.002224
-0.130902
-0.012579
-0.042197
-0.101503
-0.071932
-0.027454
0.017064
0.091218
0.046692
0.342486
-0.204754
-0.086612
-0.368779
0.210155
0.046724
0.017053
-0.042270
0.017058
0.002224
-0.012609
0.017058
-0.012609
0.017058
-0.012609
0.017058
0.150438
0.017033
0.017031
-0.027392
0.002224
-0.057035
0.031858
0.076271
0.002224
-0.042197
0.046645
0.017027
0.002224
0.031823
0.031814
-0.012570
0.031810
-0.042158
0.031814
-0.071768
0.061422
0.031810
0.150022
0.031757
-0.012542
-0.042086
-0.012550
-0.012552
0.017001
0.002224
0.090837
-0.056843
0.090811
0.149695
-0.012513
0.193640
0.002224
-0.100801
0.016948
0.016946
0.002224
0.046377
0.002224
-0.012492
0.016940
0.134567
0.046300
-0.027158
-0.012470
0.046300
0.002224
-0.071246
0.105067
-0.012461
0.016909
-0.056530
-0.041864
0.016922
-0.027175
0.046319
-0.041871
0.061013
0.002224
0.031606
0.002224
0.016912
0.002224
-0.041845
0.016916
-0.012468
0.002224
0.002224
0.002224
0.016916
0.016914
0.075640
-0.027136
-0.027145
0.016909
-0.056530
0.031606
-0.027158
0.002224
0.016916
-0.012468
-0.041864
0.031618
0.046300
0.016912
-0.041845
0.046293
-0.012464
0.016912
0.046274
-0.365450
0.178876
-0.130236
0.002224
0.119975
0.031640
-0.144943
0.105264
0.016935
0.031640
0.075726
0.016918
0.046293
-0.085934
0.031618
0.002224
0.031610
0.031601
0.002224
0.134315
-0.012444
-0.012446
-0.027123
-0.012453
-0.012455
0.002224
-0.027140
-0.012461
0.031593
-0.027145
0.002224
-0.027153
0.016914
0.002224
-0.027158
0.060978
-0.012461
0.016909
-0.012461
-0.012464
0.031597
0.002224
-0.012461
-0.027153
0.046287
-0.012461
-0.012464
0.031597
0.060944
0.046241
-0.012446
0.002224
0.031562
-0.012444
-0.041793
0.002224
0.002224
0.002224
-0.041813
0.002224
0.031584
-0.027136
-0.056522
-0.012468
-0.012470
-0.071278
0.090420
0.075662
0.104946
-0.027114
0.002224
-0.085843
0.060944
-0.056496
-0.027149
-0.056548
0.031614
0.016916
0.002224
0.002224
-0.012468
0.090343
-0.027140
0.002224
-0.012461
-0.041845
0.016916
-0.071257
-0.056600
0.016933
0.002224
0.016931
-0.012483
-0.056625
-0.027214
0.031662
-0.027214
0.002224
-0.027222
0.046390
-0.027218
0.031666
0.002224
0.031657
0.016937
0.016935
-0.027201
0.016937
0.061056
0.016927
-0.012479
0.075716
-0.027166
0.031614
0.031606
0.016912
0.046274
0.016903
-0.085882
-0.056556
-0.056591
-0.027196
0.016935
0.031640
-0.071332
0.075780
0.016929
-0.056608
0.002224
-0.130275
-0.159958
-0.130666
-0.101257
0.135252
-0.012548
0.016996
0.002224
0.135075
-0.012529
-0.071571
-0.071626
0.076074
-0.042079
0.061291
-0.071615
0.031766
0.076041
-0.027296
-0.042073
-0.012546
0.002224
0.002224
-0.012548
-0.027327
0.002224
0.002224
0.017001
-0.027331
-0.086494
0.017016
0.017014
-0.027357
0.061378
0.017007
-0.012559
-0.027349
0.002224
-0.012566
-0.012568
-0.086573
0.002224
-0.057018
0.061466
0.002224
-0.042204
-0.042224
-0.042243
-0.012603
0.046698
0.105920
-0.086652
-0.027419
0.017047
0.076304
-0.027401
0.076271
-0.042197
0.091047
0.031814
0.002224
-0.131001
-0.101518
-0.116470
-0.131476
0.076524
0.031928
-0.042336
0.002224
0.076480
0.076425
0.091192
0.002224
-0.012598
0.046685
-0.057062
-0.012603
0.165199
0.017027
-0.086625
0.031849
0.061448
0.017025
-0.027379
-0.012581
0.002224
0.002224
-0.012583
0.002224
0.209325
0.017001
0.002224
0.061308
-0.042086
-0.042106
0.076096
-0.071648
0.090863
0.061273
-0.012535
0.002224
-0.012537
-0.027305
-0.027314
-0.056878
0.002224
0.046554
-0.056886
0.061334
-0.116032
-0.012568
0.046593
0.046573
-0.056913
0.090916
-0.042112
0.017005
0.061326
0.090811
0.061238
-0.027279
0.016977
-0.027283
0.016979
0.031727
0.061204
-0.145290
-0.278654
-0.205245
0.061545
0.135567
0.046632
0.194432
0.135075
0.002224
-0.012529
0.016977
0.046469
0.061186
-0.071484
-0.012524
0.002224
-0.101074
0.031749
0.031740
0.016979
0.002224
0.016977
-0.042040
-0.027296
0.046501
-0.027292
-0.115927
0.046547
-0.012548
-0.027327
0.031775
0.016996
0.061291
0.046501
0.016979
-0.086337
0.002224
0.002224
-0.012544
-0.012546
0.046527
0.016987
0.031744
0.016981
0.002224
-0.042053
-0.160294
0.061352
-0.056904
-0.056939
0.017018
-0.027366
0.002224
-0.175501
0.076315
0.017036
0.017033
0.017031
0.076227
0.002224
-0.116207
0.179818
0.149978
0.105522
-0.307991
0.164838
-0.367736
-0.116453
0.150548
0.046678
0.135469
-0.027371
0.090981
0.061352
-0.130863
0.061396
-0.027357
-0.042165
-0.027379
-0.012581
-0.145946
-0.012605
0.002224
-0.042276
-0.042296
-0.086876
0.017080
0.031928
0.017073
-0.012625
0.046764
-0.012620
-0.027472
-0.012627
0.076458
0.017064
0.031898
0.017058
-0.027445
0.002224
-0.012614
0.017062
0.002224
0.002224
0.017060
0.091192
-0.057079
-0.057114
-0.057150
-0.086903
0.002224
-0.191156
-0.012667
-0.191560
0.017144
0.061881
0.046943
0.017126
0.017124
0.061801
0.031999
-0.012662
-0.042449
0.076668
0.017106
0.091470
0.150790
0.061589
0.150482
-0.071878
0.076326
-0.071878
-0.057097
-0.057132
0.091245
-0.057114
0.046731
-0.116506
0.017073
0.046758
0.091232
0.031876
-0.012601
0.061510
0.031854
0.031845
0.002224
-0.012585
0.002224
-0.012588
0.002224
0.002224
-0.042224
0.031858
0.017038
0.002224
-0.012590
-0.012592
0.002224
0.002224
0.002224
0.046665
0.031840
0.002224
0.017029
0.002224
0.017027
0.002224
0.046619
-0.012572
0.017020
-0.012572
0.120532
-0.056913
0.120462
0.031762
0.016990
-0.027309
-0.042092
0.031770
0.002224
-0.056878
-0.042125
0.017009
0.017007
-0.027344
-0.086533
0.076194
-0.056948
-0.175501
-0.309557
0.106259
-0.027489
0.135864
0.046731
0.002224
0.239261
0.076183
0.135213
-0.056860
0.002224
0.046540
-0.101212
0.061343
0.016998
-0.056886
-0.027344
0.002224
0.002224
0.002224
0.046573
0.046554
0.002224
-0.027327
0.002224
-0.086481
-0.027362
0.002224
0.002224
0.002224
-0.027371
-0.027379
0.031827
-0.042184
0.002224
-0.027392
-0.012588
0.002224
0.031845
0.031836
0.017027
0.046619
-0.012572
-0.056983
-0.042204
-0.101518
0.031876
-0.012601
0.031871
0.046678
-0.071878
0.076326
0.046659
-0.012585
0.046645
-0.012581
0.002224
0.002224
-0.131119
0.091139
0.120655
0.031810
0.046586
-0.175343
-0.086678
-0.027428
0.017051
-0.012603
-0.012605
0.076348
-0.086731
0.002224
-0.116506
0.076447
-0.086850
0.106136
0.076380
-0.131297
-0.086889
-0.057229
0.061677
-0.027498
-0.057247
-0.146608
0.046897
-0.042449
0.002224
0.002224
-0.012671
0.076679
-0.012662
0.017111
0.061748
0.031973
0.031964
0.002224
-0.027516
-0.072164
0.046864
0.002224
-0.042416
0.017106
-0.027542
-0.027551
0.046883
0.017106
-0.042429
0.002224
-0.057344
0.046903
0.046883
0.031986
-0.012656
-0.012658
-0.012660
-0.146741
-0.057424
-0.057460
0.002224
-0.132195
-0.012723
-0.027676
-0.177363
0.002224
-0.087691
-0.373293
-0.057990
0.017281
-0.058017
0.227941
0.047306
-0.057890
-0.027847
-0.057944
-0.178499
0.122742
-0.088151
0.062483
0.002224
-0.118331
0.017301
0.017299
-0.133533
-0.012871
-0.012874
-0.073299
0.123033
0.062574
0.047463
-0.012853
-0.012856
0.002224
0.032381
-0.088274
-0.043056
0.062592
-0.043049
-0.027969
0.017322
0.107845
0.077599
-0.042994
0.002224
-0.012853
0.047449
-0.284547
0.047558
0.107924
0.107813
0.002224
0.122760
-0.012835
-0.027901
-0.103285
0.017304
END
