y[]
-0.007549
0.004433
0.004433
-0.007550
-0.031524
0.028405
0.016416
0.064331
0.016408
0.040350
-0.043460
0.016408
-0.043477
0.088260
0.004433
0.004433
0.064266
0.088140
0.052234
-0.007516
0.123850
0.135627
0.004433
0.159259
0.004433
-0.102729
0.147290
0.075785
0.099490
-0.031203
-0.019332
0.063833
-0.126294
-0.150283
-0.174384
0.087920
-0.222338
0.111914
0.016368
0.099864
-0.031344
0.087890
-0.102883
-0.043300
0.004433
-0.031382
0.052182
0.004433
-0.031378
-0.007507
-0.007508
0.028313
-0.031390
-0.019457
0.064145
0.004433
-0.031390
-0.043351
0.016381
-0.007516
0.040273
-0.031408
-0.007517
0.004433
-0.007518
0.004433
0.016384
0.016382
-0.043374
0.052239
0.040273
0.016376
0.040256
0.040243
-0.019440
0.064102
-0.007498
-0.067184
-0.031395
0.016376
0.064130
-0.043323
0.052188
-0.007504
0.219076
-0.102832
0.016356
-0.079065
0.016365
-0.210570
-0.175090
-0.091445
0.112288
-0.187391
-0.211810
-0.115904
-0.079890
-0.164425
0.088897
0.197227
0.028506
-0.103942
0.197018
-0.031649
-0.043696
-0.067804
0.136827
0.064554
-0.007589
0.004433
0.016454
0.016452
-0.007587
0.004433
0.004433
-0.007589
-0.019615
0.040501
-0.007589
0.004433
0.040492
0.004433
0.016450
0.004433
0.028462
0.028457
0.040458
0.004433
0.004433
-0.019583
-0.043616
0.004433
-0.019600
-0.019606
0.052504
-0.212070
0.076652
-0.007600
0.016466
0.100644
-0.031636
-0.067744
-0.019638
-0.043725
0.028514
0.028509
-0.043725
0.004433
-0.031701
0.040566
-0.031701
0.148889
-0.212331
0.100830
-0.176388
-0.007634
-0.164650
-0.140723
0.016537
0.064932
-0.140828
0.077089
-0.080339
0.089204
-0.031889
0.016541
0.137532
-0.116560
0.318708
0.052695
0.064728
-0.019681
-0.007627
-0.019690
0.064728
-0.019681
0.004433
-0.043813
0.004433
0.088846
0.100818
0.040553
0.028506
-0.007603
-0.007605
0.004433
-0.007606
0.052579
0.028497
0.052544
-0.019620
0.004433
0.064554
-0.007589
0.016454
0.016452
-0.007587
0.004433
-0.043662
-0.091825
-0.019646
-0.031697
0.100748
0.112677
-0.079748
0.076591
-0.043668
0.076574
-0.019609
0.064525
0.052481
0.064460
0.208257
0.028385
-0.019520
0.148059
0.112017
0.088030
-0.043329
0.147648
-0.067149
0.099864
-0.007491
-0.007493
0.052125
0.040187
0.004433
0.028262
0.040166
-0.043215
0.016347
-0.031314
0.099727
-0.007474
0.040149
0.016335
0.028234
0.016331
-0.055074
0.004433
-0.007473
0.016338
0.040140
-0.043181
0.016338
0.016337
-0.031284
-0.043209
-0.162493
-0.222555
0.064216
0.040286
-0.055330
-0.079295
0.076203
0.040298
0.052234
-0.067278
-0.043403
0.052268
-0.031442
0.135909
-0.103126
0.004433
0.171697
-0.162832
-0.007526
-0.103255
-0.079405
0.028393
0.004433
0.231773
-0.091227
-0.031463
-0.091353
-0.115428
0.004433
-0.103565
0.136414
-0.079536
0.196256
-0.055473
-0.343728
-0.091825
-0.043731
0.076669
0.040531
-0.164141
-0.128217
0.137083
-0.019673
0.052637
-0.067883
0.257308
-0.043685
0.100644
-0.007589
0.076539
-0.019597
0.016448
-0.007583
-0.007585
0.064503
-0.007579
0.076479
0.052434
0.052411
-0.043546
0.052411
-0.826447
0.076958
0.004433
-0.104375
0.089071
-0.019742
-0.056031
-0.043964
0.028634
-0.007667
0.137451
-0.068101
-0.019757
-0.007664
0.040719
-0.152905
-0.153153
0.004433
0.028693
-0.104784
-0.153536
0.113822
-0.068480
0.004433
0.259395
0.028681
0.077142
0.064984
-0.019783
0.052859
0.016535
-0.140899
-0.141110
-0.031986
-0.384862
0.016621
0.150578
0.113902
-0.178083
0.101815
0.344528
0.016557
0.307078
-0.019745
0.137339
-0.080124
0.354273
0.088694
0.244788
-0.007572
0.112417
-0.043546
-0.031567
-0.007570
0.016435
-0.055595
0.016441
-0.007576
-0.007577
0.112469
-0.055573
0.064439
0.040419
-0.055552
0.052423
-0.043558
0.112379
0.004433
0.124236
0.016405
0.004433
-0.019514
0.052320
0.004433
0.004433
0.124050
0.028339
-0.091227
-0.043432
0.016401
-0.019505
-0.115342
0.076315
0.052325
-0.103358
0.040376
0.160037
0.004433
-0.019491
0.004433
0.028356
-0.127217
-0.019522
-0.103436
-0.151583
-0.019591
-0.175932
-0.140094
0.329323
-0.175932
0.112690
0.172601
0.088411
0.076358
0.004433
0.112223
-0.115342
0.040380
0.064316
-0.007541
-0.091410
-0.391893
0.112677
0.040488
0.028462
-0.019597
-0.043644
-0.007590
-0.019617
-0.007595
-0.007596
0.016461
0.004433
0.028485
-0.007593
0.028483
0.088562
-0.091721
0.124610
-0.019591
-0.055653
-0.019612
0.016455
0.004433
0.028474
-0.007587
-0.007589
0.100563
-0.007579
-0.031610
0.004433
0.040475
0.028454
0.112456
-0.103591
0.016441
-0.139764
-0.115890
-0.055783
0.016479
0.016477
-0.007612
-0.031710
-0.043778
0.076739
0.004433
0.040566
0.100725
0.136684
0.112508
-0.007570
-0.043592
-0.151808
0.040510
0.136604
-0.031597
0.088481
-0.067605
0.160448
-0.019554
-0.067562
0.040436
0.040423
0.160242
0.028382
-0.031493
0.100207
0.040324
-0.007530
0.004433
0.028356
-0.019491
0.016395
-0.007530
-0.007531
0.052279
0.076160
-0.031425
0.004433
0.016386
-0.139108
-0.007538
-0.091387
0.028396
0.040367
0.004433
0.016408
0.016406
0.004433
0.028376
0.040337
0.028362
0.064230
0.004433
0.040294
-0.139091
-0.091364
-0.067475
0.076341
0.064316
0.040346
0.028367
-0.043443
-0.043466
0.040359
-0.019517
-0.019522
-0.043495
-0.055509
-0.115558
0.004433
-0.320263
0.076678
0.448798
-0.031524
0.339521
-0.031416
-0.007520
0.064180
-0.007514
0.147699
0.004433
0.064066
0.016355
-0.079055
0.064074
0.028279
0.004433
0.111671
-0.019388
0.016344
-0.007479
0.004433
0.052069
-0.019383
-0.007477
-0.019391
0.016345
0.040162
0.075853
-0.007467
0.075810
0.016324
0.004433
-0.066937
0.016331
-0.019366
0.004433
-0.007469
-0.031280
0.004433
0.052046
-0.031275
-0.043198
-0.007479
-0.055144
-0.055180
0.052125
0.064017
-0.210237
-0.007507
0.052182
0.135627
-0.102896
-0.043306
0.040238
0.016365
0.064074
-0.150708
0.064130
-0.043323
-0.007510
0.147648
0.028282
0.016355
-0.079055
0.159425
-0.055152
0.004433
-0.090976
-0.043306
0.064102
-0.007498
-0.103011
-0.007513
0.028322
-0.019457
0.099955
-0.138885
0.028333
-0.019468
0.064173
0.016376
-0.007511
0.028319
-0.007510
0.028316
-0.007508
0.016374
-0.007508
-0.007510
0.088000
0.004433
0.111773
-0.007489
-0.114857
0.040234
-0.007500
-0.019437
-0.055265
-0.019457
-0.031412
0.004433
-0.043380
0.004433
-0.055365
0.052274
-0.223017
0.076315
0.064295
0.076220
-0.007528
-0.043426
-0.127296
0.004433
-0.007551
0.064338
0.016409
0.112159
-0.019497
0.016398
-0.067381
-0.031493
-0.031506
0.052348
0.016408
-0.115385
-0.307768
-0.127946
0.124784
-0.212304
-0.043795
-0.164548
-0.068075
0.113174
0.161295
0.052649
0.100795
0.076643
0.412645
0.052348
-0.283406
-0.199956
0.052562
-0.079808
-0.176323
-0.031758
0.016497
0.064735
0.028543
0.004433
0.004433
0.028538
0.028532
0.016480
0.028523
-0.019658
-0.019664
0.004433
-0.007618
-0.031727
0.016487
-0.019678
0.076748
0.052614
0.028514
0.004433
-0.019649
-0.079900
-0.019675
-0.092058
-0.116311
0.052748
-0.116399
0.076949
-0.128554
-0.031867
-0.153019
-0.092584
-0.262850
0.235309
-0.031986
0.028713
-0.092726
-0.080658
0.077372
0.113742
-0.019848
0.162152
-0.104731
-0.056265
-0.129233
-0.263436
0.114102
0.004433
0.028787
-0.068649
0.040980
-0.093057
-0.288608
0.175477
0.004433
-0.056621
-0.154482
-0.105733
-0.007816
0.126847
-0.547614
-0.365299
0.115496
-0.069596
-0.007911
0.090804
-0.020237
0.029103
0.004433
0.041426
0.016761
0.016759
0.029081
-0.020216
-0.044883
-0.564453
0.128379
END
