y[]
-0.059914
0.000353
0.000353
0.024463
-0.011702
-0.011704
0.024463
-0.011702
-0.011704
-0.023764
0.012412
-0.047893
-0.011712
-0.023782
0.060677
0.012413
-0.011708
-0.011709
-0.011711
0.000353
0.024478
-0.035838
-0.180796
0.000353
-0.072199
-0.060147
-0.120757
0.157766
0.024548
0.000353
-0.096465
0.048773
-0.023855
-0.072304
0.133516
0.205803
-0.072111
0.024513
0.000353
0.109002
0.000353
0.289509
0.060488
-0.131994
0.120675
0.012377
0.084482
0.048395
0.000353
0.108363
0.048320
0.012341
0.048291
0.048268
0.012328
0.000353
-0.035578
0.060229
-0.011620
0.048234
0.012319
0.012318
0.000353
0.024279
-0.011610
-0.011611
0.012316
-0.023577
0.024282
-0.011611
0.000353
-0.011613
-0.011614
0.012319
0.000353
-0.011614
0.000353
0.024285
0.000353
-0.011613
0.012318
0.012316
0.107963
-0.035505
0.095943
-0.011591
-0.023539
0.095886
-0.035462
-0.011588
0.048108
0.071943
-0.023505
-0.023511
-0.011581
-0.059338
-0.023534
-0.035488
-0.011597
-0.107258
0.000353
0.084060
0.012305
0.012304
0.095909
-0.071306
-0.071358
0.024262
0.012305
-0.179084
0.048234
-0.167332
0.012339
-0.191609
0.012361
0.000353
0.431698
-0.227070
0.502386
-0.142829
0.071969
-0.166832
-0.131203
-0.023585
-0.011619
0.024293
-0.035561
0.024296
0.012322
0.012321
0.012319
-0.047523
0.012324
-0.023591
-0.083495
0.012335
-0.023614
0.024319
-0.023614
0.000353
-0.023620
-0.035617
-0.011640
0.000353
0.000353
-0.023637
-0.023643
0.072321
0.084250
0.072209
0.012324
0.131939
0.072054
-0.131140
-0.023574
-0.131345
0.048262
0.108066
0.107950
0.072020
0.060036
0.012285
-0.083205
0.060043
0.000353
0.060008
-0.047369
0.274440
0.166821
0.166544
0.047785
0.225351
-0.011477
0.000353
-0.023311
0.224926
-0.176900
-0.106150
0.035866
0.024021
0.000353
0.094971
-0.058774
0.035832
-0.035127
0.059479
-0.023294
0.035820
-0.011469
-0.106100
-0.046996
0.000353
0.047701
0.024018
0.012183
-0.058816
0.024024
0.012186
-0.023316
0.035853
0.000353
-0.011480
0.000353
0.000353
-0.023316
0.000353
0.012188
0.035849
0.024010
-0.023305
-0.035144
-0.011483
0.024021
0.000353
0.094971
0.000353
0.059444
0.000353
-0.035098
0.094859
-0.011456
-0.023269
0.000353
0.023974
0.000353
-0.058711
0.023982
0.012165
-0.070544
-0.106087
-0.094356
-0.058886
0.083276
-0.106276
0.024058
0.024052
-0.130064
-0.035245
0.000353
0.024086
-0.023381
0.071535
-0.047097
-0.118370
-0.082837
-0.011537
0.047904
-0.166175
-0.106848
0.095647
0.024162
-0.154511
0.476091
0.047802
-0.023369
-0.023375
-0.011513
-0.035254
0.035959
0.012218
-0.035249
0.024089
0.024083
-0.023378
0.012218
-0.035249
0.024089
0.000353
0.000353
0.000353
0.000353
0.000353
0.024083
0.095218
0.071443
0.059556
0.047690
0.059493
0.012176
0.094893
0.035782
-0.046890
-0.011462
0.000353
-0.046918
0.000353
-0.153430
0.083188
-0.023308
0.024013
-0.058809
-0.023322
0.236843
-0.023271
0.012165
0.012164
0.130184
0.035732
0.047506
-0.105773
-0.141324
-0.070561
0.059451
-0.058746
-0.058781
0.118584
-0.058746
0.106704
-0.011459
-0.046906
-0.035106
-0.070603
0.094949
-0.011467
-0.011469
0.047628
0.000353
0.012168
0.047600
-0.023269
-0.023274
0.012167
0.012165
0.012164
-0.011459
0.023974
0.000353
0.000353
-0.011457
0.012162
0.012161
0.047572
0.000353
0.023954
0.000353
0.000353
0.059332
-0.046828
0.000353
-0.035048
0.012154
-0.035056
-0.011453
-0.035073
-0.058718
0.000353
0.035799
0.023976
0.000353
-0.011459
0.012164
0.082992
0.012153
-0.058662
-0.058697
-0.046912
0.094859
0.047572
-0.094110
-0.153339
0.094960
-0.070595
0.047656
-0.106112
0.035853
-0.023313
0.059507
0.047651
-0.023294
0.012176
0.094893
-0.058725
0.035803
0.000353
0.035790
0.023971
0.012160
0.000353
0.023962
-0.035065
0.012160
-0.035073
0.012162
-0.011457
0.023971
0.000353
-0.035077
-0.035090
0.000353
0.000353
0.023982
-0.011462
0.012167
-0.023277
0.023982
0.000353
-0.023277
0.012168
-0.058739
-0.035119
0.024002
0.035816
0.083051
-0.046895
-0.035098
-0.011467
-0.035115
0.000353
0.012176
-0.141626
-0.011488
0.035870
0.024024
0.024018
-0.011480
-0.058830
0.012192
-0.035169
0.095049
0.035841
-0.023305
-0.011478
0.118598
-0.153394
-0.023322
-0.023327
-0.106276
-0.035216
-0.094558
-0.023389
-0.165997
0.036022
-0.047210
0.107336
-0.059069
0.036009
-0.178060
-0.023460
0.059873
0.024151
-0.011546
0.024148
0.012248
0.000353
0.012247
-0.011542
0.024139
0.000353
0.024134
0.012241
0.036009
-0.035304
-0.011536
0.024128
0.000353
0.012238
0.024120
-0.011530
0.024117
-0.011529
0.024114
-0.023409
-0.035300
-0.023423
-0.011537
0.024131
0.154774
0.000353
0.095263
0.095173
-0.070754
-0.047080
-0.094580
0.083424
0.071502
0.000353
-0.011502
-0.082669
0.024080
-0.118342
0.000353
0.035976
-0.035271
-0.094705
0.095410
-0.106593
0.154793
-0.035266
-0.047159
-0.059069
-0.047210
-0.011542
0.000353
-0.071042
-0.106835
-0.214368
0.048108
0.131563
-0.083125
-0.119022
0.024239
0.000353
0.048108
0.000353
-0.023522
0.036163
0.012286
-0.023517
-0.011584
0.024225
-0.023520
0.012289
-0.023522
-0.131061
0.012306
0.024256
-0.035505
0.024259
0.024253
0.024247
0.048125
0.012292
-0.011587
0.000353
-0.011588
-0.011590
0.024236
-0.035475
-0.035488
0.072020
-0.035475
0.012296
0.036176
-0.011587
0.012292
-0.071306
0.000353
0.095886
0.119642
0.059944
0.000353
-0.035398
-0.095045
0.048062
0.059958
-0.202451
0.226988
-0.035398
-0.071187
-0.023505
0.083830
-0.106988
0.012285
-0.083205
-0.214830
-0.071478
0.215689
-0.035505
-0.011603
0.024262
0.119813
0.012291
-0.035466
0.119699
-0.011576
0.036133
-0.047357
-1.866160
0.231033
0.121550
0.073001
-0.120757
0.085144
-0.120801
0.036714
0.048814
0.145596
0.024539
-0.023834
0.000353
0.024539
0.097041
-0.168914
0.000353
-0.181323
0.121506
0.085073
0.181654
0.036573
-0.072103
0.145210
0.096808
-0.059921
0.156988
-0.035772
-0.120158
0.060626
-0.071980
-0.144470
0.121053
-0.059979
0.157140
-0.023753
-0.011702
0.024461
0.036504
0.084654
0.048493
-0.144139
0.012401
-0.228826
0.024501
-0.144628
0.072869
-0.132634
-0.048050
-0.060184
-0.060221
-0.036009
-0.254548
0.097534
-0.194105
-0.121376
-0.182519
0.122304
0.061272
0.024710
-0.011826
-0.036191
0.036896
0.036882
0.012526
0.000353
0.073363
-0.036146
-0.036159
0.073363
0.024677
0.000353
-0.072640
-0.097054
0.061243
-0.011823
0.073381
0.024683
0.000353
-0.011812
0.000353
0.024680
0.048991
0.012508
0.024660
-0.096912
-0.036146
0.182712
-0.096865
-0.060456
0.219091
0.339665
-0.072260
-0.011755
-0.011756
-0.132940
-0.096700
0.145895
0.181984
-0.120698
-0.023875
0.024580
-0.011761
-0.388045
-0.060471
0.012520
0.134099
-0.145562
-0.036159
0.000353
-0.267810
0.171084
-0.011833
0.280243
0.243101
-0.060279
-0.108877
-0.194129
0.073327
-0.157827
0.073390
0.000353
0.000353
0.024686
0.121933
-0.011799
0.218852
-0.048162
0.097357
-0.072392
0.000353
-0.023908
0.036740
-0.011775
0.048855
-0.036022
-0.023905
0.048861
0.145737
-0.011755
-0.023866
-0.084460
0.194104
-0.084368
-0.011756
0.000353
0.375043
0.205234
-0.168343
-0.023770
-0.023776
-0.035851
-0.060016
-0.011726
0.096936
-0.072076
0.048644
0.048621
-0.059987
0.060692
-0.047916
-0.108337
-0.072173
0.060794
-0.072181
-0.035934
-0.060155
-0.132892
0.109384
0.024566
-0.181389
0.024604
0.048837
0.121462
0.048755
0.133339
0.109028
0.000353
0.000353
0.012420
-0.035855
0.000353
-0.023793
-0.011723
0.012428
-0.060038
END
