y[]
0.021638
-0.014875
-0.002704
-0.027050
0.009469
-0.100135
-0.002704
-0.039265
-0.027086
-0.063684
0.021692
0.046070
-0.063676
0.094833
-0.002704
0.033848
-0.027071
-0.002704
-0.100230
0.046070
-0.014896
0.009487
-0.112480
-0.051532
-0.296175
0.082980
-0.014940
-0.051664
-0.002704
-0.002704
-0.174252
0.034081
0.021812
0.107543
0.034018
0.009533
-0.076153
0.046267
-0.149691
0.083064
0.107462
-0.112870
0.082991
-0.100648
0.021790
0.082980
-0.088389
-0.014951
-0.076216
-0.064005
-0.014969
0.046345
0.058574
0.131976
0.119575
-0.198423
-0.076198
-0.137583
0.070888
0.107583
0.021787
0.021781
-0.014946
-0.002704
0.034018
0.009533
0.046231
0.021755
-0.051628
-0.014939
0.058454
0.082855
0.058364
0.070529
-0.014906
-0.014908
0.021701
-0.088148
-0.002704
-0.014917
-0.063788
-0.039372
0.095047
0.058342
-0.051538
-0.039346
0.058357
-0.088200
-0.161677
0.034004
0.156210
-0.027136
-0.002704
-0.100492
-0.027166
-0.088368
0.021779
-0.014945
0.034013
-0.076153
-0.063953
-0.063990
0.034072
-0.039480
-0.076297
0.254633
0.278384
0.070493
0.046064
-0.075866
0.058268
-0.014896
0.143495
0.009469
-0.124507
-0.100253
-0.051515
0.350631
0.070244
0.130896
0.021568
-0.014839
-0.039119
-0.039132
0.009440
-0.039141
0.033732
0.009438
-0.075582
0.070173
-0.014847
0.057994
0.033697
-0.039105
-0.051260
-0.063432
-0.014854
0.021594
0.021588
-0.014850
-0.014851
0.009443
0.021585
0.009438
-0.002704
0.033715
-0.039123
-0.124196
0.009452
-0.051337
0.033772
-0.039181
-0.112213
-0.136712
-0.063676
0.046076
-0.014897
-0.027095
0.094821
-0.161231
0.033901
0.070466
-0.039283
-0.051497
0.009496
-0.039310
-0.271555
-0.125148
-0.076243
0.021815
0.095311
-0.063953
-0.211229
0.156795
0.107570
-0.076207
-0.420241
-0.064254
-0.187581
0.305235
-0.027305
0.120236
-0.002704
-0.014992
0.034153
-0.162517
-0.015008
0.009600
-0.015008
0.009600
-0.015008
0.083391
0.009589
0.058740
0.009580
0.095515
-0.051802
0.021848
-0.076378
0.009578
0.034135
0.083201
0.107637
0.009548
0.144211
-0.027175
-0.039422
-0.002704
0.046249
0.131795
0.033946
0.033932
-0.088211
0.046166
-0.002704
-0.161619
0.107340
0.070592
-0.002704
-0.014917
-0.088232
0.119456
-0.100420
0.156036
0.119232
-0.063654
-0.185776
0.229130
-0.014893
-0.014894
-0.039283
-0.149153
-0.320747
0.144211
-0.100624
0.070744
-0.125148
0.046291
0.058506
0.107381
-0.247502
-0.137599
-0.100924
0.267168
-0.002704
0.021793
0.021787
-0.100707
0.009551
0.046303
0.070762
-0.014945
-0.112938
-0.063998
-0.076306
-0.027250
-0.125524
0.120116
-0.051814
0.120025
0.058604
-0.002704
0.009553
-0.051742
-0.051766
0.095395
0.058559
-0.063968
-0.002704
-0.100804
0.083138
-0.272743
0.034162
0.695187
-0.014906
-0.051526
-0.063766
-0.002704
0.021725
-0.027133
0.046148
0.058327
-0.063736
0.046124
-0.014909
-0.051538
0.094940
-0.002704
0.058275
0.070422
0.094714
-0.246429
-0.185888
0.082823
-0.161599
0.143977
-0.076018
0.192680
-0.002704
-0.136990
-0.063803
-0.027154
0.046189
-0.149457
-0.198711
-0.174526
-0.027274
-0.101045
0.009594
-0.076514
-0.064254
0.034230
0.009604
0.046514
0.046490
0.071042
0.021866
-0.076432
0.169244
-0.076360
-0.027268
0.021860
-0.039553
0.046424
-0.014984
-0.014986
0.070961
-0.027253
0.009571
0.058649
-0.039512
-0.039525
0.107718
-0.002704
-0.125404
0.009572
-0.125539
0.095576
0.156795
0.009554
0.095311
0.009541
-0.063945
0.058536
-0.112965
-0.002704
0.058566
-0.076234
0.021812
-0.113073
0.107664
0.034058
-0.370938
0.316510
0.291054
0.204853
0.033879
-0.136908
0.143691
0.046046
-0.088034
0.021683
0.046052
0.070386
0.070333
0.155360
-0.124270
-0.002704
0.033781
-0.075688
0.045958
-0.039198
0.009462
0.009460
0.021621
-0.002704
0.045928
-0.014860
-0.075670
0.033785
0.045928
0.082345
0.118670
-0.099792
-0.002704
0.045851
0.021565
-0.002704
-0.002704
-0.002704
0.033688
-0.002704
-0.002704
0.033675
-0.087609
-0.051254
0.154996
0.106327
-0.014813
-0.039039
0.142557
0.081934
-0.087342
-0.039000
-0.002704
0.081965
-0.051078
0.033578
-0.075282
0.033591
-0.087414
0.033609
0.154500
-0.014788
0.009380
-0.123609
0.033582
0.142311
0.045587
-0.050996
-0.026859
0.009374
-0.075194
0.142223
0.009364
-0.038912
0.045570
0.081720
0.081648
0.009340
0.009339
-0.026792
0.009340
-0.002704
-0.038842
0.021389
-0.002704
0.009340
-0.050891
-0.038860
-0.038873
0.081669
-0.062963
-0.063000
0.033477
-0.002704
0.021410
-0.038877
-0.002704
0.033469
0.033456
-0.050920
-0.014762
0.057569
0.033442
-0.123244
0.009356
-0.087159
-0.087230
0.045605
0.057649
-0.063058
0.009369
0.081770
0.081699
-0.002704
0.021398
0.021392
-0.026801
0.045483
-0.014749
-0.014750
0.177834
-0.038786
-0.159208
-0.123259
0.129898
0.009342
0.045465
-0.002704
0.105592
0.021346
-0.062840
0.105514
-0.062811
-0.026757
-0.086935
0.021369
-0.050856
-0.038834
0.093612
-0.074933
0.045454
-0.014742
0.045436
-0.074924
-0.002704
0.009336
-0.002704
0.009334
0.009333
0.105566
-0.086905
-0.038812
-0.026783
0.081547
-0.098997
0.021378
0.033408
-0.038816
-0.038829
0.021380
-0.014746
0.045454
-0.002704
-0.002704
-0.002704
-0.026780
-0.026786
-0.050885
-0.038855
-0.014758
-0.014759
-0.075063
0.045541
0.009353
0.021407
-0.062992
-0.038895
0.021424
-0.026833
0.009361
-0.026836
0.057613
0.021412
-0.002704
0.057562
0.009345
-0.147387
0.166072
-0.050897
0.045488
-0.026798
-0.026804
-0.050920
-0.038882
-0.026830
-0.075116
0.021439
0.045564
0.021421
0.045529
0.009350
-0.014759
0.045506
0.009345
-0.014753
-0.558530
0.082077
-0.014812
-0.002704
-0.002704
-0.075379
-0.039061
-0.039075
0.033666
0.045769
-0.051177
0.021535
-0.026944
-0.014826
0.021538
0.009415
-0.026944
-0.002704
0.009416
-0.063321
0.009422
-0.039088
0.021553
-0.087630
0.191306
0.094160
0.021497
-0.026906
0.166582
0.045611
-0.099358
0.093949
0.081791
-0.075124
-0.099346
0.009381
-0.063146
-0.051084
0.045675
-0.014797
-0.075291
0.081975
0.287081
0.286244
0.105436
0.009304
0.033312
-0.026714
0.021305
0.141232
-0.050660
-0.098685
0.129246
-0.074655
0.057259
0.093161
-0.074595
0.045229
0.081123
-0.086532
-0.026668
-0.002704
-0.050649
0.033256
0.009280
0.009278
0.057187
-0.014680
-0.014681
0.009272
0.009271
0.045183
-0.026645
-0.038626
0.021245
0.021239
-0.026648
-0.026654
0.033217
-0.110508
0.033243
0.033230
0.033217
0.069100
0.045137
0.009252
0.080953
0.080883
0.068886
-0.050426
0.009228
0.033085
-0.002704
0.092670
-0.026539
-0.050391
-0.026556
-0.038493
0.056937
-0.002704
-0.014630
-0.062352
-0.014638
-0.098227
0.140545
0.045000
-0.133946
0.152381
-0.181670
-0.110238
-0.194161
-0.002704
0.081103
0.057115
0.021213
0.080963
-0.038553
0.021196
0.057022
0.033114
0.009232
-0.038519
0.009235
0.009234
-0.038523
-0.074380
-0.014655
-0.026611
0.009250
-0.002704
-0.062488
0.009255
-0.050551
0.009260
-0.050568
0.021231
0.009261
0.009260
-0.146365
0.021254
0.009272
0.021245
0.021239
-0.062574
-0.026662
-0.026668
0.081143
0.009268
-0.038626
0.021245
0.009268
0.045171
-0.026639
-0.038617
0.021239
0.104971
-0.014662
-0.014664
0.176539
0.092761
0.056915
-0.074252
0.056922
-0.038476
-0.014631
-0.074295
0.056958
-0.098181
-0.158049
0.176518
0.211939
-0.014617
-0.062288
0.092613
0.021111
0.009201
0.009200
0.044898
0.068656
0.056724
-0.097807
-0.109803
-0.157605
0.068818
-0.038459
0.021134
-0.014623
0.009214
0.021128
-0.026537
0.009213
-0.098079
-0.002704
-0.026562
-0.002704
0.021154
END
