y[]
0.033434
-0.174454
0.033485
0.616562
-0.251304
-0.083264
-0.200140
-0.018512
-0.070489
-0.291871
-0.122903
-0.319209
0.138370
0.046750
-0.057798
-0.057825
0.046777
-0.057825
-0.306788
-0.176206
-0.084399
-0.071301
0.020792
0.139089
0.178227
0.243314
-0.333071
-0.005524
0.086297
0.112408
0.334390
0.320230
-0.174784
0.163736
-0.031545
-0.096652
0.085604
-0.083629
-0.240205
0.502257
-0.018512
-0.096486
-0.031528
0.189345
-0.070438
-0.148483
0.072479
-0.148576
-0.005524
-0.109691
0.111656
0.046512
-0.070573
-0.018539
0.046525
-0.005524
0.098494
0.020464
0.085379
0.033409
0.163012
-0.018478
0.020383
0.110973
-0.044341
0.369081
0.033148
0.431719
-0.095389
0.110001
-0.210995
-0.069820
-0.082734
-0.134340
0.277653
0.058723
-0.159786
-0.134257
-0.069953
-0.263655
0.097808
-0.160563
0.072025
0.136494
-0.005524
-0.082963
0.007387
-0.095934
0.136512
0.110538
-0.121586
0.097649
-0.704013
-0.486951
-0.319045
0.425314
0.085628
-0.096676
-0.096759
-0.109895
-0.057750
-0.096985
-0.149418
0.007566
0.007564
0.072969
-0.201872
0.164667
-0.070948
0.151421
-0.005524
-0.031664
-0.070905
0.059857
0.020616
0.112023
0.098847
-0.031606
-0.005524
0.098765
-0.070692
0.150807
0.150563
0.085415
-0.044488
0.124296
-0.291350
0.098507
-0.448406
0.007530
-0.214592
0.046784
-0.097081
-0.306946
0.086309
0.138615
-0.175893
0.020705
0.007588
0.204037
-0.175759
-0.123549
-0.294618
-0.295456
0.152725
0.191935
-0.638772
-0.071718
-0.138045
-0.138220
-0.191595
0.047675
0.114069
-0.484758
0.101171
0.047781
-0.312416
0.301368
-0.285692
-0.005524
0.087953
0.087865
0.021143
0.074433
0.047745
-0.032155
0.047731
-0.218715
-0.098938
0.127898
-0.379556
0.021239
0.154904
0.007833
-0.032241
-0.005524
-0.045612
-0.125885
-0.018906
0.154947
-0.085727
-0.045650
-0.032283
-0.233269
0.021296
0.061496
0.128381
0.301778
0.034489
0.154369
0.353304
-0.151558
-0.178385
0.007784
0.060987
0.060943
0.047618
-0.032091
-0.111865
0.021072
0.220255
-0.071877
-0.218149
-0.285282
0.247624
0.246985
-0.071912
0.087407
-0.297883
0.127472
-0.471787
0.087903
-0.259314
0.381582
0.194117
-0.285133
0.141035
-0.405738
-0.139285
0.168331
0.087965
0.101214
-0.165674
0.141289
0.154391
-0.072124
-0.032176
0.034452
-0.045500
-0.165588
0.221158
0.021111
0.207299
0.074168
-0.005524
-0.005524
0.060837
-0.005524
0.140316
0.007724
-0.018772
0.034214
0.087136
0.060609
-0.058427
0.126681
-0.124501
0.087026
-0.071622
0.047358
-0.124548
0.126716
0.073736
0.126437
-0.005524
0.007663
0.020844
0.073538
-0.018697
0.060322
-0.084544
-0.045058
0.034009
-0.137363
-0.058308
0.442258
-0.255508
0.270737
0.073268
-0.136878
0.020761
-0.308216
-0.295915
0.113374
-0.203766
0.311475
0.192091
-0.031850
0.126038
-0.005524
0.033911
0.204533
0.125538
-0.307223
-0.018662
-0.018664
0.060157
-0.058066
0.060149
-0.005524
-0.018655
-0.005524
0.060114
-0.084295
0.125727
0.060037
0.256291
0.255607
0.046620
0.228790
0.150381
-0.109434
-0.018520
0.111382
-0.083446
0.007467
0.007466
-0.109488
0.085450
0.124296
-0.057432
0.072327
-0.005524
-0.239260
0.033470
0.033455
0.007466
-0.031505
-0.122521
-0.135682
0.111625
-0.161754
-0.357936
-0.018600
0.020627
-0.044753
0.059848
-0.070896
-0.451193
0.296175
-0.123472
-0.163004
-0.071214
-0.137034
-0.321855
0.126402
0.007659
-0.190245
0.086879
0.455215
0.033869
-0.031785
0.426895
-0.385429
0.452802
0.151134
0.033602
-0.005524
-0.044650
0.007520
0.033597
-0.044645
0.072703
-0.044630
0.228882
-0.252968
0.098738
-0.005524
-0.005524
0.020524
0.020518
-0.096700
-0.057662
0.007513
-0.096818
-0.136089
0.046723
0.072795
0.020569
0.020562
0.059661
0.007508
0.033561
0.189674
-0.200722
0.176673
-0.044538
-0.005524
-0.005524
0.007482
0.059483
0.033460
-0.018517
-0.044513
0.033465
0.046438
0.111291
-1.759037
-0.309616
-0.018766
0.087136
0.179539
0.245086
0.375779
-0.149985
0.007617
0.387919
0.138351
0.307670
0.150706
-0.148725
0.111656
0.111519
-0.122567
0.332226
0.408609
0.316828
0.045956
-0.044132
0.033084
-0.224498
0.007370
-0.082913
0.033178
0.162013
-0.057044
0.058872
-0.069920
-0.121541
0.020269
-0.031317
0.110493
0.045996
0.020226
0.020219
0.135946
0.045870
-0.005524
-0.082625
-0.147030
-0.069911
0.097476
0.007344
0.007342
-0.121377
0.097463
0.187290
-0.095458
0.071567
0.032999
-0.005524
0.071478
0.173917
0.071281
-0.056721
0.237427
-0.069401
0.058353
-0.107747
0.135006
-0.107708
0.185986
0.261975
0.096192
-0.298238
0.210913
-0.056408
0.032641
0.108885
0.032583
-0.005524
0.222816
-0.081579
0.045186
0.209707
-0.005524
0.019767
0.007119
-0.005524
-0.119369
-0.030840
0.032448
-0.157500
0.007149
-0.030873
-0.018201
-0.018202
-0.005524
0.070522
-0.043540
-0.018199
-0.145056
-0.018218
0.045244
-0.043597
-0.056311
-0.018225
-0.030931
0.070676
0.057932
-0.005524
-0.043593
-0.069004
-0.056337
-0.030940
-0.018235
-0.043665
-0.030960
-0.056415
0.185182
0.121412
-0.005524
0.032525
-0.043573
-0.081666
0.083303
-0.081656
-0.018218
0.007170
0.070608
-0.043583
0.121283
0.032487
-0.030863
0.436983
-0.410025
0.019805
-0.030853
0.083100
-0.449434
0.070715
-0.298089
0.248929
0.260957
-0.246595
0.045276
0.235425
-0.106905
-0.119701
0.121331
-0.081618
-0.132476
-0.145358
-0.043694
-0.158351
0.083654
-0.030995
0.096322
-0.043704
0.019931
-0.043709
-0.018256
0.007208
0.058109
0.070783
-0.069109
0.096192
-0.132686
-0.043704
0.070822
0.032627
0.185013
0.019853
0.095922
0.019821
0.007146
0.057803
0.083067
-0.018175
0.045070
0.247065
0.107933
-0.043329
-0.093791
-0.030757
-0.081262
-0.043415
-0.093992
0.019760
0.120802
0.044962
-0.068635
0.057587
-0.018143
0.019713
0.095359
0.183357
0.082499
-0.408547
-0.169717
-0.461625
0.197444
0.083145
-0.106867
0.070493
0.222180
0.284679
0.132971
-0.282707
-0.194954
0.120802
0.082810
0.271589
-0.018103
-0.018105
0.069938
-0.005524
-0.055826
0.032205
-0.055832
0.019633
-0.131374
0.057421
-0.055876
-0.005524
-0.219805
-0.119153
0.019738
-0.005524
0.007105
-0.043415
-0.106636
0.007121
-0.081416
-0.043491
0.019789
-0.068819
-0.068859
0.108451
-0.144844
0.057827
0.032468
0.083067
-0.094115
0.070416
-0.043487
0.146240
-0.106675
0.259778
0.007092
-0.119125
0.044981
-0.018148
0.044962
-0.093891
-0.030786
0.032367
0.044975
0.108005
-0.131675
0.133233
-0.043348
0.082709
0.070043
0.069986
-0.030688
-0.232281
0.145705
0.070005
0.095092
0.207950
0.307583
0.331534
-0.142707
0.081796
0.094177
-0.105225
0.031875
-0.105287
0.056840
-0.005524
0.019411
-0.055399
0.044351
-0.055399
0.006947
-0.042942
0.019423
-0.055424
0.094251
-0.042928
-0.005524
0.019414
0.056793
0.094102
0.019367
0.031801
-0.055294
0.006921
0.031801
0.019352
-0.117513
-0.192452
0.056824
-0.292647
0.006977
0.069448
0.106829
0.106702
-0.055387
0.069261
0.094102
-0.017972
0.019370
0.006921
0.106409
-0.030387
0.006908
-0.067701
-0.117541
0.106493
-0.204752
0.181264
-0.017966
0.031796
-0.154889
-0.130166
-0.117835
0.006961
-0.018009
0.019445
-0.055468
0.094339
0.031899
-0.042947
0.156540
-0.017981
-0.005524
-0.030443
0.006936
-0.155150
-0.018003
-0.018005
0.006956
0.006955
-0.042966
0.031917
-0.005524
-0.067934
0.081839
0.044364
-0.030465
0.044351
-0.030459
0.019411
-0.055399
0.006947
0.031880
-0.017991
0.069252
-0.017983
-0.017984
0.019395
0.056746
-0.080253
0.118993
0.044240
-0.067732
-0.017970
-0.130073
0.006938
0.019395
-0.017983
END
