y[]
-0.019352
-0.168039
-0.180762
0.179162
-0.007002
0.265510
-0.056470
0.351378
-0.315826
-0.031731
-0.130865
-0.367179
0.328382
-0.081454
-0.168535
0.017834
-0.330860
0.017874
0.055282
0.080176
0.167222
0.179378
-0.355319
-0.106812
0.105151
-0.582065
-0.094939
0.118274
0.017934
0.243242
-0.019609
-0.032126
-0.007112
0.042931
-0.144807
0.068014
0.042949
0.005400
0.042935
0.042921
0.030406
-0.007102
-0.032116
0.092916
-0.019597
0.080372
-0.007091
0.005400
-0.069581
0.042898
0.055375
0.030378
-0.069553
0.117809
0.279646
0.154672
0.017829
-0.106519
0.092459
0.129639
-0.069125
-0.118932
0.055151
-0.044351
0.005400
-0.056824
-0.007049
0.005400
0.042744
0.005400
0.167061
-0.230963
0.179616
0.055120
-0.230992
-0.181621
-0.244506
0.155419
0.005400
0.105288
0.092720
0.080185
-0.007060
-0.181691
0.017884
-0.157009
0.092884
0.541127
0.141987
0.154191
0.017789
-0.056562
0.042582
0.017791
0.017789
-0.031772
0.042572
0.042559
-0.081325
-0.006995
-0.006997
-0.031800
-0.019408
0.042609
0.079777
0.005400
-0.006992
0.017792
0.079722
0.017782
0.042536
-0.031736
0.104398
0.091943
-0.105883
-0.056477
-0.081293
-0.118577
-0.031823
-0.280439
0.104915
0.117236
0.104705
0.104606
0.017794
-0.056585
-0.031809
0.092200
0.104508
-0.044142
-0.006989
0.153970
-0.192742
-0.106228
0.055028
0.104582
-0.031782
-0.093819
0.253262
-0.106062
0.290001
0.079511
-0.031648
-0.031662
0.215238
-0.006931
0.017731
0.239405
-0.031512
-0.019215
0.239002
-0.019164
-0.068328
0.029982
-0.019182
0.017692
-0.056074
-0.019200
0.005400
-0.056127
0.079228
-0.019203
0.054601
0.029991
-0.006895
0.017695
-0.019191
-0.019197
0.054588
-0.006895
0.017695
-0.019191
0.017696
0.005400
0.042280
-0.019185
0.017693
0.177348
0.005400
-0.006872
0.079011
-0.031399
0.054462
0.029922
0.005400
-0.080453
0.213772
-0.006845
0.176696
-0.055743
-0.019068
-0.019074
-0.031322
0.029883
0.005400
0.103271
0.066521
0.115324
0.029811
0.005400
0.017603
0.127351
0.054139
-0.043339
-0.055557
0.041979
0.041965
0.151528
0.066224
-0.055424
-0.067637
0.187893
-0.189271
0.041930
-0.018952
-0.031139
0.066290
0.017574
0.078410
0.054044
-0.067575
-0.018937
-0.055468
0.017577
-0.018955
-0.043327
0.017584
-0.006784
0.005400
0.005400
0.005400
-0.031161
-0.018981
0.005400
-0.031183
0.017596
0.017594
0.041974
-0.055564
0.054175
-0.018984
-0.018990
0.017596
0.041979
-0.018984
-0.006794
0.029787
0.078526
-0.006784
0.078482
0.029749
-0.006774
0.005400
0.005400
-0.006775
0.017575
0.139228
-0.189318
0.054115
0.029749
0.017572
0.041907
0.078375
0.029713
0.139017
-0.359431
-0.055535
0.127232
-0.079867
0.029769
0.005400
-0.006784
-0.018972
-0.031170
-0.006793
0.029784
0.054151
-0.018972
0.029772
0.054127
0.017578
-0.018958
-0.018963
-0.031156
-0.079950
-0.006799
0.029796
-0.018996
-0.019002
0.090781
-0.018987
-0.055594
-0.019008
-0.055646
0.017612
-0.031241
-0.080148
0.017626
-0.006826
-0.006827
-0.006829
-0.006830
-0.141479
0.029895
0.029889
0.042122
0.029874
0.091011
-0.129165
0.066588
-0.227315
0.042181
-0.104982
0.042208
0.213721
-0.080327
0.005400
-0.006853
0.225718
-0.006827
0.005400
0.054300
0.029841
-0.006820
0.066484
0.042032
0.078624
0.066379
-0.018987
-0.018993
-0.018999
-0.006802
-0.031214
0.042014
0.029802
-0.019002
0.042001
-0.043404
0.029805
0.066387
0.005400
0.005400
0.066350
0.017585
0.005400
0.029766
-0.043339
0.017587
-0.031165
0.017590
0.029775
0.005400
0.017585
0.188004
0.054038
0.041863
0.041850
0.017547
-0.043197
0.053997
-0.031045
-0.043214
0.029710
-0.055387
0.078339
0.078286
-0.018890
0.041832
0.175241
-0.018845
0.162890
0.078004
0.053773
-0.018784
0.029584
0.005400
-0.139791
0.078022
0.065878
0.005400
0.102088
0.053709
0.077820
0.017465
-0.018731
0.089834
-0.127314
-0.006674
0.126071
0.041573
-0.018714
-0.079044
0.005400
-0.006669
0.041603
0.005400
0.101879
0.005400
-0.054888
-0.042857
0.005400
-0.006668
-0.030812
0.017472
0.041608
0.017466
0.029528
-0.006663
-0.030799
-0.030812
0.065746
-0.018734
0.041599
-0.042868
0.017469
-0.054961
-0.067081
-0.030860
0.017488
0.029572
0.053727
0.005400
0.029555
-0.030834
0.005400
0.041634
-0.079167
-0.018775
-0.006690
0.005400
-0.030878
0.005400
-0.055092
-0.030913
-0.055151
0.029625
0.102241
-0.018801
-0.055129
-0.006710
-0.018825
-0.018831
-0.067327
0.162909
-0.006707
-0.030931
-0.030944
-0.018837
-0.261590
-0.091864
-0.006765
0.041890
0.029719
-0.031081
0.066194
0.005400
0.017554
0.017553
-0.018907
-0.006756
0.005400
0.005400
0.005400
0.005400
-0.006757
-0.031081
-0.043262
0.017568
0.005400
0.017566
0.054050
-0.006760
0.078339
-0.006753
0.017553
-0.043220
-0.018919
-0.043256
0.078375
0.005400
-0.031081
0.041881
-0.043244
0.017563
0.017562
0.041876
-0.006757
-0.055409
0.005400
-0.091971
-0.165228
-0.031201
-0.092268
0.115270
-0.177784
-0.006824
-0.116924
-0.178367
0.213644
-0.019077
0.201047
0.176278
0.115096
-0.079909
-0.165436
0.176236
-0.128804
-0.190127
0.005400
-0.153748
0.152315
-0.423706
0.091369
-0.043716
0.029961
0.250679
-0.031353
0.005400
0.054402
0.042135
0.042122
-0.117059
-0.129478
-0.240300
-0.290240
0.141010
0.042353
-0.105499
0.054704
-0.426833
0.067262
-0.081218
-0.031745
0.079676
-0.192792
0.067377
0.030180
-0.130966
-0.156000
-0.330651
0.067717
0.005400
0.055226
0.030304
-0.081789
-0.044457
-0.007068
0.030335
-0.281723
-0.069638
-0.069694
0.230513
0.080325
0.017882
-0.207007
0.030413
-0.082171
-0.032154
0.005400
-0.232770
-0.523103
0.232243
0.181479
-0.158091
0.068313
0.244109
0.068123
0.030478
-0.182841
0.181103
-0.245699
-0.107800
0.156305
0.769001
0.242057
0.005400
0.005400
0.092448
0.017829
0.055102
0.017822
-0.044296
0.030251
-0.081605
0.241381
-0.093893
0.005400
0.079879
0.067423
-0.019405
-0.044228
-0.093930
-0.031874
0.017826
-0.081616
-0.019476
-0.069264
0.216803
-0.056731
0.055108
-0.031879
-0.118963
-0.206372
0.017870
-0.331826
0.055431
-0.182346
-0.057261
0.093114
-0.019653
0.042978
0.055481
-0.007118
-0.019641
0.280503
0.130197
0.130042
-0.031976
0.105039
-0.206451
-0.169403
0.267491
0.055244
-0.219095
0.080288
-0.294488
0.042935
0.117921
-0.082105
0.404801
-0.031976
0.304019
-0.094041
-0.081692
-0.056855
0.117431
0.129732
0.030248
-0.106464
0.067562
0.017828
-0.044320
0.005400
-0.044345
0.055145
-0.418224
0.042851
-0.282082
-0.057206
-0.371059
0.093367
0.168563
-0.044776
0.105726
-0.007135
-0.094939
0.218499
-0.032173
-0.019656
-0.032196
0.030466
0.068037
0.017923
-0.283020
-0.157988
0.118544
0.080758
-0.044832
-0.132869
-0.259100
0.093645
-0.234302
0.030659
0.131599
-0.057680
-0.158793
-0.095776
0.081292
-0.019891
-0.057855
0.308660
0.257416
0.193996
-0.246141
0.269501
0.118373
-0.095014
-0.145411
0.168768
-0.183125
-0.170878
0.030602
-0.057616
0.093611
-0.499715
0.068679
0.333808
0.030618
0.156572
0.080900
-0.032343
-0.032357
0.005400
0.168912
0.030532
-0.095166
0.030551
-0.410401
-0.184173
-0.641851
0.030862
-0.083744
0.043614
-0.020074
0.107259
0.005400
-0.096459
0.145429
-0.172853
-0.109359
-0.160596
-0.186477
0.197277
0.069277
-0.365658
0.312581
-0.545636
-0.484102
-0.097959
-0.020456
0.456926
-0.510797
0.341231
0.172893
-0.046107
0.005400
0.069779
0.082600
-0.058929
-0.097613
0.211320
0.185233
0.223335
0.222861
-0.096876
0.388396
0.158188
-0.185622
-0.134915
-0.071219
-0.148013
-0.097007
-0.624139
END
