y[]
0.091245
0.155361
0.334382
-0.011575
-0.062773
0.090796
0.205666
-0.100952
0.179950
-0.062577
0.026742
-0.011542
-0.177604
-0.011567
-0.152332
0.052429
0.103560
-0.088324
0.001219
-0.088404
-0.165437
-0.152864
0.026916
0.193736
-0.139925
0.206452
0.142073
-0.152450
-0.101358
0.193465
0.193096
0.154456
0.217904
-0.087948
0.128575
0.166540
-0.075049
0.013934
-0.036932
0.026654
0.013934
-0.075098
0.001219
0.001219
0.001219
0.153793
0.039326
0.115454
-0.024156
-0.011471
0.216722
0.165703
-0.036715
0.026510
0.013862
0.064410
0.026484
-0.024047
0.001219
0.039114
0.102203
0.215473
-0.061750
0.076776
0.038976
0.177231
-0.049039
-0.124536
-0.011365
-0.036543
-0.036557
0.064171
-0.023957
-0.074348
-0.011381
0.114562
0.013805
-0.061726
-0.061765
0.127148
-0.036543
0.064147
-0.326444
-0.276875
-0.214203
-0.036845
-0.062253
-0.138561
0.217160
0.090001
-0.112944
0.090023
-0.520046
-0.305177
0.039570
-0.126675
0.141893
-0.459907
-0.384683
0.168626
-0.063135
0.039836
0.065548
-0.320843
-0.153740
0.078728
-0.063368
0.181957
-0.024581
0.001219
-0.037493
0.039931
-0.037493
0.143090
0.039876
0.001219
0.001219
0.001219
0.155699
-0.024511
-0.037389
0.078419
0.129753
0.091095
0.039712
-0.011611
-0.191422
0.206689
0.308635
-0.011571
-0.049958
-0.383446
0.245012
0.129293
0.333445
-0.305412
-0.267857
0.014048
-0.178545
-0.127382
-0.050268
-0.269522
-0.205553
0.156338
0.078688
0.027029
0.155938
0.502409
-0.024422
-0.242699
0.103994
0.283306
-0.062822
-0.011594
0.039653
0.486781
-0.075292
-0.100887
-0.113775
-0.190732
-0.345224
0.309227
-0.127003
0.039703
0.116581
0.001219
-0.024406
0.078073
0.014022
-0.152529
0.001219
0.026860
0.206111
-0.139599
0.129243
0.116301
-0.152254
0.205796
0.039531
-0.011550
-0.075429
0.013998
0.039545
-0.049886
0.001219
-0.511274
-0.140179
0.039801
0.026932
-0.037354
-0.320801
-0.205420
0.285237
-0.360399
0.001219
-0.128248
0.182425
0.091699
-0.063402
0.027072
-0.192843
0.117701
0.104645
-0.050481
0.130418
-0.192642
0.027089
0.143384
-0.322176
0.234168
0.014145
-0.076361
0.091722
0.233567
0.271611
-0.114574
0.091291
-0.243453
0.001219
-0.153620
0.246270
0.078479
0.181260
-0.037334
0.257958
0.026857
0.014035
0.026847
0.052455
0.052429
-0.075606
0.078043
0.269641
0.167025
-0.024272
-0.011529
0.052200
0.064909
-0.087959
-0.062528
-0.062569
-0.011544
-0.177626
-0.062732
0.129080
-0.229049
0.090830
0.014014
0.065170
-0.062732
-0.088381
-0.229551
0.026886
0.206321
0.257006
-0.088232
-0.126708
-0.165330
0.231752
0.026801
-0.049952
0.218513
-0.088198
0.026775
-0.139419
-0.139617
-0.024409
-0.075704
0.090957
-0.011596
-0.409723
-0.101781
0.155679
0.129753
-0.050175
-0.230382
-0.037434
-0.089028
0.142999
-0.101874
0.001219
0.207298
-0.076011
-0.088958
0.014106
0.104258
-0.153381
0.181561
0.039821
0.026946
-0.024508
0.039806
-0.011642
0.104060
-0.063044
0.014075
-0.037354
0.014078
0.052639
0.180983
-0.050109
-0.140070
0.129671
0.014055
0.001219
-0.088669
-0.011629
-0.011631
0.103967
-0.011619
-0.088692
0.078290
-0.075853
-0.088773
-0.075981
-0.088924
0.219995
0.129687
-0.281630
-0.179194
0.001219
0.014116
-0.011679
0.065689
-0.063252
0.323156
0.039782
-0.011634
-0.063069
0.014080
0.091199
0.014066
0.168089
-0.114277
0.014058
0.244855
0.320892
0.052272
-0.049834
0.013984
0.116037
0.013968
-0.062545
0.154182
0.255639
-0.087755
0.077487
0.077429
0.166141
-0.074865
-0.138419
0.090102
0.051974
0.013903
0.001219
-0.011466
-0.024156
0.001219
0.001219
0.013907
-0.113031
0.001219
0.001219
0.052012
-0.036874
-0.011482
-0.138597
-0.024223
-0.011505
-0.011506
-0.049698
0.103026
0.090215
-0.036913
-0.075088
0.001219
0.077526
0.179042
-0.074952
0.166183
-0.049510
-0.214668
0.102871
0.001219
-0.011482
-0.049601
-0.036913
-0.024210
0.026648
0.128267
0.051993
-0.049556
-0.011479
-0.011480
-0.024185
0.064715
0.077361
-0.062229
0.102716
-0.112973
0.254801
0.279418
-0.125140
0.077053
0.165329
0.064266
-0.200674
0.001219
0.026478
-0.163078
0.152887
0.165267
0.127227
-0.036567
0.164854
-0.036519
-0.011364
0.013801
-0.061710
0.001219
0.026395
0.026389
-0.061718
-0.049159
0.064187
-0.049153
0.013814
-0.023973
-0.036581
-0.023989
0.026427
0.051616
0.051590
-0.049153
0.013814
0.038995
-0.011372
0.013809
0.026395
0.001219
0.001219
-0.086926
-0.074396
0.051635
-0.049197
-0.011389
0.064243
0.026417
-0.087004
0.013827
-0.011389
0.089441
0.013816
0.001219
-0.011378
-0.099613
0.013828
-0.074462
0.102114
-0.074443
0.102089
0.039019
0.026411
0.089341
0.001219
-0.061718
0.051571
0.038966
0.101810
0.177010
-0.111754
-0.262882
0.164792
0.952177
-0.861772
-0.452011
-0.074520
-0.226341
0.102421
0.013862
0.013860
-0.074654
0.089731
0.039129
-0.036691
-0.036706
-0.049369
-0.138031
0.140468
0.013868
0.026513
0.077063
0.102254
-0.024031
0.076948
0.013835
-0.036634
0.026455
-0.049261
-0.036658
-0.061940
0.013854
-0.049331
0.190649
-0.024018
-0.162975
0.114920
-0.011408
0.089575
-0.226140
-0.087338
0.178255
-0.226457
-0.252363
-0.240281
-0.062431
-0.279322
0.154339
-0.228549
-0.049913
0.243860
-0.535936
0.372419
-0.203411
0.244170
-0.024327
0.332809
-0.202707
0.319670
-0.393812
-0.062642
-0.062683
-0.088312
-0.011578
-0.088404
0.167598
-0.280508
0.026863
-0.242668
0.026919
0.283487
-0.101332
-0.024435
0.078162
-0.101385
-0.062962
0.052567
0.026883
0.078171
-0.050076
-0.242793
-0.024501
0.052652
-0.127415
-0.050281
-0.011660
0.039851
-0.050294
0.001219
0.014100
0.078469
0.065548
-0.050241
0.091257
-0.011639
-0.011640
0.052646
0.039772
0.026913
-0.024475
0.014066
0.078270
0.116685
0.270122
0.014006
-0.024357
-0.113952
0.039624
0.065194
0.205666
0.281652
-0.100666
-0.024269
-0.037025
-0.215770
0.128916
-0.049841
0.116066
0.357680
-0.049627
-0.049652
-0.355606
-0.216048
-0.178062
-0.191225
0.308951
0.180293
-0.190658
-0.037201
0.384753
-0.011542
-0.343940
0.257006
0.320036
0.001219
0.013950
0.013949
-0.087925
0.001219
0.001219
0.026696
0.013955
-0.049737
0.001219
-0.075263
-0.024288
0.001219
-0.049815
0.039496
-0.037059
0.026739
-0.024301
-0.024308
0.026745
-0.011544
0.026742
0.052246
0.064966
0.026706
-0.177330
-0.203228
-0.139581
-0.319520
-0.127366
-0.320967
-0.011690
-0.153820
0.078768
-0.205714
0.065931
0.182191
-0.076301
0.039986
-0.011702
-0.102207
-0.115263
-0.063552
0.156599
0.014156
-0.154141
-0.336225
0.079191
-0.102758
0.066217
0.208930
-0.154524
-0.271917
0.053302
0.183297
0.001219
0.014212
-0.050763
0.066192
0.441919
-0.115248
0.040056
-0.102381
0.014175
-0.089508
-0.141518
0.079100
0.014193
-0.011756
0.066074
0.053073
0.040091
0.027126
-0.011734
-0.922726
0.171031
0.079497
0.027298
-0.168417
0.040391
0.014273
-0.103261
0.014285
-0.024915
0.079599
0.170832
0.118475
0.157347
-0.089826
0.326000
0.066049
0.001219
0.130752
0.221042
-0.089238
0.143328
-0.089191
-0.011704
0.156177
0.207458
-0.450482
0.014153
0.207937
-0.089168
-0.231580
0.078879
-0.115294
0.065965
0.117656
0.065847
-0.335308
-0.232426
-0.037775
0.027216
0.079171
0.092087
0.234500
0.091793
-0.180011
-0.076552
-0.102570
0.079070
0.014188
0.078999
0.078939
0.040056
0.117641
-0.050508
-0.102314
0.052999
-0.089414
0.117731
0.014156
-0.257849
0.053086
0.066015
-0.037654
-0.297308
-0.037785
-0.063822
-0.089909
0.079334
0.131275
-0.011779
-0.024782
-0.037795
0.027230
0.027223
0.118155
END
