y[]
-0.012612
0.083057
-0.120253
0.118953
0.011303
0.011301
0.106845
0.011287
0.118639
0.011271
-0.024493
-0.048354
0.023205
-0.000650
-0.072232
0.106704
-0.060276
0.070898
-0.024493
-0.012574
-0.012575
-0.036434
0.047060
-0.012575
0.011276
-0.024502
0.011277
-0.000650
-0.012576
0.011277
0.023200
0.023194
-0.012571
-0.012572
-0.000650
-0.024499
0.011276
-0.012575
0.023200
0.023194
-0.012571
-0.012572
0.023194
0.011270
-0.036413
-0.048354
0.058977
0.035109
-0.072180
-0.036434
-0.036447
-0.024522
0.047089
-0.036451
0.059013
-0.036443
-0.000650
-0.012584
-0.060341
-0.024536
-0.060390
0.047146
-0.000650
-0.156068
0.166714
-0.048439
0.071026
-0.024536
-0.024542
0.011297
-0.120181
-0.024573
0.047191
0.262068
-0.239456
0.094941
0.130639
-0.036439
0.070915
-0.060284
-0.012581
0.011281
-0.000650
-0.024513
-0.012584
-0.000650
-0.048400
0.011290
-0.012589
-0.012591
-0.000650
0.011291
-0.000650
0.023228
0.011287
-0.024525
-0.000650
0.011288
-0.000650
-0.000650
-0.000650
-0.000650
-0.000650
-0.024527
-0.000650
-0.000650
-0.132079
-0.036524
-0.084407
0.083107
0.047180
0.035208
0.023248
-0.072360
0.083007
-0.000650
-0.000650
0.118739
-0.143933
0.071018
-0.048422
-0.060398
-0.000650
-0.108286
-0.000650
0.083077
0.130780
0.106755
-0.084177
0.142497
0.047020
-0.036400
-0.239313
0.082947
-0.000650
-0.024527
0.106755
-0.060305
0.023217
0.047066
-0.060298
-0.000650
0.011283
0.023211
0.011278
-0.012578
-0.060312
0.011286
-0.000650
0.023217
-0.048388
0.035156
-0.000650
0.023214
0.011280
-0.024510
-0.036451
-0.000650
-0.024525
0.011288
0.011287
-0.000650
-0.012586
-0.000650
-0.012588
0.011288
0.011287
-0.000650
-0.084237
0.023239
0.035173
-0.048417
0.011294
0.035173
-0.000650
-0.012589
0.035165
0.082868
-0.048365
0.023211
-0.000650
-0.024510
-0.012582
-0.227637
-0.048502
0.071121
-0.012608
0.094975
-0.419687
0.143218
0.178894
0.094975
-0.024547
0.011300
0.035190
0.035178
0.106755
0.118554
0.118412
0.153919
-0.083849
0.070668
0.165562
0.011212
-0.000650
-0.012511
-0.000650
-0.012513
-0.000650
-0.024380
-0.000650
0.011216
-0.012516
0.034944
-0.024377
-0.000650
-0.012516
-0.000650
-0.000650
-0.012517
0.023084
-0.012516
-0.024386
0.011219
-0.012518
-0.000650
-0.012520
0.011220
-0.000650
-0.012520
-0.000650
-0.012521
-0.012523
-0.071917
0.023112
-0.036294
-0.024420
-0.024425
0.023126
-0.024425
-0.000650
-0.012540
-0.024434
0.046913
-0.024428
0.035016
0.023120
-0.024420
-0.012537
0.035007
0.011233
-0.071968
-0.060120
0.106372
0.034999
0.058736
-0.012524
-0.000650
-0.060043
-0.048190
0.046890
0.046868
-0.012527
0.023103
-0.119471
-0.060113
0.094475
0.165601
-0.012516
-0.012517
0.011218
-0.024386
-0.012520
-0.012521
-0.000650
0.011222
0.023089
-0.012518
0.011219
-0.000650
0.011218
-0.024386
-0.024391
0.011222
0.023089
-0.000650
-0.000650
0.023084
0.011215
-0.012514
0.034940
-0.036239
0.011215
-0.000650
0.011213
-0.012513
0.023075
-0.012511
-0.071849
0.023089
-0.000650
-0.024389
0.011220
0.011219
0.023084
-0.000650
0.011215
-0.059986
-0.012521
0.034961
0.011218
-0.024386
-0.012520
-0.000650
0.034956
0.129798
0.058588
0.023036
0.094036
-0.071656
-0.012489
-0.142830
0.094159
-0.048043
0.141463
-0.095369
0.011195
0.070390
0.058511
0.046654
-0.036125
-0.000650
0.011177
-0.000650
-0.012476
-0.012478
0.023005
-0.024304
-0.071647
0.046688
0.011181
-0.012481
-0.000650
0.023011
-0.036142
-0.024318
0.011185
0.011184
-0.000650
-0.000650
0.011183
-0.000650
0.011181
-0.000650
0.034834
-0.024304
-0.059811
-0.000650
-0.012486
0.046688
0.023011
-0.059811
0.011185
-0.047998
0.023027
0.023022
-0.024321
-0.012488
-0.048015
-0.012495
0.011195
0.058553
0.011187
-0.024324
-0.000650
0.023025
-0.036163
-0.071715
0.023044
0.082235
-0.048004
0.070373
0.046671
-0.000650
-0.024307
0.034834
0.022999
0.093891
-0.047909
-0.047931
-0.201845
-0.024346
-0.012500
0.082274
-0.048026
0.046727
-0.024335
-0.012495
-0.000650
0.011195
-0.048037
0.011199
0.046732
-0.012493
0.011194
-0.024338
0.011195
0.011194
-0.000650
0.034872
0.046693
-0.036155
-0.024327
0.023027
-0.000650
-0.024327
-0.000650
0.046699
0.070331
-0.036134
-0.036146
-0.071681
-0.012493
0.070390
-0.059846
0.153187
-0.036130
-0.024310
0.023011
-0.000650
-0.000650
0.046654
-0.012474
-0.047959
-0.024313
0.011183
0.011181
-0.213819
0.034910
0.058588
-0.309072
0.165542
0.070491
0.105966
-0.048021
-0.000650
-0.048043
-0.000650
0.070432
-0.131005
0.058624
-0.071782
-0.131190
-0.000650
0.011225
0.058701
0.106093
0.058603
-0.012497
-0.024349
0.011201
-0.036205
-0.012504
-0.048082
-0.048105
0.023081
-0.024380
-0.024386
-0.012520
0.011220
0.023086
-0.000650
-0.000650
0.011216
0.023078
-0.024377
0.023078
0.011212
0.034927
-0.059951
-0.024380
-0.012517
0.011218
-0.012517
0.034948
0.046794
-0.024369
-0.059972
-0.012518
0.023086
-0.012517
0.011218
-0.048127
0.034961
0.011218
0.023081
-0.024380
-0.012517
0.011218
0.023081
-0.000650
0.046794
0.023064
-0.154888
0.070567
0.106080
-0.012503
-0.095526
0.070516
0.034914
0.034902
-0.059909
-0.059944
-0.012513
0.046794
-0.036231
-0.143100
-0.071951
0.023123
-0.071985
0.153846
-0.036281
0.011229
-0.012528
0.106207
0.011216
-0.000650
-0.012516
-0.024386
-0.012520
-0.048144
-0.012527
0.023103
0.011225
-0.036277
0.023103
-0.000650
0.011225
-0.000650
-0.000650
-0.000650
-0.000650
-0.024400
0.011226
-0.000650
-0.012525
-0.000650
-0.012527
0.082461
0.046811
-0.071849
-0.012521
-0.012523
0.011223
-0.000650
-0.000650
-0.012523
-0.071917
-0.012533
-0.012534
-0.036311
-0.036324
0.035024
-0.060113
-0.000650
0.153882
0.129922
0.141598
-0.000650
-0.036193
0.011199
0.070415
-0.130974
-0.048082
0.058638
-0.000650
0.094137
-0.000650
-0.107291
0.094148
0.082225
0.093980
0.034813
-0.036113
0.011173
-0.024296
-0.000650
-0.000650
-0.000650
-0.012475
-0.012476
-0.000650
-0.012478
-0.012479
-0.012481
-0.071664
0.023027
-0.000650
0.011187
0.023019
-0.024318
0.011185
0.011184
0.011183
-0.024316
-0.012485
-0.012486
-0.012488
-0.000650
-0.012489
-0.000650
-0.000650
0.023027
-0.012488
0.011188
-0.036167
0.023030
0.046693
-0.012483
-0.036159
0.011188
-0.000650
-0.036167
-0.012492
-0.059881
-0.059916
0.011206
-0.000650
0.058610
-0.297298
0.129984
-0.036260
-0.095673
-0.060085
-0.143439
-0.036379
0.046986
0.106449
-0.000650
-0.012544
0.058807
0.189374
-0.119372
-0.036294
0.129984
-0.024389
-0.060022
-0.000650
-0.000650
-0.000650
-0.060057
-0.012535
0.011236
-0.000650
-0.012535
-0.048206
-0.000650
-0.000650
0.023132
-0.000650
0.011239
-0.000650
0.035007
-0.000650
-0.024420
0.011236
-0.012535
0.011236
0.023117
-0.048190
-0.000650
0.023123
-0.000650
-0.000650
-0.036311
-0.024431
-0.131548
-0.060205
0.023177
-0.000650
-0.024476
-0.024482
-0.036409
-0.012572
0.070864
-0.000650
-0.048320
0.094668
-0.000650
-0.012559
-0.024473
-0.215319
-0.132064
-0.120267
0.118968
-0.024562
0.166614
0.023222
0.154380
-0.000650
-0.060248
0.094691
-0.107914
-0.048360
-0.072257
0.118668
0.011274
0.035114
-0.012569
-0.036417
-0.000650
-0.012575
-0.000650
-0.012576
-0.024508
-0.000650
-0.036447
0.059005
0.011277
0.023200
-0.000650
-0.012574
-0.000650
0.011274
-0.012574
0.035118
0.011270
0.023185
0.011266
-0.024482
-0.024488
-0.000650
-0.024493
0.058949
-0.000650
-0.000650
-0.000650
-0.036404
0.035105
-0.000650
-0.048326
-0.024496
-0.000650
0.058956
-0.024488
0.058934
0.058899
-0.060198
0.011263
0.023171
0.070779
0.070728
-0.095831
END
