y[]
0.013816
-0.009775
0.002021
0.013816
0.013815
0.002021
0.002021
0.037396
-0.009770
0.013811
0.025597
0.002021
0.037375
-0.033334
0.013807
0.049151
-0.056897
0.013807
-0.033342
0.060952
-0.021548
0.037371
-0.045116
0.037375
-0.115876
-0.056980
0.002021
0.013823
0.178897
0.002021
-0.009761
0.049140
0.013797
0.025569
0.037333
0.025556
-0.056827
0.072634
-0.021512
0.037317
-0.103905
-0.115807
0.049168
-0.009764
0.037371
0.025580
-0.115834
0.002021
0.025603
0.002021
0.025597
-0.009767
-0.021559
0.037387
-0.009767
-0.033351
0.037392
-0.009768
0.013810
0.025594
0.037371
0.002021
0.002021
0.013801
0.013800
0.025575
0.060882
-0.045066
-0.009755
0.002021
0.002021
0.037342
-0.056855
-0.009759
0.002021
-0.056897
-0.009767
0.049163
0.002021
0.025583
-0.009760
0.025580
-0.033321
-0.021548
-0.033342
-0.009770
-0.080551
0.013821
0.119945
-0.092308
-0.151453
-0.128026
-0.009810
0.002021
0.013851
-0.021642
-0.033484
-0.080874
0.002021
-0.045378
0.167819
-0.163778
0.061266
0.084905
-0.021654
0.143982
-0.329537
-0.021704
-0.009844
0.049470
-0.009840
-0.045435
0.025751
-0.009844
0.013885
0.002021
-0.009844
0.013885
-0.057316
0.013891
-0.009850
0.002021
0.002021
0.013891
0.013889
-0.009848
0.002021
-0.009850
0.013891
0.002021
-0.045468
0.037639
-0.021724
-0.009854
0.037639
0.073220
0.002021
-0.021707
0.025748
0.002021
-0.057309
0.002021
0.002021
-0.021721
0.013892
0.013891
-0.116744
0.037665
-0.009859
-0.033628
0.203861
0.120560
0.037555
-0.235115
0.073220
-0.092924
0.037635
-0.009850
-0.069230
0.061399
0.037631
0.037618
-0.081061
0.108826
0.002021
-0.069171
-0.092980
0.156351
0.049459
0.002021
0.061287
0.013870
-0.009828
-0.009830
0.013871
0.013870
-0.009828
0.049408
-0.021671
0.037555
0.013863
0.037538
0.025692
0.025686
-0.045317
0.002021
-0.009817
0.013858
0.013857
0.013856
0.037517
0.002021
-0.009810
0.002021
-0.021645
0.025686
-0.033480
-0.021654
0.013858
-0.033497
-0.045356
0.013867
0.013865
0.013864
0.002021
0.037542
-0.045345
-0.045367
0.025717
-0.045378
-0.009833
-0.033548
-0.009838
-0.009840
-0.092912
0.108814
0.013879
0.002021
-0.199772
-0.152567
-0.188569
0.049702
-0.009898
-0.021820
0.025861
0.109234
-0.033704
-0.105231
-0.224778
0.073697
0.109438
0.145065
0.085369
0.037720
0.013918
-0.033675
-0.009881
0.002021
-0.057507
0.002021
0.073449
0.025819
-0.021778
0.013920
0.013919
-0.117027
0.013932
-0.021803
-0.009893
-0.009895
0.002021
0.002021
-0.009896
0.013937
0.061583
0.013929
-0.033709
0.025841
-0.009889
0.002021
0.049651
0.025827
0.120969
0.013908
-0.033645
-0.045553
0.049594
0.025799
-0.021758
0.002021
-0.045553
-0.033675
-0.045593
-0.045615
0.002021
-0.093320
-0.200880
0.133356
-0.248861
-0.081747
-0.033901
0.013996
-0.069853
-0.033936
-0.045941
-0.190056
-0.009997
-0.238624
0.050196
-0.130518
-0.118621
0.207025
-0.166776
0.086455
0.242868
0.026073
-0.022032
0.014048
-0.070164
0.026088
-0.010012
-0.070208
0.026102
0.050167
-0.010014
0.026088
0.086211
0.014042
0.014041
-0.058094
-0.022035
0.002021
-0.022041
0.038111
-0.034070
0.026082
-0.070182
0.038128
-0.010014
0.050150
0.038102
-0.082190
-0.142506
0.026123
-0.130613
0.134655
0.086333
-0.070242
-0.022079
-0.094435
-0.058311
-0.010050
-0.094598
-0.143082
0.086689
-0.058450
0.002021
-0.058486
-0.022193
-0.337580
0.256829
-0.046464
0.292578
-0.010069
-0.227962
0.002021
-0.046464
0.026266
-0.070733
-0.046511
-0.022254
0.171820
-0.022219
-0.034350
-0.022234
-0.143628
0.147669
0.147458
0.038347
-0.010087
0.002021
0.014128
0.026231
0.014123
0.002021
0.002021
0.002021
-0.010082
-0.022190
-0.022195
0.038342
-0.046411
0.110960
0.086669
0.062440
0.026178
0.038246
0.050301
0.014087
0.074388
0.098429
-0.142627
0.062316
-0.022093
0.038189
-0.058268
0.086414
-0.094435
-0.010043
0.002021
0.182820
-0.034113
0.062236
0.038133
-0.106354
-0.022079
-0.022085
0.026126
0.038167
-0.022076
-0.070303
-0.094493
-0.082505
-0.010060
-0.227795
0.171410
0.183191
0.098511
0.086373
0.062229
0.122329
0.014043
0.230180
-0.021972
0.181823
0.025970
-0.045884
-0.057892
0.037972
0.014002
0.049930
0.013994
0.013993
0.013992
-0.045872
0.061883
-0.009949
0.002021
0.002021
0.002021
-0.009950
-0.009952
0.002021
-0.009953
-0.057870
0.014002
-0.045912
0.014006
-0.021952
0.025993
-0.057921
0.014012
0.014010
-0.009969
0.014010
0.014009
0.109850
0.169525
-0.105629
0.085758
-0.033858
0.013982
-0.045832
0.061833
0.085698
0.013969
-0.057734
0.013974
0.002021
0.073714
-0.069673
0.013973
-0.105603
-0.105719
0.013997
0.121709
0.002021
0.097669
0.145321
-0.033785
0.109400
0.061626
-0.045661
-0.069544
0.037809
0.013947
0.025870
-0.069544
0.097429
0.252036
-0.045553
-0.081288
0.073432
0.002021
-0.045581
0.025824
0.013920
-0.093218
-0.021803
-0.033726
0.002021
0.049679
-0.033721
0.049674
0.013930
-0.009889
-0.045633
0.013936
0.061576
-0.033709
-0.021806
-0.009895
-0.009896
0.037767
0.013933
0.013932
-0.033717
0.002021
0.097293
-0.021789
0.002021
-0.021795
0.002021
-0.140990
0.061633
-0.081447
0.121239
-0.009895
0.085399
0.144793
-0.033653
-0.009874
-0.081278
0.025827
-0.081328
-0.129096
0.002021
-0.105384
0.013960
-0.225076
0.229117
0.025895
-0.165224
0.252782
0.156939
-0.009888
-0.009889
0.144844
-0.045564
-0.057493
0.002021
0.025830
0.097202
0.002021
-0.021766
-0.009875
0.120913
-0.033632
0.002021
-0.045536
-0.021766
0.002021
0.013915
0.002021
-0.021769
0.002021
0.049594
-0.009871
0.002021
-0.009872
0.025805
0.013910
0.002021
-0.009869
0.002021
-0.033658
0.025807
0.025802
0.013909
-0.021758
0.049572
0.013905
-0.033636
-0.033649
0.025802
0.097089
-0.057387
-0.057422
0.061463
-0.009865
0.013906
-0.128799
0.013920
0.049606
-0.021769
-0.093195
0.025833
-0.009885
-0.069442
0.299445
0.120743
-0.164231
-0.176413
0.132903
0.085220
0.061407
0.002021
0.037635
0.025757
-0.057330
-0.057365
-0.021744
-0.164488
0.073415
-0.105090
-0.009888
-0.069459
-0.021817
0.061605
0.085379
0.002021
0.002021
-0.045604
0.025836
0.025830
-0.009883
-0.021792
0.049640
-0.021786
-0.033700
-0.009889
-0.093308
-0.057606
0.061647
0.049696
-0.045655
0.002021
-0.033751
0.037792
-0.021826
-0.009905
0.037792
0.025861
-0.021820
-0.093399
0.025884
0.025878
0.061640
-0.117254
0.311840
-0.331671
0.133246
0.049696
-0.117212
0.037805
0.025870
0.002021
0.061619
-0.009896
0.061590
-0.081387
0.049691
-0.033730
0.061598
-0.105244
-0.009905
-0.105372
-0.117439
0.133419
0.085548
-0.021837
-0.033777
-0.308761
-0.225702
-0.057993
0.086029
-0.057978
-0.021989
0.014026
0.038028
0.109967
0.265399
-0.009936
0.002021
0.025933
-0.009935
-0.069741
0.013984
0.037904
-0.093696
-0.009950
-0.021926
-0.009955
0.037942
-0.009952
0.025964
0.049890
0.013984
0.002021
0.002021
0.013983
-0.033871
0.013986
-0.009945
0.002021
0.061833
0.025935
-0.009936
-0.069750
0.037912
-0.141623
0.025976
0.025970
0.205358
-0.021880
-0.021886
0.025927
-0.045798
-0.141572
-0.021932
-0.009958
-0.057892
0.014006
0.073903
0.013996
0.049908
0.097726
0.025933
0.037878
0.037865
-0.033824
-0.081666
0.025938
-0.081717
0.169425
-0.117525
-0.105693
0.109734
-0.009942
-0.297506
0.050005
0.205699
-0.057842
0.013996
-0.033910
-0.189826
0.026022
-0.009979
-0.021983
0.050022
0.014017
0.014016
0.002021
-0.021972
0.014017
-0.021975
0.026016
0.014016
0.037998
0.025999
0.085898
-0.033918
0.037959
END
