y[]
-0.092519
0.014818
-0.052302
-0.038896
-0.092683
0.014842
0.095463
-0.012036
-0.038913
-0.079270
0.028293
0.041727
-0.106188
0.270142
-0.065722
0.175811
0.135355
-0.105756
-0.025410
-0.065650
0.148840
-0.172878
0.081869
0.108592
-0.025392
-0.025399
-0.079033
-0.052259
0.242619
0.001396
0.028163
0.028156
0.001396
-0.065516
0.001396
0.014782
0.081675
-0.011979
0.054887
-0.025345
0.054872
0.028124
0.001396
0.028117
-0.025324
0.121581
0.014741
-0.011948
0.001396
-0.038649
0.028095
0.028088
0.028081
-0.025288
-0.118772
0.041469
-0.065399
-0.052072
0.068228
0.014757
-0.118916
0.028145
0.135033
0.054801
-0.038654
0.081482
-0.065337
-0.065382
-0.025327
0.001396
-0.011968
0.041485
0.028113
0.054808
0.081460
-0.172157
0.001396
-0.226013
-0.105799
-0.159613
-0.065767
-0.173441
-0.173747
-0.106537
-0.079630
0.028412
-0.066157
-0.106785
-0.052738
-0.161183
0.096267
0.069106
-0.012142
0.028471
0.028464
0.028456
-0.066267
-0.025682
0.109665
0.001396
-0.079794
0.082587
0.014922
0.041962
0.001396
0.014915
0.068959
-0.025623
-0.012116
-0.052672
-0.052701
0.028449
0.041962
-0.012123
-0.039174
-0.459559
0.014984
-0.025781
-0.066580
0.096550
-0.039373
0.001396
0.055752
0.123588
-0.039317
-0.012179
0.042116
0.001396
0.069225
-0.066432
0.028533
-0.080037
-0.025763
-0.093719
-0.134640
-0.025833
0.083062
0.015001
0.055796
0.150843
-0.039340
-0.134510
-0.134695
0.476908
-0.147807
-0.066497
0.082863
-0.107240
-0.134566
0.042204
0.055781
-0.175462
-0.107595
0.055907
-0.066747
-0.053152
0.001396
0.001396
-0.012245
0.055952
-0.230670
-0.094317
0.056101
0.015068
0.138008
-0.080548
0.083341
0.042344
0.028685
-0.053189
0.083263
0.001396
-0.012243
0.042310
-0.012240
0.001396
-0.012241
-0.066821
-0.012253
-0.039562
0.137859
-0.025881
0.042310
0.164884
0.001396
-0.053070
0.069475
0.408895
0.055604
-0.052811
-0.052841
0.001396
0.014959
-0.066432
-0.012175
0.042105
-0.012171
-0.093628
0.042132
0.109945
0.150458
0.312355
0.055378
-0.214703
0.041951
-0.120316
0.055509
0.217554
-0.052599
0.014898
-0.025609
0.014900
0.028398
0.109330
-0.052556
0.041863
-0.079553
-0.066112
0.001396
0.014902
0.041901
0.001396
-0.012103
0.014896
0.014894
0.001396
0.001396
-0.106639
0.014907
-0.025627
0.001396
0.014909
-0.039147
0.136477
0.014894
0.001396
0.068859
0.001396
-0.052570
-0.012100
0.028387
-0.012098
-0.066103
-0.025616
0.001396
-0.039136
-0.039152
0.001396
0.068969
-0.106741
-0.106858
0.096125
-0.052723
0.028460
0.028453
0.082521
-0.160919
0.014933
0.595190
-0.038978
-0.038994
0.028325
-0.052468
-0.079455
0.284092
0.149157
0.055073
-0.132850
0.122226
-0.065713
0.095337
-0.079119
0.001396
0.055080
0.135481
-0.012004
0.001396
0.068380
-0.065587
-0.012006
-0.025413
-0.052244
0.028220
-0.025428
0.028220
-0.065677
-0.025446
0.028238
0.001396
0.055059
0.014808
0.001396
0.001396
-0.038842
0.001396
-0.092557
0.001396
0.001396
0.001396
-0.012033
0.001396
0.001396
0.122194
0.028220
-0.025428
-0.065695
0.014818
0.055066
0.014809
0.014808
0.014806
0.068416
-0.052216
-0.012011
0.028210
0.014800
-0.038821
0.068416
-0.038810
0.001396
0.028202
0.054987
0.028181
-0.038783
-0.012000
-0.012002
-0.186372
0.202563
-0.038805
-0.038821
0.055016
-0.025410
-0.065650
0.055037
-0.065659
0.108664
-0.012006
0.001396
-0.495749
0.283863
-0.119563
-0.578550
0.285046
0.028369
-0.093039
-0.093128
0.028412
0.001396
0.055407
-0.025605
0.028398
-0.012103
0.095857
-0.066066
-0.025601
-0.079641
-0.025631
-0.106785
0.055502
0.014918
-0.039174
0.001396
-0.012131
-0.106887
0.042017
-0.025682
0.163756
-0.012123
-0.025649
0.001396
-0.066249
0.014929
0.028456
0.055494
0.068978
0.068932
-0.025612
-0.066157
0.068950
-0.039130
-0.160875
-0.066295
0.014938
0.082609
0.001396
0.041978
-0.012129
-0.039191
-0.039207
0.271776
-0.093153
0.500151
0.014842
-0.200474
0.095653
0.055218
0.041743
0.202888
0.095287
-0.025420
-0.025428
0.041630
0.068416
-0.065623
-0.132778
-0.012031
0.148998
0.095211
-0.038799
0.001396
-0.025410
-0.052237
-0.038848
0.055052
-0.012015
-0.012016
0.028220
0.001396
0.001396
0.014806
0.028210
-0.052237
0.041624
0.014802
0.041603
-0.012004
0.014797
0.014795
-0.012002
0.041587
-0.011999
0.028185
0.028177
0.135194
-0.038724
0.028145
0.001396
-0.011977
0.041511
0.041495
0.041479
-0.038686
0.028120
0.014756
0.001396
-0.038686
0.028120
-0.011965
-0.065435
0.001396
0.014766
0.081578
0.188238
-0.158732
-0.092130
0.014763
0.121613
0.094798
-0.092005
0.054780
-0.145476
-0.065435
-0.252971
-0.092481
0.041641
-0.253757
0.108909
-0.106116
-0.052403
-0.052432
-0.012065
0.014858
0.068678
-0.065885
0.028314
0.028307
-0.012058
0.068650
-0.025500
-0.052418
0.014853
-0.025518
0.055218
-0.038967
0.082107
0.001396
0.055167
-0.038929
-0.025496
-0.038956
0.001396
-0.038972
-0.025525
0.001396
0.014858
-0.012065
0.162817
0.055145
0.055117
0.014822
0.028242
-0.052302
0.001396
-0.012033
-0.038902
-0.012040
0.028267
0.041689
-0.065767
0.041700
0.041684
-0.079195
0.028267
0.095388
-0.065731
0.081944
-0.253894
-0.322010
-0.133666
-0.309941
0.123339
-0.093435
0.014949
-0.079948
0.028519
0.109812
0.136751
0.096036
0.028420
0.068923
-0.228380
0.325633
-0.214645
-0.012122
0.001396
0.068969
0.014905
-0.052650
0.001396
0.068950
0.041907
-0.012105
-0.039119
0.028409
0.001396
0.014900
-0.106682
0.014913
0.028423
0.014907
0.028412
0.028405
0.068886
0.028380
0.001396
-0.039081
0.014891
-0.052592
-0.052621
-0.052650
0.001396
0.014911
-0.052672
-0.039174
0.177084
-0.012107
0.014900
0.028398
0.028391
-0.012100
0.001396
0.014893
0.041874
0.095781
0.028347
0.068741
0.068696
-0.038978
0.229968
-0.025467
0.001396
-0.227237
-0.146822
0.028362
-0.160503
0.001396
0.082379
0.109271
0.162991
0.095539
0.001396
-0.133121
-0.025529
0.149395
-0.038945
0.001396
0.028293
-0.025500
0.014845
-0.012053
0.082063
0.028271
0.014831
0.055117
-0.025460
0.055102
0.001396
-0.038880
0.001396
0.014824
0.014822
-0.025456
-0.025464
0.014827
0.014826
-0.012033
-0.012035
0.028256
-0.025464
0.001396
0.028256
-0.025464
-0.052345
0.014835
-0.012042
-0.012044
0.014836
0.028271
-0.012040
0.028267
0.081966
-0.025453
0.068506
0.014813
0.108664
0.001396
-0.038815
0.108592
-0.025392
0.001396
0.028185
-0.092393
-0.025417
-0.038837
-0.025435
-0.038864
0.095312
-0.146225
0.001396
0.081944
0.001396
-0.132886
-0.389045
-0.052577
0.028387
0.082324
-0.079532
-0.093102
-0.336830
-0.107078
0.028526
0.082741
0.028497
-0.012153
-0.066377
-0.039290
0.055641
0.028508
-0.012158
-0.025719
0.055619
0.014947
-0.039262
0.055604
-0.052811
-0.025719
-0.052856
0.055648
0.082719
0.014944
0.001396
0.014942
0.001396
0.028482
-0.025689
-0.012149
0.014942
0.028482
0.014936
-0.025686
-0.025693
-0.025700
0.069124
0.055546
0.001396
0.001396
-0.012138
0.014931
-0.079838
0.028482
-0.079882
-0.012156
-0.147807
0.001396
-0.175222
0.069364
0.367623
-0.079871
0.001396
-0.161338
-0.352105
0.164706
0.110122
0.014979
0.055707
-0.066497
-0.134529
0.191640
-0.134455
-0.052996
0.191640
-0.025759
0.001396
0.028552
0.069253
0.014962
0.014960
0.001396
0.028519
-0.012164
-0.039295
0.028526
-0.025733
-0.039312
0.001396
0.082797
-0.012166
0.001396
0.001396
0.001396
0.055634
-0.012160
0.028508
0.001396
0.014949
-0.025711
0.028504
-0.025711
-0.012160
-0.039284
0.069188
-0.052834
0.069179
END
