y[]
-0.128378
-0.190385
0.118734
-0.178118
-0.054472
0.044599
-0.166017
-0.153857
-0.552883
0.244502
-0.092170
0.119658
0.019964
0.032402
0.119426
-0.042229
-0.004937
-0.004937
-0.129346
0.032402
-0.042276
0.057287
0.082112
-0.079545
-0.004937
-0.067153
0.007510
0.032393
0.032379
0.082079
0.069588
0.069533
0.044679
0.106608
0.056979
0.180581
-0.178076
0.155845
-0.029656
-0.079130
0.019800
0.118657
-0.004937
0.044458
-0.116110
0.007422
-0.128592
-0.153525
-0.104118
0.403556
0.019767
0.019761
0.019755
-0.190271
-0.091544
0.267004
-0.017282
0.290921
-0.029558
0.265566
-0.103217
0.130174
0.093211
0.044101
0.215436
0.166129
0.056087
-0.041547
0.056072
-0.041538
-0.114820
-0.004937
0.031704
-0.004937
-0.017149
-0.029366
0.031704
0.068305
0.165753
-0.029303
-0.065879
-0.041520
-0.017134
0.031651
0.007256
0.031633
0.031620
-0.017121
-0.078072
0.043826
-0.017125
-0.175731
-0.029360
0.056110
-0.041560
0.117089
0.068207
0.031615
0.214095
-0.041409
0.007222
0.043684
0.055806
-0.077832
-0.090048
-0.017101
-0.065782
0.019406
-0.065805
0.080268
-0.077965
-0.273164
0.141458
-0.078107
0.372537
-0.029247
0.152974
-0.004937
0.092115
-0.296376
0.019382
-0.138765
-0.004937
0.128891
-0.370345
-0.078179
-0.200512
0.215058
-0.053783
0.129332
0.056035
-0.053711
-0.029333
-0.029339
-0.053759
0.007271
-0.078206
0.104947
0.031664
-0.029336
-0.017139
0.056057
-0.017133
-0.029333
-0.090370
0.056095
-0.078179
0.019483
-0.065998
-0.017153
0.019495
-0.029369
-0.004937
0.043921
-0.017149
-0.066020
-0.004937
-0.017158
0.007284
-0.017158
0.043939
-0.090485
0.007289
0.019510
0.080580
0.092708
0.141351
-0.004937
-0.078054
0.068181
0.031602
0.128924
-0.077929
0.153147
0.007213
0.019359
-0.041382
-0.041395
0.201487
0.152630
-0.113995
0.019309
-0.004937
0.128308
-0.053369
0.007173
0.188627
0.043396
0.224324
0.151624
0.127346
-0.053019
0.007086
-0.053037
-0.004937
0.079223
0.055134
-0.040975
0.031101
0.043094
-0.040958
0.079092
0.007062
-0.064943
-0.028949
-0.016945
-0.040971
0.031097
-0.016947
0.019082
0.043082
0.019064
-0.040940
-0.040953
0.007070
0.067075
0.043042
-0.028923
0.102958
0.019024
-0.100814
0.019041
0.043002
0.031002
-0.016915
-0.028897
0.090872
0.030968
-0.112689
0.019018
-0.112779
-0.064900
0.031045
-0.100918
-0.076983
-0.173246
0.187394
-0.113077
-0.053037
0.055185
0.079173
-0.257477
0.031180
0.115357
0.115212
0.019076
-0.076991
-0.113116
0.007089
0.043152
-0.113168
0.007095
0.007093
0.043169
0.007086
-0.016960
-0.161365
0.055257
-0.016973
-0.016974
0.007101
0.019134
-0.016971
-0.004937
0.019131
-0.016970
-0.029007
-0.004937
0.031167
0.007095
0.031149
-0.041023
0.007093
-0.004937
0.019119
0.031136
-0.004937
-0.041010
0.043158
0.139207
0.007066
-0.028943
-0.076991
-0.113116
0.139277
-0.077017
0.055134
0.055098
0.007066
-0.004937
0.007064
0.031058
0.031045
0.043019
-0.004937
0.019033
-0.076862
0.198717
0.174414
0.007009
-0.124454
-0.040820
0.042904
-0.100642
-0.100734
0.078891
-0.028880
0.019007
-0.160672
0.090929
-0.064842
0.019030
-0.088844
0.007054
0.078961
0.090860
-0.016906
0.007033
0.150538
-0.004937
-0.052749
0.030925
-0.016889
-0.016891
-0.028849
-0.112612
-0.016908
-0.028883
0.054918
-0.004937
0.030959
0.018987
-0.040824
-0.004937
-0.028869
-0.016905
0.090769
-0.064742
0.018990
-0.016899
-0.088714
-0.004937
-0.076802
-0.088844
0.019044
0.066971
-0.088834
0.007053
-0.016926
-0.004937
-0.052910
-0.064936
0.174952
0.102841
-0.088754
0.019018
0.019012
-0.100768
0.019030
-0.040889
0.007049
0.246425
0.007017
-0.028846
0.018972
-0.004937
-0.052761
-0.076716
0.018995
-0.028869
-0.028874
-0.244630
-0.124999
-0.004937
0.091125
0.091033
-0.076905
0.031054
-0.040927
-0.016936
0.007063
0.007062
0.055033
-0.016928
-0.016929
-0.004937
-0.040923
-0.040936
0.007064
-0.004937
-0.016938
-0.052956
0.031080
0.019067
0.019061
0.007060
-0.052933
0.043059
-0.076940
0.079062
0.007057
0.090964
0.007044
-0.064856
-0.100883
-0.257235
-0.475185
0.356989
-0.041070
0.043239
0.031180
-0.149480
0.055315
0.079355
-0.125375
-0.041097
0.043273
-0.161705
-0.137779
0.055468
0.127825
0.103556
0.079365
-0.089239
-0.282430
0.127873
0.248121
0.163413
0.067127
-0.004937
-0.016944
0.270859
0.007037
0.054911
-0.184588
0.114867
0.090803
-0.160560
0.007043
-0.124798
-0.016931
-0.016932
0.067014
-0.016925
0.031024
-0.016922
-0.052893
-0.064914
-0.028938
0.007064
0.007063
0.019058
-0.040932
-0.016938
0.043059
0.043036
0.043013
-0.028909
0.007050
0.019033
0.042985
-0.028895
-0.004937
-0.064856
-0.028915
-0.040914
0.031041
0.043013
-0.040897
0.174736
0.126619
-0.100596
0.018987
0.054847
-0.028846
-0.076698
0.030951
-0.112637
0.078840
-0.052801
0.090769
-0.100642
-0.040850
-0.088784
0.114824
-0.052824
0.042950
-0.064799
-0.028892
0.030994
0.066885
0.018992
-0.028866
-0.028872
-0.040850
0.019007
0.019001
-0.028874
0.042933
-0.076750
-0.088784
0.102854
0.019001
-0.028874
0.042933
-0.016902
0.007029
-0.004937
0.030951
0.007023
0.018978
-0.028852
0.018978
-0.016893
-0.004937
-0.004937
0.030929
-0.004937
-0.028846
-0.016893
-0.016895
-0.016896
-0.028860
-0.016901
0.007027
0.007026
-0.016899
-0.040833
0.102712
0.042870
0.018958
0.078650
0.078581
-0.016864
0.018915
-0.040717
0.042768
0.018907
-0.016858
-0.028783
0.006987
-0.004937
-0.052641
-0.040730
0.018927
-0.052669
-0.028812
0.007001
-0.004937
0.007000
0.042796
0.030848
-0.004937
-0.040721
-0.016868
-0.016869
0.006996
0.006994
-0.004937
-0.004937
-0.004937
-0.076544
-0.076596
-0.004937
0.042842
-0.088564
-0.004937
-0.040798
0.042876
-0.004937
-0.004937
0.018961
-0.040785
0.007014
-0.160411
-0.136681
0.102867
-0.016909
-0.016911
-0.088794
-0.100860
0.090987
-0.028909
0.114867
-0.064821
0.078891
0.054897
-0.040833
0.030959
0.007026
-0.076733
0.078820
0.007023
-0.052784
-0.076750
-0.004937
-0.124740
-0.028915
0.054997
0.019027
0.066920
0.042939
-0.064785
0.030976
0.066851
-0.100665
0.078830
-0.124626
-0.064835
0.019027
-0.088834
0.078961
-0.016918
-0.028903
0.031011
-0.016918
0.007044
-0.028900
-0.004937
-0.016921
0.042990
-0.004937
-0.028897
0.007044
-0.040884
0.019030
-0.004937
-0.016919
0.007046
-0.016919
-0.028906
-0.100872
-0.004937
0.126950
0.210503
-0.016893
-0.124583
-0.016909
0.042945
0.114666
0.030916
-0.052744
0.066765
0.007009
0.054768
0.007000
-0.088524
-0.016883
-0.208250
-0.172682
0.007054
0.078961
-0.028900
-0.148839
-0.125014
0.067127
0.055076
-0.052944
-0.016942
0.139034
0.031024
-0.028909
-0.112883
-0.100987
0.079112
-0.161084
0.127203
0.115039
0.007053
0.114881
-0.004937
-0.028889
0.019015
0.102777
-0.028863
-0.028869
0.066842
0.066791
-0.064706
0.018975
-0.028849
0.007020
-0.004937
0.007019
0.018970
-0.016889
0.007016
-0.016889
0.018967
-0.016888
-0.028843
-0.040807
-0.052784
-0.004937
-0.076750
-0.040863
-0.004937
-0.064842
-0.004937
-0.052887
0.031028
0.174693
-0.064778
-0.028883
-0.016912
0.019012
0.042945
-0.076767
-0.064835
0.102854
-0.028880
0.365545
-0.459266
0.234441
-0.016892
-0.016893
-0.004937
0.030929
-0.004937
0.102584
-0.124411
-0.052766
0.042893
0.102597
0.066688
-0.004937
0.102404
0.149908
-0.040649
-0.004937
-0.028752
0.006972
-0.040666
-0.040679
0.054626
-0.040670
0.042705
-0.028755
0.006973
0.030784
0.018870
-0.076374
0.006973
0.018878
0.006969
0.018870
-0.004937
-0.004937
0.006964
-0.052550
0.030775
0.161552
-0.040589
END
