y[]
0.056924
-0.017844
-0.067702
0.007081
-0.217528
-0.167916
-0.067968
0.069708
0.381704
0.056908
-0.254793
-0.055342
0.007106
-0.130370
-0.105486
0.481659
-0.005385
-0.267345
-0.005385
0.219194
0.094266
0.392229
-0.589928
-0.130198
-0.155367
-0.456684
0.069972
-0.131014
0.019753
0.019746
0.082527
-0.256768
0.032362
0.145463
0.044847
0.019721
-0.043048
0.044828
0.082427
-0.093198
-0.017936
0.082438
-0.005385
-0.055561
-0.005385
-0.093253
0.057385
-0.055599
-0.005385
0.019724
-0.043053
0.095029
0.082394
-0.105712
-0.080696
0.170251
-0.143360
-0.080725
-0.005385
-0.005385
-0.043076
0.107644
0.145123
0.119865
-0.118104
0.019674
-0.105661
-0.068109
0.019709
-0.030480
0.195191
-0.118160
-0.470356
-0.244997
0.209031
0.396979
0.257789
0.144690
-0.355912
0.057299
-0.294058
0.208062
-0.445333
0.246250
0.295744
-0.080583
0.207527
0.232040
0.542288
0.131066
-0.067386
-0.017790
-0.005385
0.031824
-0.005385
-0.067409
-0.042618
-0.104740
0.007039
0.007038
0.044292
-0.079910
0.019462
-0.017809
0.019459
-0.017807
-0.067517
-0.092434
0.031930
-0.080031
-0.042729
0.044403
0.044378
0.031921
0.044335
0.168441
-0.042609
0.069047
0.192831
0.217139
-0.104224
-0.228130
0.007002
0.019385
0.155476
0.006978
0.204556
-0.079432
0.056324
-0.202990
-0.129087
0.105952
-0.042484
0.155277
0.241285
0.203807
-0.116080
-0.165494
-0.239852
0.155098
-0.042397
0.043961
-0.042393
0.056286
0.277814
0.019203
0.178833
-0.177312
0.080615
0.129609
0.055915
0.178292
-0.103305
0.031345
-0.066611
-0.005385
-0.054393
-0.029898
-0.017644
0.019130
0.031377
0.031363
0.006861
-0.054381
0.006866
-0.017637
0.031363
-0.066641
0.031372
-0.017637
-0.005385
-0.017638
0.019118
0.068090
-0.029871
-0.054375
-0.005385
-0.005385
-0.054399
-0.042161
0.031390
0.031377
-0.042148
-0.029901
-0.103509
-0.054483
0.080520
-0.103569
0.117329
-0.029916
0.055930
-0.201729
0.019179
0.068270
-0.017658
-0.079050
-0.103690
0.092919
0.129625
-0.054459
0.178517
-0.042139
0.153782
-0.029856
0.006851
-0.176828
-0.054423
0.031395
0.068135
0.006863
-0.103413
0.055893
0.092582
0.275737
-0.617532
-0.263609
-0.276622
-0.017732
-0.042434
0.068698
-0.054768
-0.128949
0.056415
0.105760
-0.030074
0.031645
-0.030071
-0.116545
-0.017744
0.093441
0.081008
-0.054744
0.019297
0.019291
-0.042402
0.068634
-0.005385
-0.091747
0.031636
-0.091789
0.105691
0.031613
0.216317
-0.042302
0.154487
-0.066845
0.178878
0.092750
0.055900
0.043616
-0.042134
-0.005385
-0.066664
0.068144
0.141511
-0.005385
-0.017619
0.031310
0.043520
-0.078753
0.067982
0.165596
0.043413
0.165221
-0.005385
-0.054101
0.018975
-0.066298
-0.017572
-0.066343
0.116491
0.067669
-0.090621
0.043330
-0.005385
-0.005385
0.189238
-0.005385
-0.102650
0.043259
-0.005385
-0.017544
0.006773
-0.041866
-0.041880
-0.005385
0.006781
-0.029719
-0.005385
-0.005385
-0.005385
-0.017555
0.031118
-0.078405
-0.017561
-0.005385
0.006790
0.006788
0.006787
0.018954
0.006782
-0.005385
0.006781
-0.029719
0.018948
0.091891
-0.041853
0.031082
-0.017540
-0.005385
-0.005385
-0.066179
0.018937
-0.017546
0.006775
-0.017546
0.031091
0.055379
-0.029687
-0.090487
-0.017549
0.407337
-0.126598
-0.102461
0.055298
0.200663
0.103527
-0.090085
-0.005385
0.055122
-0.017484
-0.017485
-0.114351
-0.308692
-0.029690
0.055364
0.006760
-0.053976
-0.370572
-0.139622
0.153238
0.140813
0.043300
-0.029725
0.091938
-0.468519
-0.090934
-0.017613
-0.029844
0.031301
-0.042072
-0.103281
0.031336
0.006852
0.031318
0.055758
-0.029838
-0.017614
-0.005385
0.019070
0.006840
-0.005385
-0.005385
-0.017611
0.043508
-0.042054
0.031283
-0.054279
0.043508
-0.042054
-0.164436
-0.042125
0.031354
-0.054375
-0.017637
0.153762
0.019076
-0.042080
-0.091060
-0.103389
0.104861
0.104740
-0.066551
-0.017623
-0.103341
0.092570
0.129146
0.153374
-0.090840
-0.127590
0.006842
0.251041
-0.078583
-0.042004
0.116625
-0.115188
-0.042013
-0.188726
0.080215
-0.066521
-0.078798
-0.176891
-0.017647
0.104915
0.068081
0.031327
0.006849
0.006848
0.055758
-0.029838
0.006842
0.019064
-0.078753
0.031305
0.055735
-0.078735
0.006843
0.006842
0.006840
-0.054297
-0.017617
0.019076
-0.005385
-0.005385
0.006843
0.055735
-0.042054
-0.029838
0.006842
0.031287
0.067919
-0.054249
-0.054273
-0.127710
0.019091
-0.078834
0.019103
0.116969
0.043514
-0.078744
0.092414
-0.029826
0.019055
0.433533
-0.054059
-0.054083
0.201415
-0.139149
0.018948
-0.163662
-0.163912
-0.042004
-0.005385
-0.029806
0.189808
0.031171
0.165035
-0.041880
0.043270
-0.090549
-0.005385
0.055453
0.128329
0.128150
0.115856
0.103606
-0.126495
-0.041747
0.030976
-0.005385
-0.029625
-0.017507
0.006736
-0.005385
-0.017507
0.006736
0.006735
-0.017506
-0.017507
-0.053888
-0.005385
-0.029646
-0.005385
-0.017518
0.006747
0.006745
-0.017516
-0.017518
-0.041791
0.018886
-0.005385
0.018880
-0.029651
-0.005385
-0.041795
0.103805
-0.066032
-0.005385
-0.029654
0.006750
0.018880
0.031002
-0.017513
-0.066047
-0.078228
0.067457
-0.029660
-0.005385
-0.041809
0.018898
0.067430
-0.066061
0.128053
0.079437
-0.138711
0.018869
0.091572
-0.017500
-0.005385
-0.041738
0.043082
-0.235814
-0.224177
0.079757
0.188954
-0.078219
0.225071
-0.053859
0.176268
-0.090116
0.067245
0.525632
-0.137876
-0.053607
-0.186425
-0.102074
-0.065863
0.115534
-0.150506
-0.005385
-0.296260
-0.017524
-0.005385
0.079551
0.006742
0.030989
0.091549
-0.065959
0.006732
0.055180
-0.114430
0.091549
0.030941
-0.065937
-0.005385
0.091479
-0.114364
-0.041738
0.127843
-0.150734
0.164168
0.212190
0.091163
0.018737
0.006674
0.151250
0.006653
-0.065594
-0.005385
-0.029479
0.030753
0.006658
0.018696
-0.270606
0.067017
0.054910
0.151213
0.054779
-0.041480
-0.065572
-0.077657
0.127073
0.042738
0.054736
-0.029430
0.078744
0.042657
-0.017394
-0.029407
0.090664
0.030609
-0.077388
0.078613
0.006609
-0.077371
-0.005385
-0.017388
-0.029395
0.006620
-0.005385
-0.029398
0.018627
-0.017391
-0.029401
-0.005385
0.006623
0.018627
-0.029398
0.042634
0.030614
-0.041385
0.018615
0.030605
0.018601
-0.005385
-0.017378
0.078532
-0.017369
-0.101309
0.018604
-0.005385
0.030588
0.078502
-0.017365
0.054498
0.006587
-0.005385
-0.041307
0.018564
-0.029335
-0.041320
0.018572
-0.041324
0.030553
-0.005385
0.018567
0.042502
-0.053272
-0.041316
0.102367
-0.113138
0.030545
0.126249
-0.017345
0.006574
-0.041269
-0.053250
-0.053272
-0.017361
-0.137209
0.066540
0.078462
-0.017359
0.162119
-0.017341
0.102161
-0.017329
0.006558
0.042376
0.018487
-0.065076
-0.053164
-0.148858
-0.041286
0.018549
0.018544
-0.017349
0.018541
-0.005385
0.006576
-0.029309
0.018538
-0.017346
0.006576
0.006574
0.018529
-0.017342
0.018527
-0.017341
-0.005385
-0.029300
-0.017345
-0.029309
-0.065219
-0.017357
0.066419
-0.017349
0.006578
0.006577
0.006576
-0.005385
-0.041273
0.030502
0.030489
-0.029300
0.006573
0.018527
-0.029297
-0.041264
0.030493
-0.029303
0.006574
0.006573
-0.029303
0.006574
0.066342
0.006564
0.030455
-0.244563
-0.077250
0.006596
-0.209259
0.078613
-0.005385
-0.053376
0.018613
-0.017384
0.006613
-0.029384
0.054599
0.006607
-0.029372
0.018601
0.030584
0.006601
-0.005385
-0.029361
0.006603
-0.005385
-0.077337
-0.005385
0.054577
-0.077345
0.006611
0.006610
-0.029378
-0.053387
0.018618
0.198415
0.030536
0.018555
-0.017355
0.150108
-0.005385
-0.017338
-0.041251
0.054384
0.006564
-0.041238
-0.113022
0.030506
-0.005385
-0.077182
END
