y[]
-0.048832
0.076456
-0.023763
0.063901
0.076372
0.038808
0.013791
-0.061248
0.013797
0.001287
-0.011223
0.001287
0.026306
0.013794
-0.036239
0.001287
0.038813
-0.036239
-0.023738
0.013800
0.001287
-0.011226
0.013800
0.001287
0.001287
0.026309
-0.023735
0.013799
0.013797
-0.011223
0.026306
0.013794
0.113780
0.063729
-0.036173
-0.011203
0.001287
-0.073685
-0.011214
0.051281
0.051256
0.001287
-0.023694
0.026268
-0.048682
-0.048707
-0.036225
0.013793
-0.036234
-0.136411
-0.073901
0.026356
0.126538
0.076362
0.101300
-0.036206
-0.048725
0.013793
-0.036234
-0.011223
0.038813
0.001287
-0.061264
0.013800
0.088836
0.076268
-0.073694
-0.048732
0.001287
0.001287
0.076306
-0.011212
0.001287
-0.011214
0.013788
0.001287
0.013786
0.001287
0.001287
0.026281
0.001287
0.001287
-0.011209
0.013783
0.001287
-0.011209
0.013783
0.001287
0.026275
0.001287
-0.023700
0.026275
-0.036196
-0.023710
-0.048725
0.026297
0.051287
-0.048713
-0.023722
-0.023728
0.026303
0.013793
0.038794
0.051275
-0.023703
-0.023710
-0.011214
0.013788
0.001287
-0.048725
-0.011220
0.013794
0.038799
0.013788
-0.011214
0.026287
0.013785
0.001287
0.001287
0.013783
0.013782
-0.048700
0.001287
-0.011214
0.001287
0.038785
0.001287
-0.011210
0.038775
0.013780
0.038757
0.026259
0.026253
0.001287
-0.048650
0.038743
0.001287
-0.011196
0.013771
-0.023682
0.051219
0.013766
0.013765
0.038710
0.051162
-0.036117
0.038691
-0.048588
0.076091
-0.011176
0.001287
-0.023644
0.013754
0.013752
-0.011178
-0.023647
-0.073554
-0.023672
0.026247
0.013765
-0.023669
0.088607
-0.135964
-0.061162
0.026272
0.088683
-0.023675
-0.161122
-0.136342
0.051356
-0.073826
-0.124026
0.038898
-0.036323
0.139123
0.038846
0.051343
0.013797
-0.011223
0.088825
-0.011214
0.038785
0.026278
-0.023703
-0.048713
0.013790
0.013788
0.013786
0.013785
0.013783
-0.036206
0.001287
-0.011214
0.013788
0.038780
0.063744
0.001287
0.001287
-0.011201
0.026262
-0.023688
-0.023694
0.013779
0.013777
0.026262
-0.011200
0.063705
-0.011193
0.001287
0.038724
0.051181
0.213059
0.026172
-0.123199
-0.023629
0.001287
0.063565
0.013738
0.013737
-0.048520
-0.073470
0.026212
0.013747
0.026203
0.063550
-0.060975
-0.073479
-0.073535
0.063643
-0.061069
-0.186014
-0.023713
-0.011215
0.088771
0.038757
0.001287
-0.023691
0.013777
-0.073675
-0.086240
-0.011223
0.038813
0.013793
-0.023725
0.001287
0.001287
0.013794
0.013793
-0.011218
0.013793
-0.023725
0.013794
-0.023728
0.013796
0.013794
0.001287
0.001287
0.013793
-0.023725
0.013794
-0.011220
-0.011221
0.001287
0.001287
0.013796
-0.011221
0.001287
-0.011223
0.013797
0.013796
0.001287
0.026300
0.001287
0.001287
-0.048744
-0.036253
0.026315
0.063830
0.076287
0.013782
0.026272
0.113640
0.051181
0.013757
-0.036126
0.038701
0.001287
-0.061076
-0.011190
0.175829
0.051100
0.013737
0.026181
-0.160636
0.026215
-0.036108
-0.048594
-0.011187
-0.023666
-0.023672
0.013768
-0.073619
-0.173713
-0.286879
0.038921
0.151682
0.076400
-0.011228
0.101362
0.001287
-0.061248
0.038813
0.013793
-0.011218
0.001287
-0.048750
0.001287
-0.036257
-0.023750
-0.036281
-0.011239
-0.036300
-0.011245
0.001287
0.013819
0.013818
0.013816
-0.011242
0.026344
0.013813
-0.023766
-0.023772
0.051400
0.101437
-0.086339
-0.023763
-0.061366
-0.036323
-0.023794
-0.036347
0.038921
-0.036347
-0.111700
0.001287
0.051519
-0.011269
-0.048951
0.064082
-0.061507
0.277288
0.013815
-0.174239
0.176814
-0.149145
-0.124246
0.202065
0.026356
0.076456
0.101425
0.076325
0.063775
0.051250
-0.061170
0.138641
0.013765
-0.073601
0.063697
-0.036154
0.138504
0.013752
0.051131
0.026200
0.013741
-0.110855
-0.011181
0.013755
0.013754
-0.036117
0.026225
-0.023650
0.001287
-0.011184
0.001287
0.001287
-0.036136
0.001287
0.001287
0.013763
0.001287
0.013761
-0.011187
0.013761
-0.011187
0.013761
-0.023663
-0.036150
0.001287
0.001287
0.013768
0.038719
-0.048625
0.013768
0.001287
0.001287
-0.023675
0.013769
0.001287
-0.023679
0.013771
-0.011196
0.026253
-0.023679
-0.011198
0.026256
0.076156
0.026231
-0.160959
-0.023697
0.101187
0.026247
-0.123572
0.013780
0.026268
-0.011203
-0.223797
-0.073854
0.038865
0.026331
0.051356
0.076343
0.088782
-0.036201
0.026281
0.001287
0.038766
-0.036192
-0.011209
-0.048713
0.013790
0.013788
-0.023716
0.026290
0.013786
-0.023713
-0.023719
0.001287
-0.023725
0.026300
-0.036234
0.013796
0.026300
-0.061256
-0.061295
0.001287
0.013807
0.013805
0.013804
0.013802
0.013800
0.038818
0.063807
0.051275
-0.048700
-0.098763
0.026309
-0.011223
0.026306
0.026300
0.038794
0.026284
0.051262
0.038752
-0.036178
-0.023697
-0.036201
-0.048719
-0.123838
-0.149070
-0.086526
-0.061484
0.064058
0.126710
0.013821
-0.011247
-0.023785
0.001287
-0.036333
-0.086548
0.164348
0.063932
-0.211866
-0.036375
-0.174659
-0.036456
0.039030
0.114431
-0.011278
-0.011280
0.013854
-0.011280
0.001287
-0.011281
-0.023854
-0.074175
0.039025
0.001287
0.026438
0.001287
0.001287
-0.011288
-0.011289
-0.023870
-0.036461
0.001287
0.026454
0.001287
0.013868
0.026444
-0.061618
0.026454
0.013868
0.013867
-0.011292
0.013867
-0.061626
0.051621
-0.049046
0.026457
0.039030
-0.011292
0.114445
0.051538
-0.023835
0.051526
-0.048951
-0.086691
0.026432
-0.049008
-0.023870
0.039021
0.039006
-0.225242
-0.011313
0.076863
-0.124705
0.202799
0.051602
0.001287
0.126963
-0.023835
0.151927
-0.036352
0.038926
0.001287
-0.023804
0.126679
0.026347
-0.023772
0.013818
-0.011243
0.013818
-0.023775
-0.048857
-0.011253
0.026366
-0.011251
0.013826
0.013824
-0.023788
0.001287
0.001287
0.013826
-0.048876
-0.036352
0.051469
-0.023801
-0.036356
0.026384
0.038921
0.001287
-0.023801
-0.011259
-0.023810
0.051475
-0.011258
0.013832
-0.036352
0.001287
0.038926
-0.099114
-0.149505
0.051576
0.038987
0.051532
-0.023832
0.001287
-0.061539
0.013856
0.013854
-0.111871
0.039021
-0.074194
0.001287
0.189883
0.114274
-0.011261
-0.300334
0.227588
0.038954
0.051488
-0.036361
0.139261
-0.086493
-0.036356
-0.048926
0.064050
0.114161
-0.023785
0.001287
0.051425
0.088968
0.001287
0.101400
0.013794
0.001287
-0.061264
-0.011228
0.001287
-0.011229
0.001287
0.013804
0.013802
0.001287
-0.048782
0.063869
-0.036257
-0.011231
0.001287
0.013805
0.001287
0.001287
0.001287
0.026318
-0.023744
-0.412636
0.026422
-0.011280
0.013854
-0.011280
-0.011281
0.001287
-0.023854
-0.011286
0.001287
0.013860
-0.023861
0.026435
0.038997
0.001287
-0.011281
0.001287
0.026422
-0.011280
-0.074147
-0.023870
-0.011294
-0.074232
-0.212994
0.152592
-0.074337
0.089509
-0.124769
-0.099672
0.064399
-0.162885
-0.011353
-0.137856
0.039255
-0.024023
-0.049352
-0.049378
0.115247
0.051894
0.039226
-0.036652
-0.011362
-0.011364
-0.011365
-0.252102
-0.024087
-0.024094
-0.011406
0.001287
-0.011407
0.052055
-0.049481
0.039365
0.001287
-0.036791
0.013982
0.026671
-0.024097
0.001287
-0.011407
-0.011409
0.052061
-0.011404
0.013978
-0.011404
0.039356
0.013973
0.001287
0.039336
-0.049449
0.039341
0.077352
0.013959
0.001287
-0.049410
0.001287
0.077323
-0.011381
0.013956
0.140537
-0.061984
0.013945
0.001287
0.064550
0.026581
-0.150573
-0.100081
0.127982
-0.036704
0.051939
-0.150746
-0.011393
0.026645
0.026639
0.140607
-0.036690
0.013948
-0.125391
0.229193
0.001287
-0.061968
0.051894
-0.036666
0.013940
0.013938
0.026584
0.013933
-0.024007
0.001287
END
