y[]
-0.092287
-0.049396
0.065117
0.007858
0.036460
0.050734
-0.077934
-0.077985
0.036478
0.036460
0.150727
0.150480
-0.020706
0.007807
-0.063487
-0.034980
-0.006450
-0.106371
-0.035017
-0.049316
0.221959
-0.420825
0.108032
0.478642
0.135778
0.050385
0.263073
-0.034786
-0.077326
0.121092
-0.020613
-0.006450
-0.048952
-0.063147
-0.020629
0.078596
0.205850
-0.091315
0.021847
-0.006450
0.106657
-0.133703
0.021843
0.007694
0.035968
-0.077156
0.007696
0.035974
-0.034730
-0.020593
-0.020595
-0.020597
0.035986
-0.048885
0.007698
-0.020597
0.035986
-0.020593
0.007694
-0.020593
-0.020595
0.064257
0.007686
-0.006450
0.289931
-0.034638
-0.020547
-0.020549
-0.048760
-0.133488
-0.034702
-0.077116
0.148951
0.064107
0.007656
-0.048772
-0.020561
0.007662
-0.048790
0.035890
0.021767
0.035861
0.049936
0.007642
-0.020541
0.232835
0.134039
-0.048576
-0.175131
-0.203605
0.232903
0.077891
0.232130
-0.034488
-0.020472
0.049628
0.063603
0.119521
0.063466
0.007528
-0.034406
0.105329
0.091254
-0.006450
0.063281
-0.006450
-0.034336
0.035377
0.007489
-0.034328
-0.090132
-0.006450
0.007502
-0.034355
-0.006450
0.063300
-0.006450
-0.090155
-0.006450
0.007506
0.007504
-0.006450
-0.034359
0.035412
0.035394
0.007494
-0.020394
-0.020396
0.035383
-0.076180
-0.048311
-0.062292
-0.034383
-0.048364
0.021495
0.007520
-0.020419
-0.006450
-0.006450
-0.062347
-0.034410
-0.034418
-0.006450
0.035500
0.035482
-0.006450
0.091323
-0.062308
0.049409
-0.104222
0.161101
-0.020401
-0.132104
-0.146251
0.175254
0.119152
-0.104126
0.049377
-0.034359
-0.020407
0.049370
0.007500
0.063271
0.035359
-0.048259
0.035359
0.035342
-0.020378
-0.006450
0.021406
0.007475
-0.062160
0.007481
-0.006450
0.035330
0.104878
-0.062098
0.090915
-0.020353
-0.034262
0.007458
-0.006450
0.007456
0.007454
0.063038
-0.006450
-0.006450
0.021332
0.021324
-0.048113
-0.048131
-0.006450
0.118542
-0.089760
-0.006450
-0.006450
0.173968
-0.048056
-0.020322
0.007423
0.076745
-0.034173
-0.034181
-0.048061
-0.061959
-0.089771
0.090752
-0.020330
-0.061990
0.062971
-0.228765
-0.103868
0.132691
0.090833
0.104615
0.062903
0.021278
0.270406
0.021194
-0.034093
0.035013
0.076423
0.172873
0.021110
-0.075363
0.034904
0.076206
0.144909
-0.047707
-0.171648
-0.061576
-0.061607
0.021133
0.007339
-0.061614
0.034927
-0.006450
-0.047826
-0.006450
0.021137
-0.034036
0.021137
-0.034036
0.007344
-0.006450
0.048708
0.021118
-0.006450
0.021110
-0.006450
-0.020228
0.021106
0.158726
-0.020204
-0.047724
-0.061508
0.021083
0.034836
-0.033971
-0.033979
0.034841
0.007310
0.034819
0.007303
-0.020202
-0.047718
-0.033971
-0.089060
-0.102915
0.062464
-0.089151
0.021125
-0.061607
0.062492
0.131291
0.186070
0.144556
-0.308689
-0.089037
0.034853
-0.116627
-0.116749
0.186494
0.021083
0.021076
0.034824
0.007305
0.007303
-0.116521
-0.171784
0.034910
0.007333
0.089976
0.076127
-0.033967
0.007310
-0.020209
-0.089049
-0.006450
-0.006450
0.034858
-0.089083
0.021102
-0.006450
-0.102915
0.021121
-0.006450
0.076218
-0.020223
-0.089128
-0.061607
-0.006450
0.007343
-0.158268
-0.117008
-0.047940
0.062692
0.007373
-0.034097
0.048837
0.007367
0.021179
0.034978
-0.034066
-0.089345
-0.006450
0.021190
0.034995
0.007362
-0.103168
-0.034101
-0.020278
0.104124
-0.061721
-0.061752
-0.089460
-0.061828
-0.020299
0.076618
0.200919
0.241826
-0.020227
0.172503
0.117253
0.021019
-0.116370
0.048526
0.062227
0.158182
0.062067
0.089395
-0.157104
0.130518
-0.074910
0.034632
-0.033836
-0.074947
0.020955
-0.020151
-0.020153
-0.116144
0.034700
0.020974
0.075776
-0.020149
0.007250
0.075708
-0.006450
-0.102307
-0.033854
-0.116144
-0.047616
-0.130051
0.089698
-0.130084
-0.006450
-0.144001
0.062350
0.007305
0.089777
0.034762
0.048473
-0.061372
0.048473
-0.075107
0.007286
0.007284
0.213029
0.007252
-0.061267
-0.033869
0.034677
-0.006450
0.007256
0.089434
-0.020142
0.007242
-0.116039
0.089447
-0.102347
0.007256
0.130499
-0.047515
0.171377
0.061861
-0.033768
-0.006450
0.061833
-0.047414
0.007207
0.034509
0.020847
0.116292
0.075294
0.020784
0.088808
-0.101707
0.007164
-0.088160
-0.006450
-0.006450
-0.006450
-0.060960
0.088925
0.007168
-0.047308
-0.170049
0.020836
0.007190
0.061721
-0.006450
-0.020080
0.020810
-0.047341
-0.020084
0.034447
-0.020080
-0.020082
-0.047358
0.048091
-0.006450
-0.020082
0.034442
-0.006450
0.061666
0.007168
-0.033686
0.211238
-0.033635
-0.183332
0.020784
0.088808
0.034347
0.020739
0.034320
-0.033627
-0.060827
0.007148
-0.020047
0.034336
0.020732
-0.101616
-0.020052
0.047950
-0.020047
-0.033649
-0.033657
-0.020056
-0.020058
-0.006450
0.034370
-0.020054
-0.047274
0.007160
0.034370
-0.033660
-0.020058
-0.074518
-0.020069
-0.006450
-0.020071
0.034408
0.034392
0.034375
0.007155
-0.033660
0.034364
0.007151
-0.006450
-0.006450
0.061527
-0.020041
-0.020043
-0.020045
-0.115278
-0.047291
0.007166
-0.101798
0.007177
-0.115516
0.075361
-0.020080
-0.033716
0.007185
-0.006450
0.116175
0.088821
-0.033660
-0.047280
-0.060916
0.034403
0.034386
-0.088138
-0.020071
0.102468
-0.033668
0.143159
-0.074426
-0.020050
0.034347
-0.033646
0.007149
-0.033649
-0.020052
-0.006450
0.075139
-0.047235
0.020743
-0.088049
-0.006450
0.007155
-0.020054
-0.006450
-0.020056
-0.101746
-0.060946
0.007177
0.020798
-0.020073
-0.006450
0.048031
-0.006450
-0.047308
0.020791
-0.006450
-0.020069
-0.033694
0.020795
-0.047319
0.048039
-0.060938
-0.006450
0.007175
0.020795
0.007170
-0.006450
-0.033690
0.048024
0.020776
-0.101772
-0.006450
0.034414
-0.033690
-0.088216
-0.047358
-0.020089
-0.074676
-0.033753
0.007203
-0.033757
-0.006450
0.048158
0.102676
-0.101928
0.170795
0.224859
0.170073
-0.020017
-0.060738
-0.047186
0.047861
-0.332759
-0.142727
0.020821
0.129790
-0.020065
0.075216
-0.088116
-0.156344
-0.142912
-0.211494
-0.102281
-0.006450
0.103064
-0.047503
-0.020138
0.061973
-0.006450
-0.020130
0.007231
0.034582
-0.047481
0.048255
-0.499872
-0.020191
0.034768
-0.020187
0.021023
-0.102636
0.007297
-0.033945
-0.033952
0.076036
-0.020192
0.007293
-0.061432
0.034790
0.103441
0.007278
-0.075107
0.021019
0.117067
-0.033884
0.075832
-0.047582
-0.047599
0.062123
0.007259
-0.033869
-0.047593
0.062114
-0.157352
-0.033911
0.062189
-0.116294
0.144556
0.240160
0.157619
-0.307449
0.171523
0.212160
0.102676
-0.142875
0.048143
0.020836
0.211564
-0.020062
-0.006450
-0.006450
-0.088160
0.102483
0.020765
0.061554
-0.060849
-0.074491
-0.033679
-0.006450
-0.020067
0.007168
-0.006450
-0.020067
0.020784
0.047994
0.061564
-0.020049
0.007149
-0.020049
0.007149
0.034336
0.088653
-0.074371
0.020724
0.020717
-0.006450
0.007131
0.061425
-0.006450
-0.006450
-0.033594
0.007124
-0.020023
-0.020025
0.007125
-0.060761
-0.101565
0.034325
-0.033631
0.034320
-0.006450
-0.020037
-0.033631
-0.047235
0.007148
0.075094
-0.020036
0.034303
-0.060790
-0.020039
-0.060827
0.061518
-0.128824
0.183845
-0.115145
0.156550
0.047824
-0.087872
0.034270
-0.060746
-0.047191
-0.020034
0.034297
-0.087960
-0.006450
-0.169671
-0.047296
0.075228
-0.033668
-0.156283
-0.006450
0.007181
-0.033712
-0.020084
0.075328
0.007173
-0.020073
0.020795
0.034403
0.102409
-0.115308
-0.060923
-0.060953
-0.088260
-0.033735
0.034475
-0.061020
-0.006450
-0.074704
0.007205
0.075439
-0.020093
0.048113
-0.020088
0.007188
0.034453
-0.006450
-0.006450
0.020810
0.102513
-0.006450
0.115991
-0.047246
-0.183429
0.020798
END
