y[]
0.076395
0.015805
-0.044758
0.046089
-0.044758
0.061226
-0.014471
0.121694
0.046014
-0.105178
0.061162
0.015784
-0.014453
-0.105226
0.076314
0.000666
-0.074983
0.015800
-0.135626
-0.014489
-0.151010
-0.029697
0.015848
0.303834
-0.044751
-0.105387
0.136998
-0.029614
-0.090230
-0.120657
0.106831
0.152135
-0.120491
-0.196528
-0.120878
-0.075374
-0.029766
-0.045000
-0.151704
0.061641
0.168157
0.015878
-0.136331
-0.014568
0.046359
-0.228010
-0.106229
0.138081
0.168361
-0.121267
0.137829
0.076787
-0.121156
0.076821
0.198399
-0.029729
0.000666
0.107008
-0.029706
0.061401
-0.136040
0.198069
0.167396
-0.044779
-0.014487
0.015818
0.182319
0.030909
0.091341
-0.044662
-0.014448
-0.211167
-0.014482
-0.105435
0.061308
0.167244
0.000666
-0.029601
-0.014471
0.015802
-0.029610
0.046076
-0.014469
0.061189
0.015791
-0.029587
0.015793
-0.090133
-0.075063
-0.014487
0.030969
0.152043
-0.074994
-0.105355
0.030969
-0.014485
-0.014487
-0.318072
0.061456
0.061419
0.031029
0.046193
0.000666
0.061336
-0.014498
0.030992
-0.014496
0.015828
0.046137
-0.029647
0.136998
0.046069
0.015795
-0.044730
0.000666
0.061189
0.015791
-0.074983
0.151906
0.121493
-0.029528
0.091218
-0.059693
-0.014430
0.015761
-0.044628
-0.044648
0.076177
0.000666
-0.044634
0.076154
-0.029523
0.030854
0.000666
0.030845
0.000666
0.045918
0.091109
0.030795
0.196287
-0.029405
-0.014373
0.000666
0.000666
0.030741
-0.029410
-0.044464
0.000666
0.075871
0.045762
-0.014364
0.060771
-0.029382
0.090783
0.015677
0.240546
0.165250
-0.223835
-0.134277
0.075656
-0.179406
-0.029378
-0.059449
0.030727
-0.119635
-0.255455
-0.089887
0.000666
0.091218
-0.014421
0.211668
-0.165084
-0.135153
0.106318
-0.074789
-0.014432
-0.165560
0.076257
0.000666
0.061098
0.000666
-0.029546
-0.074903
-0.044703
-0.029592
-0.014466
0.076303
0.015786
0.000666
0.000666
-0.029578
0.030909
0.151746
-0.014432
0.045952
0.000666
-0.105035
-0.165661
-0.044744
0.015805
-0.211488
-0.029679
0.046179
0.046158
-0.059996
0.000666
0.000666
0.091644
-0.105483
-0.060042
-0.181677
-0.014545
0.107089
-0.136185
0.198279
0.046213
0.046193
0.167421
-0.150918
0.000666
-0.318411
-0.227871
0.213983
0.152757
-0.060143
-0.075397
-0.090686
0.107235
0.350024
0.121896
-0.044779
-0.029642
-0.029651
0.061290
-0.166140
-0.029693
-0.014517
-0.014519
0.031033
-0.060078
-0.014526
0.000666
0.000666
0.015857
0.031042
0.046213
0.061364
0.061327
0.046137
-0.014489
-0.029651
-0.059996
0.046165
-0.029665
0.000666
-0.029674
0.015837
-0.014505
-0.044861
-0.227281
-0.029766
0.015883
-0.014552
0.031098
0.061502
0.137413
-0.120878
-0.029743
-0.014542
0.061484
0.091823
-0.166520
0.304433
0.091616
0.257910
-0.059803
-0.059840
0.030923
-0.150712
-0.120602
0.106783
0.393831
-0.120144
0.136566
-0.074812
-0.029541
0.106350
0.030841
-0.089887
0.061043
-0.029518
0.121348
-0.014412
0.121220
-0.014396
-0.074675
-0.195487
-0.150483
0.046034
-0.014455
0.015786
0.015784
-0.029573
-0.105242
0.061198
0.015793
0.000666
0.136710
-0.029550
0.045986
0.015768
0.015766
-0.089969
-0.029564
0.030895
0.015777
-0.014446
-0.014448
0.000666
0.015779
0.015777
-0.029560
0.000666
-0.074937
0.015791
0.015789
-0.135523
-0.378611
-0.014535
-0.014538
0.000666
-0.136269
0.031112
-0.121174
0.152942
0.046303
0.061484
0.061447
-0.014526
0.031047
-0.075305
0.046255
0.046234
0.122080
0.152227
-0.181235
0.167421
0.152020
0.091369
-0.014446
-0.211135
0.030950
-0.044765
0.076372
-0.075040
-0.075098
-0.135853
-0.227281
0.031089
-0.227732
-0.672326
-0.014682
0.000666
-0.060750
-0.014694
0.062091
-0.045400
0.184800
0.046646
-0.014659
-0.106672
-0.030023
0.031355
0.153969
0.138438
-0.106474
0.061903
0.015969
-0.045252
0.015974
-0.045266
0.000666
-0.029967
-0.029976
0.015988
0.000666
0.000666
-0.029981
0.000666
-0.045322
-0.076027
0.123346
-0.091331
-0.060712
0.062044
0.107986
0.077253
-0.060599
0.138459
0.153548
0.046485
-0.014605
-0.091007
-0.106393
-0.075875
0.031289
-0.106557
-0.106672
0.352914
-0.566603
0.046781
-0.276343
0.200804
0.077536
-0.045449
0.046781
0.031397
-0.091557
0.323073
-0.106688
0.215258
-0.045280
0.107839
0.275727
-0.152053
0.031228
0.015943
-0.045174
0.000666
-0.121677
-0.091190
0.061912
0.046576
0.046555
-0.060524
-0.045252
-0.014645
0.000666
0.092493
-0.029934
0.000666
-0.075875
0.031289
0.046583
-0.014638
0.077159
0.015957
0.015955
0.107626
0.000666
0.015936
-0.029878
0.122784
-0.167286
-0.014617
0.031228
0.046492
-0.091007
-0.029911
0.015955
0.107626
-0.045160
0.031219
-0.060450
0.061781
0.046478
0.122729
-0.106131
0.061706
0.244457
0.015883
-0.136373
0.168132
-0.365077
0.122729
0.015913
-0.182457
-0.106311
0.000666
0.015955
-0.382271
-0.306743
0.123743
0.154299
-0.060759
0.338038
-0.213894
0.092676
0.000666
-0.060665
0.000666
0.046667
0.000666
0.000666
0.000666
-0.045336
0.031336
0.000666
0.077300
-0.106639
-0.030014
0.077347
-0.060675
0.016004
0.000666
0.016002
0.016000
-0.045343
0.046674
-0.030004
-0.045357
-0.122166
-0.106936
0.000666
0.000666
0.154346
0.062072
-0.030033
-0.076122
0.123497
-0.076086
0.077418
-0.076086
-0.168396
-0.137870
0.062261
-0.014730
-0.045534
0.062261
0.000666
0.092988
0.046795
-0.168578
0.062242
-0.292160
0.093230
-0.432035
0.109016
0.016135
-0.247128
-0.061379
-0.139075
0.217956
0.186539
-0.216221
-0.294434
0.264743
-0.107988
0.186857
-0.356505
0.047326
0.000666
0.047304
-0.014878
-0.077089
0.109505
-0.014876
0.031746
0.000666
0.093848
0.031707
0.031697
0.062700
-0.030347
0.062681
-0.014835
-0.045850
0.031678
0.016168
-0.061359
-0.014847
0.016178
0.016176
0.078179
-0.014832
-0.154445
0.062739
0.016178
0.078191
0.031659
0.000666
-0.045828
0.047159
0.000666
0.000666
-0.061331
0.031669
0.031659
0.000666
-0.061331
0.093646
0.155441
-0.107652
-0.340526
-0.201496
0.264949
0.062749
-0.170155
0.016207
0.047275
0.000666
0.047253
-0.403815
-0.108513
-0.124256
0.297101
0.109658
0.125082
0.295537
0.109084
-0.169758
0.387573
0.170432
0.108549
-0.030146
0.031478
-0.045556
-0.030160
0.016080
0.031487
-0.014744
-0.014746
0.000666
0.077701
0.016066
-0.014734
0.031463
-0.030132
-0.076370
0.046894
0.000666
-0.030151
-0.076418
0.000666
0.077749
0.046887
-0.045556
0.077689
-0.199720
-0.045634
0.093244
-0.030184
-0.076501
0.046973
0.031525
0.062356
-0.014753
0.000666
0.093144
-0.138084
0.000666
0.124008
-0.076406
0.046916
0.016078
0.231559
0.200343
0.230568
-0.244583
0.230604
0.230076
0.153314
-0.060366
0.153174
-0.121323
-0.060384
0.015932
-0.014600
0.046457
-0.136770
0.000666
-0.152263
0.199427
0.031209
0.153244
0.168234
-0.182150
0.015913
-0.014582
-0.029836
-0.213108
0.031233
0.000666
0.046499
0.046478
0.015932
0.092213
-0.029841
-0.045111
0.122691
0.015908
0.015906
0.000666
-0.014575
0.061613
-0.045042
0.000666
0.031140
-0.029808
-0.014575
0.015906
0.061604
0.076787
0.031098
0.000666
-0.029766
0.046310
0.076694
-0.029739
0.061465
-0.044930
0.061456
-0.075328
0.046269
-0.029734
0.091837
-0.090506
0.015867
-0.136227
-0.045007
0.380634
-0.105580
-0.257831
-0.014561
0.213626
0.061428
-0.120896
0.091851
0.046227
-0.090478
-0.181872
0.061548
-0.075444
0.000666
-0.014563
0.092004
-0.029771
0.015885
-0.060226
0.046338
-0.045007
0.015892
0.000666
-0.014561
-0.029794
0.015897
0.015894
-0.014563
-0.029799
0.000666
0.031130
-0.045035
0.061595
END
