y[]
0.047066
-0.027707
-0.002785
-0.077589
0.009686
-0.015256
0.047090
0.022143
-0.015248
-0.027716
0.009682
0.047066
0.109288
-0.027679
0.134057
0.022075
-0.040077
-0.015219
-0.015220
0.009651
0.009649
0.208356
-0.052425
-0.027614
-0.002785
-0.052462
0.034475
-0.151909
0.009651
0.084220
-0.015210
-0.027639
0.121423
-0.002785
0.009627
-0.002785
-0.052443
-0.002785
0.108912
0.059215
0.034397
0.021995
-0.002785
-0.002785
-0.077144
-0.139253
-0.015200
-0.151890
0.220790
-0.027602
-0.002785
0.108843
-0.052382
0.046812
-0.064785
-0.201444
0.034494
0.170999
-0.027593
0.096409
-0.052370
0.096360
0.021986
0.034360
-0.052314
0.009600
-0.064724
-0.027571
0.022001
-0.002785
-0.015177
-0.052370
0.034406
-0.015180
-0.015182
0.009612
0.022004
-0.002785
0.034388
-0.176375
0.022032
-0.052425
-0.002785
-0.052450
0.034466
0.059269
0.034429
-0.052407
0.022029
-0.102077
0.108912
-0.102065
0.046868
0.009624
0.009623
-0.015193
-0.002785
0.034434
0.022020
-0.002785
0.022014
-0.126839
0.071666
-0.077236
0.084069
0.479740
-0.200462
-0.138915
-0.077116
-0.126793
0.121223
0.145822
0.083801
-0.015150
-0.064632
0.059062
0.021943
0.034296
0.034282
-0.027495
0.034277
0.009566
-0.027488
0.083651
0.046573
0.071207
0.021867
0.009539
-0.027434
-0.052101
0.046531
0.009540
0.009539
-0.027434
0.009540
0.021861
-0.015107
-0.052088
0.058841
0.009536
-0.015105
0.021855
0.009533
-0.015102
0.058788
0.021834
-0.002785
-0.002785
0.046434
-0.002785
-0.027391
-0.027397
-0.027403
-0.076677
0.095725
0.009522
-0.002785
-0.076649
0.009530
-0.015099
-0.150677
0.021879
-0.052119
0.108182
0.009537
-0.064411
0.034195
0.058818
0.034159
-0.236991
-0.039815
-0.064532
0.021919
0.009565
0.157620
0.095798
-0.064388
-0.039765
0.046519
-0.027434
0.009540
0.021861
-0.015107
-0.089082
-0.027455
-0.076832
-0.076886
0.244007
-0.138445
0.034232
-0.015122
-0.027464
-0.039815
0.021903
0.071243
-0.089157
0.034241
0.034227
0.120489
-0.052076
-0.027440
-0.015115
0.046525
-0.027437
-0.002785
0.058833
-0.113725
-0.027455
0.034218
-0.039788
0.034218
0.021876
-0.027446
-0.002785
-0.076804
-0.150988
0.133076
0.071243
-0.002785
-0.002785
-0.089157
0.083587
0.108155
-0.064403
0.009542
0.009540
0.021861
-0.002785
-0.002785
0.021855
-0.027425
-0.064411
-0.002785
0.071161
-0.064403
-0.015113
0.181978
0.021824
0.071007
-0.015080
-0.051979
-0.027391
0.046422
0.021809
-0.039678
-0.064304
0.071034
0.009513
0.046391
-0.076558
0.083279
-0.015075
-0.002785
0.021794
-0.015074
-0.088849
0.009514
-0.027385
0.034113
-0.015083
0.021809
0.058674
-0.015074
-0.015075
-0.027370
0.034091
0.009504
0.070916
-0.027346
0.034054
0.070853
-0.015054
-0.002785
-0.064153
-0.051907
0.046337
-0.064191
0.009499
0.095435
-0.064161
0.021770
-0.039620
0.021773
0.021767
-0.027337
-0.015063
-0.027346
0.021776
0.009493
0.009492
0.046307
0.009484
-0.027325
-0.027331
-0.039615
-0.039629
-0.113398
0.009511
0.058674
0.070916
-0.027346
0.009496
-0.051919
-0.051943
0.021797
-0.039660
-0.064274
0.058704
0.009508
0.021797
-0.039660
0.009508
-0.002785
0.132342
-0.015062
0.009492
0.009490
-0.015060
-0.027340
-0.002785
-0.039629
-0.002785
0.009498
-0.027352
-0.002785
-0.039647
0.009504
-0.002785
0.021788
-0.027358
-0.002785
0.046355
-0.039638
-0.027361
-0.027367
-0.015078
-0.015080
-0.015081
0.021806
0.009508
0.009507
-0.051961
0.021806
-0.113493
-0.002785
0.046434
-0.039697
-0.002785
0.095616
-0.027376
-0.088902
-0.113616
-0.002785
0.034172
-0.052064
-0.076749
0.034204
0.034191
0.021858
-0.002785
0.108032
0.071025
-0.088902
-0.088976
0.108018
0.181615
-0.039638
-0.039651
0.058651
-0.015069
0.046343
-0.064199
0.058629
-0.187139
0.083289
0.083215
-0.051919
0.046349
-0.027349
-0.027355
-0.015072
-0.002785
-0.027364
0.009505
-0.002785
0.021791
0.009501
0.021782
0.034054
-0.039624
-0.039638
0.034068
-0.027352
0.070898
-0.002785
0.009490
0.009489
-0.027334
-0.002785
0.046307
0.083068
0.144220
-0.076260
-0.015036
-0.002785
-0.064063
0.082994
-0.064048
0.046229
0.009465
-0.039538
0.033969
0.070681
-0.002785
-0.039511
0.021701
-0.027271
-0.027277
-0.174396
-0.064146
0.034036
0.009486
0.083068
0.058493
-0.002785
0.046211
-0.100800
-0.113167
-0.113289
0.009499
0.058614
-0.101041
-0.187275
-0.088997
0.095737
-0.088986
0.169544
0.034104
0.095519
0.046331
-0.150205
0.034091
-0.039660
-0.015080
0.009510
-0.002785
0.070952
-0.002785
-0.015071
-0.027361
-0.039660
0.009508
0.034086
0.009502
-0.002785
-0.002785
-0.015072
0.021788
-0.015071
-0.039651
0.034081
0.009501
0.021782
-0.039638
0.021785
0.107706
-0.002785
0.046283
-0.162343
0.058614
-0.125620
0.169142
-0.039601
0.034032
-0.039601
-0.039615
0.021770
-0.088754
-0.027361
0.021791
-0.088828
0.095544
0.009499
0.021779
-0.051919
0.095459
-0.039615
0.070862
-0.113275
0.132242
-0.064138
-0.051895
0.034050
0.009490
-0.064176
-0.015068
-0.015069
-0.138011
0.107869
-0.002785
0.021788
0.058621
0.034041
0.058561
-0.015051
0.046271
0.009475
-0.150006
-0.015063
-0.027346
-0.174881
-0.088944
-0.027415
0.095701
-0.027397
-0.175241
-0.015115
-0.015116
0.046531
-0.002785
0.046507
-0.027428
0.034177
-0.052070
-0.002785
-0.052095
0.083491
0.021852
-0.015102
0.009533
-0.052064
0.144980
0.132475
-0.211900
-0.052052
-0.027428
0.071125
0.071070
0.009519
-0.027394
0.058727
-0.027385
0.034113
0.009511
0.009510
-0.027376
0.058682
-0.039660
0.046379
0.034072
0.058614
-0.027340
-0.015065
-0.162559
0.009514
0.120126
0.058614
0.021764
0.095351
-0.002785
-0.027310
0.009478
0.033996
-0.027304
-0.002785
-0.027310
0.046259
-0.002785
-0.002785
-0.015044
-0.027307
-0.015048
0.021740
0.009475
-0.002785
-0.027307
0.009477
-0.027310
-0.002785
-0.015050
-0.002785
0.034005
-0.027310
0.021740
-0.015047
0.009477
-0.002785
0.009475
-0.002785
0.021731
0.082973
-0.076287
-0.015041
0.009471
-0.027298
-0.002785
-0.113167
-0.027331
0.058569
0.070790
-0.125439
0.009487
-0.027331
0.009489
0.083089
0.021737
0.009474
0.009472
-0.015042
-0.039565
0.009477
0.168721
0.192862
-0.051661
-0.002785
0.070520
-0.014999
0.058269
-0.002785
-0.002785
0.070430
0.058187
-0.063757
0.131304
-0.002785
0.009396
0.070270
-0.100203
-0.075911
-0.112574
-0.002785
0.021623
-0.014988
-0.039404
-0.014994
-0.002785
0.021632
-0.002785
-0.014993
-0.002785
0.009423
0.009421
-0.014991
0.009421
-0.027199
-0.014994
-0.039422
-0.002785
-0.002785
-0.015000
-0.027220
-0.002785
0.033865
0.021641
-0.051643
0.009432
-0.039440
-0.015006
0.009436
-0.015006
0.021656
0.009433
0.021647
-0.015000
0.009430
-0.015000
0.046067
-0.002785
0.070448
-0.014987
-0.088239
-0.027214
-0.015002
0.070493
-0.210545
-0.002785
-0.051733
-0.174291
0.046247
0.046223
0.107394
0.021683
0.021677
0.082784
-0.027226
0.021656
0.143735
-0.247105
-0.027250
-0.002785
0.131698
0.021647
0.033852
-0.027208
-0.027214
-0.002785
-0.039440
0.021653
0.058284
-0.002785
-0.039422
-0.002785
-0.027217
-0.076117
-0.039471
0.009445
0.033897
0.046103
-0.051673
-0.015011
-0.039471
-0.027250
0.033910
-0.039480
-0.002785
-0.015020
0.009450
0.046139
0.046115
-0.088375
-0.039489
-0.137482
-0.015039
-0.015041
0.021725
-0.002785
-0.051811
-0.015045
0.058501
-0.076332
-0.064116
0.021752
0.034009
0.033996
-0.015044
-0.051835
-0.125514
0.181253
0.180915
0.095050
0.192599
-0.014985
0.119151
-0.027160
-0.051553
0.045984
-0.075947
-0.027184
0.021614
0.033803
0.021599
-0.063757
-0.076000
END
