y[]
-0.119546
0.046283
0.106522
0.001044
-0.014017
0.091379
-0.029058
-0.074251
-0.044160
-0.014028
-0.044187
-0.134774
0.151942
-0.074376
0.151829
0.031174
-0.134610
0.091501
0.016113
-0.179924
-0.059351
-0.180362
-0.089782
0.137253
-0.089741
0.182533
0.061467
0.061431
-0.180225
-0.150264
-0.014099
0.001044
-0.029249
0.076762
-0.059525
0.016190
0.001044
0.061605
0.061568
-0.029213
0.016174
-0.044352
0.016179
0.076682
-0.014078
0.016167
-0.059461
0.016174
-0.074627
0.046454
-0.014090
-0.059516
0.001044
0.046468
0.061577
0.076659
0.016160
-0.014072
-0.135103
0.031315
-0.014090
-0.029231
0.031320
0.061568
-0.029213
0.016174
-0.059488
0.001044
-0.074673
-0.014106
-0.059580
0.076819
0.107033
-0.104944
0.107033
0.212685
-0.044269
0.031256
-0.119856
-0.044331
-0.059488
0.061577
-0.120058
0.091885
-0.120094
-0.105072
0.031375
0.016206
-0.059617
-0.105201
0.016229
-0.242191
0.122736
-0.014159
0.001044
-0.029369
0.077061
-0.014154
-0.014157
-0.014159
0.001044
0.092230
0.001044
0.061789
0.016225
0.031398
0.016218
-0.105217
-0.029337
0.016236
-0.044538
-0.044559
-0.014161
0.001044
0.016250
-0.014161
-0.044586
-0.105509
0.107597
0.001044
-0.014170
0.001044
0.001044
-0.044614
0.077131
0.016255
-0.029378
-0.029388
0.031477
0.077084
0.001044
0.137771
0.107258
-0.014122
0.046537
-0.165863
0.076946
-0.211625
0.092244
0.198358
0.137418
0.046461
0.001044
0.182505
0.016151
-0.059397
0.061486
0.016149
-0.044276
0.016154
0.001044
-0.029176
0.001044
0.001044
-0.225902
0.001044
0.031334
0.001044
0.001044
0.016186
0.016183
-0.044379
0.001044
0.016188
-0.014099
0.001044
0.001044
-0.029249
-0.089892
-0.059626
0.046551
-0.044462
0.016215
-0.014127
-0.014129
-0.014131
0.031393
0.016215
0.001044
0.061706
0.016204
0.001044
0.016202
-0.044434
-0.044455
-0.044476
0.001044
-0.014134
-0.090072
-0.029346
0.046627
0.016234
-0.029337
-0.029346
0.061816
0.046599
0.107258
-0.059635
-0.044489
-0.014138
-0.120499
0.107403
0.046592
0.061742
-0.135578
-0.120555
-0.196870
0.168536
0.001044
0.092285
0.016243
0.046627
-0.532046
0.427744
0.531871
-0.059479
-0.302124
-0.379213
-0.243081
-0.044796
-0.060108
0.001044
-0.014250
0.062207
-0.121317
0.046948
-0.044859
-0.075508
0.001044
0.046983
0.016353
0.092844
0.046912
-0.044824
-0.044845
0.046934
-0.029546
-0.029555
0.046941
-0.029551
0.062225
-0.075437
-0.014259
0.138691
0.031607
0.046870
0.123145
0.214362
0.046696
0.016257
0.001044
0.031463
0.001044
-0.059801
-0.029392
0.016264
0.001044
0.031477
-0.044607
-0.075088
0.046731
0.183582
-0.029355
0.183305
0.061724
0.137439
0.182615
-0.104832
-0.165559
0.107097
0.091857
0.001044
-0.241306
0.122293
0.091885
0.031306
0.031297
0.031288
0.001044
0.152125
-0.089576
0.031260
-0.014062
0.061458
-0.014056
-0.014058
0.061440
0.001044
0.016138
0.001044
-0.044242
-0.014056
0.046338
0.031229
0.046304
0.001044
-0.059306
0.046310
0.016129
-0.014040
-0.014042
0.016131
0.016129
0.001044
-0.014040
-0.119710
-0.044276
0.046365
0.016147
-0.165207
-0.014083
0.016172
0.031292
0.016165
-0.044324
-0.014083
0.001044
0.001044
0.031297
0.046406
0.001044
0.076602
0.076545
0.031229
-0.044235
0.106665
-0.014037
-0.089494
-0.059360
0.106729
0.046304
-0.074399
0.076488
-0.014040
0.061367
0.031192
-0.059260
0.061349
-0.044181
-0.014035
0.061349
-0.014028
0.046256
0.061294
0.061258
0.001044
0.016092
-0.014003
-0.014006
-0.014008
0.001044
0.001044
0.031147
-0.029058
0.016097
0.001044
-0.029062
0.031151
0.031142
0.001044
0.001044
0.061213
0.031115
0.106221
0.106110
-0.058980
-0.013967
-0.059025
-0.013978
0.001044
0.046106
-0.059043
-0.029013
-0.029022
-0.134365
0.001044
-0.044133
0.016106
0.031160
0.001044
-0.029072
-0.089358
0.076385
0.091379
-0.044112
-0.074262
-0.014024
0.166670
0.061204
-0.089208
0.076261
0.136291
0.046086
0.031061
0.001044
-0.043984
0.001044
0.016056
0.001044
0.001044
-0.134141
0.001044
0.031102
-0.029013
-0.269877
-0.134692
-0.134876
-0.014069
0.001044
0.061486
-0.014062
-0.044290
-0.119948
-0.014090
0.001044
0.046441
0.031297
-0.014081
-0.029213
-0.029222
0.031311
0.016174
0.046420
-0.059461
-0.029222
0.046441
0.001044
-0.014085
-0.014088
-0.089796
-0.014104
0.046482
0.046461
0.061568
-0.014083
0.091775
-0.104816
-0.286856
-0.044489
-0.029323
-0.044524
0.001044
0.031426
0.001044
-0.135744
-0.075030
0.061909
-0.029383
-0.059838
-0.105590
-0.182022
0.062104
0.123051
0.122903
-0.197051
0.046794
-0.014203
0.092494
-0.181938
-0.105850
0.107939
-0.166984
-0.121336
0.108135
-0.090741
-0.167448
0.001044
-0.090980
-0.045000
-0.045021
0.031757
0.047096
-0.014304
-0.045014
0.031752
-0.029663
0.016400
0.031748
-0.029659
0.047096
0.077749
0.031710
0.108299
-0.014271
-0.014273
-0.044922
0.016369
0.047004
-0.044915
-0.121617
0.016385
-0.014297
-0.075696
0.169795
0.062338
-0.060249
0.047018
-0.106260
0.184924
0.031658
0.016348
-0.029565
-0.121486
0.001044
-0.029612
-0.090980
0.001044
-0.075707
0.077796
-0.014301
-0.091079
-0.014318
0.169899
-0.029635
-0.091051
-0.060400
0.154584
0.077726
0.108299
0.077585
-0.029565
0.153996
-0.014240
0.138522
0.016308
-0.075297
0.062122
0.001044
-0.151721
-0.060127
0.199715
-0.044768
-0.197717
-0.090825
-0.121580
0.047046
-0.014287
0.031705
0.016371
-0.014282
0.001044
-0.090966
0.093055
-0.014285
-0.029621
0.062366
-0.014282
-0.044950
0.001044
0.047039
-0.044950
0.047039
0.001044
0.031696
0.031686
0.016362
0.016360
-0.014271
0.046983
0.092858
0.092774
-0.105981
0.092788
0.016327
0.092689
-0.044768
0.016317
-0.014229
-0.075356
-0.121317
0.001044
0.062244
0.077491
0.138501
0.001044
-0.075297
-0.136518
-0.213318
0.154207
0.169253
0.107939
0.305830
-0.014173
0.077107
0.001044
-0.090238
-0.059857
0.031500
-0.029411
-0.166626
0.062048
0.016289
0.046766
-0.075169
-0.243231
0.016329
0.062160
0.062122
0.016308
0.016306
0.031560
-0.014212
-0.029476
0.016306
0.016303
0.031555
-0.044726
-0.029481
0.001044
0.016308
0.016306
-0.044747
0.077351
0.046801
0.031537
0.092466
0.016273
0.046717
0.031481
0.046682
0.046661
-0.090210
-0.044614
0.016266
-0.090322
-0.075158
-0.059959
-0.075262
0.001044
0.016310
0.168817
-0.014196
-0.059940
0.077270
0.031518
-0.044670
-0.120963
0.077316
-0.014205
-0.136308
0.168894
-0.227911
-0.029523
-0.121317
-0.152118
0.062338
-0.090910
0.001044
0.047032
-0.060277
0.093013
-0.029602
0.016369
-0.136961
0.047067
0.169614
0.046969
-0.182779
-0.044964
0.184953
-0.060221
0.062310
-0.029583
0.489968
0.092452
0.001044
-0.044649
-0.014191
-0.014194
0.061983
0.061946
-0.029402
0.016269
0.031486
-0.044621
-0.059875
0.016278
0.046731
0.031490
0.016264
0.001044
0.016262
-0.014173
-0.029397
0.077131
0.031463
-0.059801
0.061890
0.122625
-0.090127
0.061835
0.061798
-0.014140
-0.059718
0.016239
0.016236
0.076969
-0.014136
0.031403
0.001044
0.031393
-0.014129
0.001044
-0.044489
-0.059700
0.001044
0.031421
0.046592
0.046571
-0.014129
0.001044
-0.074857
-0.044524
0.031426
0.031416
-0.029328
0.046599
-0.014138
0.016227
-0.014138
0.016227
0.001044
0.001044
0.001044
0.016225
0.076911
-0.029295
0.001044
-0.059663
0.076923
0.016213
0.016211
0.001044
0.001044
-0.059635
0.031389
0.031380
-0.014122
-0.059644
-0.135640
0.016241
-0.120592
0.077084
0.137771
-0.044510
-0.014145
-0.105347
0.077050
-0.029351
0.092202
-0.014143
0.152813
-0.120352
END
