y[]
0.083397
-0.050422
0.010400
-0.038269
0.022571
-0.074794
-0.050481
0.010415
0.034768
-0.074848
-0.001766
0.059139
-0.013944
0.059109
0.022574
-0.111342
0.010415
-0.026130
0.034777
-0.087054
-0.306961
0.010459
-0.295596
0.194216
-0.111959
-0.197965
0.390247
-0.222085
-0.063052
0.133013
0.120603
-0.062932
0.047169
0.132683
0.193475
0.144415
0.132046
-0.013924
-0.038247
-0.160004
0.119977
0.083366
0.131867
-0.098936
0.034684
-0.013915
-0.001766
0.022529
-0.038212
0.034679
-0.013913
-0.026065
0.046825
-0.026059
-0.001766
-0.026065
-0.001766
-0.026071
-0.050393
-0.001766
-0.013926
-0.001766
0.010394
-0.013926
-0.001766
0.071173
0.010385
0.071111
-0.026053
-0.013912
-0.098983
0.046854
0.071120
-0.062501
-0.026071
-0.001766
0.046836
-0.111155
0.046866
0.010388
-0.062553
0.010394
-0.013926
-0.135627
0.010410
0.034755
-0.050464
-0.013944
-0.062679
-0.184727
0.010442
-0.233969
0.206020
-0.197317
0.132716
-0.111784
-0.038466
0.034933
0.010464
-0.111892
-0.332872
-0.186189
-0.161875
0.059844
0.096732
-0.272869
0.010573
0.109215
-0.149768
0.022916
-0.026448
0.010576
0.010574
-0.038792
0.084606
-0.014100
0.035232
0.121462
-0.001766
-0.001766
-0.026400
-0.100361
0.084510
0.010553
0.022867
0.035173
0.010544
-0.051015
0.059791
-0.038696
-0.026394
-0.014082
0.084414
-0.014073
0.059753
0.108874
-0.014054
-0.063225
0.035114
-0.050943
-0.026363
-0.124843
0.022861
-0.001766
-0.161954
0.084520
0.195181
-0.075576
-0.075631
0.256521
-0.038624
0.292713
0.304063
0.083699
0.242017
-0.038296
0.010412
0.046931
-0.001766
-0.050464
0.083439
-0.184437
0.022609
-0.148108
-0.282854
-0.173251
0.132996
-0.050750
-0.247045
-0.272269
-0.223632
0.133877
0.035196
0.022867
-0.026400
-0.026406
-0.088053
0.096841
0.010553
-0.026406
0.010554
-0.051058
0.121417
-0.100301
0.035196
-0.088032
-0.014096
-0.112802
0.072271
0.010568
-0.001766
0.022898
-0.409501
-0.051302
-0.076116
0.196376
0.035342
0.134179
-0.348173
-0.163007
-0.163267
0.122488
-0.026605
-0.001766
-0.051462
-0.051487
0.010666
0.097637
0.159554
0.023029
-0.001766
-0.262425
0.209296
-0.088620
0.332827
0.183636
-0.397708
-0.014165
-0.374437
-0.138761
0.197437
-0.138676
0.247021
-0.051474
0.308504
-0.175399
0.147080
-0.274821
-0.063928
0.010669
-0.325593
-0.414293
-0.252613
0.048453
0.060973
-0.026857
-0.139879
0.136347
-0.102193
0.023350
0.148798
0.048372
0.060871
-0.076935
0.048353
0.010760
0.035802
0.098346
0.048253
-0.026772
-0.014272
-0.001766
-0.076832
0.048284
-0.039301
-0.039316
-0.026807
0.060824
-0.014281
0.123312
0.085696
0.035694
0.110530
0.048103
0.010697
0.110334
-0.064029
-0.026682
-0.126439
0.010708
0.048115
-0.039175
0.048109
-0.076589
0.097984
-0.176395
0.135468
0.284571
-0.151057
-0.438475
-0.415275
-0.064568
-0.392023
-0.165877
0.313592
0.186972
0.249332
-0.139792
-0.139983
-0.114995
0.312443
-0.303388
0.136590
-0.203075
-0.178244
0.023464
-0.052233
0.136956
-0.014369
0.036039
0.061210
0.036001
0.010820
-0.064711
0.136660
0.048523
-0.039481
0.010807
0.061075
-0.077181
-0.064655
0.035972
-0.052087
0.023397
0.061115
-0.039490
-0.052087
-0.140279
0.161910
0.035967
-0.089833
0.010820
0.023401
0.174224
-0.228096
-0.077323
0.174445
-0.039500
0.174202
0.010791
0.060997
-0.215321
-0.140192
-0.494098
-0.369437
0.188577
-0.077860
0.327556
-0.115640
-0.039753
-0.039767
0.150152
0.339208
-0.026984
0.375830
0.836420
-0.113951
-0.339077
0.123296
-0.389970
-0.416678
0.224763
0.010804
0.023369
-0.329016
-0.052208
-0.178512
-0.622847
-0.014482
0.023663
0.023656
-0.027189
0.125282
-0.001766
-0.027163
0.125153
0.036278
-0.027128
-0.001766
-0.014449
0.036278
-0.115943
-0.027157
-0.065270
0.087128
0.023618
-0.103341
0.061730
-0.065262
0.112498
-0.001766
0.010922
-0.001766
0.074328
0.036259
0.023576
-0.001766
0.036235
0.010898
0.036216
0.048854
-0.027073
0.124704
-0.027047
-0.064997
-0.090357
0.137413
0.010877
-0.153588
-0.001766
-0.014428
0.048873
-0.166438
0.150248
0.301571
-0.241832
0.137289
0.036125
0.212677
0.224791
0.023375
-0.190481
0.098926
0.048542
0.023378
0.562322
-0.014267
-0.364970
0.111094
0.361029
0.260128
0.035591
-0.101417
0.097885
-0.001766
0.010683
-0.014216
-0.064037
0.072954
-0.026667
0.035582
0.060450
-0.051536
-0.026660
0.035573
-0.039105
0.010682
0.010680
-0.026660
-0.014216
-0.051579
-0.101467
0.073019
-0.064083
0.122829
-0.001766
-0.014219
0.110251
0.494574
-0.125621
-0.038952
0.245881
0.060050
0.220456
-0.001766
0.379796
-0.050918
-0.124752
-0.087947
-0.051046
0.072144
0.108996
-0.087904
-0.063339
0.170542
0.071989
-0.173947
0.342299
-0.014034
-0.149096
-0.284756
0.133677
0.145781
0.145563
0.022768
0.218768
0.010471
-0.026243
-0.099733
-0.087566
0.010495
0.377602
0.022660
0.449042
0.168281
0.058895
0.046736
-0.038141
-0.038154
-0.013898
-0.062450
0.022512
-0.050328
0.010376
-0.001766
-0.001766
0.034653
0.010370
0.010369
-0.001766
-0.026038
0.010370
-0.001766
0.058895
0.083098
0.216125
0.143231
-0.050075
0.046543
-0.183046
0.107041
-0.013850
-0.062207
-0.025953
-0.062259
0.082913
0.022415
-0.001766
-0.038040
-0.146992
0.070873
-0.122861
0.070908
0.022447
0.010338
0.010337
0.034534
-0.304668
0.180085
-0.086589
0.010356
0.034591
0.046689
-0.110824
0.095180
-0.062347
-0.110903
-0.013900
0.046760
-0.001766
0.119446
0.046678
0.070855
0.288194
0.046479
0.106700
-0.400053
-0.038053
-0.001766
-0.147045
0.010348
0.191868
-0.025950
0.010326
-0.086445
0.058726
-0.062259
-0.001766
-0.013869
0.046636
0.010331
-0.038062
0.010334
-0.001766
0.034525
0.034512
0.010323
0.046578
0.010316
-0.050105
-0.001766
0.010321
0.034485
0.022394
-0.098443
0.227689
0.070584
-0.013821
-0.050000
0.022353
-0.050011
-0.062105
0.046508
0.070601
-0.074134
0.010299
-0.074178
-0.001766
0.082709
-0.025895
-0.025900
-0.074204
0.022385
-0.001766
0.094782
-0.086241
-0.110482
0.143161
-0.098361
0.022391
-0.025924
0.082760
0.034437
-0.013833
0.058551
-0.001766
-0.050017
0.010299
0.082647
0.034389
-0.122335
0.046479
-0.025886
-0.013828
-0.013830
-0.001766
0.034420
-0.013827
-0.001766
0.022353
-0.001766
-0.013825
-0.013827
0.022353
-0.001766
0.022348
-0.013822
-0.001766
0.010290
0.010289
0.010287
-0.001766
0.010286
-0.001766
0.010284
-0.086149
0.022350
-0.050005
-0.013830
0.082647
-0.062054
-0.013828
-0.013830
0.022359
0.010294
0.034407
0.022342
0.010286
0.022333
-0.001766
0.058457
-0.013808
-0.013809
0.274859
0.034259
-0.061815
-0.073873
-0.013789
-0.098001
0.058391
0.046334
-0.001766
-0.061895
0.046340
0.046316
0.022266
0.010248
-0.085896
0.070349
0.058290
-0.049809
-0.061852
-0.097978
0.070401
0.022278
-0.073916
0.010262
-0.037856
0.046351
0.010260
0.022281
0.010255
-0.049860
0.022284
0.010257
0.010255
0.010254
0.034285
-0.001766
-0.025799
0.022266
0.034272
-0.013778
0.034263
-0.013775
-0.001766
-0.025787
-0.025793
-0.049837
0.034289
-0.025802
-0.013786
-0.013788
-0.001766
0.022275
-0.025808
0.058326
-0.013782
0.010249
-0.061859
0.022275
-0.013786
0.022272
0.022266
0.010248
0.010247
-0.013779
-0.001766
-0.013780
-0.001766
0.010248
0.046276
0.046253
-0.001766
-0.049785
0.034250
-0.049791
-0.182066
0.046345
0.130422
-0.013776
0.022252
0.010241
-0.025782
0.010242
-0.001766
0.034250
-0.025776
-0.025782
0.010242
-0.025784
0.010244
-0.001766
-0.025787
0.010245
0.010244
-0.013776
-0.013778
0.010245
0.010244
-0.013776
-0.001766
-0.001766
END
