y[]
0.129415
0.265712
-0.032143
0.054644
-0.094154
0.005053
0.042267
-0.044569
0.079476
0.054637
0.066999
0.054582
0.264681
-0.069058
0.103855
-0.093749
0.227220
-0.007277
-0.093640
-0.093737
-0.056741
-0.044409
0.005053
0.066876
-0.192918
0.017437
0.079328
-0.081608
-0.255380
0.104345
0.067060
-0.479631
-0.281892
-0.207567
-0.082628
0.280363
-0.057451
-0.521528
0.193436
0.243163
0.117644
-0.195198
-0.598116
-0.361132
-0.083538
-0.299284
0.093913
-0.007637
-0.045722
-0.033045
-0.478778
-0.033244
0.017820
-0.225009
0.337194
0.056054
-0.199107
0.158212
-0.020458
-0.288783
0.043428
-0.122923
-0.895391
-0.370377
-0.124733
-0.294096
0.382093
-0.111808
-0.137962
-0.281592
0.395729
0.044037
0.147863
-0.332829
0.511449
-0.189412
0.432376
-0.033720
-0.098413
0.250610
0.082472
-0.020747
-0.434565
-0.241461
0.497473
-0.448404
-0.947398
-0.586626
0.636053
-0.415171
-1.573334
-1.110775
2.211172
1.540415
-0.177429
-0.295464
-0.191424
1.385283
0.263351
0.558144
-0.303272
0.056506
-0.964135
-0.607128
-0.086445
-0.795844
-0.338273
0.031504
-0.220009
-0.927045
0.285595
-0.141800
-0.035036
0.431834
0.270869
0.071396
-0.074565
0.084671
0.494634
0.268696
-0.258591
0.833188
-0.585772
0.477991
0.632178
-0.360292
-0.086492
0.070451
0.240132
-0.086301
-0.112525
0.318287
-0.779881
-0.534884
0.413566
-0.271500
0.347338
0.097007
0.750690
0.382289
0.173698
0.095744
-0.137499
0.056913
0.082793
-0.449287
1.207783
-0.600971
0.379416
0.185279
-0.355726
-0.046594
0.147016
0.146814
-0.420837
-0.111414
-0.007896
-0.059718
0.199240
0.263384
-0.111114
-0.020780
-0.175966
-0.163330
-0.241557
-0.646840
0.227173
0.083331
0.317553
-0.385725
-1.282237
-1.392827
0.486530
-0.396017
0.352740
0.071777
0.138368
-0.542674
-0.008344
-0.384236
-0.277795
0.112898
0.421860
0.540314
-0.275602
-0.262972
0.567077
-0.021639
-0.422984
0.393039
0.218471
0.045018
0.151456
0.429738
0.414754
0.242176
-0.073926
0.031386
-0.311403
-0.299160
-0.326667
0.574930
-0.259603
0.862634
-0.034367
-0.179109
0.097176
-0.324350
0.176478
0.268211
0.175735
0.423956
-0.400734
0.057505
0.096778
0.371114
-0.151667
-0.374703
-0.205087
-0.548673
0.269114
-0.008134
-0.206169
-0.166894
-0.180452
-0.300453
0.549001
0.097627
0.466643
0.215358
-0.323744
0.740061
0.747679
0.056960
0.574265
-0.098200
0.056692
0.082462
0.069515
-0.007836
0.017942
0.005053
-0.046514
-0.059443
0.198414
0.030806
0.056539
0.095091
0.120697
0.120563
-0.136145
-0.072048
-0.033520
-0.136508
0.043680
-0.149547
0.030836
-0.046520
0.082402
-0.046507
-0.162700
0.288777
0.326493
-0.046308
0.364027
0.171283
0.017828
0.017827
0.183715
0.005053
-0.097001
0.209056
-0.173428
-0.109853
-0.148361
0.132914
-0.263644
0.222625
0.298664
0.017799
0.056021
-0.096910
0.170689
0.157705
0.512217
-0.172163
0.043054
0.182201
0.118768
0.244695
0.005053
-0.083170
-0.020168
-0.665624
-0.236478
-0.607741
0.821280
0.890238
0.193720
-0.045224
0.005053
0.030194
-0.020089
-0.057829
-0.032695
0.017637
0.017635
0.093086
0.193436
-0.133060
-0.007513
-0.045224
-0.284529
0.143653
-0.108333
-0.184210
-0.058115
0.042958
0.030315
0.005053
0.131268
-0.121162
0.106037
-0.007565
0.105948
-0.310584
0.194554
-0.058075
-0.260518
-0.007611
-0.058291
-0.185218
0.207995
0.081050
0.080992
-0.070887
-0.286585
0.220693
0.068388
-0.070954
0.194962
0.080916
-0.210042
0.295953
0.194315
-0.234740
0.143950
0.080734
0.282061
-0.221534
-0.158913
0.131204
-0.058003
0.017667
-0.336094
0.333585
-0.095919
0.042929
-0.020197
-0.159224
0.446722
0.181176
-0.133303
-0.020124
0.030229
-0.676940
-0.363132
-0.134959
-0.033166
0.208719
0.132134
-0.160184
-0.071303
0.297432
-0.020338
0.093891
-0.185411
0.030469
0.030462
0.005053
-0.160226
-0.020399
-0.071342
0.170500
-0.007664
0.246399
0.055788
-0.020312
-0.058387
0.207918
-0.070974
-0.121787
-0.134656
0.068581
-0.071186
0.271635
-0.121803
0.144585
0.068412
-0.020286
-0.071003
0.144443
0.093655
-0.159556
-0.109066
0.157183
0.144302
-0.464104
0.043175
0.360158
-0.350052
0.410784
0.068300
0.005053
0.131427
-0.096034
-0.096136
-0.045580
-0.108965
-0.058347
-0.274384
0.284489
0.030417
-0.172635
-0.236601
0.043247
0.081398
0.005053
-0.147697
-0.045916
0.017797
-0.033186
-0.007697
-0.378187
-0.418215
-0.175058
0.185163
-0.265235
-0.214288
-0.085404
0.108425
0.043790
0.005053
-0.033684
0.224365
-0.072297
0.082402
-0.265933
0.159991
-0.201586
0.017980
0.160051
0.159812
-0.265933
-0.461209
-0.098857
-0.098965
0.057075
-0.072991
0.290916
0.043971
0.082843
0.069832
0.069790
-0.202255
-0.033865
0.018027
-0.345848
0.005053
0.407834
0.134637
-0.241301
0.186635
0.069824
0.069782
-0.033780
-0.202309
-0.150751
-0.372478
0.018095
0.304552
-0.072991
-0.242488
0.369636
-0.320405
-0.413085
-0.086648
0.436623
-0.217039
0.109628
-0.034150
-0.060320
0.096562
0.057306
-0.060268
0.253046
0.447301
0.082894
0.108747
0.069807
-0.085615
0.069824
-0.033805
-0.085674
0.056906
0.302691
0.043810
0.017968
0.005053
0.069606
-0.098253
-0.163047
0.250642
-0.007858
-0.162939
0.017985
0.043840
-0.059601
-0.305869
-0.176766
0.031047
-0.007944
0.238728
0.121686
-0.059727
-0.241493
0.121913
0.160654
-0.046788
-0.020878
0.238183
0.160172
-0.175943
-0.189235
-0.215598
-0.177026
0.122141
0.225846
-0.293785
-0.060030
0.252143
0.368077
0.121460
-0.098413
0.056799
0.095545
-0.253713
-0.033820
0.315612
0.610452
0.005053
0.082075
-0.007780
0.005053
0.299792
0.030641
-0.020536
-0.110177
-0.046203
0.056308
-0.161625
0.043541
-0.097617
-0.059169
0.043591
0.107748
-0.007779
0.017884
0.030710
-0.033436
0.005053
-0.033451
0.005053
-0.046308
0.120578
-0.020608
0.069192
-0.059087
-0.033451
0.261463
0.107433
-0.058923
0.120179
0.056177
0.005053
-0.161198
0.094607
-0.020526
-0.020533
-0.058939
0.145781
0.030618
-0.058874
0.183944
-0.173838
0.043413
0.222153
0.285308
0.132182
0.157395
-0.223548
-0.224072
0.043277
-0.109663
-0.135334
-0.212297
-0.097393
-0.161646
0.210181
0.171410
-0.097288
-0.379662
0.107788
-0.097683
0.056434
-0.007790
0.017895
0.082075
-0.007780
0.043546
-0.020608
-0.007780
-0.200497
-0.265374
0.030839
-0.059426
0.236982
-0.033565
-0.136673
-0.033635
-0.033650
-0.033664
-0.162895
-0.150227
-0.020851
0.082743
-0.020837
0.005053
0.263651
0.082502
0.198414
-0.278672
-0.059543
0.043815
-0.318426
0.030969
-0.020864
0.121625
-0.072647
-0.202443
-0.098857
0.134923
0.043981
0.082864
0.043935
0.018010
-0.670977
0.226566
0.278011
-0.254890
0.213061
0.069967
-0.280885
0.122126
0.005053
-0.177120
-0.034028
-0.177524
-0.151708
0.083464
-0.125666
-0.034196
0.214203
0.057272
0.395831
-0.268332
0.187392
-0.020975
-0.073072
-0.047065
0.330341
0.160816
-0.098763
-0.072880
-0.020938
0.095991
-0.215942
0.096110
0.199896
0.690474
-0.265968
-0.072517
0.043845
0.160071
0.172719
0.043705
-0.033600
-0.175523
0.030869
-0.059501
-0.020780
0.108345
0.121129
-0.072317
0.095311
-0.098107
0.005053
0.069540
-0.279002
-0.137278
0.134452
-0.033750
-0.072597
0.134436
-0.059618
0.005053
0.017990
-0.033765
-0.072627
0.056846
0.082692
-0.085533
0.082702
-0.033765
-0.033780
0.160292
0.069665
-0.033710
-0.059584
-0.085509
-0.020837
0.134436
-0.046680
-0.020824
0.160212
-0.033715
0.250325
-0.059434
0.043750
-0.020744
0.005053
-0.136947
0.030886
0.134118
-0.098186
-0.137075
-0.020811
-0.007881
0.147236
0.017968
0.056699
0.043770
-0.175756
END
