y[]
-0.144415
-0.010745
-0.037513
-0.037530
-0.050942
0.042819
-0.077752
-0.091232
-0.077892
0.002634
0.016059
-0.145146
-0.104980
-0.118570
0.110378
0.137151
-0.064602
0.324955
0.136628
0.002634
0.163190
0.002634
0.282989
0.029293
0.002634
-0.197486
0.216081
0.069243
0.149017
0.162081
-0.316515
0.600205
0.253874
-0.076637
-0.010584
0.029068
0.279770
0.055335
-0.115982
0.134421
-0.168723
-0.089757
-0.116280
0.095135
-0.050213
-0.050241
0.293101
-0.010551
-0.234990
-0.182576
-0.156391
0.161658
-0.050346
-0.129940
0.121958
0.187966
-0.182699
-0.076900
-0.063692
0.121989
-0.037136
-0.143323
-0.196742
0.082432
-0.050558
0.175403
-0.010646
0.175128
0.029145
0.042387
0.015881
0.108552
-0.116532
0.002634
-0.275973
0.188458
-0.090235
0.068978
-0.010632
-0.196556
0.175288
0.108735
-0.023881
-0.050417
-0.037173
0.135260
0.108608
-0.037093
0.174671
0.121563
-0.089855
-0.129641
0.082020
-0.381651
0.347233
-0.076784
0.280320
0.529436
0.264998
-0.272867
-0.049929
-0.049956
-0.076303
-0.036858
-0.261045
-0.367688
-1.089836
0.403704
0.095986
-0.024029
0.202434
-0.037294
0.042562
-0.090557
-0.224048
-0.171059
0.136270
0.042690
0.269265
0.334926
0.055698
-0.063701
-0.023913
-0.023920
-0.210047
0.042546
-0.090520
0.095787
0.135559
-0.023937
-0.170250
0.082463
-0.170411
0.202274
0.215145
0.095466
0.227725
0.095171
-0.076679
-0.076742
0.002634
-0.076805
-0.143168
0.015897
-0.116801
-0.010646
-0.369905
0.109215
0.082495
0.215287
-0.090346
0.042493
0.492928
0.081915
-0.089867
-0.767111
-0.050671
0.428279
-0.156771
-0.236951
0.215626
0.546366
-0.169449
-0.369015
0.334529
0.174785
0.081988
-0.235619
0.148300
0.029096
-0.222517
-0.209737
0.082326
-0.050487
-0.143594
0.029237
0.095688
-0.010654
0.002634
-0.063834
-0.077185
0.215343
0.095552
-0.063728
0.135313
-0.143323
0.783009
-0.698103
0.002634
0.227934
0.280246
0.279478
-0.274210
0.226805
-0.010539
-0.010541
0.042152
0.015803
0.055293
-0.115889
0.002634
0.094830
0.147342
-0.128911
-0.142265
-0.155678
0.068627
0.042209
-0.036941
0.068584
0.042183
-0.248109
-0.076679
0.187599
0.042225
0.226687
0.357454
0.225395
-0.207010
0.146811
-0.102202
0.172936
0.264072
0.146134
0.054765
0.002634
0.145854
-0.140586
0.197883
0.002634
0.054636
0.223341
0.184028
-0.152827
0.067438
0.093290
-0.010312
0.015580
-0.139863
-0.010331
-0.049240
0.015605
-0.192108
0.145482
-0.075258
0.223170
-0.010326
-0.088128
-0.179137
0.054602
0.015622
0.041587
0.080495
0.080435
-0.036259
0.041527
-0.062196
-0.023310
-0.049274
0.093454
-0.166099
-0.010357
0.093537
-0.257309
0.015647
-0.140605
0.106828
0.067700
0.171608
-0.127321
-0.049395
-0.205754
-0.101723
0.093952
-0.088685
0.002634
0.198214
-0.049484
-0.010400
0.236978
0.067632
0.015628
0.067581
0.041582
-0.075278
-0.192412
-0.062466
0.171805
0.028635
0.106570
0.158336
0.041522
0.132151
0.325694
-0.359264
-0.010315
-0.010317
-0.075107
-0.140047
0.041567
-0.140196
0.015627
0.028615
0.015622
-0.036335
0.028615
0.119464
0.002634
-0.036294
-0.075268
-0.205402
-0.023401
-0.088542
0.041719
0.054724
-0.075512
0.080779
0.106733
0.106624
0.002634
0.015625
-0.023350
-0.075359
-0.205645
-0.166913
0.028737
-0.088756
-0.088840
0.211593
-0.023462
0.041775
0.015677
-0.036503
0.185139
-0.127693
0.106909
-0.284385
-0.062713
-0.023517
-0.128222
-0.167735
-0.102353
0.160073
-0.115422
0.160011
-0.089139
-0.404806
0.160549
0.042074
-0.181553
0.015801
-0.115936
-0.182087
0.345416
-0.432637
0.293025
-0.076480
0.108105
-0.116029
0.094939
-0.129258
0.094976
-0.102907
-0.010567
-0.089818
0.068680
-0.275052
-0.050346
-0.010616
0.108580
-0.023842
-0.037093
0.121768
0.240477
-0.063377
-0.063421
-0.023800
0.108328
0.029040
-0.063395
0.134647
0.108119
0.042162
0.055314
0.002634
0.318133
0.055120
-0.049853
-0.128703
-0.313281
0.134386
-0.155490
0.331776
0.002634
0.028918
0.028911
-0.181456
0.042110
0.134109
0.278170
0.120489
-0.377620
-0.392260
-0.858356
-0.290465
-0.010709
0.641104
0.042403
-0.103453
-0.169998
0.268097
-0.262830
-0.156983
0.202115
0.928321
0.134178
0.409325
-0.456655
0.278460
0.107511
-0.023575
0.028843
-0.049791
0.159825
-0.062833
0.055010
-0.075941
-0.023572
0.525442
0.028703
-0.010400
0.015667
-0.036472
-0.023445
0.002634
0.106909
0.080769
-0.153698
-0.010405
-0.036492
0.002634
0.132995
0.132825
-0.049422
0.041678
-0.114546
-0.349732
0.237682
-0.154004
-0.141167
0.263935
0.172114
-0.258225
0.054860
-0.114913
0.107127
-0.271894
0.041898
-0.180732
-0.325644
-0.102643
-0.247844
0.226775
0.173698
0.147152
0.617779
0.080891
-0.167002
-0.429276
-0.115484
0.225629
0.055031
-0.089079
0.277521
-0.219836
-0.351721
-0.036817
0.042084
0.291462
-0.115422
0.264791
-0.102147
-0.049798
-0.049825
-0.128634
-0.010503
0.042037
0.015765
0.015763
0.002634
0.133833
0.107469
-0.089091
-0.049818
-0.023603
0.081322
-0.049818
-0.115484
0.055148
-0.023620
0.015761
0.002634
0.055127
-0.128652
0.068298
0.042012
-0.036744
-0.063030
0.343618
-0.220186
0.068220
0.028856
0.290630
0.002634
-0.010439
-0.010441
-0.102024
-0.102133
0.041934
0.015730
0.041914
-0.075941
0.041929
-0.483091
0.370426
-0.549563
-0.076501
0.134490
-0.287681
-0.500812
-0.196795
0.109045
-0.077164
0.228562
-0.196689
0.042530
-0.143730
-0.197300
-0.211070
0.136252
-0.211241
0.056145
0.229740
0.095998
0.029293
-0.104047
0.082655
0.029293
-0.010695
0.055939
0.135772
0.082432
0.082368
-0.010651
-0.050522
-0.090458
0.029240
-0.023973
-0.090544
0.162314
0.015929
0.122211
0.042461
-0.010640
-0.077048
0.042482
0.055740
0.015906
-0.063745
-0.037215
-0.156920
-0.210501
0.095936
-0.759657
-0.441363
-0.064811
-0.051355
0.137550
-0.132283
0.097094
0.043090
-0.253863
-0.173244
0.070316
0.137860
0.110683
-0.078393
-0.498485
-0.092456
-0.310441
0.451522
-0.555381
0.166278
-0.201963
0.343396
0.125024
-0.133365
-0.324520
-0.188702
0.043665
-0.134203
0.071075
0.439554
0.383379
0.300777
0.272904
0.029621
-0.105358
-0.281400
-0.092224
0.097491
-0.010912
-0.051567
-0.241633
0.056967
-0.051699
-0.078921
-0.024566
-0.038180
-0.065426
0.125108
-0.133458
0.029867
-0.038219
-0.065491
0.166055
0.002634
-0.092663
0.111537
-0.174394
0.043514
0.519009
0.367919
-0.539006
0.490241
0.151152
-0.321691
0.070288
0.218821
-0.037866
-0.254245
-0.187068
0.083979
-0.350340
-0.174321
-0.010991
0.029882
-0.256522
0.043598
0.288913
0.532131
0.097376
-0.526360
0.138540
0.449819
-0.254592
-0.241666
0.097710
-0.201212
-0.297094
0.261542
0.531987
-0.322790
0.476857
0.528419
-0.320599
-0.294583
0.029690
-0.078557
-0.024445
0.192028
-0.010883
0.191695
-0.199946
-0.078513
-0.051501
-0.159946
-0.228141
0.138448
-0.010939
0.124726
-0.078744
0.070453
0.002634
-0.268921
0.084178
0.165522
-0.146671
-0.010950
0.084111
0.084045
0.259999
0.286322
0.029610
-0.091814
0.110567
0.406348
-0.051101
0.150334
0.176908
0.149860
-0.104418
-0.104533
0.016036
0.069617
0.082955
0.029393
-0.010745
0.016013
-0.225050
-0.440826
0.191008
0.284532
0.230257
-0.117808
-0.265535
-0.145166
0.056404
-0.091484
0.351768
0.257002
-0.184732
0.002634
-0.091181
-0.051014
-0.346782
0.029555
-0.469543
-0.092070
0.002634
-0.227734
-0.024503
-0.010938
-0.038091
-0.119641
0.002634
-0.024559
-0.242431
-0.010999
0.084400
0.165966
0.097788
0.002634
-0.078921
-0.133439
0.084300
-0.079032
0.016249
0.111492
-0.024570
-0.079021
-0.147240
0.070786
END
