y[]
0.183923
0.075103
0.002709
0.014770
0.135279
-0.105744
-0.045530
0.014771
0.075051
-0.456340
-0.033621
0.087460
0.377174
0.147288
0.327248
0.026707
-0.057297
-0.045322
-0.021315
0.014722
-0.033333
-0.009308
0.002709
0.038756
-0.021321
0.014725
-0.009306
0.050763
-0.057362
0.002709
-0.045374
0.026753
0.002709
-0.045385
-0.045408
0.026771
0.026765
0.014735
0.002709
-0.045402
0.050821
-0.021344
0.074851
0.038760
-0.033342
-0.177742
0.050861
-0.117715
-0.045501
0.062968
0.038847
0.111045
-0.057463
-0.045455
-0.021381
0.002709
-0.009338
0.062932
0.014749
0.159100
-0.021335
0.050792
-0.009309
-0.069432
0.038786
0.086839
-0.033338
0.098805
-0.057340
0.098771
-0.165459
-0.009314
0.086839
0.002709
0.026733
0.146732
-0.105289
0.038721
0.038708
0.050688
-0.045270
-0.045293
0.026713
0.050700
0.026696
0.050665
0.098552
-0.021243
0.014686
-0.009268
0.146336
-0.021214
0.050550
0.014666
-0.116922
0.146250
0.086346
0.002709
0.038532
-0.021171
-0.092870
-0.033157
0.002709
0.014666
-0.021206
0.086386
-0.092927
-0.069078
0.086456
-0.069070
-0.045172
-0.045195
-0.081178
-0.033264
0.062658
-0.009278
0.026681
0.014693
0.050631
-0.009269
-0.069190
-0.045252
-0.201385
0.026742
0.074773
-0.069354
-0.033342
0.098817
-0.057347
0.134786
0.122628
-0.009276
0.014695
-0.021263
-0.177266
-0.105431
-0.117584
0.086930
-0.310469
0.087123
0.026814
-0.021396
-0.105836
-0.190551
0.038974
-0.009378
0.002709
-0.009379
-0.081949
0.075278
-0.057761
0.038996
-0.021480
-0.009388
-0.009389
-0.021492
0.002709
-0.021498
0.002709
-0.009397
0.014815
0.051118
-0.021492
-0.009394
0.026913
-0.009392
0.039009
0.051088
0.075234
0.123468
0.207664
-0.069580
-0.045513
0.087082
0.026803
0.050879
-0.057506
-0.021387
-0.021393
0.026811
0.026806
0.074964
0.038817
0.086910
0.194901
0.014709
0.074678
0.134517
-0.069164
-0.021260
0.026679
0.002709
0.146405
-0.021226
0.062536
0.086406
0.026610
0.122126
0.074291
0.074240
-0.021129
-0.116566
-0.068924
0.002709
0.014652
-0.009233
0.062407
0.050442
0.074266
-0.033063
-0.021146
0.038489
-0.021143
-0.009219
-0.009220
-0.045024
-0.021166
0.002709
0.002709
0.014647
0.014646
0.002709
-0.021166
0.002709
-0.009230
0.026587
-0.021169
0.026587
-0.068941
0.050482
-0.045063
-0.033135
0.074385
-0.045069
-0.009239
-0.009240
-0.021194
0.002709
-0.045115
-0.045138
0.074471
-0.081018
0.038601
0.050545
0.098311
0.026595
-0.068967
0.229507
0.038472
-0.009210
0.014629
0.205126
-0.056783
0.026510
0.038400
0.038387
0.121545
0.014585
0.192530
-0.009144
-0.080303
-0.127878
-0.068592
-0.032961
-0.009184
0.026493
-0.044865
0.014605
-0.009186
-0.009188
-0.021089
0.014609
0.085968
0.109655
0.073943
0.038307
0.026434
-0.044746
-0.009158
0.002709
-0.032901
-0.068550
-0.021055
-0.044836
0.014598
0.038366
-0.009175
0.050238
-0.044819
-0.009176
-0.032956
0.050260
0.157094
-0.032897
-0.032910
-0.068567
-0.044836
0.062137
0.050226
0.026459
0.002709
0.002709
0.050193
0.002709
0.062032
0.026428
-0.009150
-0.032876
-0.341934
0.133576
-0.163878
-0.176086
-0.009222
0.074274
0.145685
-0.199901
0.062343
-0.247992
0.134107
0.038515
0.062357
0.026558
-0.092722
-0.056982
0.181675
-0.116566
0.038507
0.038494
-0.021146
-0.104709
0.014650
0.002709
-0.021174
-0.009235
-0.045081
0.038554
0.134029
-0.056960
-0.033110
0.098197
0.050419
-0.033071
-0.009220
0.026567
0.002709
0.002709
0.014636
0.038481
0.002709
0.002709
0.050385
-0.021126
-0.068830
-0.104696
0.002709
0.050459
0.074291
0.002709
0.121899
0.014620
0.014619
0.014617
0.050328
0.121658
0.026482
-0.009176
-0.021066
-0.080550
-0.080619
-0.068770
0.205102
-0.390546
-0.368127
0.098541
0.122369
0.158054
-0.080908
0.074385
0.169754
-0.128517
0.002709
0.026581
-0.164515
0.038566
-0.104901
0.265553
-0.045029
0.002709
0.014646
0.038511
-0.068907
-0.068958
-0.009240
0.002709
0.026607
0.002709
-0.009239
0.002709
-0.009240
-0.009242
0.014660
0.002709
0.026607
-0.057046
0.014663
0.062457
0.050482
0.026587
0.026581
-0.033101
0.026584
0.002709
-0.021166
-0.021171
-0.021177
0.050476
-0.045058
0.038536
-0.009232
0.014650
-0.045063
0.014654
-0.009236
-0.021186
0.026604
0.026598
-0.021180
0.217506
-0.140438
-0.284201
0.074514
0.193937
-0.440061
-0.117296
0.362292
-0.081078
-0.213066
0.146611
0.014692
-0.225204
0.122728
0.158519
-0.081158
0.325811
-0.152728
-0.117023
0.098506
0.122326
0.098300
0.026593
0.002709
-0.009232
-0.021177
-0.033131
0.038549
0.026595
-0.033122
-0.009238
0.014656
0.157887
-0.009219
0.026564
0.014635
-0.033071
0.002709
0.002709
-0.009220
-0.009222
0.050425
-0.056939
0.026573
-0.033088
0.002709
-0.140609
0.002709
-0.021197
-0.081008
-0.021223
-0.045172
0.110410
-0.045143
-0.009258
-0.117037
0.014690
0.038644
-0.033225
0.014689
0.038639
-0.033221
0.038639
-0.009266
0.014685
-0.021243
-0.057196
-0.333426
-0.213976
0.026808
-0.178177
-0.287391
-0.021504
0.063231
0.099468
0.087296
-0.178636
0.220285
0.002709
0.002709
-0.093933
-0.021466
0.256256
0.014767
-0.033468
-0.033481
0.014774
-0.069702
0.075120
0.014773
0.111215
0.002709
-0.105796
0.026832
0.111189
-0.021387
0.002709
0.038852
0.050879
-0.045460
0.026797
0.086970
-0.033394
0.002709
-0.033407
0.038825
0.038812
0.014741
-0.057463
-0.057499
0.062918
-0.129797
0.038865
-0.021393
-0.105823
-0.154267
0.014793
-0.033547
-0.009379
0.002709
0.171812
-0.045577
-0.106019
-0.057747
0.099421
0.026873
0.026867
-0.093956
0.171812
0.087153
-0.347596
0.111556
0.087286
-0.106046
0.183901
0.063034
-0.142131
0.038939
-0.081847
0.183814
0.050948
-0.033468
0.255676
-0.045426
-0.081582
0.123104
0.002709
-0.057470
0.038821
-0.009327
-0.057492
-0.009335
0.038839
0.026788
0.002709
-0.021370
0.050861
-0.045443
0.002709
0.147096
0.026753
0.002709
-0.009312
-0.009314
0.026753
0.014729
-0.033355
-0.021341
0.050803
-0.009312
-0.057419
0.002709
0.026765
0.110889
-0.009305
0.098782
0.002709
0.002709
-0.021300
-0.021306
-0.021312
0.026730
0.026725
0.134691
-0.021275
0.074643
0.014693
-0.093203
-0.021283
-0.033290
-0.105366
-0.177677
-0.093630
-0.141974
0.063019
0.038878
0.135215
0.038817
0.195063
-0.069380
-0.141626
-0.021367
-0.117758
0.159289
-0.153870
-0.081704
-0.033490
-0.069728
-0.033529
-0.045629
0.014796
0.038961
-0.033542
0.038961
-0.033542
0.051042
0.063092
0.063056
0.038900
-0.033481
-0.021425
0.050972
-0.009354
0.087123
-0.021402
0.026820
0.002709
0.002709
0.026814
0.014760
-0.021393
-0.057572
-0.045542
0.087133
0.038869
-0.166149
0.255889
-0.117773
-0.142061
-0.033516
-0.057696
-0.118210
0.063187
0.002709
0.002709
0.087317
-0.009373
0.026873
-0.275522
0.026934
-0.045746
-0.288518
0.051306
-0.021586
-0.021592
0.075595
0.160447
-0.264379
-0.082423
-0.143401
-0.046042
0.148890
0.124364
-0.058100
-0.070310
0.039226
-0.265387
-0.021699
-0.046125
-0.278551
-0.034035
0.014959
-0.021792
0.002709
0.027210
0.100652
-0.021768
-0.009531
0.100592
0.014938
-0.009519
0.027165
-0.046209
-0.009524
-0.009525
-0.058487
0.014951
0.002709
-0.083017
0.039458
0.039445
-0.021780
0.100628
-0.070721
0.014951
0.063897
0.027174
-0.131922
0.198476
-0.033968
-0.095162
-0.058509
0.076167
-0.058502
-0.009537
-0.156634
-0.144602
0.088667
0.039526
0.027246
-0.132318
0.113200
0.064040
-0.058622
0.076302
-0.267395
-0.354456
-0.009630
0.076719
-0.021955
0.064358
0.359523
-0.243233
-0.034234
-0.132867
-0.058977
END
