y[]
-0.022075
0.066622
-0.060080
-0.085488
0.003271
0.104704
-0.009403
-0.072804
-0.034788
0.104729
-0.060129
0.015954
-0.009412
-0.009414
0.066678
-0.136279
-0.072929
0.041378
-0.022132
0.015973
0.041368
-0.009427
-0.009428
0.015970
0.054052
0.003271
0.015962
-0.022113
0.015964
-0.034812
-0.009427
0.015968
0.003271
-0.022126
0.003271
0.130190
0.053994
0.028623
-0.085488
0.015956
-0.123649
0.028668
0.015967
0.015965
0.054032
-0.022107
-0.022113
0.104768
-0.047465
-0.060185
0.015965
0.066719
0.015956
0.155362
-0.034730
-0.022071
-0.301337
-0.264024
0.156098
0.028719
0.232017
0.003271
-0.085624
0.003271
0.079471
0.054039
0.282034
-0.047356
-0.047381
0.015936
0.003271
-0.022062
-0.034740
0.003271
-0.009403
-0.022081
0.028623
0.028616
0.003271
0.015941
0.003271
-0.009399
0.003271
-0.009401
0.028613
-0.034745
0.015944
-0.009403
-0.022081
-0.009407
-0.009409
0.015951
0.003271
0.015949
0.028623
0.003271
0.003271
0.015944
-0.009403
-0.034759
0.028626
0.053961
-0.047420
-0.072813
-0.123665
0.015972
0.092132
-0.009419
0.066702
0.003271
0.130014
0.028600
0.104524
-0.009380
0.066510
-0.022020
-0.072640
0.053885
-0.047343
0.091828
0.053840
0.041181
-0.325760
-0.085500
-0.022107
0.142767
0.091940
0.053904
-0.022042
-0.047375
0.015935
-0.174169
-0.022103
0.015959
-0.123681
-0.162008
-0.073104
0.028736
0.028729
0.015998
0.015996
0.003271
-0.022181
0.003271
0.015998
0.015996
-0.022181
0.003271
0.066888
0.015989
-0.022168
0.015991
0.003271
0.003271
-0.022171
-0.009453
0.028716
0.003271
0.003271
0.015991
0.015989
0.015988
0.003271
0.079539
-0.009436
-0.073007
-0.009448
0.041422
0.003271
0.054116
-0.009438
-0.022152
0.003271
0.015983
0.041398
0.079481
-0.009427
0.054052
-0.136438
0.206420
0.003271
0.079345
-0.263244
-0.009438
-0.289481
-0.085998
0.168992
-0.175210
0.028788
0.118016
0.016012
-0.111459
0.105260
0.219652
0.130336
-0.212836
-0.085850
0.181433
-0.047600
0.015991
-0.034895
0.028716
0.003271
-0.022174
0.003271
0.003271
0.003271
-0.009454
-0.022184
-0.034924
0.028736
0.003271
0.028729
-0.009457
-0.022191
-0.009462
-0.060419
0.028752
0.016009
-0.022207
0.003271
0.016010
0.041480
-0.047678
0.016010
0.003271
-0.022210
0.041490
-0.124183
-0.252125
-0.022305
-0.111900
-0.176147
0.169884
0.003271
-0.022344
0.054494
0.067263
-0.022321
0.003271
0.105599
-0.009514
-0.265598
0.080164
-0.022354
-0.150615
0.003271
-0.189420
-0.254229
-0.048309
-0.151628
-0.074269
-0.009658
0.158310
-0.138839
0.145381
0.080700
0.029067
-0.267925
-0.307570
0.081072
-0.191345
0.158994
-0.165440
-0.009719
0.055219
0.107086
0.003271
0.003271
0.042174
-0.009695
0.055125
0.029188
0.003271
-0.022646
0.055098
-0.022639
0.003271
0.029181
0.016223
-0.035592
0.016227
0.016225
0.016223
-0.009682
-0.048556
-0.048583
0.068084
-0.022649
-0.061559
0.029208
-0.191421
0.029252
-0.243819
-0.140061
-0.074997
-0.048942
-0.166608
0.055572
-0.035953
0.120895
-0.062059
0.173039
-0.048935
-0.088155
0.537578
-0.087751
0.211198
0.145970
-0.243338
0.146119
-0.321679
-0.009749
-0.335845
-0.035932
0.081661
0.055497
0.133717
0.237646
0.094269
-0.035718
-0.061744
0.003271
0.029282
-0.152898
-0.061872
0.029333
-0.035825
-0.048880
0.263755
0.016277
0.003271
-0.087810
0.029302
0.029296
0.016281
0.029285
0.042280
0.081244
0.029248
0.016257
-0.035693
0.003271
0.055219
-0.022700
-0.009717
0.016259
0.016257
-0.022703
0.029245
0.029238
0.055185
-0.048644
0.042209
-0.035667
-0.048670
-0.087691
-0.035738
0.107261
0.042239
-0.022707
0.068202
-0.009712
-0.009714
0.068176
-0.074621
0.042224
-0.074651
-0.022717
0.003271
0.016265
0.016264
-0.048711
-0.178879
-0.114001
0.211658
-0.074824
0.055341
0.146323
0.003271
0.016265
0.172047
0.016242
0.016240
0.301102
-0.009660
0.158330
-0.138857
-0.074339
-0.009670
-0.035562
0.016217
-0.035572
0.016220
0.003271
0.042108
0.003271
-0.022619
-0.035577
0.003271
0.003271
-0.009682
-0.035597
0.042138
0.042123
-0.022629
0.003271
-0.009682
-0.009683
0.029178
0.003271
-0.061509
-0.048583
0.055125
0.029188
0.029181
0.003271
0.068017
-0.074429
0.093915
0.067966
-0.048482
-0.022616
-0.061475
-0.074480
0.055111
-0.022646
-0.113438
-0.009705
-0.100598
-0.035708
0.081213
-0.035693
0.068202
-0.139633
0.120207
0.094127
-0.074601
0.094115
-0.087573
-0.035688
-0.178737
0.107316
0.068244
-0.661443
-0.035968
0.134007
-0.035932
-0.140605
0.290815
-0.062008
-0.062050
0.068592
-0.009790
0.029391
0.055490
0.003271
0.029370
-0.022829
-0.022835
0.029377
-0.048949
-0.048976
0.003271
0.003271
-0.022863
0.003271
-0.049017
0.003271
-0.009805
0.068635
-0.009799
0.003271
0.068600
0.029391
0.016328
0.003271
0.016327
0.016325
0.055470
0.042402
0.003271
-0.022815
-0.114200
-0.127414
-0.088310
-0.022911
-0.022917
-0.193360
0.042628
0.095044
0.042576
-0.140925
0.029504
0.003271
0.029497
0.160483
0.121018
0.094756
0.159908
0.263789
-0.218127
0.250683
-0.061778
0.042305
-0.165989
-0.009761
-0.035835
-0.114138
0.042423
0.042407
-0.088071
-0.009785
0.016327
-0.009785
0.029380
-0.022839
0.016327
0.003271
-0.062025
0.029394
0.003271
0.055497
0.055470
0.003271
0.055442
-0.035855
-0.048921
-0.048949
0.055490
0.016321
-0.009780
0.068507
0.003271
-0.009773
-0.009775
0.029360
0.081498
0.042361
0.003271
-0.114047
0.042392
-0.048894
-0.061974
0.107641
0.094506
0.107437
-0.048799
-0.048826
0.029323
0.042336
-0.074875
-0.035825
0.068422
-0.009756
0.172487
0.094269
-0.191826
0.133378
0.003271
-0.061761
-0.035769
-0.126971
-0.336155
0.068635
-0.114415
-0.062170
-0.298309
0.186950
0.134264
0.160236
-0.101345
-0.127654
-0.022935
-0.259162
-0.075594
0.174065
0.042643
-0.049230
0.055771
0.016392
0.016390
0.003271
0.003271
0.003271
0.016388
0.016386
-0.036081
0.003271
-0.036097
-0.299063
-0.102103
-0.247439
0.069308
0.122028
-0.036299
0.016463
-0.009921
0.003271
0.029653
0.069195
-0.089035
-0.009923
0.003271
-0.036320
0.029666
-0.168426
-0.009949
0.161791
0.187894
-0.009905
0.029621
0.003271
0.042783
0.069091
0.082197
0.396972
0.029463
0.081805
0.016354
-0.022897
-0.088370
-0.022928
-0.049147
-0.062290
0.226003
0.120987
0.068609
-0.035927
0.055531
-0.101277
0.016345
0.342608
0.224524
0.016270
0.042260
-0.009724
-0.074732
0.172201
0.068168
-0.165549
0.016267
0.003271
-0.022723
0.262910
-0.074550
0.003271
0.003271
0.042189
-0.048623
0.016247
0.003271
-0.074611
-0.009715
0.094139
0.029218
0.029211
0.016238
-0.022666
-0.035647
0.042189
-0.009700
0.016242
0.016240
0.003271
0.003271
-0.009699
0.003271
-0.022673
0.042184
0.158772
-0.048536
0.003271
0.042128
0.003271
0.016220
-0.009678
0.068000
-0.009672
0.067966
-0.022602
0.016208
0.119633
-0.048429
-0.035521
0.029134
0.132486
0.016183
0.067808
0.003271
0.119332
-0.048296
-0.099942
0.093588
-0.074139
0.016177
-0.048362
-0.203528
0.080870
0.003271
0.080810
-0.061341
-0.087256
0.016208
0.029141
0.003271
0.029134
0.003271
0.016200
0.003271
0.029124
-0.009655
0.003271
0.042043
0.054944
-0.022562
-0.061341
0.042043
0.029111
-0.022569
0.029111
0.003271
-0.048415
0.016195
-0.009653
0.003271
0.042038
-0.009650
0.029111
0.029104
-0.022562
-0.009648
0.042023
0.042008
-0.035466
0.054917
-0.048375
0.067824
0.016177
0.054877
-0.048335
-0.035451
-0.035466
-0.022562
-0.061341
-0.048449
0.067916
-0.242604
0.132754
0.119663
-0.009655
-0.190816
-0.269085
END
