y[]
0.112256
0.062273
0.024849
-0.049952
0.012387
0.112074
0.583588
-0.434408
0.086933
-0.037366
0.024774
-0.236475
0.087074
-0.112156
-0.174668
-0.074999
-0.588873
0.200746
0.187828
-0.025117
0.299917
-0.074999
-0.300308
-0.100359
0.150293
-0.288502
0.137961
-0.062806
-0.175918
-0.314846
0.251806
0.564359
-0.225477
0.137719
0.162529
0.237106
0.161881
0.074581
0.037228
-0.012518
0.037219
-0.087142
0.024799
0.037228
-0.087164
0.037247
0.024796
-0.074738
0.087009
-0.037399
0.049668
-0.062276
-0.049865
-0.000083
-0.000083
0.087020
0.024790
0.347484
0.012308
0.284483
0.123389
-0.135911
-0.012440
-0.247547
0.136098
-0.000083
-0.000083
-0.049582
-0.136331
-0.934029
0.387006
-0.449746
-0.137884
-0.112971
0.150406
0.437555
0.174437
-0.224522
0.087259
0.410646
-0.012504
-0.248839
-0.612164
0.387587
0.024877
-0.274980
-0.250647
0.075152
0.050042
-0.313779
-0.000083
0.200796
-0.301553
0.263753
-0.062838
0.125388
-0.150666
0.087785
-0.326840
0.138291
-0.138456
-0.239544
-0.075821
0.138727
-0.113640
-0.037964
-0.316319
0.088564
0.139061
-0.012724
-0.113928
-0.076052
-0.025419
-0.038098
0.164547
-0.063370
-0.025409
0.088530
0.012570
0.113719
-0.101233
-0.063354
-0.025403
0.050550
0.252698
-0.012707
0.163903
0.138465
-0.113426
-0.063107
-0.176761
-0.253023
0.113820
0.050499
0.126260
0.025166
0.289827
-0.025259
-0.239574
-0.101093
-0.000083
0.063060
0.252092
-0.113483
0.402535
-0.289300
-0.037869
0.402231
0.275572
-0.213022
0.012455
0.100168
0.100067
0.249855
-0.212490
0.137409
0.074833
-0.037534
0.062327
-0.074980
0.261812
0.223853
0.074451
0.012334
-0.024918
0.049582
-0.174018
-0.012518
0.024787
0.322658
0.037090
0.012305
-0.099228
-0.298109
0.198700
0.012328
-0.024906
-0.111863
0.037191
-0.087077
0.024780
-0.037380
0.024783
0.074479
-0.037357
-0.012511
-0.062245
-0.099623
0.074581
-0.062299
-0.112170
0.124450
-0.087240
0.049730
-0.162067
-0.037501
0.087204
-0.049952
0.087172
-0.087338
-0.000083
0.087172
0.037289
-0.024996
0.049737
0.062156
0.310534
0.123894
-0.024866
-0.111683
0.061933
-0.111739
-0.111863
-0.000083
-0.074673
-0.087175
-0.000083
0.024808
0.062118
-0.012520
0.024790
-0.000083
-0.012518
0.136623
0.086814
0.099136
-0.062083
-0.074534
-0.049748
0.124033
0.012320
-0.049705
0.024731
0.037126
0.074294
-0.012475
0.049477
0.061833
-0.086776
0.111365
-0.099142
0.160838
-0.111462
-0.099191
0.086642
-0.136399
0.086685
0.074230
0.049428
-0.111517
0.074221
0.185434
0.036979
-0.012435
0.024621
-0.000083
-0.061853
-0.235159
0.049453
-0.621049
0.136861
-0.324071
0.137117
-0.012548
-0.362244
0.199892
0.012402
0.137151
0.199195
-0.074766
0.111920
-0.049847
0.397334
0.049483
-0.099240
0.037113
-0.000083
-0.062083
0.012320
0.024719
0.012316
0.012314
0.012313
-0.086883
0.012322
0.024722
-0.012484
-0.099351
0.037154
-0.012494
0.123956
0.123802
-0.111573
0.012311
0.086631
0.061810
-0.012458
-0.037219
-0.037232
0.012302
-0.024854
-0.062037
-0.111697
-0.000083
0.024731
-0.086958
0.024746
0.148764
-0.074478
-0.012488
0.086717
0.012311
-0.099277
-0.099375
-0.037343
-0.136822
0.049662
-0.049828
0.186334
-0.087034
-0.012511
0.124125
0.185941
0.049465
0.185503
0.357743
-0.123327
0.061558
0.061520
-0.086338
-0.160468
0.061634
-0.185348
-0.210466
0.148469
0.135896
-0.049508
0.185137
0.024587
0.012250
-0.024750
0.012251
0.012250
-0.037086
0.024587
-0.012417
-0.000083
-0.000083
0.024584
0.098524
0.012236
-0.012402
0.012236
-0.000083
-0.000083
-0.024723
0.024557
0.024551
-0.024716
-0.000083
0.012235
-0.012400
0.073800
0.061444
-0.098544
0.036852
-0.000083
0.122933
-0.049271
0.073691
-0.049259
-0.024680
-0.061602
0.012224
-0.049320
-0.073984
-0.000083
0.086129
-0.049338
0.135310
0.233347
-0.024629
-0.000083
0.098065
-0.356327
-0.308212
0.553867
0.171633
0.024424
0.097884
-0.257452
0.085780
0.024436
-0.024602
-0.000083
0.171423
-0.012324
0.183370
0.317107
0.218922
-0.012237
0.024224
-0.036546
0.024227
0.012070
-0.024390
-0.048715
0.048549
-0.036555
-0.060899
-0.024420
0.024254
-0.036590
0.012088
-0.024426
-0.036608
0.024269
0.024263
0.048591
-0.048757
-0.000083
0.012088
-0.000083
-0.024426
-0.024432
0.109439
-0.048745
0.085060
-0.012242
0.024233
-0.000083
0.194233
-0.000083
-0.218715
0.084998
-0.000083
-0.024384
-0.048703
-0.000083
0.060689
0.012067
0.012066
0.157713
-0.060744
-0.012220
-0.255294
-0.146211
0.085184
-0.085350
-0.024458
-0.122049
0.243701
0.060770
-0.085288
0.109453
-0.000083
0.012080
-0.097430
0.133745
-0.073058
-0.024420
-0.146228
-0.073236
-0.061085
-0.146639
-0.097906
-0.024554
-0.000083
0.012153
-0.527594
0.024514
-0.307984
0.234008
0.086023
-0.098496
-0.024701
0.147537
-0.000083
-0.024671
-0.098496
0.036833
-0.036999
-0.012391
0.012226
0.024529
0.061421
-0.036981
0.073700
-0.012376
-0.012378
0.159632
-0.061482
0.073591
0.098065
-0.098230
-0.000083
0.196116
-0.196282
0.147102
-0.110451
-0.000083
0.012186
-0.061444
0.061278
0.012185
0.110259
0.146850
-0.073522
0.183415
-0.073442
-0.269526
0.036702
0.048943
0.208008
0.085476
-0.085642
0.048817
0.122062
-0.122228
0.024358
0.024352
0.085392
0.060926
-0.048887
-0.048911
-0.012294
0.036545
0.134104
0.133925
0.036433
0.012086
-0.000083
-0.036595
-0.000083
-0.012256
-0.000083
-0.000083
-0.012258
0.024266
-0.012256
-0.024435
-0.000083
-0.000083
0.024269
-0.036613
-0.012262
-0.012264
0.048632
-0.036617
0.012097
0.072963
-0.000083
-0.073129
-0.048810
0.036465
-0.036630
-0.097608
0.073070
-0.134237
-0.061122
-0.024509
0.024343
-0.024509
-0.061174
-0.000083
-0.134615
0.061090
-0.049019
-0.232855
-0.221105
-0.061565
-0.086221
-0.098617
-0.209791
-0.000083
-0.061846
-0.433493
0.161117
0.185595
0.098805
-0.098970
0.222277
0.110912
0.196937
-0.110859
0.049166
0.233519
-0.049217
-0.209172
-0.296014
-0.061846
0.283710
0.381151
-0.036913
0.024472
-0.086052
0.085886
-0.073766
-0.024656
-0.036954
0.135044
-0.024638
-0.036927
-0.000083
0.036761
0.036747
0.036734
0.208289
0.195636
-0.061204
-0.024542
0.012147
0.012146
-0.061241
0.024385
-0.085746
0.061113
-0.024557
0.048859
-0.171484
-0.098158
-0.122812
-0.024647
0.134944
-0.036890
-0.331962
0.012229
0.049148
0.073718
-0.000083
-0.000083
0.196453
-0.000083
-0.061459
-0.000083
-0.012363
-0.147557
-0.000083
-0.098520
-0.394804
-0.012443
-0.111393
0.185366
0.074000
0.123267
-0.061739
-0.061777
-0.000083
-0.049466
-0.433225
0.099087
-0.285461
-0.473368
-0.312681
-0.238313
0.087752
0.024999
-0.050252
0.100231
-0.025152
0.112678
-0.012606
-0.025133
0.037490
-0.087775
0.062562
0.024964
-0.000083
0.024958
-0.050171
-0.025136
0.012445
0.024967
-0.025133
-0.037670
-0.150572
-0.087973
0.112904
0.037551
0.012459
0.200368
0.024945
-0.087709
-0.137936
-0.025168
-0.025174
0.125309
0.050030
0.125089
-0.000083
-0.050133
0.062476
0.162387
-0.025061
-0.137574
-0.250553
0.024992
0.175268
-0.075196
0.012440
-0.137919
-0.062798
-0.414995
0.062893
0.150899
0.426464
-0.000083
-0.087753
-0.025146
0.150199
0.299805
0.037340
0.174372
-0.112198
0.112032
0.360323
0.012322
0.173421
-0.049625
0.049459
-0.000083
-0.000083
-0.024851
-0.037246
-0.074451
-0.000083
-0.024884
-0.012486
-0.086948
-0.000083
0.012331
-0.049748
0.012336
0.049576
-0.099425
-0.000083
0.012340
0.024759
0.049582
-0.024912
0.024746
0.037149
-0.012492
-0.037320
0.012331
-0.062168
-0.211460
-0.000083
-0.249335
0.062288
-0.099896
0.062312
-0.049996
END
