y[]
-0.001935
0.011051
-0.014921
0.140820
-0.014904
-0.014906
0.062903
0.140562
-0.079635
-0.040807
-0.105669
-0.131754
0.179765
0.049919
0.127582
0.217860
0.101331
0.062552
-0.053521
0.023862
-0.066438
0.036772
0.075435
-0.027718
-0.040622
-0.014834
0.023862
0.010961
-0.053528
0.036762
0.010961
-0.014830
-0.001935
0.010961
-0.001935
-0.001935
-0.001935
0.010959
-0.014829
0.023852
-0.001935
-0.001935
0.023845
0.036723
0.023828
0.023822
0.010941
-0.014811
-0.001935
-0.040572
0.010946
-0.014816
-0.001935
-0.027701
-0.001935
-0.027708
-0.053501
-0.001935
0.049632
0.010953
-0.001935
0.036718
0.010946
-0.014816
-0.014817
0.023828
-0.040582
0.010949
-0.066372
-0.001935
0.101145
0.036693
0.075275
0.113769
-0.040488
0.049466
0.049440
-0.040463
0.049433
-0.053302
0.049433
-0.001935
-0.001935
-0.027615
0.036584
0.010901
-0.053289
-0.001935
0.010906
0.049413
0.062213
0.010890
-0.014759
0.023713
-0.053237
0.010893
-0.027592
0.010895
-0.001935
-0.014764
0.036549
-0.001935
-0.014761
-0.001935
-0.001935
0.023716
0.010888
-0.014758
-0.001935
-0.027586
-0.040423
0.023726
-0.001935
-0.014764
-0.001935
-0.040433
-0.001935
0.010900
-0.027605
-0.027612
-0.027619
0.023749
0.023742
-0.001935
-0.014773
0.010903
-0.027612
0.023742
0.010901
-0.027609
-0.001935
0.010903
-0.014773
-0.040458
-0.014779
0.100774
0.075028
-0.001935
0.010887
0.036519
0.113339
0.074841
-0.065910
-0.053145
-0.040359
-0.053191
-0.014753
-0.027576
-0.155919
0.075087
0.023726
-0.001935
0.062188
0.010885
-0.053223
-0.001935
0.010890
-0.027586
-0.014763
-0.001935
-0.001935
0.023719
-0.014761
0.023716
-0.027586
-0.001935
-0.027592
-0.014766
-0.001935
0.010896
-0.014766
0.010896
-0.014766
-0.040438
-0.001935
-0.040453
0.036584
-0.040453
-0.001935
-0.001935
0.010906
-0.053309
-0.040483
-0.001935
0.075146
-0.001935
-0.001935
-0.001935
-0.027622
-0.014781
0.023756
0.036589
-0.066148
-0.001935
0.010911
-0.027628
0.023759
-0.001935
0.087941
-0.091811
-0.040478
0.087976
0.049407
-0.027602
-0.040448
-0.053309
0.062279
-0.014774
-0.066157
0.023759
0.075107
0.023733
-0.053276
0.023739
0.062221
0.062180
0.023700
0.010880
0.023690
-0.001935
-0.091650
-0.014758
-0.001935
-0.001935
-0.014759
-0.001935
-0.001935
-0.001935
-0.001935
-0.001935
-0.001935
-0.001935
-0.014761
-0.001935
-0.001935
0.010892
-0.001935
-0.001935
-0.014761
-0.014763
0.010893
-0.027592
-0.001935
0.023723
-0.027592
-0.053269
-0.014773
-0.001935
-0.001935
-0.066148
-0.066190
-0.040508
0.010925
-0.014794
-0.079125
-0.079185
-0.014816
0.036703
0.023815
-0.040562
0.036693
0.062411
0.010929
0.049506
-0.104842
0.036668
-0.040537
0.036668
0.075226
-0.027648
-0.001935
-0.053382
-0.001935
-0.169320
0.010951
0.049592
0.010943
0.126749
-0.027658
0.010928
0.023785
-0.014794
0.010925
-0.066248
0.023795
0.036648
-0.001935
-0.001935
0.010923
-0.001935
-0.066239
0.023792
0.023785
0.088034
0.023756
-0.104736
0.023775
-0.014789
-0.001935
-0.001935
0.010920
-0.027645
-0.001935
0.010921
0.010920
-0.001935
0.010918
-0.053355
-0.014794
0.062345
-0.027642
0.036623
-0.001935
0.023762
0.023756
-0.040473
-0.091915
0.010925
0.010923
0.049479
-0.053349
-0.027652
-0.053388
-0.104921
-0.105028
-0.001935
0.010958
-0.234253
0.049738
0.152924
-0.092240
-0.001935
0.010971
-0.156913
-0.066580
-0.066622
-0.144394
0.023982
-0.040812
-0.079736
-0.001935
0.088827
0.075796
0.062794
-0.014877
-0.027825
0.011011
0.011009
-0.079625
-0.001935
-0.027845
0.023975
0.036918
-0.014884
-0.027838
-0.066723
-0.027862
-0.001935
0.023992
0.036943
0.036928
-0.014887
-0.001935
0.062811
0.062769
-0.403776
0.075967
-0.027895
0.049980
-0.053849
-0.053876
-0.014924
-0.118917
0.154011
0.011050
-0.079867
-0.053923
-0.040944
-0.053971
-0.027963
-0.001935
-0.027970
0.076150
0.024080
-0.053971
0.063106
0.153990
-0.001935
-0.144857
0.102029
0.179742
0.049912
-0.105656
-0.066815
0.024022
-0.027892
-0.027899
-0.001935
0.011048
0.037004
0.062929
-0.027875
0.075866
-0.157597
0.101867
0.023999
-0.001935
0.011030
-0.053802
-0.001935
-0.014906
-0.066815
-0.014916
-0.170843
-0.040954
-0.053984
0.024093
-0.014948
-0.001935
0.063114
-0.001935
0.024073
-0.001935
-0.053957
-0.027956
0.011077
-0.014946
-0.001935
0.050101
0.011070
0.076058
-0.001935
-0.053923
0.037059
0.011060
0.011058
-0.040919
0.037049
-0.014928
-0.066925
-0.066967
0.050094
0.050067
0.011062
-0.027929
-0.001935
-0.014934
0.050054
0.024049
0.011055
0.166776
0.062878
0.192253
-0.066622
-0.209216
-0.092755
-0.105831
0.166842
-0.001935
0.049939
0.114683
-0.001935
-0.053748
0.011021
-0.001935
-0.144542
0.062912
0.049912
-0.001935
-0.014894
-0.001935
0.011024
0.036933
-0.014889
-0.001935
0.011019
-0.014889
-0.001935
0.049872
-0.014884
0.011014
0.036903
0.023949
-0.001935
-0.027818
0.023949
-0.027818
-0.014879
0.023952
0.011006
0.011004
-0.027815
-0.001935
-0.014877
-0.001935
-0.001935
0.114487
0.023918
-0.040717
0.049772
-0.001935
-0.066572
0.036853
-0.040722
-0.053675
-0.105495
-0.027841
0.114593
-0.027818
0.011008
-0.014877
-0.339028
0.062979
-0.053863
0.244483
0.127515
-0.118432
-0.105602
0.049912
0.088733
0.036898
0.036883
0.049798
-0.027798
0.075635
-0.079504
0.101478
-0.014855
-0.079494
0.062702
-0.014859
-0.027788
0.023918
0.010989
-0.027785
0.023915
-0.001935
-0.014859
-0.014860
-0.014862
-0.014864
-0.001935
-0.014866
0.010996
-0.001935
0.010994
0.010993
0.010991
0.010989
0.010988
-0.001935
-0.001935
0.010986
0.010984
-0.001935
-0.040697
-0.014859
-0.040717
0.010994
0.010993
-0.027791
-0.014866
0.049778
0.023912
-0.014857
-0.027785
-0.040722
0.036853
-0.027791
0.036847
-0.014860
-0.001935
-0.001935
-0.014862
0.023918
-0.014860
-0.040722
0.153124
-0.053594
-0.066547
-0.092462
0.011003
0.036868
-0.040737
0.023935
0.101478
-0.027778
-0.144191
0.101545
0.320750
0.088231
0.088150
0.139463
0.113605
0.036549
-0.040418
0.010895
-0.014764
0.010895
-0.014764
0.023723
0.010892
-0.053250
-0.001935
0.010896
0.036549
0.036534
-0.001935
-0.014756
-0.027582
0.049354
-0.027576
-0.014758
0.010888
-0.001935
0.010887
-0.014756
0.010887
-0.001935
-0.001935
0.010885
0.023700
-0.117342
0.010895
0.010893
0.023716
-0.001935
0.010888
0.036524
-0.053217
0.010888
-0.066066
-0.001935
0.023723
-0.014763
0.036544
0.010888
0.023706
-0.001935
0.010883
-0.053217
-0.053243
0.062197
-0.168762
0.023749
0.036579
-0.001935
-0.053289
-0.040468
-0.079046
0.062328
0.062287
0.036579
-0.001935
0.075048
0.010890
0.062164
-0.040389
-0.027579
0.010888
-0.014758
-0.014759
-0.001935
-0.001935
-0.014761
-0.001935
0.010892
-0.001935
-0.014761
0.010892
-0.001935
-0.001935
0.049354
-0.001935
-0.001935
-0.001935
-0.027576
-0.027582
0.023713
0.010887
-0.040404
0.010890
-0.014759
-0.014761
-0.014763
0.023719
0.010890
-0.014759
0.036534
0.010885
0.010883
-0.001935
0.062131
-0.001935
-0.040369
-0.001935
-0.014750
-0.014751
0.062131
0.036485
0.062065
0.049236
-0.078700
0.010864
0.036451
-0.078720
0.113221
-0.027513
-0.040315
-0.027530
0.010864
-0.001935
-0.053138
-0.001935
0.023670
0.036460
-0.040330
0.010865
0.049249
0.023647
-0.104302
0.049262
0.036446
-0.040315
-0.027530
-0.001935
-0.001935
0.010864
0.023657
0.010859
0.036436
0.023637
0.010849
0.049183
0.061926
-0.027474
0.023605
-0.027474
-0.001935
-0.001935
-0.001935
0.023605
-0.014704
-0.027478
0.023608
-0.001935
-0.001935
-0.053027
-0.053053
-0.129845
0.023660
-0.078740
0.049275
END
