y[]
0.024894
0.012158
-0.204473
0.317837
-0.000574
0.075694
-0.089559
0.037572
0.037558
0.012133
-0.000574
0.012132
-0.013279
-0.013281
-0.025993
0.012137
0.012135
-0.025993
-0.026000
0.037563
0.024842
-0.000574
-0.102277
0.012145
-0.013292
0.012145
-0.038734
-0.026022
-0.000574
0.012151
0.012150
-0.000574
0.012148
0.037582
-0.026009
-0.013294
-0.115129
-0.064272
0.024910
-0.064296
-0.140907
-0.064427
-0.102823
-0.192574
-0.026202
-0.026208
-0.051862
0.063533
-0.000574
-0.013392
0.025061
-0.154479
-0.000574
0.063582
0.012252
0.191623
-0.000574
0.178477
-0.026133
-0.013356
0.037767
0.152644
-0.051620
0.114244
0.101376
-0.038793
-0.000574
-0.153596
-0.115494
0.139867
-0.051620
-0.026107
-0.038886
-0.000574
0.012198
-0.013346
-0.013348
0.012200
-0.026123
0.024976
0.050505
-0.038881
0.024966
-0.026113
-0.026120
0.037743
0.037728
0.024953
0.024946
-0.013333
-0.051627
-0.026110
0.012195
-0.000574
-0.000574
0.024959
-0.000574
0.024953
-0.038866
0.037718
0.101467
0.037665
0.037650
-0.026055
0.024907
-0.026055
-0.000574
-0.000574
-0.026061
-0.064321
0.050427
-0.000574
-0.013322
-0.051581
-0.115436
0.024962
-0.153889
0.037777
0.139921
-0.102732
-0.013351
-0.038915
-0.000574
0.024989
-0.013354
0.050538
0.101571
-0.013336
0.050466
0.037689
-0.000574
-0.013326
0.088661
-0.026061
0.037655
-0.000574
0.024904
-0.000574
0.075820
0.024878
-0.038754
-0.013304
-0.000574
0.024884
0.024878
0.024871
-0.013296
0.024868
-0.013294
-0.000574
-0.026019
0.024871
-0.051471
0.012153
0.037597
-0.013296
0.024868
0.012145
-0.013292
0.037577
-0.038725
-0.013294
0.024865
0.024859
-0.000574
0.164579
-0.000574
-0.051361
-0.025977
0.062922
-0.000574
-0.025967
-0.013273
0.012125
0.050207
0.062866
-0.013259
-0.013260
0.012113
0.012111
0.024791
-0.000574
0.012106
0.088140
-0.013242
-0.025916
-0.013247
-0.000574
-0.051284
-0.000574
0.037461
-0.013250
-0.038613
0.024788
-0.051303
0.012111
-0.000574
-0.000574
0.012109
-0.000574
-0.000574
-0.000574
-0.013257
-0.013259
-0.013260
0.024797
0.024791
0.012106
0.037456
-0.000574
0.012100
-0.013247
0.012100
-0.025922
0.012101
-0.000574
-0.038604
0.012104
0.037451
-0.000574
-0.038599
-0.013252
-0.025935
-0.038628
0.024797
0.037471
-0.025935
-0.025942
-0.025948
0.024800
-0.038638
-0.102148
0.050226
-0.025971
-0.025977
0.024829
0.126346
0.075501
-0.025926
0.037451
-0.000574
-0.000574
0.062769
-0.063917
-0.076639
-0.229116
-0.076871
0.088434
-0.127752
-0.178895
0.139563
0.037611
0.152020
-0.013281
0.012133
0.101026
-0.025964
-0.038671
-0.051393
0.037543
-0.000574
0.012129
0.024826
-0.000574
-0.051380
-0.013279
0.024836
0.037529
-0.025974
-0.000574
-0.000574
-0.000574
-0.013276
0.012129
0.024826
-0.038676
-0.013278
-0.013279
-0.013281
0.012133
-0.013281
0.012133
0.012132
-0.000574
0.012130
-0.013278
0.012130
0.050226
0.024817
-0.013268
0.024813
0.138940
0.050110
-0.000574
-0.025913
0.024765
-0.013242
0.012095
0.050085
0.024746
-0.000574
-0.013233
0.050053
0.024730
0.012076
-0.038527
-0.076523
-0.000574
-0.051239
-0.025916
-0.013247
-0.063965
0.138834
0.037413
-0.013234
-0.000574
0.012087
0.088006
-0.000574
-0.063837
-0.038551
0.037403
-0.013231
-0.025893
-0.063901
-0.051264
-0.038609
-0.000574
-0.000574
-0.013255
0.024788
-0.025935
0.037466
0.012103
0.024775
-0.051277
-0.013254
0.037461
-0.063973
-0.000574
-0.013259
-0.000574
-0.025948
0.012114
-0.025951
0.012116
-0.025955
0.024807
-0.064038
0.050201
-0.013265
-0.038657
0.075578
0.062842
-0.013254
-0.063997
-0.025955
-0.025961
-0.089480
-0.051413
0.012138
-0.191426
0.012161
0.126685
-0.064183
0.139313
-0.013283
0.024842
0.126410
0.176934
0.100718
-0.076533
-0.089266
-0.419755
0.113923
-0.127800
0.126653
-0.000574
0.126491
-0.229407
-0.089706
-0.038798
0.012169
-0.140835
-0.268893
-0.102980
0.089038
-0.167059
-0.064680
-0.026228
-0.051902
-0.129009
-0.103441
0.076587
0.140733
0.050761
0.012256
0.114818
-0.013389
0.037866
0.025044
-0.013382
-0.013384
-0.000574
-0.013385
-0.013387
-0.013389
0.025054
-0.013387
0.012239
0.012238
0.050656
0.025031
-0.000574
-0.077408
0.127451
0.088946
-0.064508
0.012216
-0.000574
-0.013364
-0.038954
0.063385
-0.000574
0.101676
0.063279
-0.089979
-0.051699
0.024992
-0.000574
0.076084
0.152566
-0.064353
0.024943
-0.000574
0.241511
-0.013301
0.152040
0.012133
0.062938
-0.000574
-0.089502
0.037548
0.012130
0.177114
-0.025938
0.075501
-0.013249
-0.000574
-0.038609
-0.000574
-0.025938
0.012109
-0.064005
0.037490
-0.000574
-0.013260
-0.013262
0.050168
-0.000574
-0.000574
-0.000574
-0.038628
0.012113
-0.000574
-0.000574
0.012111
-0.000574
-0.025945
-0.025951
0.024804
-0.000574
-0.025951
-0.013265
0.024807
0.012114
-0.025951
-0.038652
-0.000574
-0.102187
-0.051419
0.050271
0.050246
0.024826
-0.000574
-0.064086
0.062938
-0.102213
0.024846
-0.000574
-0.000574
-0.000574
0.012133
-0.140443
-0.038754
0.139349
-0.127768
-0.217176
0.063181
0.139545
-0.051503
0.075811
0.012151
-0.038754
0.177475
0.075636
-0.013271
-0.051380
0.037534
0.012125
0.012124
-0.038671
-0.089525
-0.038720
-0.026013
0.024865
-0.013292
0.012145
-0.000574
-0.000574
0.012143
0.012142
-0.013289
0.012142
0.012140
0.024849
0.062955
-0.000574
0.012127
-0.000574
-0.000574
-0.025977
-0.000574
-0.000574
-0.013278
0.050233
-0.025974
0.024826
-0.038676
0.050226
-0.000574
0.024817
-0.051361
-0.025977
0.024829
0.100975
0.050162
0.037461
-0.013250
-0.038613
0.037466
0.012103
0.100782
-0.063909
-0.013246
0.100756
-0.000574
0.037398
0.012080
0.087961
0.012068
0.138377
-0.114246
0.024698
0.024691
0.037312
-0.076360
0.037327
-0.051111
0.012063
0.012061
-0.164954
0.100615
0.062617
-0.101699
-0.114462
-0.063901
0.050091
-0.000574
0.024749
0.012085
-0.051220
-0.000574
-0.000574
-0.013239
-0.000574
0.024755
-0.000574
0.012088
-0.013236
-0.000574
0.024749
-0.000574
-0.025897
0.037408
-0.000574
-0.000574
-0.013233
0.012085
-0.025893
0.012087
0.037398
-0.038546
0.100654
-0.013222
-0.013223
0.062657
-0.038508
-0.000574
0.062641
-0.013214
0.049976
0.024691
-0.076389
0.062609
-0.013207
-0.051124
0.012066
0.024701
0.012061
-0.025845
-0.025852
0.087871
0.150865
-0.000574
-0.051028
0.049880
-0.038412
-0.164705
0.062585
0.012053
0.087771
0.012041
-0.025804
-0.013191
0.024660
-0.000574
-0.025807
-0.013193
0.024663
-0.013191
-0.000574
-0.013193
-0.000574
-0.025817
0.024669
0.012045
-0.000574
-0.000574
-0.000574
0.024660
-0.038426
-0.013194
-0.013196
-0.063709
0.024685
-0.038465
-0.000574
-0.013207
-0.000574
-0.000574
0.024691
-0.000574
0.037312
-0.038460
0.012056
-0.063741
0.037331
-0.025842
0.214005
-0.013183
0.062458
0.024628
-0.063590
0.024637
-0.013179
0.024634
0.087604
-0.025760
-0.000574
-0.050964
-0.000574
-0.000574
-0.114045
-0.025807
-0.025814
0.100347
0.037245
0.049829
0.024618
-0.038364
-0.038379
-0.013179
-0.025788
-0.013183
0.037250
0.012031
-0.088841
-0.013190
0.062490
-0.063637
-0.051053
-0.101609
0.049957
-0.013204
-0.063749
0.024701
-0.013210
-0.013212
-0.000574
0.075232
-0.013204
-0.013206
-0.013207
0.012060
-0.051117
0.037336
-0.051124
0.024704
0.012063
0.037327
0.012056
-0.013204
-0.051111
0.049963
0.012056
-0.013204
0.012056
-0.000574
0.037307
-0.000574
-0.013199
0.024676
-0.013198
-0.088986
0.024695
-0.013207
-0.051124
-0.051149
-0.000574
0.012072
0.062633
-0.013212
-0.013214
0.012066
-0.076437
-0.101814
0.075366
0.012077
-0.013225
-0.228566
-0.063997
0.062850
END
