y[]
-0.053954
-0.126656
0.033184
-0.024964
-0.068612
-0.097790
0.091459
-0.039555
-0.068707
0.018678
-0.054174
-0.039625
0.033269
0.004110
0.062402
0.004110
-0.025032
0.120626
-0.039568
0.033231
-0.010449
-0.039580
0.033239
-0.010453
-0.039593
0.018680
-0.010460
-0.010462
0.018682
-0.054191
0.004110
0.018688
0.018686
0.018684
0.004110
-0.010464
0.004110
0.004110
-0.025044
0.047839
0.004110
0.033252
0.004110
-0.025032
-0.039619
0.047839
0.004110
0.062385
0.047794
-0.025011
-0.010453
0.004110
0.018673
0.018671
0.004110
0.018669
0.062326
-0.039549
-0.141556
-0.010468
0.047839
0.091510
0.033226
-0.170715
-0.068824
0.106203
-0.068803
-0.083456
-0.098147
-0.098252
-0.025155
0.077258
-0.112952
-0.113089
0.004110
0.092022
-0.083802
-0.039875
-0.083918
-0.025250
0.004110
0.033470
0.077472
-0.039901
0.048121
-0.127981
0.121533
-0.039907
-0.025246
-0.084009
0.048179
-0.010577
0.004110
0.018798
0.062839
0.077472
-0.010558
-0.010560
0.077440
-0.039881
-0.010558
0.004110
0.018778
0.077418
0.033418
0.004110
-0.025198
0.018765
-0.039862
-0.039881
0.048102
0.121326
-0.039830
-0.069166
-0.039881
0.018776
0.033436
0.004110
-0.010552
-0.083905
-0.113364
-0.142927
0.018823
-0.010603
-0.054765
0.107119
-0.172542
-0.040102
-0.010632
-0.246831
0.048440
-0.010664
0.137000
0.004110
0.077862
-0.084399
0.033622
0.166268
-0.113797
0.048342
-0.040121
0.033600
-0.040128
-0.143491
0.033648
0.018876
-0.010656
0.033639
-0.010653
0.004110
-0.010656
-0.010658
-0.010660
-0.099341
0.033678
0.004110
-0.040246
0.004110
-0.010680
0.004110
-0.010682
0.004110
0.004110
0.004110
0.004110
0.018902
0.018900
0.033683
0.078003
-0.010664
0.004110
0.063194
-0.054974
0.018884
-0.055000
0.092763
-0.010660
-0.054992
-0.025454
0.018893
0.063220
-0.025441
0.033661
-0.055000
-0.025458
0.092789
-0.025441
0.181284
-0.069674
-0.084503
-0.158552
0.329169
0.151516
-0.025354
-0.010625
0.048309
0.092449
0.004110
0.004110
0.077666
-0.069446
-0.084229
-0.025354
-0.010625
-0.217178
-0.099326
0.092776
-0.010662
0.004110
0.004110
-0.025441
-0.010669
-0.025454
0.018893
-0.010673
0.018893
-0.010673
0.063229
0.004110
0.004110
0.048426
-0.010660
0.004110
-0.010662
0.018882
-0.040213
0.018887
0.004110
0.004110
0.004110
-0.010666
0.018887
0.004110
-0.069794
-0.040259
-0.055079
-0.025498
0.004110
0.166844
-0.025458
0.122331
-0.010660
-0.128918
0.033687
-0.069849
-0.010688
0.063290
-0.010682
0.033691
0.151886
-0.040200
-0.202929
0.004110
-0.084753
0.211333
-0.099448
0.270186
0.018871
-0.010651
-0.158408
0.078014
-0.010666
-0.380848
0.167158
0.004110
0.048531
0.092894
-0.129095
-0.084792
-0.010715
0.048578
-0.025533
-0.010715
0.078212
0.018924
-0.010704
0.004110
0.004110
0.004110
-0.010706
-0.010708
0.018928
0.018926
-0.010706
0.018926
0.063352
0.018915
0.004110
0.033713
-0.055105
-0.010699
0.018919
0.004110
0.137295
0.033683
0.048453
0.033661
-0.069783
-0.010675
-0.010677
-0.040265
-0.055088
0.004110
0.033713
0.004110
-0.084726
-0.025520
0.048551
0.048531
0.018913
-0.040305
0.063325
0.033705
-0.055088
0.284988
0.077894
0.033609
-0.128702
-0.291661
0.063334
0.004110
0.018911
0.137217
-0.040239
0.063238
-0.143775
-0.084726
0.078146
-0.099555
-0.025528
0.137414
0.181572
0.033656
0.107454
0.004110
0.004110
0.018865
-0.025402
0.092619
-0.025384
-0.010640
-0.054913
-0.010651
0.004110
-0.025419
0.018876
-0.040193
-0.010662
0.018882
-0.010662
0.004110
0.004110
0.018882
-0.010662
0.018882
0.004110
-0.040213
0.004110
-0.010669
0.004110
-0.010671
-0.158624
0.018915
-0.010695
0.004110
0.004110
-0.114409
-0.010715
0.063396
-0.114496
-0.025564
0.048617
-0.040397
0.004110
0.004110
0.048617
0.033770
-0.084898
-0.099832
0.018966
0.093197
-0.099832
0.063519
0.063484
0.004110
0.078278
-0.025550
-0.040397
0.033784
-0.040404
-0.040423
0.018957
-0.070146
0.078366
0.048637
0.107929
-0.070035
0.033775
-0.025555
-0.740384
0.093743
0.093662
-0.115311
0.004110
-0.010828
-0.055663
0.019057
0.004110
0.004110
-0.025785
0.078832
0.093702
0.004110
0.004110
0.048876
0.004110
-0.040656
-0.010816
0.019037
0.033956
-0.115329
0.019048
-0.085549
0.108705
-0.010825
-0.040710
0.048930
0.078765
0.019034
-0.055600
-0.010823
0.004110
-0.100485
-0.025794
0.019063
0.004110
-0.070679
0.034032
0.004110
-0.010850
-0.055752
0.078932
0.183455
0.227840
-0.055502
-0.070456
0.033943
0.004110
-0.025723
0.033943
0.212692
-0.055440
-0.130008
0.019021
0.138208
-0.338943
-0.025776
0.168375
0.153208
-0.070411
0.063731
0.063696
0.004110
0.004110
-0.055476
0.033907
-0.025687
0.033907
0.004110
0.019005
0.033894
0.078531
0.063607
0.108145
-0.204068
-0.085242
0.048796
-0.100189
0.078620
0.048789
-0.040569
0.063678
-0.040563
-0.025683
0.004110
0.078576
0.048763
0.048743
0.152743
-0.010743
-0.025603
-0.010750
-0.040483
0.048703
-0.010752
0.004110
-0.040490
-0.085149
-0.100126
0.078576
0.004110
-0.115062
-0.025705
0.212630
-0.114991
0.301596
0.182178
0.033757
-0.040364
0.167085
-0.055123
0.018922
-0.010701
0.018922
-0.069970
-0.070024
-0.114620
0.063492
-0.070124
0.093184
0.226448
0.048518
0.092867
0.033678
0.033670
-0.025450
0.018891
-0.025454
-0.084634
0.018906
-0.010686
0.004110
-0.025489
-0.010693
-0.010695
-0.025506
0.004110
-0.040331
0.063361
-0.010699
-0.025515
-0.025524
-0.010710
0.004110
-0.084858
0.004110
-0.010726
-0.025568
-0.010732
-0.144434
-0.278733
0.033921
-0.010794
-0.055529
0.108455
0.063687
0.018999
-0.100157
0.004110
0.019012
0.033907
0.182708
-0.025634
-0.234163
0.004110
0.093529
0.108331
-0.100111
-0.189732
0.063794
0.138268
0.152964
0.048723
0.108130
0.033810
0.033801
0.018952
0.078289
-0.025555
-0.010726
-0.084950
0.018959
0.078322
0.107914
-0.188754
-0.055308
0.063528
-0.040450
0.004110
-0.055334
-0.025625
-0.144700
-0.264306
0.093662
0.078676
-0.040623
0.078653
0.078598
-0.010783
0.019003
0.004110
0.138049
0.004110
0.018981
0.004110
-0.040510
0.048730
-0.025634
0.033854
-0.025634
-0.085176
0.048763
0.033868
-0.025647
0.018990
0.004110
-0.055423
0.018997
0.063634
-0.144766
0.004110
0.004110
0.048796
0.033890
0.063643
-0.025652
0.033872
0.093343
0.122963
-0.085017
-0.219055
-0.324102
-0.055681
0.108720
-0.205220
-0.190661
-0.070903
0.154080
0.153855
0.034032
0.287925
-0.115293
0.033974
0.048889
-0.115346
0.123567
-0.205033
-0.160524
-0.055824
0.004110
-0.025870
0.153923
-0.010861
0.004110
-0.010863
0.004110
0.019083
-0.010863
-0.070791
0.049057
-0.055824
0.123942
0.004110
0.078932
0.004110
-0.085683
0.034050
-0.025830
-0.010863
-0.025844
-0.055824
0.004110
0.093998
0.063990
0.078910
-0.025803
-0.040777
0.048997
-0.010850
0.138669
0.033988
0.019045
0.019043
-0.025759
-0.010828
0.063847
-0.025754
-0.055645
-0.055681
0.093783
0.004110
-0.010830
-0.010832
0.228007
0.063731
0.078587
-0.129988
-0.025714
0.197807
-0.010776
0.212320
0.004110
-0.025608
0.018970
0.004110
0.063528
0.108006
0.018944
-0.144324
0.048663
0.063484
-0.040417
-0.129590
0.018974
-0.248885
-0.040603
-0.040623
0.033934
-0.025714
0.019023
0.019021
-0.040629
0.004110
0.004110
-0.100360
-0.010823
-0.055645
0.048930
0.019045
-0.010825
0.004110
0.019045
0.004110
0.004110
0.004110
0.019043
-0.025759
-0.040710
-0.160401
-0.160672
0.019101
-0.010881
-0.040878
0.109050
-0.040851
0.064053
-0.010872
0.019092
0.034068
-0.025848
0.093957
0.019077
-0.010857
END
