y[]
0.036380
0.048551
0.011988
0.011987
-0.012375
-0.012377
-0.024564
-0.036759
-0.012386
-0.000194
0.036376
-0.012383
0.011994
-0.024573
-0.000194
0.011996
0.048551
-0.000194
-0.000194
0.024169
-0.012375
0.060696
-0.024546
0.024157
0.036322
0.011975
0.024140
0.011971
-0.000194
-0.000194
0.097070
0.084835
-0.060922
-0.000194
0.011954
-0.012343
0.351513
-0.072860
0.096682
-0.036512
0.011913
0.060320
0.108639
0.023975
-0.048538
0.072313
-0.012275
-0.012277
-0.121099
0.011903
-0.181803
0.060379
-0.072886
-0.036560
-0.036573
-0.072992
-0.109490
-0.012346
0.133390
-0.121627
0.084824
0.060489
0.121062
-0.060804
-0.012321
0.024057
-0.024445
0.011932
0.096764
-0.036542
-0.048679
-0.000194
-0.000194
-0.024445
-0.024451
-0.000194
0.024063
0.036180
-0.000194
0.024048
-0.000194
-0.036560
0.011929
-0.000194
0.024048
-0.012315
-0.036564
-0.000194
-0.000194
0.096764
0.060357
-0.060745
-0.060782
0.084618
0.060342
-0.000194
0.011909
-0.024401
0.024013
0.024007
-0.012294
-0.060716
0.036123
0.048209
-0.012293
-0.012294
0.060291
0.011898
-0.012287
0.060254
-0.169542
0.096611
0.036084
-0.084863
-0.048609
0.011912
0.060313
-0.048597
-0.036512
0.048226
-0.048614
0.120813
-0.000194
-0.024384
-0.036490
0.024004
0.060276
-0.012285
-0.000194
0.011897
-0.012285
-0.000194
-0.012287
0.060254
-0.036459
-0.048568
-0.024390
-0.000194
-0.000194
0.011904
-0.012293
-0.024396
-0.036507
-0.024410
0.011915
0.024019
-0.000194
-0.024407
-0.012303
0.024022
-0.000194
0.036119
-0.012297
0.060306
-0.048591
0.060298
-0.024387
0.060276
0.060240
-0.000194
0.084352
-0.024343
-0.024349
-0.048521
0.036053
-0.024358
0.023969
0.011885
-0.000194
0.023960
0.048098
-0.000194
-0.012265
-0.060570
-0.133149
-0.024387
-0.084914
-0.048638
0.108771
0.036101
0.036088
0.048162
0.011891
0.036053
-0.024358
-0.012278
-0.060635
0.072331
-0.024363
-0.072737
0.048173
-0.012284
0.036071
-0.012281
-0.024372
0.011896
0.011894
-0.000194
0.023978
-0.012280
-0.000194
0.011891
-0.000194
0.072287
-0.000194
0.011881
-0.000194
0.023952
-0.012266
-0.000194
-0.000194
-0.036420
-0.024352
0.011885
0.060181
-0.000194
-0.012266
-0.048498
-0.012274
0.132600
-0.048463
-0.048486
0.036027
-0.036415
-0.000194
-0.036428
0.023963
0.011882
-0.036428
-0.000194
-0.048527
-0.036459
0.023984
-0.048556
-0.048579
0.048191
0.011898
0.011897
0.011896
-0.024375
-0.012287
0.011898
0.011897
0.011896
-0.000194
0.060232
0.011887
-0.024358
-0.012278
0.011890
-0.000194
0.036049
0.060181
0.072208
0.120360
-0.048399
-0.012249
-0.036367
0.011865
-0.024314
-0.000194
-0.012256
-0.024323
0.023934
0.011868
0.048039
0.011861
-0.012249
0.035966
-0.048410
-0.036371
0.011866
-0.024317
0.011868
-0.000194
-0.024320
0.011869
0.011868
-0.072588
-0.012265
-0.036415
-0.012271
-0.072684
0.072296
0.048103
0.011877
0.011875
-0.036406
-0.048498
0.011884
0.011882
-0.000194
-0.024349
0.036036
0.072226
0.048057
-0.024317
-0.000194
-0.012258
0.011869
-0.048457
0.060130
-0.012256
-0.024323
0.072173
-0.024311
0.035979
0.011861
-0.157019
0.011878
-0.000194
0.072208
-0.000194
0.011868
-0.012256
-0.000194
-0.012258
-0.036393
0.023940
-0.000194
0.023934
0.023928
-0.000194
-0.012255
-0.000194
-0.000194
-0.000194
-0.000194
-0.000194
-0.012256
-0.024323
0.023934
-0.096743
-0.060584
-0.108988
0.036084
0.011896
-0.060657
-0.012291
0.048185
-0.024381
0.048173
0.011894
0.060225
0.036040
-0.048509
-0.000194
0.060196
-0.024346
-0.121040
0.168949
0.036014
0.023937
-0.048463
0.048074
-0.072605
-0.072658
-0.121084
-0.000194
-0.000194
-0.315193
-0.012329
-0.085182
-0.000194
0.072657
0.096858
-0.048708
-0.073010
-0.000194
-0.036622
-0.060936
0.036256
0.024098
-0.048785
-0.000194
0.060541
-0.048779
0.036247
0.036233
-0.085213
-0.000194
-0.048809
-0.158355
0.011981
0.157947
-0.048826
-0.073187
0.084959
0.036278
0.036264
-0.073125
0.036278
0.048414
-0.024496
0.096976
0.011945
-0.121657
0.072701
-0.121716
0.060585
0.096976
-0.073063
-0.292201
0.328253
-0.292094
-0.109877
0.170371
-0.061077
-0.000194
0.024163
0.133667
0.097047
-0.036648
-0.109637
-0.134120
0.060703
0.085000
-0.012360
-0.097577
-0.097672
-0.036773
0.048574
-0.012384
0.036371
-0.012381
0.011993
0.011991
-0.000194
0.024172
-0.000194
-0.024561
-0.000194
-0.024567
0.024178
0.024172
0.036344
-0.012372
0.011984
-0.000194
-0.012372
0.048509
-0.048897
0.048509
0.048485
0.072781
-0.000194
0.011963
-0.085326
0.024137
0.133520
-0.024493
-0.012346
-0.060973
-0.073178
-0.121952
0.072879
-0.012369
0.085000
0.060615
0.036273
-0.085306
-0.000194
-0.073205
-0.024543
0.182277
0.024110
0.157640
-0.060870
0.157487
-0.036560
-0.012319
0.011931
-0.072966
0.048326
0.024057
0.157296
-0.060738
0.024028
0.132921
-0.024384
-0.109120
0.048232
0.024010
0.011906
0.024001
-0.000194
-0.036490
0.024004
0.011903
0.011901
-0.024387
0.036092
-0.000194
-0.024384
0.036088
-0.024381
-0.000194
-0.000194
-0.024387
-0.012293
-0.012294
-0.000194
0.024004
-0.012293
-0.024396
-0.000194
-0.000194
-0.012297
-0.012299
0.011910
-0.000194
-0.036512
-0.060753
0.036145
0.072445
-0.000194
-0.036507
-0.048632
0.036136
0.036123
-0.024404
0.048220
0.011906
-0.000194
-0.060709
0.024016
0.011909
0.120754
0.072305
-0.024355
0.072270
0.036018
-0.060555
-0.048509
0.011887
-0.036441
0.084362
-0.000194
-0.000194
0.011879
0.048086
-0.048474
0.096343
0.144436
-0.108648
-0.060497
0.011869
-0.000194
0.023928
0.011865
-0.012253
-0.012255
0.011866
-0.024317
0.011868
-0.024320
-0.024325
0.011872
0.023934
-0.000194
0.011868
0.011866
0.023923
-0.012252
-0.012253
-0.000194
0.023923
0.011862
-0.000194
0.011861
-0.012249
0.011861
-0.012249
-0.060490
-0.012258
0.011869
0.048045
0.011862
0.011861
0.011859
0.035957
-0.048399
-0.024305
0.035970
-0.012247
0.023911
-0.048410
0.035970
-0.205298
-0.036433
-0.012277
-0.012278
0.036053
-0.314774
0.024039
-0.036547
0.181437
0.193183
0.168704
-0.048422
0.023923
0.011862
-0.000194
-0.036367
-0.145017
0.023957
-0.121011
0.144768
0.036014
0.036001
-0.024323
-0.012261
-0.000194
0.011872
-0.000194
-0.024328
-0.000194
-0.000194
-0.000194
0.011874
-0.012262
-0.012263
0.011875
-0.012263
-0.000194
0.023943
0.011872
-0.012261
-0.012262
-0.012263
0.011875
-0.024334
-0.000194
0.036014
0.011872
-0.012261
0.036001
0.072156
-0.000194
-0.000194
-0.012249
-0.012250
-0.036371
0.023925
0.023920
-0.000194
0.023914
0.011858
-0.036354
-0.012250
0.048022
-0.012246
-0.108726
0.120389
0.011856
0.035948
-0.048387
-0.012246
0.096180
0.047958
-0.000194
0.011840
-0.000194
-0.060381
0.035922
-0.024270
-0.048364
-0.048387
-0.000194
-0.120778
0.120389
0.084128
-0.012236
0.023888
-0.000194
-0.036319
0.047970
-0.036315
0.047964
-0.048352
-0.048375
-0.024293
0.060043
-0.024285
0.035940
-0.000194
-0.012237
-0.036332
-0.000194
-0.000194
-0.000194
0.035944
-0.048381
0.023902
0.011852
0.023894
-0.084526
-0.000194
-0.084598
-0.024323
0.011871
-0.024325
-0.120938
0.060196
-0.072667
-0.024363
0.060218
0.011884
0.011882
-0.036428
-0.012275
0.011887
-0.012275
-0.012277
-0.024363
0.072296
0.072243
0.096308
0.035970
0.011858
-0.060468
-0.012253
-0.024317
-0.169215
-0.169501
-0.000194
-0.133423
-0.279338
-0.024504
0.109155
0.157544
-0.097234
-0.000194
0.036207
-0.048732
0.036211
-0.000194
-0.000194
0.060452
-0.012321
-0.000194
-0.024451
0.011935
-0.000194
-0.012323
-0.048726
-0.073036
-0.073089
-0.060981
0.011966
-0.024516
-0.012357
-0.097553
END
