y[]
-0.008825
-0.020612
0.026530
0.014742
0.026522
0.002959
0.002959
-0.008822
-0.044178
0.002959
-0.020618
0.026535
0.002959
0.014745
0.026527
0.002959
0.002959
-0.008825
-0.020612
-0.044200
-0.008834
-0.032429
-0.197809
-0.103493
0.156687
-0.032496
-0.020685
0.026602
-0.056160
0.050257
0.121106
0.191705
-0.044194
-0.091414
-0.008844
0.038363
-0.032446
-0.091514
0.073822
-0.138818
0.026602
-0.020685
-0.364231
-0.056392
-0.103961
0.275972
-0.008896
0.168796
-0.044395
0.144954
-0.032521
-0.127242
-0.186727
-0.103898
0.204703
-0.032614
-0.127582
0.121639
-0.020766
-0.020772
-0.032647
-0.008913
0.097892
-0.008903
-0.008904
-0.044508
0.074150
0.002959
0.014819
0.014818
0.002959
0.038527
0.002959
0.014812
-0.008894
0.002959
0.026664
0.014809
0.026656
-0.008889
0.002959
0.062183
0.014799
-0.068106
0.038498
0.050324
0.085794
-0.020701
-0.056216
-0.174777
0.097791
-0.115595
-0.044502
0.002959
0.121569
-0.210640
0.204703
0.263437
-0.020693
-0.068030
-0.032555
0.014798
-0.115497
-0.103771
-0.210843
-0.020825
0.335422
-0.186885
0.050453
0.050431
0.239982
0.109436
-0.032521
0.038439
0.002959
0.109323
-0.067938
0.062043
-0.186234
-0.115468
-0.008892
0.062197
-0.008886
0.050330
0.002959
-0.032567
-0.008886
0.002959
0.038489
0.014799
-0.044412
0.038489
0.038477
0.014795
0.002959
-0.079926
-0.079994
0.050369
-0.008892
-0.044457
0.026670
0.014812
-0.032605
0.014815
-0.008897
0.002959
0.026670
0.121428
-0.151079
0.026672
0.014814
-0.293830
0.014847
-0.354312
0.146020
0.026783
0.324025
0.074167
-0.103872
-0.115877
0.169289
-0.187155
0.062408
0.109879
-0.151518
-0.127939
0.098174
0.109968
0.169190
-0.056378
-0.068292
0.109815
0.228171
0.062141
0.073931
0.050246
-0.056153
0.073889
-0.127119
-0.198403
-0.032618
0.085951
-0.091895
-0.044502
-0.008910
0.026695
0.002959
0.026689
0.026684
-0.008903
0.002959
0.014821
-0.008903
0.050397
-0.008899
-0.008900
-0.008901
-0.008903
0.002959
0.002959
0.002959
-0.020769
0.026686
0.002959
0.002959
0.026681
-0.008901
0.026678
0.121470
0.026644
-0.032571
0.002959
-0.020735
0.085863
-0.091794
-0.044451
0.050369
0.014808
-0.008890
0.038502
0.050330
0.002959
0.180400
0.038409
0.050207
-0.020662
-0.067938
-0.079818
-0.198356
0.204273
0.274682
-0.032441
-0.008844
-0.056077
-0.245371
0.002959
0.014798
0.026633
-0.008878
0.002959
0.097611
0.085706
-0.056139
-0.008865
-0.032521
0.002959
0.144803
-0.020668
0.002959
0.014773
-0.032487
-0.020679
0.026597
0.002959
0.002959
-0.032500
0.002959
-0.020687
-0.020693
0.014785
0.038430
-0.008864
0.026602
-0.008862
-0.020687
-0.032521
-0.020701
-0.008873
0.002959
-0.068064
0.038477
-0.056244
0.026644
0.085814
-0.032542
-0.234036
-0.187042
0.026729
-0.080261
0.098061
-0.008924
0.038603
-0.056455
-0.032707
0.086158
-0.020805
0.026723
0.086089
0.026698
0.050420
-0.044502
-0.270379
0.323758
0.062253
-0.139407
-0.306197
0.133872
-0.116046
0.038675
0.026763
-0.092291
-0.307230
0.098504
-0.044802
0.086526
0.026822
0.014888
-0.152237
0.158155
0.169824
-0.020862
0.014870
-0.008952
0.002959
0.002959
0.014870
-0.032779
0.002959
-0.020873
0.050618
0.014870
0.002959
0.014869
-0.056604
-0.020876
0.038709
-0.008957
-0.020876
0.026794
-0.008958
-0.020879
0.014879
0.026794
-0.008958
0.014876
0.038701
-0.056618
0.086357
0.074387
-0.056561
0.002959
0.038675
-0.080399
0.002959
-0.020871
-0.199820
-0.044814
0.026848
0.014901
0.110377
-0.008971
-0.032839
-0.104510
0.002959
-0.128549
0.038842
0.229919
0.074524
-0.116344
0.014896
-0.092575
0.014906
-0.164425
0.218116
-0.008982
-0.008984
0.026842
-0.008982
-0.020927
0.026845
-0.092621
0.014911
0.026859
0.026854
-0.032886
-0.020945
0.050760
-0.056796
0.026865
0.014910
0.002959
-0.032898
-0.020953
-0.080778
-0.009009
-0.080858
0.098744
-0.020979
-0.020985
0.014931
0.050834
0.062771
0.026874
-0.008998
-0.008999
-0.009001
0.062742
-0.008995
-0.068794
0.098618
0.026859
-0.020942
0.002959
-0.092701
0.062757
-0.008998
0.026871
0.050766
-0.092678
-0.009002
0.014920
-0.044894
0.062771
0.002959
0.050783
-0.128612
-0.009011
0.134546
-0.212455
0.038893
-0.032976
0.014938
-0.092918
-0.057011
0.026951
0.026945
-0.153057
0.014969
-0.117205
0.027003
0.075057
0.206955
-0.080989
-0.129102
-0.117248
0.027012
-0.009067
0.051053
-0.009063
0.039019
-0.009060
0.039010
-0.009057
0.039001
-0.057119
0.063037
0.026980
0.014967
-0.009050
-0.021062
-0.021068
-0.021074
-0.009060
0.002959
-0.009061
0.039014
-0.033097
0.039014
-0.057141
-0.009065
0.002959
-0.021094
0.075100
-0.045130
0.123137
-0.057112
0.014976
-0.093218
-0.177623
-0.045251
-0.105599
-0.081557
0.208087
0.075257
0.051128
-0.021123
-0.033175
0.063174
-0.033166
0.087230
0.135242
-0.334107
0.063232
0.111360
0.135290
0.014980
0.039014
-0.021077
-0.009061
0.123093
0.062972
-0.093080
0.002959
0.014969
0.038980
-0.153225
-0.057177
0.002959
0.099159
0.039010
0.002959
-0.021074
0.051018
-0.021068
0.014973
0.014972
-0.009054
0.026983
-0.021065
0.099020
-0.021048
0.002959
0.050967
-0.033045
0.026963
0.002959
0.002959
0.038954
-0.009038
-0.045043
-0.009045
0.014963
-0.069087
0.038988
-0.009050
-0.009051
0.002959
0.158974
0.002959
0.014950
-0.021025
0.002959
0.074893
0.110763
0.002959
-0.032963
0.002959
-0.009018
-0.032980
0.038898
-0.032980
-0.044980
0.062879
0.170543
0.110544
0.134294
0.074524
0.086387
0.264708
-0.008924
0.074235
0.038578
0.002959
-0.092053
-0.020808
0.121738
0.038565
-0.008908
-0.056399
-0.020794
-0.068334
0.157362
-0.056399
0.086050
-0.032643
-0.080162
-0.032685
0.014842
0.014840
-0.008923
0.026720
0.002959
0.014837
0.002959
-0.008920
-0.008921
0.002959
0.014839
-0.008921
-0.008923
-0.020808
0.038607
-0.008923
0.014840
0.038595
0.002959
-0.032677
0.038595
-0.020797
0.074209
0.002959
0.026698
-0.056399
-0.032673
0.014837
0.014836
0.038582
0.002959
-0.020788
0.038578
-0.032660
0.062317
0.133422
-0.044463
0.002959
0.038527
0.145105
0.050296
0.026619
-0.198332
-0.091907
0.074116
0.038519
-0.008893
-0.008894
0.038514
-0.032597
0.074057
0.050330
-0.032567
0.002959
0.014802
-0.091828
0.038514
-0.020743
0.014811
0.038506
0.002959
-0.127442
0.026681
0.014818
-0.032622
0.002959
-0.008904
-0.056378
0.002959
-0.008913
-0.044541
0.038586
-0.032668
0.026712
-0.020794
0.002959
0.002959
0.026712
-0.020794
0.026712
-0.377767
0.014879
0.026794
0.002959
0.038701
0.038688
-0.044683
-0.020871
-0.092416
0.086416
-0.056647
-0.020893
0.169804
0.002959
-0.044683
-0.044706
-0.116302
-0.104497
0.050731
-0.008982
-0.020927
0.002959
-0.068734
-0.104677
-0.044917
-0.140805
-0.033015
0.254501
-0.116744
-0.116888
0.050915
-0.044997
0.074884
-0.021010
-0.009028
-0.021019
-0.033019
-0.045032
0.134877
-0.044991
-0.009032
0.014950
0.014949
-0.021022
-0.381518
-0.141602
0.111399
0.015001
-0.045217
0.027049
0.075196
0.039058
0.014989
-0.045170
0.014993
-0.021111
-0.009078
-0.045205
-0.045228
0.015008
0.027052
0.002959
0.015003
0.039084
0.027035
-0.045199
0.063153
0.063116
0.087119
-0.021080
-0.117320
0.027026
-0.009074
0.039053
0.002959
-0.033136
-0.033149
0.147311
-0.093253
-0.081302
-0.045222
-0.045246
0.063211
-0.105521
-0.045292
-0.202368
-0.081710
0.172225
-0.057460
0.256475
-0.093543
0.280151
-0.045193
-0.081363
0.147468
-0.021111
-0.141585
0.087301
0.051123
-0.057249
-0.057286
0.015011
0.075239
-0.033175
-0.021138
0.015008
END
