y[]
0.021313
-0.004620
0.060184
0.008335
0.034237
-0.108274
-0.069459
-0.095465
0.073251
0.060226
0.021306
0.047213
0.034237
0.060109
0.021260
0.008317
-0.004620
0.008315
-0.030494
-0.017560
-0.004620
-0.030504
0.047139
-0.017558
-0.004620
-0.056387
0.034207
-0.017561
-0.030507
-0.017566
0.008325
0.008324
0.008322
-0.004620
0.008320
0.008319
0.008317
0.111741
-0.004620
0.059967
0.059925
0.021186
-0.004620
0.034077
-0.056220
-0.017524
0.008284
0.008282
-0.004620
0.046973
0.085603
-0.107740
0.034062
0.046933
-0.069066
-0.120727
-0.017529
0.085708
-0.159519
0.059950
0.072809
0.214438
0.059717
0.008242
-0.094693
0.008252
0.021120
-0.043233
0.072590
-0.043218
-0.081860
-0.004620
0.008257
0.008255
0.085464
0.046820
0.059643
0.008227
0.008226
-0.068867
-0.017475
-0.004620
-0.004620
-0.004620
-0.017476
-0.043198
-0.030347
0.046827
-0.030341
0.046813
-0.004620
0.021087
-0.004620
-0.004620
0.008231
-0.017471
-0.004620
-0.030327
0.033938
0.008229
-0.081741
-0.004620
-0.043203
-0.017485
0.033967
-0.017481
-0.030347
0.033967
-0.030344
-0.004620
0.033962
0.046800
0.136650
-0.017455
-0.068818
0.033903
-0.017460
-0.043149
-0.133155
0.059668
0.085313
-0.017463
0.008222
0.085233
-0.055955
0.046714
-0.017452
0.046695
-0.030275
0.021034
0.110742
-0.107158
-0.030271
0.021030
0.008203
0.021021
-0.004620
0.072263
0.085003
0.033765
0.008171
-0.004620
-0.030206
-0.030212
-0.030219
0.008180
-0.030222
-0.017424
-0.004620
-0.017425
-0.004620
0.046589
-0.017420
0.008180
-0.017420
-0.043030
0.033789
0.033775
-0.004620
-0.004620
-0.043015
0.020978
-0.030219
0.008180
-0.004620
-0.004620
0.059355
0.020958
-0.017409
0.033740
0.084831
0.059224
-0.042922
0.033682
-0.042922
0.020916
0.020909
-0.030150
-0.030157
0.008149
0.008147
-0.030157
0.020916
0.020909
-0.004620
0.033662
-0.272905
-0.440519
-0.043173
-0.146109
-0.004620
0.149720
-0.004620
0.021080
-0.030321
-0.068900
0.303546
0.021017
-0.068727
0.085117
0.021004
0.059412
0.033780
-0.004620
0.008176
0.263733
-0.030147
0.008144
0.008142
-0.004620
-0.042913
-0.004620
0.020909
-0.017384
-0.017386
0.020909
-0.030150
-0.055699
0.008152
0.008150
0.020916
0.008145
-0.004620
-0.004620
0.020906
-0.042913
0.110212
-0.030127
-0.017376
0.033642
0.084603
0.008119
-0.017360
-0.055595
-0.030118
-0.004620
-0.030124
0.046380
0.020870
-0.004620
0.071813
-0.017355
-0.004620
-0.042835
-0.017362
0.084535
-0.106518
0.173633
0.008100
0.084376
-0.042752
0.046218
-0.004620
0.033492
0.033477
-0.093538
0.008087
-0.004620
-0.030037
-0.004620
-0.055472
0.058940
-0.055466
0.084342
-0.017324
0.020786
0.008080
-0.004620
0.008079
-0.004620
-0.004620
0.020773
-0.004620
-0.017316
-0.004620
-0.017318
0.008077
-0.004620
0.020770
-0.004620
-0.017315
0.008074
-0.004620
-0.004620
-0.004620
0.008072
0.020760
0.008068
0.020751
-0.055369
0.058811
-0.017304
0.033424
0.033410
-0.029972
-0.042660
-0.017304
0.020744
-0.004620
-0.017302
-0.017304
-0.042679
-0.030001
0.033448
0.033434
-0.042675
0.071473
-0.004620
0.046077
-0.004620
0.058715
0.008042
0.008040
0.058659
0.020680
-0.029921
0.033328
0.020670
-0.004620
-0.004620
0.008023
0.008021
0.071195
-0.004620
-0.004620
-0.042521
-0.017257
-0.055183
0.008023
-0.004620
0.008021
-0.029905
-0.017265
-0.004620
-0.004620
-0.004620
-0.029914
0.008027
0.008026
-0.004620
-0.067868
-0.004620
-0.004620
-0.004620
-0.004620
0.008032
0.020680
-0.017270
-0.029924
-0.004620
-0.004620
0.008032
-0.017273
0.008032
-0.042583
-0.017278
0.071300
-0.067884
-0.067924
0.008043
0.008042
-0.017283
0.020702
0.020696
0.045993
-0.017271
0.033328
0.058595
-0.055189
-0.093178
-0.029937
0.008039
0.071300
0.058603
0.045929
-0.017255
0.096415
-0.004620
0.020623
-0.029863
-0.004620
0.020623
0.083680
-0.017230
-0.231865
0.121690
0.134137
0.070984
0.007975
-0.080216
-0.017225
-0.004620
0.007984
-0.004620
-0.042440
-0.004620
-0.004620
0.007988
0.070994
-0.004620
-0.029819
-0.029825
0.007983
0.033180
-0.055024
-0.004620
0.033184
-0.055030
0.020588
-0.004620
-0.017224
-0.042440
0.007988
0.020591
-0.004620
-0.017225
-0.004620
0.007984
-0.092887
0.045827
0.184332
0.007964
-0.017205
-0.004620
-0.067565
0.045738
0.045713
-0.029784
0.007962
-0.029787
0.033127
-0.004620
-0.004620
-0.042368
-0.054973
-0.042401
0.146418
-0.054941
0.083424
0.020521
-0.029762
-0.029768
0.020527
-0.042344
0.033104
0.083347
0.007940
-0.042306
0.020505
0.045612
0.007934
-0.067407
-0.054878
0.007946
0.020508
-0.017184
-0.004620
-0.004620
-0.004620
-0.017186
0.020508
-0.004620
-0.004620
-0.042316
0.045637
0.007940
-0.004620
-0.029743
-0.004620
0.007942
0.033056
-0.004620
-0.004620
-0.042297
0.020499
-0.017179
0.007938
0.007937
-0.042297
0.020499
0.020493
-0.054853
0.033056
-0.004620
-0.004620
-0.029737
-0.042306
-0.042321
-0.017190
-0.042340
-0.105275
0.033137
-0.017205
0.045707
0.033108
-0.004620
-0.054929
0.007959
-0.067533
0.058292
-0.004620
-0.029781
-0.168317
0.184237
-0.042363
0.007962
0.108552
-0.029759
-0.017192
0.045656
-0.105199
-0.029781
0.020540
0.070823
-0.105224
-0.054960
0.096034
-0.004620
-0.004620
-0.017197
0.171303
-0.029733
0.108339
0.033004
0.007918
0.007916
0.020449
-0.004620
-0.054765
0.070586
0.045486
0.045461
-0.079752
-0.004620
-0.004620
-0.054739
-0.029689
0.007915
-0.017156
-0.029696
-0.029702
0.020461
-0.017160
0.020458
0.020452
0.032976
-0.029683
0.020442
0.045486
0.020423
-0.142439
0.145718
-0.054708
0.057985
0.095467
0.007884
-0.029630
-0.079686
-0.179993
0.020452
-0.004620
0.045505
-0.017149
-0.029683
0.032971
-0.029680
0.020439
0.032957
-0.067257
-0.004620
-0.017153
0.007912
0.007910
-0.017151
-0.017153
0.007912
0.007910
-0.004620
-0.004620
-0.029683
-0.054765
-0.017160
-0.004620
-0.004620
-0.004620
0.007920
-0.054790
0.007924
-0.004620
0.020464
0.007920
-0.017160
-0.029705
-0.004620
-0.017165
0.020467
0.045536
-0.029696
0.020455
0.020449
0.007912
-0.004620
-0.054758
-0.029699
0.083126
0.095567
-0.029658
0.057962
0.007891
-0.029645
-0.004620
-0.029652
0.007896
0.095455
-0.017124
-0.042142
0.057907
0.095342
0.032840
-0.054570
-0.092093
0.020380
-0.092148
-0.004620
0.045405
-0.004620
-0.017124
0.020386
-0.054639
-0.029639
-0.029645
0.032915
-0.004620
0.007888
-0.004620
-0.004620
0.007887
-0.029636
0.007888
-0.004620
0.007887
0.007885
0.007884
-0.042137
0.007887
-0.017127
0.007887
-0.004620
-0.004620
-0.017127
-0.004620
-0.017129
-0.017131
-0.004620
0.045411
-0.004620
-0.017126
-0.004620
-0.004620
0.057891
-0.079639
-0.004620
0.032896
-0.004620
-0.017124
0.020386
0.007880
-0.029624
0.007882
-0.004620
0.007880
-0.042127
-0.029633
0.007887
-0.092203
0.082962
-0.054658
-0.092246
0.020423
-0.004620
0.070473
-0.017132
-0.004620
-0.042165
-0.017138
0.045442
-0.017134
-0.004620
-0.017135
-0.004620
-0.054696
-0.092312
0.058024
0.045467
0.007898
-0.004620
-0.029658
0.007899
-0.029661
-0.004620
-0.004620
-0.004620
0.007901
-0.004620
-0.029664
0.007902
0.020420
-0.004620
-0.004620
-0.004620
-0.017140
-0.004620
-0.017142
-0.004620
-0.004620
-0.004620
-0.004620
-0.017143
-0.017145
-0.004620
-0.004620
-0.029674
-0.004620
-0.029680
-0.029686
-0.042231
0.020455
0.020449
-0.029689
-0.054777
-0.205499
-0.042330
0.033089
0.171171
-0.017167
-0.105047
-0.042306
0.033066
-0.092577
0.045650
0.120945
-0.054828
0.058135
0.033014
-0.004620
0.033000
0.007916
0.070568
0.020430
-0.042198
0.032957
-0.029671
0.007905
END
