y[]
0.013127
-0.094859
-0.079497
0.013151
-0.017740
0.013151
-0.002294
0.013148
0.013146
0.013144
0.028574
0.028565
-0.048587
0.043998
-0.017723
-0.002294
-0.002294
-0.017725
-0.002294
-0.002294
0.013136
-0.002294
-0.064032
-0.002294
0.013144
0.028574
-0.002294
-0.079485
0.059463
-0.033168
0.059443
0.013134
0.028555
0.028546
-0.002294
-0.002294
-0.017713
-0.017716
0.028546
-0.141151
-0.002294
-0.064071
0.074920
0.198184
0.013110
0.136242
-0.033064
0.089985
0.013077
0.028442
-0.109912
0.059216
0.043813
-0.048402
-0.002294
-0.033045
-0.140788
0.136199
0.120650
0.059121
-0.002294
-0.002294
-0.032998
0.013058
-0.033002
-0.002294
-0.033012
0.028423
-0.002294
-0.017652
0.013063
-0.017652
0.089815
0.059065
-0.002294
-0.048310
-0.017638
-0.002294
-0.017640
-0.032993
-0.017647
-0.033007
0.013063
0.013061
-0.017650
-0.002294
-0.033012
-0.002294
-0.017657
-0.033026
-0.002294
-0.002294
0.074516
-0.063738
-0.002294
0.028432
-0.002294
0.028423
0.013061
-0.094460
-0.033035
0.013077
-0.033040
-0.063814
0.182151
0.028413
0.043750
-0.248108
0.043842
0.013079
0.043813
-0.048402
0.028446
-0.063786
0.166715
0.059093
0.135689
-0.078929
-0.002294
-0.324801
-0.140831
0.090084
-0.033078
0.028489
0.105373
-0.017668
0.013079
0.013077
0.013075
-0.048409
0.013079
0.028446
-0.048409
0.028451
-0.017666
-0.002294
0.059178
0.089843
-0.032998
-0.002294
-0.002294
-0.017650
0.013061
-0.002294
-0.063729
-0.017659
-0.109912
0.074587
-0.017666
0.074540
-0.048388
0.166612
0.059055
-0.002294
-0.125032
-0.094446
-0.017661
-0.017664
0.028442
0.013070
-0.002294
0.059140
-0.079093
-0.094531
0.043835
-0.033045
-0.033054
0.089956
-0.017664
0.059168
-0.017657
-0.233011
0.136199
0.013082
-0.186967
-0.017699
0.059310
-0.017692
0.074670
0.013091
0.013089
0.059216
0.013077
-0.002294
-0.017666
0.197352
0.028385
-0.002294
-0.017633
-0.032979
-0.278877
-0.156283
0.043927
-0.002294
0.028508
-0.017694
0.028503
0.013101
0.013098
-0.048480
0.043891
0.074635
-0.048445
0.013091
-0.002294
-0.048459
0.013096
0.043863
-0.002294
-0.017678
0.059225
-0.094588
0.013094
0.043856
0.028461
-0.125371
-0.002294
0.013098
0.013096
-0.033078
-0.048487
-0.048509
0.043920
0.028503
-0.017692
0.013103
0.074658
0.043849
-0.063823
0.120726
0.013072
0.059149
-0.217514
0.212925
0.028413
-0.033002
0.028413
0.151103
0.089631
-0.017610
-0.063578
0.028352
-0.186315
0.059083
-0.017635
0.059055
-0.125032
0.120443
-0.002294
0.028366
0.013032
-0.032951
0.028362
-0.048282
-0.002294
0.013037
0.059008
0.013025
-0.017614
0.043658
-0.002294
-0.002294
-0.017610
-0.017612
-0.002294
0.028338
-0.002294
-0.032927
-0.002294
0.013023
-0.017612
-0.017614
0.013025
0.043651
-0.032922
-0.017612
0.013023
-0.063578
-0.155669
0.013054
-0.063701
0.013061
-0.063729
0.074493
-0.033002
-0.002294
-0.079105
0.028437
0.089843
0.120424
0.135584
-0.048233
-0.017612
0.013023
0.181332
0.135205
0.104519
0.210990
0.073769
-0.002294
0.012911
0.119268
-0.032671
-0.078277
0.058496
0.028087
-0.123875
0.012911
-0.093563
0.149774
0.119194
0.028055
0.012877
-0.017466
0.012877
0.028041
-0.093328
-0.032657
0.028068
-0.017475
0.028064
-0.047835
-0.032667
-0.017484
-0.002294
0.012895
0.028078
0.012888
-0.002294
0.012886
-0.002294
-0.002294
-0.017475
0.012886
-0.017475
0.058413
-0.032643
-0.047835
-0.032667
-0.002294
-0.017484
-0.063076
0.088863
-0.078253
-0.002294
-0.032694
-0.002294
0.088877
0.073618
-0.002294
0.043226
-0.062993
-0.017475
-0.017477
-0.032667
-0.047870
-0.047891
0.104064
0.012890
0.058422
-0.093383
0.301012
0.027986
0.164082
0.209058
0.027862
-0.002294
-0.138072
-0.092915
-0.062754
-0.077920
-0.184030
0.239946
0.103502
0.058110
-0.108027
-0.017408
0.027931
0.043026
-0.062727
-0.017408
-0.002294
0.027931
0.027922
0.012810
-0.092956
0.027935
-0.002294
-0.062763
0.043060
-0.017410
0.027935
-0.032524
0.027935
-0.062763
-0.002294
-0.002294
-0.002294
-0.032543
-0.002294
-0.002294
-0.002294
-0.002294
0.012831
-0.077943
-0.017431
0.012842
0.058229
0.058192
-0.047656
-0.062809
0.012838
0.103566
0.012819
0.012817
0.012815
0.058119
-0.017395
-0.198803
0.012835
0.118661
0.133606
-0.183536
0.043047
0.043026
0.073194
0.088217
-0.077715
-0.062672
0.027899
-0.077795
0.043012
0.058083
-0.002294
-0.123086
-0.123232
-0.290108
0.012874
0.012872
0.103806
-0.047752
-0.017452
-0.032616
0.028027
0.028018
-0.002294
-0.032607
0.043170
0.028004
0.012851
-0.032588
-0.002294
-0.002294
0.088560
-0.032570
-0.002294
-0.002294
-0.017436
-0.032584
0.012851
-0.032588
0.012854
0.058275
-0.047718
0.103662
-0.002294
-0.168848
0.028009
0.043143
-0.032584
-0.002294
0.027995
0.088518
0.043081
-0.032543
-0.002294
-0.002294
-0.017422
0.012833
0.043074
0.012824
0.058156
-0.047629
0.088354
0.088272
0.088190
-0.032447
-0.213615
0.103422
0.027890
-0.032479
-0.002294
-0.047588
0.027903
0.042985
-0.002294
0.118351
0.148308
0.072922
0.147969
-0.002294
-0.077398
0.042774
-0.017315
0.042761
-0.167596
0.087904
-0.017322
0.012733
-0.047384
-0.047404
0.027781
-0.017331
0.027776
0.012737
0.012735
0.012733
-0.017322
0.042781
-0.047370
0.012733
-0.017322
-0.017324
0.012735
-0.017324
-0.017326
-0.002294
0.012737
-0.092520
0.072899
-0.077488
-0.017340
0.057874
-0.017333
-0.032379
-0.002294
0.042828
-0.002294
-0.017333
0.027781
-0.032370
-0.017335
0.027785
-0.122668
-0.032410
0.057928
0.223219
-0.002294
0.057757
0.057721
0.042693
0.042673
0.102551
-0.002294
-0.137116
-0.032279
-0.152355
-0.107471
0.012737
0.117880
-0.032325
0.027736
-0.092412
0.042774
-0.002294
-0.017315
-0.017317
-0.002294
-0.017320
-0.002294
-0.032352
0.042788
-0.017320
-0.017322
-0.032356
0.012737
-0.002294
-0.017326
0.027767
0.027758
-0.032347
-0.017324
-0.002294
0.027763
-0.017322
0.027758
-0.002294
-0.017320
0.027754
-0.002294
0.072786
0.012715
-0.137460
0.087836
0.027731
0.012715
-0.107407
-0.107518
0.012744
-0.047417
0.042828
0.012742
0.027772
-0.047397
0.027776
0.087863
0.012724
-0.017313
0.057766
0.147698
0.027677
-0.287387
-0.122577
0.087931
-0.002294
0.177913
0.072696
0.012697
0.027682
0.102551
-0.032239
0.072550
-0.017259
-0.062175
0.042619
-0.077162
-0.137197
-0.062309
0.012713
-0.002294
-0.017302
0.012713
-0.002294
0.012710
-0.002294
-0.017299
0.027713
-0.062318
-0.002294
-0.002294
-0.017306
0.042734
-0.002294
-0.017302
-0.062346
0.042747
0.012715
-0.017304
0.012715
-0.002294
0.042720
-0.047309
-0.017304
0.012715
0.042720
0.042700
0.057667
-0.032270
0.057649
-0.017277
-0.092236
0.072662
-0.107250
0.012706
0.027700
0.012699
0.057658
-0.002294
0.042646
0.027655
-0.002294
-0.032244
-0.002294
0.162315
0.594010
-0.329822
-0.181399
0.251342
0.116842
-0.106531
-0.211094
0.191605
-0.360557
-0.361845
-0.257761
-0.228249
-0.032460
-0.168370
-0.335275
0.285345
0.088367
0.133544
-0.032465
0.042958
-0.002294
-0.017376
-0.062645
-0.002294
-0.002294
0.088217
-0.107899
-0.077795
-0.002294
0.073206
-0.092902
-0.108107
0.012828
-0.047670
0.073320
-0.168722
-0.078035
0.103726
-0.108315
-0.169125
-0.047842
-0.047863
-0.489655
0.211218
0.028170
-0.032759
-0.154757
-0.124432
0.043525
-0.078671
0.089351
-0.048106
0.043518
-0.032833
0.317901
0.012927
-0.154617
-0.032787
0.028198
0.119582
-0.139416
-0.032792
-0.170195
0.454954
-0.261145
0.302166
0.073676
0.088794
0.225064
-0.214480
-0.002294
-0.123746
-0.078277
0.316443
-0.002294
0.164259
-0.047691
-0.214416
0.058358
END
