y[]
0.037218
-0.113556
0.050955
0.023520
-0.113586
0.078390
0.064624
-0.003892
0.023501
0.119286
-0.031252
0.119168
0.064409
-0.195254
0.037145
0.091795
0.296244
-0.427072
-0.127087
-0.223281
0.023558
-0.251213
-0.086469
-0.003892
-0.279640
0.175431
0.340058
0.379933
-0.086017
0.474218
-0.003892
0.009735
0.105055
0.159306
0.145473
0.063927
-0.044578
-0.058166
-0.031040
-0.003892
-0.017469
-0.003892
0.009685
-0.003892
-0.003892
0.009683
0.036822
0.077486
0.009664
0.050316
-0.003892
0.009655
-0.017440
-0.030993
0.023208
0.036744
-0.058078
0.036750
0.172033
-0.125654
0.023179
-0.017427
0.023175
-0.017425
-0.030963
0.050242
0.050213
-0.003892
-0.003892
-0.003892
-0.057997
-0.017423
0.023168
-0.003892
-0.030952
0.050220
-0.112147
0.077310
-0.058019
-0.112235
0.063835
-0.247927
0.036822
0.240043
0.063762
0.117770
-0.057946
-0.125621
0.063753
-0.071538
0.077277
-0.044468
0.212324
-0.017392
0.050096
0.157898
-0.125211
-0.138863
0.063616
0.023098
-0.179461
-0.057976
-0.030945
0.023160
0.050191
-0.030930
0.009628
0.050169
-0.003892
-0.003892
0.009619
-0.071464
0.036657
-0.057961
-0.017414
-0.017416
0.036673
0.009626
-0.017410
0.063680
-0.017403
-0.071474
0.050176
-0.017407
-0.044446
0.009628
0.063680
-0.071464
-0.003892
-0.044457
0.023153
0.009628
-0.071510
0.009635
0.023157
0.090722
0.117623
-0.017387
0.130970
0.050002
-0.030836
-0.165705
0.009602
0.050067
0.144346
0.090327
-0.017347
-0.192444
0.144286
-0.098162
0.157659
0.076785
0.130426
-0.044169
0.022961
-0.097909
0.116970
-0.097884
-0.151772
-0.017347
0.036466
-0.003892
-0.071164
0.103721
0.022993
0.076720
0.022964
-0.044180
0.022968
-0.017321
-0.003892
-0.003892
-0.003892
-0.044190
0.022975
-0.071074
-0.003892
-0.017334
0.036428
-0.017330
-0.017332
0.036422
-0.017329
0.022979
-0.030763
0.009544
-0.017329
0.009544
-0.044207
-0.003892
-0.017334
0.022989
-0.003892
-0.017332
-0.030778
-0.003892
0.036433
0.009546
0.009544
0.009542
-0.044201
-0.084559
-0.057706
0.103707
0.022989
0.103562
-0.030745
-0.245893
0.130625
0.117019
-0.003892
0.036379
-0.071020
0.049813
0.036368
0.009524
0.036347
0.009517
-0.003892
-0.057540
-0.017309
0.089986
-0.044115
0.009517
-0.017302
0.009517
0.036325
-0.003892
-0.017296
-0.003892
-0.017298
-0.044120
-0.044136
0.009524
-0.030727
0.049770
-0.003892
0.009519
-0.003892
0.009517
0.022921
-0.017298
-0.003892
-0.030709
0.009517
-0.057540
-0.017309
-0.030731
-0.057591
0.049806
0.022946
0.076580
-0.057533
0.022932
-0.030716
-0.017307
0.022935
0.036336
0.009513
0.036314
-0.070912
0.049727
-0.070921
0.022925
0.009513
0.049713
-0.003892
0.063074
0.196736
0.116292
-0.030587
0.089510
0.049441
-0.057226
0.089422
0.022753
0.022746
-0.003892
0.036052
-0.070475
-0.003892
0.062690
-0.137101
-0.030555
-0.110616
0.049484
-0.003892
-0.030577
0.009451
-0.030580
-0.017239
-0.003892
0.009454
0.036137
-0.003892
-0.030577
0.009451
0.009449
0.022785
-0.057254
0.009451
0.009449
-0.017234
0.009449
-0.030577
0.009451
0.009449
-0.003892
-0.017234
0.049462
-0.003892
0.022774
-0.017225
-0.057240
0.022785
0.009444
-0.003892
-0.017228
-0.030570
-0.043922
-0.030587
-0.070661
0.022821
-0.017248
0.009463
-0.003892
-0.030605
-0.043975
0.089609
-0.030598
-0.043964
-0.017253
0.022828
0.076225
-0.084010
-0.084074
0.062930
-0.017253
0.036185
-0.017250
-0.030612
-0.043986
-0.030630
-0.003892
-0.030637
0.089684
-0.043986
-0.057375
0.156471
0.289441
0.075959
0.049306
-0.070395
-0.030506
0.009415
-0.003892
0.009414
-0.043815
0.022725
-0.017200
-0.017202
-0.003892
-0.030516
0.022732
0.009417
-0.017202
-0.003892
-0.043831
0.022735
0.022728
-0.017202
-0.017203
-0.017205
-0.030523
0.089286
-0.003892
-0.003892
0.009412
0.062602
-0.070386
0.009410
0.022707
-0.030492
-0.003892
0.062593
0.022689
-0.030474
-0.123597
0.089224
-0.070395
0.049313
0.089150
-0.176753
-0.203719
-0.297696
0.036223
0.022842
0.102974
0.156193
-0.043890
-0.003892
0.036105
0.036089
-0.017218
-0.190634
-0.057311
-0.017251
0.009467
0.116260
-0.097331
0.036164
-0.003892
0.102846
-0.070590
-0.030584
-0.110730
0.036185
0.036169
-0.003892
0.009458
-0.057304
0.022817
0.009460
0.036153
-0.017239
-0.030591
0.022806
-0.003892
-0.003892
-0.030591
-0.043954
0.009463
-0.003892
-0.030605
0.022821
0.009462
0.009460
-0.017244
-0.043959
-0.003892
-0.097444
0.062939
-0.003892
-0.030619
0.022835
-0.043986
0.049562
-0.043980
-0.030627
-0.177840
-0.003892
0.049662
-0.057447
0.063047
-0.044050
-0.030673
-0.111088
-0.097783
0.076591
-0.245536
-0.205709
0.211364
0.022982
0.036406
-0.071065
-0.030774
-0.111491
0.036471
-0.111564
-0.098200
0.130806
-0.084689
0.130734
-0.044261
0.144047
-0.030774
0.009550
0.009548
-0.003892
0.063280
-0.003892
0.036390
-0.084472
-0.030767
-0.071110
-0.057699
0.063362
-0.003892
-0.017339
0.090200
-0.003892
0.036406
-0.030756
-0.003892
-0.044201
0.049850
-0.030760
-0.003892
0.009542
0.022971
-0.017323
0.022968
0.090061
-0.030727
0.103404
0.049713
0.022899
-0.003892
-0.003892
-0.030684
0.022899
-0.070885
-0.017296
0.063109
0.022896
-0.003892
-0.044077
-0.124544
0.049749
-0.084364
0.049763
0.304068
-0.003892
-0.124286
-0.433135
0.036428
-0.138355
-0.030807
-0.044277
-0.503320
-0.017425
0.009640
0.360801
0.117377
0.305352
0.197275
-0.137958
0.130174
0.009505
0.009503
-0.017287
-0.030688
0.130012
-0.044045
0.022878
-0.030662
-0.030670
-0.003892
-0.017284
0.009499
-0.017284
-0.017285
0.036282
0.049648
0.062993
-0.030641
-0.003892
-0.030648
-0.017273
0.036244
-0.070795
-0.003892
0.049634
0.009485
-0.003892
0.049598
0.036207
-0.057361
-0.003892
-0.017264
0.036217
0.036201
0.009469
-0.003892
0.049534
-0.017246
0.022814
-0.017244
-0.043959
0.022821
-0.084053
0.022835
-0.137600
0.169893
-0.137546
0.076322
-0.003892
0.076257
-0.057318
0.036180
0.142902
-0.030566
-0.083956
-0.057304
0.089559
-0.043932
-0.003892
0.009456
-0.043943
-0.017246
-0.017248
-0.017250
-0.057340
-0.003892
0.009472
-0.003892
-0.003892
0.009470
-0.043986
-0.084128
0.022860
0.009481
-0.003892
-0.003892
0.009479
-0.044013
0.009483
0.009481
-0.030641
0.049598
-0.044007
-0.017267
-0.003892
0.009483
-0.070786
-0.070831
0.009499
0.063038
-0.017275
-0.017276
-0.030666
0.022882
0.009492
0.009490
0.009488
0.009487
0.022860
0.009481
-0.003892
0.076311
0.009469
-0.043980
0.143019
-0.124077
-0.030619
-0.030627
-0.070760
0.116437
0.062895
0.062850
-0.097344
0.049519
0.062832
-0.030577
0.062806
-0.070590
0.022792
-0.057268
0.102831
0.169291
-0.150412
0.102689
0.036047
0.009417
0.009415
0.036020
-0.017195
0.022711
-0.057105
0.022718
-0.030502
0.022718
0.009410
-0.030499
-0.017198
-0.003892
-0.043820
0.009419
-0.017203
0.009419
-0.003892
0.009417
-0.017202
-0.083786
0.022746
-0.017210
0.009426
-0.003892
0.009424
0.009422
-0.017207
0.022735
0.009419
0.062637
0.009408
0.009407
-0.017191
-0.030495
-0.017196
-0.003892
0.009412
0.022711
-0.070413
-0.043826
0.036041
-0.017202
-0.057147
-0.017210
-0.043858
-0.043874
-0.137279
0.249391
0.022732
0.062637
0.036004
0.035988
-0.030477
-0.057084
-0.057112
-0.030513
-0.083796
0.062699
-0.137119
0.049420
-0.030545
0.102675
-0.017207
0.062663
0.022718
-0.017196
-0.003892
-0.030506
0.009415
0.009414
-0.030506
0.009415
-0.043820
0.009419
-0.003892
0.009417
0.009415
-0.003892
-0.017200
0.009415
-0.003892
-0.003892
-0.030509
-0.003892
-0.017203
0.009419
0.022725
-0.017200
-0.017202
END
