y[]
0.026404
-0.041961
-0.055661
-0.028312
-0.000941
-0.000941
-0.000941
-0.014629
0.026434
-0.055698
-0.055728
-0.069467
-0.055796
-0.055826
-0.042124
0.136271
0.053891
0.040163
-0.055751
-0.014648
0.081273
0.067519
0.040113
0.012740
0.067435
-0.041961
-0.014618
-0.028301
-0.000941
0.026419
0.081093
0.026389
0.053696
-0.041916
-0.014603
0.108304
-0.028241
-0.041905
0.067323
-0.082863
-0.233420
-0.028327
-0.055735
0.081240
-0.028327
-0.014637
-0.042040
0.040158
0.026449
0.231570
0.053689
-0.014596
-0.329214
0.026456
-0.042040
-0.014644
-0.055773
0.136083
0.108543
-0.041983
-0.000941
0.026423
-0.069364
-0.000941
-0.083110
-0.042051
0.012764
-0.042062
-0.014652
0.053891
0.012762
-0.000941
0.026460
0.012757
-0.028338
-0.014642
-0.042057
0.040175
0.026460
-0.000941
-0.042045
0.094943
0.040124
-0.151595
0.026468
0.067547
0.026441
0.026434
-0.000941
0.026426
0.040096
-0.041978
0.026419
0.081093
-0.014609
0.012727
0.012725
0.081015
-0.082897
-0.165055
0.026430
-0.096772
-0.151719
-0.165686
0.012798
0.012796
-0.055901
0.054019
0.026528
-0.014674
0.136309
0.026486
0.108693
-0.042040
-0.110620
-0.097009
-0.014673
-0.014674
-0.014676
-0.000941
0.026528
-0.000941
-0.000941
0.012791
-0.000941
-0.014673
0.026520
0.040237
0.012781
0.053929
0.026483
0.012768
0.012766
0.012764
-0.028353
-0.028361
0.012770
0.040180
-0.000941
-0.055773
-0.000941
0.026479
0.012766
-0.014648
-0.083223
0.053921
0.094995
0.040146
-0.000941
-0.014635
0.122237
-0.014620
0.012738
-0.069354
-0.014629
0.067482
0.053764
-0.069326
0.040096
-0.055661
-0.000941
0.108468
0.149302
0.039995
0.108140
-0.110022
-0.041877
-0.028241
-0.055563
0.094629
0.026348
-0.000941
0.026340
-0.233071
0.094707
0.040023
0.040006
0.012704
-0.069186
-0.014596
-0.014598
0.012716
-0.014598
-0.000941
0.012716
-0.014598
-0.041922
-0.000941
-0.000941
0.012721
0.040034
-0.028256
0.026374
-0.014598
-0.000941
0.040023
-0.000941
0.012710
0.040001
0.012703
-0.000941
0.012701
-0.028226
0.026344
-0.000941
-0.000941
-0.000941
-0.151101
0.026378
0.053674
-0.055556
-0.000941
-0.055586
-0.014607
-0.069298
0.067416
-0.028278
-0.041961
0.040079
0.053726
-0.041939
-0.069308
0.149404
-0.028260
0.026378
-0.082919
0.258427
-0.069131
-0.014584
-0.069186
0.135503
-0.055496
-0.055526
-0.000941
-0.055556
0.026370
0.094590
-0.110126
-0.000941
-0.069242
-0.041944
0.176618
0.012704
0.012703
-0.028230
0.012704
-0.055534
0.012710
-0.055556
0.026370
0.012712
-0.014594
0.040012
0.026352
-0.000941
-0.000941
0.026344
-0.028226
-0.000941
-0.000941
-0.014586
0.080903
-0.014577
-0.000941
-0.028219
0.039973
-0.014577
-0.041860
-0.014584
-0.028234
-0.000941
-0.137516
0.053711
0.339961
0.039889
0.026270
0.026263
-0.000941
-0.028144
-0.014545
-0.028156
0.039878
-0.014545
-0.028156
-0.069010
0.067128
-0.055392
0.053510
-0.014551
-0.259885
-0.178500
-0.219909
0.122288
0.026423
0.053764
0.149343
0.053652
-0.069186
-0.028252
-0.192329
0.108468
0.135652
0.053644
-0.069177
0.067295
0.026340
0.026333
-0.000941
-0.000941
-0.041855
0.026337
-0.014579
0.039967
-0.014575
-0.000941
0.026326
-0.014573
0.012691
0.012690
0.026314
-0.000941
-0.000941
-0.014568
0.026311
-0.000941
0.012682
0.012680
0.012678
-0.000941
-0.000941
0.026292
-0.041793
-0.000941
0.067137
0.012669
0.012667
0.012665
0.039867
-0.028144
-0.000941
0.053459
0.026248
0.012651
-0.028126
0.053422
-0.000941
0.107696
-0.068825
-0.177655
-0.096224
-0.014560
-0.137236
-0.096458
-0.123883
0.040057
-0.082953
-0.041972
0.094772
0.094681
-0.028252
0.080970
0.053629
-0.069158
-0.014590
-0.000941
0.217221
0.026296
0.067119
0.012665
0.053466
-0.000941
-0.000941
-0.068954
0.026270
0.026263
-0.055355
-0.069001
0.053510
-0.000941
-0.082629
-0.055437
-0.096380
0.039973
-0.000941
-0.000941
0.012693
-0.028211
-0.028219
0.026337
0.012695
-0.014577
-0.000941
0.039962
-0.028207
0.026326
0.053570
-0.028193
-0.028200
-0.069121
0.039973
0.026326
-0.000941
-0.028207
-0.014577
-0.041860
-0.069177
0.026359
0.053637
0.053607
-0.028211
-0.000941
0.026329
-0.069131
0.162636
-0.082696
0.162502
-0.000941
-0.123498
-0.000941
0.039928
-0.109963
-0.246675
-0.178792
-0.096838
-0.028357
-0.000941
-0.165595
-0.220903
-0.138663
-0.166458
0.137009
0.081738
-0.000941
0.026603
-0.028485
0.040373
0.012827
-0.000941
-0.028478
-0.000941
0.012828
-0.000941
0.012827
0.026588
-0.028470
-0.000941
0.040350
-0.055999
0.026592
-0.014707
-0.014708
-0.056030
-0.000941
0.012834
0.012832
-0.028489
-0.014718
-0.028501
0.040396
0.026607
0.040367
0.054110
-0.000941
0.026573
-0.055977
-0.000941
-0.014705
0.040344
0.026573
0.012813
-0.028451
0.081567
-0.000941
-0.097207
0.095325
0.026547
0.081477
-0.152092
0.191393
0.081375
0.108708
0.108588
-0.000941
0.053779
0.135727
-0.055586
0.040045
0.012717
-0.069252
0.108334
0.067295
-0.055526
0.108200
-0.014577
-0.014579
-0.014581
0.026337
-0.028219
-0.028226
0.067258
-0.028215
-0.028222
0.012701
-0.000941
0.012699
-0.055511
-0.000941
-0.000941
-0.000941
-0.000941
-0.014588
0.012706
0.012704
0.012703
0.012701
0.012699
-0.000941
0.012697
0.012695
-0.041855
0.039973
-0.000941
0.012693
0.189743
-0.069001
-0.028178
0.026296
-0.041799
0.012680
0.012678
0.012677
0.026288
0.026281
-0.014551
-0.028167
-0.028174
0.039906
-0.028170
0.080725
0.080658
-0.014536
0.162080
-0.041671
0.216097
-0.190823
0.026207
0.066897
0.026181
-0.041627
-0.000941
-0.109519
-0.000941
0.094071
0.053311
-0.014501
-0.028067
-0.000941
-0.082363
0.012634
-0.000941
-0.014516
-0.014518
0.039784
0.012630
0.053326
-0.028071
0.039751
-0.014503
-0.068779
0.039767
0.012625
-0.000941
-0.000941
-0.000941
0.026185
-0.000941
-0.014503
-0.028071
-0.041649
0.026200
-0.041655
-0.000941
-0.055252
-0.028107
0.053385
-0.082441
-0.041716
-0.014536
0.026248
-0.014534
0.039834
-0.041716
0.026244
0.012649
-0.041716
-0.000941
0.012652
-0.041727
-0.041743
-0.028152
0.067072
-0.000941
-0.055348
0.094252
-0.000941
-0.082529
-0.123448
0.080747
0.107873
-0.123365
0.094291
0.026251
0.080592
-0.082474
-0.000941
-0.014536
0.039839
-0.014533
-0.014534
0.067008
-0.218539
0.039895
0.012667
-0.000941
-0.000941
-0.082618
0.026292
0.039895
-0.000941
0.012667
-0.000941
-0.055385
0.012673
-0.014555
-0.000941
-0.000941
0.067109
0.026266
-0.000941
0.026259
-0.014540
-0.014542
-0.014544
0.012662
-0.028148
0.039867
-0.082574
0.012669
0.067082
-0.068964
0.039878
0.026263
0.026255
0.067017
0.107696
-0.028089
0.012634
-0.000941
0.039773
-0.055230
-0.055259
-0.109666
0.026251
-0.082540
-0.028156
0.053481
-0.109814
0.080725
-0.014547
0.094265
-0.014536
-0.028137
0.080625
-0.028122
-0.055326
-0.082574
-0.055400
0.026292
0.026285
-0.069019
-0.123599
-0.164719
0.108274
0.108155
-0.014571
-0.000941
-0.014573
-0.014575
-0.041855
0.094498
-0.137311
-0.028237
-0.000941
-0.000941
0.040001
0.039984
0.012697
0.053592
-0.014571
-0.041844
0.026329
0.012691
0.012690
-0.041838
0.053585
-0.041832
0.012691
-0.014573
-0.096419
0.039990
-0.014583
-0.055526
0.053644
0.053614
-0.041855
0.026337
0.012695
0.012693
0.026322
-0.000941
-0.028204
0.012691
-0.028207
-0.000941
0.026326
-0.041844
0.039962
-0.000941
-0.014573
0.012691
-0.028207
-0.014577
0.012695
0.039956
-0.014571
-0.014573
-0.000941
0.039950
0.148851
-0.041771
0.162280
0.107725
0.012634
-0.041671
0.039789
-0.000941
-0.028093
-0.014520
0.039789
-0.000941
0.026203
-0.028085
-0.028093
END
