y[]
-0.030506
0.043940
0.118303
0.229517
-0.030382
-0.104663
-0.216415
0.043940
-0.179538
0.081260
-0.142426
0.044023
0.044009
0.043995
0.006717
0.118469
0.043940
-0.030506
0.006717
-0.030520
0.006717
0.043954
-0.142315
0.118511
-0.179677
0.416324
-0.402891
-0.442050
0.081651
-0.068218
0.081651
-0.105706
-0.143377
-0.068415
-0.785591
-0.182857
-0.031241
-0.183289
0.158750
0.158519
0.006717
-0.031212
0.158347
-0.182857
0.044660
-0.259190
-0.336206
0.387670
-0.069358
-0.031342
-0.183796
0.463339
-0.031256
-0.183361
-0.183723
-0.298744
0.006717
-0.031532
0.044965
0.006717
0.044950
0.006717
0.159505
-0.146072
-0.031517
-0.108072
0.312527
-0.146072
0.121330
-0.222641
0.006717
-0.069853
0.083286
0.274250
-0.375693
0.236338
0.006717
-0.031517
-0.645501
-0.070295
-0.031812
0.160741
-0.378789
-0.031916
0.469324
-0.417258
0.006717
0.083937
0.122435
-0.070414
0.045290
-0.109046
-0.109181
-0.070623
-0.031975
0.084086
-0.109360
0.122793
0.006717
-0.109360
-0.032005
-0.187119
0.084296
-0.303963
0.201005
-0.187571
-0.110038
0.045650
0.278826
-0.148683
0.549564
0.277039
0.160859
0.083699
-0.147307
-0.186147
0.083907
0.160919
-0.031812
-0.340707
0.315597
-0.224854
-0.070593
0.122659
0.045334
-0.031901
0.122524
0.160919
0.045230
0.199061
0.045141
0.045127
0.083492
-0.300739
-0.185924
0.006717
0.199358
-0.224497
-0.186371
0.276935
0.122301
-0.108868
-0.147604
-0.147843
-0.070653
-0.148202
-0.187270
0.006717
0.200703
0.045469
0.006717
-0.226022
-0.032126
-0.109901
-0.500206
-0.071500
0.006717
0.241183
-0.032323
-0.110494
-0.110631
-0.306886
-0.347266
-0.072117
0.203683
-0.072023
0.046095
0.164073
0.203065
0.241827
0.124065
-0.149778
0.045863
-0.189170
0.006717
0.006717
0.006717
0.085117
0.085056
0.124111
0.163028
0.084781
0.045726
-0.227567
-0.032384
0.045817
-1.054405
0.164632
0.124990
0.124850
-0.348103
0.203994
0.596225
-0.228670
-0.189863
0.124711
-0.071931
-0.426952
-0.309864
-0.350639
-0.272112
0.285546
-0.072869
0.284992
-0.032989
0.006717
0.244718
-0.350497
0.006717
-0.033053
-0.232232
-0.033164
-0.312900
0.206597
-0.233187
0.006717
0.006717
-0.033323
0.366501
-0.193004
-0.113307
0.126741
0.246333
0.285546
-0.192368
-0.112924
0.006717
0.046613
-0.272892
0.326206
0.285435
-0.192288
0.404332
-0.112402
0.205169
0.006717
-0.231473
-0.271890
0.006717
-0.033148
-0.073060
0.086493
0.166079
0.046518
0.086271
-0.152456
0.285102
0.006717
0.046423
-0.072711
0.244812
0.125552
0.125411
0.085768
0.006717
-0.151449
0.164882
-0.151449
-0.072460
0.085893
-0.151699
-0.151951
0.006717
0.205011
0.283670
0.006717
0.519033
-0.111277
-0.743830
0.639130
-0.111557
-0.190717
-0.151511
0.204462
0.243497
0.242937
0.085333
-0.150578
0.046064
-0.071992
0.046079
-0.032646
0.360421
-0.268279
-0.190173
0.203606
-0.032630
-0.269146
0.125037
0.124897
0.046079
0.046064
-0.032630
0.164011
-0.111231
0.006717
-0.071992
0.046079
-0.032646
-0.111463
0.203606
0.320935
0.006717
-0.268171
-0.308368
0.124990
-0.427637
0.085831
0.125270
0.322174
-0.190328
0.164383
-0.229876
0.322050
-0.150826
0.006717
0.085519
-0.032677
0.124850
-0.032646
0.085426
0.046048
-0.032615
-0.032630
0.006717
0.046064
0.006717
0.163949
0.006717
0.124479
-0.111046
-0.032568
0.124525
0.006717
0.163579
0.006717
-0.110907
0.006717
-0.307625
0.046064
0.163949
0.006717
-0.032568
-0.111231
-0.032630
0.124711
0.399028
-0.150023
0.593229
0.123607
0.395369
0.084266
0.161635
-0.031990
-0.225842
0.123063
-0.032050
0.045484
0.122928
0.354543
0.006717
0.045290
0.045275
-0.031841
0.083818
-0.108957
0.045290
0.122346
0.006717
0.006717
-0.031812
-0.031826
0.083788
-0.070355
-0.147604
0.238109
-0.070355
0.083788
0.237575
-0.262670
0.160741
0.045186
-0.070236
-0.031782
0.045215
0.122124
-0.108690
0.083669
-0.070236
-0.185924
0.083818
-0.108957
0.160919
0.006717
-0.031812
0.122257
-0.070295
0.006717
0.122212
0.122079
-0.031723
-0.031737
0.045171
-0.031737
0.122035
-0.031708
0.006717
0.045141
0.083522
0.045097
0.006717
-0.031664
-0.146952
0.121990
0.006717
0.045112
-0.108513
0.045141
-0.108601
-0.031752
-0.224408
0.006717
-0.109046
-0.147843
0.161276
0.161038
0.122301
-0.263189
-0.109181
0.083996
-0.070563
0.238377
0.006717
-0.070444
0.006717
0.199506
-0.031812
0.083758
-0.070325
-0.031826
-0.109002
0.083877
-0.031856
0.122391
0.006717
0.276103
-0.070177
0.006717
0.083610
0.198692
END
