y[]
0.393897
0.184973
0.046361
-0.508630
0.462908
0.080981
0.426118
0.218293
0.560451
0.114300
-0.227686
-0.400053
0.080505
-0.160216
-0.229502
-0.022760
0.596852
-0.228756
-0.263824
0.321724
-0.057046
0.114934
0.149163
-0.056928
-0.125751
-0.194859
-0.057213
0.080718
-0.091713
0.080742
-0.091749
0.184197
-0.057189
0.115148
-0.091642
0.252841
0.011753
0.011753
-0.091499
-0.229585
0.149732
-0.057213
0.046242
0.321617
0.354924
-0.331418
-0.160275
-0.229585
0.493848
-0.056976
0.011753
0.183486
0.148927
0.148739
-0.090969
0.011753
0.080246
-0.056740
0.251274
-0.056623
-0.227932
-0.194150
-0.091358
0.114863
0.251932
-0.194079
0.114722
0.080340
-0.194150
0.080434
-0.194433
-0.298325
0.149684
-0.506472
0.633302
-0.057118
0.321297
0.354571
-0.434140
0.011753
0.046123
0.080458
-0.125704
-0.505400
0.115398
-0.091892
-0.334508
-0.057643
-0.335953
0.324742
-0.092468
0.358735
-0.161587
0.046445
0.150401
-0.057547
-0.161708
0.046469
0.046457
0.081125
-0.161768
-0.127281
-0.023036
-0.092686
0.046578
0.046566
-0.057885
-0.092795
-0.127814
0.255868
-0.023084
-0.127717
0.081512
0.081464
0.706200
-0.057475
0.011753
-0.022879
0.115613
-0.092107
-0.300476
0.289338
-0.335349
-0.092613
-0.197306
-0.407681
-0.374280
-0.234683
-0.376734
-0.200787
-0.059194
-0.094762
0.047271
0.189152
-0.094649
-0.308134
0.118496
0.153899
0.224594
0.047183
-0.094573
-0.307906
-0.095028
0.189657
-0.344373
0.011753
-0.023929
-0.274166
0.261977
0.225733
0.047372
0.189657
-0.130545
-0.059472
-0.095180
0.189911
-0.380614
0.118915
-0.381737
0.011753
0.119222
-0.024057
-0.383008
-0.240272
0.191836
0.083695
-0.024212
0.263235
0.155174
0.226499
-0.024006
-0.274780
-0.167748
0.011753
-0.060138
-0.060189
-0.024238
-0.204463
0.047821
-0.060397
0.047835
-0.024329
0.156001
-0.096414
0.155949
0.443098
0.155122
0.226422
-0.023993
-0.095562
-0.670598
-0.457816
0.047952
0.300875
0.515714
0.047653
0.548715
-0.812772
-0.240545
-0.132704
0.588331
0.477787
0.083258
-0.346285
0.083463
-0.275397
-0.420524
0.192096
0.299627
0.262964
0.083412
-0.059906
-0.275397
0.083618
-0.240000
-0.240636
-0.205088
-0.060632
-0.860980
0.011753
-0.500881
-0.061695
0.195273
0.231533
0.011753
-0.318099
-0.356030
0.122230
0.232341
-0.245647
0.305871
0.779722
0.193737
-0.061001
-0.024644
-0.170430
-0.757059
-0.135360
0.085336
0.488731
0.267648
-0.244142
0.121502
-0.317857
0.121744
-0.208350
0.195206
0.048403
-0.171632
-0.061695
-0.282581
0.195813
0.011753
0.085282
0.232017
0.231533
0.011753
0.231051
0.121222
0.230332
0.229856
-0.097239
-0.206588
-0.061133
-0.024710
0.011753
0.303086
0.157102
0.120626
-0.097120
0.265606
-0.024472
-0.569644
-0.243675
0.848578
0.409512
0.551614
0.441553
-0.131309
0.011753
0.226269
0.190165
0.047397
-0.023891
0.509620
-0.343613
0.047346
0.047334
-0.095028
0.011753
0.118534
0.082877
-0.166151
0.189657
0.011753
-0.166151
0.082953
0.189531
0.047271
-0.023765
0.011753
-0.379776
-0.238203
0.404260
-0.309275
-0.274473
0.047576
-0.347056
0.656685
-0.131206
0.546800
0.118420
0.011753
-0.166088
-0.452119
0.047512
-0.024006
-0.562137
-0.024225
0.191512
-0.024173
0.298800
-0.059932
0.155071
-0.095716
0.119222
-0.131565
-0.167684
0.047666
0.011753
-0.024160
0.119454
-0.203764
0.083644
-0.204074
-0.024264
0.191706
-0.312396
-0.132651
-0.350173
0.048005
0.011753
-0.387739
-0.206826
0.084666
0.084613
0.120943
0.193472
-0.826903
-0.760168
-0.025154
-0.358070
-0.025305
-0.359581
-0.435675
0.235717
0.272412
-0.025442
0.011753
-0.025456
0.086158
0.382949
0.344655
-0.062130
-0.321396
0.159956
0.011753
-0.025277
-0.433682
0.457188
-0.619867
0.717420
0.048756
-0.136340
-0.247939
0.308489
0.122802
-0.062266
0.085772
-0.099296
-0.025291
0.270773
0.233237
-0.062021
-0.099009
0.454068
-0.246027
-0.394677
-0.136450
0.085882
0.085827
-0.322013
0.160231
-0.434344
0.049004
0.123422
0.086130
-0.248809
0.160729
0.048962
0.383086
-0.062404
-0.025346
0.048852
-0.248229
0.011753
-0.062652
0.086158
-0.137112
-0.361382
1.016039
-0.025264
-0.247747
0.048866
0.085937
0.566386
-0.172783
-0.025195
-0.173193
0.233647
0.011753
0.048687
-0.062130
0.270103
0.306196
-0.025005
-0.652211
0.159682
0.638021
-0.172037
0.525516
-0.391695
0.048497
-0.098521
0.342210
0.158273
0.048349
-0.318099
-0.208754
-0.098683
0.158974
0.011753
0.048524
0.048511
0.232017
-0.098319
0.048457
0.085121
-0.024924
-0.024938
END
