y[]
0.062461
0.001429
0.062423
0.001429
0.031912
-0.029054
0.001429
0.001429
0.001429
0.062386
0.031894
0.031884
0.031875
-0.059472
0.062330
0.001429
0.062293
-0.028998
0.092684
0.001429
0.001429
-0.150708
-0.120448
0.062386
0.001429
0.092795
-0.150894
-0.059565
-0.120671
0.001429
-0.029119
0.123567
-0.029091
0.031949
0.001429
0.031940
0.031931
-0.059584
0.092934
-0.029063
0.001429
-0.059584
0.031940
-0.059602
0.031949
-0.029091
0.123455
0.031912
0.001429
-0.029054
-0.029063
0.001429
0.031922
-0.059565
0.001429
-0.059602
0.123455
0.092851
0.092767
0.001429
-0.059454
0.031875
-0.029017
-0.059491
-0.059528
0.001429
0.031912
0.001429
-0.029054
0.031912
-0.029054
0.031912
-0.120559
-0.151266
0.062535
0.001429
-0.059677
-0.029138
0.031996
-0.059714
-0.059752
0.032024
-0.029166
-0.059789
-0.059827
0.001429
0.001429
0.032062
-0.029203
-0.029213
0.032071
-0.029213
0.001429
0.093327
0.001429
-0.090469
0.001429
-0.059883
0.001429
0.093383
0.185084
0.001429
-0.059752
0.123753
0.001429
-0.029138
-0.029147
-0.029157
-0.029166
-0.059789
0.001429
-0.029194
0.093271
0.062610
0.001429
0.032005
-0.029147
-0.029157
-0.029166
-0.059789
-0.090469
-0.029222
0.001429
0.062722
-0.397650
0.155110
-0.029288
-0.090779
-0.214055
0.001429
0.093836
0.124506
-0.121648
0.062986
-0.029345
0.032203
0.032194
0.185818
0.001429
-0.059996
-0.183073
0.001429
-0.121762
0.001429
0.032241
0.001429
0.032231
-0.121837
0.247810
-0.060109
0.032203
0.062949
0.001429
0.032175
0.032165
0.032156
-0.029298
-0.060053
0.093637
0.032146
0.001429
0.001429
0.093524
0.032109
-0.029250
0.124091
-0.029222
0.001429
-0.029232
0.001429
-0.059921
-0.152110
0.062873
-0.090751
0.032165
0.093581
-0.121459
-0.183186
0.063005
0.001429
0.093723
-0.090864
0.001429
0.001429
0.032203
0.093694
0.001429
-0.029316
0.001429
-0.029326
-0.152488
0.032231
0.124544
-0.029335
0.093694
0.001429
0.001429
-0.029316
0.093637
0.001429
-0.029298
-0.121572
0.032194
0.001429
0.124393
-0.152299
-0.121724
-0.864913
0.032499
0.001429
0.187649
-0.091637
0.187476
0.063368
0.001429
-0.029535
0.217980
-0.029478
-0.060414
-0.091407
0.001429
0.032384
-0.029526
0.032384
0.032374
0.001429
0.125115
0.186671
-0.029421
0.032279
-0.060280
0.001429
-0.029440
0.001429
0.094007
0.063100
-0.091092
0.063119
0.032260
0.001429
0.032250
-0.152773
-0.060318
0.063177
-0.060318
0.001429
-0.091264
0.001429
-0.122295
0.217846
0.186557
-0.029402
0.001429
-0.091121
-0.029440
0.094007
0.032269
0.001429
-0.060261
-0.122066
-0.060376
-0.029488
0.001429
-0.029497
-0.029507
0.001429
-0.060471
-0.029535
0.032394
-0.029535
-0.029545
0.001429
0.001429
0.032403
0.032394
0.001429
-0.060510
0.001429
0.001429
0.032403
-0.122525
0.032432
0.001429
-0.029574
-0.060606
-0.122756
0.094582
0.156492
0.063387
-0.153538
-0.060625
0.094496
0.001429
-0.153730
0.125576
-0.029593
0.063464
0.001429
-0.029583
0.001429
0.001429
-0.060625
0.032461
0.032451
-0.029593
0.063464
0.001429
0.032432
0.032422
-0.060567
-0.029583
0.032442
0.063425
0.187188
0.032355
0.063253
-0.029478
0.001429
-0.122295
0.001429
0.063310
-0.060452
0.001429
0.156060
0.248343
-0.060242
-0.122028
-0.091264
-0.091350
-0.029516
0.001429
-0.153442
0.156300
0.063310
-0.029507
-0.091436
-0.029545
0.001429
0.001429
0.063368
-0.153490
-0.215861
0.001429
-0.029651
-0.278727
0.094902
0.094814
0.032538
0.063618
0.063579
0.001429
0.280629
-0.060548
0.001429
-0.091609
0.032451
0.032442
-0.029583
0.063445
0.125345
0.125191
0.032346
-0.091350
0.001429
-0.215390
-0.060606
0.032451
0.187360
-0.184502
0.001429
0.001429
-0.029593
0.032451
0.001429
0.032442
0.001429
0.001429
0.032432
0.032422
-0.029564
0.032422
-0.029564
0.063406
-0.029555
0.001429
-0.029564
-0.060586
0.094438
0.032413
-0.029555
-0.091580
0.032442
0.063425
0.187188
-0.029507
0.063291
0.032346
-0.029488
0.032346
0.094122
-0.091264
-0.091350
0.094208
-0.029488
0.094150
-0.091292
0.032346
0.001429
0.063234
0.186614
-0.060261
0.001429
0.001429
0.001429
0.032279
0.063100
0.032250
0.032241
-0.029383
0.001429
-0.029392
0.001429
0.001429
0.032250
-0.152773
0.032289
0.032279
-0.029421
0.063119
0.032260
-0.029402
0.032260
-0.029402
0.032260
-0.091092
0.093950
-0.029402
0.063081
-0.091064
0.124734
0.093808
0.155204
0.032156
-0.121534
0.032184
0.001429
0.001429
-0.060090
0.093694
0.062892
END
