y[]
-0.154251
-0.054940
-0.021789
0.607028
-0.252894
-0.021691
0.077554
0.110552
0.472833
0.208504
0.011395
0.208116
-0.021365
0.011395
-0.119753
0.076990
-0.119839
-0.054287
-0.021462
0.011395
0.109933
-0.021441
-0.779905
0.341864
-0.252894
-0.054787
-0.453105
-0.255006
-0.255717
0.345173
-0.021933
0.011395
0.011395
0.344174
0.111013
0.342740
0.011395
0.044469
0.176602
0.209284
0.504411
-0.021398
-0.054222
0.044208
-0.284318
-0.219210
0.176166
0.011395
0.241620
-0.317661
-0.252632
-0.054721
-0.253506
0.309359
-0.220278
-0.254034
-0.055073
0.077862
-0.655274
-0.088990
-0.122609
0.145398
0.312247
-0.222524
-0.055540
0.345620
0.011395
0.011395
-0.389810
0.178759
0.545085
0.144373
0.409273
-0.320061
-0.387807
0.144639
-0.522652
-0.458247
-0.528054
0.483571
-0.022258
0.246728
-0.123014
0.078622
0.011395
-0.224097
0.078735
0.213143
0.279761
0.078374
0.044867
-0.122564
0.011395
-0.122744
-0.055742
0.212669
-0.122744
-0.022168
0.279581
0.011395
0.111779
-0.122474
-0.022101
0.111847
0.044856
-0.089024
-0.055607
0.178815
-0.122519
1.243306
-0.087927
-0.253945
0.110980
0.144021
0.176930
-0.021691
-0.386484
0.177370
-0.187809
0.077840
0.276735
-0.088025
-0.220971
0.210598
0.143977
-0.054874
-0.353872
-0.121761
-0.188672
-0.088789
0.144951
0.111445
0.044722
0.111311
-0.221900
0.144772
0.011395
0.177867
-0.088456
0.210996
-0.088356
-0.355211
0.510979
-0.421434
0.078106
0.044734
0.244456
0.144329
-0.121540
0.210730
0.110914
0.441503
0.044403
0.143321
-0.517357
0.210004
-0.021680
0.176657
0.011395
-0.153867
0.374611
0.143147
0.208698
0.109901
0.011395
-0.021430
0.044219
-0.021430
-0.021441
-0.021451
0.044241
0.077055
-0.021430
-0.054287
-0.087208
0.044273
0.175625
0.109804
-0.087014
0.011395
0.044208
0.109771
-0.021387
0.240640
-0.054050
-0.021344
-0.283736
0.044230
-0.087144
0.109933
0.175410
-0.514403
-0.087501
0.307789
-0.383993
0.340993
-0.252197
-0.120662
-0.021647
0.044436
-0.253243
-0.054874
0.011395
-0.054918
0.177095
-0.121143
0.210136
0.044480
0.077532
-0.120924
-0.021712
-0.121143
-0.121319
-0.188007
-0.021878
0.509321
-0.486532
-0.055183
0.011395
-0.088555
-0.055294
0.078084
0.111345
0.011395
0.077973
-0.055183
-0.021911
-0.121939
-0.188939
0.311745
-0.021933
0.078039
0.310746
-0.021822
0.210532
-0.021767
0.375573
-0.054721
-0.054765
-0.220509
0.011395
-0.121363
0.077796
-0.021800
0.077774
0.011395
0.177150
-0.054874
-0.021756
0.143933
-0.220662
0.177205
0.110749
0.044491
0.143670
-0.021658
0.242532
0.044371
0.044360
-0.219590
-0.087763
-0.419426
-0.088290
0.077862
-0.021833
-0.121628
0.144418
-0.154912
-0.121850
-0.389408
-0.122564
-0.189880
0.011395
0.078531
-0.122924
-0.055832
-0.359163
0.045139
0.314578
-0.089564
0.078712
0.011395
0.011395
0.313763
-0.223702
0.011395
0.246491
-0.290974
0.246649
0.011395
-0.156588
-0.022236
-0.022247
0.280212
-0.223781
-0.190626
0.078780
0.078735
-0.258238
0.011395
0.078871
-0.224972
-0.191651
-0.293949
0.282857
-0.362057
-0.158818
0.181607
-0.056656
0.011395
0.249369
-0.056540
0.147218
-0.260437
-0.022636
-0.158934
0.045484
0.045472
0.113557
-0.158934
-0.056818
0.011395
0.113696
-0.227473
-0.022776
-0.091187
0.079794
-0.091222
0.114011
0.113906
-0.159516
-0.091292
0.011395
0.216663
0.113871
0.011395
-0.193664
0.148147
0.079701
0.045530
0.011395
0.079631
0.283874
-0.534309
0.011395
0.557099
-0.090698
0.215476
-0.192687
0.045437
-0.329554
-0.330720
-0.091468
-0.263425
0.114541
-0.057358
0.423200
-0.228619
-0.126015
0.320302
0.148381
0.045612
0.148147
-0.091152
0.386886
-0.090872
-0.330252
-0.022834
-0.091363
-0.022881
0.045671
-0.160103
0.251408
0.216663
0.216243
-0.022718
0.249936
-0.227147
-0.364610
-0.400411
-0.574915
-0.300402
-0.336190
0.081008
0.358738
0.046063
0.046051
0.253651
0.218577
0.321366
-0.229611
-0.161108
0.149421
-0.195716
-0.126918
0.149707
0.149516
-0.265040
0.011395
-0.265806
0.011395
-0.058026
0.358015
0.529083
0.080218
0.423342
0.148334
0.148147
-0.330837
-0.091504
0.114293
0.114187
0.045635
0.625731
0.045414
-0.022625
0.011395
-0.090733
-0.159050
-0.296140
-0.091328
0.387528
-0.091047
-0.330837
-0.263236
-0.401971
0.390379
0.388948
0.285086
0.079701
-0.159458
-0.091257
-0.091363
0.250998
-0.159692
-0.091398
0.045671
0.114152
-0.125639
-0.194508
-0.091716
-0.022999
-0.057428
0.080218
-0.160752
-0.230110
-0.230694
0.046015
-0.057857
-0.579192
END
