y[]
0.032461
0.005769
0.005769
0.005769
0.032454
0.005769
0.005769
0.032447
0.032439
-0.047578
0.032447
0.059103
0.005769
0.005769
0.032425
-0.074220
0.005769
0.059103
-0.020894
0.005769
-0.020901
0.032439
0.059088
-0.047550
0.059088
-0.020887
-0.074241
0.005769
-0.020915
0.005769
0.005769
-0.101040
0.005769
-0.020951
0.032489
0.139263
0.085780
-0.100926
-0.047621
0.005769
0.139192
0.272081
-0.047436
0.032376
-0.047451
0.005769
0.032383
-0.020844
-0.020851
0.005769
0.005769
0.005769
-0.020858
0.032397
0.032390
-0.074114
-0.020873
-0.020880
0.085695
-0.047507
0.059046
0.005769
0.032397
0.059003
0.005769
0.085567
-0.047422
0.032368
0.005769
0.165216
0.032319
-0.153636
-0.047422
0.058961
0.005769
0.112067
-0.100529
-0.047422
-0.074071
-0.074135
0.005769
0.085673
0.005769
0.005769
-0.154103
-0.234519
-0.074455
0.005769
-0.047750
0.219673
0.005769
-0.020944
-0.020951
0.032489
-0.127903
0.059259
-0.047721
0.005769
0.032518
-0.047735
0.059274
0.139405
0.005769
0.005769
0.085865
0.085801
0.032432
-0.074241
0.218989
-0.127440
0.165599
-0.100755
0.032411
-0.074177
-0.100926
-0.074327
-0.127867
-0.128046
-0.128225
-0.182125
0.140015
-0.101613
-0.047965
0.166886
0.086231
0.086166
-0.047821
-0.101498
0.113037
0.112922
0.005769
-0.047793
-0.047821
-0.101498
0.059417
0.005769
-0.101556
-0.021080
0.032618
-0.289970
0.059605
0.193967
-0.101729
-0.074930
-0.155825
0.005769
-0.048154
-0.048183
0.086686
-0.156130
0.221577
0.113499
0.005769
0.005769
0.167146
0.113209
-0.021080
0.059460
-0.021073
-0.047936
0.059475
-0.074800
0.005769
0.032633
0.032626
-0.021087
0.005769
0.032626
0.005769
0.005769
0.059460
0.032604
0.005769
0.005769
0.032597
0.005769
0.059403
-0.074692
-0.074757
0.032618
0.166713
-0.047850
-0.074714
-0.074779
0.300794
0.005769
0.139584
0.085972
0.192660
-0.047593
0.059131
0.005769
-0.020908
-0.074306
-0.020937
0.005769
0.005769
0.032475
-0.047650
0.059188
0.032468
0.059145
0.032447
-0.074284
0.005769
-0.020929
-0.074370
-0.047692
0.059231
-0.020958
0.112635
-0.047650
-0.074413
0.112664
0.005769
0.032475
0.085844
-0.020915
0.059131
0.005769
0.005769
-0.020908
-0.074306
0.139192
0.032432
-0.020894
-0.181072
-0.208192
0.112807
0.112693
0.032482
0.005769
0.032475
-0.047650
-0.047678
0.059217
-0.020951
0.005769
-0.020958
-0.235098
0.032561
-0.101441
0.005769
0.005769
-0.021051
0.139800
-0.074627
-0.047864
0.086209
0.086144
-0.047807
-0.047836
-0.021044
0.193311
-0.074563
0.032554
-0.155046
0.005769
0.113008
-0.504642
0.194119
-0.128730
0.032683
-0.048067
-0.021160
0.032698
0.140304
0.086404
-0.101758
-0.021131
-0.021138
0.113354
-0.048009
-0.209632
-0.210097
-0.075301
-0.021269
-0.156612
-0.075521
0.059970
-0.021327
0.141179
0.276040
-0.372814
-0.075543
0.032881
0.005769
0.087059
-0.075521
-0.048461
0.059999
0.249441
0.113877
-0.021247
0.005769
-0.048285
0.032800
-0.129457
-0.210974
0.141289
-0.075521
0.005769
-0.075587
0.141326
-0.102661
-0.184267
0.005769
0.060102
0.493443
-0.373327
0.005769
-0.021364
0.060029
0.032888
-0.102750
0.005769
0.060043
-0.048505
0.032910
0.005769
0.005769
-0.048520
-0.021386
0.005769
-0.021394
-0.048579
0.032947
0.087258
0.005769
0.141436
-0.048475
-0.184319
0.032947
-0.239096
0.087457
0.304723
-0.021372
0.141399
-0.048461
0.005769
-0.102779
-0.130082
0.032954
0.060117
0.060088
0.005769
-0.021386
-0.102926
0.114465
-0.021394
-0.484428
-0.596642
-0.269258
-0.463521
0.337261
-0.049403
-0.077047
0.198899
0.033329
-0.132105
-0.215225
0.226764
-0.104667
-0.187788
0.144063
0.088654
0.060987
0.060957
0.088494
0.005769
-0.049373
0.005769
-0.325723
-0.021905
0.116419
0.033413
-0.077184
-0.188056
-0.021951
-0.049694
0.116665
0.088860
0.061125
-0.021905
0.033443
-0.104973
0.005769
0.033466
0.116481
-0.104942
-0.021928
-0.132831
-0.077483
-0.160944
-0.022043
0.005769
0.061387
0.033566
-0.022028
-0.022036
0.033574
0.200187
0.033512
-0.021974
0.005769
0.421110
-0.243228
0.033466
0.227069
-0.132486
0.144024
0.281708
0.143453
-0.076819
-0.076887
0.060881
0.198421
-0.131801
-0.049312
0.170922
0.225550
-0.021677
-0.241586
0.005769
-0.104363
0.033314
0.033306
-0.049312
0.088380
0.143302
0.115659
-0.049161
0.060699
-0.021692
-0.049176
-0.159247
0.005769
0.005769
0.005769
0.088312
-0.076773
-0.049297
0.060835
0.143302
-0.021722
0.060744
-0.021715
0.307677
-0.158795
0.197734
END
