y[]
-0.001518
-0.001518
0.108101
-0.083721
-0.001518
0.053291
0.053261
0.025860
-0.056283
-0.001518
-0.028912
-0.111167
0.025905
0.053306
-0.111197
-0.001518
0.025913
-0.056388
-0.001518
-0.028964
-0.028972
-0.083924
0.025958
-0.001518
0.108312
0.025920
-0.056403
-0.001518
0.025928
-0.001518
0.600399
-0.056088
0.080326
0.080259
-0.028770
0.025734
0.352079
0.242550
-0.082808
0.079772
-0.137038
0.025601
0.025593
-0.082874
-0.273184
0.080059
-0.110302
-0.028733
-0.465303
-0.275341
0.272305
0.107801
0.216763
-0.137888
-0.110748
-0.165587
0.025845
-0.056253
0.107921
-0.220516
0.626813
-0.083251
-0.028777
-0.028785
-0.083362
-0.001518
0.162103
0.134629
0.215932
-0.083007
0.052815
-0.164606
0.107237
-0.219146
0.025711
-0.110480
-0.301778
0.216942
-0.083385
-0.001518
-0.028822
-0.110808
-0.220456
0.053261
0.107951
-0.056238
-0.028889
-0.028897
0.053231
-0.001518
0.080550
0.025823
-0.028859
-0.001518
-0.028867
-0.001518
0.053172
0.080460
-0.001518
0.025793
-0.001518
-0.028829
-0.056163
-0.001518
0.025808
0.053112
0.189452
-0.001518
0.025734
-0.056029
-0.056059
0.189244
0.243213
0.025637
-0.083007
-0.083073
-0.328405
-0.521284
0.108131
0.244754
-0.220396
0.025868
-0.468103
0.025988
0.053472
0.163272
0.025920
-0.193747
-0.249213
0.108644
-0.084129
-0.056630
0.081138
0.273510
0.025943
0.080820
-0.083857
0.163091
0.080685
-0.138561
-0.001518
0.190289
0.107921
0.271557
-0.001518
-0.028792
-0.056088
-0.302188
-0.138486
-0.083789
-0.028957
0.053352
0.108131
0.244754
0.080438
-0.028829
-0.001518
-0.083497
0.107772
0.025786
-0.083452
0.107712
0.025771
-0.001518
0.107563
-0.110599
0.025763
-0.001518
0.025756
0.107503
-0.028762
0.025726
0.052948
-0.028748
-0.028755
-0.001518
-0.001518
-0.056014
-0.028777
0.052993
0.107414
-0.001518
0.080103
-0.055925
-0.164917
-0.001518
-0.247118
0.135001
0.053037
-0.329298
-0.577730
-0.304674
0.163954
-0.222208
-0.278067
0.136852
-0.084517
0.136775
0.329608
-0.056630
0.163726
0.053503
0.108432
-0.083970
-0.111559
-0.249555
0.081229
-0.139468
0.053685
0.026072
-0.167172
0.108949
-0.222574
0.109071
-0.001518
0.108949
-0.001518
-0.139621
0.081366
0.108888
-0.111924
0.164045
0.026049
-0.029085
0.328788
-0.083992
-0.359695
-0.001518
0.246587
-0.084151
-0.249828
0.301889
-0.166899
0.383945
-0.111499
0.300638
-0.056388
0.080775
-0.028942
0.272380
-0.056238
-0.056268
0.025860
-0.028897
-0.056298
-0.001518
0.108011
-0.056268
-0.001518
-0.056298
0.025875
-0.001518
0.107981
-0.028882
-0.083654
-0.028912
-0.028919
-0.001518
-0.083766
0.108131
-0.138598
-0.001518
0.108161
0.025883
-0.001518
-0.166037
0.135600
0.053276
0.080617
0.053201
0.271631
-0.165318
0.216823
0.270739
-0.164783
0.025711
-0.028748
-0.165050
0.025756
-0.056073
-0.192697
-0.275266
0.272230
-0.001518
0.216942
-0.001518
-0.274668
0.025830
-0.056223
-0.111017
-0.083721
0.244889
-0.138336
-0.193378
-0.001518
0.053337
-0.111258
0.053367
-0.083857
-0.111408
0.080911
-0.056463
0.108342
-0.083902
0.382360
-0.056268
-0.165947
0.053321
0.135449
0.162596
-0.165632
0.025853
0.080550
0.053157
0.107742
-0.083452
-0.110868
-0.001518
0.025830
-0.001518
-0.056223
-0.028882
-0.001518
-0.056268
-0.001518
0.025860
-0.001518
-0.138486
0.053291
-0.028919
-0.001518
0.053276
-0.028912
-0.001518
0.217420
-0.330105
0.135525
-0.083721
0.190184
0.189817
-0.220217
-0.660499
-0.249760
0.164045
-0.139468
0.411763
-0.139089
0.026011
0.026004
-0.056569
-0.029055
-0.001518
-0.029063
0.136128
-0.029032
0.053503
-0.029025
0.190869
0.409498
0.025823
0.162372
0.461383
0.052800
-0.164562
-0.001518
-0.028718
0.432793
-0.082808
-0.055748
0.052712
0.025586
0.052668
0.349976
0.160294
-0.028469
0.079312
0.213709
-0.109074
-0.001518
0.079160
-0.243747
-0.055426
-0.163418
0.079464
0.160251
0.133090
-0.028425
-0.082283
-0.082348
-0.055441
0.025447
-0.028483
-0.109451
0.079443
-0.055485
0.079421
-0.028490
-0.082479
0.052463
-0.001518
0.052434
-0.055470
-0.055499
0.025476
-0.001518
-0.109539
-0.028542
-0.028549
-0.082654
0.052580
-0.028563
0.079596
0.160513
0.025462
0.079377
0.025432
-0.406541
0.160688
-0.001518
-0.272008
-0.001518
-0.028607
0.106795
-0.001518
-0.028585
0.160776
-0.109685
-0.082720
-0.028600
-0.055704
-0.028622
0.052682
-0.001518
0.025571
-0.218438
-0.001518
-0.518596
-0.001518
0.080304
-0.083340
0.216525
-0.110480
0.134666
-0.137702
-0.056044
0.161970
-0.028748
0.025711
-0.028748
-0.001518
END
