y[]
-0.030728
0.145733
0.321419
-0.030599
-0.089242
0.086634
0.145088
0.174084
-0.030514
0.144660
-0.176486
0.057125
-0.059732
0.144703
-0.030488
0.231933
0.027813
-0.030420
-0.059562
0.115179
-0.176078
0.086122
0.027821
-0.117854
-0.001304
-0.059630
0.027864
-0.001304
0.115280
0.027821
-0.030429
-0.030437
-0.059596
-0.088806
-0.030488
0.027881
-0.030488
0.144533
0.027838
0.202451
0.260058
-0.233592
0.056819
0.027745
0.201801
-0.030293
0.085640
-0.088248
-0.059308
-0.030319
-0.204644
0.027770
0.114908
-0.059393
-0.204881
0.085994
0.027779
0.056836
0.056802
-0.292171
-0.205415
-0.088908
0.027906
-0.235222
0.057227
0.057193
0.173981
-0.001304
-0.059698
-0.030514
0.173828
-0.030471
0.057022
-0.088806
0.057039
0.057005
-0.176333
-0.001304
0.202867
-0.234676
0.086275
-0.147310
-0.001304
-0.059766
0.057159
-0.089010
-0.030556
0.086428
-0.030539
-0.059800
-0.059835
0.115724
0.057159
0.027915
0.086300
-0.001304
0.115382
-0.088806
0.086198
-0.117990
0.057056
-0.059664
0.115382
0.086122
-0.088729
0.144363
0.173216
-0.088526
-0.030395
-0.117752
-0.030437
0.115179
-0.234404
-0.030480
0.027872
-0.001304
-0.001304
-0.030480
0.202748
-0.001304
0.027813
0.173216
-0.175824
-0.001304
0.115077
-0.088576
-0.146928
0.086096
0.056920
-0.001304
0.027796
-0.001304
-0.059511
-0.088678
0.260591
-0.088526
-0.117718
0.144193
0.173014
-0.030336
-0.001304
0.143771
0.114605
0.172307
-0.145959
0.230044
-0.116911
0.085414
-0.001304
-0.116944
0.085439
0.114236
0.142934
0.027519
-0.058957
-0.030143
-0.030151
0.258025
-0.174115
-0.116677
0.114070
0.200280
-0.087647
-0.001304
-0.058907
-0.058941
-0.001304
-0.030135
-0.001304
-0.001304
0.027527
-0.145541
-0.087946
0.085339
-0.001304
-0.030176
-0.030185
-0.203704
0.056567
0.027619
0.027611
-0.059141
-0.203997
0.056650
-0.088248
0.056667
0.143477
0.085464
-0.117011
-0.175116
-0.001304
-0.146378
-0.030344
-0.030352
0.114840
0.056718
-0.088349
-0.059376
-0.059409
0.085842
0.027728
0.027720
0.056718
-0.001304
0.114638
-0.001304
-0.059258
-0.030293
-0.059308
-0.030319
-0.088399
0.027736
-0.030344
0.027736
0.027728
-0.088424
0.056785
0.027728
-0.117482
-0.001304
-0.030369
0.085868
-0.030352
0.143855
0.172609
-0.001304
0.201213
-0.145917
-0.117145
-0.001304
-0.291495
0.027753
-0.204881
-0.117820
0.027838
0.086071
-0.001304
-0.059545
-0.030437
-0.001304
0.144278
-0.088627
0.260438
0.027736
-0.001304
-0.059393
-0.001304
0.056785
0.201742
-0.001304
0.085590
0.085514
-0.088122
-0.001304
0.172257
-0.290740
0.259226
-0.001304
-0.001304
0.027602
-0.088047
-0.059174
0.229977
-0.001304
-0.145792
0.143184
-0.174714
-0.059174
0.056567
-0.290991
-0.001304
0.201565
-0.001304
0.056583
-0.059191
-0.059224
-0.001304
0.056617
0.056583
-0.030243
0.027636
-0.059191
0.027644
-0.030251
-0.001304
-0.001304
-0.001304
-0.030260
0.027652
-0.001304
-0.146168
0.027686
-0.030293
0.085640
0.027661
-0.204232
-0.001304
0.172660
-0.001304
-0.030277
-0.001304
-0.001304
-0.001304
-0.291495
-0.554999
0.203046
-0.088831
0.319256
0.085944
0.172963
-0.146505
-0.088526
-0.059494
0.027796
-0.001304
0.027787
0.056853
0.027762
-0.117617
0.085944
-0.117650
-0.059528
0.086020
0.260210
-0.117448
0.201860
-0.030302
-0.146421
-0.088475
-0.001304
-0.030378
0.173014
-0.059376
0.056768
-0.175621
0.027770
0.056819
0.027745
-0.030352
-0.233997
0.115111
0.231119
0.027711
0.056701
0.143561
0.056583
-0.175066
0.114571
-0.175166
0.027694
0.027686
-0.088298
-0.030319
-0.030327
0.027720
-0.030327
-0.001304
-0.001304
-0.001304
0.027720
-0.117448
-0.175773
-0.205237
-0.176435
0.057107
-0.001304
0.057073
0.144490
-0.030446
0.056971
-0.117888
0.057005
0.027838
0.027830
0.115145
-0.001304
-0.030403
-0.059528
-0.117854
-0.410302
-0.089164
-0.118571
-0.148082
-0.236598
-0.001304
0.439420
-0.030625
-0.089319
0.145345
-0.001304
0.057296
-0.030599
-0.177257
-0.148168
-0.089526
0.057520
0.086867
0.145475
-0.059989
-0.236391
0.028112
-0.089578
-0.001304
0.057554
-0.325453
0.116690
-0.207885
-0.178714
0.117004
-0.030868
-0.060458
0.205583
0.028217
0.116690
0.322464
-0.060093
0.086867
-0.118882
-0.060145
0.028121
-0.089604
-0.001304
0.175219
0.116205
0.204005
-0.118571
0.115964
0.027992
-0.089216
0.145174
-0.030582
-0.059886
0.115827
-0.030573
0.115724
0.027932
-0.030539
-0.001304
-0.118331
-0.059869
0.057261
-0.001304
0.086480
0.057176
-0.030539
-0.030548
-0.001304
-0.001304
-0.001304
-0.001304
END
