y[]
-0.071360
0.057923
0.057881
-0.071318
0.057881
-0.039013
-0.006718
0.025576
-0.071318
0.025587
-0.039023
-0.039034
-0.039044
0.090228
-0.006718
0.090134
-0.071276
-0.006718
-0.071318
0.186955
-0.103508
-0.071297
-0.006718
0.025576
0.090103
0.186643
0.089822
0.410551
-0.038754
0.185343
0.153052
-0.166488
0.216888
-0.038632
0.025195
-0.070555
0.025205
-0.038642
-0.006718
-0.006718
0.025205
0.025195
-0.038632
-0.038642
0.025205
-0.038642
0.025205
0.025195
-0.006718
-0.006718
-0.006718
0.152695
-0.070453
-0.006718
-0.006718
-0.006718
-0.006718
-0.006718
0.025154
0.216105
-0.038520
-0.038530
-0.006718
-0.038540
0.025103
-0.165929
0.120670
-0.038550
-0.197923
0.057057
0.025154
-0.325902
-0.198719
0.121323
-0.070718
0.025287
0.153154
0.152899
-0.102458
0.025205
-0.070575
-0.038662
-0.006718
0.057159
-0.006718
-0.070596
-0.134596
-0.038713
0.089236
-0.102672
-0.006718
0.025276
-0.070718
-0.231042
-0.199397
-0.167568
0.089822
0.121858
-0.038847
-0.038857
-0.103197
-0.103290
0.089853
0.057611
0.186022
-0.070924
-0.006718
-0.135253
0.089698
-0.038847
0.025410
0.025400
0.025389
-0.006718
-0.103073
0.025410
0.025400
-0.006718
-0.038837
-0.038847
-0.103166
-0.071069
-0.071110
-0.038930
0.057694
-0.038919
0.025482
0.025472
-0.006718
-0.071110
0.122023
-0.071069
-0.038909
-0.071131
-0.006718
-0.167931
0.122272
0.057715
-0.006718
-0.071151
-0.071193
-0.103508
-0.006718
0.090071
0.186581
0.089791
-0.103228
0.057632
-0.135460
0.089853
0.057611
0.057570
0.025410
-0.006718
-0.070986
-0.006718
-0.038868
0.025431
-0.135377
0.025462
0.057611
-0.038878
0.089729
0.282067
0.281236
-0.006718
-0.102611
0.025256
0.121077
-0.070596
-0.070637
-0.102672
-0.038724
-0.102795
-0.231257
0.345903
0.153154
0.025225
-0.326616
-0.295504
-0.006718
0.474129
-0.166744
-0.134924
0.185528
-0.134841
0.217389
0.025256
0.121077
-0.102550
0.121036
-0.134473
-0.070657
-0.038703
0.057241
0.089144
-0.070616
-0.006718
-0.006718
-0.102642
0.057241
0.025246
0.025236
-0.038672
-0.006718
-0.006718
-0.038683
0.121077
0.025205
0.025195
-0.070555
0.025205
-0.006718
-0.038642
-0.038652
0.152848
-0.038611
0.057057
0.184364
-0.006718
0.120468
-0.070291
-0.038520
-0.038530
0.056895
0.056854
0.025053
-0.261172
0.247735
-0.006718
0.056794
-0.006718
-0.070231
-0.070271
0.056834
-0.038490
-0.006718
-0.006718
-0.006718
0.152037
-0.133703
-0.006718
-0.293024
-0.006718
-0.070453
0.025154
-0.485876
0.121282
0.599054
-0.006718
-0.038510
0.088626
0.278769
0.277957
0.119544
-0.101400
-0.006718
-0.133101
-0.038339
0.088113
0.024872
0.087993
0.024832
0.087874
-0.038239
-0.038249
-0.038259
0.024822
-0.069810
-0.006718
0.056373
-0.101371
-0.038289
-0.006718
-0.006718
-0.069890
-0.133181
0.024912
-0.006718
-0.164971
-0.006718
-0.101791
0.151685
-0.038379
-0.038389
0.056613
-0.006718
0.088203
0.024902
-0.038339
-0.006718
0.024902
0.119664
-0.069890
-0.164821
-0.070030
0.088233
-0.006718
-0.070010
0.024932
-0.006718
-0.070030
-0.006718
-0.070070
0.024962
-0.165222
-0.070190
0.183577
-0.038409
-0.006718
-0.133582
0.056733
0.056693
0.056653
-0.133501
-0.006718
-0.070170
0.278498
-0.228483
-0.006718
-0.006718
0.024992
0.024982
0.024972
0.088293
-0.070050
-0.006718
-0.038399
-0.324078
0.056834
-0.102062
0.152138
0.025023
-0.006718
-0.038459
-0.006718
-0.070231
0.151987
0.151735
-0.006718
-0.006718
-0.133461
0.151685
-0.038379
0.183095
0.151185
-0.069850
-0.101490
-0.006718
-0.038329
-0.038339
-0.038349
-0.038359
-0.070030
-0.038389
-0.006718
0.024952
0.024942
-0.038379
0.024942
0.119824
-0.101610
-0.070030
-0.070070
0.183215
0.088113
-0.006718
0.024872
-0.069910
-0.133221
-0.038369
0.024932
-0.038369
0.119824
-0.069970
-0.006718
-0.006718
0.151334
-0.038309
-0.069930
-0.006718
-0.101610
0.056553
0.056513
0.088053
-0.006718
-0.069890
0.277238
0.024783
0.024773
0.087695
-0.101132
0.024763
0.056214
-0.038180
-0.006718
-0.101162
-0.006718
0.056254
-0.038200
0.056234
-0.038190
-0.006718
0.213373
0.087458
-0.132307
-0.101014
0.087577
-0.101014
0.056155
-0.069592
0.056155
-0.101043
-0.101132
0.150588
-0.038160
-0.006718
-0.006718
0.024723
-0.038160
-0.006718
-0.006718
0.024723
-0.038160
0.024723
0.024713
0.024703
-0.038140
0.024703
-0.038140
0.056115
-0.006718
-0.038130
0.024694
-0.006718
0.024684
0.056056
-0.006718
0.024654
0.087340
-0.100777
0.055997
0.024625
0.024615
-0.006718
-0.100748
-0.069454
0.118713
-0.006718
-0.038061
END
