y[]
0.121922
0.029277
-0.001573
-0.125030
0.091034
-0.001573
-0.032433
0.121807
0.090862
-0.063188
-0.001573
-0.094066
-0.032423
0.029277
0.029267
0.029258
-0.032404
0.029258
-0.063245
0.029267
-0.001573
-0.001573
-0.001573
-0.001573
-0.001573
-0.001573
-0.032414
0.029267
-0.094123
-0.032442
0.060155
-0.063302
0.121845
0.060079
-0.001573
0.029239
-0.032385
-0.032395
-0.155823
-0.063340
-0.156157
-0.032519
-0.311555
0.153538
-0.063589
0.308120
0.152915
-0.279824
-0.125489
-0.063589
0.122419
-0.032557
-0.001573
-0.094582
0.091435
0.029410
0.029401
0.060346
-0.032528
0.029382
-0.001573
0.091234
-0.001573
-0.094381
-0.063493
-0.063531
0.091349
0.122189
0.091148
-0.125221
0.060270
-0.063416
-0.032509
0.060289
0.091148
-0.125221
-0.032509
-0.094438
0.060346
0.029372
0.060289
0.152915
0.183498
0.090834
-0.032366
0.060003
-0.032357
-0.001573
-0.063169
-0.063207
-0.063245
0.090919
-0.001573
-0.032395
0.029248
0.029239
0.029229
-0.032376
-0.032385
-0.032395
-0.001573
-0.001573
-0.032404
-0.063264
0.029277
-0.032423
-0.094180
-0.001573
-0.465899
-0.001573
-0.063647
-0.032624
-0.001573
0.029478
0.153538
0.184243
-0.032519
-0.187447
-0.063608
-0.312326
0.278147
0.060481
-0.063627
0.215447
-0.001573
-0.032548
-0.125566
0.029439
0.060423
-0.032567
-0.001573
-0.094611
-0.063647
0.091522
0.122419
0.184128
-0.125336
-0.218527
0.060461
-0.001573
-0.001573
0.029430
0.091378
0.029391
-0.063512
-0.032557
0.091349
-0.001573
0.060327
-0.063474
-0.249559
0.029458
0.060461
0.091407
-0.125566
-0.063627
-0.063666
0.060519
0.153489
0.060384
0.060346
-0.094467
-0.032557
0.060384
-0.032548
-0.032557
0.122304
0.091234
0.029343
-0.032490
0.029343
-0.032490
-0.001573
-0.094381
-0.063493
0.029391
0.029382
0.029372
0.060289
0.091148
-0.063378
-0.063416
-0.001573
-0.094410
0.492560
-0.001573
0.029229
-0.063188
-0.001573
-0.063226
-0.155871
0.029305
-0.001573
0.491190
-0.063036
0.152013
-0.124424
-0.001573
-0.093810
-0.032338
-0.248031
-0.125030
-0.001573
-0.187045
-0.125412
-0.094553
0.184300
-0.125451
0.029410
0.060365
0.029382
0.029372
0.122112
-0.001573
-0.001573
0.245340
-0.063245
0.060098
-0.063245
-0.032423
0.090948
0.060060
-0.186587
-0.063321
0.029305
-0.032452
-0.156109
0.183841
0.029296
-0.125106
-0.249098
0.029401
0.307641
-0.094237
-0.032481
-0.001573
0.029334
0.029324
-0.063378
0.091119
-0.001573
-0.094266
0.029334
0.060212
-0.001573
0.121883
-0.001573
-0.032423
-0.032433
-0.032442
-0.001573
0.029296
0.060136
-0.001573
0.060098
-0.063245
-0.001573
-0.001573
0.029267
0.029258
-0.186701
-0.001573
-0.032461
-0.032471
0.029324
0.029315
0.121883
0.029267
-0.186759
0.029315
-0.094266
0.091119
-0.063359
0.152819
0.183384
-0.124840
0.090891
-0.001573
-0.063207
0.029248
-0.248411
0.029315
-0.094266
0.060231
0.060193
-0.001573
-0.001573
-0.001573
-0.001573
-0.032452
-0.001573
0.060174
-0.063321
0.060174
-0.001573
0.029286
0.060117
0.029258
-0.063245
0.121731
0.029229
0.090777
0.029191
-0.001573
0.029182
0.029172
-0.032319
-0.001573
0.121352
-0.370805
0.029248
-0.032395
-0.001573
0.029248
-0.001573
0.029239
0.029229
-0.001573
0.029220
-0.001573
-0.032366
0.029220
-0.001573
-0.001573
0.059984
0.029191
-0.032338
-0.001573
0.029191
-0.032338
0.029191
0.029182
0.029172
-0.001573
0.029163
-0.063055
0.121352
-0.032291
0.059852
-0.001573
-0.062998
-0.001573
-0.186075
-0.093952
0.121579
0.029191
-0.001573
0.090663
0.090578
0.151824
-0.001573
-0.185679
0.059833
-0.093697
0.090550
0.151777
-0.032225
-0.093584
0.029106
-0.001573
-0.032253
0.059776
0.029087
-0.032234
-0.032244
-0.001573
-0.001573
-0.093640
0.059814
-0.093669
0.090522
0.274204
-0.985591
-1.057812
0.279107
0.433480
-0.498932
0.091870
-0.751577
0.467838
-0.408269
0.123740
-0.189602
0.029789
0.029779
0.029770
0.029760
0.092367
0.061005
0.060966
0.092162
-0.064054
0.900595
-0.032548
-0.032557
0.060384
-0.063531
-0.001573
-0.094582
0.029439
-0.187793
-0.032644
-0.001573
-0.063743
-0.032673
0.029526
-0.001573
-0.126029
-0.063859
-0.001573
-0.188664
0.154360
0.247415
0.184762
-0.001573
-0.001573
-0.001573
-0.001573
0.029449
0.184358
0.029382
0.183955
-0.032471
0.121960
-0.063321
0.060174
-0.032442
0.029296
-0.094209
-0.063378
-0.063416
0.029353
0.029343
0.091119
-0.001573
0.029305
0.152676
-0.094095
-0.032433
0.060136
-0.063283
0.090976
-0.001573
-0.001573
0.029258
0.029248
0.060041
0.489979
-0.185623
0.090494
END
