y[]
0.000797
0.000797
-0.081882
0.000797
-0.054360
-0.026793
-0.054406
-0.109700
-0.165178
-0.026892
0.056168
0.000797
0.028471
0.028464
0.028456
0.221792
0.111112
-0.081927
-0.137229
-0.054467
-0.082156
-0.054543
0.304791
0.303870
-0.081768
-0.054284
-0.026755
-0.054330
0.028364
0.193555
-0.054239
0.248220
0.137990
-0.054057
-0.109002
-0.081632
-0.026694
-0.191855
0.138444
-0.136849
0.055879
0.138368
-0.026702
0.000797
0.028296
0.110718
-0.054148
0.055742
0.055712
0.028243
-0.026649
0.000797
0.028243
0.055667
0.274695
0.055487
0.082776
0.082709
0.082641
0.000797
0.109819
-0.080958
0.000797
-0.053743
-0.053773
0.000797
-0.163092
-0.053892
0.055487
-0.135983
0.082888
-0.136058
0.110296
0.028153
-0.081293
-0.081361
-0.026604
-0.026611
0.000797
0.028206
0.082978
-0.081383
0.000797
-0.026611
-0.108912
0.083091
-0.026626
0.000797
0.028221
-0.054057
0.055652
-0.054057
0.083068
0.137765
-0.026581
0.000797
-0.026589
0.000797
-0.108822
0.219915
0.028153
-0.026559
-0.026566
-0.053952
-0.081383
-0.191220
0.137990
-0.026626
0.055637
-0.108912
-0.054103
-0.054133
-0.054163
-0.081700
-0.054239
-0.026732
0.028327
-0.219649
0.221244
-0.054269
0.000797
-0.054299
0.055894
0.000797
0.138406
-0.081745
-0.054269
-0.054299
0.055894
0.138406
0.083271
-0.109183
-0.026717
0.000797
0.000797
-0.136887
0.000797
-0.192280
-0.082064
-0.192814
0.056153
0.056122
-0.054528
-0.026877
0.139091
-0.082156
-0.220748
0.083934
0.111539
0.028464
-0.082225
0.056153
0.028464
-0.082225
0.083819
-0.109914
-0.026900
-0.110067
0.000797
-0.054681
-0.026954
0.056291
0.000797
0.000797
0.028533
0.083957
0.028502
-0.861637
0.168301
0.028687
0.084421
-0.110717
-0.110841
-0.083013
0.056679
0.000797
0.028726
-0.138926
-0.503830
-0.055430
-0.168074
0.197786
-0.196192
0.197786
0.085102
0.197233
0.000797
-0.167553
0.169147
0.056851
-0.139396
-0.027265
-0.195860
-0.055462
0.085174
0.085102
-0.111625
0.028915
0.225453
-0.055319
0.084961
-0.083366
0.000797
0.141030
-0.279865
-0.083555
0.141345
0.056961
0.225138
-0.027218
-0.083295
-0.251905
0.085102
0.000797
0.225264
0.364485
0.056632
0.195974
0.167789
-0.054836
0.139821
-0.026992
-0.221796
0.195593
0.222958
0.111693
-0.248891
0.028571
-0.026977
0.056337
-0.082525
0.084119
-0.082525
0.028579
0.056337
0.000797
-0.110314
0.000797
0.028587
0.028579
0.000797
0.000797
-0.026984
0.028579
0.000797
0.056337
0.167233
0.139282
0.083796
-0.165270
0.222159
-0.192867
-0.026900
-0.221055
0.194945
0.028502
-0.304377
-0.305311
0.000797
0.195702
0.306311
-0.137957
0.111816
0.056260
-0.026930
0.083957
0.028502
0.028494
-0.110037
0.056230
-0.110098
0.000797
-0.026946
-0.249238
0.112001
-0.082594
-0.027015
-0.027023
0.000797
0.167603
0.000797
0.167325
-0.110191
-0.026969
0.194999
0.194623
-0.054543
0.111447
-0.054512
0.028456
-0.082202
-0.248614
-0.082478
0.167279
0.083934
-0.054620
0.083911
-0.054604
-0.026915
0.056214
-0.054620
0.056214
0.000797
0.028494
0.028487
-0.054589
0.028494
0.028487
-0.026892
0.000797
0.028487
0.000797
-0.026892
0.000797
0.000797
-0.026900
0.000797
-0.026907
0.000797
0.166910
-0.026869
0.000797
0.139053
-0.026838
0.111295
0.441569
0.083226
0.083158
0.137915
0.219795
-0.053907
-0.026566
0.055517
-0.053922
-0.053952
-0.053982
-0.081428
0.110416
-0.081406
0.000797
-0.026619
0.083023
0.165046
-0.136058
0.082933
-0.026574
-0.026581
-0.026589
-0.053997
-0.026611
0.000797
0.028206
0.082978
-0.053982
0.000797
0.082955
-0.108762
0.028198
-0.054012
0.000797
0.110386
0.082910
-0.026566
-0.053952
0.082910
-0.081316
0.000797
0.110266
0.055487
0.028131
-0.053877
0.000797
0.055472
-0.053877
0.055472
0.028123
0.000797
-0.026529
0.055442
0.028108
-0.026514
0.000797
-0.081181
0.028131
0.082753
-0.026514
-0.026521
0.028116
0.028108
0.000797
0.000797
-0.081159
0.028123
-0.081204
0.000797
-0.218201
-0.081451
0.083045
-0.026611
-0.026619
0.083023
0.055577
0.192290
-0.026536
-0.026544
0.246598
-0.135684
0.028108
0.000797
0.055397
-0.108433
-0.190643
-0.136170
0.137765
-0.191010
0.028221
-0.108942
0.110537
-0.136396
0.000797
0.028251
-0.136547
-0.219346
0.028342
-0.137001
0.248697
-0.109305
0.000797
-0.357873
0.166497
0.111112
-0.054345
0.028372
-0.109548
-0.054421
0.166360
-0.081950
0.055970
0.276204
0.028296
0.055773
0.055742
-0.081632
-0.164265
0.028327
-0.026732
-0.164538
-0.026785
-0.109608
-0.109731
END
