y[]
-0.107068
0.073810
0.073757
0.145907
0.037532
-0.034631
0.037532
-0.070725
0.073627
0.037519
-0.070699
0.037532
-0.034631
0.073601
-0.034618
-0.070725
-0.034657
0.145803
0.109578
0.037467
-0.034566
-0.034579
-0.034592
0.037493
0.037480
0.145439
0.001451
0.252933
-0.070337
-0.034462
0.001451
-0.034475
-0.106405
0.109306
0.073290
-0.070388
-0.034488
0.001451
-0.034501
-0.106482
-0.070569
0.037467
0.037454
0.037442
-0.034540
0.073419
0.037416
-0.070492
0.001451
-0.034540
0.109384
0.001451
-0.070492
0.145284
0.001451
-0.034488
-0.034501
0.001451
0.001451
0.073342
0.073290
0.001451
0.001451
-0.034462
0.109151
-0.070337
0.037351
0.073213
0.108997
-0.070234
0.037300
0.001451
-0.034398
0.108958
-0.034372
0.108881
-0.070157
0.001451
0.001451
0.001451
0.037261
0.001451
0.001451
0.001451
0.001451
0.001451
-0.034359
0.001451
0.037261
-0.034359
0.073058
0.001451
0.037235
-0.034334
-0.034347
0.180310
0.286961
-0.034193
0.037095
-0.034193
-0.069876
0.357577
0.036994
0.036981
0.462200
0.001451
0.142794
0.001451
0.001451
-0.033866
-0.104575
0.001451
0.072147
-0.069246
0.036805
0.036793
0.001451
0.036780
0.036768
-0.033866
-0.069221
0.001451
0.036793
0.001451
-0.033891
0.072122
-0.069221
-0.033904
0.036805
0.107439
0.036755
0.072022
0.001451
-0.033829
0.142495
0.036681
0.036668
-0.068996
0.318074
-0.033680
0.036582
-0.139147
-0.104127
-0.174761
-0.069121
0.107290
-0.210339
-0.033891
-0.104650
0.072197
0.036805
0.001451
0.072122
-0.104575
0.072147
-0.033891
-0.033904
-0.033916
-0.175572
-0.069446
0.001451
0.107777
-0.069421
0.143144
0.001451
-0.033954
0.072247
0.036830
0.036818
0.001451
-0.104687
-0.282137
0.072423
-0.105027
0.036956
0.036943
-0.105064
-0.105178
-0.105292
0.001451
0.037044
-0.105368
0.250517
-0.105216
-0.069724
-0.034155
-0.034168
0.108269
-0.176644
0.037095
0.072701
0.037057
0.108193
-0.176517
0.037070
-0.176771
-0.069927
-0.212988
-0.070131
0.073033
0.072982
0.108651
-0.177280
-0.070131
-0.070182
0.108881
0.073007
0.180118
-0.212988
-0.177600
0.287779
0.001451
-0.141611
-0.034347
0.251764
-0.070003
-0.213218
0.144615
-0.285082
-0.249941
0.145181
-0.034462
0.109151
0.073187
0.108958
-0.141918
0.144820
-0.070208
-0.070259
-0.106211
0.073238
-0.034436
0.073213
0.108997
0.073084
0.037248
0.073007
-0.070105
0.037235
0.001451
-0.070131
0.037248
0.037235
0.037223
0.001451
-0.034321
0.037223
-0.572439
0.001451
0.037416
-0.178502
0.001451
0.001451
0.073471
0.217201
0.037364
0.037351
0.109074
0.037300
-0.106134
0.037325
0.073161
-0.213834
-0.070414
0.037390
0.109190
0.037338
0.216505
-0.106018
0.037287
-0.034385
0.430636
0.037133
0.037121
0.179609
0.001451
-0.069774
0.001451
-0.034181
-0.034193
0.179545
-0.140999
-0.105520
-0.177089
-0.070054
-0.070105
0.001451
-0.141816
0.073110
0.287574
-0.105749
-0.105864
0.037235
0.180182
0.072854
-0.034244
-0.069978
-0.177344
0.144512
0.037184
0.144257
-0.034232
0.108460
-0.034206
0.037108
0.001451
0.001451
0.001451
0.037095
0.037082
0.001451
0.072676
-0.105406
0.037082
-0.069825
0.001451
0.072727
-0.069825
0.072727
-0.141152
0.037121
-0.212758
0.072905
-0.105749
0.001451
-0.105864
0.108766
0.072930
0.001451
-0.213141
-0.645103
-0.359560
-0.034722
0.146064
0.001451
0.037572
-0.143110
0.073757
-0.107029
0.037624
0.001451
0.037611
-0.215704
0.073888
0.290677
-0.179218
0.073757
0.181989
0.145647
0.037467
-0.034566
-0.034579
0.037480
0.001451
0.109462
0.037429
0.037416
-0.178502
0.073471
0.037442
-0.178632
0.037493
0.145491
-0.178632
0.253476
0.073342
-0.142382
0.037429
-0.034527
0.037429
0.001451
0.001451
0.288807
-0.249941
-0.394875
0.001451
-0.106911
-0.107029
-0.034735
0.073810
0.037611
0.001451
0.109852
-0.034670
0.037572
-0.106950
0.001451
-0.034709
-0.070908
0.001451
-0.107186
-0.034788
-0.107343
0.037729
0.218842
-0.252218
0.037729
-0.071118
-0.216572
0.110522
0.001451
-0.034893
0.001451
0.037795
0.146694
-0.580792
0.365750
-0.435868
-0.035079
0.220429
-0.290627
-0.071702
0.147703
-0.071649
-0.071702
0.184233
0.074470
0.183766
-0.034986
0.110721
0.074231
-0.071329
0.037848
0.183236
0.255396
0.218606
0.362332
0.073471
0.145336
0.037390
-0.178373
-0.034553
-0.106638
-0.070673
-0.034631
-0.034644
0.073627
-0.034631
-0.143006
-0.070856
-0.324577
0.146484
-0.216177
0.255304
-0.143529
-0.361922
0.255950
0.001451
-0.034867
-0.180334
END
