y[]
0.036067
-0.175287
0.000862
-0.069684
-0.034430
-0.034442
-0.069784
0.000862
0.106813
0.141956
-0.104939
0.071409
-0.069684
0.106664
0.212130
-0.104716
-0.104827
0.000862
0.106552
-0.034355
0.000862
0.071285
0.071235
-0.069511
0.000862
-0.069560
0.000862
0.000862
-0.069610
-0.069659
0.036130
0.141807
-0.069585
-0.175473
0.141956
0.036105
0.176888
0.000862
0.071186
0.246606
0.000862
0.035919
0.035907
-0.034182
0.175963
-0.034133
0.035858
-0.034133
-0.034145
-0.034158
-0.034170
0.035895
-0.104272
-0.069288
0.035944
-0.069313
0.071038
0.070989
-0.139439
-0.034244
0.071062
0.000862
0.141115
-0.034182
0.035907
0.000862
0.000862
0.000862
-0.104309
0.000862
-0.034219
0.000862
0.106070
0.140967
-0.069166
-0.174422
-0.280234
-0.175225
0.000862
0.141757
-0.210554
0.036130
0.000862
0.036117
-0.140231
0.071434
-0.352495
0.318940
0.282751
-0.104753
-0.104864
0.177012
-0.140032
-0.034392
0.036117
-0.104939
0.036142
-0.140331
0.106776
-0.034430
-0.069759
-0.140530
0.071584
-0.034492
0.000862
0.071559
0.000862
-0.069834
0.106888
-0.140530
0.142255
-0.069809
-0.034492
-0.176097
0.036279
0.107038
-0.034517
-0.034530
0.071634
-0.140731
0.142455
0.000862
-0.034517
0.000862
0.036242
-0.034517
0.036242
-0.034517
0.000862
-0.034530
-0.034542
-0.105426
0.036305
0.036292
0.000862
-0.034567
-0.105502
0.071784
0.071734
-0.211904
0.071835
-0.034617
-0.105653
0.000862
-0.034668
-0.355137
0.107795
-0.034769
-0.070439
0.214614
0.072011
-0.641309
0.000862
-0.249989
0.072598
-0.142661
-0.070977
0.072701
0.036763
0.036750
0.180106
-0.178381
-0.106838
0.036775
-0.142867
0.036814
0.072727
0.216148
-0.286288
0.108640
0.072650
-0.070925
0.000862
-0.035051
0.216148
0.000862
0.072521
-0.142507
0.036724
0.215762
-0.249899
-0.035012
-0.070925
0.000862
0.036763
-0.142816
-0.359239
0.145059
0.108873
-0.035128
0.000862
0.216612
0.000862
0.036775
0.000862
0.108524
0.072573
0.108332
0.036660
0.108178
0.000862
-0.178061
0.000862
0.108255
0.000862
-0.034922
-0.106568
-0.070822
0.072547
0.000862
-0.034973
0.000862
0.000862
-0.034986
0.000862
0.036711
-0.034986
0.108370
-0.070797
-0.034986
0.072547
0.000862
0.072496
0.000862
0.072444
0.000862
0.036634
0.000862
-0.393333
0.000862
0.036763
-0.035038
-0.035051
-0.035064
0.323733
-0.070797
-0.106722
-0.106838
-0.178897
-0.035128
0.036853
-0.143178
0.180880
0.000862
-0.035115
-0.035128
-0.035141
-0.035154
-0.035167
0.108912
0.036853
-0.071132
0.108834
0.072779
-0.071054
0.000862
-0.035115
-0.071132
-0.035154
0.072883
0.072831
-0.143126
0.144851
0.036827
0.180492
-0.106877
-0.106993
0.108718
-0.035077
0.072727
-0.071003
-0.215043
0.000862
-0.071210
0.036905
0.036892
0.000862
0.036879
0.036866
0.036853
-0.035128
0.072831
-0.035115
0.000862
0.000862
-0.107148
0.072883
0.000862
0.431898
0.179913
-0.178189
-0.034986
-0.034999
-0.035012
-0.178703
-0.107032
-0.071132
-0.215432
0.109068
-0.035193
0.108990
0.000862
0.000862
0.432207
0.036724
0.358773
0.179338
-0.070490
0.250372
0.072037
-0.177169
-0.034782
0.036507
0.000862
-0.034782
0.000862
0.107757
0.036469
-0.070363
0.036481
0.000862
-0.106032
0.107757
0.000862
0.000862
0.036469
0.000862
-0.070363
0.000862
-0.070413
0.143363
-0.034744
0.000862
0.249840
-0.034668
-0.034681
0.000862
-0.070261
0.285054
-0.070110
0.036355
0.036342
-0.070110
0.071835
0.000862
-0.212206
0.036405
-0.176979
0.107605
0.000862
0.143009
-0.070186
-0.034681
-0.034693
0.143009
-0.176852
0.071986
0.107453
-0.034655
0.036380
0.000862
0.036367
-0.034643
0.000862
0.071860
-0.070135
-0.034655
0.000862
0.036380
0.142807
0.000862
-0.070085
0.036342
-0.212206
0.000862
0.000862
0.071936
0.000862
-0.105766
-0.319708
-0.249182
0.072368
0.179402
-0.070515
0.143567
0.072138
0.072087
0.036456
-0.105956
0.000862
-0.248826
0.179275
0.000862
-0.070464
0.179084
-0.034756
-0.070413
0.000862
0.000862
0.036507
0.072113
0.036469
-0.034744
0.285358
0.000862
0.036367
-0.070160
0.142857
-0.034617
0.000862
0.036342
0.000862
0.390312
-0.034480
-0.140630
-0.069959
-0.211904
0.249045
-0.105426
0.071734
0.071684
0.036254
-0.069934
0.036267
0.036254
0.036242
0.000862
-0.034517
0.036242
0.000862
0.071584
-0.034492
0.000862
-0.034505
0.000862
0.000862
0.000862
0.000862
-0.034517
0.071609
-0.034505
0.000862
0.000862
0.000862
0.071584
0.000862
0.000862
0.177447
-0.069734
-0.105126
END
