y[]
-0.159692
-0.127450
0.034956
-0.030032
-0.420923
-0.258976
-0.063005
-0.030287
-0.227084
0.199248
-0.128686
-0.260350
-0.129204
0.101227
0.101130
0.035330
0.133825
-0.030363
-0.030373
-0.063241
-0.161985
-0.063393
0.035395
-0.129334
0.002462
-0.096499
-0.526990
0.035635
0.101915
-0.163348
0.168272
0.035591
-0.096958
-0.030700
-0.163513
0.035679
0.002462
0.035668
0.201467
0.068709
-0.229595
0.101981
-0.030700
0.068775
0.134956
-0.130032
-0.030689
0.035613
0.134956
0.002462
0.068643
-0.096827
-0.030656
0.068687
-0.096892
0.068709
0.068665
-0.063741
-0.030656
-0.063807
-0.097024
-0.030722
-0.163623
-0.097322
0.102246
0.002462
0.035701
0.035690
-0.030766
-0.064027
0.035712
0.035701
0.035690
-0.197073
-0.064138
0.268596
0.102080
-0.097156
0.068885
0.234596
-0.063807
-0.196609
0.300920
0.101750
0.200744
-0.030558
0.068490
-0.096597
0.002462
0.101521
0.035460
0.035449
0.068403
0.035416
0.002462
-0.063458
-0.030514
0.035438
-0.030514
0.035438
0.068382
-0.063458
0.002462
0.035427
-0.030503
0.035427
-0.096466
-0.030536
0.002462
0.002462
0.068447
0.134301
-0.030482
0.134171
-0.030449
0.068273
-0.063349
0.002462
-0.063393
-0.096401
-0.195558
-0.030580
-0.096728
0.101652
0.002462
0.002462
0.167560
-0.030536
0.002462
-0.063566
0.002462
0.134475
0.101358
-0.030492
0.101292
-0.096369
0.528433
-0.457611
-0.030482
0.035405
0.002462
-0.030482
0.002462
0.002462
0.167071
0.101097
-0.063284
0.101065
0.002462
-0.063263
-0.063306
0.068230
-0.063306
0.101097
-0.063284
0.035340
0.199506
-0.030352
0.068079
-0.063155
0.100871
0.002462
-0.128772
-0.030373
0.133739
-0.030341
0.100839
-0.030320
0.002462
0.002462
0.035243
0.002462
0.035233
0.002462
0.002462
-0.030309
0.002462
0.002462
0.035233
-0.063090
0.002462
0.035243
0.002462
0.035233
-0.030309
0.002462
0.035233
-0.030309
-0.030320
0.068014
0.002462
0.002462
0.002462
0.002462
-0.063090
-0.095947
0.035276
0.166370
-0.095850
-0.161607
-0.030384
-0.063263
-0.194972
0.002462
0.134128
-0.030438
-0.063371
0.101195
-0.129204
0.002462
-0.030482
0.002462
-0.990924
1.061724
0.002462
-0.063414
0.002462
0.101260
0.035373
0.068251
-0.030427
0.035351
-0.030427
-0.195102
0.035416
0.002462
0.035405
-0.063436
0.002462
0.134214
-0.096336
0.199960
0.002462
-0.030427
0.068230
-0.063306
-0.030438
-0.063371
-0.195297
0.101390
-0.096466
-0.096564
-0.195885
0.068621
-0.096794
0.035558
-0.030634
0.068643
0.068599
-0.030601
0.068578
-0.063654
-0.096794
0.035558
0.002462
0.002462
0.035547
0.068599
0.002462
0.068556
0.002462
0.002462
-0.030580
0.068534
0.002462
0.035482
-0.328226
0.002462
0.002462
0.002462
0.002462
0.002462
0.101783
0.167779
0.035492
-0.063610
-0.129813
-0.129988
0.068709
0.068665
-0.129988
0.002462
0.134912
-0.063741
-0.030656
-0.030667
0.035591
-0.130120
0.002462
0.068775
0.002462
0.002462
-0.063851
0.002462
0.002462
-0.030711
-0.296591
-0.030821
0.069018
-0.264027
0.135795
-0.064183
-0.130960
0.135884
0.002462
0.002462
0.069106
0.102345
0.168713
0.002462
0.102080
0.168272
0.035591
0.167943
-0.196148
-0.096991
0.035624
-0.196675
0.102080
0.135132
-0.063851
0.135044
0.035580
0.101750
0.068599
0.035514
0.002462
0.068534
0.068490
0.101423
-0.030514
0.035438
0.035427
-0.063479
-0.030525
-0.063545
0.068469
0.035449
0.068403
0.068360
0.035395
0.035384
0.232612
0.035297
-0.030373
0.068122
0.133652
-0.063112
-0.161661
0.068143
-0.194712
0.199636
-0.096076
0.068165
0.035297
-0.030373
0.002462
-0.030384
-0.129031
-0.096271
-0.030471
0.101227
0.002462
-0.030449
-0.195232
-0.096532
0.035471
-0.096597
0.035492
0.167451
0.002462
-0.030514
-0.063523
0.134388
0.035416
0.068338
-0.030471
0.002462
-0.096401
-0.030514
0.035438
0.002462
-0.030514
-0.129551
0.068490
0.002462
0.200286
-0.129377
0.134301
0.232763
0.002462
0.133825
0.133652
-0.128729
0.002462
-0.063198
-0.030384
0.002462
0.035308
-0.030384
0.035308
0.035297
0.002462
0.002462
0.002462
0.002462
0.035286
0.035276
0.068057
-0.030330
0.002462
0.002462
0.035254
0.002462
0.002462
0.002462
-0.063133
0.068057
0.035243
-0.095915
0.035265
0.002462
0.002462
0.002462
-0.095979
0.002462
-0.063220
0.068143
0.002462
0.035286
0.035276
-0.063176
-0.096076
0.002462
0.035319
0.035308
0.100936
0.100839
0.067993
-0.095850
0.068014
0.035222
-0.095850
0.100774
-0.063069
0.198926
-0.128471
-0.030298
0.002462
0.002462
END
