y[]
0.151454
0.022868
0.151145
-0.041297
-0.041307
0.022827
0.086898
-0.105379
-0.041307
0.022827
0.022816
0.022806
0.022796
-0.041276
-0.041286
0.246842
-0.105194
-0.201425
-0.041307
-0.041317
0.054904
-0.009240
0.118924
-0.105348
-0.041297
0.054862
-0.009240
-0.201671
0.022857
0.054924
-0.169728
-0.009240
0.087083
-0.266310
-0.138023
-0.558426
0.281881
-0.106186
0.023086
-0.170974
-0.106406
0.281975
-0.106218
-0.009240
-0.073944
-0.171184
0.023169
-0.268812
-0.074239
0.218070
0.023191
-0.139026
-0.009240
-0.106690
0.153124
0.023201
-0.074133
-0.009240
-0.009240
0.088083
-0.041671
-0.041681
-0.074154
-0.041713
-0.106722
-0.041755
-0.041766
0.055800
-0.041755
0.218143
0.120462
-0.171394
0.120504
0.314385
-0.009240
-0.009240
-0.106218
0.184621
0.055297
0.023013
-0.170609
0.023054
0.055318
0.023023
-0.073777
-0.106124
-0.009240
0.055359
0.055318
-0.073798
0.055318
-0.009240
0.023023
-0.041503
0.023023
-0.073777
-0.009240
-0.073819
-0.041545
-0.009240
0.023065
-0.041545
0.023065
0.441937
-0.041400
-0.009240
-0.009240
-0.009240
-0.009240
-0.073590
0.119419
0.183438
0.086960
0.374637
-0.009240
-0.073118
-0.041194
-0.073179
0.150530
0.054596
0.054556
0.150072
0.340355
0.022481
-0.040961
-0.040971
-0.136265
0.244648
0.149113
-0.009240
0.117262
0.022360
0.053931
0.085442
-0.135503
0.243126
0.085233
-0.040721
-0.072232
0.116704
0.210782
0.084907
-0.071995
-0.040632
0.022152
-0.009240
-0.040632
-0.103476
0.241859
-0.040593
-0.071975
-0.103417
0.210368
-0.009240
-0.197446
-0.103476
-0.009240
-0.040672
-0.103595
0.022221
-0.009240
-0.135145
0.053732
-0.103713
0.022261
0.085203
0.053673
0.085055
-0.040662
-0.103565
-0.009240
0.085085
0.022182
0.022172
-0.009240
0.022162
0.053534
-0.103417
0.022162
0.491857
0.084437
0.021966
0.021956
-0.102859
-0.165466
-0.134397
0.209681
0.084437
0.146693
0.270828
0.146015
0.114791
-0.071236
-0.040253
-0.164447
-0.009240
0.083913
-0.009240
-0.382375
0.456961
-0.040253
-0.040262
-0.040272
-0.133464
0.052891
0.021811
0.052833
-0.071313
0.021801
0.021792
-0.102365
-0.071371
-0.040320
0.021840
-0.009240
-0.040320
0.083971
-0.102451
0.115022
0.021801
0.021792
-0.288874
-0.040359
0.084087
0.052930
-0.071410
-0.009240
-0.133696
-0.196214
0.084291
-0.071584
-0.102829
0.021966
0.021956
0.053123
-0.102800
-0.009240
-0.040446
-0.009240
0.053162
-0.040437
-0.009240
0.053143
0.021937
-0.009240
-0.009240
-0.040417
0.021937
-0.040417
0.021937
-0.009240
0.084232
0.021898
0.084116
0.052949
-0.071429
-0.164882
0.053046
-0.071526
-0.009240
-0.071565
0.021927
0.084203
-0.227411
0.146645
0.146402
0.301319
-0.040253
-0.009240
-0.009240
0.114752
0.021734
0.083625
0.083539
-0.194884
0.083625
-0.071141
0.207244
0.021648
-0.040128
-0.009240
-0.163824
0.052622
0.021677
-0.102019
0.145343
0.052526
-0.040119
-0.101933
0.083453
0.052507
-0.040109
-0.009240
-0.071007
0.021648
-0.101933
-0.225858
0.083653
-0.381334
0.176980
0.021763
-0.226463
0.083913
-0.102393
-0.071391
-0.071429
0.332322
0.052737
-0.009240
-0.040224
-0.102249
-0.133387
0.362738
-0.102105
-0.009240
-0.040214
0.083653
-0.009240
0.021705
-0.009240
0.052622
-0.071102
-0.040186
-0.071160
-0.040214
0.083653
-0.040195
-0.009240
-0.071179
-0.040224
-0.040234
0.238438
-0.071102
0.021696
-0.133041
0.052679
-0.102134
0.114599
-0.009240
0.114446
-0.163871
-0.071160
-0.257302
0.114868
0.176633
0.052641
0.083510
-0.071064
-0.194941
0.083653
-0.009240
0.052641
-0.102076
0.021715
0.052641
-0.009240
-0.071121
-0.009240
-0.009240
-0.009240
-0.102134
-0.133233
-0.009240
-0.226598
0.177095
-0.102365
-0.071371
0.114983
-0.102393
-0.009240
0.486577
-0.411904
0.052814
0.083769
-0.102249
0.021772
0.021763
-0.071256
-0.040262
0.021782
-0.164447
0.021821
0.145919
-0.040253
-0.009240
0.021772
0.021763
0.021753
-0.040234
-0.009240
-0.009240
0.021753
-0.009240
-0.009240
-0.009240
-0.040234
-0.009240
0.021753
-0.009240
-0.040234
0.021753
-0.040234
0.021753
-0.009240
0.021744
0.114599
0.021696
-0.040176
-0.071141
0.052660
-0.009240
-0.040186
-0.102134
-0.102220
-0.102307
-0.009240
0.083826
-0.071275
0.362392
0.021667
0.021657
-0.040138
0.083424
-0.009240
-0.071007
-0.040138
-0.071064
-0.040166
-0.009240
-0.009240
0.021686
-0.009240
0.021677
-0.009240
0.021667
0.021657
-0.040138
-0.009240
0.021657
0.175945
-0.009240
-0.410909
0.423260
-0.132621
-0.009240
-0.070988
0.052507
0.052469
0.052431
-0.101761
END
