y[]
0.029520
0.002254
0.111245
0.138327
-0.161056
0.002254
0.002254
0.029490
-0.079479
0.029505
-0.106798
0.056794
0.029513
0.002254
-0.079546
0.056794
0.138475
0.083897
0.029453
0.110979
0.002254
0.137994
-0.052020
-0.052050
0.083698
0.056513
0.029372
0.056469
0.029350
0.002254
0.002254
-0.106177
0.110684
-0.024843
-0.106206
0.056498
0.029365
-0.024858
0.029365
-0.024858
0.056469
0.029350
-0.051947
-0.024858
0.083565
-0.051947
0.056454
0.083499
0.083433
-0.024799
-0.160216
0.137663
0.083411
0.164372
-0.024748
0.029255
0.191060
0.056133
-0.024682
0.029190
-0.159471
-0.105709
0.056249
-0.051742
-0.051771
0.110274
-0.024741
0.056235
0.056206
0.002254
0.002254
0.029219
0.002254
0.002254
0.056162
-0.024697
-0.051669
0.029219
-0.024711
0.029219
-0.105650
0.029241
0.056206
-0.024719
0.002254
-0.051713
-0.051742
-0.024755
0.002254
0.029262
-0.024755
0.191162
0.110041
-0.186451
0.029233
0.083149
-0.132608
-0.105767
-0.024770
0.272159
-0.321721
0.029292
-0.214255
-0.024843
-0.051962
0.083565
-0.187577
-0.160746
-0.052139
-0.133856
-0.297842
0.193328
0.084031
0.029498
-0.024991
0.111186
-0.297597
0.056839
0.193067
-0.106738
0.029513
0.029505
-0.297924
0.138810
-0.025043
0.165920
0.138438
-0.188456
0.002254
-0.216147
0.084210
0.111424
0.056794
0.002254
0.056764
0.029498
0.002254
0.002254
0.002254
0.111156
0.056661
0.083809
-0.024924
0.002254
0.002254
0.056601
-0.052094
-0.024931
-0.052139
0.029453
0.110979
0.029416
0.056557
0.137884
-0.106236
-0.052035
0.056542
0.029387
0.002254
-0.024880
-0.133524
0.002254
0.083742
0.002254
-0.024902
-0.052079
0.002254
-0.133708
-0.133893
0.002254
0.165608
-0.079390
-0.188508
-0.052317
0.002254
-0.052346
0.111424
0.002254
-0.270896
0.029602
-0.161950
0.057018
-0.162130
0.002254
0.166637
-0.052511
-0.025140
0.303170
0.056869
-0.079680
-0.079747
0.029595
0.166143
-0.052346
0.029557
0.084120
0.029528
0.056779
-0.025005
-0.025013
0.056779
-0.161413
-0.025050
0.111424
0.084053
0.083986
-0.024983
-0.188612
0.029542
-0.188925
0.029587
0.193380
-0.106917
0.193224
-0.079546
0.002254
-0.052317
0.056824
-0.106917
0.002254
0.056854
0.655139
0.083565
-0.269043
0.002254
-0.297026
0.192808
0.056631
0.002254
-0.215434
-0.379843
0.084254
-0.573169
0.276677
0.002254
0.111813
0.084344
0.029602
0.166188
-0.025050
-0.134377
0.193484
0.029542
-0.052332
0.519614
0.029409
0.056542
-0.024887
-0.269560
-0.052198
0.056705
0.029468
0.111038
0.056601
0.002254
-0.188093
0.138253
-0.106531
0.111038
0.029431
0.002254
-0.079301
0.110979
-0.133671
0.029453
-0.052153
-0.133893
0.002254
0.002254
-0.052257
-0.188768
-0.025065
-0.079747
0.248055
-0.161547
0.056883
0.084143
-0.025035
-0.106976
-0.107096
-0.025102
0.029610
0.193537
-0.079680
-0.025073
0.029580
0.220594
0.029513
0.111216
-0.133968
-0.052287
-0.052317
0.111364
0.084009
0.056720
-0.052213
-0.024991
-0.052257
0.029513
0.056750
0.056720
0.002254
-0.024976
-0.052227
-0.052257
0.056764
-0.052257
0.002254
0.029513
-0.052272
-0.025020
0.002254
-0.052317
0.056824
-1.703427
-0.053256
0.002254
0.030012
-0.108827
0.113334
0.085483
0.029981
-0.025474
-0.192056
0.168828
0.029989
0.002254
-0.025482
-0.136539
0.002254
0.057794
0.030012
0.085483
0.057701
0.251389
-0.108396
0.002254
-0.108519
0.057655
0.112965
0.223309
-0.080585
0.085092
0.085024
0.029828
0.112477
0.112355
0.029760
0.002254
-0.107818
-0.025283
0.002254
0.112355
-0.080311
0.194799
0.057199
0.139484
-0.052616
0.276301
0.029617
0.002254
0.111633
0.056898
0.056869
-0.052361
-0.271270
0.057018
0.029625
-0.052496
0.084367
0.002254
-0.079859
0.029632
0.111693
0.002254
-0.052451
0.002254
0.002254
0.029610
-0.052466
-0.052496
-0.025132
-0.025140
0.029647
-0.079949
0.002254
0.057063
-0.025147
-0.052571
0.002254
0.002254
-0.025170
-0.052616
-0.025193
0.084569
0.002254
-0.382468
-0.135506
0.277584
-0.190398
0.057335
-0.080380
-0.218436
0.085069
0.002254
-0.052949
-0.163538
0.085184
-0.053026
0.140394
-0.052980
-0.025375
0.029882
-0.108305
0.140432
0.085069
0.002254
0.140128
0.002254
-0.025306
0.029813
-0.190823
0.029859
-0.025352
-0.025359
0.029866
-0.052980
-0.080654
0.085161
-0.053010
-0.025390
0.112781
-0.052995
0.057502
0.222943
-0.218436
0.002254
-0.163584
0.140471
0.029874
-0.025367
0.195437
0.002254
-0.052904
-0.025336
0.029844
0.029836
0.167588
-0.135506
0.084932
END
