y[]
0.030460
-0.033879
0.094769
0.030429
-0.130327
-0.033890
0.062641
0.030450
-0.066039
-0.033890
0.062641
-0.001709
0.030450
-0.033869
-0.162662
-0.001709
-0.098406
0.094987
-0.001709
-0.001709
-0.098406
-0.001709
-0.098499
-0.001709
-0.098593
0.256439
-0.098437
0.480995
0.030388
0.126578
-0.129997
0.030378
-0.098002
0.190783
-0.033766
-0.194264
0.094614
-0.033807
0.030388
0.190660
-0.033745
-0.033756
0.062373
-0.065791
-0.033766
-0.001709
-0.065853
-0.001709
0.062434
-0.033776
-0.001709
-0.162197
0.030409
-0.194574
0.062620
0.030440
0.094676
-0.001709
0.062496
0.062455
0.062414
-0.033766
-0.097940
-0.001709
0.030378
0.094491
-0.001709
-0.033766
-0.001709
-0.033776
0.030357
-0.001709
0.030347
-0.033766
-0.001709
0.030347
0.062373
0.030316
0.030306
-0.033725
0.030306
-0.001709
0.030296
0.030285
-0.033704
-0.065730
-0.001709
-0.033735
-0.065791
-0.001709
-0.001709
0.094398
-0.033735
-0.001709
-0.065791
0.094398
-0.001709
0.062311
-0.129791
0.062352
-0.097817
-0.065833
-0.065874
0.062455
0.062414
-0.033766
0.030347
0.094398
0.126291
-0.097694
-0.033725
-0.033735
0.030316
0.126291
-0.129709
-0.065771
-0.001709
-0.515684
0.480219
-0.001709
0.062373
-0.001709
0.030316
-0.001709
-0.033735
-0.001709
-0.001709
0.030316
0.062311
0.030285
-0.033704
-0.065730
-0.033735
0.030316
-0.033735
-0.129915
-0.001709
0.062414
-0.001709
-0.001709
-0.001709
-0.001709
-0.001709
-0.001709
-0.001709
-0.033766
-0.001709
-0.033776
0.030357
-0.033776
-0.001709
-0.001709
-0.033786
-0.001709
0.030368
-0.001709
-0.033786
0.030368
-0.001709
-0.001709
-0.001709
-0.001709
0.030357
-0.033776
-0.001709
-0.033786
0.318598
0.030265
-0.001709
-0.001709
-0.097663
-0.001709
-0.225961
-0.097971
-0.162352
0.062579
-0.065997
-0.066039
0.030460
-0.001709
-0.130451
-0.227407
0.062828
0.030543
0.191590
-0.033900
0.030481
-0.033900
-0.001709
-0.033910
0.030492
0.062661
-0.001709
0.094769
0.126784
0.158676
0.030337
0.062352
-0.129873
-0.033776
-0.033786
-0.065894
-0.033817
-0.033828
0.062517
0.158676
-0.065833
0.062414
-0.226320
-0.194636
0.062641
0.126867
0.030409
-0.033828
-0.065977
0.158882
0.126578
-0.033766
0.030347
-0.129997
-0.033807
-0.033817
0.062496
0.030378
-0.098002
0.030398
0.062475
-0.065894
0.030388
-0.065915
0.062496
-0.001709
-0.001709
-0.001709
0.030378
-0.001709
-0.033797
0.062455
0.030357
-0.065853
-0.001709
-0.033797
-0.065915
0.062496
-0.033807
-0.098064
-0.033848
-0.033859
0.287262
-0.033776
-0.130079
-0.098095
-0.226971
0.191403
-0.066039
0.094769
0.062558
-0.033838
-0.033848
0.030429
-0.162507
-0.033900
-0.066122
0.030502
0.030492
-0.066122
-0.162922
-0.033983
0.191777
-0.130658
-0.033973
0.127281
-0.001709
-0.001709
-0.001709
0.030512
0.094893
0.030471
0.191155
-0.033828
-0.001709
-0.065977
0.030429
0.062537
0.030398
0.126619
0.382291
0.030224
-0.161479
-0.001709
-0.065689
-0.161838
0.062373
-0.033745
0.062352
-0.161940
-0.097971
-0.258862
0.094800
-0.001709
-0.001709
0.030440
0.094676
0.062496
-0.065915
-0.033828
-0.065977
0.094676
-0.130244
-0.001709
-0.066039
0.030460
-0.066059
-0.066101
-0.130617
0.030533
-0.130742
-0.001709
-0.195571
0.030627
-0.066392
-0.163600
0.063078
-0.261113
-0.034182
0.160549
0.160286
-0.131285
0.095488
-0.001709
0.192403
-0.098718
0.030637
0.192152
-0.195571
0.095268
0.030596
0.224134
-0.130700
0.062807
0.030533
-0.163026
-0.066309
0.030596
0.030585
0.095112
-0.195445
-0.034035
0.062932
-0.001709
0.030596
-0.034014
-0.098687
0.127573
-0.001709
0.288567
-0.033921
-0.001709
0.159243
-0.130451
-0.195133
0.030554
0.191652
-0.033910
0.384019
-0.162249
0.094645
0.030388
-0.001709
0.222686
0.030306
-0.097786
-0.001709
0.030326
-0.033745
-0.065812
-0.033776
-0.033786
-0.033797
0.062455
-0.001709
-0.001709
-0.001709
0.030357
-0.001709
-0.033776
0.062414
-0.001709
0.062373
-0.033745
-0.033756
0.062373
-0.001709
-0.065791
0.382168
-0.065587
-0.033663
0.062188
0.125964
-0.001709
-0.097449
-0.033643
-0.257546
-0.226104
0.062455
-0.033786
0.030368
0.062414
0.062373
-0.001709
-0.097848
-0.033776
-0.033786
0.158573
-0.097848
0.030347
-0.001709
-0.001709
0.030337
0.094367
0.030296
-0.033715
0.030296
-0.033715
-0.001709
-0.001709
-0.001709
-0.033725
0.030306
-0.001709
-0.001709
-0.033725
0.030306
0.158214
-0.193648
-0.033735
0.126332
0.030275
-0.033694
-0.097725
0.222183
0.126005
-0.097480
-0.065607
0.126045
-0.065566
0.062148
-0.001709
-0.001709
-0.033633
END
