y[]
-0.120596
-0.209139
-0.002984
0.026493
0.144270
-0.209200
0.055979
0.085395
-0.032435
-0.091388
0.144313
0.085290
-0.061825
0.085265
-0.061807
-0.032409
-0.061859
-0.061894
-0.002984
-0.091414
-0.002984
0.085447
-0.091414
0.114906
0.055909
0.055874
-0.002984
0.026432
-0.091258
0.114698
0.261295
-0.149719
-0.091128
0.085161
0.290272
-0.032271
0.055581
-0.061549
0.055581
0.026286
0.055530
0.026260
-0.032228
-0.061498
-0.090819
-0.061583
-0.032296
-0.120320
-0.002984
0.085031
-0.002984
0.026337
-0.267185
0.026406
0.026398
0.026389
-0.002984
-0.002984
-0.032357
-0.769723
-0.002984
0.026615
-0.121432
-0.002984
0.145055
0.233423
0.173955
0.203050
-0.061807
0.349440
-0.120320
0.348613
-0.090767
0.289329
0.026201
-0.061361
-0.032185
-0.119874
0.201485
-0.032168
-0.032177
0.055393
-0.002984
0.084518
0.026167
0.026158
-0.061276
-0.061310
-0.061344
-0.002984
0.113702
-0.002984
0.026167
-0.090460
-0.032160
-0.032168
0.142853
0.084416
-0.002984
0.026133
0.084314
-0.061174
0.055207
-0.090282
0.055223
-0.236016
0.055325
-0.148820
0.171994
-0.061276
-0.002984
-0.032143
-0.002984
0.055325
-0.061293
-0.002984
0.026175
-0.002984
0.055308
-0.002984
-0.002984
-0.032126
0.026158
0.026150
0.026141
0.026133
0.055223
-0.002984
0.142386
-0.032041
0.026073
0.084137
-0.032016
-0.090130
0.026073
-0.148354
-0.032083
-0.032092
-0.090358
-0.032126
-0.002984
-0.207214
-0.002984
0.084595
0.288392
-0.119432
-0.119568
0.055325
-0.032134
-0.148863
-0.032185
-0.002984
0.055410
-0.002984
-0.061378
0.113770
0.113634
-0.236356
0.201247
-0.061293
-0.002984
0.084467
-0.148778
-0.148991
-0.149204
-0.061532
-0.002984
-0.002984
-0.120183
0.172763
0.055530
0.055496
-0.061463
0.113941
-0.061429
-0.002984
0.113873
-0.061395
0.084620
0.113702
-0.002984
0.084442
0.026141
-0.148693
0.055325
-0.032134
0.259063
0.026090
0.084188
-0.032032
-0.119263
0.055173
-0.061140
0.055173
0.055139
-0.002984
-0.061106
0.084188
0.113127
-0.031999
0.113026
-0.060972
0.112958
-0.089928
-0.031982
-0.061005
0.026031
-0.090054
-0.148269
0.084213
-0.002984
0.316088
0.083859
-0.118792
0.025981
-0.002984
-0.060921
-0.176998
0.084061
-0.090029
0.084061
0.459980
0.025880
-0.089601
-0.089676
0.025922
0.054803
-0.060771
-0.147597
0.112724
0.025922
0.025914
-0.060787
0.025922
0.083684
-0.031865
-0.060771
-0.031890
0.025922
-0.002984
0.054803
0.025897
0.054753
-0.002984
-0.002984
-0.060720
-0.031865
-0.060771
-0.002984
-0.002984
-0.060804
0.054836
-0.437452
-0.235474
0.200475
0.113093
0.055004
0.083935
0.025972
-0.292923
-0.293766
-0.032109
0.026141
-0.119534
0.026167
0.200831
-0.061174
-0.002984
-0.002984
-0.002984
-0.119466
-0.061276
0.084442
0.026141
-0.002984
-0.002984
0.055240
-0.032092
0.142471
-0.032058
0.026090
-0.090231
0.084264
-0.002984
-0.090231
-0.002984
-0.032083
0.113363
-0.002984
-0.002984
0.084188
0.026056
-0.061073
-0.264802
-0.177911
-0.002984
-0.178217
0.084671
0.142938
0.055325
0.258987
0.142260
-0.090104
0.026065
0.229102
0.141797
0.314798
-0.233997
0.112590
-0.118557
-0.002984
-0.002984
0.199182
-0.060704
0.054736
-0.002984
0.112357
-0.118324
0.141171
-0.089452
-0.089526
-0.002984
-0.031848
-0.002984
-0.031856
-0.147472
-0.031906
0.083759
-0.118658
0.257094
-0.205208
-0.147681
-0.409252
-0.061157
0.026107
0.200416
-0.119162
0.200239
-0.119060
0.084086
0.055021
0.112925
-0.089903
0.083935
0.083859
-0.002984
-0.002984
-0.147764
-0.031965
0.054970
-0.060938
0.112891
-0.089877
-0.089953
-0.119060
-0.002984
0.026048
-0.061056
-0.002984
0.084112
0.142007
-0.147974
-0.119128
0.142175
-0.148143
-0.090180
-0.032066
-0.002984
-0.002984
-0.265107
0.026175
0.142683
-0.119500
0.026158
-0.061276
0.113566
-0.119534
0.055308
-0.032126
-0.061293
-0.032151
0.026184
-0.090511
-0.032177
0.084569
-0.148948
0.026226
-0.032194
0.026226
0.026218
0.055393
0.026192
-0.119738
0.055410
-0.119806
0.084646
0.055393
-0.148991
0.608817
0.142133
0.344440
-0.176545
0.574385
0.169579
-0.089228
-0.579853
-0.408781
0.344944
-0.002984
0.228297
0.141296
-0.176144
0.112490
-0.234064
0.343437
-0.233797
0.025897
0.170126
-0.147221
-0.031856
0.083609
-0.002984
0.025864
0.054686
0.025839
-0.060637
0.083484
0.025822
-0.002984
-0.089427
-0.031815
0.025847
0.054653
-0.031798
0.054637
0.054603
-0.031773
0.112124
0.025773
-0.204452
-0.031798
0.025831
-0.118291
-0.031831
-0.060704
-0.321041
0.112790
0.112657
-0.089702
-0.263589
END
