y[]
-0.143600
0.144626
-0.028293
0.144460
-0.172249
0.058133
0.374237
0.115224
0.057819
-0.028137
-0.315171
0.230200
-0.028169
0.143841
0.029154
0.000513
-0.286267
-0.028211
-0.229571
-0.461249
0.289363
0.202213
-0.172348
0.230927
0.086782
-0.143310
-0.201187
-0.143808
-0.028377
0.087155
-0.143933
-0.318005
0.058500
0.000513
0.058467
-0.144436
0.116488
0.318754
0.058266
-0.115028
-0.230969
-0.260546
0.000513
0.000513
0.087608
-0.028511
0.174527
0.058450
0.000513
-0.028452
0.029477
0.058417
-0.028435
-0.028444
0.029469
0.000513
0.000513
0.000513
0.029460
-0.028435
-0.086381
0.116354
-0.057391
-0.028452
-0.144436
2.323198
0.142136
0.424182
0.028694
-0.112259
0.000513
-0.310266
0.367693
-0.055889
0.085103
0.141338
0.225421
0.028591
0.364812
-0.223514
-0.055573
-0.280386
0.056756
0.056724
0.112841
0.000513
-0.055636
0.168863
-0.027526
-0.083651
-0.224270
-0.422321
0.395213
-0.140273
-0.225157
0.198002
0.141338
-0.083959
-0.055841
-0.140511
-0.197255
0.141815
-0.225668
0.593149
0.309545
-0.027542
-0.027550
0.056629
0.364506
-0.027440
0.112276
0.112151
0.000513
0.334682
-0.250009
0.251035
0.083881
-0.138473
-0.138666
0.111871
0.139537
-0.110691
0.056130
0.056099
0.028294
-0.249800
-0.194609
-0.055307
0.167877
-0.027362
0.056254
-0.138899
0.084183
-0.027370
0.139847
0.139653
0.000513
-0.166479
0.056207
-0.250359
0.000513
1.413866
0.083032
0.000513
-0.192139
-0.027039
0.110675
-0.275122
-0.248209
0.276832
0.165939
-0.302978
0.028141
0.083351
-0.027093
-0.027100
0.248754
-0.192511
0.055700
0.028095
0.055655
0.028072
0.193217
0.028012
0.137894
-0.164368
0.000513
0.028012
-0.054493
0.110493
0.137819
-0.109317
0.027981
-0.054432
0.165257
0.000513
0.000513
-0.026926
-0.219268
0.110463
0.055443
0.082851
0.027944
0.027936
-0.054342
-0.054372
-0.246842
-0.247456
0.110797
0.083146
0.028042
-0.275122
0.055700
0.028095
0.110766
-0.082166
0.083191
0.055594
0.028042
0.000513
-0.137209
0.055624
0.000513
0.138159
0.000513
0.000513
0.028019
-0.082030
-0.109650
0.165711
-0.027001
-0.109620
-0.082166
0.083191
0.028057
0.028049
-0.027024
0.055579
-0.357960
0.055746
0.110888
-0.027070
0.110797
-0.027047
0.138235
-0.137209
-0.082212
-0.082280
0.166030
0.083169
-0.109711
-0.109832
-0.192884
0.028164
0.028156
0.083397
-1.194112
0.446693
-0.417723
0.557772
-0.055074
-0.082925
0.250617
0.056007
0.139113
0.055899
-0.221217
-0.054997
-0.027254
-0.249731
0.028348
-0.138744
0.028379
0.028372
0.167504
0.083904
0.111593
0.139190
0.138998
-0.221156
-0.054981
0.083742
0.194445
0.028187
0.028179
-0.165600
-0.138126
0.083719
0.111347
0.028202
-0.165738
-0.138241
0.194714
0.028225
-0.054920
-0.277111
0.111655
-0.082832
-0.249940
-0.083111
0.028395
0.223292
-0.222267
-0.055260
0.112026
-0.055229
0.056254
-0.111001
0.112026
0.084066
-0.083041
-0.083111
0.084136
-0.055229
-0.027370
-0.027377
0.139885
-0.194664
-0.195045
0.112307
0.390811
0.111747
0.167133
-0.110537
0.139305
0.139113
0.249510
-0.027123
-0.054782
-0.248691
0.083650
-0.054904
-0.277034
0.000513
0.361173
0.111224
0.689695
-0.109438
-0.219752
0.000513
0.220777
-0.219752
-0.247866
-0.137743
-0.054843
0.111193
-0.027146
-0.110199
-0.138049
0.055960
0.083627
0.028202
-0.248968
-0.221771
-0.278039
0.306877
-0.194338
0.139730
0.111747
-0.027284
0.111655
0.166994
-0.054950
0.083696
0.000513
-0.054935
-0.027223
-0.027230
-0.082763
-0.055043
0.000513
0.083834
-0.082809
0.028294
0.139305
-0.110506
0.000513
-0.138434
-0.027300
-0.082971
0.000513
0.083997
-0.082971
0.056176
0.000513
-0.027315
0.000513
0.056161
-0.110815
-0.306279
-0.055369
0.000513
0.000513
0.000513
0.112244
-0.223076
0.224101
-0.083275
0.168017
0.028403
0.028395
0.000513
0.000513
-0.194827
0.000513
0.084276
0.112089
0.139808
-0.027331
-0.055198
-0.250569
0.195852
-0.055260
0.251244
0.111747
0.250339
0.083650
0.138921
-0.110199
-0.027184
-0.027192
0.138959
-0.137934
0.000513
0.055914
0.028202
0.414935
0.083191
-0.054599
0.000513
0.138235
0.083055
-0.082030
-0.109650
-0.192564
-0.109985
0.111010
0.000513
-0.331346
0.470321
-0.303229
0.304254
-0.247935
0.055777
0.083351
-0.054705
-0.165325
-0.054828
0.000513
0.028187
-0.054843
0.055868
-0.027161
0.000513
-0.027169
0.000513
0.000513
0.028194
0.111163
0.055792
-0.137743
0.194016
-0.192991
0.138768
0.028141
-5.829141
0.438789
0.407845
0.579553
0.000513
END
