y[]
0.108222
-0.059080
0.052434
-0.031198
0.080277
-0.059049
-0.114868
0.024575
-0.059127
0.163994
-0.198554
0.247618
-0.059034
0.024536
-0.086924
-0.086994
-0.142930
0.108377
0.024582
0.108222
-0.142774
-0.003323
-0.059158
0.024598
-0.198936
-0.003323
-0.003323
0.080558
0.024621
0.052543
-0.031252
-0.059205
0.052558
-0.003323
0.052527
-0.031245
-0.059189
-0.031268
-0.059236
-0.059267
0.052621
0.080534
-0.115149
-0.227350
-0.143595
-0.031401
0.080887
0.108847
0.052715
0.024684
0.108628
0.276007
0.080324
-0.142774
0.331032
0.163436
-0.003323
-0.058879
0.079999
-0.031089
-0.031097
0.024451
0.052201
0.024428
-0.058833
-0.114434
-0.003323
-0.003323
0.024466
0.024458
-0.086691
-0.058941
0.024489
0.052279
-0.086738
-0.003323
-0.003323
-0.003323
0.052294
0.080045
-0.281488
0.108035
-0.058987
-0.003323
0.080161
0.024489
0.080068
-0.198011
-0.059018
0.052372
0.800785
-0.252183
-0.363884
-0.003323
0.329548
0.024366
0.190288
-0.224623
-0.058725
0.024381
0.107419
-0.003323
0.107296
-0.086276
0.134894
0.134703
0.134513
0.024221
-0.058420
0.134361
0.079196
-0.058329
-0.113425
0.106779
0.079174
-0.113334
-0.003323
0.051697
0.051667
-0.003323
-0.113334
-0.168567
0.299415
-0.113304
-0.058359
-0.085934
-0.086002
0.051804
0.079310
-0.085956
0.024229
0.161830
-0.030830
-0.030837
-0.003323
-0.085911
-0.113546
0.024244
-0.251702
-0.003323
-0.113912
0.051986
0.024320
0.051941
-0.058587
-0.086276
-0.030990
0.079653
0.024320
-0.030967
-0.030974
0.024328
-0.003323
0.217610
-0.030913
0.079424
-0.003323
-0.196507
0.051910
-0.003323
0.134627
0.051804
-0.417517
-0.197202
0.024397
0.107480
-0.141847
0.273532
0.272767
-0.058480
-0.003323
-0.141349
0.051910
-0.030936
-0.003323
-0.003323
0.024290
-0.086185
-0.141578
-0.058679
-0.031013
-0.169620
0.135277
-0.169667
0.079883
-0.031051
0.079837
0.079768
-0.058710
-0.003323
-0.031028
-0.086483
-0.114311
0.246226
0.052048
0.024351
0.079653
-0.030974
-0.003323
-0.003323
-0.003323
0.024328
-0.058633
-0.003323
0.024335
0.079607
-0.169252
0.217855
-0.030944
-0.003323
0.051910
-0.030936
-0.030944
-0.113882
-0.030982
-0.003323
0.051986
0.024320
0.024313
-0.058602
-0.003323
-0.086299
0.052002
0.079607
0.079538
-0.003323
-0.058557
-0.058587
0.051941
-0.086231
0.107205
0.079492
0.162103
0.024221
0.161784
-0.058329
-0.030837
0.024191
-0.003323
0.326257
-0.003323
-0.030747
0.215855
-0.195078
-0.003323
0.024093
0.078880
0.133532
-0.058043
-0.085459
-0.003323
-0.112942
0.133682
0.051426
-0.112852
0.160925
0.106026
-0.112673
0.106026
0.023995
-0.003323
0.133158
-0.030605
-0.057908
0.078543
0.105728
0.051158
-0.112315
-0.030590
-0.221724
0.024003
0.133196
0.051232
0.078454
-0.003323
0.105609
0.078298
0.023869
-0.084923
0.023884
-0.057745
-0.003323
0.051099
-0.057745
-0.030545
-0.112285
-0.003323
0.023928
-0.030575
-0.030582
0.051188
0.078387
-0.166811
0.078454
-0.003323
-0.139656
0.051232
0.023943
-0.003323
0.023936
-0.030582
-0.085145
0.051232
-0.003323
-0.003323
-0.030597
-0.057894
-0.030620
0.051262
-0.085212
0.023981
0.105817
-0.003323
0.051202
-0.003323
0.023928
0.132824
-0.166722
0.051173
0.132787
0.159765
-0.876215
0.760873
-0.030516
-0.139396
0.078343
-0.139470
-0.003323
0.023921
0.051143
0.051113
-0.057760
0.023899
-0.030545
0.132713
-0.003323
-0.030516
0.078232
0.186713
-0.030449
-0.139064
-0.003323
0.050995
-0.030479
0.105254
-0.111901
0.132380
-0.084723
-0.084790
-0.166455
-0.248522
0.187439
0.132713
-0.248321
0.160075
0.105461
-0.030508
-0.193825
0.078365
-0.248588
-0.003323
-0.194502
0.051337
-0.222142
-0.030709
0.024063
0.051426
0.051396
-0.030679
0.078722
-0.030664
0.024018
-0.058013
-0.030679
0.078722
0.105966
-0.003323
-0.057953
0.023995
-0.030642
-0.030649
0.051322
0.078588
-0.030620
0.051262
-0.057908
0.051262
-0.030612
0.105788
-0.085145
-0.331282
-0.003323
-0.058088
-0.030717
-0.058133
0.106266
-0.003323
0.024055
0.106116
0.105996
0.051292
-0.085257
0.078610
0.051262
-0.057908
-0.139917
-0.003323
0.024010
-0.085346
-0.003323
-0.030679
-0.003323
0.024033
-0.003323
-0.112792
0.051426
0.024040
-0.030687
-0.058073
0.024055
0.106116
0.324277
-0.248923
-0.057983
-0.140103
0.188117
-0.030649
-0.167437
0.051411
-0.140216
0.051456
-0.195183
-0.003323
-0.113123
-0.058268
-0.003323
0.051622
0.024138
0.051577
-0.140629
-0.058299
0.079128
-0.085775
0.024168
-0.030815
-0.003323
0.106597
-0.058268
-0.030807
-0.003323
END
