y[]
0.031065
0.062378
-0.000278
0.062339
0.124839
0.249488
-0.093868
0.093311
-0.125083
0.311442
0.372509
-0.310838
-0.031388
-0.124811
0.062007
-0.031417
0.124216
0.030821
-0.031378
-0.280609
-0.125122
-0.156553
0.155996
-0.031514
-0.125318
-0.031563
0.062280
0.062241
0.218233
-0.000278
-0.062662
-0.156407
0.124643
0.093311
-0.000278
0.155509
-0.031417
-0.124928
-0.000278
0.062066
0.062027
-0.124928
-0.000278
-0.156309
0.591347
0.061795
0.030744
0.278489
-0.155053
0.247246
-0.062102
-0.340994
0.123753
0.555965
-0.061931
-0.000278
0.061374
0.153686
-0.061836
-0.185178
0.246179
-0.215895
0.030552
0.030543
-0.031100
-0.309016
0.092443
-0.062083
-0.216896
0.061660
-0.000278
-0.000278
0.247093
0.030600
0.123140
-0.185464
-0.062083
-0.000278
0.154162
0.061431
-0.123735
-0.000278
0.123178
0.123026
-0.000278
0.153639
0.091958
0.091873
0.183771
-0.215035
-0.462031
-0.185578
-0.062121
-0.403192
-0.342478
0.341921
-0.062410
0.279008
-0.155341
0.123791
-0.155389
0.216810
-0.124271
0.061737
0.030715
-0.031272
0.154592
0.030667
0.185193
-0.092971
-0.124003
0.030667
-0.093143
0.030686
0.123484
-0.062141
0.061584
0.092443
0.030610
0.123178
-0.898813
0.030840
-0.093664
0.030860
-0.062564
-0.062603
0.373088
-0.342478
-0.000278
0.248710
0.030802
0.154977
-0.093403
-0.311321
0.030869
-0.218517
-0.156455
0.093457
0.093369
-0.031485
-0.125200
0.155850
0.249021
-0.093693
0.124255
-0.187136
0.124332
-0.000278
-0.031417
0.030860
-0.062564
0.124255
0.061930
-0.155872
-0.000278
-0.124928
0.062066
-0.125006
0.124449
0.030879
0.030869
0.093107
0.155170
0.030782
-0.124579
-0.218177
0.155412
-0.062526
0.061969
-0.093664
0.124216
0.124061
-0.062429
0.155025
0.061776
0.061737
-0.062294
-0.031301
-0.093403
-0.031339
0.061833
0.061795
-0.000278
-0.000278
0.309511
-0.031214
-0.031224
0.154353
0.154114
0.061412
0.122988
0.061298
-0.031062
-0.000278
0.122798
-0.031034
0.214808
0.030410
-0.153818
0.091873
-0.061704
-0.061741
-0.308160
-0.154576
0.184850
-0.061950
-0.092857
0.030590
-0.000278
-0.092914
0.123216
0.092243
0.061355
0.061317
0.184280
-0.092515
-0.154196
0.092100
-0.000278
0.122761
0.153308
-0.061685
-0.061722
-0.092515
0.091958
0.061165
-0.061722
-0.092515
0.184110
-0.030986
-0.000278
0.061128
-0.123129
0.061165
-0.092459
-0.184894
-0.061893
0.184451
-0.123393
-0.308730
0.030610
0.030600
0.184793
-0.092771
0.092214
-0.216228
0.092328
-0.062007
0.030590
-0.031147
0.030590
-0.154719
-0.124003
-0.031233
0.061622
-0.031224
-0.093172
0.030696
-0.000278
0.030686
-0.000278
-0.000278
-0.031243
-0.000278
0.030686
0.092558
-0.000278
-0.062160
0.154353
0.123255
0.030581
0.092243
-0.031109
-0.092828
-0.031147
0.061450
0.215471
-0.000278
-0.339523
0.123216
0.123064
0.245951
-0.154101
-0.154338
-0.000278
-0.000278
-0.031119
-0.154623
0.123216
-0.216495
-0.093086
-0.093172
-0.000278
0.247246
-0.154910
0.092529
0.092443
-0.000278
0.092357
-0.062026
-0.092971
-0.093057
0.092500
-0.000278
0.092414
-0.031167
-0.000278
-0.031176
-0.123964
-0.031224
-0.217165
0.030734
0.061718
0.030705
0.061660
0.123484
0.030638
-0.031195
-0.031205
-0.000278
0.030648
0.123331
0.092328
-0.092885
0.092328
-0.062007
0.030590
-0.031147
-0.031157
-0.092971
-0.062121
-0.062160
-0.000278
0.030667
0.123407
-0.031186
-0.031195
-0.000278
-0.000278
-0.000278
-0.031205
0.030648
0.061545
-0.062102
-0.000278
0.061545
-0.093029
0.061564
-0.216896
0.030696
-0.062236
0.061679
-0.000278
0.123522
-0.403192
-0.249035
-0.031417
-0.187311
-0.187661
0.311832
-0.500123
0.031035
0.093604
0.062261
-0.125396
-0.000278
0.093574
-0.000278
-0.156749
-0.000278
0.218711
0.062202
0.218096
-0.156212
0.062124
0.062085
-0.031455
-0.000278
-0.062662
-0.218926
-0.000278
0.093486
-0.094043
-0.094131
0.062300
-0.250827
-0.031641
-0.125828
0.156634
0.312809
0.093457
0.342668
-0.031407
0.217417
-0.093519
-0.031378
0.186173
-0.124541
-0.155824
0.186347
0.030792
-0.062429
-0.093577
-0.000278
0.124100
-0.093548
-0.155921
-0.093780
0.062066
0.030879
-0.062603
-0.031455
-0.062662
0.093281
-0.093838
-0.062700
0.062144
0.062105
-0.000278
-0.156309
0.030947
-0.281661
0.093604
0.030996
-0.250748
-0.125749
-0.000278
0.156535
0.124996
-0.125553
-0.188484
-0.157388
-0.094663
0.031193
0.251136
0.344387
-0.156798
0.093662
-0.125553
-0.188484
-0.031681
0.219329
-0.094337
0.125113
0.093662
-0.094219
0.187515
-0.125435
-0.000278
-0.000278
END
