y[]
-0.222401
0.022642
0.267427
-0.047325
-0.117268
0.092486
-0.187247
0.022605
-0.187492
0.092706
0.372023
0.022483
0.300925
-0.186334
-0.361188
0.961191
0.711625
-0.287589
0.331488
0.090543
-0.459204
0.434422
0.056173
0.124595
-0.115113
0.158754
-0.149283
-0.561843
-0.219216
0.572507
0.056196
-0.355798
0.056385
-0.115572
-0.115679
0.365811
0.090507
-0.115289
0.090507
-0.218293
0.056290
0.193371
-0.080931
0.295670
-0.217659
0.090296
-0.012391
0.226803
-0.251585
0.260927
0.226151
0.191621
0.089459
-0.250203
-0.080441
0.157648
0.259072
-0.046283
-0.114138
0.123248
-0.181969
-0.080303
-0.080349
0.055567
-0.080349
-0.148445
-0.046433
0.021652
-0.148631
0.123849
-0.182720
-0.183010
-0.080720
0.021780
0.021768
0.055892
-0.080674
0.055892
0.158112
0.021675
0.055706
-0.080488
-0.080534
0.836079
0.088943
-0.350572
-0.114069
-0.114172
-0.046341
-0.659642
0.600899
-0.318566
-0.387882
-0.354974
0.021920
0.090472
0.398006
-0.046526
-0.251666
-0.012391
0.295144
0.226151
-0.114553
0.089772
-0.080488
-0.114623
-0.217169
-0.080744
0.021791
-0.217659
-0.183770
-0.184065
0.021968
0.159224
-0.287116
-0.012391
0.159401
-0.046726
0.261958
-0.149471
0.056173
-0.321298
-0.184419
0.194008
0.330663
-0.355444
0.021968
0.021956
0.501397
-0.114937
-0.320663
0.021909
0.193159
0.090226
-0.149237
0.021838
-0.012391
0.021826
-0.012391
-0.149330
0.021862
-0.046643
-0.046655
0.124595
0.124408
-0.046573
-0.080790
0.158520
0.090016
-0.183127
-0.012391
0.021780
-0.012391
0.124175
-0.148956
0.090051
0.021733
0.021721
-0.012391
-0.319821
-0.561277
0.193795
-0.046726
-0.321935
0.090897
-0.046808
0.502632
-0.012391
0.261207
0.226395
0.055729
-0.216890
0.226151
0.055660
0.123571
-0.148353
-0.046410
-0.012391
0.428961
0.258245
-0.046180
0.257606
0.223260
-0.484249
0.156386
0.122425
-0.113486
0.055017
-0.079799
-0.012391
-0.046112
-0.451803
0.156843
0.021421
0.021410
0.021399
0.257515
-0.012391
-0.046089
-0.012391
0.155988
0.155705
-0.146845
0.222785
-0.079527
-0.079573
-0.012391
0.021206
-0.012391
0.054768
0.054723
0.121702
-0.012391
-0.012391
-0.012391
-0.079415
0.021127
-0.079437
-0.012391
-0.045931
0.088196
0.121568
0.021071
-0.079325
0.054544
-0.079325
0.021082
-0.012391
0.054521
0.054476
0.154582
0.054320
-0.079102
-0.045763
0.121031
-0.045730
-0.012391
-0.112474
-0.045774
0.020993
-0.145991
-0.246622
-0.146484
-0.045942
-0.012391
0.222233
-0.381333
-0.113248
-0.214411
-0.012391
0.424805
-0.247567
0.122063
0.054768
-0.079550
-0.012391
-0.113214
-0.012391
-0.146980
0.155818
0.121973
0.054723
0.054678
-0.113011
0.021161
-0.079505
0.121792
-0.146574
0.121792
0.155085
-0.079348
-0.112910
0.188547
-0.179811
0.121568
0.087960
0.054454
0.087793
0.020981
-0.212792
0.221371
-0.179308
0.054409
-0.079191
0.021015
0.154471
-0.012391
-0.012391
-0.045741
-0.112508
-0.212926
-0.112809
-0.179979
-0.079505
0.121792
-0.045920
-0.213801
0.054791
-0.079573
-0.045999
0.054813
-0.079595
-0.046010
0.054836
0.088365
-0.146754
-0.079640
-0.079686
-0.079731
-0.079776
-0.012391
0.155988
0.088500
0.054813
-0.012391
0.021194
0.222390
-0.448853
-0.113384
0.323857
0.188816
0.221840
0.885968
-0.012391
-0.144973
0.053922
-0.145061
-0.244988
-0.012391
0.020870
0.153750
-0.078814
-0.045619
0.087260
-0.178531
-0.312141
-0.313042
-0.146304
0.188412
0.121254
0.020993
0.154359
0.087526
0.220361
-0.045608
-0.145370
0.054121
0.087293
0.153529
-0.078726
-0.012391
-0.111976
0.120367
-0.045564
0.219589
0.020705
0.020694
-0.012391
0.317860
0.053529
0.152218
-0.209954
-0.111319
-0.045389
-0.045400
0.020618
-0.012391
-0.111450
-0.012391
-0.012391
0.119666
-0.012391
0.020596
-0.012391
-0.012391
0.086505
0.086407
0.086310
-0.111091
0.020520
-0.242995
-0.276592
-0.012391
0.020672
0.086734
-0.177653
0.053747
-0.244064
0.086963
0.053790
-0.078572
0.020705
0.020694
-0.310552
0.219589
-0.377173
0.153584
0.219513
0.218976
-0.144535
-0.045454
0.053725
0.185694
-0.111384
0.152544
-0.210345
0.020629
-0.078441
-0.012391
-0.045432
-0.144666
-0.012391
0.053769
-0.078550
0.152926
-0.078485
-0.177817
-0.045509
-0.078660
-0.012391
0.086996
0.086898
-0.045476
-0.310651
0.186548
0.086930
0.119884
0.020651
0.119666
-0.243605
-0.376811
0.285870
-0.144841
0.153145
-0.012391
-0.144797
0.086930
0.086832
-0.078528
0.152871
-0.111515
0.020662
-0.012391
0.053681
-0.078463
-0.144666
0.020694
-0.177926
0.020738
0.153090
END
