y[]
-0.032228
-0.662359
-0.095697
-0.000835
-0.127458
-0.127618
-0.032556
-0.000835
0.030885
0.030875
-0.095998
0.189399
0.030835
-0.095877
-0.159440
-0.032586
-0.096149
0.126229
-0.064348
-0.000835
0.030926
-0.064368
-0.064408
-0.223659
-0.128386
-0.032749
0.031078
-0.000835
0.158578
0.221917
0.062717
-0.096179
-0.128102
0.094630
-0.096301
0.190004
0.030936
0.094418
0.094327
-0.064267
-0.032566
0.030895
-0.032566
-0.032576
0.030906
-0.127860
-0.096210
-0.032647
-0.064489
-0.096392
0.094721
0.094630
-0.128143
0.190065
0.126229
-0.032586
0.157819
-0.064267
-0.127820
-0.032607
-0.064408
-0.000835
-0.032637
-0.000835
0.126310
0.030926
0.094388
0.094297
-0.032536
-0.127739
0.094357
-0.000835
-0.096028
0.030906
-0.064327
0.189520
0.094207
0.062476
0.062436
0.220299
0.156819
-0.063867
-0.032366
0.030695
0.062196
-0.032346
0.030676
-0.095398
-0.000835
-0.063927
0.093787
-0.063907
-0.000835
0.093757
0.030676
-0.000835
-0.000835
-0.032346
0.062177
0.093608
-0.032307
-0.158341
0.030685
0.030676
-0.158490
-0.032396
-0.032406
-0.000835
0.030735
-0.127178
-0.285691
-0.032536
0.030865
-0.095968
-0.159591
-0.319104
0.190247
-0.096331
0.158274
-0.000835
0.094509
-0.096179
0.126270
0.157819
0.030865
-0.095968
-0.127820
0.157870
0.062576
0.030855
-0.254643
-0.032607
-0.128021
0.126351
-0.032617
-0.128062
0.094600
-0.128102
0.062818
-0.000835
0.030976
-0.000835
-0.287505
0.094813
0.126553
-0.128224
0.094721
-0.000835
-0.032677
-0.032688
0.348982
-0.446270
-0.064631
0.062960
-0.000835
0.094782
-0.000835
0.094691
-0.064509
-0.000835
-0.032688
-0.000835
-0.032698
0.031027
0.094691
0.094600
-0.000835
0.189762
-0.000835
-0.032576
-0.064348
-0.032607
0.030936
0.062677
-0.127900
0.062717
-0.064388
-0.000835
-0.032627
-0.000835
0.348316
-0.000835
-0.095938
-0.000835
0.157618
-0.032506
-0.000835
0.125787
-0.032476
0.030805
-0.032476
-0.222600
0.062576
-0.064247
0.189279
-0.000835
0.252089
-0.000835
0.093847
0.062236
0.093697
-0.126899
-0.032376
0.030705
-0.063927
-0.000835
0.062256
-0.032376
-0.095517
0.030735
0.156868
-0.032356
-0.063907
0.062236
-0.000835
0.156670
-0.000835
-0.000835
-0.032317
0.219325
-0.000835
-0.158043
0.093519
0.062018
-0.095131
0.281784
-0.063571
0.093253
-0.157698
0.124674
0.093194
-0.126227
-0.000835
0.061880
0.030508
-0.000835
-0.000835
-0.063531
-0.032198
-0.032208
0.093253
-0.063551
-0.063590
0.061920
0.030527
0.030517
-0.032188
-0.032198
-0.094983
0.093312
-0.000835
-0.000835
-0.000835
-0.063590
-0.095042
-0.000835
-0.095131
0.062038
-0.000835
-0.000835
-0.095160
0.124911
0.218841
0.093164
0.093076
-0.032129
0.093017
-0.000835
0.030429
0.092900
-0.125835
0.030429
-0.063375
0.155439
0.030390
-0.000835
-0.032061
-0.000835
0.186372
0.061489
-0.063160
-0.000835
-0.094395
-0.000835
-0.032042
-0.063277
0.030390
-0.094542
0.061645
0.061606
-0.000835
-0.000835
-0.032051
0.061587
-0.000835
0.092725
-0.156817
-0.125796
0.124126
-0.282218
0.093047
-0.000835
0.124204
-0.094600
-0.157305
0.030478
-0.032149
0.030478
-0.126149
0.093164
-0.000835
0.030478
-0.063472
-0.126227
0.093223
0.061821
-0.032159
-0.000835
-0.000835
0.061802
-0.032149
0.030478
-0.032149
-0.000835
-0.000835
-0.000835
-0.000835
0.030478
-0.000835
-0.063472
-0.032169
0.030498
-0.032169
-0.000835
-0.000835
-0.032178
-0.000835
0.061841
-0.660904
0.188201
0.219256
-0.000835
0.030567
0.187370
0.405733
0.030371
0.030361
0.092695
0.185964
-0.000835
-0.000835
0.092434
0.030235
-0.031906
-0.063005
0.030254
-0.031925
0.123465
-0.031896
0.061276
0.030206
0.061219
-0.062889
-0.093989
0.030225
-0.000835
-0.062967
0.123388
-0.031877
0.030206
-0.062928
-0.031896
-0.125175
0.030264
-0.031935
-0.187635
-0.063180
0.154952
-0.031974
-0.031983
0.030312
0.030303
0.247921
-0.062967
-0.063005
-0.000835
0.030254
-0.063024
-0.031944
0.030274
-0.000835
-0.094192
-0.031974
0.092550
0.030274
-0.000835
-0.000835
0.061354
-0.000835
-0.031925
-0.000835
-0.000835
-0.031935
-0.000835
0.061354
0.030245
-0.031915
-0.000835
-0.094134
-0.031954
-0.031964
-0.094279
-0.000835
0.061470
-0.125485
0.217199
-0.094221
0.061431
-0.156574
0.123775
0.030293
0.123581
-0.031925
-0.031935
-0.063063
-0.218938
0.092695
-0.000835
0.030322
-0.000835
-0.000835
-0.156720
0.061548
0.030342
-0.032012
0.030342
-0.032012
-0.032022
-0.000835
0.092695
-0.063180
-0.032022
-0.000835
-0.032032
-0.156963
0.061645
-0.000835
0.030390
-0.188335
0.030439
END
