y[]
0.033484
-0.149508
-0.119174
-0.272439
0.064276
0.033624
-0.119548
0.003001
0.217364
-0.211361
0.033653
-0.027650
-0.027660
-0.027669
-0.119774
0.248400
-0.365323
0.248702
-0.489005
0.249307
-0.150869
-0.027801
0.249155
-0.120000
0.003001
0.126002
-0.273965
-0.398420
0.250220
-0.492049
-0.121145
0.158160
0.003001
-0.090065
-0.090152
0.127186
0.096039
-0.152110
-0.245678
0.220629
-0.121300
0.127302
0.034052
-0.090181
0.096183
0.034043
-0.121222
-0.495442
0.345948
-0.246298
-0.403440
0.315795
0.096649
0.127728
0.034159
-0.152883
-0.090646
0.221376
0.003001
-0.090530
0.127690
-0.309012
-0.122077
-0.122234
-0.028332
-0.059695
-0.028362
0.222334
0.034295
-0.122234
0.034325
0.003001
0.065619
0.065579
-0.028283
0.034285
-0.090881
-0.059636
-0.279352
-0.091294
0.034443
0.003001
0.003001
0.128669
0.691364
0.189917
0.282722
0.034033
-0.090123
-0.214627
-0.059265
0.376020
0.374634
-0.306597
-0.152158
0.313079
0.003001
0.095837
0.064844
0.126572
-0.120570
-0.058842
-0.058880
-0.089892
0.157776
-0.027935
-0.151822
-0.183103
-0.619860
-0.309890
0.065658
0.003001
-0.499355
0.411357
-0.310971
0.128708
0.222609
-0.342314
0.003001
0.065875
0.410717
0.034295
-0.153567
0.096971
0.034305
-0.247704
0.065736
0.065697
-0.405227
-0.533362
0.916250
-0.562860
-0.217924
-0.567343
-0.060572
-0.219822
0.098558
0.416028
0.224696
0.003001
0.224205
-0.249843
0.318957
0.129105
-0.249365
-0.060190
-0.123501
-0.028649
0.003001
0.192755
-0.091830
0.003001
0.129423
0.097713
-0.060130
0.034572
0.066113
-0.060110
0.381073
0.160110
-0.248492
0.160259
0.065835
-0.122706
-0.059912
-0.280598
0.569397
0.065736
0.190971
-0.028303
0.253158
0.096649
-0.028205
0.190092
-0.184090
0.127767
0.034168
-0.028166
-0.434363
0.128158
-0.028273
0.128040
0.034237
0.065443
0.127767
0.189859
0.065210
-0.090326
0.034120
-0.090384
-0.246453
0.034217
0.127767
0.003001
-0.090559
0.096561
0.376368
0.096126
0.127032
0.250603
0.280822
0.003001
0.033823
-0.089491
-0.244065
0.188358
-0.027868
0.126420
-0.151296
-0.182470
0.281080
-0.027858
-0.244218
0.188473
0.095608
0.064692
0.187844
0.033775
-0.027773
-0.151011
-0.058670
-0.058708
0.003001
0.095551
0.095465
0.003001
0.003001
0.033804
0.003001
0.003001
-0.089434
-0.058670
-0.151344
0.033889
-0.027887
0.126496
0.372574
-0.027744
-0.089292
-0.120189
0.064616
0.126116
0.033756
-0.459320
0.003001
0.003001
-0.306405
0.281510
0.311548
-0.120303
0.157108
0.310505
-0.119887
-0.027744
0.064483
0.217890
-0.027669
0.003001
0.064332
0.370199
-0.058105
-0.211164
0.064238
0.064201
-0.242022
0.033662
0.064294
0.156070
-0.088812
0.033615
-0.211493
0.431530
-0.119248
0.003001
-0.088784
0.125363
0.003001
0.064126
-0.058123
-0.119360
-0.180822
-0.089037
-0.150585
0.095181
-0.243001
0.033785
-0.027782
0.033785
0.064540
0.125965
0.125814
-0.058386
0.064389
-0.058386
-0.027707
0.033709
0.003001
0.003001
-0.150632
0.248702
0.766947
-0.424089
0.155743
-0.119174
-0.088728
0.612945
-0.149136
0.337399
0.184930
0.033290
0.063552
-0.057550
-0.421886
0.185317
0.457341
-0.087702
0.184325
0.274372
-0.449693
0.335177
-0.087483
0.394509
-0.509280
0.545335
0.213117
-0.207114
0.183127
0.062971
0.122833
-0.026943
-0.266904
0.153039
-0.026988
0.062971
0.152769
0.032928
0.062828
-0.056825
-0.056861
0.032937
-0.056879
0.003001
-0.026952
-0.056933
-0.056969
-0.057005
0.063007
0.032991
0.152814
-0.086860
-0.086940
0.062971
-0.177017
-0.327876
0.243748
0.003001
-0.147397
0.093267
-0.237890
-0.329175
0.123920
0.003001
-0.087674
-0.027242
0.244693
-0.117772
0.093595
0.033181
-0.057367
-0.238837
-0.027270
0.214706
0.033208
0.003001
0.093567
0.183888
-0.057258
-0.117626
-0.027178
-0.027187
-0.087620
0.003001
0.063424
-0.148125
0.123920
-0.057440
-0.148262
-0.178817
-0.697047
0.125101
-0.027510
-0.088588
-0.364196
-0.027660
0.156211
0.461227
-0.180037
-0.149787
-0.119398
0.064219
0.308532
-0.088560
0.003001
0.003001
0.003001
-0.149787
0.003001
-0.058180
0.430483
0.185650
-0.210121
-0.118987
-0.058049
-0.333442
-0.303842
-0.089236
-0.305071
0.218751
0.033785
-0.027782
0.064559
0.003001
0.218154
-0.058424
-0.119962
0.095238
0.095153
0.309562
-0.119510
-0.119661
-0.058386
-0.304502
-0.181956
-0.027858
-0.151439
0.219151
0.187901
0.218287
0.003001
-0.089207
-0.027754
-0.212549
0.033823
-0.089491
-0.058708
0.003001
0.003001
0.064711
-0.058708
-0.120532
END
