y[]
0.145470
-0.101802
0.063049
-0.019388
0.035565
0.145357
-0.046796
0.035535
0.062958
0.500566
0.089933
-0.019185
0.008088
-0.073778
0.008088
-0.128505
-0.128692
-0.128879
-0.046751
-0.266562
-0.129520
-0.019456
0.118221
0.227990
0.090427
0.062943
-0.129105
-0.074318
-0.019395
0.309996
-0.101591
0.117768
0.062883
0.144944
0.062778
0.062748
0.008088
-0.101261
0.144757
-0.046556
0.035415
0.062718
0.089977
0.062644
0.035355
0.035348
-0.046437
-0.019185
0.035362
-0.073756
0.226191
0.008088
-0.046393
0.035333
-0.046407
0.089821
0.008088
0.089754
0.144050
-0.127873
-0.019126
0.008088
0.062510
0.035288
0.008088
0.035281
-0.209658
0.062570
0.062540
0.035303
-0.019126
0.062510
0.008088
0.035288
0.035281
0.008088
0.008088
-0.019104
0.008088
0.035281
0.008088
0.008088
0.035273
-0.019097
0.062451
-0.591532
-0.073957
0.144794
0.035407
-0.046556
0.253755
-0.155622
-0.101201
-0.101321
-0.019283
-0.074070
0.199686
0.062763
-0.101291
-0.211030
-0.101651
-0.211752
0.173014
0.035550
-0.184299
-0.046947
0.008088
0.118130
-0.129482
-0.102104
0.008088
0.338303
-0.019388
0.117948
-0.046826
-0.129331
0.090563
-0.101892
-0.157110
-0.074613
-0.019494
-0.047099
-0.185308
-0.102592
0.035770
0.229266
0.146077
-0.240427
-0.130243
0.118769
0.173880
-0.130052
-0.019563
-0.213396
0.063506
-0.075049
0.118923
-0.269227
0.091364
0.091295
0.035809
0.118892
-0.130435
0.035809
-0.075095
-0.019655
0.119015
0.008088
-0.047359
-0.019647
0.008088
0.035824
0.035816
0.063521
0.035793
0.008088
0.063475
0.063444
0.063414
-0.047237
-0.047267
-1.189531
-0.244401
0.008088
0.204525
0.064142
-0.019934
-0.808013
0.290256
-0.302339
-0.701034
0.292341
-0.105516
0.036502
0.206755
-0.389639
-0.077345
-0.134463
0.008088
0.236074
-0.020381
0.150356
-0.191143
0.065052
0.178786
0.263589
0.149752
-0.076885
-0.105322
-0.020284
-0.304545
0.121887
0.008088
0.036518
0.064923
0.064891
0.036477
-0.048697
-0.134018
-0.077272
-0.105839
-0.105969
-0.020446
-0.249091
-0.221072
-0.020594
-0.192917
0.266449
-0.164078
0.065510
-0.193032
0.180502
0.180206
-0.250198
0.209036
0.151376
0.151170
0.150966
0.122244
-0.191769
0.150884
-0.020454
0.065166
0.065134
0.235944
0.008088
0.093401
-0.077224
0.008088
0.207037
0.149953
0.206361
-0.105162
0.093038
-0.190240
0.234717
-0.020212
0.516277
-0.217454
0.205466
0.036254
-0.189234
0.036301
0.064490
-0.161212
-0.104938
0.008088
0.092870
-0.274797
-0.076933
-0.190578
0.376726
0.262506
0.064538
-0.104842
0.036333
-0.104938
0.064618
0.149272
0.064506
0.092655
-0.048281
-0.048313
0.092679
0.120765
0.036238
-0.104556
0.008088
0.036261
-0.245755
0.149192
0.008088
-0.048329
0.092703
-0.330799
-0.190128
0.121403
0.064698
-0.133494
0.008088
-0.048601
-0.133776
0.121596
0.234717
-0.161835
-0.162124
-0.276245
0.207207
-0.048762
0.150154
-0.105548
0.064923
-0.105612
0.150195
-0.020317
0.064891
0.064858
0.008088
0.064826
-0.048649
-0.077078
0.036485
0.093231
0.064810
0.008088
0.008088
0.036437
-0.105355
-0.077078
-0.162463
0.064971
-0.077248
-0.077321
-0.048892
0.150478
0.093425
-0.162657
0.036566
0.235620
-0.020325
-0.020333
0.263589
0.064778
0.234525
-0.048473
-0.048505
-0.161883
0.064778
-0.133695
-0.048681
-0.133977
-0.219637
0.207377
-0.248212
-0.106034
0.093693
-0.163193
-0.220745
0.093962
-0.335850
-0.049350
0.008088
0.094234
0.180156
0.122636
-0.020536
-0.020544
-0.135199
0.122735
0.093987
-0.077810
0.065362
-0.135157
0.208575
0.236725
-0.134748
-0.192226
-0.049218
-0.164029
0.237512
0.036729
0.179762
-0.192226
0.179811
-0.163635
0.008088
0.179811
-0.020512
0.065280
0.093815
0.008088
-0.077638
0.093815
0.236334
0.036583
-0.020406
-0.105969
0.065134
0.008088
-0.020430
-0.020438
0.093644
0.008088
0.036591
0.065069
0.065036
-0.048859
-0.048892
0.065069
0.093498
0.008088
0.093425
0.064939
-0.020333
0.064923
0.291777
0.206192
-0.331759
-0.190691
-0.447753
0.122244
-0.277544
0.122440
0.036656
0.150803
0.122114
0.008088
-0.162998
0.122179
0.093571
0.065036
-0.077345
-0.134463
-0.048989
0.008088
-0.049022
0.093742
-0.049005
0.122244
-0.077516
-0.077589
0.008088
-0.335358
-0.020585
-0.538282
-0.020751
0.036928
0.094556
-0.193786
-0.136358
0.267941
0.180949
0.209383
0.180304
-0.020594
-0.164177
0.266375
0.237118
0.322150
-0.048940
-0.248944
0.150966
-0.077614
0.122342
0.008088
0.036631
-0.020454
0.093693
0.065117
-0.020422
END
