y[]
-0.062432
-0.126927
-0.191672
-0.159690
-0.030418
0.098979
0.001939
-0.095101
-0.030429
-0.127637
0.099136
0.099042
0.001939
-0.062786
0.001939
-0.127637
0.066748
-0.160162
-0.062975
0.131725
0.034359
-0.062912
0.066790
0.001939
0.001939
0.001939
0.034349
-0.030471
0.034349
-0.420208
-0.128312
-0.030650
0.099675
0.034496
0.067022
0.099484
-0.258393
-0.095861
0.067149
-0.030661
-0.259243
-0.063463
0.165364
0.099866
-0.161326
0.099930
-0.096052
-0.096148
0.034645
-0.161700
-0.129166
0.067513
0.067470
0.100155
0.100058
0.034624
0.034613
-0.096116
0.001939
-0.128951
-0.063570
0.100187
-0.063549
0.001939
0.132872
-0.325715
0.165900
0.165632
-0.030778
0.067363
0.034635
0.099962
0.295433
0.034496
0.164567
0.001939
-0.225815
0.034507
-0.030629
0.001939
-0.128439
0.099738
0.034518
-0.161060
-0.030693
0.067192
0.001939
0.067149
0.067107
-0.095829
0.067128
-0.063250
0.001939
-0.030672
0.001939
0.001939
-0.030682
0.132360
0.067086
0.034496
-0.030618
0.067043
0.001939
0.034475
0.001939
0.001939
0.001939
0.099484
0.034433
-0.128100
0.034465
-0.095670
-0.291460
0.001939
-0.030714
0.165098
0.099707
0.099611
0.034475
0.034465
-0.128227
0.001939
0.164620
-0.095638
-0.030608
-0.063186
-0.063229
-0.030661
-0.095924
0.132402
-0.063271
0.034549
-0.095924
0.034571
0.001939
0.067171
0.034539
0.132232
-0.063186
0.067064
0.067022
-0.160848
-0.063250
0.099707
-0.095829
-0.030672
-0.357480
-0.161861
0.034720
0.001939
-0.359250
0.034828
0.034817
-0.096729
-0.459803
0.068033
-0.295828
0.035068
-0.130643
-0.230503
0.134829
-0.031267
-0.097745
-0.197728
0.135095
-0.131217
-0.031378
0.068561
-0.131350
0.068606
-0.298412
0.001939
0.068762
0.202139
-0.098111
0.001939
0.035300
0.035289
0.001939
0.101922
0.035245
-0.331617
0.102123
-0.064839
-0.098312
0.068784
0.102123
0.301889
0.068473
-0.064595
-0.131261
-0.198195
0.202072
0.201673
-0.197795
0.035256
0.068539
0.068495
0.035200
0.068428
-0.197662
-0.098011
0.168467
-0.231278
-0.064794
0.135361
-0.198261
-0.165201
-0.031523
-0.266158
-0.132379
0.069121
0.203214
0.169359
-0.031523
-0.098513
0.302993
0.135450
-0.198395
0.402206
0.135006
-0.531396
0.102156
-0.064861
-0.098345
-0.098446
0.035412
0.302691
0.567570
-0.363692
-0.431901
0.602141
-0.031311
0.101656
-0.097779
0.001939
-0.031322
-0.031333
-0.097945
0.035245
0.035233
0.101756
-0.031322
-0.064617
-0.031356
-0.064683
-0.031389
0.035267
0.001939
-0.064728
0.068606
-0.064728
0.035278
0.035267
-0.031389
-0.031400
0.068606
0.135139
0.201407
-0.031278
0.167914
0.001939
-0.164036
0.167914
-0.031234
0.200812
0.398503
-0.196146
0.101031
-0.064111
0.001939
-0.064155
0.068033
0.133996
-0.163159
0.034980
-0.064155
0.134083
-0.163268
0.134127
0.034959
-0.064111
0.034969
-0.031092
0.001939
-0.097218
0.068055
0.068011
0.001939
0.001939
0.133952
0.034915
0.067859
0.100737
0.166386
0.067642
-0.162400
-0.195625
0.199502
-0.096794
0.100672
0.199113
-0.096599
-0.129597
0.100607
0.166170
0.165900
-0.096406
-0.096502
0.001939
0.001939
-0.063743
-0.030918
0.034796
0.001939
0.001939
0.034785
-0.063764
0.231711
-0.063656
0.034742
0.001939
0.034731
0.001939
0.034720
-0.063635
0.034731
-0.030853
0.001939
0.034731
0.001939
0.067491
-0.030832
-0.194912
-0.096632
-0.030940
-0.030950
0.034828
0.133388
-0.129510
-0.195559
-0.162942
0.067924
0.100835
0.100737
-0.030983
-0.063937
0.001939
0.067815
-0.096892
0.166602
0.100607
0.133345
-0.063743
-0.195365
-0.030983
0.166440
0.428379
0.719489
-0.063081
0.001939
-0.030587
-0.030597
0.067001
0.099452
-0.160636
0.099516
-0.225889
0.067086
0.067043
0.067001
-0.030587
0.553441
0.131263
-0.224488
-0.225002
0.001939
0.066832
-0.030502
0.001939
-0.062975
0.034401
-0.030523
-0.193056
-0.095701
0.001939
0.034496
0.067022
0.034465
0.066958
0.066916
-0.030544
0.034422
-0.030544
0.066895
-0.030534
0.034412
-0.030534
0.001939
-0.030544
0.001939
-0.030555
0.001939
-0.063081
0.001939
0.001939
-0.030587
-0.063144
-0.030618
-0.063208
0.067086
-0.030629
0.067064
-0.030618
0.132105
-0.128227
0.001939
-0.226260
0.164991
0.034518
0.099611
0.132020
-0.128142
0.034475
-0.193437
0.132232
0.132063
-0.160742
-0.030629
0.327142
-0.063017
0.164250
-1.074217
0.948267
0.261427
-0.127721
0.066790
-0.030481
0.001939
-0.030492
-0.062954
0.001939
0.034391
-0.030513
-0.127973
0.099389
0.164145
-0.062912
-0.127889
0.066874
END
