y[]
0.063738
0.063695
-0.067323
0.096434
-0.001814
-0.034553
-0.100094
-0.001814
-0.133005
-0.001814
-0.034639
-0.001814
-0.001814
-0.001814
0.162201
-0.034596
0.096498
0.030935
-0.100094
-0.001814
-0.133005
-0.001814
-0.001814
-0.001814
0.031000
-0.034628
-0.001814
-0.001814
0.031000
0.030989
-0.001814
-0.001814
0.030978
0.063738
0.030946
-0.034574
-0.034585
0.030957
0.030946
-0.001814
-0.034574
0.030946
0.096402
-0.198342
-0.001814
-0.133048
0.031010
-0.100320
-0.001814
-0.034671
0.162363
-0.034628
-0.067474
-0.034660
-0.001814
-0.067539
0.162417
0.227657
0.063652
0.226982
0.193881
-0.001814
-0.034403
0.063354
-0.034393
-0.001814
0.160973
-0.001814
0.030712
0.193118
0.063079
-0.034255
-0.034266
-0.001814
-0.034276
-0.001814
-0.034287
0.063121
-0.034276
-0.001814
0.160392
-0.001814
-0.066665
0.030617
-0.196556
-0.066812
-0.066855
0.063227
-0.034329
-0.034340
0.095731
0.063163
0.030659
-0.001814
-0.164284
-0.034340
-0.034350
0.128267
-0.001814
0.030680
-0.099327
0.030701
-0.034329
0.063205
-0.001814
-0.001814
-0.001814
-0.001814
-0.066834
0.063205
-0.001814
-0.197000
-0.001814
-0.066961
-0.034403
-0.164920
-0.001814
-0.001814
0.030828
-0.099773
-0.034488
0.030860
-0.034488
0.030860
0.161398
-0.067067
-0.067110
-0.099837
-0.296462
0.227431
0.128948
-0.067174
0.030871
-0.067195
-0.034521
-0.034531
-0.067281
-0.100094
0.063717
-0.001814
-0.067345
0.129205
-0.001814
0.030914
-0.001814
-0.067281
-0.067323
0.063695
-0.132876
0.096498
-0.001814
0.096402
-0.034542
0.030914
-0.001814
-0.034542
0.030914
0.096305
-0.165400
0.194457
-0.394742
0.096563
0.096466
0.030925
-0.067302
0.096402
-0.165561
-0.001814
-0.133005
-0.001814
-0.001814
-0.166045
0.096757
0.031021
0.031010
0.031000
-0.034628
-0.067474
-0.034660
-0.034671
-0.298013
0.031140
-0.034768
0.097016
-0.067690
-0.001814
0.129895
0.063975
-0.067604
0.063975
0.031064
-0.034693
-0.100515
0.031097
-0.001814
-0.100580
0.064040
0.063997
-0.001814
-0.034714
-0.001814
0.063975
0.129635
0.031021
0.129420
-0.001814
-0.165883
-0.001814
-0.133263
0.162471
-0.001814
-0.034649
-0.067517
-0.001814
-0.034682
-0.232191
0.031129
-0.067712
0.097016
0.031108
0.063997
-0.067625
-0.034736
-0.034747
-0.034758
-0.034768
-0.001814
-0.034779
0.064106
0.096984
0.129765
-0.100482
0.096854
-0.034693
-0.034703
0.063954
-0.166315
0.031108
0.129765
0.162417
0.227657
-0.231285
-0.034639
-0.034649
-0.001814
-0.034660
0.063867
-0.067496
-0.034671
0.031043
0.096692
-0.067474
-0.034660
0.031032
-0.001814
-0.001814
-0.034660
0.031032
0.031021
-0.034649
-0.330762
0.129895
-0.034725
-0.067669
-0.034758
-0.431070
0.163503
-0.167131
0.097409
-0.001814
0.031238
-0.034866
-0.001814
0.064280
0.031216
0.031206
-0.133958
-0.266627
0.031326
-0.134440
0.097672
0.064455
0.064411
0.130505
0.196337
-0.166912
0.064258
-0.067886
0.097278
0.261951
-0.034747
-0.034758
-0.001814
0.064062
0.096919
-0.067625
-0.067669
-0.001814
-0.001814
-0.034758
-0.100710
0.064127
0.031140
0.129895
0.063975
0.228109
-0.133134
-0.034671
-0.067560
0.063932
-0.100450
0.031075
-0.034703
-0.001814
-0.001814
-0.001814
-0.034714
0.228260
0.031010
-0.100320
-0.001814
-0.001814
-0.100417
0.031064
0.031054
-0.067560
0.063932
-0.133350
0.031086
-0.034714
-0.001814
0.063975
-0.034703
0.031075
0.129635
-0.001814
-0.034660
-0.001814
-0.034671
-0.001814
0.063889
-0.001814
0.031021
0.031010
-0.001814
0.063803
0.063760
-0.100191
0.194843
-0.067323
-0.034585
0.030957
-0.067366
-0.001814
0.161986
0.030914
-0.165561
-0.034596
-0.100223
0.162147
-0.100159
-0.001814
-0.264540
0.031064
0.063911
-0.001814
0.063867
-0.001814
-0.297721
0.096919
0.063954
-0.034693
-0.001814
-0.067604
0.063975
0.096789
0.129506
-0.001814
-0.001814
0.030989
0.129291
0.096402
-0.067281
-0.001814
-0.067323
-0.001814
-0.034585
0.030957
-0.132962
0.129333
0.063695
0.030925
-0.067302
0.096402
-0.132790
0.063695
-0.132876
-0.001814
0.129248
0.030925
0.030914
-0.034542
0.030914
0.030903
-0.001814
0.030892
-0.034521
-0.034531
0.030903
-0.034531
-0.034542
0.063631
-0.001814
0.030892
0.030882
-0.034510
-0.001814
0.030882
-0.034510
-0.001814
0.030882
-0.067216
0.096273
0.194072
0.226236
0.030722
-0.066897
-0.066939
-0.001814
-0.132192
-0.034435
0.161185
-0.066982
-0.067024
0.030796
-0.034425
0.030796
-0.001814
0.030786
0.030775
-0.067003
0.030786
0.030775
-0.001814
0.095890
-0.001814
-0.066939
0.030754
0.095826
0.030712
END
