y[]
-0.003629
-0.171781
-0.070969
0.231863
0.130689
-0.037192
-0.238884
-0.374437
0.165090
-0.307529
0.030183
-0.071265
0.030195
-0.071288
0.064030
-0.071288
-0.037476
-0.410685
-0.003629
-0.071633
-0.276109
0.132704
0.268480
0.132148
0.301198
0.131552
0.030138
-0.003629
-2.395270
0.030943
0.238042
0.168636
0.133970
-0.175657
-0.106988
-0.348933
-0.419574
0.169892
-0.177150
-0.107886
-0.351940
0.622460
0.169591
-0.211529
-0.142470
-0.038369
0.204632
-0.073001
-0.246811
0.031147
0.204777
0.169711
-0.038273
-0.072953
-0.142422
-0.212180
-0.003629
0.135453
-0.073146
0.204777
-0.038333
0.204415
0.203983
0.030931
0.272424
0.065265
-0.141465
0.030848
0.271758
-0.416995
-0.384055
0.100267
-0.489404
-0.073219
-0.422186
-0.003629
-0.178546
0.241169
0.101101
0.379446
-0.003629
-0.561316
-0.248599
-0.214082
-0.073878
-0.355618
0.418609
0.241856
-0.319363
0.347125
0.380785
0.414053
-0.351577
0.309578
-0.107923
-0.247404
0.309687
0.204704
0.342632
0.616635
0.167986
-0.312748
-0.244718
-0.038118
-1.043860
0.309578
-0.177512
-0.352304
0.170861
0.379180
0.481472
0.134540
-0.280159
-0.107525
-0.072953
-0.420586
0.205067
0.239300
-0.038297
-0.038309
0.204271
0.134731
0.100016
0.237792
-0.383267
0.341556
-0.176073
-0.210955
0.169172
-0.107274
0.030931
-0.003629
-0.245802
0.342153
0.134350
0.134159
-0.003629
0.340014
0.236220
1.356011
-0.613181
-0.480307
-0.277040
0.474351
-0.584331
-0.415576
-0.175776
0.409026
0.509807
-0.037776
0.030518
0.064630
0.200870
0.132472
-0.071656
0.132379
-0.071610
0.234102
0.436378
-0.274174
0.064076
-0.172977
-0.105376
0.165891
-0.139222
-0.309388
-0.207989
-0.105966
-0.106071
-0.311585
-0.072193
0.441196
-0.174482
0.235483
-0.208547
0.064724
0.269315
-0.003629
0.030437
-0.071772
1.484896
0.331604
0.029832
0.196906
0.063127
0.129749
-0.270563
-0.037046
-0.137408
-0.171105
0.531310
0.329261
0.295027
-0.302285
-0.136652
0.029643
-0.203429
0.196171
0.162567
0.029577
0.095923
-0.169604
0.029588
0.095956
0.029544
0.029533
0.128909
-0.202502
0.228351
0.062552
0.128602
-0.102786
-0.003629
-0.102885
0.062552
0.062508
-0.003629
-0.202173
0.227967
0.095463
-0.069679
0.161415
0.128210
-0.135468
0.226976
-0.036540
-0.135381
-0.399931
-0.235532
0.029533
0.228197
-0.301791
-0.136431
0.029588
0.129129
0.162071
-0.069876
0.062618
-0.003629
-0.003629
0.095659
0.029445
0.062487
0.095463
0.194260
0.095169
-0.201323
-0.036616
-0.102655
0.062399
-0.201845
0.128559
-0.003629
0.161360
0.095234
-0.069527
0.128123
-0.135381
-0.135555
-0.069658
0.062399
0.194195
-0.697732
-0.169604
-0.003629
-0.036857
-0.103380
-0.103479
0.229200
-0.036857
0.228736
-0.235994
0.162401
0.029544
0.228274
-0.102950
-0.136211
0.029533
-0.103148
0.029555
-0.070008
-0.103280
0.062816
0.062772
0.062728
-0.136387
0.062772
-0.036824
-0.103280
-0.136652
-0.070207
-0.136918
-0.170490
-0.103880
0.130016
-0.037024
0.196571
-0.337519
0.029810
0.296822
-0.203829
0.096521
-0.237469
-0.003629
-0.003629
-0.271546
0.197376
0.230367
-0.103846
0.096588
-0.037024
0.063149
-0.003629
0.096454
-0.003629
0.262771
0.062860
-0.103380
-0.036901
-0.203496
-0.170490
0.096521
-0.103779
0.029765
-0.037024
0.029765
-0.204164
-0.271636
-0.003629
-0.205107
-0.003629
-0.104520
-0.814444
0.098083
-0.071426
-0.105410
-0.037579
0.030321
0.132056
-0.241199
0.064306
0.166006
0.199554
-0.105169
0.368181
-0.307735
-0.037476
0.266824
0.266095
0.198187
-0.003629
0.063553
-0.070811
0.365313
-0.171161
-0.037169
0.096958
0.297526
0.163288
0.129704
-0.136962
-0.036990
0.029732
-0.170546
0.063171
-0.070429
0.396505
0.029643
0.096122
-0.036868
0.029610
0.062816
-0.169825
0.228968
-0.302782
0.428194
0.294236
0.029412
0.227356
-0.300708
0.062465
0.095430
-0.168782
0.029423
-0.102819
0.062508
0.095495
0.260223
0.029304
0.095104
-0.168238
-0.069549
0.095234
-0.003629
-0.036573
-0.036583
-0.069570
-0.102623
-0.003629
-0.102721
0.029412
0.062421
-0.135773
0.161524
-0.003629
0.260049
-0.102427
0.128080
-0.267221
-0.201780
-0.102852
-0.136079
0.029500
0.095692
-0.268705
-0.202899
0.328266
0.327168
-0.400718
-0.202766
0.129173
-0.070008
-0.003629
-0.436170
0.362489
-0.203164
0.062927
-0.036901
0.029643
-0.003629
-0.203429
0.096321
-0.036935
-0.203696
0.196438
0.062971
0.096188
0.062860
-0.003629
0.029599
-0.136608
0.228968
0.095890
0.029522
0.029511
0.062618
-0.069876
0.095725
-0.102983
0.228044
END
