y[]
-0.072672
-0.072715
-0.039858
0.091667
0.124394
0.156993
0.222127
0.025716
-0.006969
0.188918
-0.202855
0.123665
-0.039611
0.025674
-0.202983
-0.268920
0.254983
-0.039675
0.058434
0.091055
0.058327
0.156084
-0.072158
0.123367
0.058136
-0.006969
-0.072073
-0.006969
0.025589
-0.006969
0.058114
-0.072052
-0.006969
-0.137262
-0.104800
0.123452
-0.039558
-0.039568
0.025631
-0.072179
-0.006969
-0.006969
-0.072221
-0.137602
-0.039654
0.123708
0.123537
0.090799
0.058157
0.090640
0.025546
-0.137092
0.058114
-0.039505
-0.104641
-0.039547
-0.333340
0.123708
0.090927
-0.072221
-0.039611
-0.268492
0.058476
-0.039686
0.058455
0.025727
-0.105088
-0.203497
-0.105378
0.156993
0.091279
0.123879
-0.105088
0.189174
0.123580
-0.039590
0.058263
0.155924
0.058114
-0.072052
-0.006969
0.285572
-0.234426
0.090577
-0.234722
0.025599
0.058136
-0.006969
-0.104641
-0.039547
0.253363
-0.137050
-0.169809
-0.333446
-0.301713
0.222352
-0.105184
-0.105281
-0.467042
-0.072866
0.058929
-0.303852
-0.106126
-0.139331
-0.073216
0.092386
-0.106323
-0.106422
-0.006969
0.158732
0.026139
0.323501
-0.105995
0.256884
-0.006969
-0.138808
0.190725
0.223181
-0.006969
-0.039815
0.189946
-0.006969
-0.138202
0.222577
-0.006969
0.678525
0.090577
-0.104514
-0.202345
0.025621
-0.072158
-0.170127
0.058327
-0.137602
-0.072349
-0.072392
0.123836
-0.006969
-0.006969
0.123665
0.090895
-0.039579
0.025642
-0.072200
-0.072243
-0.170341
0.123750
0.123580
-0.006969
-0.137517
-0.006969
-0.072307
-0.006969
0.156297
-0.006969
0.123452
-0.137389
0.025653
0.025642
0.058220
-0.104768
0.025642
0.058220
-0.039558
0.025621
0.123282
-0.137219
-0.137389
-0.039600
0.090895
-0.072200
0.025653
0.253618
-0.267555
0.188535
0.188153
-0.006969
-0.039462
0.122944
0.187584
-0.071777
-0.136712
0.025483
-0.071883
-0.136923
0.155448
-0.039431
-0.071925
0.025515
0.025504
0.025494
-0.006969
0.057924
0.057882
0.057840
-0.006969
-0.006969
-0.006969
0.025420
0.122481
-0.039315
-0.460925
-0.006969
0.090481
-0.039441
0.025504
0.025494
-0.299509
0.090640
-0.202281
0.253363
0.025525
-0.071967
-0.039484
-0.006969
-0.039494
0.025557
-0.267470
0.123367
-0.104704
0.025621
-0.039558
-0.104800
-0.039600
0.025663
-0.039600
0.058284
0.123410
-0.039547
0.058178
-0.006969
0.123197
-0.006969
-0.169703
0.220785
0.414631
0.057735
-0.071673
-0.039336
0.057756
-0.006969
-0.104072
0.122481
-0.039315
-0.071694
-0.039347
0.187143
-0.006969
-0.071631
0.057694
0.057652
0.025326
-0.103883
-0.039294
0.025357
0.057652
-0.103915
0.186830
0.122022
0.089665
0.057402
0.089510
-0.071277
0.089479
-0.039107
-0.006969
0.057299
0.089355
-0.103292
-0.039097
-0.071257
0.057319
0.057278
-0.071215
-0.006969
-0.071257
-0.071298
0.089510
0.025170
-0.232158
0.121773
-0.039138
0.025201
-0.232375
0.379132
0.121401
-0.039046
-0.103261
-0.006969
-0.006969
0.121401
-0.071133
-0.071174
-0.103354
0.153622
0.057196
-0.039046
0.185339
-0.135133
0.121195
0.121031
-0.006969
-0.006969
0.025006
-0.006969
0.088893
-0.038912
-0.038923
-0.038933
0.056950
-0.070887
-0.006969
0.056950
0.024975
0.088802
-0.038882
0.056848
0.024924
-0.102678
0.088740
0.088649
0.024884
0.024873
-0.070663
0.024884
0.056705
-0.038801
-0.006969
0.024863
-0.038801
-0.006969
-0.038811
0.024873
-0.070663
-0.070703
0.088618
-0.006969
-0.038821
0.024884
0.056705
0.024853
-0.102464
-0.006969
0.024873
0.024863
-0.006969
-0.038801
-0.038811
0.024873
0.024863
-0.070643
0.056705
0.024853
-0.070622
-0.102525
-0.038841
0.024904
-0.006969
0.024894
-0.102586
-0.134601
0.056868
-0.006969
0.088710
-0.070744
-0.006969
0.088679
-0.134520
-0.038882
0.088740
0.024914
0.406584
-0.484296
-0.006969
-0.070785
-0.006969
0.024945
-0.006969
-0.070805
0.056868
-0.070805
-0.006969
-0.006969
-0.038902
-0.038912
0.024975
-0.038912
-0.006969
0.024975
0.120705
-0.038872
-0.102739
0.024965
-0.070846
-0.006969
-0.070887
-0.198969
-0.006969
0.057072
0.025037
0.057011
-0.070948
-0.103015
-0.135174
0.185278
-0.038984
0.089047
-0.102984
-0.006969
-0.038994
0.025057
0.025047
-0.038984
-0.038994
0.025057
-0.071030
0.057093
-0.071030
0.025067
-0.039004
-0.006969
-0.006969
0.057093
0.057052
0.025026
-0.006969
-0.006969
-0.006969
-0.038963
0.344413
-0.038861
0.056807
-0.038851
0.024914
-0.006969
-0.102647
0.024934
-0.006969
0.120542
0.088558
-0.006969
0.024853
-0.038790
0.088466
-0.134236
0.024863
-0.070643
0.088527
0.056645
-0.102404
END
