y[]
0.001919
-0.105627
-0.033955
0.001919
0.037794
-0.033955
-0.069868
-0.105859
0.037858
-0.141914
0.037897
0.037884
-0.034046
0.073836
0.037858
0.037845
0.073732
0.073681
0.001919
-0.033955
-0.069868
-0.105859
0.073784
-0.069946
0.145597
0.001919
0.001919
-0.141759
0.073784
0.001919
0.145494
0.037781
0.145237
0.001919
0.180778
0.144776
0.144573
-0.319338
0.109119
0.073322
0.001919
-0.069484
-0.069535
0.001919
0.037653
-0.033814
0.144776
-0.069484
0.109005
-0.069458
0.037614
0.037602
-0.105166
0.215976
-0.069382
-0.140836
0.180331
0.215594
-0.069255
0.108662
-0.069230
-0.069281
-0.104976
0.001919
-0.033738
0.073220
0.001919
0.037551
0.037538
-0.069331
-0.069382
0.073220
-0.033725
0.037563
0.073170
-0.033700
-0.033712
-0.069382
0.037576
0.037563
0.037551
0.073144
-0.033687
0.321919
0.037412
0.072866
0.072816
-0.068978
0.001919
0.072816
-0.104445
-0.033561
0.001919
-0.069078
-0.104672
0.001919
0.108510
0.037424
-0.211301
-0.104861
0.144268
0.108548
0.037437
-0.033599
0.001919
0.001919
-0.069154
-0.069205
0.001919
0.037487
0.073018
0.037449
-0.175859
0.144167
-0.033624
-0.033636
-0.069230
-0.033674
0.001919
-0.033687
-0.069331
-0.033725
0.001919
-0.105090
-0.069484
-0.033801
-0.069560
-0.033840
0.144878
-0.141040
0.251964
0.001919
-0.140887
0.180395
0.108852
0.037538
-0.033700
-0.069357
0.215594
0.073043
0.072992
0.072942
0.037412
0.072866
0.072816
-0.104445
-0.033561
-0.033573
-0.033586
0.037424
0.001919
-0.069104
-0.069154
0.037462
-0.069179
0.073018
0.072967
0.001919
-0.033599
0.037437
0.037424
0.001919
-0.033586
-0.069129
-0.033624
0.072992
-0.104710
0.037475
0.037462
-0.033624
0.001919
0.037462
-0.175922
-0.033687
0.001919
0.286414
-0.104672
0.001919
0.037462
-0.033624
-0.175985
-0.176302
0.001919
-0.033763
0.073271
-0.105128
-0.284102
0.252232
-0.033801
0.216052
-0.105090
0.144573
0.001919
-0.140734
-0.105205
0.073348
0.144623
0.001919
0.073195
0.001919
-0.033712
-0.033725
0.037563
0.037551
0.073144
0.037513
0.108624
0.037462
0.108472
-0.104634
-0.247147
-0.140683
0.001919
-0.069458
0.108966
0.144471
-0.033700
0.286516
0.037437
0.001919
0.037424
0.037412
0.001919
0.001919
-0.033573
0.108359
0.108246
-0.104407
-0.033548
0.037386
-0.033548
0.072841
0.001919
-0.104483
-0.033573
0.037412
0.037399
0.001919
-0.033561
-0.033573
0.001919
-0.033586
-0.033599
0.001919
-0.033611
-0.069179
0.037475
0.072992
0.179382
-0.140025
0.143864
-0.211073
0.037449
0.001919
0.037437
0.143864
-0.033548
-0.140076
-0.318309
0.037551
-0.069357
-0.069408
0.001919
-0.033763
-0.033776
0.108966
0.037576
0.037563
-0.033725
0.001919
0.037563
0.001919
0.073170
0.001919
0.144268
0.073018
0.108472
-0.211301
-0.033662
0.001919
0.037500
-0.069255
0.001919
0.108662
0.073018
0.462831
0.107982
0.107870
-0.458014
0.072816
-0.139925
0.250014
-0.033485
0.143462
0.319660
-0.209796
-0.068752
0.001919
-0.104182
0.037299
0.037286
-0.033448
-0.139674
-0.175354
0.037399
-0.175606
-0.033624
-0.354207
0.144522
-0.212061
0.144623
0.108814
-0.176302
-0.176620
-0.176940
0.145032
-0.033840
0.109158
-0.751177
0.001919
-0.322581
0.074121
-0.034175
-0.106443
0.290624
0.073965
-0.070127
-0.142329
-0.106404
-0.106521
-0.034254
-0.433179
0.292195
0.001919
-0.143113
0.001919
0.219389
0.038118
-0.070492
-0.034306
0.038144
0.182849
-0.142799
0.218917
0.074147
-0.070309
0.182392
-0.142433
-0.070335
-0.106560
0.074252
-0.106600
-0.070492
0.038131
-0.143008
0.001919
0.001919
0.038171
0.110595
0.001919
-0.288146
0.183309
0.291460
-0.034228
-0.106600
0.038105
-0.106678
0.435603
0.110047
0.001919
-0.034110
0.109969
0.253582
0.001919
-0.249744
-0.034084
0.073913
0.001919
-0.142121
-0.034123
0.073991
-0.070153
0.073991
0.109930
0.073862
-0.142018
0.073913
0.037897
0.109775
-0.177905
0.109852
-0.142018
0.217747
-0.069972
0.109736
-0.069946
-0.141966
0.073888
0.145701
0.001919
-0.105898
0.109736
-0.105898
-0.286162
0.182067
0.109852
-0.034046
0.360986
-0.213366
0.001919
0.001919
0.037832
-0.321764
-0.322815
0.038053
-0.070361
0.146428
-0.106443
0.038053
-0.070361
-0.179011
0.001919
0.001919
-0.106796
-0.034346
0.183111
0.074304
0.182653
0.110203
-0.070257
-0.178749
0.001919
-0.070440
-0.106717
-0.070571
0.074409
-0.106836
-0.215946
-0.107192
0.074673
0.328658
-0.106875
0.219389
0.182784
-0.106560
0.001919
0.001919
0.038092
0.074226
0.001919
END
