y[]
0.107669
0.135442
-0.032023
-0.032031
-0.199683
0.191433
-0.087889
-0.171863
-0.172145
0.107920
-0.228340
-0.116422
-0.341773
-0.060511
-0.201726
0.024128
0.024120
0.080561
0.108678
-0.060511
0.024072
-0.004125
0.052245
0.024048
0.052197
0.052165
0.024008
-0.060400
-0.004125
-0.004125
-0.032274
-0.032282
0.080323
-0.060415
0.052165
-0.032266
0.052150
-0.060400
0.024016
0.024008
-0.060400
0.024016
0.052134
0.023992
-0.004125
0.052086
-0.032227
-0.088478
0.052118
-0.116643
-0.088596
-0.201503
0.530711
0.304214
-0.172192
-0.228655
0.248436
-0.116296
-0.200727
0.080180
-0.060321
0.108235
-0.144594
-0.032243
0.108298
-0.032219
-0.257325
-0.201503
-0.286771
0.109029
-0.230562
0.109157
-0.060750
-0.004125
-0.287733
-0.146231
0.024312
0.223083
0.109286
0.024208
-0.032458
0.165750
-0.060718
0.024176
0.221992
-0.060606
0.137018
0.080465
0.361609
-0.369859
-0.004125
0.192975
-0.004125
-0.004125
0.052118
0.220531
0.192036
-0.032124
-0.032132
0.079873
-0.060116
-0.060147
0.051897
-0.004125
0.023874
0.023867
-0.060116
0.023874
0.051850
0.079779
0.023827
-0.088006
-0.032101
-0.004125
0.023851
0.051803
0.051772
-0.087982
0.023835
0.051772
-0.032070
0.135520
0.079569
0.190888
-0.004125
0.023703
-0.031953
0.854963
0.381444
-0.196724
0.160982
-0.004125
0.160710
0.133030
-0.196195
0.105675
-0.031564
-0.031571
-0.196459
0.023374
0.050850
-0.169142
0.078417
0.023374
0.023366
0.023359
-0.141620
0.078395
-0.169232
0.105977
0.105856
-0.031609
-0.059115
0.133294
-0.086554
0.023359
0.023351
0.160574
-0.058995
-0.059025
-0.114015
-0.141658
-0.004125
0.133408
-0.114136
0.160846
0.297617
-0.031519
-0.113774
0.078123
-0.004125
0.160169
-0.141018
-0.058935
-0.058965
-0.004125
-0.004125
0.078123
-0.004125
0.023276
-0.004125
-0.004125
0.050654
0.132693
-0.031474
-0.113594
-0.058905
0.023268
-0.196037
0.078168
-0.004125
-0.141318
0.023329
0.023321
-0.004125
-0.113955
0.050805
0.105644
0.297121
-0.140943
0.023253
-0.058890
0.050639
-0.223363
0.050730
0.242349
-0.058845
-0.168464
-0.113834
0.078168
-0.113864
-0.031579
-0.086531
-0.059100
0.133256
0.105644
-0.113895
0.050775
-0.141431
0.215474
0.050700
-0.086373
0.050715
0.023283
-0.058950
-0.004125
0.050700
-0.113804
0.078146
0.023283
0.105434
-0.113684
-0.058950
-0.004125
0.078101
-0.031526
0.078055
0.023253
-0.086283
0.023268
0.132730
0.132543
-0.004125
0.050490
0.023171
0.077719
0.023141
0.050386
-0.167747
0.023164
-0.031414
-0.031421
0.050460
-0.004125
-0.086014
0.050475
-0.058725
-0.031436
0.023186
-0.004125
0.023179
0.077742
-0.085992
0.105015
0.023141
-0.085947
0.077697
-0.004125
-0.167836
0.050475
0.023164
0.050430
-0.004125
-0.085969
-0.086036
-0.140793
0.105224
0.023194
-0.113445
-0.058830
0.105254
-0.086148
-0.223183
0.105464
0.187367
0.050520
-0.195513
-0.004125
0.050595
-0.004125
0.050565
-0.140905
-0.031504
-0.004125
0.077988
-0.168419
-0.004125
-0.058950
0.132880
-0.086306
0.078055
0.023253
0.023246
-0.058875
-0.004125
-0.086306
-0.004125
0.023276
0.023268
0.105374
0.077921
0.023209
-0.004125
-0.113504
0.187210
0.077764
0.023156
0.159407
-0.085858
0.023127
0.050356
-0.113117
0.050386
0.104807
0.077497
-0.031325
-0.031332
0.023082
0.104630
0.023045
-0.112850
-0.085747
0.104689
-0.004125
-0.085724
-0.004125
0.050282
-0.058532
0.023082
0.023075
0.050252
-0.004125
-0.031310
-0.031317
-0.004125
0.050252
0.050223
-0.058473
-0.004125
-0.031310
-0.085724
0.023082
-0.004125
-0.031332
0.023082
-0.112998
0.159140
-0.140161
-0.113087
0.050371
-0.004125
0.023112
-0.085858
-0.004125
-0.004125
0.104837
-0.113087
-0.058651
-0.113266
-0.031429
0.077764
-0.058710
-0.004125
0.077742
-0.031406
0.050430
0.023141
0.104867
-0.004125
-0.222228
-0.058725
0.186845
-0.004125
-0.004125
0.023127
0.050356
0.104748
-0.031332
0.077474
-0.031317
-0.167435
0.050341
0.077519
-0.085769
-0.031354
0.023104
-0.004125
-0.031354
-0.222228
-0.004125
0.132245
-0.004125
-0.004125
-0.031384
-0.004125
0.077630
-0.031369
0.050356
0.104748
-0.031332
0.050282
-0.004125
-0.004125
-0.112969
-0.004125
0.023097
-0.085813
-0.031369
-0.113176
0.077675
0.050371
-0.004125
-0.031369
0.023119
-0.031369
-0.577975
0.050669
0.023261
-0.333253
0.187998
-0.086418
0.461310
-0.277648
-0.415818
-0.583357
0.216931
0.078645
-0.059297
-0.142189
0.299365
0.106007
-0.004125
0.023389
0.078372
-0.141658
-0.004125
-0.114288
0.050971
0.188474
0.133219
END
