y[]
0.026171
0.221983
-0.006514
-0.202337
0.026149
-0.039178
0.156698
-0.137063
0.058781
-0.235235
-0.039231
0.124290
0.058824
0.091413
0.123906
0.026064
-0.104282
0.091253
-0.071682
0.026075
-0.071703
-0.104378
-0.039157
-0.006514
0.058760
-0.039146
-0.039157
-0.006514
-0.039167
0.124034
0.026096
-0.039125
0.091285
-0.071703
0.026086
0.026075
-0.006514
-0.039104
-0.006514
0.188862
0.123525
-0.071513
0.025990
0.025980
0.025969
0.025958
0.058400
-0.006514
0.058358
0.025906
0.123061
-0.071281
-0.071323
0.123061
0.090557
-0.006514
-0.071218
0.058190
0.058148
-0.038840
-0.038851
-0.103586
-0.136090
0.090683
-0.006514
-0.038903
0.122977
-0.071239
-0.038892
-0.038903
-0.071323
-0.006514
-0.006514
0.090683
0.058232
0.058190
0.090463
0.025791
-0.038819
-0.006514
0.090369
0.025759
-0.071072
-0.071114
0.025791
-0.168144
0.122810
0.122643
0.154698
0.025697
-0.006514
0.025687
-0.038715
-0.135422
-0.135588
0.090307
0.057981
-0.071010
-0.103335
-0.038809
0.122601
-0.071051
0.025759
0.025749
-0.103335
-0.006514
0.025770
-0.038798
0.058043
-0.006514
0.025749
-0.006514
-0.006514
-0.038778
0.025749
0.476190
-0.135008
0.057753
0.025604
0.089778
-0.006514
0.057629
-0.166951
0.089778
-0.167054
0.025614
-0.006514
-0.070782
-0.135173
0.154283
-0.006514
0.057732
-0.070761
-0.102962
0.025645
-0.038674
0.025645
-0.199627
-0.006514
0.025697
-0.070947
0.090120
0.025676
0.025666
-0.038695
-0.070906
0.186536
-0.038663
-0.006514
-0.038674
0.057794
0.089871
0.089778
0.057629
-0.102745
0.121773
-0.134802
0.057650
-0.070679
-0.102838
0.025604
-0.006514
-0.038633
-0.199440
-0.070906
-0.329095
0.058085
-0.006514
-0.135755
0.122726
0.154802
-0.006514
-0.038757
-0.006514
-0.006514
-0.006514
0.025728
-0.071010
-0.071051
-0.038798
-0.006514
-0.006514
0.025770
-0.006514
-0.006514
-0.038798
-0.006514
0.058043
-0.038788
-0.006514
0.025759
0.251301
-0.038705
0.025676
-0.006514
-0.006514
0.057836
-0.038684
-0.070885
-0.006514
0.090026
0.057794
0.025625
-0.135132
0.057815
0.057774
-0.070802
-0.006514
-0.006514
-0.006514
0.057774
0.057732
-0.070761
0.025614
0.025604
0.057691
0.057650
0.025552
-0.070658
-0.070699
0.121814
-0.038581
0.025552
0.057588
-0.038560
0.025532
-0.070617
0.025542
0.025532
0.121568
0.025481
-0.006514
-0.070514
0.089470
-0.006514
-0.038499
-0.070514
-0.134637
-0.070637
0.025552
-0.102745
0.057650
0.089655
-0.102684
-0.070679
-0.006514
0.057650
0.057609
-0.006514
-0.006514
-0.070637
0.057609
0.025532
-0.038560
0.025532
0.025522
0.025511
-0.006514
-0.038540
0.057527
-0.038530
-0.006514
0.025501
-0.038530
-0.006514
-0.006514
0.025501
0.121445
-0.038489
-0.038499
-0.038509
0.057465
-0.102499
0.025491
0.025481
-0.038509
0.025481
-0.006514
-0.102530
0.153460
-0.070473
-0.134555
-0.006514
-0.038550
0.089563
-0.006514
0.185363
-0.166386
-0.070535
0.057506
-0.038519
-0.134637
0.057568
-0.102653
0.089624
0.025511
-0.070576
-0.038560
-0.102714
0.025563
0.057609
0.025532
-0.070617
0.025542
-0.006514
-0.038571
0.025542
-0.102714
0.121732
0.025522
-0.006514
-0.038550
0.121568
-0.006514
-0.006514
-0.006514
-0.134596
0.025522
-0.006514
-0.006514
-0.038550
0.025522
0.025511
0.057506
0.025481
-0.038509
0.025481
-0.070514
-0.006514
-0.070555
-0.038550
0.025522
0.025511
-0.006514
-0.038540
-0.006514
0.089532
-0.006514
-0.006514
0.089440
-0.006514
-0.038489
0.025460
-0.134473
0.057486
0.025470
-0.038499
0.025470
-0.070494
-0.102560
0.025511
0.057506
-0.102560
-0.070596
0.089593
0.121486
0.121322
-0.134351
0.025460
-0.006514
-0.038489
-0.070494
0.089440
-0.102468
0.025481
0.025470
-0.006514
-0.070494
0.089440
0.057404
-0.038468
-0.070453
-0.006514
-0.070494
-0.102560
-0.070596
-0.070637
0.057609
0.281532
0.216949
-0.198024
0.153103
0.343749
0.057038
0.056998
-0.006514
0.056958
-0.101737
-0.165421
-0.133822
0.025328
0.025318
-0.038346
-0.006514
-0.038356
-1.288583
1.339229
0.025307
-0.070168
-0.006514
-0.038356
-0.006514
-0.006514
-0.006514
0.057160
-0.006514
0.088921
-0.101949
-0.006514
-0.006514
-0.102041
-0.006514
0.057180
0.025318
-0.038346
0.120753
-0.006514
-0.006514
0.025277
0.057038
-0.006514
-0.101858
-0.006514
-0.038316
-0.006514
-0.070148
0.025307
0.025297
0.057079
-0.070107
-0.006514
0.057079
-0.101919
0.120672
-0.006514
-0.006514
-0.006514
-0.070087
0.057058
-0.070087
-0.038316
0.057079
-0.006514
-0.038306
-0.006514
0.025277
-0.006514
0.088799
-0.006514
0.025237
END
