y[]
-0.030211
-0.030221
0.067408
-0.062758
0.067408
0.002325
0.002325
-0.030211
0.002325
0.002325
-0.062779
0.034883
-0.030232
-0.030243
-0.128053
-0.062927
0.067578
0.002325
0.002325
0.067536
-0.030274
0.034925
0.067493
0.034893
-0.062821
-0.030264
-0.030274
0.002325
0.002325
-0.030285
0.002325
0.002325
0.002325
0.002325
-0.030296
0.100157
0.034915
0.002325
0.002325
-0.030264
-0.030274
-0.030285
-0.160887
0.002325
-0.030349
0.035000
-0.030349
0.067664
0.165484
0.067514
-0.030264
-0.062885
0.002325
0.002325
0.100125
0.132576
-0.062779
-0.062821
-0.030264
-0.062885
0.002325
-0.128223
0.034978
-0.030328
0.002325
0.002325
0.165484
-0.062906
0.034947
-0.030296
0.034947
-0.030296
0.002325
0.002325
0.067557
0.034925
0.100061
-0.030243
0.002325
0.002325
0.002325
0.034893
0.099966
-0.095315
-0.062821
-0.095474
0.034936
-0.030285
-0.030296
0.132746
-0.128095
-0.128266
0.067642
0.002325
0.067600
0.002325
0.002325
0.067557
0.067514
-0.193369
0.034968
-0.062970
0.067621
0.132789
-0.030274
0.034925
-0.030274
-0.030285
-0.030296
-0.030306
0.034957
0.067557
0.002325
0.002325
0.034925
0.034915
0.002325
-0.030264
0.034915
-0.030264
0.034915
0.002325
-0.128095
0.034947
0.132704
0.002325
-0.062842
0.034915
0.034904
-0.062842
-0.062885
0.197829
-0.062800
-0.062842
-0.160780
0.165431
0.034915
0.002325
0.034904
-0.030253
-0.030264
-0.030274
0.034925
0.067493
-0.062842
0.067493
-0.095442
0.067514
0.067472
0.002325
0.002325
0.034883
0.067408
-0.030211
0.034862
-0.062758
-0.062800
0.132534
0.034851
-0.095283
0.099934
0.067345
0.034819
0.002325
0.034809
0.099712
0.099617
-0.094967
-0.192543
0.099807
0.034798
0.002325
0.034788
0.034777
0.034767
-0.095030
0.002325
-0.062631
0.002325
-0.030168
0.034819
0.002325
-0.030168
0.002325
-0.062694
0.034840
-0.030190
0.067345
-0.030179
0.034830
0.034819
0.067282
-0.030147
-0.030158
0.034809
0.002325
0.002325
-0.030158
0.067282
-0.030147
0.034798
0.034788
0.034777
0.002325
0.002325
-0.030126
0.099649
0.067155
-0.062504
0.099554
0.067092
-0.030053
0.261058
-0.094621
0.099272
0.002325
-0.062295
0.066946
-0.062295
0.034641
-0.029990
-0.062337
0.002325
0.034662
-0.094715
0.099366
-0.030011
-0.094746
-0.030053
0.002325
0.034704
-0.030053
0.034704
0.002325
0.002325
0.099397
-0.030021
0.002325
-0.030032
0.034683
0.034672
-0.030021
0.002325
-0.030032
0.034683
0.034672
0.034662
0.002325
-0.062358
0.034672
-0.030021
-0.062399
0.002325
-0.030053
0.034704
0.002325
0.002325
0.002325
0.002325
0.002325
0.002325
0.002325
0.002325
0.002325
0.002325
0.002325
0.002325
-0.030053
0.034704
0.002325
-0.030053
0.002325
0.002325
0.002325
0.034704
-0.030053
0.034704
0.067050
0.002325
-0.062399
-0.030053
0.002325
0.131775
0.099303
-0.094652
0.034662
-0.030011
-0.030021
0.034672
0.002325
-0.030021
0.034672
-0.030021
0.099334
0.002325
-0.030000
0.002325
-0.094715
0.099366
0.002325
-0.062358
0.099334
0.034641
-0.062316
0.066967
-0.062316
0.002325
0.034651
-0.062337
-0.030021
0.034672
0.002325
-0.030021
0.002325
0.034672
0.002325
-0.030021
0.131650
0.034630
-0.062295
0.034641
-0.029990
-0.030000
-0.030011
-0.062379
0.034683
0.034672
-0.256742
0.067155
0.002325
0.002325
0.034725
0.002325
-0.127334
-0.030116
0.034767
0.002325
-0.030116
0.002325
0.034767
0.002325
0.002325
-0.030116
0.002325
0.034767
-0.030116
0.034767
-0.030116
0.034767
-0.030116
0.002325
-0.030126
0.099649
0.002325
0.034746
0.002325
0.002325
0.034735
0.067113
-0.387033
-0.127798
0.067408
0.002325
0.099871
0.099775
0.067239
-0.030126
-0.095093
-0.062673
-0.062715
-0.062758
-0.030232
0.067430
0.067387
-0.030200
-0.030211
0.067387
0.034840
0.002325
0.002325
-0.062715
0.034851
0.034840
0.002325
0.132280
-0.062631
0.034809
-0.095156
0.067324
0.002325
-0.127714
0.034851
0.067345
-0.030179
-0.030190
0.132322
-0.030158
0.099744
-0.030137
-0.030147
0.034798
-0.030147
0.002325
-0.062652
0.034819
0.034809
0.034798
0.034788
0.002325
0.002325
-0.030137
0.034788
-0.062610
0.002325
0.002325
-0.095156
0.002325
0.002325
-0.030190
0.034840
-0.030190
0.067345
-0.030179
0.002325
-0.127798
-0.030232
0.002325
-0.062821
0.002325
0.100029
0.002325
0.002325
0.034872
0.002325
-0.062779
-0.128010
0.100093
-0.062842
-0.095506
-0.128266
-0.161153
-0.194203
0.100638
-0.095987
-0.030467
-0.128951
0.100799
-0.128994
0.035172
-0.096245
END
