y[]
-0.075880
-0.003206
0.033138
0.069442
0.178184
0.105470
-0.039418
0.033007
0.032994
-0.220597
-0.184727
-0.003206
0.033125
0.033112
-0.112197
0.178382
-0.257520
-0.003206
0.069522
-0.039563
-0.148766
-0.112515
-0.003206
0.142514
0.033191
-0.039602
-0.039616
-0.076065
-0.003206
0.069654
0.069601
-0.039602
0.069575
0.069522
0.033138
-0.003206
0.033125
-0.148607
-0.039589
0.033178
0.069522
-0.112316
0.033178
-0.039589
0.033178
-0.148819
0.251479
0.069442
-0.003206
-0.039523
0.141985
0.105549
-0.257151
-0.112237
0.069495
-0.003206
-0.003206
-0.112277
0.069522
-0.039563
0.214739
-0.003206
-0.221150
0.251016
-0.075775
0.033085
-0.039497
-0.003206
0.069363
-0.039483
0.033072
0.069311
0.033033
0.033020
-0.111921
-0.039470
-0.075775
-0.039510
-0.184925
0.105866
-0.003206
0.105747
-0.184859
-0.075959
0.142249
0.214580
0.141722
-0.039418
0.069206
-0.148081
-0.039457
0.467043
0.285083
-0.039196
0.032785
0.140628
-0.075096
-0.291286
-0.003206
0.104922
-0.075278
-0.111411
-0.039300
-0.003206
0.032889
0.068945
-0.039274
-0.039287
0.032876
-0.003206
0.213011
-0.003206
-0.147298
-0.111411
-0.111528
-0.111646
0.501846
-0.508257
0.032954
-0.003206
-0.111724
-0.184332
0.141722
0.032994
-0.184332
0.105510
-0.148186
0.105549
0.213950
-0.075538
-0.075591
-0.184398
0.033059
0.069284
0.069232
-0.039418
0.141565
-0.039378
-0.148028
0.033020
-0.003206
-0.003206
0.069206
0.069153
0.032954
0.032941
-0.003206
-0.039352
-0.003206
-0.003206
0.069075
0.032915
-0.039326
0.032915
-0.003206
0.032902
0.032889
-0.003206
-0.003206
0.068945
0.140939
-0.436263
-0.039378
0.032967
0.105235
-0.039339
-0.075512
0.141355
-0.401252
0.033046
-0.003206
-0.112000
0.069337
-0.075748
-0.075801
0.105668
-0.075775
-0.112158
-0.112277
-0.075986
0.033191
0.069548
-0.075959
-0.076012
0.033204
0.033191
0.251201
-0.075827
-0.003206
-0.003206
-0.003206
0.141985
-0.039483
-0.039497
-0.112158
-0.003206
0.142038
-0.003206
0.105589
-0.075722
-0.039483
0.033072
-0.148396
-0.184991
0.432525
-0.257151
-0.003206
0.069416
-0.075827
-0.039536
0.178316
-0.148396
0.323177
0.032994
-0.003206
0.069153
-0.003206
-0.039378
-0.039392
-0.003206
0.032980
0.032967
-0.003206
-0.075564
-0.075617
0.033007
-0.039418
0.069206
-0.003206
0.032980
0.105274
-0.147871
-0.003206
-0.003206
0.032980
-0.039392
0.032980
0.213636
-0.039313
-0.039326
-0.075486
-0.003206
0.069075
-0.111646
-0.329234
-0.221150
-0.039576
-0.112396
-0.112515
0.106104
0.069601
-0.112436
0.033218
-0.076065
0.142461
-0.003206
0.178580
-0.039536
-0.075906
0.105826
-0.112237
-0.148766
-0.003206
0.069601
-0.039602
-0.076039
0.142408
0.069522
0.250924
0.141722
0.105352
-0.111764
-0.039418
-0.075669
-0.003206
0.033033
-0.003206
0.105431
0.069153
0.177463
0.141095
-0.075330
-0.003206
-0.003206
0.032863
0.032850
0.032837
-0.003206
0.104844
0.068763
-0.039183
-0.003206
0.032772
-0.075174
-0.003206
-0.039209
-0.003206
-0.003206
-0.039222
0.032811
-0.075252
-0.039248
0.032837
-0.003206
0.068841
-0.039222
-0.075278
0.068867
0.032811
0.104766
0.104650
-0.003206
-0.039144
-0.219111
0.068815
0.032785
-0.039196
-0.219422
0.104961
0.104844
-0.183353
-0.039274
-0.219890
0.105196
0.213245
0.104844
-0.003206
0.032785
-0.003206
-0.003206
-0.111216
-0.111333
0.032850
0.212855
0.176489
-0.003206
-0.003206
0.140318
0.104302
-0.074864
-0.146678
-0.039106
-0.039119
-0.039132
0.032720
-0.003206
-0.003206
0.032708
-0.146935
-0.039170
-0.039183
-0.075200
-0.219500
0.141043
-0.039248
0.032837
0.248729
-0.003206
0.140473
0.176102
-0.110752
0.104341
0.068428
-0.074839
0.068428
-0.074839
0.104225
0.032579
-0.003206
-0.003206
0.068325
0.068274
-0.074685
-0.038965
-0.038977
0.032566
0.032553
-0.038965
-0.003206
-0.146370
0.032605
-0.039016
0.032605
0.068376
-0.074788
0.032592
0.032579
0.068325
-0.003206
-0.289636
-0.003206
-0.110829
-0.075019
0.068608
0.068556
-0.003206
-0.074967
-0.110945
0.068634
-0.182900
0.140576
-0.003206
-0.111022
0.140524
0.212003
-0.039041
-0.039054
-0.039067
0.032656
-0.146729
-0.003206
-0.003206
0.212003
-0.003206
0.032617
0.032605
0.104148
0.032553
-0.074736
0.068325
-0.003206
-0.003206
-0.003206
0.068274
-0.361116
-0.039067
0.032656
-0.003206
-0.110829
0.032682
-0.039093
0.211925
-0.397967
0.104611
-0.003206
0.176231
-0.003206
-0.003206
0.068479
-0.074890
0.175910
-0.039003
0.068376
-0.074788
-0.003206
-0.074839
-0.039041
0.032630
-0.003206
0.068428
END
