y[]
0.171799
0.205369
0.002048
-0.167357
-0.031867
0.103760
-0.031844
0.171396
-0.065657
-0.167415
0.239216
-0.133407
0.002048
-0.031844
-0.099699
-0.031890
0.137733
0.137550
-0.031810
-0.031821
-0.167472
-0.031890
-0.065864
0.069960
0.035987
-0.031890
-0.065864
-0.065910
0.002048
0.036033
0.002048
0.036021
-0.031925
-0.031937
0.002048
0.002048
-0.031948
0.036044
-0.031948
0.002048
-0.031960
0.036056
-0.031960
0.036056
-0.065979
0.002048
0.036068
-0.031971
0.036068
-0.168165
-0.100219
-0.168629
0.002048
0.002048
0.002048
0.036207
-0.066281
0.070377
0.070331
0.070284
0.104315
0.070168
0.070122
-0.031983
0.002048
0.002048
-0.100114
-0.032029
0.036126
-0.032029
-0.032041
-0.066165
-0.066211
0.070308
-0.032076
-0.066235
0.036195
0.002048
0.002048
0.036184
0.002048
0.104385
0.002048
0.002048
-0.442169
-0.032204
0.036301
-0.066468
-0.066515
0.002048
-0.032251
-0.066586
0.036371
0.036359
0.139175
-0.306753
0.379342
-0.032193
0.070518
-0.100674
0.002048
-0.032216
0.002048
0.207457
0.070424
0.036219
-0.100498
-0.066375
-0.066422
0.002048
0.070518
0.070471
-0.032157
-0.032169
0.070471
-0.100604
-0.100709
-0.135126
-0.032275
0.036371
0.036359
0.036348
-0.032251
0.070635
-0.100850
0.070659
0.002048
0.002048
0.036336
-0.032240
0.002048
-0.032251
0.173428
-0.135032
0.002048
-0.032251
0.070635
-0.100850
-0.100956
-0.032310
-0.032322
0.070777
-0.032310
0.002048
-0.032322
0.036418
-0.032322
0.036418
-0.066704
0.002048
-0.032346
0.002048
0.036442
0.070800
-0.066704
-0.032346
-0.101204
0.070895
-0.066799
-0.032393
0.414562
-0.032263
0.002048
0.070659
0.070612
0.036312
-0.169390
-0.204067
0.002048
0.105159
0.036395
0.105017
0.241897
0.070471
-0.100604
-0.032193
-0.032204
-0.032216
-0.066515
-0.066562
0.002048
0.002048
0.070659
0.070612
-0.066515
-0.032251
-0.032263
-0.032275
0.036371
-0.100956
0.002048
-0.066680
-0.238874
-0.032417
0.105407
0.002048
-0.066846
0.002048
-0.066894
-0.032441
0.208802
-0.308243
0.140074
-0.170514
0.036584
-0.101597
0.140217
-0.101561
-0.205493
0.036668
0.174969
0.071133
0.002048
-0.032488
0.071109
0.036561
0.036549
-0.032452
0.036549
-0.032452
-0.066989
0.071085
-0.032464
0.140027
-0.032429
0.002048
-0.032441
-0.101489
0.036573
0.140027
-0.032429
-0.066941
0.036549
0.002048
-0.101489
0.002048
0.209016
-0.101382
0.036537
0.036525
-0.032429
-0.066941
0.002048
0.312126
-0.032357
-0.135693
-0.032417
-0.135930
0.140027
0.105407
-0.135788
0.105443
0.105336
0.002048
-0.032369
-0.066822
0.002048
0.036489
0.070895
0.002048
0.002048
0.002048
0.002048
0.070848
0.070800
0.036407
-0.066680
0.036418
0.002048
0.139411
-0.032275
-0.032287
0.002048
0.002048
0.070706
0.002048
-0.066610
-0.101027
0.002048
-0.066728
-0.101204
0.174076
0.002048
0.070777
0.036395
0.070706
0.002048
-0.032275
0.002048
0.036371
0.036359
-0.066586
0.070682
0.104911
-0.032228
0.002048
-0.032240
0.070612
0.002048
0.036312
-0.032216
0.002048
-0.066515
-0.032251
0.036348
-0.066562
0.002048
0.002048
-0.066610
-0.032298
-0.101062
0.036430
-0.066728
-0.032357
0.036454
0.002048
-0.066775
0.036466
-0.135693
-0.032417
0.002048
0.174254
-0.135693
-0.170395
0.105550
-0.032441
0.243220
0.036454
0.036442
0.208163
0.104946
-0.032240
0.002048
-0.100885
-0.169744
-0.101169
0.070871
-0.170099
-0.032417
-0.101418
0.071037
0.036525
-0.032429
0.105443
0.174136
0.002048
-0.032346
0.036442
0.105159
-0.032310
0.036407
-0.066680
-0.101133
0.070848
-0.032346
0.036442
-0.170039
0.174136
0.208163
-0.032275
-0.100992
0.070753
0.173604
0.036324
0.002048
-0.032228
-0.066539
-0.100921
0.036383
0.036371
0.036359
0.070635
0.002048
-0.032240
-0.203925
-0.066704
0.139505
-0.032298
0.070729
-0.066633
0.070729
-0.032287
0.139317
-0.100885
0.002048
0.002048
-0.066633
0.036395
0.207880
0.036312
0.002048
0.104770
0.070471
-0.032157
-0.237719
-0.135220
0.002048
-0.032298
-0.066680
-0.101133
0.036454
-0.170099
0.036501
-0.135835
0.174373
-0.032393
0.002048
-0.032405
0.105372
-0.066822
-0.032405
-0.066894
0.036525
0.002048
0.105407
-0.135788
0.243137
0.105194
0.036407
0.002048
-0.101062
0.002048
0.105159
0.070729
0.002048
-0.032287
-0.032298
0.002048
0.139364
-0.032263
0.173487
0.104770
-0.169214
-0.100850
-0.032275
-0.169744
-0.032346
0.105194
-0.032322
0.105123
0.139317
-0.032251
0.002048
0.002048
0.036348
0.036336
-0.032240
0.036336
0.002048
-0.032240
END
