y[]
-0.003856
-0.104883
-0.071264
0.097239
0.130779
-0.104815
-0.003856
0.029809
-0.104883
0.063507
-0.037532
0.063484
0.097069
0.096968
-0.071060
0.029752
-0.071083
-0.037486
-0.037498
0.063416
-0.071128
-0.071173
-0.037532
-0.071241
-0.273853
-0.240702
0.063872
-0.241104
0.165664
-0.105533
0.097822
0.030014
-0.343069
0.064079
0.030094
-0.003856
-0.037806
-0.207799
-0.003856
-0.071929
-0.037910
0.064241
0.030175
-0.071929
0.132245
0.030140
-0.003856
-0.071860
-0.003856
-0.003856
0.064148
-0.173953
-0.003856
-0.071976
0.030210
-0.071999
-0.037945
0.064311
-0.037933
-0.003856
-0.003856
0.030222
-0.037933
0.030222
0.098307
-0.106018
-0.003856
-0.003856
-0.003856
0.064264
0.098237
0.132106
-0.139818
-0.003856
-0.037875
-0.003856
-0.071929
-0.174243
-0.072092
0.098481
0.234523
-0.310448
0.064357
-0.072069
-0.037980
0.030268
-0.037980
0.098481
-0.276987
-0.072255
0.064544
-0.072255
0.030350
0.166997
0.336976
-0.105983
-0.106088
-0.242805
0.030315
0.200922
-0.242805
0.064474
-0.106367
0.098656
0.030291
0.064404
-0.003856
0.132523
-0.106123
-0.208704
-0.106437
-0.003856
0.064544
-0.174942
-0.140936
0.098972
-0.003856
0.098866
0.064567
-0.038061
-0.003856
-0.003856
0.030350
0.098691
0.030303
-0.072185
-0.003856
0.064474
-0.140561
0.064520
0.064474
-0.174767
-0.072302
-0.038097
0.235583
-0.003856
-0.038026
-0.003856
-0.003856
0.064474
-0.140561
0.132850
0.098551
0.030256
0.098411
-0.037933
-0.072045
0.030245
0.064311
-0.106123
-0.003856
-0.106227
0.064404
0.098446
-0.003856
0.030222
0.098307
0.030175
-0.037887
-0.003856
-0.003856
-0.071953
0.132291
0.335703
-0.479562
-0.003856
0.030198
-0.003856
-0.140142
-0.106193
-0.072138
0.064427
-0.003856
0.098481
0.030233
-0.106158
-0.208774
0.030326
-0.346205
0.167465
0.098796
-0.072279
-0.038085
0.132990
0.030326
-0.209124
-0.003856
-0.003856
-0.038108
0.133084
0.201202
-0.038003
-0.038015
0.030303
-0.003856
-0.003856
0.064427
-0.037991
-0.106332
-0.072232
-0.038061
0.030350
0.064520
0.030315
0.030303
0.030291
0.030280
-0.037991
0.030280
-0.106297
-0.380375
-0.038155
0.064731
0.133177
-0.072349
-0.003856
0.133084
0.201202
0.030280
-0.003856
0.166647
0.234361
-0.037852
0.132060
-0.071791
-0.037841
-0.003856
0.437047
0.097616
0.063735
-0.105259
0.097547
-0.003856
-0.681825
0.674113
-0.003856
-0.003856
-0.003856
-0.681825
0.674113
-0.003856
0.367077
0.231478
-0.138264
-0.003856
-0.037486
-0.003856
0.130598
0.096866
-0.003856
0.063236
-0.306123
0.231320
-0.104578
0.063303
-0.037430
0.029718
-0.205469
0.197757
0.029707
-0.070992
-0.272854
-0.104917
0.063530
0.029820
-0.071219
-0.037554
-0.003856
0.097205
-0.037532
0.063484
0.063439
0.029775
-0.037486
-0.071151
0.063439
-0.003856
-0.003856
-0.003856
-0.037498
0.063416
-0.037486
-0.037498
-0.138536
-0.071264
-0.003856
-0.003856
0.063552
-0.037554
-0.206285
-0.071423
-0.139128
0.029979
0.063780
-0.274675
0.131646
0.131462
-0.071492
0.131371
-0.105259
-0.105361
0.097650
0.063757
0.131234
-0.071378
-0.071423
0.029934
0.063689
-0.071401
-0.003856
0.266050
-0.071264
0.029854
-0.105019
0.029877
-0.138854
-0.003856
-0.003856
0.164864
-0.206353
0.063689
-0.037622
0.299635
-0.307346
-0.139037
-0.071515
0.266506
-0.240382
-0.037691
0.165206
-0.342266
-0.003856
-0.037760
-0.071698
-0.173664
0.064102
-0.037829
0.030117
0.030106
-0.037817
0.030106
0.097960
-0.071721
0.030083
0.030071
-0.037783
-0.037794
0.030083
0.131783
-0.003856
-0.105568
0.063964
-0.037760
0.030048
-0.003856
-0.071675
-0.037783
-0.003856
-0.003856
0.233392
-0.003856
0.063826
0.063780
-0.037668
0.029957
-0.139174
-0.071584
0.131554
-0.003856
0.063780
0.232511
-0.307859
0.165149
-0.037634
-0.003856
0.029922
0.232272
-0.037554
0.097205
-0.071219
-0.037554
0.063530
0.029820
-0.138627
0.097239
0.164409
-0.104781
-0.003856
-0.104883
0.029831
0.029820
-0.037532
-0.037543
0.130824
0.029786
-0.037498
0.029786
-0.003856
-0.003856
0.029775
-0.003856
-0.071128
0.029786
-0.003856
-0.037498
0.029786
-0.104815
0.029809
-0.003856
0.029797
0.097035
-0.138400
-0.037520
0.097103
-0.071151
0.029797
-0.003856
-0.003856
-0.104849
-0.071241
0.063530
-0.003856
0.063484
0.265052
0.197352
0.196947
0.229906
-0.137367
-0.003856
0.163006
0.196011
-0.070434
0.228973
-0.003856
0.162119
-0.402660
0.029439
-0.137100
-0.003856
0.029472
-0.003856
0.295595
0.460182
0.293321
-0.135825
-0.069906
-0.069950
-0.103079
0.029229
-0.003856
END
