y[]
-0.258145
-0.187787
-0.046057
0.272910
0.095524
0.166008
-0.116490
-0.010577
-0.116603
-0.010577
0.130766
-0.328879
0.060245
-0.187725
-0.081524
0.024903
-0.010577
0.060345
0.024865
-0.010577
-0.010577
0.237167
-0.010577
-0.187474
-0.116865
-0.081499
-0.010577
-0.046057
-0.081574
-0.010577
-0.152723
-0.438232
0.594730
-0.330577
0.096204
0.202643
0.131318
0.378598
-0.045894
0.095337
-0.081173
-0.010577
0.024728
-0.151870
-0.045931
-0.010577
0.024778
-0.010577
-0.010577
0.060095
-0.010577
0.024740
-0.010577
-0.151919
-0.045944
-0.045956
-0.116790
0.060245
0.166258
0.165946
-0.010577
0.095187
-0.045819
0.200691
0.059747
-0.045732
-0.010577
-0.010577
-0.257012
-0.045831
0.059920
0.130268
0.024604
0.305490
-0.221177
-0.186416
0.059796
0.200246
0.059599
-0.080752
-0.186231
-0.221770
-0.010577
-0.363560
-0.222966
-0.187913
0.131318
-0.010577
0.131117
-0.045981
0.024828
-0.223192
0.060345
0.024865
-0.187913
-0.152673
0.131519
0.024916
0.060370
0.272710
-0.116715
0.060195
-0.116753
0.130966
-0.152120
-0.223267
0.131267
-0.116941
0.060345
-0.472471
-0.295884
0.096509
-0.046259
-0.081980
-0.046297
-0.332638
0.382913
0.025118
-0.153434
-0.046323
-0.117892
0.060980
-0.046348
-0.010577
0.096700
0.060877
-0.010577
0.025131
-0.439915
-0.154100
-0.118355
-0.046529
0.169053
-0.334143
-0.010577
0.133360
-0.010577
0.133153
-0.082416
-0.046516
0.025362
0.741172
0.096356
0.025042
-0.081827
-0.010577
-0.010577
0.345169
0.273111
-0.081423
-0.081474
0.166571
-0.152270
-0.010577
0.095712
-0.010577
-0.081423
0.131066
0.130866
-0.293663
0.024853
0.095637
0.060170
0.024778
0.130716
-0.081198
-0.151969
0.095487
-0.045919
0.024765
0.024753
0.130616
0.165635
-0.151521
0.130368
-0.045794
0.270816
-0.010577
0.024542
-0.080826
-0.221621
-0.010577
0.095001
-0.116155
0.235599
-0.010577
-0.116006
-0.010577
-0.045745
-0.116155
-0.010577
-0.151521
-0.222366
0.060070
0.060020
0.059970
-0.151720
-0.081223
0.095374
0.059995
-0.116453
-0.045894
-0.045906
0.095374
0.059995
-0.045856
0.130467
-0.081074
-0.045844
-0.081148
-0.081198
-0.222741
0.060195
-0.116753
0.060220
0.130866
0.201213
-0.010577
-0.045844
0.024690
-0.222366
0.024753
0.165884
-0.647296
-0.117092
0.202340
0.413902
0.727953
0.374106
-0.010577
-0.465361
0.129577
0.059427
-0.150633
0.129479
0.024407
0.164157
-0.115380
0.024370
-0.045523
0.059304
0.024346
0.233538
0.024248
0.024236
-0.219636
-0.115270
0.128991
0.128796
-0.080239
-0.010577
-0.150047
0.024309
-0.080360
0.198628
-0.080263
0.059110
-0.254692
0.024333
0.094081
0.059134
-0.080287
-0.220001
-0.115453
-0.220661
-0.150878
0.234822
-0.080629
-0.150829
0.059574
0.129577
-0.010577
0.024431
-0.045585
-0.045597
0.094447
-0.010577
-0.010577
-0.045572
-0.115637
0.059476
0.024431
-0.115637
0.129479
-0.080580
0.094410
-0.045560
-0.150633
-0.080678
-0.150928
-0.151125
-0.045745
-0.186602
0.481516
-0.010577
-0.115821
0.024517
0.199728
0.199287
-0.150437
-0.185677
-0.291377
0.024567
-0.256839
-0.186850
-0.187162
0.130716
0.059995
0.306381
0.094853
0.340055
-0.010577
0.129332
-0.010577
0.129137
0.059207
0.094008
-0.150047
-0.080385
0.059231
0.059183
-0.324878
-0.220661
0.094521
0.129381
-0.045548
-0.080556
0.059402
-0.010577
0.129235
-0.290395
-0.045609
-0.080678
0.024480
-0.115785
0.409592
-0.045523
-0.465999
-0.186293
0.305490
0.164585
0.059402
0.164157
0.268363
-0.149950
0.059134
-0.080287
-0.010577
0.093971
0.059061
0.093789
0.024188
-0.045341
-0.114943
0.059013
-0.045365
0.024212
0.024200
0.058940
-0.045329
-0.010577
-0.010577
-0.010577
0.058916
-0.045317
-0.010577
-0.114870
-0.045365
0.163246
1.129135
0.023758
0.058057
-0.113546
0.160979
-0.216479
0.023770
0.366459
-0.044794
-0.010577
0.092040
0.194341
-0.044701
0.091760
-0.044677
0.023524
0.125710
0.329328
-0.010577
0.023350
-0.180327
0.057358
0.091239
-0.282316
0.159347
-0.044538
0.091274
0.091170
-0.078396
-0.112392
0.125155
0.023327
-0.044481
0.023327
-0.044481
-0.146308
0.057312
-0.010577
0.125063
-0.078373
0.057220
0.091032
0.057105
-0.078259
0.158542
-0.078190
-0.315403
0.192744
-0.044435
-0.010577
0.158599
0.293221
-0.111740
-0.044321
-0.010577
-0.247103
0.057059
0.090792
-0.010577
-0.078144
-0.044378
0.124558
0.023179
-0.044332
0.023179
0.023167
0.023156
-0.010577
-0.010577
0.023144
0.023133
-0.010577
0.124149
-0.077917
-0.077962
-0.111740
0.292607
-0.111536
-0.145348
0.056831
0.023110
END
