y[]
0.200232
0.134205
-0.030036
0.002799
0.002799
-0.161540
0.068567
0.101370
0.002799
-0.128650
-0.030090
0.002799
0.035688
0.002799
-0.095901
-0.095999
-0.096097
-0.294476
-0.162737
-0.030341
0.201475
-0.494632
0.202068
0.035972
0.168499
-0.129739
-0.163121
0.102384
-0.063580
0.069178
-0.030385
-0.130047
-0.096952
-0.030473
-0.097084
0.069399
0.036082
0.135822
0.002799
0.002799
0.002799
0.002799
0.036027
-0.030429
-0.130224
0.102583
0.069266
0.002799
-0.063668
0.168884
0.135469
0.069068
-0.096621
0.002799
0.069090
0.035928
-0.063470
0.069068
0.201343
0.035851
-0.328218
0.168444
-0.129695
0.035939
-0.329096
0.102483
-0.030418
0.235087
0.069068
-0.096621
0.002799
-0.129915
0.035994
0.267963
0.002799
-0.063426
0.069024
0.234242
0.332506
0.200103
0.166922
2.240609
0.034866
-0.318332
-0.093742
0.195787
0.067046
-0.706195
-0.743837
0.295625
-0.420448
0.035420
0.620587
-0.256857
-0.355333
-0.422108
-0.951627
0.168006
-1.527504
0.770878
-0.899463
-0.198814
0.338595
-0.131384
-0.097957
-0.266380
0.002799
-0.979095
0.410270
-0.098913
-0.065067
0.341667
0.104236
-0.200178
0.104339
-0.336070
0.206258
0.138209
0.441618
-0.030888
0.002799
0.171121
0.372113
-0.299265
0.070003
0.002799
1.602300
0.101923
0.266651
-0.195025
-0.294673
0.234242
0.332506
0.035710
-0.063034
-0.128997
0.200428
0.167192
-0.227426
0.134421
0.101402
0.265266
0.101047
-0.095449
0.231894
0.231371
-0.062454
0.035431
-0.127792
0.133390
0.002799
-0.258554
0.166224
-0.226071
0.100950
0.133518
-0.029865
0.035463
0.165958
0.165692
-0.094905
-0.062390
-0.029811
0.035409
0.198239
-0.029748
-0.094905
0.067946
-0.160147
-0.356620
0.068244
0.100886
0.296485
-0.192896
0.035441
0.068052
0.133177
0.002799
0.002799
0.165533
-0.159935
0.035367
0.295435
-0.062157
0.002799
-0.192323
0.100408
0.035314
-0.029716
0.002799
0.132796
0.002799
0.002799
-0.029684
0.035282
-0.029684
0.197541
0.100028
-0.159302
0.100091
-0.029621
0.132417
-0.061989
0.002799
-0.029611
0.132375
0.035167
0.196785
0.389647
0.067128
0.002799
-0.029361
-0.254850
-0.126275
0.035083
0.035073
0.228424
-0.481307
0.035146
0.132081
0.131915
-0.061738
0.131831
-0.093960
-0.126358
0.131956
-0.029475
0.196285
-0.352212
0.132040
-0.029496
0.035094
-0.061800
-0.029516
-0.061863
0.002799
-0.094273
0.035167
-0.029569
-0.256520
0.100123
0.197163
-0.061947
0.067545
-0.061947
-0.061989
0.229373
-0.061884
0.035146
-0.094273
-0.159197
0.132417
0.132249
-0.029548
0.132123
0.002799
0.002799
0.002799
0.035104
0.035094
-0.061800
-0.094179
0.002799
0.132081
0.067378
-0.029485
-0.029496
0.035094
0.035083
-0.029485
0.002799
-0.255850
0.067524
0.002799
0.035146
0.002799
-0.029548
0.002799
-0.288794
0.002799
-0.159565
0.035293
-0.192323
-0.062326
0.328003
-0.420172
-0.095064
0.230998
0.002799
-0.062348
0.457936
-0.224511
0.100281
-0.192260
-0.029748
-0.127494
-0.062411
-0.029822
0.165798
-0.160200
0.035420
0.035409
-0.029811
-0.095096
0.035441
0.068052
-0.095096
-0.160573
0.002799
0.068180
0.068137
0.002799
-0.062539
-0.095288
0.264152
-0.095128
-0.258810
0.199070
0.296485
-0.127622
-0.127792
-0.062560
0.133475
0.198494
-0.160253
-0.127835
0.133433
0.035431
0.100630
-0.029801
-0.095064
-0.062496
0.035452
0.035441
0.133262
-0.029801
0.035399
-0.095032
0.100630
0.002799
-0.029801
-0.029811
0.035409
0.035399
0.035388
-0.029790
0.002799
0.002799
0.035388
0.002799
-0.029790
0.035388
0.067946
0.035356
-0.029758
-0.127537
0.165692
-0.029758
0.002799
0.067903
0.424946
-0.062031
0.067629
-0.256773
0.067755
0.035261
0.100123
-0.159460
0.067734
-0.094619
-0.062199
-0.322828
0.165745
0.067903
-0.029748
-0.192704
-0.029822
0.002799
-0.127792
-0.127963
0.002799
0.133561
-0.029875
-0.029886
-0.160787
-0.193858
-0.030015
0.166760
-0.095546
0.362924
-0.095288
0.035505
0.035495
0.100822
-0.160626
0.394572
-0.160253
0.002799
0.133262
-0.095032
0.035420
-0.225773
0.166118
-0.062496
0.002799
0.002799
-0.095224
0.035484
-0.029886
-0.029897
-0.062625
0.002799
-0.193729
0.493397
-0.487799
0.297446
-0.062603
0.329383
-0.389230
0.199006
-0.029875
0.133433
0.035431
0.068031
0.002799
0.002799
0.035399
-0.029801
0.067988
0.002799
0.555197
-0.029611
0.164742
-0.029569
0.002799
0.035167
-0.061947
-0.321561
0.262371
-0.191817
-0.094651
-0.290122
-0.258298
-0.062582
0.035495
-1.114898
0.101923
-0.460625
-0.130003
-0.396669
END
