y[]
-0.105369
0.062625
0.029006
-0.340940
0.096448
0.062716
-0.038221
-0.038232
0.096346
-0.105504
-0.139305
0.029119
0.264600
0.029017
0.364240
-0.071536
-0.105098
0.095940
0.196157
0.062244
0.062199
0.095504
0.162004
0.028704
-0.037862
0.061977
-0.071135
0.028704
-0.037862
0.028704
0.061955
0.028671
-0.037829
-0.037840
-0.071135
-0.037874
0.095271
0.061932
0.061888
0.161396
-0.170554
-0.104296
-0.071113
0.061955
0.095138
0.459459
-0.170060
-0.037708
-0.037719
-0.004579
-0.004579
-0.037730
-0.104098
-0.004579
0.359841
0.028484
-0.004579
-0.103802
-0.203320
0.028572
-0.137249
-0.137425
0.028649
0.061844
0.028616
-0.104197
-0.071046
-0.004579
-0.104363
0.128444
0.028649
-0.037807
-0.170885
-0.004579
0.128488
0.161506
-0.037774
-0.071002
-0.104296
0.061910
-0.170885
-0.037874
0.061999
-0.071157
-0.037885
0.062021
0.128488
-0.404313
0.228793
0.161783
-0.037829
-0.371063
0.328644
0.294375
0.061734
0.028561
-0.104032
-0.004579
-0.104131
-0.071002
0.061844
-0.071002
0.128223
-0.004579
-0.004579
0.061756
0.061712
-0.037719
-0.037730
-0.070914
-0.137381
0.061844
0.094973
0.061734
-0.004579
-0.004579
0.094808
-0.037697
0.028539
0.061624
-0.004579
0.259797
-0.169732
-0.037642
-0.070738
0.028506
0.094611
-0.203057
-0.203452
-0.237099
0.061910
-0.137602
0.194889
-0.071024
0.161451
0.028594
0.028583
-0.070914
-0.004579
-0.104164
0.194492
0.094808
0.028528
0.028517
-0.170169
-0.070892
-0.137337
0.128179
-0.037752
-0.037763
-0.170664
-0.137646
-0.004579
0.128488
-0.071090
0.128400
-0.104296
-0.004579
0.128356
-0.037796
-0.004579
0.327096
-0.336254
-0.170830
-0.037862
-0.237874
0.162115
0.062021
0.228173
0.194492
-0.104065
-0.070958
-0.071002
0.028638
0.061822
0.061778
-0.070936
0.028605
0.028594
0.028583
0.061712
-0.037719
-0.037730
0.094841
-0.004579
0.028539
-0.004579
0.094709
-0.070760
0.061602
-0.037664
-0.037675
-0.004579
0.028517
0.061580
0.028484
0.028473
0.028462
-0.004579
-0.037620
0.028462
-0.037620
-0.004579
-0.103769
-0.302741
-0.004579
0.161176
-0.137161
-0.037752
0.028594
-0.070936
0.227478
-0.170279
0.061734
0.127915
-0.037686
-0.037697
0.028539
0.160847
0.325454
-0.202468
0.028430
0.061406
-0.004579
0.061362
0.094251
0.061254
0.028321
0.061189
-0.070347
-0.169188
-0.004579
0.521219
-0.300000
-0.300876
-0.169568
0.325128
-0.202273
-0.235717
-0.368878
0.161176
0.061646
0.127740
0.226559
0.028397
0.094284
-0.004579
0.159976
-0.169134
-0.136418
0.127260
0.094186
-0.070412
0.028343
-0.004579
0.094121
-0.037468
-0.037479
0.094089
0.061146
0.093927
-0.004579
-0.168810
-0.136158
-0.037501
-0.103410
-0.070520
-0.037566
0.094349
0.094251
-0.037512
-0.103442
-0.103540
0.061406
-0.004579
-0.103573
-0.202861
0.028495
-0.070738
0.160738
0.028452
-0.368517
-0.270095
0.061866
0.194492
0.028561
0.061668
-0.170279
-0.070936
-0.137425
-0.370819
0.095438
0.028738
-0.037896
-0.071246
-0.037929
0.128754
-0.071223
0.028749
0.028738
0.062021
0.128488
-0.104363
0.161672
-0.170830
0.095205
-0.104363
-0.171107
0.062065
-0.104562
-0.037929
0.028771
-0.004579
0.062088
0.095338
-0.171162
0.195288
0.028693
-0.071135
0.327758
-0.170609
-0.004579
0.227786
0.028572
0.227171
0.094578
-0.136810
-0.037664
-0.004579
-0.004579
0.061580
-0.070738
0.061580
-0.037653
-0.103867
-0.037697
0.127827
-0.037664
-0.037675
-0.269743
-0.170664
0.061888
-0.004579
0.028638
0.128179
0.094874
-0.004579
-0.070870
0.094841
-0.502671
-0.004579
-0.204512
0.062110
-0.037918
-0.104662
-0.506504
-0.105267
0.028995
-0.038153
-0.138988
0.029040
0.230439
0.062468
-0.038097
-0.105200
-0.071716
-0.038164
-0.239992
0.029085
0.129965
-0.004579
0.230439
-0.071671
0.096041
0.028939
0.028927
0.729737
-0.906539
0.897381
0.028671
0.227863
0.028583
-0.137293
0.028616
0.094940
0.260322
-0.468617
0.161396
-0.037752
-0.203848
-0.104363
0.095205
0.061888
-0.304030
-0.171329
-0.071357
-0.071402
0.062244
-0.071402
0.229105
0.095404
0.028727
0.095271
0.028682
0.128356
0.061822
-0.237176
-0.004579
0.028682
0.028671
0.095105
0.095006
-0.070958
-0.071002
0.095039
-0.104197
-0.071046
-0.004579
-0.071090
-0.104429
-0.004579
-0.104529
0.062065
-0.204646
0.095504
0.394756
0.028627
-0.104230
-0.104330
-0.104429
-0.037885
0.062021
0.394093
0.392510
-0.302248
-0.137161
0.128003
0.293089
0.094447
-0.169677
0.061493
-0.136767
-0.103835
-0.103933
0.061668
0.127784
0.127609
0.127434
0.193115
0.061232
END
