y[]
-0.034920
-0.103613
0.068072
-0.000609
-0.000609
-0.000609
-0.000609
0.033714
-0.034932
0.068025
0.033690
0.033679
0.033667
-0.103472
-0.000609
-0.000609
0.033690
-0.034908
0.067978
0.136424
-0.274864
-0.103649
-0.138161
-0.000609
0.102572
-0.000609
-0.034991
-0.000609
-0.000609
-0.000609
-0.069408
-0.379854
0.068452
-0.035133
0.068428
0.068380
0.240479
-0.207221
-0.069575
0.102821
-0.000609
0.068285
-0.000609
-0.103968
0.102750
-0.035050
-0.000609
-0.000609
0.171478
-0.035003
-0.035015
0.068190
-0.000609
-0.138255
-0.103968
-0.035086
0.033868
0.137179
-0.000609
0.171360
-0.000609
0.068096
-0.034956
-0.138113
0.171242
0.033726
-0.034944
-0.069314
0.102431
-0.034944
0.033726
-0.000609
0.033714
-0.034932
-0.069290
-0.000609
-0.000609
0.033738
-0.138066
0.068143
-0.069361
0.068143
-0.034979
-0.000609
-0.000609
0.033761
0.068096
-0.000609
-0.034956
-1.175467
-0.000609
-0.070150
-0.000609
-0.418874
0.348066
0.068980
0.034168
0.068908
-0.070126
-0.070174
0.034180
0.068932
0.173032
0.103431
-0.035277
-0.069981
0.034083
-0.035301
-0.139498
-0.000609
-0.000609
0.034131
-0.070102
-0.035374
-0.035386
0.034168
-0.000609
-0.070174
0.034180
0.034168
-0.035386
-0.105011
-0.000609
-0.035434
-0.070295
0.277846
-0.000609
-0.035374
-0.104975
-0.000609
0.103757
-0.139788
0.208087
0.034131
0.138232
-0.035301
-0.104758
0.068835
-0.174311
-0.035386
0.173153
0.242152
0.034023
-0.069885
-0.035265
-0.035277
0.034059
0.034047
0.034035
0.103251
-0.069837
0.034011
0.068595
-0.173709
0.103287
-0.035229
0.103215
-0.000609
-0.069813
-0.139161
-0.035277
-0.000609
-0.000609
0.068715
0.034035
0.103251
-0.069837
-0.000609
0.034011
0.103179
-0.139017
0.137799
-0.000609
0.033963
-0.000609
0.310004
0.068285
-0.000609
-0.035050
-0.000609
0.033832
0.033820
-0.103933
-0.069551
0.033868
-0.000609
-0.035086
-0.000609
0.033868
-0.000609
-0.000609
-0.069575
-0.000609
-0.035110
-0.000609
-0.069646
0.102929
-0.000609
-0.069622
0.033903
0.033892
-0.069622
0.068404
-0.242364
0.103072
0.171954
-0.000609
-0.069598
0.068380
-0.000609
0.206074
0.239982
-0.000609
0.205152
-0.034873
0.033655
0.102113
0.067814
0.033585
-0.103226
-0.034838
-0.034850
-0.034861
-0.034873
0.102148
0.033620
-0.034838
-0.000609
-0.000609
-0.000609
-0.034850
-0.103402
-0.034897
0.033679
-0.000609
-0.034897
-0.000609
0.067955
-0.069173
0.067955
0.067908
-0.274958
0.033726
-0.000609
-0.034944
-0.000609
-0.034956
-0.103720
-0.172696
-0.069527
-0.035086
0.033868
0.068309
0.068261
-0.069480
0.102679
-0.069456
-0.138445
0.309255
0.068119
0.102395
-0.034932
-0.172401
0.033773
-0.069385
0.033785
-0.035003
0.033785
0.068143
-0.000609
0.068096
0.136659
-0.000609
-0.000609
-0.000609
-0.172224
0.102395
0.033702
-0.172283
-0.069361
-0.035003
-0.035015
0.068190
-0.035003
-0.207221
-0.138588
-0.104218
0.103000
0.033903
0.137322
0.068285
0.171419
-0.034991
-0.069408
0.136943
0.068096
-0.103684
0.068119
0.136706
-0.069243
0.068025
-0.034920
0.102289
-0.069196
-0.000609
-0.034920
-0.034932
-0.000609
-0.000609
-0.069290
0.033738
-0.000609
-0.000609
0.102360
-0.000609
-0.000609
0.033690
-0.172224
-0.034967
-0.103755
0.068167
-0.034991
0.102501
0.136706
-0.172283
-0.069361
0.102501
0.033738
-0.103684
0.033761
-0.069361
-0.103826
0.171360
-0.034979
-0.103790
0.033797
-0.103861
-0.103968
-0.000609
-0.000609
0.068309
0.033832
-0.103968
0.102750
0.033820
-0.035038
0.068238
-0.069456
-0.069503
-0.000609
-0.035074
0.033856
-0.000609
0.102715
-0.172874
0.274873
-0.103826
-0.000609
-0.207363
-0.069622
-0.138778
0.172073
-0.104182
-0.104290
0.103072
0.033927
0.033915
-0.104218
-0.104326
-0.208365
-0.139353
0.172791
-0.139305
0.172731
-0.069909
0.207147
-0.000609
-0.000609
0.172192
-0.000609
-0.035145
-0.035157
0.033939
-0.138874
-0.035205
0.068571
-0.035193
-0.000609
0.033975
-0.000609
0.068523
-0.069741
-0.104397
-0.104505
0.068667
0.068619
-0.000609
0.137704
-0.035169
-0.069765
0.103107
-0.000609
0.033939
-0.035157
0.033939
-0.104290
0.103072
0.171954
0.171656
0.033808
-0.035027
-0.035038
-0.069503
0.068285
0.171419
-0.069385
-0.069432
0.171360
-0.103755
-0.000609
0.033785
-0.069408
-0.035027
0.068214
-0.035015
-0.000609
-0.035027
0.068214
-0.035015
0.033797
0.136895
-0.034967
-0.034979
-0.103790
0.033797
0.308510
-0.034908
0.307663
-0.137502
0.033632
-0.034850
-0.137689
0.033679
0.067931
-0.103437
0.067955
0.067908
-0.069126
0.136377
0.033608
END
