y[]
-0.039576
-0.008990
0.143845
-0.039538
0.143658
0.052004
-0.069984
0.082487
-0.192028
-0.070077
-0.714190
0.818347
0.021521
0.447562
0.173049
0.444663
-0.069358
0.352674
0.381342
0.290232
-0.038872
0.110484
0.110342
-0.008990
-0.188041
0.050729
-0.038845
0.080549
0.080469
-0.158132
0.229531
0.080309
0.109951
0.169157
0.109599
0.020635
-0.038615
-0.008990
-0.068267
-0.038642
-0.097998
-0.038677
-0.068390
-0.038703
-0.008990
0.020723
0.050410
0.080044
-0.157424
0.080097
0.020688
-0.038668
-0.127790
-0.008990
0.554058
0.050094
-0.097629
-0.068127
0.168315
-0.097603
-0.275302
0.581854
-0.274438
0.020539
-0.245467
0.286518
0.079493
-0.097473
-0.274908
-0.008990
0.286431
0.079466
-0.008990
-0.008990
0.167689
0.255444
0.166912
-0.008990
-0.214239
-0.067710
0.137745
0.020331
0.283750
0.661078
-0.299772
-0.183866
0.253210
-0.038089
-0.212923
0.194943
-0.008990
-0.096339
-0.329924
-0.038217
-0.008990
0.107867
0.253439
-0.154699
-0.330299
0.137187
0.253592
-0.213161
0.136889
-0.330205
-0.067504
-0.008990
0.108003
-0.008990
-0.067470
0.137145
0.078588
0.020186
0.020177
-0.038157
-0.008990
0.136761
0.136549
-0.038081
0.020101
-0.125404
0.136507
-0.038072
0.078232
-0.008990
-0.096212
-0.038081
-0.038089
0.020109
-0.038089
-0.067214
-0.446755
-0.008990
-0.096773
0.020280
-0.067538
-0.096876
-0.096954
-0.126395
-0.126533
0.108553
0.167066
-0.038311
0.020331
0.108209
-0.155510
0.078948
-0.038294
0.137444
-0.096825
-0.155553
-0.038328
-0.008990
0.020348
-0.008990
-0.038328
0.049678
-0.008990
-0.008990
-0.008990
0.078948
-0.008990
0.049592
0.166551
0.049455
0.107798
-0.096568
-0.125881
0.049472
-0.008990
-0.243045
-0.008990
-0.067589
0.108175
-0.126155
-0.243732
-0.155984
0.079232
0.049782
-0.067762
0.137874
0.049695
0.049661
-0.008990
0.020323
-0.096954
0.049661
0.049627
0.020305
-0.067589
-0.008990
-0.038303
-0.038311
-0.008990
0.078948
-0.038294
-0.008990
0.020314
-0.038294
0.020314
-0.096928
-0.008990
-0.038320
0.020340
-0.008990
0.020331
-0.008990
-0.155682
0.108381
-0.097005
-0.214661
0.079206
-0.067779
-0.273969
-0.067970
-0.008990
0.049990
0.167741
0.196802
-0.185357
0.226097
-0.097083
0.079103
0.049695
-0.038328
-0.038337
-0.097083
-0.067762
-0.126637
-0.156244
0.020478
0.020469
-0.008990
0.020461
-0.067900
-0.067935
-0.008990
-0.126984
0.020522
0.020513
-0.215693
-0.008990
-0.008990
0.168210
0.079493
-0.008990
-0.245118
-0.008990
0.197652
-0.097499
0.197408
-0.274438
-0.038528
-0.156810
0.286431
-0.274830
-0.008990
0.138786
-0.215938
0.109318
-0.127298
-0.008990
-0.038589
0.079781
-0.008990
-0.008990
0.020583
-0.038563
-0.008990
0.050147
-0.097708
0.020591
0.020583
-0.008990
-0.038563
0.020583
0.050129
0.050094
-0.038528
0.050077
0.138524
-0.008990
0.020487
-0.067952
-0.127019
0.079545
-0.097525
0.079545
-0.186138
0.109144
0.109004
0.167741
0.167429
0.020383
-0.038363
-0.008990
0.079103
-0.185253
0.196620
-0.185201
-0.008990
0.049782
-0.244284
0.020452
-0.067883
0.079336
0.020435
0.049834
-0.008990
-0.067814
-0.008990
-0.097290
-0.067900
-0.156417
0.079493
0.020487
0.020478
0.049920
-0.067900
-0.038458
0.314683
0.079103
-0.097083
0.079103
0.284093
0.078768
-0.096748
-0.067538
0.108072
-0.038243
-0.038251
0.108003
-0.067470
0.020254
-0.213878
0.020305
0.049575
0.020280
0.020271
-0.008990
0.049507
0.078691
-0.389497
-0.155725
0.518252
0.020220
0.136932
0.398461
-0.038039
0.049099
-0.067079
0.136169
-0.067028
0.020033
-0.038013
-0.008990
-0.008990
-0.008990
-0.067062
-0.270732
-0.067248
-0.008990
0.136592
-0.008990
-0.125438
-0.271496
-0.272187
-0.008990
0.195778
-0.067452
-0.566094
-0.008990
-0.244492
0.079388
-0.038441
0.079336
0.049851
-0.067831
0.284869
-0.097057
-0.067744
-0.185461
-0.067883
-0.008990
-0.008990
-0.303975
0.197591
-0.126984
0.050024
0.108935
-0.038458
0.167689
0.079232
-0.126637
0.226166
0.020366
-0.185253
0.167273
-0.302935
-0.156287
0.108865
-0.274359
0.138524
-0.067970
0.108935
0.138220
-0.126741
0.079336
-0.067865
0.079310
0.284782
-0.067675
-0.067710
-0.008990
0.020374
-0.126499
-0.008990
-0.067796
-0.008990
-0.038406
0.108622
-0.038380
-0.008990
-0.038389
0.020409
0.079155
0.049730
-0.038346
0.020366
-0.038346
0.020366
0.020357
0.020348
0.020340
-0.067658
0.225477
0.020280
0.049524
0.078716
-0.096696
-0.126052
0.020288
-0.184788
0.254592
-0.067504
-0.067538
-0.096876
-0.126292
0.049678
-0.038320
-0.126395
END
