y[]
-0.062550
-0.004763
-0.062583
-0.033685
0.139767
-0.062550
0.139642
0.197054
-0.091206
-0.033594
-0.033602
-0.033610
-0.149125
0.024126
-0.004763
-0.062550
0.053024
0.081855
-0.004763
-0.149167
0.139642
-0.004763
0.024093
0.024085
-0.177973
-0.149334
-0.004763
0.139809
-0.004763
-0.033660
0.053024
0.024118
-0.033644
-0.091455
-0.062600
-0.033694
0.168698
-0.033652
-0.004763
-0.062566
-0.120470
0.168748
0.024126
-0.004763
0.052991
0.024101
0.052941
-0.033610
-0.004763
0.024085
-0.004763
0.024076
-0.149042
-0.004763
-0.004763
-0.033644
0.024118
-0.004763
0.052974
0.225851
-0.004763
-0.062366
-0.062400
0.024060
-0.004763
0.110445
-0.062350
-0.004763
-0.062383
-0.033585
0.024060
-0.148959
-0.004763
-0.033627
-0.235977
-0.178525
0.140060
0.197637
-0.265067
0.197754
-0.439231
-0.033795
0.371995
0.081980
0.197345
-0.004763
-0.033610
0.110577
-0.004763
-0.177823
0.139475
0.139267
0.024018
-0.033544
0.081556
0.052742
0.081432
0.138730
0.167157
-0.607780
-0.091206
-0.033594
0.196879
0.110279
-0.062267
0.052742
0.052708
0.052675
-0.004763
-0.090933
-0.004763
-0.234912
-0.062383
0.024052
0.110411
-0.004763
0.225188
0.023944
-0.033470
-0.004763
0.110015
0.023911
0.023903
-0.033428
-0.033437
-0.176979
-0.004763
-0.148503
-0.033536
-0.004763
-0.062333
0.024027
0.024018
-0.004763
0.024010
0.110246
0.023969
-0.033494
-0.004763
0.052692
-0.004763
0.052659
-0.062185
-0.062218
-0.091007
-0.062300
0.052775
-0.033527
-0.004763
-0.091106
-0.004763
0.110345
-0.004763
0.081481
-0.119771
-0.004763
-0.004763
0.052758
0.110180
-0.004763
-0.033486
-0.004763
-0.090982
-0.091056
0.024010
-0.148710
-0.120070
0.340760
0.167552
-0.004763
-0.148338
0.023969
0.052675
0.052643
0.109949
-0.062102
-0.119540
-0.148420
-0.004763
-0.321538
-0.062466
-0.235910
0.139767
0.081855
0.139433
-0.062416
-0.004763
-0.004763
-0.062450
-0.004763
-0.091355
0.110677
-0.149084
0.312469
0.024027
0.253970
-0.148420
0.282346
0.052560
-0.119442
0.052593
-0.176929
0.052659
-0.062185
0.339274
0.223939
0.023788
0.166372
0.023731
0.222898
0.080477
0.052023
-0.089954
0.052039
-0.033160
0.080404
-0.004763
0.363457
-0.061324
0.023522
-0.004763
-0.316334
0.023602
-0.061500
0.080332
-0.061484
-0.061516
0.108712
0.051927
-0.203316
-0.203711
0.108971
-0.004763
0.137222
-0.260481
-0.033216
-0.090172
-0.147274
-0.090367
0.080841
-0.033289
-0.004763
0.194753
-0.090221
-0.033265
-0.061792
-0.004763
-0.147477
0.109425
-0.147518
0.137992
0.023764
-0.176045
0.137992
-0.004763
-0.061840
-0.033314
-0.004763
0.080866
0.023764
0.052266
0.109197
0.023707
-0.090196
0.166031
0.023675
-0.061646
-0.232618
0.109230
0.052185
-0.118690
0.109165
-0.118690
0.109165
0.165886
-0.033184
-0.004763
-0.061629
-0.061662
-0.061694
-0.004763
-0.033241
0.052185
0.080598
-0.061662
0.080574
-0.061646
-0.061678
-0.033233
0.023707
-0.033233
-0.033241
-0.004763
-0.090245
0.052234
-0.004763
0.137586
-0.061678
0.052152
0.108971
-0.090051
0.080525
0.080452
-0.033160
0.080404
0.137021
-0.004763
-0.033103
-0.118206
-0.203598
-0.061646
0.137384
0.023642
-0.033168
-0.033176
-0.033184
0.052072
0.023642
0.052023
-0.061549
0.080404
0.023610
0.108648
-0.089809
0.051943
-0.089833
-0.004763
-0.004763
0.080307
-0.004763
-0.033111
-0.061484
-0.004763
-0.004763
0.023602
-0.175072
0.193903
-0.061484
0.023602
-0.033128
0.051959
-0.203429
0.193903
0.023586
0.278283
0.079995
0.164537
0.023426
0.220463
-0.117312
-0.202029
-0.032975
-0.032983
0.051671
-0.004763
-0.117661
0.079923
0.051655
-0.032968
0.023442
-0.032968
0.051639
0.051607
0.023410
-0.032936
0.023410
-0.061117
0.023418
0.051575
0.023394
0.051528
-0.004763
-0.004763
-0.117375
0.051559
-0.202029
0.136182
0.023402
-0.117471
-0.032960
-0.061180
0.023450
0.023442
0.107977
-0.173920
-0.089449
0.051703
-0.089473
0.023482
-0.089521
-0.089592
0.108327
-0.033023
0.023498
0.051734
0.023474
-0.117757
-0.004763
-0.061308
0.051782
0.023498
-0.033023
-0.033031
-0.061324
0.164825
-0.004763
-0.004763
0.023474
-0.004763
-0.061244
0.051718
-0.089497
-0.061292
0.051766
-0.061292
-0.004763
-0.061324
-0.089664
0.164969
-0.089592
-0.117981
0.023554
0.080139
-0.033055
0.051814
0.193005
-0.032991
-0.089497
-0.004763
-0.004763
0.023490
-0.061276
-0.004763
0.051750
-0.004763
0.079947
0.023458
0.108040
-0.061148
-0.004763
-0.004763
-0.061180
-0.117693
-0.004763
-0.033015
-0.061292
0.051766
-0.089568
0.023514
-0.004763
END
