y[]
-0.635451
-0.377665
0.599526
-0.213998
-0.214379
0.013512
0.306137
0.337440
-0.019066
0.754383
0.109262
0.141113
-0.147189
0.012980
0.044995
0.012949
-0.019066
0.523633
-0.242174
-0.050979
0.172260
0.203686
-0.433145
0.267787
-0.019066
0.235225
0.329532
-0.177369
-0.241112
0.107878
0.012645
-0.177721
0.012685
0.266241
-0.209180
-0.019066
-0.082518
-0.177872
-0.178125
-0.019066
0.108201
-0.114501
-0.146455
0.076490
0.139992
-0.146293
0.076369
0.012725
0.044486
-0.019066
0.234741
-0.241112
-0.146171
0.234983
-0.177771
-0.337234
0.044648
-0.210332
-0.146780
-0.051020
0.363709
0.108201
-0.273762
0.521390
0.107677
-0.114108
-0.241183
0.171350
-0.019066
-0.145970
-0.082578
-0.337234
0.012796
0.108282
-0.114562
0.044608
0.235225
-0.050817
-0.177973
0.044527
0.614649
0.201789
-0.145209
0.044025
-0.208460
0.012524
-0.113868
0.170447
-0.176969
-0.082297
-0.304102
-0.177771
0.298092
0.075886
-0.019066
0.170567
0.075616
0.327336
0.075199
-0.113332
-0.050508
0.075229
0.106523
0.137698
-0.019066
0.199992
0.012189
0.043414
-0.175341
0.012208
0.043453
0.074640
-0.050292
0.105778
0.105622
-0.331079
0.355232
-0.019066
-0.081352
0.074348
0.012053
-0.050185
-0.050195
-0.019066
-0.050204
0.012072
0.074290
-0.205866
0.167733
0.043123
0.198291
-0.019066
-0.143213
-0.330108
-0.019066
0.043220
-0.019066
-0.050204
0.012072
-0.268443
-0.237782
0.137208
0.323880
-0.455748
0.261877
0.105544
-0.081352
-0.174951
-0.019066
-0.050272
0.043336
0.136770
-0.112539
-0.050243
-0.050253
0.230155
-0.081313
-0.112510
0.012091
0.043220
-0.019066
0.074290
-0.019066
0.074203
-0.143444
0.043142
-0.019066
0.074174
-0.081217
0.074145
0.105080
0.259701
-0.173841
0.135709
0.011860
-0.049992
-0.050002
-0.204882
0.011927
-0.112075
-0.081120
-0.081159
-0.143367
-0.081275
0.167443
-0.019066
0.043026
-0.143290
0.074116
-0.143328
-0.019066
-0.050156
0.043104
-0.050146
-0.019066
-0.019066
-0.019066
0.012014
-0.019066
-0.081236
-0.019066
0.043104
0.012004
-0.019066
-0.081217
0.012014
0.012004
-0.019066
-0.019066
0.538556
-0.142714
0.011860
-0.049992
-0.142867
0.011898
-0.019066
-0.081005
0.166635
-0.111874
-0.204940
0.166807
0.011879
0.042796
-0.173793
-0.019066
0.135661
-0.049992
0.042777
-0.019066
0.104505
0.073512
-0.142523
0.042681
-0.019066
0.042643
0.135041
-0.049869
0.042529
0.104011
-0.049821
-0.049831
-0.019066
-0.019066
-0.019066
-0.019066
-0.142219
0.042529
-0.111473
0.104124
-0.019066
-0.265599
-0.266209
0.197217
-0.080814
0.166062
-0.451566
0.135613
-0.111845
0.042796
0.073655
0.073569
-0.297230
0.073741
0.073655
0.042700
0.011803
0.104314
-0.049897
-0.080757
-0.080795
0.166005
-0.019066
0.011746
0.042529
-0.049859
-0.111502
0.196484
0.042434
0.073114
-0.080510
-0.019066
-0.049802
0.011670
-0.142067
-0.111417
-0.080680
-0.019066
-0.080718
-0.049907
0.042605
0.134946
0.042472
-0.265448
-0.080757
-0.266209
-0.111902
0.320913
-0.111673
0.011812
-0.266362
0.073741
-0.049992
-0.142867
0.073799
0.166405
-0.266438
0.320913
-0.019066
-0.142561
-0.111788
0.104543
-0.235483
-0.019066
-0.080986
-0.019066
-0.019066
-0.205055
-0.050098
-0.050108
0.321861
-0.204882
-0.081082
-0.267514
-0.019066
-0.205808
0.105467
0.817499
-0.142561
-0.019066
0.166119
0.134993
-0.049859
0.349824
0.072944
0.011585
-0.172417
0.256796
-0.172229
0.011585
-0.049718
0.164701
-0.141540
-0.080359
0.011585
-0.019066
0.042208
-0.110992
-0.019066
-0.019066
-0.111077
0.103596
0.011576
-0.049708
0.072832
-0.019066
-0.080322
0.134003
0.011520
-0.080247
0.072691
-0.049643
0.133722
-0.049605
-0.110739
0.011501
-0.110795
0.042096
0.011501
-0.110795
-0.049661
0.133816
0.011482
-0.080172
0.011491
-0.049624
-0.202609
-0.049689
-0.049699
-0.019066
-0.080359
0.287025
-0.141390
0.011529
-0.110880
-0.019066
0.011548
0.164420
-0.019066
-0.019066
-0.141353
-0.110880
0.042152
0.164364
0.103034
-0.110627
-0.019066
0.133489
0.619137
-0.413664
0.405821
0.041485
-0.534922
-0.049494
0.072189
0.163194
0.253703
0.132151
0.282684
0.011059
0.161494
-0.290028
0.191746
-0.380730
0.011122
0.011113
-0.019066
0.161820
0.011050
0.161439
0.101090
0.130926
-0.079036
0.100838
0.100694
0.220025
0.130076
-0.227928
0.010798
0.100301
0.040564
0.070313
0.010709
0.010700
-0.019066
-0.108392
-0.227803
-0.019066
-0.078786
0.100337
-0.019066
0.100194
-0.019066
-0.138327
-0.048904
0.457267
-0.078484
0.129412
0.188434
-0.315626
0.040316
END
