y[]
0.060003
-0.077070
0.114827
0.005178
0.114707
-0.022193
-0.022200
-0.104411
0.005178
-0.077092
-0.104621
0.032639
-0.159702
0.060169
0.252261
-0.434504
-0.242995
0.032783
-0.188219
0.226173
-0.243475
0.005178
-0.244095
-0.161350
0.005178
0.559196
-0.133039
-0.133230
0.115920
0.032845
0.005178
0.005178
-0.022488
-0.188701
0.060611
0.060580
-0.050223
0.032883
-0.077959
0.060611
0.032883
0.005178
0.005178
-0.050239
-0.022542
0.088315
0.088246
0.115828
0.088086
0.005178
0.005178
-0.133039
0.171016
0.170741
-0.049979
-0.050009
0.253283
-0.077455
-0.049949
-0.215633
-0.160751
0.171107
-0.105411
-0.050162
0.226356
0.005178
0.170741
-0.188005
0.060412
0.225807
-0.049933
-0.022389
-0.105167
0.087948
-0.188059
0.005178
-0.022458
0.170878
0.032768
0.060335
-0.105167
0.060366
-0.022412
0.143052
0.142862
-0.132506
0.005178
-0.022381
0.060290
-0.049933
-0.022389
0.115401
1.073535
-0.213043
0.087067
-0.076711
0.141623
0.250310
-0.158176
0.250110
-0.103606
-0.049258
0.059615
-0.049258
0.005178
0.114022
-0.130895
-0.022059
0.005178
0.086866
0.032393
0.032385
0.032378
-0.049229
0.113963
-0.076399
0.032378
-0.022022
-0.022029
0.032385
0.059570
0.005178
-0.049214
0.005178
-0.022029
-0.022036
-0.376606
-0.049482
0.114468
0.087067
-0.131341
-0.104171
0.087201
-0.158936
0.114617
0.087179
-0.295821
0.196828
0.141846
0.032489
-0.022133
0.059793
0.059763
-0.186000
-0.049511
-0.049541
0.141921
0.005178
0.059823
0.114378
-0.104022
-0.076800
-0.022163
0.059853
-0.022155
-0.022163
-0.104261
-0.049586
0.087314
-0.104351
0.114707
0.032542
0.005178
-0.022185
-0.076957
0.114677
0.005178
0.141884
-0.268420
-0.324131
0.087607
-0.297394
-0.215451
-0.077683
0.225990
0.197989
0.225079
-0.022283
-0.077251
0.032662
-0.022306
0.142522
-0.077205
0.032647
0.005178
0.114978
-0.104621
0.005178
0.060093
0.032624
0.032617
0.032609
0.114827
0.005178
-0.049631
0.032587
0.087359
-0.049601
-0.022223
-0.022230
0.114767
0.059928
0.087246
-0.076890
0.032542
-0.076935
-0.022208
-0.104441
-0.351916
0.032692
-0.408330
0.088017
-0.022427
-0.409818
-0.022549
0.060626
0.115982
0.115859
-0.077821
-0.133307
-0.133499
0.060672
0.143778
-0.077959
0.032898
0.226662
0.501731
0.032692
-0.077387
-0.049903
-0.132658
-0.022412
0.032768
-0.022412
0.060351
-0.270989
-0.105502
-0.022511
0.115890
-0.050162
-0.022503
0.115859
-0.133192
-0.022519
-0.022526
-0.161211
0.005178
-0.384144
0.033037
-0.273762
0.061029
0.005178
-0.358408
-0.275406
0.397775
0.172964
0.033115
-0.162560
0.172917
-0.022759
0.033115
-0.078656
0.116941
0.061013
-0.078586
-0.022759
-0.134623
0.033154
-0.106773
0.033178
-0.106867
0.061216
0.117160
-0.050797
0.117098
0.033139
-0.078726
-0.106804
0.452356
-0.134350
0.033099
-0.078609
0.200573
-0.134350
0.088919
0.311628
-0.106149
0.088686
-0.134039
-0.217974
0.061013
-0.078586
-0.386650
0.173293
0.005178
0.033170
-0.387419
-0.107276
0.061421
0.005178
-0.022939
0.145687
0.285605
-0.078867
-0.219289
0.061342
-0.022900
0.453484
0.312227
0.116599
-0.245693
0.033084
-0.022727
-0.106522
-0.022766
0.061060
-0.106616
0.144902
-0.078632
-0.302730
-0.135094
0.369477
0.005178
-0.190818
-0.022853
0.061232
0.340843
-0.330486
0.117192
-0.106835
0.005178
-0.022845
0.089224
0.201010
-0.022774
0.005178
0.033131
0.061060
0.005178
0.005178
0.061029
-0.050672
0.061029
0.005178
0.033092
0.060982
0.033068
-0.022712
-0.022720
-0.022727
-0.134467
-0.078703
0.144941
0.116848
-0.106491
-0.022759
0.088965
0.005178
0.256119
0.033022
-0.637192
0.117192
-0.190928
0.117286
-0.050860
0.061216
-0.556621
-0.022995
0.033351
-0.418252
0.061739
0.005178
0.287505
0.146043
0.061469
-0.051112
0.426586
0.313086
-0.078703
0.005178
-0.218849
0.201229
-0.078797
-0.078867
0.117223
0.228892
-0.190544
0.117066
-0.162701
0.256891
-0.050703
-0.050735
-0.190763
-0.275406
0.117506
-0.219604
0.089531
0.033280
0.061358
0.033256
0.117412
-0.050923
0.089318
-0.022860
-0.191313
-0.107276
-0.022955
0.061437
0.145687
-0.107213
-0.079198
0.005178
0.201946
-0.022908
0.117475
0.005178
0.005178
0.089318
0.005178
-0.107024
0.033241
-0.050954
-0.050986
0.061342
-0.050986
-0.079127
-0.107339
0.005178
0.005178
0.005178
0.145805
0.201725
0.033225
-0.078985
-0.107150
0.201670
-0.107055
-0.275958
0.089602
0.286077
0.005178
0.117317
0.033193
-0.134976
-0.135173
-0.022916
0.005178
0.145569
0.005178
-0.022884
END
