y[]
0.094663
-0.102933
-0.103030
-0.103128
-0.004135
0.061872
0.061828
-0.103096
0.094826
0.028830
0.028820
-0.037089
0.028820
-0.004135
-0.004135
-0.070054
0.160583
-0.432966
0.028918
0.094957
-0.103226
0.061937
-0.037165
-0.004135
0.094924
-0.037144
-0.070185
0.061915
-0.004135
-0.037154
-0.004135
-0.004135
0.028885
-0.268598
0.028961
-0.037231
-0.004135
-0.004135
0.028961
0.392167
0.028820
-0.169015
0.127791
-0.103063
-0.070141
-0.004135
0.028874
0.160746
0.028809
-0.102998
0.193494
0.028765
0.028755
-0.037024
-0.069946
0.028776
-0.037046
0.094566
0.160150
-0.036970
0.094339
0.094242
-0.004135
-0.069709
-0.004135
-0.036938
-0.102608
0.028701
-0.004135
0.127099
-0.201050
-0.036992
-0.004135
-0.102770
0.160204
-0.036981
0.028711
0.061525
-0.036959
0.159880
0.094145
-0.200792
0.127013
0.224960
-0.004135
0.093888
-0.069473
-0.004135
-0.004135
0.028540
0.093824
-0.036777
-0.036788
0.191624
-0.036735
-0.004135
-0.036745
-0.167347
0.061182
-0.036788
-0.004135
-0.036799
-0.167614
0.061289
-0.004135
0.028561
-0.036831
0.061246
-0.069516
0.126584
-0.004135
-0.069473
0.093856
0.028508
-0.036777
-0.200213
-0.233380
0.159665
-0.069623
-0.102447
0.028647
0.094145
0.028604
-0.036873
-0.036884
-0.036895
-0.036906
-0.069709
-0.004135
-0.036938
0.159773
-0.036895
0.061375
-0.036884
-0.004135
0.094081
-0.102351
-0.004135
-0.069666
0.159612
-0.069601
0.061332
-0.036863
0.094017
-0.004135
0.061246
0.061203
0.061161
-0.167453
-0.102254
0.093985
-0.004135
-0.200470
-0.135239
0.028657
-0.036927
-0.069752
-0.069795
-0.102706
0.028733
0.061568
0.061525
-0.036959
-0.069816
-0.004135
-0.004135
0.127185
0.028668
0.028657
0.028647
-0.069709
-0.004135
0.028657
-0.004135
0.061417
-0.069687
0.094177
0.028614
0.028604
-0.069623
0.028614
-0.036884
-0.004135
-0.036895
0.028625
0.094081
-0.102351
-0.004135
-0.004135
-0.036895
0.061375
0.126755
-0.331682
0.061460
0.061417
0.126841
-0.004135
-0.004135
-0.004135
-0.135111
-0.036906
-0.004135
-0.004135
-0.036916
-0.102544
-0.004135
0.028679
0.061460
0.061417
0.028625
-0.036895
0.028625
-0.036895
-0.036906
0.061396
0.126798
0.028572
-0.069558
-0.069601
-0.004135
0.061332
-0.200663
0.290513
-0.004135
-0.036831
0.028561
-0.004135
-0.134982
0.061310
-0.036852
0.061289
-0.069558
-0.036863
-0.135154
0.061396
0.224885
-0.167667
-0.036873
-0.135196
0.159665
-0.069623
0.061353
-0.004135
-0.004135
-0.036873
0.028604
-0.004135
0.028593
-0.069601
0.028604
0.028593
-0.004135
-0.004135
-0.004135
0.028582
-0.069580
0.028593
0.028582
0.028572
0.028561
0.061225
-0.036809
-0.036820
-0.036831
-0.004135
-0.004135
-0.036841
-0.135068
-0.004135
-0.200856
-0.135498
0.127228
-0.069795
-0.069838
0.028722
-0.234360
-0.102965
0.061763
-0.102998
0.094728
0.028798
-0.070011
0.061741
-0.004135
-0.004135
-0.037067
-0.102998
-0.070098
-0.037133
-0.169288
0.161018
-0.169288
0.094990
-0.037165
-0.004135
-0.070229
-0.004135
-0.202679
0.028983
0.095154
-0.070316
-0.004135
0.062047
-0.136541
-0.070404
-0.037286
0.029016
0.161456
0.095088
0.061959
-0.004135
-0.004135
0.094924
-0.004135
-0.004135
-0.070163
0.160854
-0.037111
-0.004135
0.028841
-0.037111
-0.004135
-0.037122
-0.070141
-0.004135
-0.004135
-0.004135
0.028874
0.028863
-0.004135
-0.004135
0.028852
-0.070120
0.028863
-0.070141
0.028874
-0.070163
0.490019
-0.168581
0.028776
0.028765
-0.037035
-0.037046
0.160312
0.323949
-0.069666
-0.036916
-0.004135
-0.036927
-0.102576
0.225411
0.094081
-0.167881
0.061396
-0.069666
-0.036916
0.061417
-0.004135
0.094113
-0.036873
-0.036884
0.028614
-0.036884
-0.004135
-0.004135
-0.004135
-0.004135
-0.036895
-0.004135
-0.036906
0.061396
0.028614
-0.102415
0.061396
-0.036895
0.028625
-0.004135
0.028614
-0.036884
0.224885
-0.167667
-0.102383
-0.200921
0.061504
-0.036949
-0.135498
0.028722
0.094371
0.061482
0.061439
-0.036916
-0.004135
-0.004135
-0.004135
0.028647
-0.004135
-0.036916
-0.004135
0.061417
-0.036906
0.028636
-0.036906
-0.069709
-0.004135
0.028657
-0.004135
0.028647
-0.036916
0.061417
-0.036906
0.028636
-0.004135
-0.036906
-0.168150
0.061504
-0.004135
-0.036949
-0.004135
0.028679
-0.168312
-0.004135
0.061568
0.159934
-0.168204
0.028701
-0.234209
-0.069968
-0.004135
0.160366
-0.102803
-0.004135
0.028765
-0.004135
-0.037035
-0.004135
-0.004135
0.094533
-0.037013
-0.004135
0.028744
-0.004135
0.127271
0.094307
-0.004135
1.396311
-0.230782
0.319490
-0.068776
0.157390
-0.197996
END
