y[]
0.009010
0.103573
0.072002
-0.053982
0.040511
-0.054002
0.197927
0.009010
0.071903
0.009010
0.040442
0.071844
0.103187
-0.148000
0.103246
-0.211012
0.103365
-0.053883
-0.022451
0.260425
-0.116618
0.197393
0.071726
0.040353
-0.022333
0.009010
0.103010
-0.022313
0.071647
0.009010
0.071608
0.071569
0.040275
-0.022254
0.040275
-0.116107
0.102863
-0.084842
0.040304
0.040294
-0.116185
0.009010
0.009010
-0.084989
0.040353
-0.022333
-0.022343
0.259558
-0.178842
-0.085048
-0.053745
-0.022382
-0.085226
-0.148247
-0.022471
-0.053982
-0.243356
-0.022580
-0.085821
0.009010
-0.530075
0.358162
-0.022680
0.167363
0.135512
-0.370978
-0.563693
0.708536
-0.117813
0.515340
-0.085732
-0.307446
0.072382
-0.181224
0.135874
0.009010
0.009010
0.040701
-0.181285
0.040751
-0.181587
-0.086425
0.072644
0.104385
-0.022771
0.136075
-0.149846
0.326471
0.199004
0.040641
0.040631
0.103812
-0.054181
0.324567
-0.054022
-0.022521
0.198046
0.103394
0.166119
0.040402
-0.085196
-0.053843
0.040442
-0.022421
0.009010
-0.085344
-0.022461
0.134836
0.009010
-0.022431
-0.148346
0.040501
0.040491
0.040482
-0.022461
0.040482
0.040472
0.009010
0.009010
0.103335
0.040432
-0.022412
-0.022421
-0.179788
-0.211706
0.040571
-0.054121
-0.022570
0.009010
-0.212334
0.167163
-0.370978
0.230845
0.072301
-0.212684
0.072402
0.135673
-0.054301
0.167213
0.009010
-0.022610
0.009010
0.009010
-0.054261
-0.117652
0.040691
0.103992
-0.085972
0.009010
0.009010
0.072341
-0.086002
-0.086092
0.040721
-0.149644
-0.213530
-0.022822
0.040842
0.040832
0.040822
0.167917
-0.118095
0.040802
0.199547
-0.054462
-0.086273
-0.213672
0.072684
0.040832
0.072623
0.009010
-0.054603
-0.341588
0.040934
-0.022913
0.009010
-0.086821
0.104842
0.040934
0.040923
-0.182622
0.232545
-0.054806
0.040923
-0.022903
-0.086790
-0.022944
0.009010
0.009010
-0.022954
0.104872
0.072867
-0.118744
0.040964
-0.054908
0.009010
0.200642
-0.086760
-0.086852
0.836777
-0.086152
0.230916
-0.149443
0.135793
0.167263
-0.085911
-0.086002
-0.054381
-0.213177
-0.213672
-0.950997
0.330038
0.073092
-0.023026
0.296964
0.168627
-0.086729
0.072847
0.136561
0.072725
-0.118460
-0.054786
-0.086760
-0.086852
0.136806
0.009010
0.200398
-0.054745
-0.118622
0.009010
0.072847
-0.022903
0.104719
0.136480
-0.054704
-0.054745
0.104628
0.199971
0.104354
0.135994
0.262496
-0.212754
0.009010
-0.086183
-0.054502
-0.532479
0.040944
-0.086821
-0.054928
0.328295
-0.534382
0.297057
0.104842
0.072847
-0.022903
0.072826
-0.086729
0.009010
0.072847
-0.054826
-0.118785
0.040974
0.009010
0.136765
0.072826
0.040903
-0.022883
0.009010
-0.022893
-0.086760
0.136683
0.009010
0.072786
0.200093
-0.118338
-0.598117
-0.151375
0.009010
-0.119483
-0.023139
0.073298
0.009010
0.521832
0.264438
0.295589
-0.181951
-0.342035
-0.150964
0.200949
-0.150913
-0.055031
-0.023026
-0.055092
0.233190
-0.407724
-0.055257
-0.216251
-0.023211
0.105644
0.009010
-0.087624
-0.119980
0.073526
-0.055506
0.138001
0.041232
-0.023211
-0.055464
-0.184663
0.041315
-0.346920
-0.315665
-0.284102
0.171956
-0.023558
-0.121368
-0.481427
-0.747697
0.634527
-0.155220
-0.089658
-0.221594
0.206704
-0.320697
-0.024020
-0.156306
-0.057193
0.207489
-0.090180
3.071139
-3.218654
-0.090443
0.174710
-0.189863
0.075345
-0.024152
0.009010
0.141592
0.042128
-0.156690
-0.057347
0.141680
-0.057303
-0.057347
0.009010
0.075367
0.075323
0.009010
0.075279
0.174491
-0.090245
-0.057215
0.207554
-0.255803
0.306876
-0.123265
0.174327
-0.487762
0.439688
-0.322116
-0.523083
0.108994
-0.224440
0.408877
0.341016
-0.322995
0.307865
-0.190127
-0.057457
0.208280
-0.123792
0.009010
0.108628
0.108529
0.373068
0.174054
-0.089983
0.140980
-0.155979
-0.090114
0.207161
-0.123047
0.207030
0.107873
0.074865
-0.155707
-0.222051
0.141111
-0.090049
0.272950
-0.023944
0.009010
-0.089918
0.239691
-0.386769
0.667774
0.238556
-0.253371
-0.451820
-0.619819
0.174875
-0.223278
-0.457191
-0.024373
0.009010
-0.325438
0.042505
0.176318
0.075855
0.142566
-0.157963
-0.191726
0.042494
-0.057969
0.142924
0.276301
-0.258280
0.209545
0.142477
0.275411
-0.024251
0.042272
0.141945
0.141768
-0.190193
-0.157296
-0.257657
0.674349
0.075301
-0.024130
0.009010
0.075279
0.009010
-0.356014
0.241453
0.373189
-0.189468
-0.322665
0.539164
-0.322006
-0.356378
0.108794
0.208280
0.207883
-0.057237
0.438834
0.140893
0.206509
0.206119
-0.056650
END
