y[]
0.034088
0.001595
-0.258653
0.326798
-0.258484
0.001595
0.034141
0.099171
0.034099
-0.128487
0.001595
0.066656
-0.063467
0.034131
0.001595
0.001595
0.001595
-0.454878
0.197481
0.001595
-0.128954
0.001595
0.066890
-0.587605
0.198380
0.197994
-0.063829
-0.031133
0.034322
-0.031133
0.001595
-0.031144
-0.096686
0.034365
-0.326597
0.034462
0.067298
-0.031252
0.067276
0.198380
0.197994
0.066975
0.099586
-0.096397
0.001595
0.001595
-0.129210
0.132399
0.099586
-0.227201
0.132399
-0.391333
0.165502
-0.227951
-0.129812
0.165825
-0.064065
0.165664
0.067147
0.034355
0.099810
-0.063872
-0.031155
0.001595
-0.031165
0.034355
-0.031165
-0.031176
0.067125
0.067082
-0.162206
0.132656
0.524130
0.164329
-0.030931
0.001595
-0.226381
-0.096269
0.132058
0.196971
-0.128614
-0.030984
0.099299
0.164223
0.163959
0.228462
-0.322660
0.325849
0.033962
0.001595
-0.063151
0.001595
0.066340
0.001595
0.033952
0.001595
-0.030763
-0.030773
-0.095571
-0.030815
-0.030826
0.034015
0.034004
0.033994
0.033983
0.066340
0.033952
-0.063130
0.001595
0.001595
-2.158175
0.034669
-0.031480
0.166857
-0.130593
0.001595
0.133782
-0.064477
-0.064521
0.199811
0.396852
-0.097073
-0.097171
0.001595
0.001595
0.067449
0.034506
0.034495
0.034484
-0.031295
0.034484
-0.261823
-0.064369
0.067558
0.034560
-0.031371
-0.031382
-0.196491
0.199680
-0.064390
-0.130506
-0.031458
0.001595
-0.130724
0.133913
0.034647
-0.064521
-0.130768
-0.064653
0.167130
0.001595
-0.031491
0.298968
0.067558
0.133390
-0.031338
0.034527
-0.130201
0.001595
0.034560
0.067492
-0.361382
-0.031469
-0.097661
-0.031513
-0.230463
0.001595
-0.098024
0.068018
-0.064829
0.001595
-0.297857
0.068217
0.034889
-0.098322
0.068217
0.034889
-0.098322
-0.065072
0.068261
-0.031733
0.034922
0.001595
-0.031733
0.101545
0.001595
0.367226
0.034768
-0.097957
0.134309
0.200336
0.067754
0.067710
-0.230002
-0.130987
0.034757
0.101015
-0.097826
-0.230771
-0.231312
0.101478
0.034867
0.068106
0.068062
0.101213
0.001595
-0.231002
0.001595
0.068106
0.068062
-0.031634
0.167625
0.034768
-0.131164
0.001595
0.167515
0.233421
-0.031491
-0.097727
0.001595
0.067820
0.001595
-0.197213
-0.131164
-0.231157
-0.131650
-0.365746
0.035045
-0.098790
-0.199478
0.236140
0.101946
0.035023
-0.132185
0.035056
-0.065340
0.068529
-0.031867
-0.098857
0.001595
0.135508
0.001595
0.101912
0.068417
0.034989
0.034978
-0.098589
0.101778
0.001595
0.068328
-0.131917
-0.065228
0.135195
0.135017
0.001595
-0.131828
0.001595
-0.031789
0.034978
-0.031789
0.068350
0.001595
0.101645
-0.098455
0.001595
0.001595
-0.031778
-0.065183
0.501346
-0.064895
0.001595
0.001595
-0.131517
0.201195
-0.131428
0.267464
0.101114
0.034746
-0.064718
-0.031578
0.001595
-0.031589
-0.031600
0.067974
0.067930
0.200336
0.133870
0.100686
-0.031425
-0.031436
-0.561601
0.630840
-0.031425
0.133608
-0.064390
0.067579
-0.130419
0.133608
0.067536
0.001595
0.133347
-0.196099
-0.163449
0.100654
-0.229696
0.034669
0.199811
-0.031414
-0.064456
-0.064499
-0.097628
0.067754
0.001595
0.166802
0.133564
0.067514
-0.064325
0.199223
0.133130
0.001595
-0.031273
0.001595
-0.031284
-0.064195
0.034495
-0.064217
0.034506
0.100263
-0.031284
0.034473
-0.031284
0.034473
-0.031284
0.034473
0.001595
-0.064173
0.001595
0.001595
0.165933
-0.064108
0.001595
-0.064152
0.001595
0.034473
-0.064173
0.067362
0.034462
0.067298
0.001595
0.067254
0.296532
0.067018
0.099650
-0.161884
0.001595
0.099714
0.034280
0.034269
0.001595
0.034258
0.066890
0.001595
0.066847
-0.096301
0.099490
0.099394
0.001595
-0.030995
-0.096237
0.164594
0.034163
0.099235
-0.063488
-0.063531
-0.030984
-0.096205
0.131973
-0.226679
0.099490
0.066805
-0.063616
0.001595
-0.031027
-0.063680
-0.063722
0.001595
-0.031080
-0.063786
-0.031112
0.262947
-0.031037
0.001595
-0.063701
-0.031069
-0.227351
-0.063915
0.034355
-0.031165
-0.063958
0.099907
0.001595
0.132527
0.001595
0.001595
-0.063850
-0.031144
-0.063915
-0.096750
-0.129682
-0.031252
0.001595
-0.031262
0.001595
0.067298
0.231216
0.034355
0.099810
0.001595
-0.031133
0.034322
-0.096621
0.067082
-0.162206
0.067147
0.067104
0.230540
-0.031080
0.230091
0.001595
0.099362
0.034163
-0.128741
-0.063637
0.099426
-0.096237
0.001595
0.001595
-0.194356
0.132271
-0.031059
-0.129124
0.034290
0.066954
-0.096461
0.066975
-0.292956
0.132613
0.034322
0.067018
-0.096557
END
