y[]
0.001249
0.141286
0.001249
0.029233
0.085153
0.168847
0.084943
0.029131
0.196208
0.029069
0.362210
-0.192953
0.056774
0.056743
-0.109769
0.361610
-0.442457
-0.193493
-0.249692
-0.110483
0.280345
-0.082398
-0.222152
0.336164
0.084803
-0.082305
-0.110265
0.251981
-0.165835
-0.110296
-0.194254
-0.166630
-0.251099
0.029319
-0.111079
0.141639
0.085389
0.113325
0.085224
0.085153
-0.026711
0.001249
-0.026719
0.057178
0.029202
-0.026703
-0.082655
0.029225
-0.054711
0.029233
0.001249
0.029225
0.029217
-0.222715
0.001249
-0.223218
-0.083056
0.057461
-0.054962
0.001249
0.085554
-0.223723
0.029398
-0.393562
-0.168434
0.086127
-0.395464
-0.197699
0.029695
-0.169545
0.115144
0.171849
0.029654
-0.112420
0.143315
-0.055553
0.058051
-0.083966
0.285018
-0.225701
0.001249
-0.027156
-0.055585
0.313439
0.057906
0.057874
0.170932
0.001249
-0.027011
0.086007
0.311414
-0.083246
-0.055121
0.170263
-0.224167
0.479652
0.085436
0.337290
0.364023
-0.305628
0.057115
-0.362438
0.001249
-0.307523
0.085554
0.029335
-0.420871
-0.111618
0.057698
0.085863
0.029438
-0.055137
-0.083389
-0.026980
-0.309793
-0.452910
-0.055666
0.086610
-0.055650
-0.027213
0.313883
0.086343
-0.197417
0.001249
0.086440
0.058003
-0.083893
0.001249
0.086392
-0.055505
0.086368
-0.027116
-0.197530
0.171655
0.029622
-0.140696
0.114821
-0.197586
0.143315
0.029638
-0.055537
0.058035
-0.140776
-0.368963
0.286150
0.086561
-0.084063
0.058132
0.001249
-0.197982
0.200481
-0.141019
-0.141221
-0.513332
0.230279
-0.055959
0.201335
-0.084453
-0.027335
0.029833
0.144045
0.001249
0.029784
-0.027286
-0.112971
-0.055910
0.115535
0.286393
0.086634
0.029695
0.086537
-0.197869
-0.398181
0.201164
0.314595
-0.169545
0.228910
0.228393
-0.425070
-0.112743
0.029759
-0.084306
-0.112939
0.001249
-0.027318
0.001249
-0.055910
-0.113167
0.058474
0.144168
0.029808
0.001249
0.086878
-0.055828
-0.027302
0.086878
0.001249
-0.084380
0.029800
-0.055861
0.029808
0.029800
0.058327
0.086805
-0.084306
0.115307
-0.112808
0.143801
-0.112776
-0.112906
-0.198837
0.058457
0.172678
0.001249
0.086853
-0.198608
-0.457073
0.259314
-0.027392
-0.228175
0.087345
0.173218
0.258650
-0.055894
-0.199008
0.144331
-0.113200
0.001249
-0.113331
-0.113463
0.058621
0.029923
-0.113496
-0.056173
0.029964
-0.027466
0.058671
0.001249
-0.056173
0.001249
0.230739
0.029898
0.087148
-0.170621
-0.084797
-0.228570
0.001249
-0.085069
-0.171612
0.087717
0.202717
-0.027507
0.144948
0.001249
0.029964
-0.027466
-0.171214
0.058770
-0.373229
-0.172061
-0.027665
0.059069
-0.056571
0.030163
-0.201327
0.001249
-0.143699
-0.085821
0.030281
-0.027783
-0.056840
0.059338
-0.085897
0.030306
0.349277
-0.085644
-0.056722
-0.056755
-0.027766
0.117258
0.059203
-0.056705
-0.027741
0.088193
-0.143699
-0.056789
0.001249
0.204236
0.117057
0.001249
0.376701
0.030072
-0.142947
-0.200975
-0.056604
0.059103
-0.027673
-0.259432
-0.143868
-0.377043
0.146916
0.030357
-0.202684
-0.203101
-0.203519
0.176790
0.205659
0.059575
0.146916
0.030357
-0.027859
0.146704
0.175516
0.146240
0.030222
-0.027724
-0.143741
0.117258
0.203942
-0.172463
-0.056722
0.059220
-0.027732
-0.027741
-0.434608
-0.027876
-0.115335
0.176074
-0.144417
0.292370
0.233537
0.059237
0.232865
-0.259356
0.146114
-0.027707
-0.114659
0.088193
-0.056705
-0.056739
-0.085796
0.030273
0.088269
-0.056755
0.001249
-0.085821
-0.085897
0.030306
-0.085947
0.030323
0.030315
0.001249
-0.027816
-0.144205
-0.027867
-0.086151
0.059524
0.088598
0.030349
0.233740
-0.085872
0.059338
0.001249
-0.144036
0.088446
-0.289702
0.495364
0.001249
0.117158
0.232664
-0.404079
0.233066
0.116956
-0.172362
0.145946
-0.027673
0.116890
0.001249
0.087892
0.347071
0.058770
0.259684
-0.257186
0.058737
-0.027491
0.058720
0.116093
0.115961
-0.142161
-0.027458
0.058654
0.230541
-0.141997
-0.113496
0.058638
-0.084846
-0.113660
0.087444
0.029964
-0.113660
0.259610
0.287536
0.029833
-0.199008
0.230082
-0.084502
0.087000
0.115470
0.683846
0.001249
-0.197361
-0.027156
0.058051
-0.055553
0.114821
0.057987
-0.027116
0.199634
-0.140414
-0.197417
0.001249
0.114821
-0.055521
0.284776
0.001249
0.001249
0.057858
0.029542
0.057810
-0.168530
-0.083749
-0.112194
0.001249
-0.112323
0.029654
-0.083990
0.114886
-0.027148
-0.112420
0.001249
0.029678
0.285098
0.171173
-0.055360
0.199241
0.339754
-0.111459
0.085792
-0.139695
0.085840
END
