y[]
-0.259723
0.245647
-0.449656
-0.038728
0.309418
0.024553
-0.070229
-0.070269
-0.133620
-0.007038
0.182776
-0.038648
-0.101929
0.214236
-0.038618
-0.101839
-0.038658
0.087794
-0.070249
0.182476
0.024513
-0.417976
0.246047
-0.038638
0.119305
-0.007038
-0.228242
-0.038678
0.277368
-0.070169
-0.007038
-0.007038
0.087644
0.024503
0.024493
-0.038569
-0.038579
-0.038588
-0.007038
0.024513
-0.007038
-0.038588
-0.038598
0.024523
-0.038598
-0.070189
-0.038628
0.024553
-0.007038
-0.007038
-0.007038
-0.070229
0.056153
0.182296
-0.038569
-0.070129
-0.007038
0.024513
0.087555
0.024473
0.181820
0.150071
-0.038440
-0.132745
-0.069951
-0.164493
0.150418
-0.007038
0.024424
-0.101452
-0.164593
-0.070129
0.024513
-0.070149
-0.038608
0.087644
-0.038588
0.024513
0.150567
0.024453
-0.007038
-0.227684
0.150616
-0.007038
-0.164692
0.024513
-0.101720
-0.070209
-0.038638
-0.007038
-0.070269
0.119385
0.024543
-0.101810
-0.101899
-0.101989
-0.133780
-0.102200
-0.324902
0.152021
0.278631
0.151315
0.056233
-0.007038
0.434743
-0.070030
0.024463
-0.007038
-0.070050
-0.070089
-0.007038
0.119026
0.024453
-0.038529
-0.007038
-0.007038
-0.101571
0.024483
-0.007038
-0.007038
-0.007038
-0.038559
-0.007038
-0.038569
-0.038579
-0.007038
0.119066
-0.038549
0.055974
0.181760
-0.069931
-0.164444
0.024463
-0.007038
-0.007038
0.087406
-0.196014
-0.007038
0.024483
-0.070089
0.024493
-0.164791
-0.070209
-0.070249
-0.038658
-0.007038
0.056193
-0.101899
0.087824
0.024563
0.024553
0.024543
0.087644
-0.007038
0.087555
-0.101630
-0.101720
0.056094
-0.038598
0.024523
0.024513
0.087555
-0.038559
-0.038569
-0.038579
-0.070149
-0.038608
-0.007038
0.087644
-0.038588
-0.007038
-0.007038
0.024513
-0.038588
-0.101750
-0.070229
0.056153
0.024543
0.024533
0.056074
0.150567
-0.070050
-0.007038
0.024473
-0.007038
0.055954
-0.007038
0.024443
-0.007038
-0.007038
-0.007038
-0.038519
-0.038529
-0.007038
-0.007038
-0.007038
-0.038539
-0.007038
-0.007038
0.024463
-0.007038
0.055935
-0.070010
-0.007038
-0.007038
0.181760
0.024394
-0.007038
0.181345
-0.038410
-0.101214
0.055757
0.118433
-0.069753
-0.007038
-0.069793
0.181109
0.055599
0.086844
-0.038322
0.055521
-0.038312
-0.007038
-0.038322
-0.069636
0.055560
-0.038332
0.024256
-0.007038
-0.007038
0.024246
-0.069616
-0.038342
-0.226439
-0.069812
-0.227060
0.024424
0.150121
0.024364
-0.007038
-0.164147
0.150071
-0.101274
-0.007038
0.087198
-0.038440
-0.164196
-0.164444
0.276115
0.024374
0.055757
-0.069832
-0.007038
0.087139
-0.258373
-0.069970
0.118788
-0.101392
-0.101481
0.024453
0.087376
-0.164444
-0.196253
0.087614
-0.038579
0.087555
-0.070089
-0.007038
-0.007038
0.056014
0.024473
-0.007038
-0.038549
0.024473
0.024463
-0.007038
0.024453
-0.007038
0.055915
-0.007038
0.024424
0.150121
0.275227
0.024276
-0.038351
-0.069694
0.086933
-0.038351
0.180697
-0.038302
0.024227
0.149139
0.522146
0.055036
0.302752
-0.099874
-0.038002
-0.162004
0.085971
-0.224193
0.024013
-0.100220
0.055093
0.024013
0.024004
-0.131261
0.024033
0.086116
-0.069130
-0.007038
-0.007038
-0.007038
-0.038098
-0.069188
0.117224
-0.007038
-0.007038
-0.100220
0.055093
0.117109
0.054978
-0.069053
-0.100133
-0.069150
-0.038108
-0.007038
-0.007038
0.241255
-0.007038
-0.007038
0.023956
-0.224193
-0.100249
-0.131455
-0.100452
0.024110
0.086347
0.024071
0.055151
-0.007038
-0.038127
-0.007038
0.024052
-0.038127
-0.069246
0.055171
-0.038137
-0.038147
0.024071
-0.038147
-0.069285
0.024091
0.024081
-0.038156
-0.069304
0.024100
0.024091
-0.131610
0.086406
-0.069324
-0.069362
0.055287
-0.038195
0.117534
-0.038166
-0.131648
-0.007038
-0.038215
0.055306
-0.100569
-0.038234
-0.007038
-0.069460
0.055384
-0.007038
0.117689
0.086406
-0.162825
0.117612
-0.007038
-0.069343
0.024120
0.179704
0.241410
0.426265
-0.037926
-0.007038
-0.099759
0.424928
0.146785
0.023698
-0.068519
0.636643
-0.374348
-0.191200
0.177124
-0.252663
0.054425
0.391552
0.054143
0.115212
0.145564
-0.037539
-0.098599
0.297841
-0.067939
-0.098459
-0.068032
-0.068069
-0.037567
0.054012
0.114951
-0.007038
-0.098515
0.053956
0.023445
-0.037521
-0.007038
-0.007038
-0.098543
0.053975
-0.037539
-0.037549
-0.007038
-0.068088
-0.098683
-0.068181
-0.098823
-0.129549
0.023604
0.054218
0.115361
-0.007038
-0.129437
-0.068293
0.023595
0.084804
0.237461
-0.037567
0.084523
-0.129138
0.023501
-0.007038
-0.007038
-0.190412
0.206866
-0.098655
0.115100
-0.098627
-0.068144
END
