y[]
-0.111245
-0.038292
-0.001776
0.107733
-0.074769
0.071217
-0.074769
-0.038292
0.034740
0.144156
-0.038239
-0.038252
-0.001776
0.034701
-0.074742
0.071190
-0.074742
0.034714
-0.038266
0.034714
-0.111285
-0.111405
0.034781
-0.074902
-0.221476
-0.075117
-0.111888
0.071646
-0.075197
0.071646
-0.001776
0.034915
-0.075170
-0.001776
0.034928
0.034915
-0.001776
0.071565
-0.038439
-0.001776
-0.001776
0.034888
-0.038439
0.034888
-0.001776
0.034874
0.108094
-0.038386
0.034834
-0.001776
-0.038386
-0.038399
-0.038413
-0.038426
-0.001776
-0.075117
0.071565
-0.001776
-0.001776
0.071511
0.144637
-0.038359
0.363455
-0.038239
-0.111245
0.144156
-0.038239
-0.001776
0.034687
-0.038239
0.180407
-0.038186
-0.111085
0.071110
-0.038212
0.071084
0.071031
-0.038173
0.034621
0.143679
0.034555
0.034542
0.143362
0.034476
-0.110570
0.034502
-0.074345
-0.001776
0.034515
-0.110689
0.034542
-0.110768
-0.038133
0.070925
-0.001776
-0.074477
-0.366075
-0.001776
0.144103
-0.293747
0.253745
0.143944
0.071004
-0.001776
0.179943
-0.074424
-0.074477
-0.001776
-0.074530
-0.147442
0.034661
0.034647
-0.001776
-0.038199
-0.038212
0.071084
-0.111085
0.071110
0.034647
0.107414
-0.038159
-0.038173
0.034621
0.070978
-0.147336
0.107414
-0.074556
0.034621
0.034608
0.107295
-0.147230
-0.038173
-0.038186
0.071031
-0.038173
0.071004
0.107295
-0.365810
0.107574
-0.147602
-0.038266
0.034714
0.180473
-0.038199
-0.220594
-0.111365
-0.111485
-0.038372
-0.295031
0.034928
0.034915
-0.075170
-0.038493
0.181677
-0.038439
-0.185296
0.034955
0.145013
0.144798
-0.001776
0.071431
-0.001776
0.071377
-0.148135
-0.075036
0.071484
0.144583
-0.184759
-0.001776
0.181207
-0.038346
0.071350
0.180806
0.071164
-0.001776
-0.184224
0.071244
0.071190
-0.111245
-0.074822
0.034754
0.144210
0.071137
0.034661
0.034647
0.107414
-0.038159
0.107335
0.070899
-0.038106
-0.038120
0.034568
0.034555
-0.001776
-0.001776
-0.001776
-0.110807
0.034581
-0.038133
-0.038146
0.179943
-0.038093
0.070846
0.070793
-0.001776
0.034489
-0.110610
-0.001776
0.070793
-0.038054
0.070767
-0.110610
0.396703
-0.182706
-0.255629
-0.147125
-0.001776
-0.074530
0.180009
-0.110807
0.107256
-0.038106
0.034555
-0.074450
0.070899
-0.219958
-0.183958
0.034687
-0.038239
-0.001776
0.143997
0.034634
0.034621
0.070978
-0.074530
-0.111006
0.034647
-0.038199
-0.111125
0.071137
0.107494
-0.111046
-0.074689
-0.147761
0.107733
0.144050
-0.074662
-0.074715
0.180473
0.107414
-0.001776
-0.074556
-0.001776
-0.147495
-0.184224
0.144210
0.143997
-0.074636
0.071084
0.143785
-0.001776
-0.038146
-0.001776
0.034594
-0.038146
0.034594
-0.038146
0.252539
-0.038067
-0.038080
-0.001776
0.070819
-0.074371
-0.038093
0.143415
-0.038054
0.070767
-0.001776
-0.074318
0.034502
-0.001776
0.070740
-0.219483
-0.038106
-0.001776
0.034555
-0.038106
0.034555
0.034542
0.215852
-0.038014
-0.038027
-0.219562
-0.147230
-0.001776
-0.074583
0.034634
-0.001776
0.180075
0.034555
0.070846
-0.038080
-0.183495
-0.038159
-0.001776
-0.001776
0.070978
-0.038146
0.034594
-0.074530
0.107335
-0.110887
0.107335
-0.038133
-0.038146
-0.038159
0.107335
-0.038133
0.034581
-0.074503
-0.110966
-0.038199
0.034647
0.143785
-0.038146
-0.074556
-0.111046
0.034661
-0.111125
0.034687
0.071110
-0.220594
-0.001776
0.144156
-0.001776
-0.001776
-0.001776
0.034674
-0.001776
0.034661
-0.001776
0.071057
-0.001776
-0.001776
-0.074609
0.034647
0.071031
0.070978
-0.038146
0.034594
-0.038146
-0.001776
-0.038159
-0.001776
0.034608
0.034594
-0.074530
-0.001776
0.252631
-0.001776
-0.038080
-0.001776
-0.001776
-0.074424
0.070872
-0.038093
-0.110807
0.143573
0.143362
0.106940
-0.001776
-0.074240
-0.110570
-0.256090
-0.110966
0.071031
0.107335
-0.038133
-0.038146
-0.147389
0.143838
-0.001776
0.070951
0.179811
0.034502
0.143204
0.106821
-0.110373
0.034436
-0.182968
0.070740
-0.001776
-0.001776
-0.001776
0.106900
-0.037988
-0.038001
0.070662
-0.001776
-0.110452
-0.038027
0.143152
-0.037988
0.034436
0.034423
0.034410
-0.037962
-0.037975
0.070609
-0.146598
0.034449
-0.001776
-0.219325
-0.074397
-0.001776
0.034542
0.034528
0.034515
-0.110689
-0.074450
-0.001776
0.034568
-0.001776
-0.001776
-0.001776
0.034555
-0.001776
0.034542
0.070819
-0.001776
-0.038067
0.070793
-0.038054
-0.001776
0.070767
-0.038041
-0.110649
0.034528
0.070793
-0.074345
-0.074397
-0.001776
0.143415
-0.146966
0.070846
0.034515
0.396559
-0.074082
-0.037949
-0.001776
END
