y[]
-0.126876
-0.283798
-0.127387
0.092408
0.248986
0.185878
0.029447
-0.033043
0.060682
0.247734
-0.126487
-0.095417
0.029418
0.216440
0.091587
-0.032917
-0.282303
0.122968
0.029369
-0.126525
0.185234
0.060468
0.246881
0.060275
0.122233
-0.063795
0.029205
0.214954
0.121849
-0.156382
-0.156621
0.214887
-0.032725
-0.001798
0.522651
-0.186584
-0.094319
0.029052
0.275424
-0.186527
-0.032620
0.182988
-0.094149
-0.125065
-0.186983
0.029090
0.059949
-0.063546
0.059949
0.029061
-0.032658
-0.187155
-0.001798
-0.125561
0.214686
-0.032696
-0.063622
0.029118
-0.125522
0.799686
0.028900
0.243450
-0.216358
0.151505
-0.277914
0.182364
0.120788
0.304012
0.211714
0.089568
-0.001798
0.180684
-0.001798
-0.032189
-0.367207
-0.399170
0.151224
-0.032384
-0.154867
0.059457
-0.155008
-0.063148
-0.032487
-0.309207
0.182760
0.090353
-0.247725
-0.001798
-0.001798
-0.186641
0.183045
0.090495
0.028947
-0.124837
-0.063375
0.059778
-0.063375
-0.063413
0.029014
0.059797
-0.867605
0.246341
-0.063775
0.122117
0.121964
0.152690
-0.403964
-0.187960
-0.157198
0.308761
0.091182
-0.312068
-0.001798
-0.095067
-0.188598
-0.157732
0.185293
-0.001798
0.060488
-0.001798
0.060449
-0.251020
0.029388
-0.282829
-0.033073
-0.095680
0.154623
-0.001798
-0.033063
-0.095651
0.092054
-0.064357
0.060760
0.154427
-0.126759
-0.189533
0.123397
-0.723823
0.124146
-0.190775
0.312964
0.217948
-0.473275
0.155608
0.123948
0.249222
0.092172
-0.378210
-0.064672
-0.190656
0.438316
-0.378920
0.186940
-0.064672
-0.033250
-0.159204
-0.127902
-0.096480
-0.001798
-0.191432
-0.033439
-0.096780
0.251286
0.029792
-0.191492
-0.001798
-0.160151
-0.033499
0.377949
0.061353
-0.096540
0.029792
0.282069
0.029693
0.218362
-0.442605
1.221363
0.122812
-0.032936
0.122696
-0.219765
-0.032975
0.495870
-0.032830
-0.094952
-0.344104
0.185059
-0.032917
-0.157537
0.122812
-0.188772
-0.095417
-0.283180
-0.221200
0.186290
0.123397
-0.126994
0.029515
-0.158464
0.154868
0.092084
0.029476
-0.189592
-0.001798
0.060839
0.092084
0.029476
-0.126955
0.029506
-0.095739
-0.001798
0.029525
0.092113
0.123280
-0.095592
-0.033082
-0.127033
0.029525
-0.033122
0.092143
0.060780
0.029476
-0.126955
0.092084
0.029476
0.029466
-0.001798
-0.064337
-0.064376
0.060780
-0.064376
-0.095739
0.029525
-0.001798
0.029515
-0.033112
-0.033122
-0.001798
0.060839
-0.001798
-0.064435
-0.001798
0.029525
0.029515
0.029506
-0.001798
-0.064416
0.029515
0.060800
-0.001798
-0.001798
0.029486
0.185702
-0.158024
0.279232
0.185118
0.184769
0.091355
0.308087
0.152785
0.275851
0.305800
-0.186243
0.244053
-0.216885
0.090438
-0.032534
0.121090
0.182251
-0.216555
0.090297
0.059551
0.120788
-0.001798
-0.063073
-0.001798
0.090099
-0.032421
0.304012
-0.338241
-0.063092
-0.155196
0.059589
0.028881
-0.278254
0.028957
0.182534
0.120901
0.059495
-0.155102
-0.155337
-0.032534
-0.001798
0.151788
-0.063204
-0.278594
-0.063413
0.152166
-0.309965
-0.094434
0.152547
-0.187041
0.059987
-0.218215
-0.001798
-0.001798
0.060083
0.121849
0.029090
-0.032686
-0.125446
-0.032734
0.090980
-0.063641
0.090952
0.029099
0.121697
-0.063527
0.183273
0.059816
0.028995
-0.032591
-0.032601
-0.155953
0.121544
0.152166
0.059721
0.090410
1.613352
-0.122790
0.058716
0.179525
0.058570
-0.001798
-0.334276
0.149465
0.088850
-0.183177
0.058698
-0.244002
0.058808
-0.062404
-0.153474
-0.032161
0.240847
-0.001798
0.028491
0.119267
-0.001798
0.028445
0.119084
-0.062221
-0.001798
-0.274154
0.210098
-0.001798
0.149282
-0.031996
0.088768
-0.122571
0.118975
-0.001798
-0.001798
0.028372
0.058515
0.209013
-0.122208
-0.122353
-0.001798
-0.092310
-0.062185
-0.183177
-0.304829
0.058881
-0.396876
-0.001798
-0.062718
0.089568
-0.306677
-0.246372
-0.093668
0.120676
0.028797
0.120489
0.120339
-0.154493
-0.154727
0.059401
0.212106
-0.338139
-0.185735
-0.278339
-0.124951
0.182874
-0.124875
-0.125027
-0.217814
0.090837
0.152404
-0.001798
-0.434165
-0.280738
-0.032840
0.029243
0.586166
-0.218015
-0.156525
0.245650
-0.156382
0.121888
0.029099
0.121697
0.152356
0.029004
0.213553
-0.217150
0.090552
-0.309965
-0.125331
0.121735
-0.001798
0.121582
0.029023
0.305894
0.059627
0.090269
0.028872
-0.278169
-0.094092
0.028976
-0.248256
0.090694
-0.125141
-0.279877
-0.094663
-0.280911
0.215357
-0.156861
0.029234
-0.281432
0.091500
-0.001798
0.277575
-0.125868
0.369949
-0.187499
-0.125791
-0.219156
0.091413
0.184364
END
