y[]
-0.038601
0.120549
0.088616
0.247129
-0.070170
0.056653
-0.101891
-0.101982
0.120185
-0.006759
0.341508
-0.038369
0.024852
-0.038369
-0.070010
0.024872
-0.038389
-0.070050
-0.133461
-0.006759
0.056613
-0.070130
0.024932
0.151544
0.024872
-1.987022
1.941873
0.119703
-0.069970
0.119624
0.182516
-0.417307
0.340738
-0.069850
0.087863
0.056273
-0.006759
-0.006759
-0.101321
0.056293
-0.101351
0.119345
0.119186
-0.101202
-0.006759
-0.038260
-0.006759
-0.101321
-0.006759
0.119305
-0.006759
-0.038260
0.087715
-0.038240
-0.069751
0.024742
0.024732
-0.006759
-0.101262
0.056253
-0.006759
0.024732
-0.038250
0.087685
-0.038230
0.024712
-0.038230
0.056174
-0.006759
0.244577
0.024614
-0.038131
-0.069533
-0.038161
-0.038171
-0.132505
-0.069691
0.056174
-0.069691
-0.069731
0.024732
-0.069751
0.087715
0.056174
-0.038220
-0.227266
-0.101411
0.087893
0.024772
-0.038290
-0.069850
-0.006759
0.087863
0.024762
-0.101351
-0.006759
-0.006759
-0.038310
-0.069890
-0.006759
-0.006759
0.024812
0.024802
-0.006759
-0.038319
-0.069910
0.151045
-0.038300
0.182337
-0.132783
0.087774
0.087685
-0.195735
0.087774
-0.101292
0.056273
0.056233
0.056194
-0.038230
0.087625
-0.069672
-0.069711
0.056194
-0.006759
-0.038230
0.056174
-0.038220
-0.006759
-0.038230
-0.006759
0.056174
-0.006759
-0.006759
-0.006759
-0.006759
-0.006759
-0.006759
-0.006759
-0.006759
-0.101173
0.024722
-0.006759
-0.006759
-0.038240
0.056194
0.056154
-0.069672
-0.038230
0.024712
-0.038230
0.150499
-0.069632
-0.164115
-0.069771
0.087744
0.087655
0.056134
0.118909
-0.069573
0.024653
-0.132466
0.118948
-0.006759
-0.006759
-0.069593
-0.006759
0.087477
-0.006759
-0.100995
-0.006759
-0.006759
-0.006759
0.087477
-0.038161
0.024643
-0.038161
0.024643
-0.038161
-0.006759
0.024643
0.024633
-0.069553
-0.038171
0.024653
-0.006759
0.056036
-0.069553
-0.038171
0.087448
-0.038151
0.087388
0.024604
0.055937
0.149809
0.024525
-0.069337
-0.163376
0.087241
-0.100759
0.055917
-0.038092
0.087211
-0.006759
0.024545
-0.006759
-0.069376
0.024555
0.024545
-0.006759
-0.006759
-0.006759
0.024535
-0.006759
-0.006759
-0.006759
-0.006759
0.024525
0.024516
-0.006759
-0.006759
-0.038033
0.243163
-0.037965
-0.037975
0.086860
0.055605
0.086714
0.117735
0.179692
0.055314
-0.162014
0.055372
-0.162159
-0.006759
0.086510
0.024312
-0.068909
-0.006759
0.024321
-0.037839
0.024321
-0.037839
-0.006759
-0.006759
0.086452
-0.006759
0.024292
-0.037810
-0.037820
0.024302
-0.006759
0.024292
-0.006759
0.024283
0.024273
-0.037791
0.024273
-0.006759
-0.006759
0.055276
-0.006759
0.055237
-0.037752
-0.037762
0.024244
0.024235
-0.037752
0.024235
-0.006759
-0.006759
-0.006759
0.086164
0.117004
-0.006759
-0.037685
0.055084
-0.068602
-0.006759
-0.006759
-0.037695
-0.161582
0.055199
-0.006759
-0.037733
0.024215
-0.037733
0.024215
-0.037733
0.024215
-0.037733
-0.037743
0.024225
-0.006759
0.024215
0.024206
-0.037723
-0.068717
0.024225
0.086135
-0.099652
-0.037743
0.024225
-0.037743
0.086164
-0.068697
-0.068736
-0.068774
0.148208
0.024206
-0.006759
0.055142
0.055103
0.085963
0.085877
-0.068506
0.054989
-0.099394
-0.006759
0.024129
-0.099452
0.024148
0.024139
-0.037656
0.085905
-0.037637
0.024120
-0.068525
-0.037656
-0.068583
-0.006759
0.055065
-0.006759
-0.006759
-0.037666
0.085934
-0.037647
0.055008
-0.006759
0.085820
0.054912
-0.037590
-0.037599
-0.037609
-0.099366
0.054989
-0.006759
0.054951
-0.068468
-0.068506
-0.099452
-0.037675
0.055065
-0.006759
-0.068583
0.024158
-0.161438
0.055142
-0.006759
-0.006759
-0.037704
0.055122
0.024167
-0.006759
-0.006759
-0.037685
0.055084
-0.037675
0.024158
0.055046
-0.068564
0.085934
-0.068544
0.055027
-0.006759
-0.006759
0.054989
-0.130292
-0.068583
0.024158
-0.099538
-0.006759
-0.006759
-0.068659
-0.006759
0.024196
-0.037714
0.117004
0.055065
-0.006759
-0.068583
0.024158
-0.006759
0.085934
0.024120
-0.037637
0.054989
-0.037628
0.024110
-0.037628
-0.037637
0.024120
0.054970
-0.037618
-0.037628
-0.037637
0.024120
-0.006759
0.024110
-0.130292
-0.006759
-0.099509
0.055084
0.147681
-0.130292
-0.006759
-0.068583
-0.068621
-0.037704
0.055122
-0.037695
-0.068659
0.240613
-0.037647
-0.037656
0.209324
-0.068449
-0.037618
0.054951
-0.192001
-0.006759
-0.006759
-0.006759
-0.037666
0.055046
-0.037656
0.024139
-0.006759
0.024129
-0.068544
0.024139
-0.006759
0.055008
-0.006759
-0.006759
-0.006759
0.024110
-0.037628
-0.068525
-0.037656
0.055027
END
