y[]
-0.037450
0.030961
-0.037450
-0.071690
0.030985
-0.071714
0.030997
0.030985
-0.037473
-0.037485
-0.003244
0.099443
-0.003244
-0.105931
-0.037497
-0.037508
0.031020
0.065249
-0.586937
-0.072138
-0.037709
0.100115
-0.037685
-0.003244
-0.348310
-0.245501
-0.072568
0.031424
-0.003244
-0.037912
0.031424
-0.003244
-0.072592
0.100760
0.066032
-0.037876
-0.072544
0.066056
0.169796
0.031328
-0.072400
-0.141700
-0.003244
0.031388
-0.037876
0.031388
0.065984
-0.037852
0.065960
0.031340
-0.037828
0.031340
0.031328
0.065864
0.031292
-0.003244
-0.072329
0.203867
-0.175807
0.272713
0.065626
0.031173
0.134307
-0.003244
0.031114
0.031102
-0.037591
-0.071973
0.031126
0.065461
0.065414
-0.003244
-0.037567
-0.037579
-0.071949
-0.003244
0.065461
-0.003244
0.031091
-0.037579
-0.003244
0.031091
0.065390
-0.037555
-0.037567
0.031079
-0.003244
-0.003244
-0.037567
-0.071925
-0.003244
-0.037603
-0.175213
-0.037674
0.100008
-0.003244
-0.037650
-0.003244
0.168666
-0.003244
0.065437
-0.106284
0.237017
-0.312257
0.031138
-0.003244
-0.140843
0.065579
-0.037650
-0.037662
-0.072115
-0.003244
-0.037697
-0.106675
0.169081
-0.072138
0.031209
-0.037697
-0.037709
0.134544
-0.003244
-0.037674
-0.072138
0.065650
0.065603
-0.072091
0.065603
0.099937
0.065484
-0.381837
0.203439
0.134307
-0.071996
-0.003244
-0.140890
0.031185
-0.037674
-0.072138
0.100079
-0.141033
-0.037721
-0.175807
-0.037792
0.031304
0.134830
-0.279583
-0.211000
0.135308
-0.037864
-0.072520
-0.107248
0.135404
-0.037888
-0.003244
-0.037900
0.066056
-0.037888
-0.037900
-0.037912
-0.037924
0.066104
-0.072592
-0.003244
0.066104
-0.072592
0.100760
-0.003244
-0.107248
-0.037936
-0.037948
0.446973
-0.003244
-0.003244
-0.072377
-0.003244
-0.107032
-0.003244
0.065960
0.065912
-0.072400
-0.037840
-0.003244
0.135068
0.203867
-0.175807
-0.037792
0.272808
0.272048
-0.003244
-0.037614
0.031126
-0.106390
0.065532
-0.072020
0.031150
0.099866
0.031102
-0.037591
-0.003244
-0.003244
-0.071973
-0.037626
-0.106461
0.065579
0.031150
-0.072044
0.065555
-0.072044
0.134307
-0.071996
-0.072044
-0.037662
-0.141033
-0.072210
0.169081
0.100008
-0.003244
-0.072067
0.168725
-0.450980
-0.314394
0.169736
0.169438
0.065745
-0.037733
-0.003244
-0.072257
-0.003244
-0.037769
0.065793
0.272428
0.065555
0.031138
-0.037626
-0.003244
-0.003244
-0.037638
0.031150
-0.072044
0.065555
-0.037638
-0.037650
0.031161
-0.037650
-0.072091
-0.072138
0.478022
-0.037544
-0.071878
-0.071925
0.031102
0.099725
-0.174918
0.305557
0.065249
0.133602
0.133415
0.030891
0.099093
-0.037345
0.030856
-0.003244
-0.037345
0.099023
0.098918
-0.003244
0.132810
-0.003244
-0.037240
-0.037252
0.064760
0.098675
-0.105164
-0.003244
-0.105268
0.132764
-0.139252
0.030775
-0.003244
0.064760
-0.003244
-0.105268
0.098779
0.064714
0.064668
0.098537
0.166161
0.132074
0.064346
-0.070835
-0.138562
0.132074
0.064346
-0.070835
-0.240171
0.098365
0.030602
0.165818
0.030534
-0.037022
0.064301
-0.003244
-0.037011
0.064278
-0.003244
-0.070766
0.064278
-0.036999
0.030511
0.030500
-0.003244
-0.036988
0.030500
-0.003244
-0.003244
-0.003244
0.299939
-0.003244
-0.036886
0.030398
-0.036886
-0.003244
-0.306530
0.064232
-0.003244
-0.036977
0.097919
0.064141
-0.273059
-0.003244
-0.070812
-0.037045
0.064346
0.098056
-0.003244
0.097953
-0.104442
0.030500
-0.003244
-0.036988
-0.003244
0.030500
0.030488
-0.003244
-0.172021
0.030534
-0.003244
-0.037022
-0.003244
-0.003244
0.030534
0.030522
-0.037011
-0.037022
0.030534
-0.138425
-0.037068
-0.003244
0.030580
-0.037068
0.064392
-0.037057
0.030568
0.165646
-0.003244
-0.003244
-0.070766
-0.003244
-0.003244
-0.070812
0.064323
-0.070812
-0.003244
0.233043
0.064164
-0.003244
-0.036943
0.097817
-0.036920
-0.003244
0.030432
0.030420
-0.036909
-0.036920
0.030432
-0.003244
0.064073
-0.036897
0.030409
-0.070562
0.030420
-0.036909
-0.003244
-0.036920
0.064096
-0.036909
-0.003244
0.064073
-0.610738
-0.003244
-0.070972
-0.071018
0.030648
0.098365
-0.206565
0.132349
-0.003244
0.064484
0.267209
-0.104578
-0.070857
0.131937
-0.070812
0.030545
-0.037034
-0.003244
-0.003244
0.030545
-0.003244
-0.003244
0.098056
-0.003244
-0.104544
0.030534
-0.037022
-0.003244
-0.070835
0.064346
-0.104647
-0.003244
0.098159
-0.138471
-0.104784
-0.037114
0.030625
0.064461
-0.070949
0.030614
0.064438
0.030580
0.165703
-0.104578
0.064323
0.131754
-0.138243
0.030522
0.030511
0.064232
-0.036977
0.097919
END
