y[]
-0.030730
0.000206
-0.030739
0.031152
-0.061694
0.000206
-0.092716
0.000206
0.093129
0.062107
0.000206
-0.030739
0.031152
0.031142
0.031133
0.123816
-0.030682
-0.030691
-0.061618
0.031123
0.031113
-0.030701
0.000206
-0.030710
0.062030
-0.185380
0.123969
-0.061656
-0.092659
-0.092745
0.093158
0.031171
0.093042
-0.061675
-0.092687
0.031180
0.062126
0.000206
0.031152
0.031142
0.000206
0.062049
-0.092572
0.031142
0.031133
0.062030
0.000206
0.031104
-0.092515
0.000206
-0.092601
0.031152
0.031142
0.062049
0.123778
-0.030672
-0.061579
0.000206
0.000206
0.031104
-0.030691
-0.030701
0.000206
-0.030710
-0.061656
-0.061694
-0.030758
0.185850
-0.216411
-0.030777
-0.123825
-0.061867
-0.279601
0.093562
0.093475
0.062337
-0.186303
-0.093179
-0.030941
0.218037
-0.155339
0.062453
0.062415
0.155558
0.031248
-0.030835
-0.124056
0.031286
0.031277
-0.061944
0.000206
0.093417
-0.030854
0.000206
-0.061944
0.000206
0.000206
-0.030883
0.000206
-0.030893
0.093475
-0.155291
-0.155533
0.373573
-0.217422
0.093533
-0.062002
0.031315
0.000206
0.062395
0.031286
0.062337
-0.186303
0.186716
0.093331
0.093244
0.247884
-0.061656
0.154790
0.031094
-0.092486
-0.030710
0.123816
-0.030682
0.031094
0.031085
-0.030672
-0.030682
0.031094
0.031085
0.000206
0.000206
0.000206
0.000206
0.000206
0.000206
0.031075
-0.030663
0.031075
-0.061541
-0.154329
0.000206
-0.030730
0.000206
0.154790
0.061973
-0.030672
-0.061579
-0.092544
0.000206
-0.092630
0.000206
0.123969
0.216423
-0.030653
0.000206
0.061916
-0.030644
-0.030653
0.000206
0.000206
0.031066
0.000206
0.031056
0.031047
0.000206
-0.061484
0.000206
-0.030653
0.031066
0.000206
0.000206
-0.092401
-0.061579
0.092870
0.031075
-0.061541
0.031085
0.092785
0.000206
0.061878
-0.061465
-0.030644
-0.030653
0.031066
-0.030653
-0.030663
0.000206
-0.030672
0.000206
0.000206
0.031085
0.061935
0.000206
-0.030653
-0.030663
0.031075
0.000206
-0.030663
0.061935
0.000206
0.031056
0.123511
-0.215677
0.400761
0.092415
-0.061257
-0.153616
0.184765
0.030933
-0.030520
-0.122795
-0.061351
-0.092201
0.000206
0.123397
-0.030577
-0.030587
0.000206
-0.030596
0.031009
-0.030596
0.000206
-0.030606
0.031018
0.031009
0.215558
0.245756
-0.061125
0.061537
-0.030454
0.184030
-0.061031
-0.153050
0.214700
-0.030408
0.000206
-0.183674
-0.307014
0.430050
-0.030436
0.030848
0.000206
-0.030436
0.030848
-0.030436
0.000206
-0.091776
0.000206
0.092189
0.092104
-0.030417
0.061443
0.061406
0.000206
0.061368
-0.060956
-0.030389
0.061387
0.061350
-0.152722
0.091992
0.091907
-0.213894
0.061425
-0.030398
0.091992
-0.060974
0.000206
0.030801
0.030792
-0.030379
0.030792
0.030783
-0.060956
-0.030389
-0.030398
0.000206
-0.030408
0.092020
0.000206
-0.060993
0.000206
0.000206
0.000206
0.061406
-0.030389
0.030801
-0.060993
-0.030408
0.030820
0.427818
0.152483
-0.060676
0.030652
-0.030240
-0.060714
-0.091243
0.000206
-0.030295
-0.121894
0.091795
-0.060844
0.152762
0.030689
0.000206
0.030680
0.091572
-0.060695
0.000206
-0.091215
0.122083
-0.274226
-0.122006
0.091879
-0.183224
0.061387
-0.091579
-0.183617
0.000206
-0.030464
-0.030473
-0.122606
-0.061257
0.000206
0.000206
0.153793
0.000206
0.061575
-0.061162
0.153557
-0.061106
0.000206
0.214634
-0.030398
-0.152957
-0.030454
-0.030464
0.000206
0.184086
-0.061049
0.092076
-0.306354
0.030905
0.030895
-0.091889
0.000206
0.092301
-0.030483
-0.061200
-0.030511
-0.092002
0.061688
-0.030530
0.092386
-0.030511
0.000206
0.061631
0.000206
0.030905
-0.030492
-0.030502
-0.030511
0.000206
0.030924
-0.030511
-0.092002
-0.122871
-0.277272
0.061935
0.061897
0.061859
-0.030615
0.000206
0.031028
0.123397
-0.061370
-0.123060
0.061859
0.246436
0.092386
-0.030511
0.030924
0.030914
-0.184182
0.030961
0.061688
0.061650
0.000206
-0.122719
0.123132
0.061613
-0.061200
0.000206
0.000206
0.061613
-0.030492
0.000206
0.000206
0.000206
-0.061219
0.000206
-0.122757
0.030961
0.030952
0.061669
0.123019
-0.030483
-0.122644
0.000206
0.123056
-0.153380
-0.061294
-0.122909
-0.153901
0.031047
0.000206
0.000206
0.092670
-0.153948
0.031056
-0.030644
0.000206
-0.061522
0.031075
0.061916
-0.123251
0.031085
0.061935
-0.061522
0.000206
-0.092458
0.031104
-0.061598
-0.092572
0.154790
-0.030691
0.000206
0.000206
0.031104
0.092842
0.000206
0.000206
0.123587
0.000206
-0.030625
0.061859
-0.030615
-0.154043
-0.278044
END
