y[]
0.024586
-0.030686
-0.003050
-0.030693
-0.030701
0.052244
-0.113670
0.079926
-0.058360
0.052260
-0.030701
0.135129
-0.168888
-0.003050
-0.086072
0.079972
-0.030716
0.052275
0.135129
-0.030671
-0.058314
-0.003050
0.024586
-0.085980
0.107508
-0.030678
-0.058329
0.079857
-0.058314
-0.030693
0.052229
-0.003050
-0.003050
0.024578
0.107386
-0.030648
0.024548
0.079697
-0.030625
-0.030632
0.189867
-0.140810
0.162239
-0.140772
-0.113364
-0.030648
0.079720
0.107204
0.024494
-0.003050
0.052016
-0.140772
-0.003050
-0.223801
-0.058314
-0.086003
0.107539
-0.418391
0.163293
0.052336
-0.169301
-0.114038
0.107938
-0.058529
-0.030801
0.024701
0.024693
-0.058544
-0.003050
0.107907
-0.003050
-0.086256
-0.058559
-0.058590
-0.003050
0.080249
-0.003050
-0.141920
-0.003050
0.080295
-0.003050
-0.030824
-0.114223
0.108123
0.080249
-0.141920
-0.030847
-0.253572
-0.058807
0.219791
0.080388
0.052536
0.108030
-0.030809
-0.141958
-0.114316
0.080411
0.052552
0.024739
0.218987
-0.003050
-0.169532
-0.030824
0.080249
-0.169717
0.080318
0.024724
0.191152
0.052367
-0.058467
0.052367
0.107692
-0.113792
0.052336
-0.113853
-0.058498
-0.114038
0.080202
0.080133
-0.058498
0.163201
-0.224780
0.052428
-0.030785
-0.003050
-0.003050
0.080133
0.107753
-0.086141
-0.030762
0.024662
-0.003050
0.052352
0.107661
-0.030716
-0.030724
-0.003050
0.107600
0.024593
-0.003050
-0.058344
-0.030709
-0.030716
-0.030724
0.024624
0.079926
0.052229
-0.058329
0.024593
-0.003050
-0.086003
-0.030716
-0.003050
-0.058406
-0.058436
-0.030755
0.024655
-0.169393
-0.030801
-0.003050
0.052444
-0.003050
-0.003050
0.052413
-0.419775
0.080434
0.024763
0.052552
-0.086464
-0.030870
-0.030878
-0.058729
0.024793
-0.086604
0.024809
-0.337872
0.108682
0.024863
-0.058885
-0.114813
-0.142930
-0.059057
0.108932
-0.087025
-0.115126
-0.227580
-0.031152
-0.003050
0.277613
-0.115221
0.249157
-0.031042
-0.395757
0.109310
-0.087308
0.081208
-0.087308
0.053130
0.221354
0.276749
0.108651
0.052754
-0.086767
-0.086837
-0.142852
-0.143047
0.164923
-0.115001
-0.059072
0.164923
-0.031026
-0.059025
0.164782
-0.058963
-0.003050
-0.031018
0.080831
-0.170882
-0.087072
0.024965
0.024957
-0.031057
0.024957
0.108901
-0.059010
0.052910
-0.115001
-0.115126
-0.003050
0.053004
-0.003050
0.052972
-0.003050
0.164829
0.024902
0.192399
-0.003050
-0.058854
-0.086814
0.164407
0.358815
0.108030
-0.003050
0.274112
0.052290
0.052260
-0.058360
0.079903
0.245397
-0.030625
0.107204
-0.058162
0.052062
-0.003050
0.107082
-0.030572
-0.030579
-0.058131
-0.058162
-0.113364
-0.003050
0.052122
0.052092
0.052062
-0.113304
0.107204
-0.030602
-0.058177
-0.113395
0.024548
0.024540
0.079674
-0.030617
-0.030625
-0.334542
0.162833
0.107386
0.189920
0.381777
-0.057935
0.079266
0.216128
-0.030421
-0.085208
-0.057860
0.106539
0.079063
-0.030414
-0.057800
-0.003050
-0.085231
0.024351
0.161199
0.051640
-0.030391
0.051625
0.078906
-0.030361
-0.112370
-0.003050
-0.139868
0.024328
0.051685
-0.085163
-0.030436
0.051714
0.051685
-0.057785
-0.057815
0.161154
0.051625
-0.085073
-0.085141
-0.085208
-0.112699
0.106599
0.051729
-0.222348
0.134068
-0.030459
0.051760
-0.195015
-0.057965
0.024411
-0.057980
0.079334
0.051835
0.024381
0.079198
-0.030459
-0.085321
-0.030489
-0.003050
-0.057950
0.051850
-0.003050
0.134068
-0.030459
-0.030466
-0.003050
-0.085343
-0.003050
0.024389
0.024381
-0.030481
0.024381
0.024374
0.024366
-0.003050
0.024358
-0.112729
-0.057935
0.079266
0.024374
-0.140243
0.024404
-0.057965
-0.085479
0.051910
-0.003050
-0.030526
-0.030534
0.106840
0.161559
-0.030466
-0.057905
0.051805
0.079176
-0.057860
0.051760
-0.030451
-0.030459
0.024358
0.079130
-0.003050
-0.003050
-0.003050
0.051699
0.079018
-0.167254
-0.003050
-0.003050
0.024336
-0.003050
-0.030436
0.079085
-0.003050
0.024313
-0.030414
-0.085186
0.051714
-0.140018
-0.085321
-0.112850
0.051865
0.024396
-0.003050
0.024389
0.051805
-0.030474
-0.085366
-0.085434
-0.030526
-0.195596
0.134520
-0.003050
0.079402
0.079334
-0.057965
-0.030519
-0.140507
-0.113152
0.134558
-0.195755
0.107112
-0.030579
-0.058131
0.024494
0.024487
0.052001
0.024464
0.216791
-0.140394
-0.140583
0.244373
-0.222951
0.024464
0.024456
0.134369
0.243830
0.106479
-0.085186
-0.003050
-0.030444
0.079108
0.051685
0.133655
0.051580
0.160661
-0.057591
-0.084917
-0.003050
0.024246
0.024239
-0.003050
-0.030339
0.051520
-0.057620
0.051520
0.051490
END
