y[]
0.032092
-0.116565
-0.116690
0.032161
-0.042285
0.069371
-0.042271
-0.042285
0.255210
-0.116524
-0.116648
-0.116773
0.589294
-0.748560
-0.005062
-0.229193
0.069705
-0.005062
-0.005062
-0.079828
0.256376
-0.005062
-0.117023
-0.005062
-0.191943
0.032342
-0.005062
-0.005062
-0.192223
-0.005062
-0.005062
0.144695
0.069732
-0.005062
0.032314
-0.042438
-0.117274
0.032356
0.069732
0.144359
-0.005062
-0.042396
-0.079772
0.069649
-0.042410
-0.117190
-0.267185
-0.192714
0.182591
-0.042564
0.107403
-0.080024
0.032426
-0.042550
0.069901
0.069845
0.069788
-0.079912
0.144583
-0.042452
-0.042466
-0.042480
0.144527
-0.079828
-0.042466
-0.042480
-0.079940
0.032384
-0.079968
-0.080024
0.032426
-0.042550
0.032426
0.032412
-0.005062
-0.005062
0.032398
-0.005062
0.032384
-0.005062
-0.192433
-0.005062
-0.080109
-0.042606
-0.117780
-0.005062
0.407619
-0.267480
0.257356
0.144583
0.107025
-0.005062
-0.079772
-0.192083
0.069788
-0.042480
-0.117400
-0.042536
0.182169
-0.042480
0.032356
-0.042480
0.107151
-0.042452
-0.042466
-0.042480
-0.042494
0.032370
-0.005062
-0.079940
0.331450
0.255889
-0.079550
-0.116898
-0.005062
0.627028
-0.562580
-0.565706
-0.455852
0.107826
0.257849
0.182309
-0.079968
-0.192574
0.107487
0.107361
0.032384
-0.154931
0.069901
0.443537
0.144025
-0.191455
0.218569
-0.042299
-0.005062
-0.042313
0.069426
-0.042299
0.069398
0.032147
0.069315
0.106400
-0.042202
-0.005062
-0.005062
-0.079384
-0.005062
0.069260
-0.079384
-0.005062
-0.005062
0.032106
0.069232
-0.079356
-0.042230
-0.005062
0.106400
-0.005062
0.032065
-0.079328
-0.153761
0.069315
-0.153871
-0.042299
-0.079578
-0.005062
-0.079633
0.069509
-0.116940
-0.042382
-0.117107
0.069649
-0.117149
-0.005062
0.069677
0.144248
-0.042368
0.330196
-0.228442
0.069454
-0.042313
-0.116898
0.032231
0.069482
-0.079605
-0.042354
0.032231
-0.079661
0.144081
0.069426
-0.079550
0.626324
0.031955
0.290578
0.105578
0.179066
0.105253
0.141835
-0.335884
-0.005062
0.105334
0.068468
-0.078591
0.031710
0.105171
0.068360
-0.005062
0.031629
0.031615
-0.188582
0.068387
0.105010
-0.005062
0.068252
0.031575
0.104768
-0.041658
-0.078295
0.031561
-0.041685
-0.078349
0.031588
0.031575
0.031561
-0.078322
-0.078376
-0.041739
0.031615
0.104889
-0.005062
-0.005062
-0.078349
-0.005062
-0.078403
0.031615
0.031602
-0.115093
0.031629
-0.151905
-0.041806
-0.005062
0.105131
-0.152013
0.251960
-0.078429
-0.005062
-0.005062
0.068306
-0.151851
-0.115295
-0.005062
-0.078618
-0.005062
0.068495
-0.078618
-0.041860
0.068522
-0.005062
-0.041847
-0.005062
-0.115498
0.031764
-0.005062
0.031750
-0.005062
0.031737
-0.041860
0.031737
0.068495
-0.041833
0.031710
-0.005062
0.031696
-0.041820
-0.152229
0.068549
-0.078672
0.178863
-0.152175
-0.152392
0.031791
0.068603
-0.005062
0.031750
0.068522
0.031710
-0.041833
-0.005062
0.068468
-0.005062
0.068414
-0.005062
-0.005062
0.031656
0.031642
-0.005062
-0.041766
-0.041779
-0.005062
0.031656
-0.041779
-0.005062
-0.005062
-0.041793
-0.041806
0.031683
0.068387
-0.005062
0.031642
0.031629
-0.041752
0.068306
0.031602
-0.005062
-0.078403
-0.041752
-0.188717
-0.005062
0.068441
0.068387
-0.041779
0.105050
0.031615
0.178122
-0.005062
0.031535
-0.041658
0.031535
-0.041658
0.031535
-0.005062
-0.114892
0.177921
0.141084
0.104407
-0.078028
0.067904
-0.041538
-0.005062
0.031415
0.067851
-0.114451
0.031415
0.067851
-0.041512
-0.005062
0.067824
-0.005062
-0.150888
0.177187
-0.150834
-0.114531
-0.334190
0.214477
-0.114771
0.141190
-0.041605
-0.005062
-0.041618
0.068038
-0.078161
-0.005062
-0.041632
0.031508
-0.005062
0.104567
0.067957
-0.041565
-0.005062
-0.041578
0.067957
-0.005062
-0.078081
0.031454
0.067931
-0.078055
0.067931
-0.005062
0.031415
-0.041538
-0.005062
-0.005062
-0.005062
0.031415
-0.041538
-0.151101
-0.151314
0.104647
0.031481
-0.078161
0.177587
-0.041565
0.177320
-0.114451
-0.114571
0.067957
0.031428
-0.041552
-0.078081
0.104447
-0.005062
0.067878
0.031388
-0.041512
0.031388
0.140605
0.140393
-0.041406
0.031282
0.140181
-0.077657
0.067533
-0.005062
-0.113975
0.031256
-0.150411
-0.041432
0.104009
-0.041406
-0.041419
0.031295
-0.223403
0.067771
-0.005062
0.067718
-0.005062
0.067665
0.067613
0.031256
0.031242
-0.077684
-0.005062
-0.005062
0.103851
-0.041353
0.103772
-0.005062
-0.005062
-0.041327
0.031203
-0.150200
-0.041379
0.031256
0.031242
-0.077684
-0.005062
0.031256
-0.041379
-0.041392
0.031269
END
