y[]
-0.090779
0.005021
0.005021
0.005021
-0.026933
-0.058917
0.036996
0.036986
-0.090902
-0.026974
-0.058999
0.005021
0.069042
0.037016
0.005021
0.037006
-0.090963
-0.059020
0.005021
0.069062
0.005021
0.037026
0.005021
0.005021
-0.026984
-0.026994
0.069042
0.196837
0.005021
0.068878
0.005021
-0.090779
0.419497
-0.122327
-0.058713
-0.250325
-0.090902
0.068980
0.068940
0.005021
0.036965
-0.026922
0.100822
-0.090779
0.196531
0.068777
0.100578
-0.026821
-0.058693
0.100578
-0.058673
0.005021
-0.026841
0.036884
0.036874
0.005021
-0.154341
-0.026882
0.036924
0.100669
0.036884
0.164181
-0.090444
0.195861
-0.090353
0.163928
-0.058511
-0.026760
0.100335
0.068513
0.226927
-0.026649
0.005021
0.068353
0.099943
-0.026609
-0.026619
-0.058290
0.036682
-0.058310
0.036692
0.005021
-0.058330
0.036702
0.005021
-0.058350
-0.026679
0.068413
-0.058370
-0.026689
0.005021
-0.026699
-0.026710
-0.026720
-0.058491
-0.026750
-0.090353
0.068614
0.005021
0.036803
0.036793
-0.090323
0.100365
-0.185758
0.100456
-0.090414
0.164029
-0.058551
0.036813
0.005021
0.005021
0.068574
-0.026750
0.005021
-0.026760
0.005021
0.005021
-0.122205
0.036843
0.068635
0.005021
-0.026780
0.005021
0.036823
-0.090414
0.068655
-0.026790
0.036833
-0.058612
0.100456
0.036813
0.068574
0.005021
0.100275
-0.026720
0.068493
-0.185515
-0.217731
-0.026841
0.259636
-0.154037
0.132288
0.036813
0.036803
0.132046
0.131885
0.131724
-0.153382
-0.121882
0.068493
-0.026710
0.068473
-0.058430
0.068473
0.005021
0.068433
-0.026679
0.005021
-0.058410
0.005021
-0.090202
0.005021
0.036772
0.036762
-0.026720
-0.026730
-0.058511
0.005021
-0.026760
0.036803
0.036793
0.385491
0.005021
-0.058290
0.005021
0.036682
0.005021
-0.058310
-0.090051
0.068413
0.005021
-0.058370
-0.090141
0.068473
-0.058430
-0.058471
-0.090292
0.163827
0.131885
0.036712
0.036702
-0.026659
-0.058370
-0.058410
-0.026710
0.068473
0.005021
-0.026699
0.005021
0.005021
-0.058451
-0.153835
0.068594
-0.090353
0.005021
-0.058612
0.068655
0.068614
-0.026770
-0.058592
-0.026800
0.132248
-0.154037
-0.154290
0.227987
0.005021
0.227491
0.005021
-0.026730
-0.090292
0.132086
0.131925
-0.185394
-0.153936
0.163979
0.036783
-0.026740
0.036783
-0.058511
0.005021
-0.058551
0.005021
0.036813
0.005021
0.036803
-0.058551
-0.154088
-0.058693
0.005021
0.068736
-0.026831
-0.058713
0.068756
0.068716
0.036853
0.036843
0.005021
0.163979
0.005021
0.068534
-0.026730
0.005021
-0.026740
0.132006
-0.185515
0.100335
0.005021
-0.090292
-0.154037
-0.281923
-0.122774
-0.122938
-0.059020
-0.219446
0.197452
-0.251636
0.005021
-0.123555
0.069330
-0.027128
0.037171
0.037160
0.069268
-0.123513
0.069309
0.005021
0.197638
-0.091240
0.037119
0.037109
0.005021
0.037098
0.133227
0.133062
-0.090994
0.069042
0.005021
0.069001
-0.155004
-0.091117
0.101160
0.069062
0.037026
0.164894
0.100822
0.005021
0.164486
0.005021
-0.090627
-0.058795
0.005021
-0.090779
0.068899
-0.058856
0.068899
0.036945
0.036935
0.100700
0.100608
0.164130
-0.058592
0.068635
-0.026780
-0.122286
0.005021
-0.058693
0.036884
0.036874
0.005021
0.036863
0.036853
-0.058653
0.132329
0.068614
-0.058572
-0.090444
0.005021
-0.026821
0.036863
-0.026821
-0.026831
0.036874
0.005021
0.005021
-0.122448
-0.122611
-0.186733
0.037006
0.100914
-0.058897
-0.058938
-0.026974
0.069001
-0.026963
0.037006
-0.187040
-0.027025
-0.091179
0.005021
0.037098
-0.091240
0.069206
0.165304
0.101067
-0.091025
-0.059061
0.037068
0.165098
0.005021
-0.026974
0.132940
0.068919
-0.346923
0.293068
0.228485
0.132491
0.291236
-0.217519
0.068655
-0.122286
-0.058693
0.005021
-0.026851
0.132451
0.195861
0.005021
0.068554
-0.026740
0.005021
0.036783
0.005021
0.005021
-0.026740
0.005021
0.005021
0.036783
-0.026740
-0.122124
-0.026790
0.005021
-0.026800
-0.122367
-0.058734
-0.634776
0.229416
0.164996
0.100883
-0.026922
0.036965
-1.022275
-0.188777
0.166546
-0.059557
-0.091925
-0.156765
-0.092176
0.069830
-0.059787
-0.157185
0.684526
-0.091768
-0.091862
0.005021
-0.221406
0.037400
0.005021
-0.092145
0.069809
-0.286855
0.102408
-0.124849
-0.418225
0.200589
-0.092714
-0.092810
-0.190929
0.233593
-0.321670
0.135826
0.200908
0.135399
0.167755
-0.092587
-0.027536
-0.027547
-0.092746
0.037621
0.102757
-0.027547
0.070147
0.200143
0.037505
-0.124975
-0.385986
0.233295
-0.125357
-0.027600
-0.125570
-0.125740
0.201100
END
