y[]
0.237671
0.000000
0.148258
-0.088928
-0.059330
-0.178200
0.000000
0.148522
0.029678
-0.297177
0.563883
0.147863
0.000000
0.000000
0.177148
0.235710
0.352527
-0.381960
-0.088352
-0.029468
-0.029477
-0.117994
-0.088587
-0.118238
-0.177620
0.059242
0.118378
-0.059172
-0.059207
-0.118519
-0.178042
0.178042
-0.178042
0.326168
0.088771
-0.355556
0.296384
0.000000
0.118308
-0.118308
0.059172
-0.177620
0.118448
0.059172
-0.147995
0.059224
-0.059224
0.029616
0.029608
-0.029608
0.000000
0.000000
-0.059242
-0.029634
-0.118624
0.118624
0.088876
0.059207
-0.059207
-0.059242
-0.118589
-0.029669
-0.237671
-0.208426
0.059595
0.029784
0.029775
0.148743
0.533651
-0.414815
-0.089113
0.444775
-0.029590
-0.148082
0.502588
-0.058997
-0.147645
0.324532
-0.088404
0.058945
-0.176939
0.029512
-0.029512
-0.059049
-0.029538
0.206581
-0.147514
0.000000
0.000000
0.059032
-0.118099
0.118099
-0.059032
0.147514
0.147297
-0.058893
0.000000
0.058893
0.029433
0.058841
0.058806
-0.058806
-0.147167
-0.147384
0.235710
-0.058875
-0.147341
0.235641
0.000000
0.293772
0.058651
0.058617
-0.058617
0.000000
0.029313
0.117165
0.058531
0.058497
-0.087758
0.000000
0.087758
-0.058497
0.058497
0.058462
0.146007
0.000000
-0.058377
-0.116857
-0.087732
0.116959
0.000000
-0.116959
0.058497
-0.029244
-0.087783
0.058531
0.029253
0.058480
-0.175541
-0.058582
0.087861
-0.029278
-0.029287
-0.234604
-0.235156
0.117647
0.000000
-0.235433
0.029459
-0.088404
0.029477
-0.147471
0.117994
-0.117994
0.000000
0.088509
-0.029494
0.000000
0.000000
-0.118064
0.029529
-0.206886
-0.355661
0.266865
-0.237178
0.000000
0.118659
0.088902
-0.059259
-0.177989
-0.059400
-0.089166
0.000000
-0.297797
0.297797
0.148566
0.059365
-0.029678
-0.178253
-0.029740
-0.089272
0.445567
-0.207684
-0.267658
-0.149009
0.119225
0.148832
0.000000
0.059471
0.237530
0.059294
-0.118624
0.000000
0.029669
0.177831
0.029608
0.029599
0.029590
0.236407
-0.088587
-0.059102
-0.118308
0.029590
0.059154
0.147732
-0.088613
-0.029555
-0.088718
0.118273
-0.266312
0.059242
0.118378
-0.147995
-0.059259
0.679371
0.000000
-0.117820
0.147254
-0.058875
-0.029451
-0.206398
-0.265997
0.088744
-0.207193
-0.118589
-0.267340
-0.417288
0.238664
0.148876
0.118941
-0.267817
-0.149098
-0.388698
0.239378
-0.029891
-0.059809
0.268858
0.059648
0.208489
-0.089299
-0.059577
-0.328310
0.059773
0.000000
0.179105
0.000000
0.089432
-0.089432
0.119225
-0.149054
0.149054
-0.119225
0.178784
-0.029775
0.089299
-0.148876
0.297531
0.029704
-0.148611
-0.148832
-0.029793
-0.238664
-0.029873
-0.149499
0.179372
0.447028
0.059453
-0.029722
0.000000
0.178200
0.000000
-0.118765
0.000000
-0.089166
-0.148787
-0.119190
0.148965
-0.029775
-0.029784
-0.268457
-0.029873
-0.209362
0.059862
0.029918
-0.179641
-0.119940
-0.180180
-0.391508
0.150761
-0.090430
-0.181105
0.150943
0.301205
0.030071
0.030062
0.180180
0.269663
-0.089807
0.029945
-0.119832
-0.029981
-0.150038
0.030026
0.000000
0.060024
0.299581
-0.029918
0.000000
0.268938
0.208675
0.089299
-0.178678
-0.059630
0.000000
0.178784
0.148743
0.237530
-0.148390
0.000000
0.029696
-0.118835
-0.178518
-0.328114
-0.059773
0.029891
0.268617
-0.089459
-0.089539
0.089539
0.238379
0.000000
-0.089326
0.119083
0.118941
0.000000
0.148478
-0.356719
-0.149009
0.149009
0.178518
0.178200
0.088981
0.118519
0.000000
0.207070
-0.118273
0.118273
-0.207070
0.088797
0.000000
0.118273
0.147645
0.058997
0.088430
-0.058945
-0.058980
0.117925
0.000000
-0.088430
0.088430
0.029459
0.088326
0.000000
0.117647
-0.088222
-0.029425
-0.353774
0.059049
-0.029520
0.059032
0.265213
-0.147254
-0.029477
-0.058980
-0.413834
0.236687
-0.177462
-0.029608
-0.059242
-0.177936
-0.207993
0.415554
-0.237248
0.089034
-0.237600
-0.297797
0.029820
0.059613
0.089352
0.237883
0.059382
0.029678
0.000000
0.029669
-0.237600
0.029731
-0.059471
0.118906
-0.178412
0.059506
-0.238237
0.119190
-0.059577
-0.298419
0.208986
0.059630
0.238166
0.000000
0.118871
-0.357037
0.059595
-0.208737
0.000000
0.149142
-0.178998
-0.269099
0.000000
0.328800
-0.119439
0.149276
0.029828
0.149009
0.000000
-0.119190
0.000000
-0.029820
-0.089512
0.149142
0.059595
0.089326
0.000000
0.029757
0.237742
-0.148522
-0.208302
-0.268457
-0.029873
-0.059773
0.059773
-0.179426
-0.089834
-0.029963
0.508146
0.148965
0.059524
0.029749
-0.208426
-0.059630
-0.059666
0.327723
END
