y[]
-0.036134
-0.125468
-0.215122
0.202352
-0.334597
-0.096085
-0.096165
0.113304
0.023515
0.053388
0.023488
0.232279
0.023408
-0.065980
0.172293
-0.036142
0.023372
-0.125468
0.082941
0.082861
-0.006385
0.112486
0.142005
0.200992
0.466010
-0.035844
-0.094815
0.023100
-0.301632
0.259376
-0.006385
0.052577
-0.065347
0.140956
0.081915
-0.006385
-0.124136
-0.065313
-0.094841
0.023109
0.052577
-0.331109
-0.065539
-0.391742
-0.095525
0.053050
0.438258
0.111853
0.023153
-0.035923
0.082202
0.023127
-0.094946
0.082176
-0.065417
0.023135
-0.124519
-0.065504
0.082281
0.023153
-0.065469
0.023161
0.052682
0.082150
0.023109
0.170398
0.023048
-0.006385
0.023040
-0.035810
-0.124171
-0.006385
-0.183324
-0.094972
0.082202
-0.124519
0.082228
-0.094998
0.111748
-0.154074
-0.183900
-0.154555
0.082543
0.171235
-0.184005
0.112063
-0.184110
-0.125044
0.082623
0.052909
-0.065679
0.112169
-0.006385
-0.273329
0.052997
0.052962
-0.214254
0.023337
0.023328
-0.065820
0.231145
-0.036045
0.023275
-0.006385
-0.095393
-0.095472
0.023319
0.171657
0.082517
-0.095287
-0.036037
0.082543
0.112063
0.023205
-0.154424
0.082464
-0.065609
-0.095287
0.141741
-0.154511
0.112134
-0.095261
-0.006385
-0.036028
-0.065697
-0.036054
-0.036063
0.082623
-0.065715
-0.125150
-0.006385
-0.095551
0.023346
0.023337
0.053033
-0.006385
0.201299
0.171288
-0.213700
0.052892
0.023240
-0.124939
0.023267
0.052892
0.082464
0.171077
-0.213455
0.082412
0.052769
-0.035958
-0.243282
-0.214131
-0.065820
0.112450
0.230863
-0.095287
0.082517
0.318915
0.111644
0.140956
0.492955
-0.123653
-0.094426
-0.035749
0.140350
0.140135
-0.182235
0.110883
0.373788
-0.093989
0.022825
-0.064813
-0.064847
-0.123413
0.110643
-0.064882
-0.035646
0.081373
0.022850
0.139664
-0.006385
0.197726
-0.035518
-0.210556
-0.006385
0.139494
-0.152264
0.022808
-0.123207
-0.035612
0.256351
0.022765
-0.093861
-0.298527
0.139792
0.081219
-0.240167
0.139792
-0.240372
0.139921
-0.035629
0.052095
-0.006385
0.052060
0.022825
-0.064813
-0.006385
0.022833
-0.064830
-0.006385
0.052060
0.022825
0.139537
-0.006385
0.081066
-0.064677
0.081040
-0.006385
0.022740
0.022731
-0.035501
0.022731
-0.064626
0.197311
-0.180956
-0.006385
-0.006385
-0.064643
0.022748
0.197311
-0.093632
0.109928
0.109793
0.196602
-0.093329
0.051586
0.022588
-0.180349
0.051636
0.080584
-0.064356
-0.006385
-0.006385
0.022605
0.051569
-0.093329
-0.035383
-0.006385
-0.006385
-0.035392
0.051620
-0.122428
-0.006385
0.109658
-0.006385
0.022605
-0.035375
0.051586
0.022588
0.080483
0.167126
0.051385
-0.064155
-0.208844
-0.006385
0.051502
0.022546
-0.180097
-0.064356
0.051586
-0.122361
-0.093455
0.138690
-0.035383
0.051603
-0.151418
0.080660
-0.093430
0.022638
0.022630
-0.035400
-0.006385
-0.006385
0.109624
0.022596
-0.064356
-0.064390
-0.006385
0.022622
0.051603
0.080534
-0.035350
0.051536
0.051502
0.051469
-0.006385
-0.151082
0.022571
0.080433
-0.006385
-0.238068
-0.093405
-0.006385
-0.035408
-0.035417
-0.006385
-0.122597
-0.122732
0.051805
0.080837
0.138816
0.051636
-0.122462
0.022647
0.022638
-0.151586
-0.006385
-0.006385
0.051721
0.196720
-0.296661
0.022681
0.022672
0.051704
-0.122597
0.138858
0.022638
-0.006385
-0.064440
-0.006385
0.022647
-0.064457
0.022655
0.022647
-0.035417
0.022647
-0.064457
0.051687
-0.035417
-0.006385
-0.035425
0.022655
-0.064474
-0.093582
-0.035467
-0.122799
0.022731
0.051822
-0.064592
-0.064626
0.110063
0.080862
-0.151840
-0.297930
-0.006385
-0.064796
-0.211093
0.198323
-0.357571
-0.065036
-0.094426
-0.006385
-0.006385
0.052318
-0.094452
-0.065139
0.052369
-0.006385
-0.035758
-0.006385
0.022988
-0.006385
-0.006385
-0.065139
-0.006385
-0.006385
1.191234
-1.351041
-0.330630
0.229534
-0.153769
0.199892
0.052473
0.316717
0.081553
-0.182338
0.081630
-0.065053
-0.035732
0.169568
0.081476
0.285927
0.110301
0.051907
0.051873
-0.093785
0.022757
0.051873
0.168186
-0.006385
0.080786
-0.035434
0.051704
-0.122597
-0.064541
-0.122799
-0.035510
0.110063
-0.006385
-0.093709
-0.064643
-0.385892
-0.035638
0.227397
0.168593
-0.093836
0.022774
0.051907
-0.093836
-0.152307
0.256121
0.139154
0.080837
-0.035451
0.080786
-0.064491
0.341744
-0.093304
0.051569
0.196191
0.080308
0.109088
-0.092978
-0.035266
-0.006385
-0.006385
-0.035274
0.080258
-0.064138
-0.035274
0.022504
-0.093078
-0.093153
-0.064272
-0.035341
0.051519
0.109322
-0.035299
0.022529
0.022521
END
