y[]
-0.001243
-0.076065
0.036175
0.222972
0.185220
-0.038508
-0.113121
0.036063
-0.075870
-0.038577
0.073412
-0.113246
0.036105
-0.113330
-0.113456
-0.263563
0.148738
-0.113708
0.036259
0.073719
0.036217
-0.076178
0.223392
-0.001243
-0.001243
-0.225878
-0.113750
-0.038774
0.148794
0.522123
-0.187845
-0.113372
-0.150944
0.073635
0.260390
0.296931
-0.112954
0.222054
0.184458
-0.224126
-0.038439
-0.448671
0.222721
0.296598
-0.112829
0.110343
0.110219
-0.038383
-0.075565
-0.001243
0.110219
0.221309
-0.075372
-0.001243
-0.001243
-0.001243
-0.038328
-0.149721
0.073024
0.110054
0.072886
-0.112457
-0.001243
-0.224043
0.035925
0.110178
0.035870
0.110012
-0.186737
0.072996
-0.261321
-0.038452
-0.448838
-0.113456
0.297711
-0.262779
-0.038661
-0.301093
0.111306
0.148626
0.707583
-1.235596
-0.076544
-0.001243
-0.076601
0.111773
-0.001243
-0.001243
0.224406
-0.038816
-0.076431
-0.114131
0.074030
-0.038872
-0.114216
-0.001243
-0.076629
0.036457
0.111773
-0.076573
-0.001243
-0.114344
-0.076715
0.225001
-0.152016
-1.292073
0.189633
-0.077550
0.189415
0.074918
0.036816
-0.420691
0.342072
0.302940
-0.115203
0.112717
-0.343514
-0.077463
-0.077521
0.303519
-0.001243
0.112804
-0.153334
-0.001243
0.188835
-0.077231
0.112717
0.112587
0.036672
0.150272
-0.039100
-0.114901
0.074543
0.150157
-0.152644
0.112329
0.149986
-0.039029
-0.076857
-0.076915
0.036600
-0.001243
0.376401
0.149416
-0.001243
-0.189603
0.149473
0.036400
0.149189
-0.038830
-0.001243
0.111475
0.111348
-0.339399
0.074001
0.073945
-0.038830
0.036344
-0.001243
-0.151676
-0.001243
0.036386
0.149133
0.036316
-0.038802
0.148907
-0.038760
-0.113877
0.036316
0.186339
0.036231
0.073663
-0.038689
-0.076178
0.111138
0.111011
-0.001243
0.036147
0.148178
0.073384
-0.038550
-0.075898
0.073412
-0.038563
-0.113288
0.297265
-0.038508
-0.524413
0.260684
-0.113414
-0.001243
0.222972
-0.113288
0.110802
-0.113288
-0.150832
0.185708
0.036105
-0.075954
-0.225710
0.073635
-0.038675
-0.338765
0.073860
0.148794
-0.113750
-0.001243
0.073776
-0.001243
0.148626
0.036189
-0.076121
-0.038703
-0.113708
-0.226553
0.561083
0.036133
-0.038619
0.036133
-0.150832
0.073579
0.036147
0.073495
-0.001243
0.259902
-0.075787
-0.150497
-0.188124
-0.225962
-0.038745
-0.076290
0.186269
-0.001243
-0.414234
0.149133
-0.001243
-0.076403
-0.076459
0.186692
-0.189178
-0.189532
-0.001243
-0.189887
0.074257
0.036486
-0.152243
0.187472
0.187116
-0.076544
-0.001243
-0.114301
0.149473
0.074030
-0.151846
-0.114344
0.111858
-0.001243
0.637257
0.111011
0.148234
0.110718
-0.038550
-0.150608
0.073467
-0.038591
0.222638
0.296487
-0.224457
0.444689
0.035828
-0.149611
0.035870
0.035856
0.072913
0.072858
0.109806
0.183566
-0.075126
0.072639
0.072585
0.146250
-0.074962
-0.038123
0.109356
-0.038096
-0.185711
0.035678
-0.185984
-0.038232
0.257394
-0.222891
0.109642
-0.038191
-0.112169
0.109683
0.072639
-0.001243
0.146358
-0.038123
0.035637
-0.001243
0.146141
-0.111761
-0.074989
-0.001243
0.035637
-0.111924
-0.149008
-0.186257
-0.112416
0.072886
-0.038301
-0.001243
-0.038314
0.035828
-0.038314
0.035828
-0.038314
0.146960
-0.001243
-0.001243
-0.001243
-0.223630
-0.224126
0.035939
-0.150053
-0.075731
0.147677
-0.038452
0.147511
0.110178
-0.112664
-0.001243
0.147290
-0.038356
0.035870
0.035856
-0.038342
-0.075482
-0.187082
0.035952
0.073106
0.035911
0.295493
-0.075345
0.294834
-0.149172
-0.149391
0.109889
-0.223630
0.035856
0.184045
-0.075317
0.183839
0.109642
-0.112128
-0.001243
-0.075235
0.072749
0.035732
-0.112210
-0.038260
-0.038273
-0.112416
0.072886
-0.075372
0.109930
0.183771
0.035719
-0.112169
-0.149336
0.146850
-0.186394
0.109889
-0.075317
-0.001243
-0.112457
0.184045
0.035773
0.035760
-0.112293
0.072804
-0.075290
-0.038287
0.109847
-0.075290
-0.038287
-0.112457
0.072913
-0.001243
0.072858
0.035787
-0.038273
-0.038287
-0.001243
-0.038301
0.072858
-0.038287
0.072831
-0.001243
-0.038273
0.072804
-0.001243
-0.075290
0.035787
-0.038273
0.035787
-0.075317
0.072831
0.146741
0.035719
-0.001243
0.035705
0.035691
-0.075126
-0.186189
-0.112375
-0.521497
-0.038508
-0.038522
-0.038536
0.147844
0.035994
-0.001243
0.333268
-0.038356
0.035870
0.258160
0.220568
-0.112087
0.035719
0.072639
-0.186052
-0.075262
-0.149446
-0.001243
-0.149666
-0.149887
-0.150108
-0.038494
0.073245
0.221888
-0.038397
0.073051
-0.075537
0.035911
-0.001243
-0.001243
-0.038397
-0.075593
END
