y[]
-0.080567
0.049082
-0.145544
-0.080788
0.081640
-0.015821
0.049146
0.049135
-0.308541
-0.015916
-0.015927
-0.015938
0.342183
-0.048357
-0.080946
-0.081042
0.081809
0.016662
-0.211537
0.147125
-0.179096
0.049315
0.081936
0.016662
-0.081265
-0.048676
-0.245118
-0.147299
-0.147568
-0.180771
0.049595
0.181163
-0.279634
-0.115307
-0.148545
0.049726
0.148806
0.379161
0.049552
-0.082038
-0.016259
0.181163
0.573949
-0.212433
-0.410198
-0.049170
0.115395
-0.115003
-0.412452
0.049737
-0.016412
0.412833
0.082538
-0.214094
-0.280809
-0.182145
-0.049695
-0.149423
-0.116405
0.083218
0.083174
-0.183005
0.049968
0.049957
0.149730
-0.183005
-0.016654
-0.050004
0.050001
-0.050027
-0.050071
-0.050116
-0.016743
0.216929
0.249801
-0.183138
0.116612
-0.116627
-0.150199
0.150174
0.216596
0.016662
0.083218
0.182858
0.116247
0.082997
0.116082
0.115984
0.016662
-0.281598
-0.149423
-0.016588
0.182803
-0.216012
-0.350066
-0.117028
-0.083722
-0.050317
0.150576
-0.150758
-0.285402
0.251680
0.050191
0.184139
0.016662
-0.083790
0.184026
-0.016788
0.150397
-0.016755
0.016662
-0.385214
0.318221
0.417331
0.282885
-0.049827
-0.083155
-0.049938
-0.216788
0.549464
-0.249384
-0.149977
-0.150255
-0.117072
0.083552
0.183691
-0.183805
0.050102
-0.184141
0.016662
-0.083891
0.150711
0.183970
0.050090
0.350330
-0.116671
-0.150255
-0.083622
0.083530
-0.050205
0.150352
-0.016743
0.150218
-0.050093
-0.050138
-0.083622
-0.016788
0.016662
-0.150758
-0.016855
-0.117521
0.016662
-0.184951
-0.050632
-1.066259
0.220605
0.186298
0.152164
0.118168
-0.050997
0.354500
0.117792
0.016662
-0.185699
0.219023
0.252234
0.083867
0.218005
0.150666
0.150486
0.150308
-0.050138
-0.083622
-0.050250
0.150442
-0.050205
0.350552
-0.350678
0.317314
0.050012
0.249801
-0.049893
0.016662
-0.283388
-0.083555
0.116879
0.083418
0.050023
-0.083454
0.083418
0.116712
-0.116760
0.016662
-0.016721
0.050046
0.116746
-0.518277
0.317918
-0.251075
-0.184612
0.083799
-0.016900
0.284849
0.016662
0.050135
-0.117296
0.184082
-0.083756
0.016662
0.250815
0.216929
-0.016688
-0.016699
0.050023
-0.250539
0.217130
-0.016721
-0.050138
-0.117072
0.083552
0.083507
-0.083622
-0.016788
-0.083756
-0.050339
-0.050384
-0.386564
-0.118109
-0.152057
-0.084706
0.724093
-0.218592
-0.016991
0.319133
-0.252155
0.016662
0.285480
-0.252155
0.184758
0.016662
0.251522
-0.117476
0.184307
-0.117431
-0.285706
-0.151716
-0.219545
-0.084740
0.455334
-0.591242
-0.356662
0.186528
0.355531
0.118099
-0.084775
-0.017173
-0.084912
0.084390
0.084344
0.118099
0.050452
0.151706
-0.118382
0.622929
-0.016923
0.150936
-0.117611
0.083822
0.083776
0.217735
0.016662
0.217331
-0.351539
0.016662
-0.050429
-0.050474
0.117350
0.150756
0.016662
0.284311
0.150218
-0.150310
0.350330
-0.116671
0.083351
-0.150143
-0.050138
0.083463
-0.016732
0.116813
0.016662
-0.150310
0.016662
-0.117117
0.150442
-0.016766
-0.217647
-0.083924
0.217735
-0.150870
-0.050429
-0.218513
0.016662
0.285389
-0.218434
0.083889
0.352121
0.284221
0.050057
0.016662
-0.083555
0.050079
-0.351539
0.318019
-0.117162
0.083597
-0.150758
-0.487286
0.151297
0.083912
-0.286317
-0.253426
-0.017150
0.286841
-0.050814
0.218955
0.084002
0.083957
-0.016979
-0.118018
0.050349
0.050338
-0.320606
0.016662
-0.118564
-0.152628
-0.152915
-0.085223
-0.085326
0.254475
-0.051226
-0.767388
-0.257498
0.290823
-0.051807
-0.189029
-0.155070
-0.707854
0.500256
0.463629
-0.086307
-0.224012
0.051080
-0.466264
0.292906
0.257751
-0.396989
-0.225427
-0.295459
0.120811
-0.191743
-0.122517
-0.018163
-0.262375
-0.123149
0.226306
-0.368021
-0.264040
0.086912
0.332175
-0.123443
0.191763
0.156522
0.260948
0.016662
0.225576
0.259845
-0.365747
0.641664
0.465636
0.016662
-0.052279
-0.155900
0.430313
-0.189949
0.188868
0.154214
-0.224177
0.188750
-0.120984
-0.501205
-0.503901
0.329325
-0.644555
0.365216
0.120992
0.502100
0.051246
-0.886435
-0.437963
-0.299294
-0.476818
-1.335190
0.338493
0.266261
0.584846
0.052067
-0.266925
0.123102
-0.125282
-0.374728
0.301461
0.087736
-0.161115
0.407357
0.405837
-0.124680
-0.160298
-0.373755
0.194314
0.016662
0.193999
-0.089702
0.969891
0.122018
-0.018444
-0.688062
0.475298
0.262751
0.681582
-0.472849
-0.123639
0.716210
-0.192689
-0.123149
-0.333723
0.121907
0.156817
-0.158561
0.051732
0.191824
0.226453
0.121393
0.434490
0.190243
-0.296001
-0.157463
-0.122856
-0.088105
0.086519
END
