y[]
2.809356
1.268050
-0.214378
0.050465
1.625834
-0.622475
0.683591
1.377520
-0.171970
0.633384
0.737711
-0.424148
0.879094
-0.494465
0.623884
0.512497
-0.562967
1.402341
-0.273594
0.010283
-0.630758
-0.670399
-0.205188
0.585289
1.113973
-1.057089
0.117724
-1.863456
0.410337
-0.715770
-1.605860
-0.470836
1.232178
-0.430318
-1.587186
-0.664455
1.062752
-1.000121
1.359258
0.345685
-1.517243
-3.427054
-0.571045
-1.561606
1.158678
2.109525
0.281514
-0.639676
0.435949
-0.911049
-0.529405
2.697848
-1.052055
1.190585
0.614707
-0.250630
1.133873
-0.472330
0.310273
-0.809846
0.498522
1.309106
-0.025235
0.342277
0.048106
0.850683
0.192551
0.011016
-0.424727
0.265463
0.336953
1.979127
-0.060677
-0.344781
-0.846522
0.225436
1.006619
0.222246
-0.131223
0.784486
0.044867
-0.728473
0.572832
-1.331520
-0.845936
-0.528110
1.475865
0.434861
-0.698400
-2.837244
0.047864
0.339463
-1.012988
1.724081
-0.459704
0.228434
0.408135
0.764432
0.367272
1.599668
0.498967
-0.444377
0.463593
0.599767
0.251295
1.957058
-0.772521
-1.053346
-0.266656
0.422655
0.077840
0.180597
-0.265414
-0.853112
1.111336
-0.162315
-0.955474
1.076325
-0.608928
-0.820399
0.701035
2.358262
-0.025235
0.277134
0.041834
0.909039
-0.091680
0.505094
-0.124458
0.404021
-0.819153
0.504743
-0.025235
-0.422455
0.932026
-0.519226
0.927622
-0.188875
0.236459
-1.109168
0.731472
-1.311745
0.867185
0.401625
-0.781693
0.271452
0.368984
0.171293
0.236203
-0.844509
-0.453925
0.797544
0.269316
0.040103
0.105313
0.397874
0.266641
-0.252176
-0.415480
-1.667848
-0.890177
-1.574088
1.490201
-0.259466
-0.866283
-0.873417
-0.537619
0.214204
1.500477
-0.869977
2.255978
0.701800
0.139266
0.988674
1.203758
0.039032
-1.840520
0.268739
-0.155783
1.369307
-0.057446
-0.315605
0.554663
-1.026051
1.296299
1.657611
-0.593598
-0.405946
0.260434
0.133118
-0.151898
-1.172475
-3.680995
-0.125019
1.297098
-1.547435
1.365516
-1.083096
-2.481204
1.092473
-0.126330
1.745906
1.258311
-0.813158
1.641743
0.395273
0.329204
0.327952
-0.121435
-0.057322
-0.604574
0.682391
0.038847
0.804116
-0.025235
-0.184192
0.006577
-0.439578
-2.449792
2.399322
0.229948
0.070291
-0.984628
-0.282636
-0.606820
-0.414846
-2.362021
-0.091857
1.627149
0.628148
-0.645848
1.179795
-2.848798
-0.225235
1.399338
0.139103
0.727263
1.012388
-0.057498
0.778240
0.102724
0.548563
-0.216136
-0.856708
-0.282470
0.808370
-2.612702
-0.485006
1.087706
-0.645645
1.211760
0.523242
1.094597
-0.599583
-0.057240
-0.990183
0.490562
1.157454
0.101789
-0.534304
0.070413
-1.114640
0.872782
0.833139
-0.056896
0.920249
0.037480
-0.213500
-1.098817
0.354993
-0.120157
-0.469398
1.050044
-0.056697
0.570845
0.908769
0.315059
-0.087021
0.221679
0.097993
0.097842
-0.487557
0.159950
0.895582
1.008209
0.125845
0.065304
-0.873468
-0.360448
-0.055765
-0.269809
0.341401
0.794815
0.367218
-0.720627
-0.359531
-0.666557
-0.178539
-0.455740
-0.333877
-0.272837
0.807974
-0.117472
1.045603
-0.391089
-1.254507
-1.489208
0.631530
-1.501161
-0.025235
0.542590
-0.498198
1.199847
-2.203008
1.243013
-0.943108
1.175791
0.257118
0.754922
-1.150599
-0.119590
-0.025235
-0.025235
-2.316869
-1.158483
0.494415
-1.460823
-0.025235
-1.515082
1.168413
0.106517
-0.421014
0.863075
0.367050
-0.679902
1.085162
0.493069
-0.251663
1.069784
-0.764669
1.892369
0.951304
-0.025235
-0.780431
0.258632
-0.025235
0.100670
1.038605
1.733255
0.523714
-0.911143
-0.640811
0.498246
-0.486988
-0.334259
0.098489
0.129205
0.128967
0.650443
-0.485429
-0.394921
-1.549133
1.498663
-1.737339
1.222831
-1.367537
0.726177
-1.154482
-1.871833
0.838632
-0.696486
-2.558661
1.444179
-2.852511
-0.963265
-0.463758
0.581440
-2.612173
-1.519096
2.634221
-0.093425
2.267515
-1.131330
1.910740
0.304798
-1.218488
1.332626
-0.950556
0.768420
2.286442
-0.930511
-1.201335
1.085887
0.687203
-1.324376
0.950700
0.136499
-1.490344
0.138619
-0.189089
1.018820
1.296725
-0.057271
-0.829486
2.808898
0.974461
0.254138
0.191517
0.160179
-0.056114
-0.272607
0.407265
0.221070
-1.356318
1.980077
-1.223590
-1.457389
-1.892673
0.261892
-3.164144
-1.916780
0.509347
2.767784
2.723420
-0.816504
0.639850
0.635456
-0.276413
-1.705414
0.325810
-3.856873
-0.856219
1.826670
1.953743
-2.200999
0.661828
1.012724
0.039281
1.224581
2.490621
-0.056296
0.840839
0.680614
2.391801
0.570005
1.476781
-1.408627
-1.759210
2.417543
-1.836717
1.609517
1.059660
-1.612570
0.947793
-0.998264
-0.918098
1.429012
-0.438581
1.734341
0.467734
-1.599612
1.491271
0.407979
0.176291
1.374188
-0.337691
1.021895
-0.363645
0.818652
0.449825
0.336530
-1.002214
0.645721
0.724248
-0.440921
0.224384
-1.111445
2.190308
-0.025235
0.493821
0.923925
-0.702286
-0.652196
0.220566
-0.544859
-0.878882
0.828412
-1.044949
-0.330409
0.252235
1.296006
-1.069775
0.937236
-0.134764
1.010479
-0.052354
1.000138
0.696983
-0.372319
-0.266231
-0.052048
-1.266481
-2.193565
1.078529
0.467512
0.301919
-0.708018
0.002166
1.281261
-0.976200
-2.652962
-0.728374
1.013662
-2.285218
-0.053811
0.174622
2.953350
-0.775551
-1.062676
-0.931244
1.638885
-0.530003
0.563414
1.747664
0.658856
0.301474
-0.270167
-1.396999
1.455461
-0.571088
-2.350921
0.366155
-0.893953
0.396055
-1.209348
-0.622591
-1.635854
-0.373769
2.389369
0.823186
-1.357643
-1.665324
0.206582
-1.365582
1.575265
-0.517205
3.844380
1.305530
-1.188683
0.030475
0.779096
-5.474938
0.207865
1.534138
-0.801882
-0.866185
-2.561496
0.540664
-1.853549
2.866604
4.316398
1.038307
0.585369
0.057741
1.728715
-0.270033
0.463763
-1.197390
-0.272318
-0.770169
-0.971263
-2.001584
1.502808
0.674362
0.002647
0.336530
0.721966
-0.107982
1.045174
-0.025235
-0.490416
0.902972
-1.890347
-2.236662
-0.649882
-0.025235
-0.053721
-0.596665
-1.584608
-3.519816
-3.147619
-4.932241
1.915317
3.437497
1.905268
-0.359633
-0.636111
-3.390039
2.075485
0.747447
-2.487569
0.854444
1.772705
-1.044234
0.346513
-0.894806
-0.776648
1.317067
1.054189
-0.517241
-2.965703
0.765283
-2.868423
-0.610222
-0.942072
1.184523
-2.093935
0.372116
2.261699
-0.608327
1.586144
2.437788
-0.150079
1.216246
0.251987
-0.240786
-0.303056
-1.175566
-0.338420
2.116041
0.220089
0.036002
-0.485429
-0.117529
3.482836
2.004545
-0.697261
-0.554337
1.437635
-1.046993
-0.142675
1.084914
-0.025235
-0.199704
0.149234
1.015237
-1.531637
0.003949
0.091417
-2.056808
-0.502278
1.516907
0.737008
0.847117
-0.431386
0.149032
-0.432331
-0.404742
0.964296
1.011939
0.003422
0.203729
-0.340196
-1.382265
-4.089268
2.012594
-0.054904
-2.245548
-1.461471
0.374090
-2.414057
-0.025235
1.717728
1.839407
-0.176773
-2.357344
0.036838
0.253619
1.935612
-1.123477
1.406189
-1.211561
-2.629226
-0.213855
-1.963342
-2.823075
-0.953316
1.297973
0.988342
-2.428643
1.627149
-4.140216
-0.059394
1.163436
-2.175122
1.174848
3.326285
-2.089911
2.204104
-1.316858
-0.526489
2.292749
-1.045149
-3.422232
-0.093681
-0.505675
-1.306194
-2.709012
-1.903903
0.592836
-1.964912
1.986905
2.443143
0.327499
2.237699
-0.750752
-0.616438
2.318892
-1.986420
-0.547793
1.155334
0.662762
-0.093822
3.181791
0.372643
0.107040
0.106865
-0.388932
-0.689910
0.440501
-1.227253
3.635520
0.071868
-0.641820
-0.122939
-0.908893
-2.151561
-0.126025
-0.092485
-0.632524
-1.011470
0.520097
0.652274
-1.350658
-1.437834
-0.268417
-2.454504
1.355073
-2.228594
1.861277
0.045262
1.409108
2.884434
0.714264
-0.360693
0.744643
1.628242
0.888908
-0.090255
END
