y[]
-0.001164
0.081743
-0.111723
-0.001164
0.026487
0.440216
-0.636262
-0.278557
0.026610
-0.112306
0.082204
0.220811
0.164995
0.026502
-0.139573
-0.139764
-0.669132
-0.617413
0.419417
-0.085139
-0.001164
0.250549
1.495953
-0.249133
0.823016
-0.001164
-0.110663
-0.138207
-0.028595
0.053690
-0.138357
0.409851
-0.165368
0.053600
-0.357671
-0.056124
0.820083
0.243900
-0.191718
-0.055675
0.515492
0.188512
0.242178
0.160735
-0.109068
0.106740
-0.840482
-0.382532
0.298604
0.216286
-0.082653
-0.137126
-0.765986
0.545733
-0.028438
-0.164965
-0.083165
0.162770
0.461863
-0.491495
0.053436
0.107946
-0.055705
-1.734596
0.275998
0.495800
0.630272
-0.083300
-0.110783
-0.028588
-0.744458
-0.056443
0.219769
-0.360430
0.109516
-0.028823
0.605567
0.191117
0.382293
-0.384621
0.081129
0.108455
-0.357867
-0.193763
-0.359835
-0.416620
0.192930
-0.807732
-0.392883
-0.253796
1.144580
-0.028954
0.026625
0.470077
-0.278096
-0.167692
0.303925
-0.001164
-0.056566
0.358399
0.686691
0.053660
0.272509
0.080792
-0.137795
-0.192761
-0.193129
-0.441330
-0.166727
0.164399
-0.221976
-0.277866
1.729410
-0.437846
-0.220222
0.026244
0.135766
-0.275212
-0.028610
-0.001164
0.081151
-0.001164
0.108485
0.708639
0.297627
0.404845
-0.055204
-0.001164
-0.326016
0.161393
-0.028239
-0.028246
-0.272388
-0.001164
0.134539
0.080170
0.080103
0.134135
0.484404
0.213890
0.025685
0.025678
0.186528
0.239638
0.132365
0.078868
0.052155
-0.134515
0.291974
-0.054398
-0.001164
-0.481550
0.025584
0.319263
-0.804167
0.106276
-0.108605
0.133118
0.106132
-0.108460
0.454051
0.025549
-0.001164
-0.375797
-0.027978
0.079254
-0.808271
-0.352944
-0.245431
0.053169
0.025991
-0.245829
-0.301015
-1.099172
-0.249886
-0.472667
0.193253
0.414176
0.357407
0.026365
0.547835
-0.357671
0.108665
0.709804
-0.246697
0.380516
-0.628981
0.272284
-0.001164
0.298768
-0.958633
0.792817
-0.110305
0.216998
0.080524
-0.246429
-0.768081
-0.331652
0.576474
0.135878
-0.055959
0.026237
0.408952
-0.493507
0.190590
-0.165503
0.053645
0.327064
-0.713691
1.527250
0.566022
-0.216856
-0.190277
0.349761
-0.541560
-0.490030
-0.410386
-0.110574
0.244838
-0.028468
-0.165144
-1.267352
-1.620859
0.448275
-0.001164
-0.253725
-0.057376
0.503604
-0.534050
-0.565182
0.196604
0.701975
0.306657
0.528306
-0.307358
-0.112740
-0.084928
-0.112959
0.528749
-1.429960
-0.993658
-0.400936
0.141795
-0.144124
0.768399
-0.143230
-0.143432
-0.600909
0.227734
-0.287369
-0.691417
0.860910
0.256015
0.169922
-0.115189
1.105073
-0.255366
0.899743
1.224478
-0.028854
0.026525
-0.222894
-0.697255
0.389243
0.026664
-0.419400
0.166340
-0.757153
-0.791236
0.422865
-0.001164
0.055237
0.027025
0.252179
0.559532
-0.561861
-0.990013
-0.285498
0.112666
-0.114995
0.311558
0.677763
0.841064
-0.085069
0.026812
0.473233
-0.001164
-0.335799
-0.870857
0.139621
0.083212
-0.198153
-0.001164
-0.481188
1.040658
0.138794
0.082717
0.417188
1.188502
0.218616
0.053705
0.026259
-0.138357
0.300412
-0.385147
0.300661
0.381664
0.107946
-0.028431
-0.274239
-0.055869
0.080881
0.462494
0.080435
0.026021
-0.082741
-0.300851
0.298523
-0.191770
-0.082964
0.107887
-0.712133
-0.413649
0.356421
-0.883685
-0.056581
0.330878
0.081674
0.109181
0.026403
1.231559
0.080479
-0.055586
-0.492298
0.080859
-0.137907
-0.412518
0.273260
0.135766
-0.192919
-1.104015
0.165041
-0.946666
-0.252948
-0.001164
0.306485
-0.673624
0.643366
-0.336923
0.474162
-0.029062
0.221801
-1.120997
0.672239
-0.562018
0.167422
-0.254151
0.364056
0.054905
0.836128
-1.006759
0.307175
-0.141201
-0.225631
-1.074318
0.706152
-0.085779
-0.595478
0.083954
-0.057902
-0.484738
0.226691
-0.428820
0.055962
0.084464
-0.058242
-0.401623
-0.115876
-0.778930
-0.261770
-0.001164
0.201587
-1.194600
0.989520
-0.001164
-0.262451
-0.088412
0.144206
1.039307
0.027584
1.227247
0.423826
-0.454551
-0.086404
0.932496
0.672428
-0.759276
0.167802
-0.085612
-0.254936
0.224442
-1.362501
-0.201250
0.027444
0.227407
-1.525277
0.172547
-0.785254
0.202709
-0.030264
0.318464
-1.080364
-0.294850
0.848160
0.638373
0.172547
-0.059035
0.143449
-0.406609
-0.350002
-0.205216
-0.351939
-0.177014
0.174686
-0.588538
0.322318
1.166391
0.779299
-0.260643
-0.290265
0.720027
-0.346687
-0.695813
0.346763
-0.232981
2.802223
0.449160
-0.790568
1.599319
0.026687
-0.224192
1.384667
0.081378
-0.001164
-0.166317
0.108968
-0.083752
-0.056261
-1.388534
0.472704
0.276536
-0.473716
-0.001164
-0.364040
0.972824
-0.001164
-0.167461
-0.362426
-0.029008
-0.252105
-0.057015
1.303142
-0.249612
-0.028808
0.081743
-4.985208
1.239654
0.342380
-1.035359
-0.580372
-0.437783
0.754434
0.374504
0.344359
-1.770095
0.553177
-0.030264
0.810434
0.889774
0.284550
-0.516040
-0.374674
0.458343
0.427714
-0.516040
-0.087235
-0.721317
0.056639
0.056606
-0.116738
-0.232713
-0.262299
-0.088361
-0.030247
-0.117579
-2.001231
0.945028
-1.006792
-0.030895
-0.807259
0.357902
0.683464
-0.476931
-0.569093
-0.844035
1.111127
0.654380
-2.314622
0.635105
0.751058
-0.572337
-0.605944
0.271439
1.141705
1.246995
0.910205
-0.088999
-0.089076
-0.235975
3.293931
-0.228890
0.623838
0.366327
0.336864
-0.057423
1.006683
0.026687
-0.335893
0.194230
0.082459
0.082389
-0.252036
-0.336641
0.110786
0.917678
0.054253
0.109578
-0.278250
0.054314
0.331062
0.247283
-0.637316
0.358897
0.742538
0.927550
0.324569
-0.299713
0.134650
-0.082631
0.270133
-0.381187
-0.001164
-0.164474
-0.055660
0.080568
1.082270
-0.324964
-0.244704
-0.001164
-0.028261
0.080103
-0.299470
-0.300362
-0.547465
-0.302906
0.190959
-0.716632
0.549650
END
