y[]
0.014803
-0.015823
-0.015825
-0.015828
0.014807
-0.046470
-0.000510
0.014812
0.045442
-0.046463
0.060755
-0.061775
-0.031157
-0.000510
0.030136
-0.031157
0.060774
-0.107782
-0.107897
0.030184
0.060849
0.060811
-0.092506
-0.000510
-0.046540
-0.015858
0.014838
0.045520
0.137453
-0.031152
-0.000510
0.076077
-0.031138
-0.031147
0.076065
0.060708
0.075960
0.075902
-0.000510
0.045309
0.045288
-0.061579
-0.092183
-0.000510
-0.031087
-0.076992
-0.077051
-0.000510
0.076030
-0.046427
-0.000510
-0.107732
-0.184588
0.076230
0.336448
0.014779
-0.352758
-0.215531
0.137771
-0.092676
-0.046625
-0.231404
-0.015922
0.215040
-0.000510
0.076360
-0.046625
-0.000510
0.060972
-0.015877
0.137707
-0.107996
-0.000510
-0.092733
0.168500
0.152888
-0.092521
-0.015853
0.060849
0.152723
-0.015823
-0.031143
0.060746
0.045407
0.198221
0.075820
-0.122666
-0.031073
-0.000510
0.030052
0.014768
-0.000510
-0.046350
0.014772
-0.015793
0.014772
-0.138135
-0.061738
-0.031138
0.060736
-0.000510
0.030099
0.014791
0.045379
-0.000510
-0.046399
-0.015811
-0.000510
-0.046427
0.030104
-0.046434
0.060717
-0.061738
0.045414
0.045393
-0.031110
-0.000510
-0.046427
0.045407
-0.046427
-0.031133
0.030113
-0.000510
0.045407
-0.000510
-0.000510
-0.015814
0.030094
0.045379
0.030071
-0.015800
0.045351
-0.031082
0.014777
0.091163
-0.092183
0.091163
0.030029
-0.015779
-0.076887
0.045323
0.045302
0.075797
-0.199029
0.030057
-0.061654
0.045351
0.045330
-0.015788
0.030043
0.014763
-0.107470
0.014777
-0.015797
-0.015800
-0.031096
0.045365
0.045344
0.060596
-0.046336
-0.000510
-0.092225
0.121758
-0.092197
0.030062
0.014772
0.045323
-0.000510
0.045302
0.060540
0.060503
0.014737
-0.122554
0.014754
0.045267
-0.031026
0.273797
0.060345
-0.046148
-0.030947
-0.107112
0.227783
-0.061337
-0.244190
-0.122573
0.075797
0.045246
-0.092043
0.106270
-0.122554
-0.061588
-0.183968
0.075972
-0.092295
0.091275
0.075913
-0.061644
-0.337417
-0.046540
-0.215597
-0.092832
0.076431
0.045626
0.122415
0.030198
-0.046575
-0.015870
0.014850
0.321502
0.045407
-0.260987
0.106827
-0.015837
-0.015839
0.014819
-0.000510
-0.061841
-0.000510
-0.061879
0.106860
-0.015842
0.014821
-0.000510
-0.000510
-0.031176
0.030155
-0.015842
-0.031180
-0.000510
0.030160
-0.077203
0.076183
0.045477
0.030136
-0.061813
-0.046512
-0.000510
-0.031190
0.076171
-0.000510
-0.046512
-0.015849
0.030165
-0.015846
-0.000510
-0.000510
-0.000510
0.014826
0.060811
-0.046498
-0.015844
-0.031185
-0.015851
0.060840
-0.000510
-0.031180
-0.061879
0.014835
-0.015856
-0.107996
-0.077356
-0.031265
-0.046660
0.045640
0.014869
-0.015889
0.045619
0.107042
0.030198
0.030188
0.030179
-0.061898
-0.046575
-0.031232
0.060924
0.060887
-0.015856
-0.061916
-0.031227
0.106959
-0.077262
-0.000510
-0.123436
-0.046646
-0.077451
-0.062105
-0.000510
0.061085
-0.000510
-0.015905
-0.031308
-0.015913
0.045690
0.014885
0.045661
-0.046682
0.107190
-0.015889
0.076360
-0.031251
-0.077404
-0.092860
0.260928
-0.200372
-0.062087
-0.231760
0.122890
-0.031346
-0.170276
-0.263444
0.123310
-0.015979
0.061352
-0.046903
-0.201795
-0.047018
0.014995
-0.078060
-0.155790
0.015029
0.201275
0.014995
0.061486
0.123367
-0.217396
-0.000510
-0.062564
-0.233556
0.092773
0.170284
-0.109164
-0.000510
0.108143
0.077027
-0.016013
-0.342178
0.046150
-0.000510
-0.000510
-0.000510
-0.000510
0.046128
-0.016054
0.061650
-0.140425
0.108329
-0.000510
0.015029
-0.031590
0.015031
0.015029
-0.016049
0.015029
0.061621
0.030541
0.030531
-0.000510
0.046034
-0.016022
-0.000510
0.061525
-0.031523
-0.000510
0.014997
0.045998
-0.016010
-0.000510
-0.078048
0.030512
0.046005
-0.016013
-0.016015
0.030498
-0.031518
-0.031528
0.015000
-0.031532
0.015002
-0.000510
-0.000510
0.015000
0.061505
0.014988
-0.016008
-0.000510
-0.078036
-0.078096
0.030531
0.030522
0.030512
-0.016020
0.061515
0.014990
-0.031513
0.061486
-0.016006
0.014985
-0.000510
-0.047004
0.030488
0.014985
-0.016006
0.014985
0.014983
-0.016003
-0.016006
-0.047011
-0.000510
0.030493
0.045976
-0.016003
-0.016006
0.014985
-0.047004
-0.016013
0.061486
0.030474
0.076907
0.076847
-0.124311
0.014973
-0.155453
-0.186759
-0.031585
-0.171597
-0.000510
0.263773
0.030536
0.030526
-0.078120
-0.093721
-0.047148
0.061669
-0.062690
0.108278
0.108160
-0.109181
0.170205
-0.124637
-0.295931
-0.109570
-0.250237
0.140038
-0.109808
-0.016134
0.280345
0.015070
-0.000510
0.108482
0.092817
0.030580
0.015031
0.278820
-0.109046
0.216443
-0.077940
-0.093505
0.185392
0.200495
-0.108693
0.277439
0.122775
-0.015913
0.045690
-0.077522
-0.000510
0.030302
-0.046732
-0.031336
-0.000510
0.014904
-0.000510
0.014902
0.014899
-0.031332
0.014902
-0.015922
-0.000510
-0.000510
-0.000510
-0.000510
0.076526
0.030287
-0.015908
0.014887
-0.031308
0.014890
0.014887
-0.000510
-0.031308
-0.077546
-0.000510
0.014902
0.030306
0.030297
-0.031317
0.045697
-0.077534
-0.015922
-0.062181
-0.000510
-0.000510
-0.015934
0.091997
0.030306
0.014895
-0.108393
0.061152
0.045711
0.030292
-0.092946
-0.108460
-0.015941
-0.031379
0.030359
0.061199
-0.031360
-0.000510
-0.015939
-0.062248
-0.031393
0.076680
0.030349
-0.000510
-0.000510
0.061180
-0.046774
0.030335
0.030325
-0.031346
-0.000510
0.091968
-0.046739
-0.093031
-0.031370
0.030349
-0.000510
0.122832
0.030302
-0.108393
0.014909
0.030321
0.045718
-0.031327
0.061114
0.168760
0.352495
-0.153837
0.060849
0.168033
-0.061766
-0.184503
-0.015858
0.244776
0.320517
-0.092127
0.014765
0.136863
-0.122610
0.060559
-0.015774
0.167262
-0.122499
-0.000510
-0.122648
0.060577
0.060540
-0.046294
-0.122704
0.106417
0.045281
-0.000510
-0.046301
-0.092155
0.091135
-0.092155
-0.000510
-0.153439
0.045393
0.152348
0.075832
-0.046308
0.030024
0.121534
0.060456
0.106092
-0.168078
-0.015758
-0.000510
0.014737
0.014735
-0.031003
-0.031012
-0.153159
-0.061635
-0.000510
0.030057
-0.015793
0.014772
0.014770
0.030043
-0.015786
0.060577
-0.000510
0.014756
0.060531
0.029996
-0.015762
-0.015765
-0.031026
-0.015772
0.121515
-0.000510
0.014733
-0.000510
-0.000510
0.014730
-0.015751
0.014730
-0.030993
0.014733
0.014730
0.045197
-0.015744
-0.030984
-0.015751
0.014730
0.014728
0.014726
-0.030984
-0.000510
0.014728
-0.030989
0.029968
-0.015748
0.060428
-0.000510
0.045169
0.029931
0.014707
0.014705
-0.061384
0.060363
0.014702
-0.046155
-0.000510
0.045135
0.121107
-0.046099
-0.030915
-0.000510
0.029894
0.029885
-0.046106
-0.000510
0.014691
0.045079
-0.000510
-0.076504
0.029894
0.014689
-0.030910
-0.000510
0.060280
0.029871
-0.046086
-0.046106
0.014691
-0.000510
-0.137403
-0.000510
-0.015732
-0.030961
0.197254
0.181695
-0.046030
-0.061236
-0.304693
0.045176
-0.198636
0.182389
0.075599
0.136341
-0.076515
0.136258
-0.076469
-0.046113
-0.000510
0.090675
-0.000510
0.045051
-0.015695
-0.076469
-0.061319
-0.122239
0.029936
0.029927
-0.107079
0.029950
0.014716
-0.015737
-0.091918
0.075669
-0.030975
0.121293
-0.000510
-0.030947
-0.061412
0.075611
-0.061402
-0.000510
0.029941
0.014712
-0.030956
-0.015737
-0.000510
0.014716
-0.000510
0.014714
-0.030961
-0.030970
-0.000510
0.029950
-0.015739
0.014719
-0.000510
-0.000510
-0.015739
-0.000510
-0.030975
-0.046224
0.045204
0.029954
-0.000510
-0.015741
-0.030979
0.075645
-0.015737
-0.015739
-0.000510
0.029945
-0.061430
-0.015746
-0.015748
-0.015751
-0.030998
-0.076770
0.014747
-0.000510
END
