y[]
-0.002895
-0.080097
-0.002895
-0.033792
0.043448
-0.002895
-0.018340
-0.002895
0.012551
0.012548
-0.018337
-0.002895
0.012548
-0.002895
0.012546
-0.002895
0.012543
0.012541
0.012539
-0.018328
0.043398
-0.002895
-0.049187
0.043398
-0.002895
-0.002895
-0.018323
-0.018325
0.012536
-0.002895
-0.002895
-0.002895
-0.018325
-0.002895
-0.002895
-0.018328
0.012539
-0.002895
0.012536
-0.033759
0.027970
-0.002895
-0.064632
-0.018335
0.012546
-0.018335
0.027984
-0.049216
0.074296
-0.049202
0.043412
-0.080085
-0.002895
0.012548
0.043420
-0.033768
-0.002895
0.043412
0.012536
0.012534
-0.002895
-0.002895
0.027955
0.012527
0.012524
-0.018314
0.012524
-0.002895
-0.002895
-0.018314
-0.002895
0.012524
-0.033735
0.012527
0.012524
-0.080013
-0.064632
-0.018335
0.012546
-0.095573
0.028008
0.043441
0.027984
0.058834
0.135855
0.012510
-0.002895
0.043305
0.089442
-0.002895
-0.033664
0.089385
-0.002895
0.012477
-0.002895
0.027842
-0.002895
-0.018261
-0.095145
0.073987
-0.018266
0.027846
0.012472
0.012470
-0.064367
-0.033645
0.027856
-0.018269
-0.018271
-0.110595
-0.033687
0.058682
0.074023
0.135407
-0.018252
0.027818
0.027809
0.012453
-0.018243
0.027799
-0.033588
-0.002895
-0.033598
0.012458
-0.018247
-0.018250
-0.018252
0.012463
-0.018252
-0.018254
0.027823
-0.002895
-0.018252
0.012463
-0.018252
-0.002895
-0.002895
0.012463
-0.018252
-0.002895
0.012463
0.073857
0.012449
0.043121
-0.002895
-0.002895
-0.033569
-0.018236
0.012446
-0.033579
0.012449
-0.018238
-0.002895
-0.018240
-0.018243
-0.018245
0.012456
-0.033598
-0.002895
-0.033607
0.012463
-0.002895
0.012461
-0.002895
-0.002895
-0.018250
0.027813
-0.033602
-0.002895
-0.033612
-0.002895
-0.002895
-0.018257
-0.002895
-0.018259
-0.018261
0.027837
-0.033626
-0.002895
-0.002895
0.012472
0.058549
-0.033612
-0.033621
-0.018261
0.012472
-0.002895
0.027832
0.012465
-0.018254
0.027823
-0.002895
-0.002895
0.012461
-0.033607
-0.064348
0.012472
-0.049002
0.089300
-0.079717
-0.018266
-0.018269
-0.095188
0.027879
0.104740
0.073916
-0.018252
0.043171
-0.048960
0.089215
-0.202572
-0.049031
-0.002895
0.043242
-0.033650
0.043234
-0.064405
0.104723
0.012470
-0.064367
0.043213
-0.018261
-0.095145
0.027865
0.043227
0.119993
0.058493
-0.002895
0.073787
0.058408
-0.064197
-0.018226
-0.018228
0.012439
-0.217783
-0.110512
-0.110628
-0.033697
0.120258
-0.033669
-0.126085
0.089513
-0.002895
0.027889
-0.002895
0.104773
-0.002895
-0.018269
0.012479
-0.018269
0.027851
0.012475
-0.002895
-0.033635
-0.018269
-0.002895
0.012479
0.027846
-0.002895
-0.002895
-0.049009
0.012479
0.012477
-0.018266
-0.002895
-0.002895
-0.002895
0.043213
0.012470
0.089243
-0.002895
-0.002895
-0.033598
0.012458
-0.018247
-0.033607
0.027818
-0.002895
-0.018250
-0.002895
0.012461
-0.002895
-0.002895
-0.018250
-0.048974
-0.002895
-0.018259
-0.049002
-0.064405
0.012487
0.058606
-0.018266
-0.002895
0.043213
0.027832
-0.048988
-0.002895
-0.033635
0.196752
0.012446
0.043114
0.012437
-0.018226
-0.064244
-0.064282
-0.048960
-0.048981
-0.064376
0.043220
-0.064386
0.043227
0.012475
0.012472
0.012470
-0.002895
-0.002895
-0.002895
0.073893
-0.018247
-0.079694
-0.002895
-0.049002
-0.049024
0.012484
0.027856
-0.049024
0.012484
-0.033654
-0.002895
-0.002895
0.089356
-0.172086
0.150928
-0.125934
0.181607
-0.018257
-0.002895
-0.218213
-0.018292
0.012503
0.120201
-0.064424
0.074011
-0.049031
-0.141431
-0.049116
0.027922
0.043313
0.012503
-0.033692
0.012505
0.104839
-0.033664
0.058634
-0.049038
0.027870
-0.018276
-0.002895
0.058616
-0.033645
0.043227
-0.033640
0.027851
0.012475
-0.033635
0.135365
0.058493
0.012446
0.012444
-0.002895
-0.002895
-0.048917
0.027790
-0.033579
-0.248708
-0.033664
-0.079859
-0.079918
0.043327
-0.002895
0.043305
-0.049095
-0.002895
0.027908
-0.033697
0.012508
0.058691
-0.033683
0.012501
-0.002895
-0.002895
0.012498
-0.002895
-0.049080
0.043291
-0.002895
0.089413
-0.018273
-0.049045
-0.002895
0.012491
-0.002895
-0.002895
-0.002895
-0.018280
-0.033673
0.027884
-0.018283
0.027879
0.012489
-0.002895
-0.002895
-0.018278
-0.002895
-0.002895
0.058625
-0.033650
-0.064433
0.012494
-0.002895
0.058634
-0.018273
0.058606
-0.033640
-0.095188
-0.033678
-0.018290
0.012501
-0.002895
0.012498
0.027884
-0.018283
-0.018285
-0.018287
-0.049087
-0.002895
-0.033702
-0.018302
-0.018304
0.058729
-0.002895
0.027903
0.012501
-0.033687
0.027898
-0.018290
0.012501
0.058663
0.043249
-0.002895
-0.095202
0.027884
0.120126
-0.002895
0.043199
-0.033621
-0.002895
0.058549
-0.095075
-0.125934
0.166245
0.043185
0.058512
-0.033593
-0.002895
-0.033602
0.043164
-0.018245
0.104509
0.043100
0.058399
0.027738
-0.018210
-0.002895
-0.048854
-0.018219
0.027752
-0.002895
-0.094863
-0.094947
0.043142
0.012446
-0.033579
0.012449
0.073787
-0.018226
0.043093
-0.171619
0.073834
0.043114
-0.033565
0.027776
0.027766
-0.002895
0.012432
-0.002895
-0.033551
-0.002895
0.027761
-0.033551
-0.018226
-0.002895
-0.002895
0.012437
-0.002895
0.027761
0.027752
-0.002895
0.012425
0.027738
-0.048847
0.043058
-0.002895
-0.018210
0.012421
-0.018210
0.012421
-0.002895
-0.018210
-0.002895
-0.018212
-0.002895
-0.002895
0.043051
-0.018207
-0.002895
-0.002895
0.012418
-0.048840
-0.018214
0.012425
-0.018214
0.027743
-0.033532
0.012425
-0.018214
-0.002895
0.012425
-0.002895
-0.002895
0.043051
0.012416
-0.048833
0.012421
-0.033527
-0.018214
0.027743
-0.018212
-0.048861
-0.064216
-0.094947
0.012453
-0.002895
-0.018243
-0.048953
-0.002895
0.012461
-0.018250
-0.048974
0.043185
0.027813
-0.064320
0.027823
0.012461
-0.018250
-0.018252
-0.064348
-0.002895
0.027837
0.058540
0.027809
-0.002895
0.119824
0.089045
0.043044
0.012414
-0.064141
-0.033532
0.012425
-0.018214
0.027743
-0.064178
0.242016
0.058239
0.073470
0.058156
0.042869
0.210390
-0.002895
0.088374
-0.018100
-0.033313
0.027524
0.057914
-0.048498
0.042709
0.073064
-0.048463
0.012297
-0.033280
-0.048491
0.057896
-0.002895
0.027487
-0.002895
-0.154893
0.027524
-0.002895
0.012311
0.057905
-0.154963
0.088374
0.057905
-0.018091
0.133790
0.027454
-0.002895
0.012276
-0.002895
-0.033239
0.012279
-0.002895
0.012276
0.027441
-0.078750
-0.018073
-0.002895
-0.033257
0.027468
-0.002895
-0.002895
-0.018075
0.042639
-0.018070
-0.033253
-0.018077
-0.033267
-0.002895
-0.018084
-0.002895
-0.018086
0.012297
-0.018086
0.027487
-0.002895
0.027478
0.012288
-0.002895
-0.002895
-0.002895
-0.018077
0.027468
-0.018075
0.012286
0.027459
-0.033248
-0.033257
0.012288
-0.002895
0.012286
0.012283
-0.033253
0.057813
-0.002895
-0.018068
-0.018070
-0.018073
-0.033257
0.012288
-0.048449
-0.002895
-0.002895
-0.048470
0.027491
-0.033280
-0.033290
-0.002895
0.088263
-0.002895
-0.078854
-0.018093
0.012304
-0.002895
-0.033294
-0.002895
-0.002895
0.012306
0.073076
0.042660
0.027464
-0.033253
0.027464
0.027454
0.012276
-0.018066
-0.048422
-0.048442
0.027473
-0.002895
-0.018077
-0.018079
-0.018082
-0.063666
0.012302
-0.048491
-0.002895
-0.048512
0.149081
-0.063657
0.073053
-0.018079
0.073007
0.012279
-0.109156
0.118538
0.178979
0.057656
-0.033165
0.087891
0.072697
0.027326
0.178238
-0.063235
0.087603
0.057392
-0.063181
-0.063217
-0.078349
-0.002895
-0.093515
-0.018006
-0.048243
-0.123923
0.042508
-0.002895
-0.184630
-0.002895
0.239346
-0.033143
0.133150
0.072606
-0.017990
-0.078406
-0.033115
-0.002895
-0.018008
-0.018011
0.042447
0.042426
END
