y[]
-0.012878
0.040783
0.013950
0.000538
-0.012873
-0.026289
0.013953
0.027362
0.000538
0.013948
-0.012871
-0.012873
0.013950
0.013948
0.000538
0.000538
0.027352
-0.026275
-0.026282
0.040766
0.000538
-0.012869
0.027352
-0.026275
0.067558
-0.012862
0.000538
0.000538
0.013939
0.000538
0.013937
0.000538
-0.012860
0.000538
0.040729
0.013932
-0.026250
0.027327
0.000538
0.013930
0.013928
0.080838
0.054036
0.000538
-0.039582
-0.012839
0.040664
-0.026210
0.027287
-0.026210
0.013914
0.067388
-0.026196
-0.012831
0.054007
0.080688
-0.039528
-0.066275
0.027269
-0.012826
0.040627
0.000538
0.013898
-0.012821
0.013898
-0.012821
-0.026185
-0.039560
0.067361
0.027255
-0.039539
-0.026189
-0.039566
0.013908
-0.012831
0.013908
0.000538
0.027273
0.053986
0.053957
0.133961
-0.079494
-0.079558
-0.159847
0.067397
0.013905
0.000538
0.147450
-0.026157
-0.012812
0.107291
-0.012799
-0.079526
0.000538
0.053922
-0.039496
-0.106299
0.013899
-0.079654
-0.039582
-0.213709
-0.012867
-0.079934
0.094416
-0.053095
-0.039706
-0.214371
0.121482
-0.012893
-0.147321
0.040885
0.094618
-0.147341
-0.093681
0.040929
-0.026387
0.014002
0.027460
-0.012921
0.054367
0.013991
-0.066743
0.027456
0.000538
0.013995
0.013993
-0.026372
0.013995
0.013993
0.054338
-0.012909
-0.012911
-0.039819
-0.012918
0.013995
0.000538
0.000538
-0.026376
0.027453
0.027445
-0.039825
0.000538
-0.053305
0.135092
0.067747
-0.066670
0.027427
0.027420
-0.053232
0.013984
0.000538
-0.026354
-0.053268
0.013993
-0.012916
0.013993
-0.026372
-0.012920
-0.026383
0.000538
0.000538
0.000538
-0.026390
0.040929
-0.012923
0.000538
0.121628
0.040869
0.013978
0.040847
0.067684
-0.012887
-0.026318
0.040820
0.067639
-0.039717
0.027377
-0.079998
-0.012891
0.013968
0.027391
-0.039744
-0.053196
0.013975
-0.012898
0.000538
0.027409
0.000538
0.054259
-0.012889
-0.093503
0.027417
0.013975
0.027406
0.000538
0.040826
-0.012889
-0.066625
0.000538
0.027409
0.054259
0.040810
-0.066589
0.000538
0.081086
0.000538
-0.241300
-0.012914
-0.255406
-0.066924
-0.229176
0.095191
-0.080587
-0.229674
0.108940
0.014080
0.000538
-0.094293
0.081828
-0.067198
0.068275
-0.148543
-0.053728
0.081927
0.081861
0.027631
0.095306
0.041126
0.027587
0.068129
-0.107628
0.135728
-0.026485
0.095088
-0.148080
-0.080619
0.149278
0.176036
-0.039934
-0.175031
0.014055
-0.026496
0.041087
-0.040010
0.068111
0.000538
0.014047
0.014046
-0.067015
0.027565
-0.026489
0.014053
0.054578
0.014044
0.027544
-0.012963
0.000538
0.000538
-0.039977
0.027551
0.000538
-0.039983
0.041060
-0.012967
0.027547
-0.039977
-0.067025
0.014055
0.000538
0.027565
0.000538
0.000538
0.014049
0.014047
0.014046
0.027547
0.000538
0.027540
0.041027
0.000538
0.027522
0.014027
-0.012950
-0.053435
0.014035
0.000538
0.014033
-0.026452
-0.026459
-0.026467
-0.026474
-0.094063
0.041093
0.014053
-0.012976
0.054585
-0.039994
0.000538
-0.053530
-0.012983
-0.026511
0.216726
-0.039961
0.014040
-0.026467
-0.039983
0.054563
-0.026470
0.054549
0.041027
-0.012956
-0.026456
0.014036
0.000538
0.000538
0.000538
0.014035
-0.012958
0.054512
0.081445
0.014016
0.040962
-0.012934
0.027482
0.040940
0.040923
0.027453
-0.026376
-0.012921
0.027456
0.202192
-0.012893
-0.012894
0.188433
-0.187356
-0.160795
-0.066761
-0.228619
0.081477
0.081412
-0.053370
-0.066888
-0.093935
-0.039977
0.041054
-0.094024
0.176084
0.094935
0.014016
-0.039901
0.202572
0.094681
0.000538
-0.080150
0.081227
-0.080150
-0.053290
0.081270
-0.107119
0.040923
0.108152
-0.039803
0.000538
-0.026365
0.027442
0.027435
0.000538
-0.026358
0.000538
0.013987
0.000538
-0.012911
0.040880
0.040864
0.013977
0.013975
0.000538
0.013973
0.027402
0.027395
-0.053182
0.027402
0.013968
0.040815
0.000538
0.000538
-0.053167
0.013968
-0.039754
0.040831
-0.026322
0.040826
0.000538
0.013964
-0.026314
0.000538
0.027391
-0.053174
0.013969
0.000538
-0.026325
0.040831
-0.012891
0.000538
0.000538
-0.012893
0.013969
0.013968
-0.012891
-0.012893
0.013969
-0.012893
0.013969
0.013968
-0.026322
0.000538
-0.012894
-0.039771
0.000538
0.013977
0.040842
-0.053203
0.013977
-0.026340
0.000538
0.013978
0.000538
0.027413
-0.012898
0.000538
0.013975
0.013973
0.067684
0.013962
0.040799
-0.066571
0.013964
0.054222
0.000538
0.013955
0.067594
0.040750
0.000538
0.000538
0.000538
-0.039673
0.054151
0.054122
-0.012855
-0.012857
-0.053059
0.054136
0.013933
0.013932
-0.026250
-0.066463
-0.039684
0.013948
0.094353
-0.133510
-0.039711
0.013957
-0.079998
0.040815
0.027380
0.067612
-0.066535
-0.080009
-0.039760
0.040837
-0.093516
0.175141
-0.053153
0.054230
-0.080009
-0.053196
-0.268568
-0.120796
-0.012952
-0.039945
-0.107497
0.135564
-0.053450
0.135455
-0.039917
-0.039934
-0.093960
0.000538
-0.175197
-0.161953
-0.094370
-0.013027
0.014104
0.014102
0.027661
0.054761
0.027639
-0.040115
0.027642
-0.053677
-0.013020
-0.013022
-0.026588
0.068340
-0.013018
0.014095
0.014093
0.027642
-0.040120
0.027646
-0.053684
0.041208
0.014091
0.000538
0.014089
-0.013013
-0.026569
0.041197
0.014088
-0.080784
0.027653
-0.026577
0.000538
-0.026584
-0.026591
0.027668
0.027661
0.000538
0.081861
0.027631
-0.013007
-0.013009
0.014086
-0.013009
0.027631
0.041164
-0.040087
-0.067208
0.095370
-0.013003
-0.013005
0.027624
-0.040093
0.000538
0.014084
0.027624
0.000538
0.054688
-0.040071
-0.013002
-0.013003
-0.053647
0.027635
-0.080773
0.054754
0.000538
0.068266
-0.026547
0.081773
-0.012996
0.014073
0.027602
-0.026525
-0.026533
0.014075
-0.040076
0.054688
-0.012996
-0.067162
0.041164
-0.013002
-0.040093
-0.040109
0.014089
-0.026566
-0.013016
-0.135110
0.027683
-0.026606
0.041252
-0.216794
-0.026661
0.095705
0.366765
0.000538
-0.040087
-0.040104
0.027635
-0.026558
-0.162196
0.000538
-0.257667
-0.094758
0.068617
0.095770
0.136426
-0.026624
0.095576
-0.080917
0.109131
-0.053743
0.014112
-0.080928
-0.067401
-0.067447
0.027738
0.163582
-0.080950
-0.053824
-0.040253
-0.013062
0.217930
-0.026610
-0.026617
0.000538
-0.080972
0.082049
0.068413
-0.040181
0.027687
0.041247
0.014104
0.000538
0.014102
0.014101
-0.013024
0.041219
-0.013020
0.000538
-0.013022
0.000538
-0.040153
0.000538
0.027668
-0.040159
0.014106
0.000538
-0.040170
0.000538
0.000538
0.027679
0.054798
0.000538
-0.013024
-0.013025
0.014102
0.000538
0.000538
-0.026591
0.027668
0.027661
0.027653
0.027646
-0.040126
-0.013020
0.041208
0.000538
0.000538
0.000538
0.014091
-0.013014
-0.013016
0.000538
0.027646
-0.013014
-0.013016
-0.040137
0.027657
-0.067272
0.027668
0.027661
0.041208
-0.040131
-0.013022
0.054768
0.014091
-0.013014
0.054739
0.000538
0.068248
0.000538
0.027609
-0.026533
-0.013000
0.027613
-0.012998
0.027609
-0.012996
-0.026536
0.014077
-0.040082
-0.026551
-0.013009
-0.053669
0.068294
0.000538
0.014084
0.054702
-0.053625
0.014082
-0.067198
0.014089
-0.026566
0.027642
0.054724
0.176440
0.230098
0.081434
0.067901
0.014006
-0.080291
0.067901
0.108225
0.000538
-0.080215
-0.026394
-0.053348
-0.039896
0.040972
0.054425
-0.026401
-0.026408
0.027485
-0.053363
-0.093858
-0.080444
0.014040
0.108486
-0.134414
-0.121075
-0.161843
0.135875
-0.040043
0.000538
0.054644
-0.107701
0.068202
0.014066
-0.053581
0.122267
0.027569
0.027562
0.000538
-0.012972
0.000538
0.000538
-0.012974
0.378203
-0.053326
END
