y[]
-0.047477
-0.047500
-0.023412
-0.035476
-0.059617
0.036883
0.133279
-0.023401
-0.156056
-0.132133
-0.011391
0.181798
-0.107931
-0.011384
-0.132246
0.012786
0.085300
0.061083
0.024839
-0.011379
0.012765
0.024833
0.012761
0.024824
0.000693
-0.083792
-0.011382
0.036914
0.012764
-0.035524
-0.011382
-0.047622
0.036931
0.000693
-0.011385
-0.071806
-0.023485
0.024871
-0.023485
0.012783
-0.011397
-0.023491
0.012786
0.036962
0.036949
-0.059741
0.000693
0.000693
-0.011398
0.000693
0.012784
-0.011398
0.024874
-0.011397
-0.011398
0.000693
-0.011400
0.012786
0.012784
0.000693
-0.011398
0.000693
0.024874
0.000693
0.012781
0.012780
0.000693
0.012778
0.036940
0.000693
0.012772
0.000693
-0.035550
-0.011391
0.036940
0.000693
-0.023470
-0.011391
-0.096031
-0.023503
0.073262
0.000693
-0.011398
0.049049
-0.011394
-0.023485
-0.023491
0.000693
-0.023497
-0.011404
0.073253
0.000693
-0.047675
0.012787
0.000693
0.000693
0.049055
0.024865
0.121466
0.024830
-0.011375
0.048956
0.036875
0.012751
0.000693
-0.071675
-0.023441
0.024827
-0.023441
0.133359
0.048892
0.036827
-0.071587
0.048886
0.036822
-0.071579
0.072965
0.024772
0.036801
-0.083578
-0.083649
-0.011362
0.048903
0.036835
0.060901
0.036801
-0.011341
0.024760
0.108925
0.084792
-0.011317
-0.035345
-0.071422
-0.011331
-0.083518
0.157028
0.000693
0.048747
-0.131511
0.048787
0.048764
-0.119528
0.000693
-0.023369
0.024755
-0.023369
0.000693
0.012725
0.000693
-0.011339
-0.035410
-0.011344
0.000693
0.000693
-0.011346
-0.011347
0.012733
0.000693
-0.011347
0.012733
0.036805
-0.023380
-0.035428
-0.011350
0.000693
0.000693
0.000693
0.012736
0.036814
-0.011346
-0.047477
0.024781
0.036814
-0.035428
0.012735
-0.011349
0.000693
0.012735
0.012733
-0.047477
0.024781
-0.059537
-0.035462
-0.035476
0.000693
0.012751
-0.023424
0.012752
0.000693
0.012751
0.000693
-0.035484
0.036870
0.000693
0.012749
-0.011363
-0.023424
0.012752
-0.011366
0.000693
0.024810
0.012749
-0.011363
0.012749
-0.144077
-0.047610
0.012771
-0.047628
-0.011391
-0.011392
-0.035572
-0.047680
-0.011404
-0.011406
-0.144603
-0.047786
0.073403
0.037028
0.012802
0.000693
-0.108338
-0.132729
0.000693
0.024965
-0.059998
-0.084336
0.000693
0.012844
0.182787
-0.035699
0.097710
-0.084192
-0.047845
-0.132908
0.037147
-0.072229
-0.047951
-0.096666
-0.011484
0.158873
0.085763
0.061413
-0.047880
-0.084367
-0.169644
-0.206536
0.147017
-0.170039
0.037303
0.037290
0.000693
-0.011504
0.207846
-0.096737
-0.048058
0.037258
0.049426
-0.206586
-0.060353
0.049533
0.037307
-0.023715
-0.011513
0.147070
-0.133478
0.037303
-0.231397
-0.109432
0.000693
0.061889
0.000693
0.012928
0.025158
0.000693
0.012923
-0.060473
0.012929
0.037392
0.025152
-0.011536
0.000693
0.012922
0.037370
0.061792
-0.011524
-0.023745
0.012913
0.012911
0.012910
0.000693
0.012908
0.025119
0.037321
0.012899
0.012898
-0.035926
0.012901
-0.011515
0.025107
0.037303
-0.023712
0.012896
-0.035921
-0.011515
0.012901
0.012899
0.012898
0.000693
0.012896
-0.023715
-0.011513
0.049509
0.000693
-0.035917
-0.023721
-0.011516
0.000693
-0.035944
-0.048177
0.037348
0.025122
-0.035953
0.012910
-0.011524
0.037339
-0.011521
-0.023739
-0.023745
-0.072657
0.159549
0.073926
0.025092
0.037281
0.012886
0.012884
-0.072478
0.012892
0.061665
0.012883
0.012881
-0.011495
-0.035881
0.012886
0.037263
0.000693
-0.096856
-0.023709
-0.023715
-0.035930
0.025110
0.073908
-0.011506
0.061672
-0.060286
-0.035912
-0.011512
-0.048141
-0.084824
0.098421
-0.011518
0.049527
-0.145881
-0.011531
-0.244105
0.135406
-0.011546
0.135241
0.074007
-0.048177
-0.035975
0.049581
0.000693
-0.060421
0.037366
0.025134
0.025128
0.000693
-0.011524
-0.133790
-0.036015
-0.060518
0.110845
0.098504
-0.023751
-0.035984
0.061814
-0.011528
-0.146078
-0.036033
-0.085055
0.000693
-0.011563
0.012949
0.000693
0.037451
0.086409
-0.036033
0.049659
-0.072764
-0.048309
-0.036074
0.012950
0.025203
-0.011561
0.012947
0.000693
-0.023817
0.000693
-0.011564
0.025206
0.012947
-0.023817
-0.060608
0.074249
-0.011563
0.037455
-0.011560
0.025197
0.000693
0.025191
0.025185
0.012937
0.000693
0.000693
0.037415
-0.023787
0.000693
0.000693
0.025173
0.000693
0.012931
0.061859
0.000693
0.025149
-0.023763
0.000693
0.000693
0.000693
-0.011537
0.000693
0.025152
0.000693
-0.023766
0.025152
0.025146
0.000693
0.037361
0.012913
0.037343
0.012907
-0.060391
0.025131
0.000693
0.037339
0.012905
-0.023733
0.012907
0.012905
0.000693
-0.023733
-0.097071
0.025143
-0.072675
0.012925
0.000693
0.037379
0.037366
0.012914
-0.011528
-0.060435
0.000693
0.000693
0.025149
0.012919
0.110657
-0.048165
0.012910
0.098373
-0.023718
0.012899
-0.011513
-0.048147
0.293376
0.158873
0.012850
-0.096607
0.110149
0.061450
-0.096536
0.037165
0.025000
0.170678
0.000693
-0.035708
-0.011444
-0.047868
-0.011451
0.000693
0.000693
-0.060049
0.073579
0.085660
-0.023576
-0.060005
0.073526
0.037090
-0.023570
0.012825
-0.011439
-0.047851
0.061369
0.158278
0.037024
0.012800
-0.023523
0.073323
-0.023511
-0.071955
0.000693
0.024915
0.012802
0.012800
0.012799
-0.047739
0.024912
0.000693
0.012800
-0.011414
0.000693
0.037010
0.012796
0.012794
0.000693
-0.011408
0.012794
-0.047721
-0.071973
-0.035660
0.037046
0.037032
0.024912
0.073315
0.000693
0.000693
0.085352
-0.011397
-0.011398
0.061134
-0.083935
-0.035598
-0.011407
0.024891
0.012790
-0.047704
0.049090
-0.023503
0.012791
-0.035607
0.012794
0.012793
0.024888
-0.011404
-0.326481
0.012830
0.024962
0.012825
-0.011439
-0.059990
0.037107
-0.011444
0.000693
-0.035726
-0.011450
0.000693
0.024977
0.012833
0.000693
0.061369
-0.023573
-0.047857
-0.035735
0.037121
-0.023591
0.012836
-0.011450
0.037116
-0.011447
-0.023591
-0.060042
-0.035766
-0.047939
0.097934
0.061420
0.037112
0.000693
-0.023585
-0.035735
-0.132989
-0.084470
-0.011479
-0.108923
0.000693
0.122481
-0.084543
0.037232
0.110229
-0.060145
-0.096725
0.207594
-0.206208
-0.292133
0.220393
-0.206789
0.012910
-0.231680
-0.146348
0.037473
-0.183345
0.012973
-0.073008
-0.011596
0.135787
0.037505
0.160056
-0.085086
0.074222
-0.085097
-0.097442
-0.036133
0.074331
-0.011576
-0.036124
0.000693
0.049779
-0.195795
0.123543
0.062062
0.000693
0.098804
0.037460
0.147626
0.110751
-0.207296
0.061911
0.025170
0.025164
0.025158
-0.011539
-0.023775
0.000693
-0.048261
0.012934
0.025170
-0.121751
0.000693
-0.011560
0.012946
-0.048327
-0.011566
-0.011567
-0.011569
0.000693
-0.048369
0.049755
0.025215
0.012952
0.037460
0.012946
0.061934
-0.036047
0.000693
0.037433
-0.036047
0.012941
0.049671
0.012934
0.012932
0.000693
0.012931
0.000693
0.012929
0.061851
-0.011536
-0.011537
0.012923
-0.011537
-0.023772
0.025158
0.000693
0.012923
0.000693
0.037375
0.037361
-0.011528
0.000693
0.000693
0.000693
0.037352
-0.023745
0.012913
0.000693
-0.023748
0.000693
0.025134
0.000693
0.025128
0.147177
0.025086
0.049462
-0.048076
0.012887
0.049456
0.012880
-0.023682
-0.011497
0.073810
0.000693
-0.023673
-0.035868
-0.011497
-0.035886
-0.048099
0.086064
0.000693
-0.011498
0.049450
0.025062
0.085939
0.012865
-0.011479
0.098028
-0.035797
0.134423
0.122111
0.146200
0.073367
0.000693
-0.059865
0.024921
0.012805
0.085434
0.000693
0.012793
0.024888
0.073244
-0.035576
-0.047686
-0.047710
0.012796
END
