y[]
0.196092
-0.282596
-0.159378
-0.221691
0.119505
-0.035616
0.103899
0.010887
-0.035587
-0.020099
0.010892
0.026380
0.304707
-0.004603
-0.004603
0.010837
-0.050932
0.041725
-0.050932
0.057163
-0.020041
-0.020044
0.057144
-0.035472
0.134232
0.087847
0.026194
-0.066208
-0.035420
-0.050846
-0.174343
0.072587
0.087947
0.226397
0.087648
0.102915
0.010747
0.010745
-0.004603
-0.004603
0.010742
-0.035297
0.010745
0.010742
-0.004603
0.056756
-0.004603
-0.019939
-0.019942
0.026072
0.026062
-0.019935
0.010728
0.056699
-0.004603
-0.019925
0.010719
0.010717
-0.019923
-0.019925
-0.019928
-0.096600
-0.065981
-0.004603
0.010745
-0.004603
-0.004603
0.041427
-0.035288
0.010740
-0.004603
0.087407
-0.081273
-0.050633
-0.004603
-0.019951
0.026090
-0.004603
-0.019949
-0.066009
-0.035320
-0.004603
0.041469
-0.066038
-0.035335
0.056850
-0.019963
0.026114
0.026105
0.102800
-0.050619
0.072078
0.117965
0.026015
-0.050535
-0.019918
-0.050563
0.041356
0.010712
0.041328
-0.004603
0.071902
0.117684
0.056484
-0.080968
-0.019883
0.056503
-0.004603
-0.035152
0.010672
-0.050436
0.025954
-0.050443
-0.019888
-0.019890
0.041251
-0.004603
-0.019886
0.025959
-0.035166
-0.065756
-0.019897
-0.035198
-0.065821
0.087210
0.087126
0.025954
0.071750
-0.080957
0.041216
0.041195
-0.126778
0.117571
-0.126778
-0.050457
-0.035184
-0.081097
0.010700
-0.142418
0.056671
0.102537
-0.127058
0.010712
0.056634
-0.096473
0.010714
0.163734
0.041258
-0.004603
-0.050464
-0.065784
0.071867
-0.019893
-0.019895
-0.035194
0.010693
-0.050499
0.025997
-0.004603
0.071855
0.010681
0.071785
-0.004603
-0.004603
-0.019876
0.025940
-0.065700
-0.004603
0.010674
-0.004603
0.010672
-0.019879
0.010672
0.010670
0.025936
-0.004603
-0.035142
0.025936
-0.035142
-0.004603
-0.065709
0.025954
0.010672
-0.019879
0.025945
0.010667
0.208942
-0.004603
-0.004603
-0.019841
-0.019844
-0.019846
-0.035096
0.025889
-0.004603
-0.004603
-0.004603
0.041118
0.025866
0.010628
-0.004603
-0.004603
0.010626
0.025847
0.025838
-0.004603
-0.004603
-0.004603
-0.065495
0.086721
-0.095927
-0.004603
-0.004603
-0.019832
0.041076
0.025838
0.071460
-0.019811
-0.004603
-0.019814
0.010607
0.025810
0.010600
-0.065430
-0.050248
-0.004603
0.010614
-0.004603
-0.019820
-0.004603
-0.035045
-0.019827
-0.035059
0.025852
-0.095997
-0.019844
0.056344
-0.035072
0.041097
-0.004603
0.041076
-0.065514
0.025857
0.010623
0.010621
0.086693
0.025810
0.025801
0.040986
-0.065394
-0.050220
-0.050241
-0.141642
-0.035082
-0.019846
0.162939
-0.004603
0.071460
0.010602
0.025801
0.040986
-0.065394
-0.019807
0.071390
-0.004603
0.086513
-0.034966
0.056113
-0.019779
-0.019781
-0.065338
-0.004603
0.056132
-0.004603
0.040924
0.025737
-0.080470
-0.050151
0.025764
0.056104
0.040903
-0.019770
-0.126018
-0.004603
-0.019790
-0.019793
-0.034989
0.010591
0.010589
0.025773
0.040944
0.025750
-0.019779
-0.004603
-0.034961
-0.019786
0.010579
-0.004603
-0.004603
-0.004603
0.010577
-0.034966
-0.004603
-0.004603
-0.019788
-0.019790
0.040951
-0.034971
0.040944
-0.004603
-0.004603
0.025750
-0.004603
-0.126073
-0.034994
-0.050206
-0.019809
0.010602
-0.019809
0.010602
0.010600
-0.035012
0.010602
-0.004603
-0.004603
0.010600
-0.004603
-0.019807
-0.050227
-0.035031
-0.035040
0.010616
0.025829
-0.004603
0.041028
0.010602
0.041000
-0.050206
-0.004603
0.132144
-0.050165
0.025773
-0.004603
-0.095761
-0.004603
0.010595
-0.111043
-0.050255
-0.065505
0.071518
0.041041
-0.035031
-0.050262
0.041055
0.010612
0.041028
0.010602
-0.035017
0.025810
-0.080655
-0.035040
0.071471
-0.080678
-0.019825
0.056270
0.056233
0.056196
-0.065403
0.056196
0.010591
-0.004603
-0.080597
0.010600
-0.019807
0.116959
0.056122
-0.004603
-0.004603
-0.141288
-0.035003
-0.035012
-0.004603
-0.050234
-0.019818
-0.019820
0.162659
-0.065394
-0.065430
0.056224
-0.050220
0.041014
0.025797
-0.019802
-0.035008
-0.004603
0.025801
-0.035008
0.041000
0.147257
0.207615
-0.201648
-0.080493
-0.141350
0.056196
-0.141454
0.223378
-0.126128
0.086554
0.040944
0.056095
0.040896
-0.004603
0.025718
0.207390
0.222034
-0.034792
0.161322
0.010467
0.070715
0.100747
0.085609
-0.049699
-0.124958
0.070636
-0.019646
-0.019649
0.010442
0.010440
-0.004603
-0.019646
0.025481
0.070568
-0.034665
0.010429
-0.049706
-0.004603
0.025467
-0.064754
0.070579
-0.004603
0.010426
-0.019633
0.010426
-0.004603
0.070511
0.040438
-0.019615
-0.004603
-0.019617
-0.004603
-0.034638
0.010415
-0.019622
0.055457
0.055421
-0.004603
-0.019606
0.040398
-0.019601
0.025391
-0.049598
-0.124687
0.040445
-0.034633
-0.064690
0.025445
0.070477
-0.064663
-0.004603
-0.004603
-0.019624
0.085487
-0.004603
-0.019613
0.040418
-0.019608
-0.109700
-0.019626
0.040459
-0.034642
0.010417
0.025431
-0.079707
0.040465
0.025431
-0.049658
0.010417
-0.004603
0.070466
0.085406
-0.064600
-0.019608
-0.034620
0.055421
-0.169756
0.010422
0.040459
0.010413
0.085446
-0.079639
-0.139809
0.025458
-0.004603
0.010424
-0.079763
-0.004603
0.100605
0.010417
-0.004603
0.055457
-0.079684
0.025436
-0.019622
-0.079729
0.040479
-0.019628
0.040465
-0.019624
0.025436
-0.034642
-0.049679
0.010424
0.055484
-0.019622
0.100478
0.100368
0.040351
0.010377
-0.019583
-0.034570
0.085271
-0.049530
0.145075
-0.109354
0.055268
-0.049503
0.025332
-0.034539
-0.004603
-0.019574
-0.019577
0.025341
-0.019574
-0.019577
-0.019579
0.010372
-0.034557
-0.034566
0.010379
0.010377
-0.019583
-0.064546
-0.049584
-0.034602
0.025395
-0.004603
-0.004603
-0.004603
0.040378
0.025373
0.010381
-0.004603
-0.004603
-0.019588
-0.019590
-0.004603
-0.019592
0.040357
0.010379
-0.034570
-0.049571
0.010388
-0.004603
-0.019595
0.010388
0.010386
0.025368
-0.034575
0.010384
0.010381
-0.004603
0.010379
-0.004603
-0.019586
-0.004603
-0.019588
-0.019590
0.010384
-0.019590
-0.049577
0.085325
0.025355
-0.064528
-0.079560
0.025386
0.040364
0.010381
-0.004603
-0.019588
0.055322
-0.064528
0.040344
-0.034566
-0.004603
0.115193
-0.004603
0.040283
-0.004603
0.040263
-0.064430
0.055223
-0.139263
0.025337
0.055250
-0.004603
0.025310
-0.064439
-0.004603
-0.004603
-0.124382
0.010377
0.040324
-0.139445
0.070331
0.040330
0.010370
-0.019577
-0.079504
0.130178
-0.049510
0.115103
-0.094370
-0.019572
-0.019574
-0.049530
-0.019583
-0.079538
0.025377
-0.019592
-0.004603
-0.019595
0.040364
0.025364
-0.079538
0.100289
-0.019581
-0.004603
0.040324
-0.019577
-0.049537
0.025355
-0.019581
0.040324
-0.049530
0.025350
0.010370
0.055268
0.159858
-0.064376
-0.124256
-0.004603
-0.004603
0.010361
-0.004603
0.010359
-0.064466
-0.004603
0.100132
-0.019559
-0.019561
-0.019563
0.010357
-0.004603
-0.019563
0.010357
0.010354
0.010352
-0.034516
-0.004603
0.025310
-0.019559
0.010352
-0.004603
-0.004603
0.010350
0.025297
-0.034503
0.025297
0.055170
0.055134
-0.034467
0.010330
-0.034472
0.025265
-0.004603
-0.004603
-0.019536
-0.004603
-0.034476
-0.004603
0.010334
0.025265
-0.004603
0.010328
-0.004603
-0.049403
0.025265
-0.019536
-0.004603
0.010330
-0.034472
-0.019541
-0.019543
-0.019545
0.025279
0.070063
-0.019532
0.040176
-0.019528
-0.034458
-0.019534
-0.004603
-0.019536
0.010330
-0.019536
-0.004603
-0.004603
-0.019539
-0.034481
-0.079336
-0.019557
0.025301
-0.004603
0.010346
0.025288
-0.034494
-0.004603
0.040230
0.010337
-0.049430
-0.019550
0.025288
0.055152
-0.004603
-0.019539
0.010332
-0.004603
0.010330
0.010328
END
