y[]
-0.048209
0.047507
-0.000351
0.095297
0.059383
0.083216
0.011582
-0.048089
0.083176
0.023501
0.095001
-0.036097
-0.012269
-0.036114
-0.036127
-0.036140
0.071214
-0.036127
0.011576
-0.000351
-0.000351
0.023498
-0.059985
-0.012282
0.166554
-0.071848
0.130687
0.118626
-0.047925
-0.000351
0.047223
-0.131233
0.094853
-0.024143
-0.036050
0.035349
-0.024149
-0.024155
-0.024160
0.047262
0.011549
-0.095589
-0.000351
-0.036089
0.011563
-0.012265
-0.024183
0.011566
-0.012268
0.047308
-0.000351
-0.024177
-0.012266
0.035391
0.011560
-0.000351
0.011559
-0.012261
-0.000351
-0.012262
-0.036093
0.023478
-0.012265
0.011563
0.047291
-0.024169
-0.012262
-0.012263
-0.012265
-0.024183
0.011566
-0.000351
-0.012268
0.011566
0.023478
-0.012265
0.023476
-0.000351
0.011560
-0.000351
-0.036089
-0.000351
-0.000351
0.083017
0.011553
-0.000351
-0.024160
-0.000351
-0.000351
0.011555
-0.036072
0.023464
-0.024166
-0.047998
-0.095714
0.071180
-0.012269
-0.059963
-0.024206
0.059276
0.059240
-0.012266
-0.000351
0.059212
0.023464
0.059162
0.082908
0.011538
-0.047913
-0.012245
-0.000351
-0.024143
-0.059857
0.011553
0.011552
-0.000351
-0.083699
-0.083769
-0.048049
-0.024209
0.023507
-0.071941
-0.036165
0.035464
-0.024226
-0.239414
0.011616
0.083376
0.143018
0.071257
-0.048084
-0.060049
-0.107897
0.226556
0.023504
0.083097
0.071120
-0.000351
-0.012259
0.059176
-0.071788
0.059184
0.082938
-0.047936
-0.000351
-0.036055
-0.024160
-0.000351
-0.000351
-0.000351
0.023459
-0.012255
0.106735
-0.000351
-0.000351
0.070976
-0.095464
0.059106
-0.071703
0.047223
0.070967
-0.047891
0.011536
0.011535
-0.012237
-0.047908
-0.047930
0.023442
-0.012246
0.011545
-0.000351
0.011543
-0.000351
-0.000351
-0.024141
-0.000351
-0.000351
-0.000351
0.035332
0.011540
-0.000351
-0.012242
0.011540
-0.012242
-0.012244
-0.000351
-0.000351
0.023433
0.023428
-0.012239
-0.012241
0.011539
0.011538
-0.024129
-0.036029
0.035327
-0.024135
-0.012245
0.011543
0.011542
0.011540
0.011539
-0.000351
0.011538
-0.012239
-0.012241
0.023428
0.023422
-0.000351
0.011533
0.011532
-0.047891
-0.000351
-0.036021
0.035319
-0.012239
0.130345
-0.035978
0.023402
-0.083511
-0.012237
-0.047908
0.059092
-0.000351
0.035298
-0.047885
0.023419
-0.012235
-0.083580
-0.047942
0.023447
-0.012249
0.035340
0.011543
-0.024141
-0.000351
-0.119384
0.023467
0.011556
0.011555
-0.000351
-0.012256
-0.059900
-0.012265
0.320829
-0.024107
0.094638
0.023382
0.070815
-0.237768
-0.119271
-0.059864
0.130531
-0.000351
0.047200
0.035298
0.094650
-0.035966
-0.024101
0.023399
0.059000
-0.024087
-0.024093
0.047127
-0.035957
-0.024095
-0.024101
-0.035987
-0.000351
-0.024115
-0.143055
-0.024155
0.023453
0.047240
-0.071745
-0.036067
-0.047993
0.035383
-0.024172
-0.048010
0.011566
-0.036106
-0.012272
0.071154
0.035383
0.047274
0.011552
-0.012254
0.011552
-0.012254
-0.047976
-0.012261
0.035374
0.047262
-0.024155
-0.024160
0.011555
-0.036072
0.011557
0.023461
0.023456
-0.000351
-0.024158
-0.047981
0.011559
0.011557
-0.024169
-0.107602
0.011572
-0.048049
-0.012279
0.023504
0.035421
0.023490
0.023484
-0.036106
-0.012272
-0.000351
-0.000351
-0.000351
-0.036123
0.035421
-0.000351
-0.000351
-0.024197
-0.012276
-0.000351
0.011574
0.023496
-0.012273
0.035412
-0.012271
-0.012272
-0.048049
-0.048072
0.023513
-0.000351
0.023507
-0.000351
0.059269
-0.000351
-0.071899
-0.048078
0.023515
0.285602
-0.095578
-0.238815
0.059319
0.071205
-0.012273
0.059247
-0.083798
-0.036135
0.011579
0.023504
0.011574
0.011573
-0.012275
0.011573
0.035412
0.023484
0.047302
-0.059921
-0.000351
0.059219
-0.059921
-0.024189
0.047319
-0.000351
-0.012266
-0.024186
-0.036114
0.094989
0.011560
-0.119526
-0.203275
0.190648
0.059262
-0.167356
-0.143720
0.023558
0.083286
0.047410
0.095103
-0.012278
0.035425
-0.059985
-0.071958
0.035459
-0.083928
-0.227556
-0.120140
-0.108284
-0.144443
0.083728
0.035661
0.047645
0.023639
-0.084339
-0.000351
-0.024360
0.119640
-0.108336
-0.000351
0.035657
0.035644
0.071600
0.131425
0.131252
-0.000351
-0.012308
-0.024269
0.023567
0.011606
0.011604
-0.012306
-0.024266
-0.048198
0.035536
-0.024274
0.047490
-0.012309
-0.036234
-0.060185
-0.012322
-0.000351
-0.012323
-0.012325
-0.000351
-0.012326
0.047542
-0.012322
-0.012323
-0.000351
0.011622
0.011620
0.059483
-0.012315
-0.012316
0.023578
-0.000351
-0.000351
-0.000351
-0.000351
0.023573
-0.012312
-0.048209
0.011616
0.011614
-0.000351
-0.012316
-0.000351
-0.000351
-0.000351
0.023578
0.035532
0.011607
0.011606
0.011604
-0.024263
-0.048192
-0.024280
0.011614
0.023575
-0.036242
-0.108103
-0.036294
0.059547
0.011624
0.011623
0.011622
0.191014
0.011597
-0.036200
-0.143874
0.119266
-0.072104
0.095309
-0.036212
-0.012308
-0.108026
-0.036268
0.011623
-0.036277
-0.060256
0.047576
-0.000351
-0.060263
-0.012338
0.023621
0.047576
0.023604
0.023598
-0.012325
0.011623
0.035562
0.071437
0.023567
-0.024269
0.047479
0.023555
0.011600
-0.012302
0.047445
0.071299
-0.107846
-0.131891
0.047502
0.035524
-0.012308
0.023561
-0.108000
0.083386
0.083316
-0.095976
-0.024271
-0.096090
-0.012325
-0.000351
0.107363
0.095297
-0.107961
-0.215920
-0.084309
-0.036354
0.083637
0.071583
0.131394
-0.036264
-0.024300
-0.000351
0.011624
-0.132158
0.095526
-0.060263
-0.132285
0.047645
-0.024346
0.023644
-0.036346
-0.024355
0.011652
0.035648
-0.000351
0.011646
0.011645
-0.000351
-0.000351
-0.000351
-0.012346
-0.012348
-0.000351
0.011646
-0.012348
-0.012349
0.011647
0.011646
-0.000351
0.011645
-0.000351
0.035627
0.023627
-0.000351
0.047588
0.035588
-0.012329
-0.024312
0.035588
-0.000351
-0.012329
-0.012331
-0.012332
-0.000351
-0.012333
0.011632
-0.012333
0.011632
-0.012333
-0.000351
0.011632
-0.048290
0.011636
0.011634
-0.000351
0.011633
-0.012335
0.071531
0.023598
-0.012325
-0.024303
0.059519
-0.024294
-0.024300
-0.000351
0.011624
-0.060242
0.011630
0.035584
0.047542
-0.000351
-0.000351
-0.000351
-0.000351
-0.000351
0.059483
0.059447
0.023558
-0.012305
0.059404
0.023541
-0.036191
0.023544
0.095172
0.071231
0.059262
-0.059963
0.059262
-0.048038
0.202163
-0.012252
0.011550
-0.071779
-0.036084
-0.012265
0.154420
0.106658
-0.036008
0.023422
0.070933
0.047144
-0.083481
0.023408
-0.047874
0.047172
0.011526
-0.071635
-0.059793
-0.214637
0.059219
-0.167236
-0.012282
-0.012283
0.095069
-0.083838
-0.143634
0.011597
0.095183
-0.060049
0.071282
-0.012286
0.107016
-0.000351
-0.036127
-0.000351
0.083107
-0.048032
-0.059985
-0.048084
-0.000351
-0.000351
-0.000351
-0.000351
-0.036165
0.047399
-0.000351
-0.000351
-0.024223
-0.012289
-0.024231
0.011590
-0.000351
-0.012292
0.011590
0.011589
-0.024231
-0.012293
-0.012295
-0.012296
0.035481
0.023530
-0.012290
0.011589
-0.036174
-0.000351
-0.048135
-0.000351
-0.012300
0.023547
0.011596
-0.024246
0.011597
0.023541
-0.036191
-0.000351
0.011597
-0.024249
-0.000351
-0.000351
0.011599
-0.024251
-0.000351
-0.000351
-0.000351
0.011600
-0.000351
0.011599
-0.036204
-0.012305
0.035506
0.011599
-0.012300
0.047439
-0.000351
0.011593
-0.024240
0.059361
0.047393
-0.012285
-0.012286
-0.012288
0.035455
0.023513
-0.012282
-0.000351
-0.000351
-0.071967
0.059333
-0.095862
-0.000351
0.011593
0.047410
0.011586
-0.000351
-0.048106
-0.036182
0.083236
-0.012288
-0.000351
0.059319
0.154623
-0.048010
-0.059956
0.011573
-0.000351
-0.059985
-0.024214
0.047370
-0.036140
0.011580
END
