y[]
0.000250
0.000250
0.013636
0.027017
0.053762
0.000250
-0.013125
0.026999
0.026992
0.000250
-0.026491
0.080454
-0.026477
0.000250
0.026978
0.026971
-0.026470
-0.013112
0.040333
-0.053197
0.026978
0.013611
0.107074
0.066957
-0.053111
0.040274
-0.053118
0.013595
-0.013094
-0.013096
-0.026448
0.026949
0.000250
0.000250
0.026942
0.040274
-0.013089
0.000250
-0.026434
-0.039790
-0.079878
-0.026473
0.067046
-0.053183
-0.013112
-0.039848
-0.013119
0.053719
0.013613
0.013611
0.000250
-0.039838
-0.079974
0.000250
0.026999
0.053726
0.080411
0.026956
0.026949
-0.013098
-0.026452
0.000250
0.080336
-0.053133
-0.013100
-0.026455
-0.039822
-0.013110
-0.013112
0.040333
-0.039832
0.026974
-0.039838
0.013615
0.026974
0.026967
0.000250
0.026960
0.026953
0.040290
0.040274
-0.119870
-0.053183
-0.026477
0.026978
-0.066581
-0.160328
-0.093539
-0.013155
0.080658
-0.241166
0.027103
-0.093766
0.013687
-0.188023
0.000250
-0.174893
0.013734
-0.121166
-0.188913
0.108388
0.067777
-0.040260
-0.067303
0.000250
-0.107931
0.000250
0.040832
-0.094466
0.040854
-0.202933
0.013809
0.081562
0.122094
-0.053884
0.040854
-0.053891
0.013789
0.013787
0.027318
0.000250
0.027310
-0.067413
0.000250
0.013787
-0.040364
0.094992
0.013778
-0.013277
0.013778
-0.013277
-0.067413
0.094967
-0.013275
0.013776
0.000250
0.027296
0.013770
-0.026791
0.027292
0.013769
0.000250
0.027281
0.040783
-0.026769
0.000250
-0.026777
0.013765
-0.026780
-0.026788
-0.080907
0.027310
0.000250
0.027303
0.054334
-0.013268
0.013769
-0.026788
-0.013271
-0.026799
-0.433531
-0.026923
0.041009
-0.026920
-0.013337
-0.013339
-0.040530
-0.026946
0.095404
0.000250
-0.094903
0.054635
0.013842
-0.013341
0.000250
0.054606
0.108872
0.013820
-0.013319
-0.026894
-0.121991
0.108917
0.054539
-0.013319
-0.013321
0.013822
0.054517
0.013813
0.013811
-0.081139
-0.040469
0.068107
-0.081183
0.000250
-0.013328
-0.013330
-0.067680
-0.026935
-0.163015
0.027480
-0.081460
0.054732
0.122724
-0.040558
-0.108652
0.122758
0.190520
-0.135619
0.326028
-0.176081
-0.054068
0.013833
-0.054090
-0.081316
-0.135841
0.000250
0.149941
0.326072
-0.189683
0.040981
-0.026901
-0.040491
0.027413
0.054554
-0.081216
-0.026920
-0.026927
-0.108534
0.054657
-0.013349
0.054635
0.000250
-0.162993
-0.013365
-0.013367
-0.095124
0.054761
0.000250
-0.081527
0.013885
-0.054297
0.000250
0.041164
-0.040663
-0.027035
0.027536
-0.013391
0.041170
0.013887
-0.054305
-0.177260
-0.246055
0.150843
0.027606
0.027599
0.013922
0.000250
0.054918
0.082195
-0.027057
-0.054387
0.082195
0.000250
0.027550
0.013898
0.082095
-0.054305
-0.067986
0.013901
0.041192
0.041175
-0.013389
0.013890
0.027524
-0.040663
-0.054327
0.095742
-0.013386
0.000250
-0.013387
0.013888
-0.040669
0.027532
-0.027031
-0.040686
-0.027050
0.013901
0.027547
-0.068004
0.054858
0.082106
0.000250
-0.027027
0.013890
0.027524
0.041147
0.122841
-0.013363
0.013864
0.013862
-0.067828
0.068329
0.000250
0.149859
0.258140
-0.053987
0.108696
-0.053957
0.000250
-0.067551
0.013814
0.054488
-0.053987
0.040931
-0.026868
0.000250
-0.067578
-0.013321
0.000250
0.013822
0.027387
-0.026887
0.013820
-0.054038
-0.040486
0.027410
0.013827
0.013825
0.095224
0.013811
0.135752
0.270704
0.040755
0.094698
-0.040216
-0.175295
-0.040304
0.027288
0.013767
0.081310
-0.202521
-0.067431
0.122045
0.108388
0.108271
0.013745
-0.067240
-0.013253
0.027256
-0.026755
0.000250
-0.040271
0.054275
-0.026758
0.054261
-0.067267
0.175701
-0.134684
0.081233
-0.026736
0.067704
-0.080699
0.000250
-0.107785
0.040777
-0.053789
0.054290
0.000250
0.013756
0.013754
0.027252
0.000250
-0.026751
0.013752
0.013750
0.000250
0.013748
0.000250
0.000250
0.000250
0.013747
-0.013246
-0.053753
-0.053782
0.013761
0.000250
-0.053804
0.027281
-0.013264
0.013765
0.013763
0.000250
-0.013262
-0.026780
0.040794
0.094788
0.013748
0.000250
0.027241
-0.026740
0.054224
0.013739
0.000250
0.000250
-0.067212
0.013747
0.000250
-0.013246
0.013747
0.013745
-0.013244
0.000250
-0.026744
-0.040255
0.013754
-0.040265
-0.013258
0.013759
-0.013258
-0.026773
0.000250
-0.040298
0.000250
0.000250
0.000250
0.067823
-0.026773
-0.080864
-0.108004
0.000250
0.067923
0.027307
-0.013277
-0.040342
0.000250
0.027314
-0.040348
0.067905
0.054341
0.027285
-0.013266
-0.148549
-0.040370
0.054407
0.230089
0.364206
-0.053585
0.013712
-0.040140
0.000250
0.040641
-0.013211
-0.120986
0.067622
-0.107566
0.027216
0.121503
0.161693
-0.053535
0.201796
0.107575
-0.053398
-0.147430
0.013685
0.080820
0.040511
0.000250
-0.066859
0.107604
-0.013162
-0.066841
-0.013173
-0.040032
0.040532
0.013674
0.040511
0.040495
0.094091
-0.039956
0.027057
-0.026556
0.027057
-0.026556
0.094040
-0.093539
0.027057
0.000250
-0.013152
-0.066787
0.040478
-0.039978
-0.013162
0.027074
0.000250
-0.026574
0.000250
0.027074
-0.026574
-0.039999
-0.026592
0.000250
0.027092
0.000250
0.000250
0.000250
0.027085
0.027078
0.013662
0.000250
0.000250
0.000250
0.000250
0.000250
-0.026574
-0.013164
0.000250
0.000250
-0.053426
-0.040026
0.000250
0.000250
-0.013179
0.013680
-0.013179
0.013680
-0.013179
0.000250
0.013680
-0.013179
0.000250
0.000250
0.027107
0.094191
-0.013164
0.040489
0.013660
-0.039983
-0.066841
0.000250
0.000250
0.013672
0.013671
0.040500
0.013663
0.000250
-0.013162
0.027074
0.000250
0.013660
0.013658
0.053863
-0.066769
0.013658
-0.066805
0.053899
0.013658
0.013656
0.067252
-0.053347
0.000250
-0.039967
0.053870
0.013651
-0.066769
0.027064
0.027057
-0.026556
0.053855
-0.026548
-0.039961
0.094053
-0.026541
0.053827
-0.026534
-0.013144
0.013645
-0.026541
-0.013148
0.000250
-0.039956
-0.147311
0.080766
0.120902
-0.013148
-0.026552
0.013653
-0.053369
0.040468
0.013653
0.013651
-0.039956
-0.080211
0.013665
0.053891
0.000250
-0.026566
-0.039988
0.040489
0.067279
-0.039961
0.027060
0.040451
-0.039951
0.013653
-0.510297
0.228976
0.053992
-0.093817
-0.026642
0.040587
-0.620032
0.135422
0.148729
0.108096
-0.080623
-0.053702
-0.040233
0.013747
-0.107770
-0.040287
0.067804
0.000250
0.027259
0.027252
0.013748
-0.040249
0.027252
0.000250
-0.026751
0.013752
0.094711
0.000250
-0.013238
-0.053723
-0.013248
-0.013249
-0.013251
-0.067285
-0.013262
-0.013264
0.027277
-0.134958
0.040832
0.013774
0.027292
-0.013269
0.013770
-0.053840
0.013776
-0.013275
0.000250
-0.013277
-0.067413
-0.040370
0.040871
0.000250
0.013787
-0.040364
0.122045
0.040816
-0.067367
0.054348
-0.040320
0.013776
0.000250
0.000250
-0.013275
-0.053869
-0.026820
0.040854
0.000250
0.027310
0.054348
0.000250
0.013770
0.054312
0.040777
0.027259
0.040750
-0.067258
-0.026766
-0.040287
0.000250
0.067804
-0.013257
-0.026769
-0.026777
-0.134994
0.040843
-0.108033
0.000250
0.013792
0.013791
0.067923
0.054356
-0.053855
0.094915
-0.053833
-0.013275
0.000250
-0.026806
-0.013280
-0.040353
0.000250
0.108490
0.162391
-0.243059
0.149010
0.337519
0.161736
0.000250
0.013696
-0.120823
-0.080547
0.027190
0.067568
-0.026671
0.080993
0.000250
0.040597
0.188321
0.013671
0.120951
-0.026559
-0.013157
-0.013159
-0.026574
0.000250
0.013663
0.027071
0.040468
0.027053
-0.039956
-0.026563
-0.080232
-0.053441
-0.013177
0.000250
0.040527
0.107575
0.040468
0.053848
0.000250
-0.039945
-0.013152
0.013653
-0.026556
-0.066796
0.013663
END
