y[]
-0.061569
-0.106451
-0.166450
-0.106733
0.028140
0.028131
0.013142
-0.061784
-0.016832
-0.001841
0.043127
-0.151811
0.013166
0.043167
0.013157
0.058129
-0.001841
-0.031821
-0.001841
-0.001841
0.013151
-0.001841
-0.046822
-0.016839
0.013157
-0.076854
-0.091931
-0.031889
0.043228
0.073229
-0.046876
0.058201
-0.031857
0.043181
0.028162
-0.046849
0.028167
-0.031848
-0.031857
0.028176
0.043167
-0.001841
-0.001841
-0.016841
0.013160
0.073127
-0.031821
-0.016834
-0.001841
-0.001841
0.013153
0.028140
0.058093
-0.046788
-0.001841
-0.001841
-0.016828
0.058093
0.013137
0.013135
-0.046774
-0.001841
-0.031808
0.058084
-0.031799
-0.046795
0.073071
0.043080
-0.136662
-0.016832
-0.001841
-0.001841
-0.016834
0.013153
0.013151
0.013148
-0.076809
0.013157
0.073116
-0.061802
0.043133
-0.061811
0.073116
0.013144
0.013142
0.073038
0.058022
-0.031767
-0.031776
-0.031785
0.028104
0.013128
-0.061730
-0.166721
0.148062
0.073026
-0.196612
0.133041
-0.091742
0.013148
-0.332122
-0.077057
0.028253
-0.001841
-0.212684
-0.077250
0.028330
-0.016925
-0.152807
0.073671
0.088698
-0.001841
-0.077284
-0.092448
0.134039
-0.092407
-0.016943
-0.137864
-0.077489
0.194727
-0.092516
-0.032084
0.088862
-0.153058
0.255093
-0.152898
-0.092585
-0.168419
0.013314
-0.016996
-0.107990
0.058830
-0.047340
-0.092902
-0.017026
0.225691
0.073888
0.119206
-0.092612
0.104051
0.058619
0.058582
0.058546
-0.001841
-0.077330
-0.032052
-0.047175
0.028384
-0.016952
-0.001841
-0.032070
0.043500
0.043480
-0.077387
0.013273
-0.001841
0.013271
0.028375
0.073659
-0.001841
-0.032034
-0.062255
-0.001841
0.013266
0.013264
0.013262
-0.001841
-0.047155
0.013266
-0.001841
0.043466
0.013257
-0.001841
-0.001841
-0.001841
-0.047141
0.028362
-0.001841
0.043446
-0.047127
0.028352
-0.062236
-0.001841
-0.032052
0.043473
-0.016943
-0.016945
0.058564
-0.062245
-0.016948
-0.001841
-0.032061
-0.001841
0.088794
-0.001841
0.133957
-0.032002
-0.062191
0.028339
-0.077307
0.028352
-0.016936
0.013255
-0.016936
0.028348
0.028339
-0.077307
-0.032043
-0.062273
0.013271
-0.137926
0.104019
0.058600
-0.016948
-0.047175
-0.047196
0.088848
-0.062291
-0.077455
-0.229028
0.134533
-0.198885
0.073992
0.164788
-0.092695
-0.290091
-0.032231
-0.138712
-0.017060
0.074234
0.165320
0.013342
-0.001841
-0.001841
0.058866
-0.123292
-0.032227
0.149997
0.255755
0.058674
-0.032093
0.028412
0.103971
-0.137905
0.119115
-0.016952
-0.001841
0.103891
-0.077352
0.013266
0.028366
-0.364927
0.058765
-0.123090
0.013323
-0.047340
-0.001841
0.043659
-0.017005
-0.032176
0.043659
0.149674
0.013298
0.073819
-0.016968
0.043535
-0.032089
-0.001841
-0.001841
-0.032098
-0.016973
-0.016975
-0.001841
-0.001841
0.043555
0.013287
-0.001841
-0.001841
-0.001841
0.013284
-0.001841
0.058637
0.013273
-0.016954
0.013273
-0.032070
-0.062328
0.088876
0.028380
-0.016950
0.013268
0.028371
-0.016945
-0.001841
0.028366
-0.016943
0.028362
0.058537
-0.032025
-0.001841
0.013252
-0.016934
-0.001841
0.013252
0.013250
-0.016932
0.013250
-0.016932
-0.032029
-0.016939
0.073625
0.043412
0.148852
-0.016900
0.133610
-0.046970
0.028248
-0.046977
0.013207
0.013205
0.043282
-0.031920
0.073342
-0.031907
-0.001841
0.088331
-0.092012
0.103351
0.043208
-0.016855
0.013173
-0.016855
-0.031875
-0.031884
-0.031893
0.043235
-0.092012
-0.016877
0.043262
-0.016873
0.298370
-0.061811
-0.016839
0.192960
0.072982
0.102817
-0.046680
0.013108
-0.001841
0.177371
-0.106342
-0.091500
0.072881
0.042965
0.221890
0.057736
0.013048
-0.016729
-0.001841
0.057701
-0.046494
-0.001841
-0.061409
-0.031638
0.027957
-0.016738
0.057736
-0.106124
-0.031656
0.042879
0.027961
-0.016741
0.161935
0.384203
-0.046308
-0.105675
-0.046374
0.176174
-0.061144
-0.031506
-0.135441
0.042713
-0.061250
-0.001841
0.013015
-0.105876
-0.195336
-0.076362
0.176917
0.042799
0.013035
0.087365
-0.001841
0.027877
-0.016698
-0.076163
0.057621
0.131819
-0.001841
-0.046374
-0.016690
-0.001841
-0.001841
0.072382
-0.001841
0.057498
0.087101
-0.016659
-0.016661
0.027798
-0.016659
-0.001841
0.087035
-0.016648
-0.061091
0.042600
-0.061100
-0.046308
0.027806
-0.016663
-0.001841
-0.016665
-0.046328
-0.001841
0.012991
-0.001841
-0.016672
0.057471
-0.075986
0.027824
0.027815
-0.046328
0.027820
0.027811
-0.090822
-0.046361
-0.046381
0.013008
0.027850
0.013002
0.012999
0.131621
-0.016661
0.027798
-0.031479
-0.046315
0.042633
-0.046315
0.027811
0.012982
-0.031488
-0.031497
0.012988
0.012986
-0.001841
-0.016668
0.027811
-0.001841
0.042620
-0.061126
-0.090835
-0.046368
-0.001841
-0.046387
0.042706
0.057524
-0.076052
-0.046394
0.102086
0.101978
0.220266
-0.016633
-0.061030
-0.001841
-0.090690
-0.031475
0.072228
-0.031462
0.027780
0.249583
0.012929
0.145739
0.042391
0.057104
-0.060786
0.027636
0.012894
0.042352
-0.178728
0.057156
-0.046085
0.012910
0.101351
-0.001841
-0.001841
-0.075538
-0.016587
-0.060847
-0.060881
0.042443
0.027671
-0.060873
0.234078
0.071770
0.027588
0.027580
-0.075408
0.057017
0.012868
0.012866
-0.888109
-0.046361
0.057515
-0.061197
-0.105799
-0.046427
0.087312
0.057550
0.013002
0.027837
0.042660
0.057462
0.042614
-0.135263
0.087127
-0.061144
-0.046341
0.072316
-0.031497
0.057462
0.012980
0.012977
0.012975
-0.046295
-0.016663
-0.031492
-0.031501
0.042647
0.012984
0.012982
-0.001841
-0.001841
0.027798
-0.031479
0.012980
0.042607
-0.016654
-0.031475
-0.016661
-0.031488
-0.016668
-0.016670
-0.001841
0.057462
-0.031488
-0.046328
-0.016674
0.027824
-0.001841
-0.031506
0.087127
0.042614
-0.001841
0.087009
-0.105506
-0.001841
-0.031479
0.012980
0.027793
-0.031475
-0.001841
0.027793
0.027784
-0.061100
-0.031484
0.101871
-0.031462
-0.031470
0.027789
0.012971
0.027776
-0.046269
0.012971
-0.075920
0.027798
-0.075953
0.027811
-0.090822
-0.001841
0.087140
-0.031492
0.012986
0.012984
0.235056
-0.135026
0.101763
-0.090638
-0.016648
0.131345
-0.061012
-0.061047
0.027767
0.012960
0.072129
0.131167
0.086733
0.130873
-0.119800
-0.016595
0.071911
0.012903
0.042378
0.130697
0.042300
-0.001841
0.086382
-0.090063
0.233246
-0.016517
-0.016520
0.042189
-0.133990
0.056914
0.174216
-0.104503
-0.001841
-0.148684
0.203679
-0.060518
0.056836
0.056802
0.027468
-0.001841
0.012810
-0.016492
-0.001841
-0.045806
0.056776
-0.031145
-0.016496
-0.045819
-0.001841
0.012821
-0.001841
0.027476
0.056767
0.027450
0.056716
-0.016477
-0.016479
-0.016481
0.027438
-0.031119
-0.031128
-0.060440
-0.031153
-0.045826
0.027485
0.027476
-0.045819
0.042138
-0.016498
0.012817
-0.001841
0.012814
0.012812
-0.016494
-0.016496
0.012814
-0.001841
0.027463
-0.031145
-0.016496
-0.031158
0.042131
-0.060475
-0.016505
-0.001841
-0.001841
0.071457
0.027463
-0.060457
0.012817
-0.016498
-0.031162
-0.001841
-0.089856
0.100836
-0.119194
0.071521
0.012825
-0.001841
0.012823
-0.001841
0.056793
0.100686
0.012797
-0.060406
-0.001841
-0.031136
-0.045800
0.012814
-0.016496
0.042119
0.027455
-0.031136
-0.045800
-0.016498
-0.119177
-0.031196
-0.001841
-0.089959
-0.001841
0.071597
-0.001841
0.071543
-0.031188
-0.222218
0.012866
-0.134281
0.145305
0.130405
-0.016526
0.012845
-0.089985
-0.134203
0.115824
0.159722
0.086175
-0.192638
0.027536
-0.075300
-0.001841
0.012855
0.012853
0.012851
-0.060621
-0.075365
0.056983
-0.060664
-0.031265
0.057000
0.042267
-0.060656
-0.222705
-0.237968
0.145804
-0.016595
0.219252
END
