y[]
0.059897
-0.014350
0.059870
0.089491
0.015321
-0.043984
-0.029168
0.000497
0.030162
-0.029168
-0.594655
-0.148846
0.030383
0.060243
0.060207
0.030339
-0.014423
-0.104004
0.030365
-0.029372
0.075151
-0.089096
-0.014443
-0.044336
-0.014452
0.030392
-0.014450
0.015443
0.015441
-0.014448
-0.014450
-0.014452
0.015446
0.060270
0.015434
0.075151
-0.014430
0.015423
-0.014430
0.015423
0.045263
0.000497
-0.014423
0.015417
-0.044269
0.000497
-0.014430
0.000497
0.030347
-0.014428
-0.014430
0.045270
0.015417
-0.133862
0.045303
-0.029372
-0.029381
-0.059285
0.000497
0.105091
0.000497
-0.014439
-0.059267
0.015441
0.015439
0.030374
0.030365
0.045283
-0.029358
0.045276
-0.014428
-0.044289
-0.029372
0.015432
-0.044316
0.045310
-0.044316
-0.059285
-0.074281
0.045370
0.045350
-0.029403
0.075230
-0.074236
-0.059330
-0.014465
0.060332
-0.029417
-0.044390
0.045383
0.030410
-0.044377
-0.059366
0.000497
0.075319
0.000497
0.105154
0.075185
0.060207
0.164517
-0.088935
0.030316
-0.148690
0.075118
0.045243
-0.014416
0.045229
-0.044236
-0.059178
0.030339
0.075062
-0.044236
0.075040
0.134535
-0.014388
-0.044169
-0.073991
-0.059134
0.045223
-0.029318
0.089916
0.045176
-0.223100
-0.118960
0.015437
-0.044330
-0.044350
0.209608
0.164492
-0.014401
0.000497
-0.074024
0.075018
-0.014403
0.060083
0.000497
0.000497
-0.059089
0.060083
-0.014396
-0.044196
0.030294
0.000497
-0.014401
-0.014403
0.000497
0.030294
0.000497
0.000497
-0.044203
0.060091
0.000497
0.030281
-0.044183
0.119598
-0.014383
0.074874
0.119385
-0.014357
-0.058939
-0.148246
0.015381
-0.103740
0.000497
0.045183
-0.059089
-0.044216
-0.044236
0.119740
0.030285
0.015388
-0.073980
0.030294
0.089836
-0.029274
-0.088869
0.045189
0.030281
-0.059080
-0.014403
0.015397
0.030290
0.045170
0.074907
-0.029261
0.015377
0.030250
0.074841
0.074785
0.015348
-0.029208
0.000497
-0.029217
0.000497
-0.014363
-0.103585
0.059985
0.030228
0.015359
-0.044096
0.030228
0.000497
0.000497
0.000497
-0.044103
-0.029247
-0.059018
-0.059054
-0.044189
0.060074
0.015385
-0.133582
0.134575
0.000497
-0.118675
0.089889
-0.118711
-0.029327
0.238840
0.030250
-0.148357
0.179095
0.119385
0.134077
0.044984
0.030144
0.000497
-0.014326
-0.029155
0.193075
-0.029107
-0.014308
-0.043931
-0.029133
0.044938
0.015306
-0.029124
0.015308
0.000497
-0.014315
-0.058771
0.015317
-0.088458
-0.014337
-0.103399
0.059879
0.000497
0.000497
-0.073737
0.000497
0.089570
-0.044030
0.267361
0.044905
0.000497
0.044885
0.044866
-0.014291
0.044852
0.030056
-0.073419
0.044852
0.000497
0.015278
0.000497
-0.029067
-0.058657
-0.029093
0.000497
0.015293
-0.029098
0.015295
0.000497
0.000497
0.000497
-0.029102
-0.014306
0.000497
0.000497
-0.014308
-0.029120
0.000497
-0.014315
0.015308
-0.029129
-0.014319
0.044938
0.015306
-0.029124
0.015308
-0.014315
-0.014317
-0.043958
0.015317
-0.014324
0.000497
-0.014326
0.015319
0.000497
-0.088471
-0.044017
0.045010
0.030162
-0.044004
-0.014341
-0.014343
-0.044037
0.030188
-0.088603
-0.058947
-0.148269
-0.133582
0.030307
0.000497
0.030299
-0.044209
-0.074058
0.015412
0.015410
0.089929
0.015394
0.045176
0.015385
0.000497
-0.088869
-0.014405
0.015399
-0.014405
-0.014408
0.030303
0.060083
-0.029292
0.104718
0.074874
-0.014374
-0.014376
-0.059018
-0.178261
0.000497
0.000497
0.015405
0.075007
-0.014401
0.119615
-0.103724
0.000497
-0.223200
0.030352
-0.014430
0.075107
0.119757
0.015394
0.179095
-0.029247
-0.014379
0.059985
0.059950
0.045063
-0.058930
0.089623
0.015343
0.015341
0.030179
-0.014343
0.074675
0.000497
0.015326
-0.043997
-0.073704
0.059862
-0.103415
0.015348
-0.058921
0.074763
-0.058912
0.134117
-0.147981
0.252779
-0.207218
0.015348
0.000497
-0.058921
0.015354
0.045057
-0.044063
0.000497
0.000497
-0.014361
-0.044090
0.015361
-0.044103
-0.044123
-0.103693
-0.088895
-0.178528
0.164615
-0.074069
0.030330
0.045229
-0.059151
0.015412
-0.014419
0.089956
0.060091
0.015390
0.015388
-0.029287
0.074940
-0.059054
-0.014396
0.015390
0.015388
0.119544
0.015368
-0.014374
0.015368
0.000497
0.000497
0.000497
-0.014374
-0.029252
0.030245
0.015368
0.000497
-0.029247
-0.029256
0.059994
-0.029247
0.000497
-0.088789
0.000497
0.030267
0.015379
0.089743
-0.058992
-0.059027
0.030263
0.000497
0.015377
-0.029265
0.030259
-0.059036
0.000497
0.015383
0.000497
0.030263
0.030254
-0.118586
-0.029296
-0.029305
0.030299
-0.029305
0.030299
0.000497
0.045183
-0.014396
0.045170
-0.014392
0.074918
0.030250
-0.059018
-0.014388
0.045143
0.030250
0.059976
0.059941
0.059906
-0.044057
-0.044076
-0.133342
-0.088829
-0.208240
-0.118978
-0.074247
0.015450
0.075230
0.030374
-0.134022
-0.074314
-0.089351
-0.104427
-0.179629
0.105610
-0.089593
0.240557
0.120311
0.030428
0.060332
-0.029417
0.254475
0.030334
-0.089042
-0.029367
0.045290
-0.014432
-0.014434
0.060207
-0.089082
-0.029381
0.000497
0.119953
-0.104020
-0.104129
-0.119210
-0.044430
-0.029466
-0.029475
0.000497
0.000497
-0.029484
0.090411
0.060395
-0.014474
0.000497
-0.014477
0.015470
-0.014477
0.000497
0.030441
-0.029448
0.015470
0.000497
0.000497
-0.014477
-0.044437
-0.029470
0.015481
0.030459
-0.059437
0.000497
0.045451
0.075375
0.045397
-0.044403
0.030432
0.045383
0.015454
-0.014461
0.000497
-0.089297
0.000497
0.030437
0.060350
-0.089297
-0.014477
0.000497
0.000497
-0.029457
-0.044450
-0.014490
-0.014492
0.015486
0.015484
0.075397
0.045410
0.015463
-0.074359
0.150153
0.000497
-0.029417
-0.029425
-0.014468
0.075297
-0.029417
-0.014463
0.000497
0.030414
0.105138
0.015437
0.015434
0.015432
0.000497
0.015430
0.000497
-0.014436
-0.014439
0.015432
-0.029376
0.030370
0.030361
0.015425
-0.044296
-0.029376
-0.029385
0.015439
-0.074236
0.105107
-0.014441
-0.059276
0.060270
0.030370
-0.044316
-0.044336
0.030388
0.000497
0.224394
0.119704
-0.059089
0.104749
-0.029278
-0.088882
-0.044223
-0.059160
0.030330
0.060136
0.134555
-0.044169
0.030276
0.149262
0.059941
0.000497
0.000497
0.000497
-0.029221
0.030214
-0.014361
-0.058956
0.059950
0.059914
0.000497
0.000497
0.104393
-0.029177
0.045004
-0.118233
-0.029208
0.030201
0.015346
0.030188
0.030179
-0.029186
-0.014348
-0.058903
-0.073803
0.015361
-0.401619
0.149617
-0.014405
-0.029314
0.015403
-0.059142
0.015410
0.015408
0.000497
-0.029327
0.015410
0.000497
-0.059169
0.075074
-0.029327
-0.014419
0.015412
-0.014419
0.030325
-0.029332
-0.074113
-0.029363
0.015428
-0.029367
0.000497
-0.059258
0.060252
-0.014439
0.015432
0.000497
-0.014439
0.000497
0.015432
-0.014439
0.015432
0.000497
0.000497
0.000497
0.030361
-0.029367
0.030361
-0.029367
-0.059258
0.075185
-0.074191
0.045316
-0.014441
-0.029385
-0.059294
-0.104223
-0.104333
-0.059455
0.030477
-0.014492
-0.014495
0.000497
-0.029493
-0.014501
0.060476
0.045457
-0.074449
0.030482
0.030473
0.030464
0.030455
-0.044444
-0.014488
0.030464
0.015477
0.015475
0.000497
-0.029461
0.060404
0.030437
0.045390
-0.029430
0.000497
-0.014470
0.045390
0.015457
-0.029425
-0.014468
-0.059384
-0.014479
0.195006
-0.029403
0.209608
0.075074
0.060118
-0.088949
0.045229
-0.103911
-0.014428
0.000497
0.104920
0.045216
-0.088962
0.045236
-0.089002
-0.044283
0.000497
-0.059240
0.119935
0.030334
0.000497
-0.044263
0.045256
0.030325
-0.014416
0.060136
-0.014410
-0.014412
0.015405
-0.014412
END
