y[]
-0.016588
-0.016590
0.021052
0.171441
-0.004042
-0.116817
-0.142051
-0.331004
-0.496498
0.248803
-0.168318
0.374651
0.046342
0.347938
0.033597
0.221494
0.183517
-0.041525
-0.241765
-0.116845
-0.041671
0.096272
-0.204770
-0.091987
0.058784
0.146579
-0.029130
-0.418902
0.033744
0.209808
0.096435
0.196610
-0.141947
0.058666
-0.167164
0.371993
0.008468
0.220874
0.406994
0.132596
0.107614
0.020754
-0.053639
-0.016445
-0.016446
-0.004042
-0.004042
-0.016448
0.045574
-0.004042
-0.004042
-0.041251
-0.028856
-0.041274
-0.004042
-0.028871
-0.078567
-0.016468
0.020809
-0.016467
0.020806
0.020800
0.020794
-0.028877
-0.053731
-0.004042
0.020806
-0.028890
0.008383
-0.004042
0.020803
0.058043
-0.078548
-0.004042
-0.066173
-0.041339
-0.053793
-0.028927
0.058159
-0.078687
-0.004042
-0.053836
0.008409
0.045747
-0.004042
0.033283
0.008397
0.008395
0.020828
0.082952
-0.041316
0.107739
0.058004
-0.053676
0.008369
-0.053694
0.120043
0.169419
0.020714
0.107282
0.107158
-0.078162
-0.028761
-0.127728
-0.103101
-0.053608
0.057912
0.020729
-0.004042
0.045481
0.107296
-0.028773
0.033052
0.057751
0.144106
-0.102783
0.020653
-0.041086
0.094711
-0.164565
-0.041122
-0.004042
-0.127743
0.132021
-0.028767
-0.065881
0.020698
0.168969
-0.016390
0.008306
0.230280
0.106761
0.094347
-0.200917
0.082139
-0.028657
-0.139535
-0.139719
-0.102832
0.255074
-0.102673
0.032956
-0.078052
-0.214035
0.255298
-0.115105
0.070014
0.057629
-0.004042
0.045268
0.229848
0.057417
-0.040913
0.192446
-0.016311
-0.077689
-0.102322
0.045110
0.032806
0.106421
0.020489
-0.004042
0.057259
0.142927
0.032667
-0.101961
-0.004042
0.008203
0.020444
-0.028528
-0.040782
-0.004042
0.008206
-0.065298
-0.016298
-0.016299
-0.004042
-0.016301
0.020474
-0.004042
-0.004042
0.032721
0.032707
-0.004042
0.057176
-0.053013
-0.053037
-0.004042
-0.004042
0.008209
-0.004042
-0.016293
0.032707
-0.004042
-0.016290
-0.053049
-0.016298
0.044972
-0.016293
-0.004042
-0.016295
0.008211
-0.004042
-0.016295
0.020462
-0.004042
-0.004042
0.069434
-0.040773
0.008203
-0.053031
-0.004042
-0.004042
-0.004042
-0.016293
0.008209
-0.053055
-0.004042
-0.004042
-0.040818
0.057244
-0.028552
-0.065343
0.094021
-0.004042
-0.040804
0.069470
-0.102069
-0.053092
-0.053116
-0.040863
-0.016319
-0.077734
0.155555
-0.040849
-0.065418
0.094142
0.020489
-0.040840
0.008226
0.008224
0.045008
-0.065358
-0.139069
-0.004042
0.020522
0.081885
-0.016313
0.032766
-0.053122
-0.004042
-0.077707
0.008239
-0.114627
-0.053230
0.143451
-0.016325
0.143252
-0.004042
-0.053116
-0.053140
0.228958
-0.077562
0.032725
0.032712
0.118372
0.044882
-0.077436
-0.016280
0.020432
0.008193
-0.187719
-0.138953
0.081832
0.032739
-0.004042
0.118462
-0.053025
-0.151137
0.155301
-0.249290
0.143179
0.069488
-0.016293
0.008209
0.081674
0.118282
0.154756
-0.739069
0.118838
-0.139219
-0.127089
-0.337026
0.057706
0.008303
-0.028733
-0.041090
0.082383
-0.016384
-0.127544
0.070078
-0.065805
-0.065843
0.033043
0.020674
0.094760
0.008302
-0.016385
-0.016387
-0.016388
0.045335
0.008298
-0.041067
-0.016387
-0.102856
-0.078217
0.057774
0.033030
0.057713
0.032993
0.045316
-0.004042
-0.053400
0.082319
-0.065721
-0.078107
0.094699
-0.028718
-0.016382
0.020637
0.045298
-0.004042
-0.004042
-0.115091
0.020646
-0.016385
0.045323
-0.176924
0.082437
-0.016391
0.119384
-0.041054
0.069968
-0.004042
0.217660
-0.028651
-0.016349
0.192688
-0.040899
0.081937
-0.151480
0.032838
0.143342
-0.053146
0.143197
0.020477
0.032725
0.044960
-0.004042
-0.065298
0.020465
-0.040804
0.032721
-0.089842
0.020480
-0.065358
0.130803
0.130622
0.008191
0.008190
-0.016274
-0.004042
-0.016275
0.020423
0.008188
0.093746
-0.052924
-0.040719
-0.040732
-0.040746
0.106030
0.179142
-0.016244
0.056952
-0.016238
0.044733
0.117791
0.032479
-0.040563
-0.113684
0.056885
0.056848
-0.040572
-0.028402
-0.040594
-0.040607
0.020336
0.044697
-0.113738
0.056915
0.056878
0.008138
0.056834
0.008129
-0.101448
0.105534
-0.064902
-0.004042
-0.004042
-0.028396
0.020313
0.117642
0.068898
-0.101306
0.093223
-0.113471
0.008123
0.020283
0.020277
0.020271
-0.028355
-0.016201
0.032430
-0.028355
-0.016201
-0.028364
-0.004042
-0.040536
-0.004042
-0.004042
0.008124
-0.004042
-0.016208
-0.016210
-0.028382
0.020298
-0.004042
-0.004042
-0.016211
0.008127
-0.028382
0.008129
0.008127
0.020292
-0.052716
-0.028388
-0.004042
-0.016217
0.020307
-0.028391
-0.016218
0.020310
0.008132
-0.004042
0.008130
-0.004042
-0.016214
0.032470
-0.004042
0.008126
-0.004042
-0.004042
-0.016210
0.020292
-0.028376
-0.004042
-0.028382
0.044632
-0.004042
0.093234
-0.040509
-0.004042
0.044579
-0.016195
-0.004042
-0.016196
-0.004042
-0.004042
-0.016198
0.008114
-0.076999
0.008121
0.032439
-0.016201
-0.016202
-0.004042
0.044590
-0.040514
0.008117
-0.028361
0.032435
-0.004042
0.044573
0.008108
0.008107
-0.040492
-0.004042
-0.089143
0.032439
-0.052686
0.384450
0.020189
-0.088875
-0.040421
-0.028302
-0.076857
-0.052615
0.105215
0.141448
0.056516
-0.040372
0.141201
-0.076637
-0.016146
-0.016148
0.008064
-0.028255
0.080678
-0.016140
-0.004042
-0.004042
-0.016142
-0.173595
0.056546
-0.173780
-0.137610
-0.125622
0.093234
0.032412
0.020254
-0.016189
0.020251
0.093069
-0.149744
-0.369228
-0.004042
-0.004042
-0.138278
-0.101782
0.252322
0.093448
0.044667
-0.004042
0.044644
0.032457
-0.064880
0.093282
-0.491610
0.020393
0.032599
-0.126232
-0.016269
-0.004042
0.118163
-0.150705
0.093758
-0.065155
0.020408
-0.065178
-0.065215
-0.040764
0.008200
0.020438
0.008196
-0.004042
0.032662
-0.004042
0.032649
0.020411
-0.028495
-0.004042
0.020411
-0.040723
0.008187
-0.016271
0.057087
-0.040714
-0.016269
0.020411
-0.052954
0.044870
-0.028495
0.020411
-0.028495
0.008185
0.032631
0.008179
0.008178
-0.052930
0.020405
0.008179
-0.016263
-0.040714
0.020408
0.020402
0.032613
-0.077365
-0.089653
-0.077481
-0.016287
-0.028537
0.008206
0.020450
0.008202
-0.065275
0.020456
-0.040791
0.044954
0.106111
0.008190
0.008188
-0.028504
-0.016275
-0.028513
-0.065245
-0.040782
-0.065305
0.093961
0.008202
-0.028531
0.130572
-0.004042
-0.065208
0.032662
-0.052983
-0.065253
-0.040786
0.044948
0.044924
0.008196
0.118252
0.118103
0.032573
-0.101710
0.008172
-0.101794
-0.028495
-0.028501
0.032644
0.142568
0.105775
-0.077239
-0.004042
-0.040661
-0.004042
0.008166
0.105761
-0.077230
-0.040656
0.044774
-0.089486
-0.138459
-0.052966
0.069335
0.008182
-0.126351
0.057131
0.032644
-0.114140
-0.126516
-0.053073
0.081748
-0.102093
0.216438
-0.114221
0.069425
-0.004042
0.032671
-0.004042
-0.016278
0.020429
0.008191
0.008190
0.044870
-0.052954
0.020417
0.008185
-0.004042
0.020408
-0.004042
-0.016266
-0.065185
0.032649
-0.004042
0.020411
0.032626
-0.016263
-0.065170
-0.016272
0.020417
0.008185
-0.004042
-0.004042
0.008184
-0.016268
-0.040728
0.008188
-0.028504
0.032649
-0.016271
-0.004042
-0.004042
-0.028504
0.020420
-0.028504
0.032649
-0.004042
0.057079
-0.028486
-0.016266
-0.028495
-0.004042
-0.016271
0.020414
-0.016269
0.044858
0.032617
0.032604
-0.016256
-0.040692
-0.052930
-0.004042
-0.040723
-0.089684
0.020435
-0.004042
-0.040759
-0.040773
-0.004042
0.020447
0.093853
0.020417
-0.004042
0.044858
0.032617
-0.114060
-0.004042
0.093758
0.020393
-0.052918
0.008179
0.008178
0.459204
-0.028370
0.032448
-0.089205
-0.138017
0.081236
0.044655
END
