y[]
-0.117241
0.214896
-0.181009
-0.155724
0.023366
-0.027830
0.164040
-0.078939
-0.386651
-0.439701
0.049334
0.100821
0.062122
-0.027969
-0.040849
0.049255
-0.015101
0.062097
-0.259798
-0.066727
-0.079681
-0.079741
0.010690
0.062355
0.075217
-0.144268
0.075267
0.101007
-0.040934
0.010670
0.075147
-0.079611
-0.053852
0.010675
0.023578
0.010670
-0.105498
0.062322
0.075177
0.062230
-0.028012
0.062205
0.010650
-0.015114
0.075038
-0.079502
-0.015116
0.010652
0.165111
-0.015095
-0.040830
0.010636
-0.015100
-0.027972
-0.027979
0.100715
0.010629
0.113442
0.126138
-0.040726
0.126022
-0.091993
-0.040726
0.023432
-0.015063
-0.182042
0.151911
0.049096
0.049070
0.253883
-0.104599
0.087345
-0.130224
0.074583
-0.464008
0.074879
0.100490
0.138839
-0.066330
0.189940
0.087322
0.240440
0.112513
-0.423608
-0.130273
-0.143267
0.087540
-0.079175
-0.104915
-0.079313
-0.079373
-0.053692
-0.040845
-0.015106
-0.247156
-0.028048
-0.325501
0.114265
0.101207
0.049448
0.049421
0.023584
0.358500
-0.337154
-0.131348
0.281603
0.126518
0.370208
0.164275
-0.194380
-0.297577
0.049195
0.228863
-0.130552
0.138911
0.138712
-0.143176
0.074671
0.010579
-0.027857
0.061817
-0.027847
0.419575
0.061523
-0.142547
0.061572
-0.168207
0.061637
0.023304
-0.142762
-0.309531
0.113116
-0.168888
-0.182019
0.023472
0.280073
-0.181788
0.049103
0.061899
-0.027880
0.061875
0.049024
-0.002232
-0.104770
0.074681
-0.027863
0.100253
-0.015037
0.023376
-0.104704
-0.053507
-0.002232
-0.002232
-0.104862
0.126039
0.253817
-0.053389
-0.079017
-0.066265
0.048998
0.074563
-0.015027
0.125645
-0.002232
-0.155704
0.125678
0.074436
0.023311
0.010537
0.036065
-0.053298
-0.053324
-0.027788
-0.040578
0.048893
0.023321
0.010542
-0.040558
-0.015011
-0.015012
0.010548
-0.489038
-0.027919
-0.040775
-0.105086
0.023491
0.010627
0.010626
0.010624
-0.117995
0.074958
-0.182435
-0.144049
-0.144250
-0.066852
0.114055
0.165499
-0.131231
-0.234850
0.010705
-0.015169
-0.183532
0.049602
0.062522
0.114220
-0.092794
0.178810
0.049434
-0.118519
0.062388
-0.040999
-0.015158
-0.183368
0.101314
0.010704
0.075348
0.023614
-0.015154
-0.041009
0.049468
0.075267
-0.209031
0.010705
-0.015169
0.036575
-0.041039
0.178740
-0.118534
-0.209325
0.062531
0.165955
-0.079822
0.088283
-0.235151
0.153108
-0.131665
0.217705
0.088190
0.139694
0.152367
0.113561
-0.118025
-0.002232
0.087841
-0.002232
-0.066561
-0.182575
-0.131248
0.126784
-0.002232
-0.157071
0.139713
0.100874
0.126501
-0.053705
0.113546
0.062031
-0.079353
0.036336
-0.027942
0.280218
-0.002232
0.023406
0.036212
-0.027860
0.061825
-0.040662
0.049004
-0.066281
0.113027
-0.027834
-0.053455
0.061793
0.010568
0.291717
-0.027758
-0.014998
0.176339
0.023252
-0.053207
-0.027729
0.010517
0.061491
-0.014973
0.061458
-0.002232
-0.091410
-0.002232
-0.117006
0.048795
-0.027742
-0.040510
-0.104377
0.087151
-0.193864
0.010555
-0.066183
-0.002232
0.010561
0.112835
-0.168483
-0.066248
0.048984
0.036163
-0.002232
0.010563
0.036143
0.023343
-0.040598
-0.027817
-0.104639
0.010575
-0.053468
-0.181765
-0.053586
0.074790
0.113190
0.087448
0.355687
-0.104364
-0.002232
-0.091683
-0.181375
0.048984
0.036163
-0.207176
0.138712
0.087357
-0.002232
0.023350
-0.002232
-0.053403
0.087299
0.125531
-0.104429
0.010548
-0.053363
0.074455
-0.104495
-0.040607
-0.053422
-0.091878
-0.002232
-0.027860
-0.143303
0.061916
0.087506
-0.002232
-0.079145
0.061866
0.010583
-0.425989
-0.156772
0.049308
0.113635
0.036361
-0.015095
0.139165
-0.130767
0.074909
-0.143702
-0.092363
-0.027999
-0.015118
-0.028009
-0.066702
0.062238
0.075078
-0.105325
-0.002232
-0.002232
-0.002232
0.010660
0.190955
-0.066586
-0.015108
0.023518
-0.118159
0.049308
-0.040884
0.010654
0.087922
-0.066619
-0.092444
0.062213
0.113665
0.062097
-0.027959
0.010632
0.010631
-0.040825
0.010634
0.036356
-0.066553
0.049228
0.023488
0.074889
-0.027932
-0.040795
0.010624
-0.002232
-0.027946
-0.015091
0.074899
-0.066503
-0.002232
0.049188
0.036316
0.138984
-0.002232
-0.053560
-0.092120
-0.053633
0.100543
0.023445
0.074760
-0.066388
-0.027906
0.023442
-0.015068
-0.079284
-0.040780
0.023468
-0.027932
0.010619
0.100517
-0.002232
-0.027909
0.010607
-0.027913
-0.066462
-0.002232
0.074839
-0.053606
-0.027929
-0.092224
-0.002232
-0.053692
-0.027972
-0.066611
-0.027995
0.177971
0.036341
-0.002232
0.126237
-0.130701
-0.156613
-0.182644
-0.002232
0.049348
-0.053812
0.100901
-0.092467
-0.157111
0.139749
0.023561
0.036445
0.010657
-0.079591
0.088015
0.229458
0.087725
-0.053626
-0.027939
0.010622
0.023472
-0.092224
-0.002232
0.010629
0.036341
0.049175
-0.002232
0.010616
0.190286
-0.027880
0.010593
-0.130552
-0.117861
0.126237
-0.027913
0.267085
0.061784
0.253425
0.023298
0.023291
-0.053285
-0.002232
-0.027768
0.036070
0.010532
0.099822
-0.053246
0.061531
-0.040485
-0.027742
-0.002232
0.150732
0.252189
-0.002232
-0.116641
0.023204
0.074036
-0.002232
0.073978
-0.002232
0.099291
0.061167
-0.040267
-0.040281
-0.052987
-0.091115
0.112032
-0.027613
0.048523
-0.002232
-0.002232
0.010453
-0.002232
-0.052981
0.035832
-0.014918
-0.014920
-0.014922
0.010458
0.010456
-0.014920
0.010456
-0.002232
-0.014920
-0.103794
-0.002232
-0.002232
0.035866
-0.040330
0.048562
-0.002232
0.023155
-0.065712
-0.027635
0.010470
-0.014934
-0.129345
-0.027674
-0.002232
-0.002232
-0.014955
-0.053142
0.035953
-0.078616
0.023236
0.048684
0.048659
0.010487
0.074046
-0.027651
-0.014944
-0.014946
-0.065825
0.010490
-0.014954
0.035929
0.035914
0.112119
0.061240
0.010458
-0.091093
0.099317
0.061184
-0.078336
0.023142
-0.116467
-0.103884
0.162900
-0.065712
-0.040339
0.035875
-0.103884
0.086719
0.035866
-0.091149
0.023181
-0.065777
-0.002232
-0.027661
0.010483
0.010482
0.010480
0.112105
-0.040330
0.086640
-0.078403
0.023165
0.023158
-0.040320
-0.027632
0.010469
-0.014933
-0.014934
0.035870
0.023162
0.086595
-0.014917
-0.091070
0.023158
0.111945
-0.014912
0.035803
-0.154458
0.073910
0.175208
0.174894
0.098842
-0.090666
-0.040156
0.111498
-0.040128
0.098791
0.060855
-0.014846
0.073430
-0.077894
-0.128463
-0.002232
-0.002232
0.098765
-0.077970
-0.115947
-0.052814
-0.027532
0.174737
0.136596
0.022989
0.111182
0.010362
-0.014826
-0.027424
0.060736
0.098435
-0.014810
-0.027392
0.010349
-0.027396
0.010351
-0.027399
-0.039994
-0.002232
-0.002232
0.035530
-0.014818
0.022938
-0.002232
-0.027402
-0.039999
0.022947
-0.077789
0.010365
0.048139
-0.002232
-0.052603
0.022957
-0.014826
-0.040023
0.010366
0.022960
-0.065224
-0.002232
-0.027440
0.010373
0.010371
0.048165
-0.002232
0.022957
0.022951
-0.052603
-0.002232
0.010363
-0.002232
0.022954
0.010358
-0.027415
0.010360
0.010358
-0.002232
-0.040008
0.060720
-0.002232
-0.002232
0.035520
-0.039984
-0.052591
-0.040018
-0.027430
-0.052648
0.060784
-0.014832
-0.052648
-0.002232
-0.077904
0.060832
0.022982
0.035578
0.048159
-0.027424
-0.115675
0.022989
-0.065296
0.073440
-0.002232
-0.014840
0.022982
0.060776
0.010365
-0.002232
0.010363
-0.014827
-0.014829
-0.002232
-0.115675
0.010379
-0.002232
0.010378
-0.052680
-0.027465
0.086057
0.010374
-0.052667
-0.027459
0.149035
-0.052629
-0.014835
0.048171
-0.040032
0.060760
0.010362
0.073297
0.010351
-0.014815
-0.002232
-0.065169
-0.027418
0.073306
0.073249
-0.039965
-0.027396
0.123523
-0.052515
0.223842
0.010313
-0.127750
END
