y[]
-0.055813
-0.085368
-0.218514
-0.056031
-0.100514
-0.100622
0.092134
-0.026481
0.032814
0.106862
0.047575
0.003166
0.106709
0.091832
0.032704
0.106480
0.032665
-0.026332
0.032665
-0.041085
0.076907
-0.055822
0.062155
-0.011577
0.003166
0.062129
-0.011571
-0.055805
0.003166
-0.011582
-0.041091
0.047424
0.047404
-0.144370
0.047450
-0.011593
0.032682
0.003166
0.017921
0.003166
0.003166
-0.011588
0.032674
-0.026341
-0.011590
-0.011593
-0.011595
0.047444
0.003166
0.003166
-0.026350
-0.070662
-0.041157
0.062259
-0.011604
0.017936
-0.026376
-0.011608
-0.011610
0.047489
-0.011606
-0.026384
0.047489
0.017936
0.047463
0.047444
0.003166
0.017921
0.003166
-0.011588
-0.070640
-0.041143
0.047476
-0.011601
0.017934
-0.011601
0.003166
0.017934
-0.026371
0.032704
0.017932
0.047450
-0.026354
0.003166
0.032687
0.032678
-0.011588
0.003166
0.003166
-0.055874
0.017930
-0.055900
-0.100284
0.062294
0.003166
-0.011612
-0.041183
-0.100392
0.047562
-0.011630
0.032757
-0.026424
0.003166
0.003166
0.003166
-0.115282
-0.056110
0.047627
0.032796
-0.041281
0.062426
0.003166
0.017976
0.032779
-0.011639
0.032774
0.047562
-0.011630
0.017963
-0.056031
-0.056067
0.077202
0.106724
0.017952
0.136135
0.135959
-0.026328
-0.188758
-0.115124
0.077115
0.091832
-0.159447
-0.204180
0.032814
-0.145158
0.047687
0.106970
-0.026481
0.077268
0.047601
0.091976
0.032752
-0.056014
0.047555
0.047535
0.047516
0.017945
0.003166
-0.129920
0.062338
0.003166
-0.085604
0.062356
0.003166
-0.041222
0.077136
-0.100407
-0.026446
0.017974
-0.100530
-0.041308
-0.011663
0.003166
-0.011665
0.017998
-0.041334
-0.056198
0.018011
-0.011678
-0.071089
0.018022
0.003166
0.062566
-0.026529
0.003166
0.018015
-0.026534
0.018018
0.032862
0.018011
-0.011678
0.003166
-0.011680
-0.011682
-0.011685
0.003166
0.018018
0.062549
0.047680
-0.026507
0.018004
0.018002
0.003166
0.018000
-0.026503
0.003166
0.003166
0.003166
-0.011671
0.003166
0.018004
0.003166
-0.011671
0.018004
0.003166
0.003166
0.018002
0.003166
0.047660
0.047641
-0.026481
-0.026490
-0.056172
0.003166
-0.056207
0.003166
-0.145422
0.062628
-0.041427
0.047760
-0.041427
-0.145621
-0.026618
0.018060
0.032946
-0.220397
0.018086
0.003166
0.047912
0.018077
0.032982
0.018071
0.003166
0.018068
0.018066
0.003166
0.003166
0.062743
0.018055
0.018053
-0.041500
0.032946
-0.011722
-0.026618
-0.011729
0.092505
0.077555
-0.056340
-0.071266
0.166845
0.122037
0.032862
0.107032
-0.041334
0.018002
0.136589
-0.041288
-0.026481
0.017991
0.062443
0.017980
-0.085749
-0.011660
-0.041327
0.032831
-0.085854
0.047687
0.047667
-0.056172
0.003166
0.018004
0.032836
-0.115563
0.003166
0.018015
0.003166
0.003166
0.047700
0.018007
0.077334
0.017993
0.017991
0.047627
-0.056119
0.032814
0.032805
0.032796
0.003166
0.017978
0.017976
0.003166
-0.011643
0.003166
-0.011645
0.017978
0.003166
-0.011645
0.003166
0.003166
0.003166
0.003166
-0.041281
0.003166
0.017985
0.017982
0.003166
0.017980
-0.011647
0.017980
-0.011647
0.003166
-0.011649
0.003166
0.003166
0.003166
0.003166
0.003166
0.003166
0.003166
0.017982
0.032792
0.062391
-0.026441
0.017971
-0.011639
0.003166
0.017971
0.003166
0.003166
0.003166
0.017969
-0.011636
0.017969
0.003166
0.047562
-0.011630
0.003166
-0.026433
0.047562
-0.011630
0.003166
0.121475
0.003166
0.017945
-0.070749
0.077082
0.047489
0.017936
0.017934
0.017932
0.003166
-0.011599
-0.011601
0.017934
-0.055918
0.032713
0.003166
0.017936
-0.011604
-0.011606
-0.041163
-0.041183
0.003166
0.003166
0.017952
0.017949
0.003166
0.003166
-0.026402
-0.100392
0.017967
0.062347
0.017956
-0.070804
0.017965
-0.085657
-0.085736
-0.278879
-0.026569
0.032902
0.077466
-0.086000
0.062619
0.032880
0.107093
0.047674
0.003166
-0.071023
0.077356
0.136569
0.106801
0.047548
0.032743
0.032735
0.106587
0.003166
-0.055918
-0.011610
0.017943
0.003166
0.047483
-0.115054
0.017952
0.091832
-0.026380
0.062251
-0.041143
-0.055944
0.003166
-0.026402
0.003166
0.017952
-0.011619
0.017952
-0.011619
0.003166
0.047516
0.003166
0.047496
0.003166
-0.011608
0.017941
0.003166
-0.026384
0.017943
-0.011610
-0.041176
-0.041196
-0.026419
0.003166
0.003166
0.003166
0.047542
-0.041209
0.003166
0.003166
-0.011630
-0.011632
-0.026437
0.003166
0.017969
0.017967
-0.026437
-0.011639
0.003166
0.003166
-0.011641
-0.011643
0.003166
-0.011645
0.003166
0.003166
0.017978
0.017976
0.032779
0.003166
0.017969
0.003166
0.003166
0.047562
-0.041229
0.032765
0.032757
-0.085630
-0.011641
-0.026454
0.032787
-0.130197
0.047641
-0.011656
-0.026485
0.017993
-0.026490
0.062470
0.032805
0.017982
-0.041288
-0.026481
0.032814
0.047621
0.062408
-0.011641
-0.026454
0.017978
0.017976
0.032779
-0.026446
0.017974
-0.011641
0.017974
0.003166
0.003166
-0.070891
-0.056119
0.092082
0.003166
0.062399
0.062364
0.017960
0.017958
0.003166
0.047529
-0.174401
0.003166
0.032783
-0.115352
-0.085815
0.062496
-0.026494
0.047654
0.017991
-0.026485
-0.026494
0.017998
0.003166
0.077290
-0.070957
-0.011665
0.003166
0.003166
-0.130414
0.018018
-0.011685
0.092240
-0.041360
-0.041380
0.018018
0.092227
-0.056198
0.136688
-0.041321
-0.085868
-0.041380
-0.041400
-0.056287
0.003166
-0.011702
0.077488
-0.011694
-0.011696
-0.056304
-0.190358
0.047859
0.018060
0.032946
-0.011722
-0.026618
-0.011729
0.018062
0.018060
-0.011727
-0.026627
0.018064
0.047846
0.032942
0.003166
-0.011720
0.047819
-0.026600
0.062690
0.003166
0.032915
0.003166
0.003166
0.032906
0.032897
-0.026565
-0.026573
0.003166
-0.026582
-0.041473
0.032928
0.018044
0.018042
-0.011709
-0.041473
0.003166
-0.011718
0.032933
-0.026600
0.003166
0.018051
-0.041493
0.018055
0.032937
0.032928
-0.011713
-0.026600
-0.011720
0.003166
0.003166
-0.071299
0.018064
0.032955
0.018057
0.018055
0.032937
-0.011718
0.047813
-0.011713
0.003166
-0.011716
0.003166
-0.026604
0.018053
-0.026609
-0.116023
-0.041566
-0.011749
-0.116237
0.062886
0.018091
-0.011758
-0.041620
-0.086466
-0.011780
0.003166
0.033057
-0.056624
-0.161443
-0.011811
-0.041781
0.048114
-0.011814
-0.071768
-0.116846
-0.252338
-0.132366
0.078485
0.003166
0.018223
-0.102279
0.048371
0.168742
0.063308
0.063272
-0.011856
-0.087018
0.033237
0.048255
-0.071993
-0.041957
-0.011879
-0.057038
-0.117352
0.078507
0.048344
-0.026950
-0.057093
-0.102374
0.168966
0.048337
-0.042004
-0.042025
-0.072197
-0.011913
0.033323
0.108644
-0.087236
-0.026986
-0.102438
-0.011929
0.003166
-0.011931
0.003166
-0.072357
0.123976
0.003166
0.018257
0.048426
0.048405
0.003166
-0.011911
0.003166
0.003166
-0.011913
0.003166
0.003166
0.018246
0.018244
-0.072243
-0.011922
0.003166
-0.042113
0.018262
0.048439
0.048419
-0.087359
0.003166
-0.027027
0.018264
0.003166
0.018262
0.093691
0.018246
0.063462
-0.026977
-0.011909
0.033314
-0.026981
-0.042072
0.033328
0.048391
0.003166
-0.087304
-0.193134
0.078712
-0.027045
0.033378
0.078655
0.063516
0.048405
-0.011911
0.018244
0.018241
0.108628
0.033278
-0.042004
0.018226
-0.042018
-0.026968
-0.072209
0.018246
0.003166
0.048391
0.048371
-0.087263
-0.026995
0.018248
0.033323
0.093582
0.018228
-0.011895
0.018228
0.063389
-0.072118
0.063398
0.033269
-0.011884
-0.011886
-0.042004
-0.026959
-0.011899
-0.026972
-0.042059
0.033319
-0.026986
-0.011913
-0.087359
END
