y[]
0.028948
-0.030329
-0.030338
0.014134
0.206625
0.073246
0.014090
-0.015472
-0.059836
-0.074672
0.014110
-0.030294
-0.030303
-0.015500
-0.015502
-0.089606
-0.060012
-0.015526
-0.030369
-0.000691
-0.000691
0.014149
0.028983
0.058630
-0.208468
0.251554
0.265700
0.073181
-0.089343
-0.119017
0.014108
-0.104325
-0.252823
-0.119562
0.192402
0.014147
0.028978
0.014140
-0.015522
0.028970
-0.045185
0.014143
-0.000691
0.028970
-0.030351
-0.015524
-0.000691
-0.045204
0.058656
-0.000691
-0.015524
0.014143
-0.000691
-0.000691
-0.015524
0.014143
-0.000691
0.191945
-0.045112
-0.000691
0.014119
-0.015500
0.028926
-0.000691
-0.030307
-0.000691
-0.000691
-0.030316
-0.030325
-0.000691
0.028943
0.058551
0.014114
-0.030303
0.028921
-0.045112
-0.000691
0.014119
0.028921
0.014112
-0.000691
-0.015494
0.014112
-0.000691
0.028908
0.014105
0.014103
-0.015485
-0.000691
-0.030285
0.058490
-0.074672
0.028908
0.014105
0.014103
-0.045079
-0.030294
0.043711
0.014105
0.014103
0.014101
0.088014
0.058402
-0.000691
0.028843
0.014073
-0.030220
-0.000691
-0.045001
-0.000691
-0.015465
-0.000691
-0.015467
0.014086
-0.000691
0.014084
-0.015465
0.058393
0.028838
-0.000691
-0.059758
-0.015463
0.102668
0.073072
0.073017
0.028777
-0.044896
0.220141
-0.030107
-0.030116
0.028734
-0.118442
0.014036
0.014033
-0.000691
0.072898
-0.059558
0.043463
-0.044844
0.087596
-0.044825
-0.030124
0.028743
0.014023
-0.030120
-0.015409
0.028743
0.014023
0.116939
-0.015387
0.058081
-0.000691
-0.030072
-0.000691
-0.015385
-0.103609
0.146303
0.058046
-0.059428
-0.088861
0.014010
0.058090
0.043372
-0.015376
-0.000691
0.013995
-0.059445
-0.000691
-0.059480
0.014010
-0.000691
0.014008
-0.030090
-0.000691
0.028708
0.014005
-0.000691
-0.044786
0.028708
0.028699
-0.015385
0.014003
-0.000691
0.028691
-0.015380
0.013999
-0.000691
0.013997
-0.015378
0.013997
-0.015378
-0.030072
0.014001
-0.000691
-0.015383
-0.000691
-0.000691
-0.000691
-0.015385
0.014003
-0.015385
0.014003
-0.015385
0.028695
0.013999
-0.000691
-0.000691
0.072725
-0.015370
-0.015372
-0.030059
-0.000691
-0.000691
0.013995
-0.059445
-0.000691
0.014001
0.013999
-0.015380
-0.015383
-0.000691
-0.000691
0.043378
-0.030068
-0.015383
-0.000691
-0.015385
-0.030085
-0.015391
0.043404
-0.000691
0.043385
-0.015380
0.028686
0.013995
-0.059445
0.043378
-0.000691
-0.000691
-0.015378
-0.000691
0.013997
0.013995
0.028673
-0.265280
-0.103776
0.043502
0.131769
-0.059540
-0.074301
-0.074356
0.072974
0.043482
0.072887
-0.000691
0.028725
-0.074247
-0.074301
0.028760
0.072898
0.028730
-0.015400
0.043430
-0.015396
-0.000691
0.072812
-0.015387
0.028699
-0.044779
0.087467
-0.059454
-0.030085
0.014008
0.014005
0.014003
-0.015385
0.043385
-0.015380
0.028686
-0.000691
-0.000691
-0.000691
0.102062
0.028648
-0.015359
-0.000691
-0.015361
-0.000691
-0.044715
0.013986
-0.015368
-0.103488
0.087428
-0.000691
-0.000691
-0.000691
-0.030055
-0.000691
-0.015376
0.013995
0.013992
0.013990
-0.044740
-0.030068
0.028686
-0.030068
-0.000691
-0.015383
0.028691
0.028682
-0.030064
-0.000691
-0.030072
0.014001
0.043372
-0.015376
-0.000691
-0.000691
0.013995
-0.030064
0.013997
-0.015378
-0.000691
-0.000691
0.028682
-0.015376
0.013995
-0.015376
-0.000691
-0.000691
-0.030068
0.028686
0.013995
-0.030064
0.013997
-0.015378
-0.000691
0.058046
-0.030055
0.072704
-0.015365
0.013984
0.028652
-0.044708
0.028656
0.028648
-0.030029
-0.000691
0.028648
0.013975
-0.030025
-0.030034
-0.015365
0.013984
-0.015365
-0.000691
-0.000691
-0.000691
-0.000691
-0.044727
-0.000691
0.013990
-0.015372
-0.015374
0.043352
-0.015370
-0.015372
-0.074128
0.014001
-0.030077
0.014003
-0.000691
-0.015385
-0.015387
-0.059497
-0.015398
0.102213
0.028691
0.043365
0.043346
0.057995
-0.044702
0.013982
-0.015363
0.013982
-0.074075
-0.015374
0.013992
0.043346
-0.030046
-0.030055
-0.044753
0.013999
-0.132976
0.072822
0.014005
0.014003
0.043378
-0.030068
-0.000691
-0.000691
-0.030077
0.028695
-0.000691
-0.015383
0.058064
0.028673
-0.015372
-0.015374
0.013992
-0.015374
-0.015376
-0.000691
-0.000691
-0.044760
0.014001
-0.059471
-0.015391
-0.015393
-0.044812
0.014018
-0.000691
-0.000691
-0.000691
0.014016
-0.000691
0.014014
-0.030103
-0.059540
-0.000691
-0.000691
-0.030129
0.028747
-0.000691
-0.030129
-0.000691
0.028747
-0.030129
0.014029
-0.044857
0.043476
-0.000691
-0.015411
-0.015413
-0.000691
0.028751
0.014027
-0.015409
0.014027
0.014025
-0.000691
0.014023
-0.000691
0.014020
-0.044831
0.014025
0.014023
-0.000691
0.028730
0.028721
-0.015396
0.028717
-0.000691
-0.015393
0.028712
0.043398
-0.030081
-0.000691
0.014005
0.014003
0.043378
-0.015378
-0.030072
0.043378
-0.000691
0.043359
0.013988
-0.000691
-0.044734
-0.044753
-0.015383
-0.044779
-0.074215
0.014018
-0.000691
-0.030111
-0.015404
0.028734
0.014018
0.014016
-0.015398
-0.059540
0.058159
0.014016
0.043417
-0.030094
-0.030103
-0.030111
-0.015404
0.014023
-0.089004
-0.044877
-0.162873
-0.000691
-0.118807
-0.015465
-0.059810
-0.045053
0.028886
0.102760
0.014079
-0.030233
0.073148
-0.059758
-0.030237
0.028856
0.058376
0.073094
-0.030198
0.014064
-0.000691
-0.074486
-0.015456
-0.059775
-0.045027
0.117495
-0.089317
0.043632
0.014079
0.043606
0.014070
-0.089291
0.058385
-0.030224
0.073126
-0.000691
-0.030211
-0.000691
-0.000691
-0.044988
-0.015461
0.043613
-0.044994
-0.015463
0.014081
-0.015463
-0.000691
0.014081
-0.045014
-0.015469
0.014088
0.014086
-0.015467
-0.015469
0.028864
-0.015467
-0.015469
-0.030255
-0.059845
0.014101
-0.000691
0.028886
-0.015478
0.028882
-0.059845
0.043678
0.014094
0.014092
-0.000691
0.014090
-0.030255
-0.000691
-0.030263
0.014097
-0.015478
-0.000691
-0.015480
-0.015483
-0.000691
-0.000691
-0.089488
-0.015498
0.014116
-0.045119
-0.015505
0.088159
-0.030298
-0.000691
-0.000691
-0.045119
-0.000691
-0.030320
-0.015509
-0.045158
-0.000691
-0.030347
0.014138
0.028961
0.014132
0.073389
0.028926
-0.045119
-0.045139
0.073378
-0.104402
-0.000691
0.014132
-0.000691
0.073389
0.028926
-0.059933
0.043744
0.028921
-0.059924
0.014121
0.058533
0.028908
-0.045092
0.073301
-0.045079
0.043698
-0.104295
-0.030312
-0.045139
-0.059985
0.162284
-0.282360
-0.074946
-0.060135
0.014174
0.058745
0.029014
-0.000691
0.014158
-0.060100
-0.000691
-0.000691
0.043869
0.029005
-0.015538
0.088356
0.058630
0.028956
0.028948
-0.030329
0.028948
-0.045152
-0.000691
0.043770
0.014125
-0.074792
-0.000691
-0.015518
0.117863
0.043731
-0.045112
0.058533
-0.015494
-0.074737
0.014123
0.014121
0.014119
0.043724
-0.015494
0.028913
-0.030294
-0.015496
-0.000691
-0.000691
-0.000691
-0.000691
-0.000691
-0.045119
0.028930
0.014116
-0.015498
0.043724
0.161995
-0.000691
0.014086
-0.015467
0.014086
-0.000691
0.058393
-0.015459
-0.030233
-0.000691
-0.045020
0.043639
0.028851
-0.059784
-0.015469
-0.000691
0.087949
0.014075
0.043593
-0.000691
-0.015450
-0.015452
0.014070
-0.015452
-0.000691
-0.000691
-0.030220
-0.015459
-0.015461
-0.045014
-0.015469
0.028864
-0.030246
0.028864
0.014084
-0.059801
-0.000691
0.043645
0.014084
-0.089369
-0.030268
0.014099
-0.030272
0.058463
-0.015476
0.014094
0.028873
-0.015472
-0.045047
0.043665
0.043645
-0.015467
-0.030250
-0.000691
0.014090
0.028864
0.028856
0.073137
0.014068
0.014066
0.043567
-0.030194
-0.000691
-0.015446
0.028816
-0.000691
-0.030198
-0.044968
0.058341
-0.015446
0.043567
0.028803
END
