y[]
0.022087
0.034274
-0.051090
0.022084
0.009885
0.009884
-0.002309
0.009882
0.022069
0.034247
-0.002309
-0.026679
0.009876
-0.038870
-0.038883
0.022075
0.022069
-0.002309
-0.014498
-0.038883
-0.136529
-0.026732
-0.002309
-0.014523
0.070951
-0.075569
0.034328
-0.014520
0.131927
0.083020
-0.014495
-0.014496
0.046430
0.143765
0.070648
-0.026622
-0.014468
-0.002309
0.009850
-0.038790
0.082792
-0.002309
0.058433
-0.026602
-0.050912
-0.075257
-0.014472
0.034176
-0.050959
-0.014475
-0.050989
0.009863
0.009862
-0.051000
-0.014486
0.168028
-0.087441
-0.038817
-0.038830
-0.014486
-0.258360
-0.063370
0.205147
0.046442
-0.124231
0.253555
0.119301
0.119153
-0.148082
0.070604
0.082689
0.058359
-0.062978
0.082617
0.009817
-0.160067
-0.135991
-0.075302
0.095003
0.022004
-0.160450
-0.063199
0.058581
0.095038
0.034172
-0.038790
-0.331237
0.022093
-0.099953
-0.051167
-0.149026
-0.002309
0.217686
-0.051155
-0.002309
0.119761
0.009890
0.009888
0.046465
-0.014500
-0.038892
-0.051107
0.022093
-0.038915
0.009894
0.009893
-0.063333
0.022105
-0.014515
-0.051149
-0.026738
0.022120
0.083145
-0.026717
0.058700
0.009888
-0.038906
0.022090
-0.038910
0.034292
0.022084
0.009885
-0.026699
-0.014506
-0.014508
-0.051119
-0.038932
0.022108
0.034305
-0.038923
-0.038937
0.009902
0.009900
0.022105
-0.087784
-0.014526
-0.002309
0.022123
-0.002309
0.022117
-0.051167
0.022123
-0.026741
-0.014527
0.058767
0.009902
-0.026732
-0.026738
-0.038964
0.009911
-0.014529
-0.038977
0.022138
0.009912
-0.002309
0.046561
-0.063400
-0.014532
0.058789
-0.026744
-0.063423
-0.051227
0.058834
0.022138
-0.002309
-0.002309
0.083208
0.083135
0.009891
0.046477
0.095192
-0.002309
-0.002309
-0.038861
-0.038874
0.034256
0.034243
-0.014492
0.046412
0.070728
0.058514
-0.050965
-0.026646
0.009860
0.143605
0.009841
-0.002309
-0.002309
0.021986
-0.050906
0.009842
0.009841
-0.050918
0.131308
0.070498
0.082565
0.070383
-0.123492
0.009816
0.034057
-0.014430
-0.062934
0.058315
0.106722
0.021904
-0.099197
0.046146
-0.075001
0.082493
0.215424
-0.026478
0.033943
0.009772
0.154611
0.070032
0.009743
0.142200
0.081891
0.045774
-0.050392
-0.002309
-0.002309
0.009714
-0.026356
-0.026362
0.009718
-0.014336
-0.002309
0.081851
-0.002309
0.057762
-0.038347
-0.002309
0.045739
-0.014319
0.069728
-0.026316
-0.014315
-0.026324
0.009699
0.069711
0.033682
-0.026301
-0.038308
-0.026316
-0.026322
-0.002309
0.057711
-0.074338
-0.050357
0.009705
0.033725
-0.002309
-0.014319
-0.002309
0.009701
0.009699
0.009698
0.033703
0.021692
-0.002309
-0.050317
0.009695
-0.014313
-0.026322
0.033707
-0.026319
0.009696
0.057697
0.033677
0.009683
-0.014302
-0.014303
0.033669
0.069608
-0.026276
0.045618
-0.074208
-0.026287
0.021669
-0.002309
0.033647
0.009673
0.045607
-0.014286
-0.002309
-0.014287
0.009669
-0.038248
0.045607
0.045584
-0.050202
0.081488
-0.050185
-0.062186
-0.002309
0.021646
-0.026264
-0.086197
-0.062272
-0.002309
-0.026304
0.057668
-0.050288
-0.050311
-0.026319
-0.050346
-0.098451
-0.074477
0.202030
-0.014317
0.069720
-0.182478
-0.026356
-0.026362
-0.086540
0.142043
0.045762
0.033729
-0.158568
-0.098590
0.057878
-0.026379
0.033794
0.081881
-0.002309
0.117840
0.009698
0.009696
-0.050340
-0.026333
-0.026339
-0.086459
-0.002309
0.009717
-0.014335
0.057805
-0.050398
-0.062452
0.141974
-0.134560
0.033777
-0.026365
0.033772
0.009715
0.009714
-0.002309
0.009712
-0.026353
-0.098544
-0.062503
0.021773
0.033803
-0.014345
-0.002309
-0.050467
0.033812
-0.014348
0.021767
-0.014346
0.033799
-0.014343
-0.002309
-0.050461
0.045843
-0.002309
0.021758
-0.026376
0.009725
-0.014343
-0.014345
0.009727
-0.014345
0.009727
0.021758
-0.002309
0.009722
0.009721
0.021747
-0.026365
-0.014339
-0.014341
0.021753
-0.002309
-0.002309
0.021747
-0.002309
0.033764
-0.002309
0.009712
-0.014330
-0.002309
-0.038382
0.033764
0.009712
0.105819
0.033707
0.069685
-0.062301
-0.026316
-0.002309
-0.002309
-0.074364
-0.134544
0.021747
0.045785
0.093810
-0.002309
-0.074390
-0.014328
0.069780
-0.038347
0.093764
0.033695
-0.026310
-0.002309
-0.002309
0.033690
-0.026307
0.045681
-0.014305
0.045664
-0.014300
-0.050288
0.093626
-0.002309
-0.002309
-0.014296
0.033647
-0.002309
-0.074234
0.129514
0.069521
0.141197
0.033535
-0.050105
0.057432
-0.074002
-0.050133
0.009649
-0.050150
0.045532
-0.002309
-0.014267
-0.086056
-0.074148
-0.026267
0.057575
0.021634
0.045561
-0.074122
0.045572
-0.026247
-0.098117
-0.062236
0.057618
0.033630
-0.026267
-0.038257
0.045618
-0.026270
-0.134196
0.045670
-0.038291
0.045664
0.069608
0.009672
0.021649
0.069530
-0.014279
-0.002309
-0.014280
0.021632
0.021626
0.129231
-0.026213
0.021594
-0.026213
-0.026218
-0.002309
0.033552
-0.002309
-0.014262
0.009643
-0.026215
-0.014264
-0.014266
-0.062114
-0.050179
-0.038226
0.021637
-0.014282
-0.014283
0.045578
0.009659
-0.002309
-0.002309
-0.002309
0.033587
-0.014273
0.033578
-0.026233
-0.014273
0.009655
-0.014273
-0.014274
-0.014276
-0.002309
-0.014277
0.021626
0.069461
-0.050150
-0.014273
0.021617
-0.002309
-0.002309
-0.014272
-0.038205
-0.050190
-0.038235
0.033617
-0.026258
-0.050225
-0.098209
0.009683
-0.014302
0.033664
0.069599
-0.002309
-0.074217
-0.014299
-0.038287
0.045658
-0.050276
0.033669
0.021669
-0.026287
-0.050282
-0.002309
-0.074312
0.009695
0.069685
0.105585
-0.014292
0.117451
0.033591
-0.122027
0.033621
-0.014284
-0.002309
0.021640
-0.002309
-0.098140
0.009675
0.009673
0.009672
-0.050242
0.129451
-0.122084
0.081548
0.165195
-0.026221
0.033557
0.009643
-0.038171
0.033552
-0.014262
-0.050133
0.045515
-0.014263
-0.038179
-0.062121
-0.014276
-0.002309
0.021623
0.021617
-0.050167
-0.050190
0.021634
-0.050202
-0.194110
-0.086338
-0.038343
-0.074416
0.069798
0.033725
0.057719
0.021692
0.069659
-0.062279
-0.014307
-0.002309
0.033682
-0.002309
-0.038300
-0.014309
-0.002309
-0.038317
0.045699
0.009689
-0.002309
-0.002309
0.057661
-0.050282
0.033673
0.009682
-0.026293
-0.002309
-0.002309
-0.014303
-0.026301
-0.002309
-0.038308
0.033690
-0.026307
-0.026313
0.021695
-0.014310
-0.002309
-0.038321
-0.014316
-0.002309
0.033707
0.033695
-0.014309
0.009691
0.009689
-0.014307
0.021686
-0.026304
-0.026310
0.021692
0.021686
-0.002309
-0.074312
0.069694
0.009686
0.021677
-0.014302
-0.002309
0.093591
-0.002309
0.009672
-0.014290
-0.050248
-0.014297
-0.086267
-0.122372
-0.134544
-0.002309
-0.472558
0.251176
0.106131
-0.026397
-0.014355
0.033825
0.009733
0.093972
-0.062474
-0.098648
-0.050513
-0.026420
0.082054
0.009737
0.069937
-0.050467
-0.074590
0.057928
-0.098706
-0.014365
0.057957
-0.207363
0.045977
-0.098904
-0.038556
0.106393
-0.050607
0.082196
0.045948
-0.026435
0.130309
0.081993
-0.002309
0.021764
-0.110684
-0.243564
-0.038548
0.009772
0.118420
0.021819
0.226620
0.117970
0.045762
0.141766
-0.074321
-0.086388
0.081770
-0.074372
0.057747
0.213596
0.057582
0.033608
-0.026253
-0.050213
0.105443
-0.181961
-0.002309
0.069590
0.045595
0.021634
0.069487
-0.062136
-0.098106
-0.038257
0.045618
-0.110177
-0.014302
0.009683
-0.026296
0.009685
-0.026299
-0.002309
0.069642
-0.002309
-0.014297
0.033651
-0.002309
-0.014294
-0.002309
-0.038274
-0.014300
-0.014302
-0.050294
-0.038313
0.009694
-0.014312
0.021695
-0.014310
0.021692
0.009689
0.009688
-0.014306
-0.026307
-0.026313
0.009694
0.045687
-0.002309
0.033673
0.009682
END
