y[]
-0.013566
-0.178073
0.062378
0.024385
-0.051552
-0.000925
0.037047
-0.203611
0.049785
0.037091
-0.026267
-0.013598
-0.013600
-0.000925
-0.013602
-0.000925
-0.013603
0.037105
-0.038955
0.176425
-0.102229
-0.013595
-0.026270
-0.051635
0.037110
-0.064324
-0.077057
-0.013619
-0.000925
0.011769
0.037148
0.024449
-0.064373
-0.039013
-0.013624
-0.039032
0.024481
0.037173
-0.064429
0.113353
-0.039003
0.062531
-0.000925
-0.000925
-0.000925
-0.026302
-0.013616
0.037144
-0.102474
-0.077154
0.024491
-0.064478
0.037211
-0.013636
-0.000925
-0.026351
-0.013640
0.113455
-0.140741
-0.013645
-0.039095
0.113542
0.075314
0.062563
0.062523
0.062483
-0.064333
0.062483
-0.026283
-0.051661
0.011761
-0.077067
-0.000925
-0.039018
0.125995
0.049798
-0.127780
-0.013619
-0.000925
-0.026319
0.037163
0.062523
0.011760
-0.013610
-0.026299
0.062499
0.062458
0.024417
0.011744
0.150974
-0.178163
0.290086
0.150571
-0.127156
-0.279195
-0.089628
0.113107
-0.191051
0.163872
0.125657
-0.038883
-0.355895
-0.089865
0.049907
0.024481
-0.064453
-0.229962
0.126382
0.126221
0.024485
0.240146
-0.153113
-0.089808
0.011777
0.037173
0.240024
-0.000925
-0.026261
-0.076971
-0.038970
-0.077057
0.087891
0.037115
-0.026283
-0.051661
-0.115174
-0.013627
-0.140758
-0.000925
-0.077280
0.037260
-0.153752
-0.000925
0.050043
0.037284
-0.000925
-0.026396
0.075469
0.024527
-0.000925
-0.039105
0.049979
-0.026374
0.011800
-0.051835
-0.026390
0.011808
0.011807
-0.000925
0.024533
0.037250
-0.000925
0.075382
-0.039071
-0.026364
0.113499
-0.013632
-0.064486
-0.064526
-0.064567
0.024536
0.037255
0.037241
0.088071
-0.051770
0.049920
0.138766
0.075188
-0.051661
0.087846
0.011750
-0.013600
0.037095
-0.064300
0.075121
0.037076
0.024401
0.100315
-0.013574
0.024372
-0.038873
-0.038888
0.087632
0.251664
-0.000925
0.062123
0.049485
0.024270
-0.063925
-0.076578
-0.013539
0.049523
-0.076606
0.024308
-0.101897
-0.038816
-0.000925
-0.139981
0.049663
0.049638
-0.026203
0.074890
0.049586
0.049561
-0.000925
-0.026165
-0.038797
-0.051443
0.112704
0.011692
-0.026162
0.011694
0.011692
-0.026162
0.125194
0.150209
0.036823
-0.000925
0.087098
-0.126695
-0.278178
-0.013546
-0.152498
-0.241386
-0.216565
0.113295
0.087823
0.176335
-0.089516
-0.216401
0.113209
0.138395
-0.064228
0.226779
-0.000925
0.150590
0.137763
-0.026127
0.162772
-0.126822
-0.152211
-0.013543
-0.177737
0.100149
0.024328
0.049561
0.036923
-0.013539
0.288802
-0.000925
-0.013504
-0.000925
-0.013506
0.074537
-0.000925
0.024216
-0.026066
-0.051227
-0.000925
0.011653
0.024226
-0.038654
-0.013504
0.024232
-0.000925
-0.051246
-0.076454
-0.000925
0.062020
-0.013511
-0.038692
-0.026111
0.024261
-0.051303
-0.164828
-0.026165
-0.089314
-0.038830
0.062242
-0.000925
-0.000925
0.049580
-0.038801
-0.013554
-0.026187
-0.064108
-0.038854
-0.000925
0.011720
-0.051513
-0.026229
0.037028
-0.076846
0.049695
-0.026232
-0.026238
-0.038907
-0.038921
-0.026264
0.037081
0.075044
-0.026241
-0.114928
0.100418
-0.038917
-0.102306
0.138448
0.112963
-0.026222
0.074948
-0.165388
0.037052
0.037038
-0.064204
0.024391
0.087632
0.062282
-0.102076
-0.000925
0.112862
0.150590
-0.026162
0.036927
-0.165056
0.049606
0.036956
0.011699
0.049555
-0.064028
0.062178
-0.013543
-0.064036
-0.026181
0.049580
-0.076692
0.011707
0.024334
0.049574
-0.000925
0.062162
0.049516
0.074689
-0.202691
0.024318
0.112590
-0.013531
-0.026143
-0.101859
0.188242
0.036866
0.036851
0.049421
0.024239
-0.013506
-0.013508
-0.227682
-0.000925
-0.000925
0.150304
0.124924
-0.051246
0.061972
0.036794
0.200004
0.011620
0.299676
0.011580
0.236382
0.098826
0.023997
-0.163030
0.111329
-0.025860
0.011543
0.086308
-0.050763
-0.050788
0.036474
-0.000925
-0.075738
-0.025875
0.036498
0.024016
-0.013395
0.011545
0.011543
0.011541
-0.013392
-0.038334
0.048950
-0.000925
-0.038329
-0.013396
-0.013398
0.024019
-0.025869
-0.013399
-0.038357
0.061454
-0.000925
-0.050825
0.111315
-0.013390
-0.025860
-0.013395
-0.013396
0.011546
-0.013396
0.036484
0.036470
0.023997
0.098701
-0.000925
0.011521
0.011520
0.048839
-0.013364
-0.075589
0.023969
0.011520
-0.000925
-0.050713
0.086188
-0.000925
0.023951
-0.063126
-0.050713
-0.063195
-0.125582
0.011548
0.048950
-0.188086
-0.100888
0.074056
-0.063405
0.011574
0.061548
0.073991
0.036512
-0.000925
0.111301
-0.025853
-0.025860
-0.050813
0.123748
-0.013385
0.111162
0.023966
-0.038264
-0.025825
0.048870
0.036405
-0.025810
-0.050713
0.160797
-0.075533
0.048820
0.073646
-0.063064
-0.050664
-0.013364
-0.150309
0.036442
0.123531
-0.013364
-0.349835
0.148757
0.111190
0.073748
-0.050701
0.036409
-0.013368
0.048839
-0.137835
-0.013381
0.061338
-0.187829
-0.038348
-0.075813
-0.013412
0.024047
-0.163354
0.149019
-0.088365
0.111484
-0.038381
-0.013413
-0.050894
0.148906
0.011551
0.024022
-0.038348
-0.000925
0.024025
0.136189
0.036437
-0.050744
-0.013384
0.011534
0.023988
-0.050757
0.011535
-0.000925
-0.163030
0.011554
-0.000925
-0.013404
-0.000925
-0.013406
0.024034
-0.013404
-0.000925
0.011554
-0.038367
-0.000925
0.024038
0.011554
0.011552
-0.013402
-0.038367
-0.025894
0.049006
0.036507
0.024022
0.024016
0.011543
-0.038334
0.011546
0.036479
-0.025860
-0.000925
-0.000925
0.024010
-0.000925
-0.050800
-0.000925
0.011546
0.011545
0.024010
-0.050800
0.036484
0.011541
0.061384
-0.025844
0.011535
0.011534
-0.025844
-0.000925
0.023994
0.023988
0.036433
0.023972
-0.100551
0.073804
0.048863
0.048839
-0.000925
-0.100477
0.036419
-0.038269
0.023972
-0.150402
0.024003
-0.038320
0.048932
-0.075719
0.098788
0.011532
-0.025841
0.036447
0.011529
0.023978
0.011524
0.011523
-0.088093
0.036442
-0.013379
0.011529
0.011528
-0.025832
0.011529
-0.025835
-0.050763
0.048913
-0.063226
0.036461
-0.113123
0.136189
-0.113096
0.048944
-0.075738
0.011548
0.036484
-0.038334
0.098801
-0.063242
0.123670
-0.038287
0.098677
-0.025816
0.023966
-0.063164
0.023975
-0.063188
0.011531
-0.100613
0.048932
0.011535
-0.013385
-0.000925
0.073813
-0.025832
-0.063219
0.023997
0.048901
-0.013379
0.036433
0.011524
0.036414
-0.038264
0.011523
0.061291
0.048820
0.036368
0.098454
-0.050602
-0.000925
-0.050627
0.011503
-0.013353
-0.025785
0.011506
-0.050658
-0.013362
0.011512
-0.013362
-0.000925
-0.000925
0.023948
0.061229
-0.000925
0.011501
-0.025779
-0.100403
-0.013367
-0.038259
-0.000925
0.023966
0.023960
0.036391
-0.088017
-0.000925
-0.038273
-0.050744
-0.000925
0.036442
0.036428
-0.000925
0.036414
-0.000925
-0.050713
-0.013376
-0.013378
0.036428
-0.025825
0.023975
-0.050732
0.023982
-0.000925
0.011526
-0.025829
-0.038292
0.011532
0.048888
0.011524
0.048857
-0.175271
-0.063265
-0.088267
-0.013409
-0.000925
-0.000925
-0.088354
-0.113446
0.111596
-0.025919
-0.025925
-0.088474
0.024097
0.036596
0.011579
-0.025934
0.036587
0.099038
0.011563
-0.025903
0.073991
0.024034
-0.025884
0.036512
-0.088299
-0.050888
0.024059
0.061509
-0.138331
0.036568
-0.063421
-0.025934
0.011580
-0.000925
0.074075
0.123950
0.073925
0.148608
-0.000925
0.086199
-0.000925
0.135831
-0.000925
-0.013350
-0.100378
0.036381
-0.137784
0.086188
-0.038250
-0.000925
-0.000925
-0.125443
-0.163030
-0.063343
0.086449
-0.075813
-0.063374
0.061524
-0.038390
0.049025
-0.113348
0.036563
-0.000925
0.086493
-0.113334
-0.201075
-0.025972
-0.076104
0.024141
0.036662
-0.101188
-0.088738
-0.026029
END
