y[]
0.001757
0.028170
0.014961
0.001757
0.014960
0.001757
0.001757
0.014958
0.001757
-0.011443
0.001757
0.028156
-0.037844
0.054556
-0.011440
0.028150
0.014951
-0.011436
-0.024635
-0.011441
-0.024645
0.014960
0.001757
0.001757
0.014958
-0.011443
-0.011445
0.014960
0.014958
0.001757
0.014956
0.014954
0.028146
0.001757
0.001757
0.014949
-0.011434
0.001757
-0.037828
0.014954
0.001757
-0.011440
0.028150
0.014951
0.014949
-0.024628
-0.011438
0.001757
0.041338
0.014947
0.014946
0.014944
-0.011429
-0.024621
0.028136
0.014944
-0.037807
-0.011434
-0.011436
0.001757
-0.024635
0.001757
0.080913
-0.011431
0.001757
0.014946
-0.024621
0.041322
0.001757
0.001757
0.028125
-0.011426
0.001757
-0.024614
-0.024621
-0.117031
0.054570
0.001757
0.054542
-0.024631
-0.077451
0.199660
-0.130134
0.067725
0.014946
0.094027
0.028104
-0.037766
-0.050964
-0.130169
0.080934
-0.090621
0.028160
0.001757
0.001757
-0.011443
0.028156
0.054535
-0.051020
0.014954
0.014953
-0.011438
-0.051041
0.014960
0.014958
-0.011443
0.028156
0.014954
0.001757
0.014953
-0.090646
0.001757
0.041369
0.001757
0.001757
0.041353
-0.011440
0.001757
0.001757
0.028150
-0.024635
0.041343
-0.024631
-0.024638
0.001757
-0.011443
0.001757
0.014958
0.014956
0.001757
0.014954
0.001757
-0.011440
0.001757
-0.011441
0.001757
0.014956
-0.011441
0.001757
0.014956
0.028150
0.014951
0.001757
-0.011436
0.001757
0.001757
0.001757
-0.011438
0.054528
0.014946
0.014944
0.001757
0.014942
0.014940
0.014939
0.001757
0.014937
-0.011422
-0.011424
-0.011426
-0.011427
0.028125
0.014939
-0.011424
0.014939
-0.024607
0.001757
0.014940
0.001757
-0.011426
-0.024614
-0.037813
0.014949
-0.024628
-0.037834
-0.024645
-0.024652
0.041369
0.001757
-0.051062
0.041374
0.041359
-0.037844
0.014960
-0.051062
0.028170
-0.037865
-0.011454
0.014968
-0.011454
-0.011455
0.001757
0.041390
-0.024663
-0.024670
-0.037896
0.014977
0.014975
-0.037902
0.001757
0.054632
-0.024677
0.014975
0.028188
0.028181
-0.143659
-0.037938
0.120797
-0.011462
-0.077597
0.054667
-0.024694
0.028209
-0.064385
0.028219
0.014986
0.054653
0.014977
-0.064358
0.014984
0.001757
0.028205
0.001757
-0.037917
0.054653
0.028195
-0.051125
0.014980
-0.024691
0.014982
-0.037923
0.028212
-0.051160
-0.090915
-0.064490
-0.077797
0.028283
-0.130939
0.068128
0.054822
0.015019
0.015017
-0.038028
-0.024775
0.054815
0.015017
0.028272
0.001757
-0.011499
0.001757
-0.011501
0.015016
0.001757
0.001757
-0.011501
0.028272
-0.024757
-0.051293
-0.064595
0.028304
0.028297
0.041553
0.028279
-0.011503
0.015017
0.068031
-0.038001
0.001757
0.001757
0.001757
-0.011499
-0.011501
0.001757
-0.024764
-0.051307
0.001757
0.015026
0.028290
0.001757
0.015021
0.015019
0.015017
0.001757
-0.024764
0.001757
0.001757
0.015019
0.001757
0.001757
0.015017
0.028272
0.015012
-0.011497
-0.024757
0.001757
0.028272
0.028265
0.067996
-0.037980
0.001757
0.001757
-0.091025
-0.038033
-0.038049
-0.024789
0.015031
0.054836
-0.011510
0.001757
-0.011511
-0.024785
-0.011517
0.054843
-0.064604
0.015033
0.054843
0.001757
-0.024782
-0.024789
-0.038075
-0.051378
0.041611
-0.011526
0.028321
0.028314
0.041579
-0.091186
0.028321
-0.077956
-0.011534
-0.038128
-0.251222
-0.064923
-0.412654
0.068714
0.001757
0.068669
-0.078542
-0.132219
-0.092133
-0.105654
0.203059
-0.199544
-0.038552
0.082359
-0.078844
0.122636
-0.011666
0.109097
-0.092158
0.028599
0.001757
-0.078790
0.068885
0.135878
-0.065280
0.055391
0.082154
0.108852
-0.065164
-0.025024
-0.092032
0.229380
-0.051754
-0.011625
-0.025013
-0.011630
0.001757
-0.011632
0.001757
0.015147
0.001757
0.015145
0.001757
0.015143
0.015142
-0.011627
-0.025016
-0.011632
0.015147
-0.011632
0.001757
0.041921
0.015142
0.001757
0.015140
0.001757
0.001757
0.001757
-0.011625
0.001757
0.001757
-0.038401
0.001757
0.015145
-0.011630
0.001757
-0.011632
-0.011634
-0.011636
0.001757
0.015150
0.001757
0.001757
-0.025031
-0.011639
0.015154
0.015152
0.028542
0.001757
-0.011634
-0.011636
0.001757
0.015150
0.041926
0.001757
0.001757
0.001757
-0.051805
-0.038433
0.001757
0.015156
-0.025042
0.055348
-0.078639
0.028563
0.001757
0.015158
0.015156
0.041942
0.041926
0.015143
-0.078585
0.028545
-0.011636
-0.025034
-0.051848
-0.025056
-0.078726
0.001757
0.028592
0.041996
0.001757
0.028574
0.108953
-0.078629
-0.038460
0.028571
-0.038465
-0.038481
0.176008
0.028538
-0.025024
0.189073
-0.038352
-0.172237
-0.011639
0.095497
-0.266303
0.028596
0.028589
0.068804
0.108938
-0.038422
0.149003
-0.038379
0.028517
-0.038384
0.028520
-0.011623
0.015138
-0.011623
-0.078564
0.015149
-0.051819
0.055334
0.001757
-0.011634
-0.011636
-0.038433
0.015156
0.028549
0.015150
0.135590
0.228863
0.028442
-0.078317
0.135180
-0.051590
0.055105
0.015090
-0.011575
0.001757
0.001757
-0.011577
0.028424
0.001757
0.068393
0.041717
-0.011561
0.001757
0.001757
0.015076
-0.011561
0.015076
-0.011561
-0.011563
-0.024888
-0.024895
0.015084
0.015083
-0.038224
0.015086
0.001757
0.001757
0.001757
-0.011572
-0.024906
0.028420
-0.011573
0.001757
-0.011575
0.001757
0.015090
-0.024909
0.041755
-0.011573
-0.011575
0.015090
-0.011575
0.001757
0.015090
-0.024909
0.015092
-0.024913
-0.011580
0.001757
-0.051612
0.015102
-0.038283
0.001757
-0.024945
0.001757
-0.011596
0.001757
0.001757
0.041813
0.001757
-0.065012
-0.011602
0.041829
-0.105137
-0.024984
-0.132058
0.028535
-0.025020
0.041921
-0.011629
-0.011630
-0.011632
-0.051819
0.068723
0.015145
0.068669
-0.011621
0.015136
-0.025002
0.055269
0.001757
0.068607
0.028485
0.055190
0.015111
-0.038309
-0.038326
-0.011607
-0.038347
0.041862
0.001757
0.015122
0.148649
0.161757
0.001757
-0.038219
0.068375
-0.011563
0.041712
-0.051519
0.108282
0.148044
-0.038118
0.001757
-0.011538
0.028346
0.028339
0.015045
-0.117900
0.001757
0.001757
0.028360
0.001757
-0.024845
0.041659
0.015054
0.028346
0.028339
0.028332
0.001757
0.015042
-0.024814
-0.024821
0.028335
0.041611
0.041595
-0.077935
0.068172
-0.011522
-0.038091
0.015042
-0.024814
0.015044
0.001757
-0.038107
-0.038123
0.001757
0.015053
-0.011538
0.001757
0.028346
-0.011536
-0.011538
0.001757
0.001757
-0.024838
-0.011543
0.001757
0.015058
0.015056
0.001757
0.015054
0.001757
0.015053
0.015051
0.054913
0.001757
0.001757
-0.011529
0.028328
-0.011527
-0.011529
0.028328
0.001757
0.015040
0.001757
-0.011526
0.001757
0.001757
0.015040
-0.024810
0.001757
0.001757
0.015042
0.001757
-0.024814
-0.011531
-0.024824
0.001757
-0.011536
0.028342
-0.011534
-0.024831
0.094787
-0.024814
0.107999
-0.024793
-0.011520
-0.077945
0.028332
-0.051399
-0.078030
0.028360
0.028353
0.015053
0.028342
-0.011534
-0.024831
-0.011540
0.068225
-0.011533
-0.051420
0.028350
0.041632
0.068180
0.001757
0.015037
-0.024803
-0.024810
0.001757
0.054885
-0.011522
-0.091247
0.015049
-0.064719
0.028353
0.001757
-0.064745
-0.158030
-0.051562
0.095047
-0.024888
-0.024895
0.081693
0.015074
0.094923
-0.024853
-0.091433
0.055020
0.028378
-0.198070
-0.145037
0.001757
-0.011598
-0.024959
0.055183
-0.091757
-0.118604
0.068642
-0.172237
-0.038438
0.122296
-0.011629
0.015143
-0.078585
0.001757
0.082100
0.001757
0.108781
0.162078
-0.105095
-0.065083
-0.078510
0.015140
0.001757
0.001757
0.028517
0.001757
-0.011621
-0.011623
-0.011625
END
