y[]
-0.008998
0.062557
-0.032842
0.026779
-0.008994
-0.020922
-0.008998
-0.008999
0.014860
0.002930
0.002930
0.014858
-0.020928
0.014860
-0.020930
-0.009002
0.062578
-0.020925
-0.032863
-0.020939
0.050663
-0.032867
0.002930
-0.009005
0.014865
-0.044820
-0.092638
0.026831
-0.020970
0.002930
-0.020976
-0.009025
-0.068832
0.038818
-0.056889
0.002930
-0.044951
0.038843
0.074718
-0.056889
0.014897
0.002930
-0.009037
-0.044951
-0.068935
0.002930
0.014911
0.026888
0.014907
-0.009047
-0.021028
0.014910
0.002930
0.062807
-0.021016
-0.044980
0.014910
0.026885
0.014906
0.014904
-0.021019
0.062793
-0.044957
-0.009045
-0.009047
-0.033009
-0.021036
-0.225038
-0.105236
-0.165562
-0.045263
-0.069403
0.099362
0.014978
-0.190004
-0.129928
-0.154312
0.111817
-0.130169
-0.118223
0.184605
0.039226
0.063393
0.039191
0.051257
-0.117930
-0.057555
0.087599
0.135837
-0.093712
0.099572
-0.033300
0.039160
-0.093712
0.002930
-0.033335
0.015020
0.063357
0.196050
0.183642
-0.165724
0.051146
-0.081463
0.002930
-0.033260
-0.009136
0.027061
-0.093630
0.027079
0.063277
0.014995
0.014994
0.002930
0.111436
0.002930
-0.033225
0.039086
-0.033225
-0.069420
-0.021198
0.051181
0.063211
0.051129
-0.009117
-0.009119
-0.009120
0.014981
0.039073
0.002930
0.002930
0.051100
-0.009110
-0.033199
0.014975
0.014973
0.075158
0.014963
-0.045210
0.014968
-0.009107
0.014968
-0.045228
0.014972
0.027009
0.014968
0.051065
-0.009101
0.002930
0.014962
-0.057242
0.002930
-0.045234
-0.009114
0.002930
0.063139
-0.045234
-0.081412
0.027035
0.014981
-0.009120
-0.009122
-0.045292
-0.057380
0.002930
-0.154046
-0.021242
0.039186
-0.009154
-0.021242
0.027102
-0.033330
-0.033343
0.039204
0.051274
0.123689
0.002930
-0.045356
-0.021221
-0.081647
-0.045432
-0.009164
0.015024
0.087548
-0.045414
0.075438
0.063313
-0.033295
-0.021227
-0.069577
0.002930
0.172033
-0.069507
0.159812
-0.141875
-0.202570
0.039226
0.075482
0.099584
-0.009146
0.027082
-0.129976
0.051280
0.135772
-0.057431
0.123616
0.063218
-0.202198
0.027085
0.015005
-0.021221
-0.057475
0.087487
0.099479
0.099385
-0.045286
0.014986
-0.045303
0.063218
0.195608
-0.081321
0.039046
-0.069315
-0.009116
0.075185
0.051071
0.014962
-0.009101
0.002930
-0.057249
0.027006
0.014966
-0.033182
0.027006
-0.081361
0.027021
0.027015
-0.033199
0.075176
-0.033186
0.039046
-0.009107
-0.009109
0.014969
0.002930
-0.021149
0.027009
0.027003
0.002930
-0.045222
0.014970
-0.009110
0.039046
0.111201
0.002930
0.026974
-0.009091
0.014952
-0.033138
0.026977
0.002930
-0.009093
0.014953
0.014952
0.026969
-0.009088
0.038981
-0.069185
0.026974
-0.045164
0.039003
0.014952
0.014950
-0.021111
-0.021117
-0.033151
-0.009100
0.014960
-0.021131
0.051048
-0.009097
0.123137
0.038964
-0.045118
0.099003
0.002930
0.038934
-0.033073
-0.009074
0.014934
0.026934
-0.045083
0.002930
-0.021085
-0.021091
0.002930
-0.021097
0.050978
0.002930
0.026946
0.026940
0.110902
0.014920
-0.033043
0.014923
0.062871
0.038878
-0.021033
-0.057004
-0.033048
-0.009065
-0.009067
0.014927
-0.045066
-0.009072
-0.093143
-0.117291
-0.057235
-0.093409
0.002930
-0.021169
-0.117653
0.027059
0.039112
-0.009129
0.051158
0.075228
0.063139
-0.033190
0.075158
0.159246
0.038968
-0.009081
-0.057148
-0.201606
0.063131
-0.141613
0.123398
-0.033195
-0.081412
0.063182
0.099258
-0.069307
-0.081412
-0.153895
0.075341
-0.021201
-0.009138
-0.033282
-0.033295
-0.057475
0.027096
0.002930
-0.045408
0.015017
0.002930
0.015016
0.027096
-0.021236
-0.009155
0.027099
0.015013
-0.021236
-0.009155
0.027099
0.027094
0.015010
0.051234
0.027073
0.039134
0.027059
0.014992
0.002930
-0.033260
0.014995
-0.033269
0.051193
0.002930
0.002930
-0.009133
0.051175
0.039099
-0.009125
-0.009126
0.002930
0.027041
-0.009125
0.014985
-0.021181
0.027041
-0.033238
0.063204
0.002930
0.014981
-0.021172
0.002930
0.002930
-0.057351
0.014989
-0.057380
0.075298
0.014986
0.051140
-0.009120
-0.093525
-0.069472
0.123572
0.135468
-0.009111
-0.105510
-0.093560
-0.045350
-0.045373
0.015008
0.063298
-0.117843
-0.057511
-0.057548
0.075499
-0.009161
-0.045449
0.051309
-0.033352
0.039212
0.147928
-0.057460
0.039169
-0.045391
0.051251
-0.021227
-0.081667
-0.190704
-0.021300
0.051386
-0.106128
0.063533
-0.045549
-0.239818
0.015082
0.039376
-0.057819
0.039384
-0.045678
0.027237
-0.167345
0.246091
0.112160
0.051439
-0.166952
-0.094275
-0.033546
-0.045726
0.088062
-0.228312
-0.070205
0.027314
0.051681
0.100360
0.002930
0.124585
0.015088
-0.070036
-0.009236
-0.057923
-0.082327
0.124703
-0.155404
-0.106833
0.015132
-0.033680
0.051740
-0.094714
-0.131487
-0.143913
-0.021565
-0.009319
-0.009321
0.027431
0.064156
-0.082796
-0.009322
0.015183
0.002930
0.027431
0.076397
0.027407
0.027401
-0.046017
0.015169
-0.021550
0.015171
0.088573
-0.009300
0.027389
-0.009298
0.002930
0.027386
0.002930
-0.033756
-0.009301
-0.021538
0.015165
0.002930
-0.009304
-0.009306
-0.046029
0.027413
-0.009310
-0.009312
0.015172
-0.021556
-0.058311
0.088657
-0.046047
-0.009318
0.051914
0.051890
-0.070518
0.051902
0.051878
-0.033778
-0.033792
-0.021559
0.039661
0.039648
0.027401
0.002930
0.027395
0.027389
-0.156159
0.064148
0.137479
-0.045976
0.015159
-0.058228
-0.033783
-0.046041
-0.009316
0.015177
0.064141
-0.070527
0.015177
-0.021565
0.015178
-0.046071
-0.107411
-0.046150
-0.095302
0.039778
0.052040
0.064284
-0.021607
-0.009341
0.039738
-0.058423
-0.070744
0.052052
0.064299
-0.119845
0.187036
-0.095217
0.039747
-0.070717
0.150169
-0.254881
-0.009363
-0.267906
-0.083399
-0.058779
0.052301
0.101598
-0.021728
-0.243984
0.225180
-0.058756
0.126265
0.163039
0.199635
-0.095374
-0.144708
-0.132596
0.101513
-0.120314
-0.009403
0.039924
-0.095750
0.101610
-0.058734
0.015266
-0.132847
-0.046489
-0.133099
0.064785
0.064746
-0.219787
0.052466
0.040066
-0.083741
0.002930
0.052466
0.002930
-0.158150
-0.158410
0.015350
-0.495079
-0.047007
0.090305
0.164995
-0.084303
0.002930
0.127525
0.002930
-0.059348
0.090109
0.002930
0.040269
0.102433
0.027790
0.027784
-0.059216
0.027793
-0.021933
-0.009504
0.015364
-0.046815
-0.071734
0.040269
0.002930
-0.046858
0.015380
-0.009519
0.077603
0.015370
0.077538
-0.059240
-0.009508
-0.009510
0.015370
0.002930
-0.059286
0.027821
-0.009515
0.052700
-0.009510
0.065115
-0.021939
-0.021945
0.114822
0.164331
-0.083945
-0.009487
0.089817
0.027741
0.027735
0.040126
0.077280
0.163831
-0.096055
0.200803
-0.009425
-0.083602
-0.083677
0.077169
0.089473
0.039997
-0.058855
-0.046526
-0.021807
-0.046563
0.077160
-0.021807
0.151261
-0.058848
0.064708
0.015281
0.039974
-0.108243
0.002930
-0.021792
0.040011
-0.034150
-0.083645
-0.145658
0.002930
-0.096252
0.002930
-0.009474
0.423827
0.262014
-0.231450
-0.083559
0.114117
0.015277
0.015275
-0.194772
0.015298
0.040024
-0.120771
0.188425
0.089377
0.064632
-0.071116
0.187944
0.113774
-0.021691
0.002930
0.138273
0.138090
-0.058484
-0.033936
0.150314
-0.009344
0.113339
-0.009331
0.162215
-0.107317
0.186607
0.039625
0.125150
0.051776
-0.070348
0.137232
-0.058094
0.027344
0.063939
0.002930
0.027323
-0.058064
-0.106953
0.002930
0.015145
-0.009285
0.015145
0.027356
-0.033711
0.039571
0.002930
-0.009282
-0.033716
0.015147
-0.009287
0.051788
0.027350
0.051752
0.076119
0.100432
-0.033622
0.015116
-0.045821
-0.009261
END
