y[]
-0.256841
0.070892
-0.147857
0.095261
-0.087127
0.034478
0.022311
-0.038506
0.083125
-0.014169
-0.002012
0.058788
0.022306
0.022304
-0.002005
0.034457
-0.002003
0.010150
0.022303
0.010150
-0.014158
-0.026322
0.034466
0.034460
-0.014161
-0.002008
0.022307
0.010150
0.010150
0.010150
0.010150
0.010150
-0.002008
-0.026331
0.010150
-0.038512
0.010150
0.034484
-0.002017
0.010150
0.010150
0.022316
0.010150
0.070958
-0.002009
0.034466
-0.026327
0.058782
0.034457
-0.002003
0.010150
0.010150
0.022303
-0.002003
-0.026318
0.010150
-0.014169
0.010150
-0.038506
0.058806
0.034469
0.010150
0.010150
0.010150
-0.026331
0.022311
0.034469
-0.026331
-0.002014
0.058794
-0.026331
-0.002014
0.034475
0.022310
0.034466
-0.002008
0.010150
0.010150
-0.050659
0.022314
-0.002015
-0.087221
0.010150
-0.075128
-0.075201
-0.014250
-0.002052
-0.111950
0.034582
0.095615
0.034555
-0.050874
-0.112010
-0.063218
0.071293
-0.026532
-0.075493
-0.185881
0.022413
0.083697
0.144846
-0.014327
0.010150
0.095792
0.120154
0.107830
0.083347
0.095479
0.034516
0.071040
-0.136049
-0.197332
0.046795
0.022362
0.168773
-0.002043
-0.111861
-0.026483
-0.148745
-0.063272
0.083571
-0.075514
-0.063335
0.034650
0.132564
-0.038798
-0.370009
-0.002138
0.108406
-0.014405
-0.014411
0.034711
0.010150
0.304412
-0.038834
0.046890
-0.063344
-0.038876
0.059175
0.034653
0.034647
0.034641
0.022393
0.022392
0.034629
-0.063308
-0.038852
-0.063398
-0.051181
-0.186362
-0.039039
-0.137561
-0.137779
0.133439
0.022470
0.059417
-0.002165
0.034777
-0.125377
0.010150
0.059453
-0.113155
-0.298779
0.109111
-0.026949
-0.101230
0.034911
0.047281
-0.064126
-0.002235
0.096810
-0.039361
-0.138531
0.096907
-0.014630
0.072088
-0.027009
-0.237928
0.121861
-0.213397
0.072296
-0.064431
-0.251321
-0.127084
0.209701
-0.002311
0.022610
-0.089576
0.159701
0.072397
-0.027194
-0.151834
0.084944
0.035069
-0.064626
0.010150
-0.002318
0.072474
-0.027241
-0.052198
-0.214626
0.060143
-0.114882
0.035168
-0.089963
0.060219
0.185193
-0.064832
0.160056
-0.039794
0.072576
-0.039788
-0.152320
-0.039894
0.085206
0.047657
-0.114929
-0.165223
0.147968
-0.152747
0.173047
-0.265678
0.047807
-0.253752
-0.254451
0.136237
0.110905
0.135952
0.060426
-0.165929
0.022737
0.073063
0.010150
0.223758
0.035250
0.148089
-0.065067
-0.014935
0.060313
0.060288
-0.228229
0.072936
0.123066
-0.165553
-0.065246
-0.115637
0.022735
-0.040203
0.211408
0.411454
0.372446
0.184583
0.072374
0.010150
0.010150
0.022590
-0.002290
0.010150
0.097198
0.022579
0.010150
0.022577
0.047424
-0.014698
0.047419
-0.002272
-0.027124
-0.039571
0.084721
-0.051989
-0.014717
0.146838
0.109442
-0.051897
-0.027097
-0.002269
0.022568
-0.002269
0.097047
0.072173
0.010150
-0.014655
0.010150
-0.014661
-0.014667
-0.051920
-0.027110
-0.014698
-0.002277
0.022576
0.010150
-0.064431
-0.002286
0.035019
-0.039595
-0.089415
0.035050
0.146991
0.084712
0.010150
-0.051981
-0.039583
0.109590
-0.064422
0.047442
-0.027143
-0.076920
-0.139290
-0.052183
-0.014794
0.047563
-0.127102
-0.189825
0.022660
0.047671
0.022654
-0.190101
-0.027442
-0.014919
0.085338
0.022675
-0.090101
0.085347
0.047727
0.010150
-0.039957
0.110338
-0.077509
0.085291
-0.102583
0.097841
0.022671
0.272732
0.147418
-0.002321
0.072490
0.072451
-0.089551
0.072474
0.122236
-0.002298
0.109689
-0.301241
-0.027282
-0.127222
0.010150
0.272240
0.159608
-0.089464
-0.176894
-0.027301
0.147401
-0.052214
-0.139682
-0.139907
0.035175
0.022660
-0.014872
0.147693
0.110062
-0.177268
0.135134
0.284567
0.084860
-0.101937
0.184452
0.134466
-0.089291
0.010150
-0.201491
0.134698
-0.114399
0.072443
0.059957
0.072374
0.022590
0.122041
0.034997
0.010150
-0.089279
-0.002286
0.072312
0.010150
0.035004
-0.002277
-0.039571
0.010150
0.047442
-0.027143
0.047442
-0.076888
0.084758
-0.014714
-0.213898
-0.189426
0.172335
-0.114585
-0.214766
-0.052417
-0.014888
-0.027418
-0.265782
-0.090378
0.110677
-0.002411
0.072936
0.110526
-0.027480
-0.002397
0.035241
0.085385
0.022683
-0.014919
-0.027466
-0.052574
0.110488
0.122910
-0.027423
0.010150
0.035200
-0.039957
-0.002381
-0.014916
0.010150
0.035215
0.047737
0.035200
-0.002375
0.035197
-0.127686
-0.140434
-0.140661
-0.002428
-0.090530
0.223973
-0.027551
0.123208
-0.014963
-0.014970
-0.102965
-0.015004
-0.103122
-0.141079
0.085793
0.022751
-0.355943
0.136540
0.010150
0.035409
0.048026
0.098472
-0.103422
0.060642
-0.040343
-0.103551
-0.091027
0.010150
-0.040477
0.136668
-0.027789
0.022797
-0.002498
-0.040458
0.111339
0.212221
0.085821
0.186494
-0.090581
0.299476
-0.115542
-0.115700
0.047921
0.236479
-0.002411
0.135683
0.035237
-0.115352
-0.153239
0.022727
-0.027589
0.211256
-0.052653
-0.115573
-0.077951
-0.078028
0.010150
0.035351
-0.027655
-0.015061
0.199078
-0.090568
-0.178970
-0.305846
-0.154564
0.238142
0.149223
0.199484
-0.141289
0.186806
0.199078
-0.027608
0.060489
0.035310
-0.002430
-0.015014
0.035313
-0.052771
0.035323
-0.015023
0.060489
0.123322
0.047845
-0.002414
-0.040121
-0.040146
0.010150
0.035301
-0.292080
-0.103422
-0.318673
0.149399
-0.484430
-0.142522
0.162821
-0.117061
-0.015312
-0.053532
0.175639
-0.117125
-0.091787
0.086612
0.175618
-0.053460
0.073759
-0.053460
-0.040767
-0.040793
0.010150
0.150179
-0.078937
-0.079017
-0.117369
0.022909
-0.117515
-0.028182
-0.040982
-0.130596
0.189247
0.022930
-0.130524
0.214701
-0.322459
-0.028300
0.368435
-0.040955
-0.220147
-0.310590
-0.092705
-0.376499
-0.028598
-0.054462
0.126421
-0.131978
0.307096
0.164729
-0.208908
-0.286989
0.255675
0.100455
-0.002746
0.190539
-0.105777
0.074570
0.100269
-0.079969
-0.015614
0.100292
0.113070
-0.015570
0.035870
-0.079900
-0.157301
0.074587
0.048792
0.177428
0.087261
0.112872
-0.002685
0.240919
0.253163
-0.015403
-0.220118
0.138141
0.367658
0.035637
0.315493
-0.142406
-0.117158
-0.053565
-0.002598
-0.117418
-0.028152
-0.028167
-0.028182
-0.104933
0.086886
-0.168993
-0.297701
-0.311539
0.074570
-0.105837
0.164769
-0.234775
0.152021
-0.196275
0.203686
0.164709
-0.286300
0.087569
-0.261081
0.332960
0.177600
-0.376698
-0.041543
-0.093316
0.087759
-0.015714
0.023082
0.074787
-0.080354
-0.093383
0.087810
0.152370
0.048902
0.023064
0.010150
0.023062
0.152076
-0.157603
-0.054446
0.152204
0.653321
0.317409
-0.297110
-0.041152
0.189591
-0.028275
0.099784
-0.105109
-0.053941
-0.015498
0.215147
0.074125
-0.002642
0.048520
-0.079404
-0.066675
-0.105198
0.035794
-0.002672
0.112674
0.074174
-0.117941
-0.105272
0.048638
0.048624
0.022971
-0.015495
-0.053990
0.087112
0.163897
-0.028265
0.253194
0.061242
-0.002621
-0.002623
-0.002624
-0.015403
-0.194506
0.253132
-0.079301
0.176210
0.022912
-0.079222
0.073994
-0.053695
-0.092087
0.112386
0.022922
-0.066508
-0.066567
-0.053826
-0.207673
0.048624
-0.002673
-0.066823
-0.156827
-0.260173
0.151838
0.151638
0.125764
-0.002690
0.164114
0.010150
-0.041146
0.035801
0.061432
0.393929
-0.028162
-0.143244
-0.335849
0.099968
-0.053998
-0.054039
0.138486
-0.478409
-0.105912
0.242138
-0.234743
0.087549
-0.054346
-0.157733
-0.158015
-0.184239
0.295124
0.100653
0.242498
0.126122
-0.015610
-0.041390
-0.105912
-0.196515
0.087699
-0.002771
0.139282
-0.118983
0.061823
-0.132015
-0.261818
-0.041738
0.191638
-0.015757
-0.067611
-0.067671
-0.236684
-0.302513
-0.107351
0.205908
-0.290170
END
