y[]
-0.046345
0.028323
0.088006
-0.061238
-0.016475
0.013383
0.013381
0.028300
-0.031392
0.087966
0.028274
-0.031365
0.058085
-0.031356
0.028265
-0.031356
-0.016454
-0.016457
-0.016459
0.043187
-0.031365
0.028274
0.028265
-0.001546
0.058049
0.013347
-0.031334
0.013350
0.013347
-0.016439
-0.046239
-0.001546
-0.016448
-0.001546
-0.016450
0.013358
0.013356
0.013354
-0.031348
0.013356
-0.016448
0.013356
0.013354
-0.031348
-0.016450
-0.001546
-0.001546
0.013358
-0.016450
0.013358
-0.001546
-0.031356
-0.001546
-0.001546
-0.046279
0.043187
0.028265
0.013356
-0.016448
-0.031356
-0.001546
0.013361
-0.001546
-0.031361
-0.016457
-0.016459
0.028278
-0.016457
-0.001546
-0.001546
0.013365
0.013363
-0.016454
0.013363
-0.001546
0.013361
-0.016452
-0.001546
0.013361
-0.031361
0.028269
-0.001546
0.013358
-0.016450
0.013358
0.013356
-0.001546
-0.016448
0.043154
-0.016443
-0.016446
-0.016448
0.043154
-0.105875
-0.031374
-0.031383
-0.001546
0.043207
-0.016461
0.043194
0.028269
0.043160
-0.031348
-0.001546
-0.001546
0.013356
-0.016448
0.028256
0.028247
-0.016441
-0.031343
0.013354
0.028247
-0.046239
0.013354
-0.031348
-0.031356
-0.016454
0.028269
-0.031361
0.043174
-0.001546
0.013356
0.043147
-0.135684
-0.076145
-0.016472
0.147619
-0.076100
-0.076156
0.073064
-0.076156
-0.135985
-0.046399
-0.046419
-0.091353
-0.031499
0.013432
0.058343
-0.001546
0.028385
-0.061417
-0.016519
-0.061462
-0.061498
0.013446
0.073377
0.013432
0.058343
0.088221
-0.061381
-0.016510
0.028381
-0.106328
-0.046486
0.043395
0.088275
0.028376
-0.016506
0.043327
-0.016501
0.028363
-0.016499
-0.001546
-0.001546
-0.016501
0.058263
-0.031446
-0.001546
-0.001546
-0.001546
-0.016499
-0.016501
-0.001546
-0.016504
0.013412
-0.001546
0.013410
-0.016501
-0.001546
-0.001546
-0.001546
-0.016504
-0.001546
0.028367
-0.091312
-0.001546
-0.001546
0.028385
0.013416
0.013414
0.013412
-0.016504
0.028367
0.013407
-0.016499
0.013407
-0.016499
0.013407
-0.001546
-0.001546
0.013405
-0.016497
-0.001546
0.013405
-0.016497
0.013405
-0.031450
-0.031459
0.028367
-0.016501
-0.016504
-0.046432
0.028381
0.013414
-0.031468
0.043334
-0.001546
-0.001546
0.028363
-0.001546
-0.061372
-0.031472
-0.136327
0.028421
-0.046500
-0.091514
0.028453
0.013450
-0.046540
0.013455
0.028448
0.058415
-0.031522
0.073377
0.058352
0.148043
-0.031446
-0.001546
-0.001546
-0.076335
0.043334
-0.076357
0.058308
0.267352
0.028287
0.028278
0.013363
0.058067
-0.046252
-0.091018
-0.001546
0.013372
0.102815
-0.031352
-0.046272
-0.076134
0.087953
0.058076
-0.135744
-0.016468
-0.061256
0.028314
0.147619
-0.031361
0.013363
0.043167
-0.031352
-0.001546
0.043160
-0.090978
-0.001546
0.028274
0.013361
-0.001546
-0.016452
-0.076111
-0.106031
0.043247
-0.016475
0.043234
-0.061256
0.043240
0.013378
0.087953
-0.105969
0.013378
0.028296
0.013372
-0.031383
0.058120
-0.001546
0.013365
-0.016457
-0.001546
-0.001546
-0.016459
-0.031379
-0.046312
-0.061265
-0.016481
-0.001546
-0.016483
-0.016486
0.058200
-0.016479
-0.016481
-0.076256
0.013401
0.013399
-0.031437
-0.031446
0.058245
-0.016490
0.043281
-0.016486
-0.016488
-0.001546
0.013396
-0.001546
-0.016488
0.013396
-0.016488
-0.001546
-0.001546
0.013396
-0.001546
-0.001546
0.013394
-0.046372
-0.001546
0.043281
-0.016486
0.013394
-0.031428
0.028336
-0.001546
-0.016486
-0.016488
-0.001546
0.073142
-0.001546
-0.031414
0.028323
0.043240
-0.001546
0.087966
-0.016459
-0.031379
0.058111
-0.016457
-0.016459
-0.016461
0.043194
0.043174
-0.031356
-0.031365
0.058085
-0.031356
-0.031365
0.028274
-0.001546
0.013361
-0.016452
0.013361
-0.016452
-0.031365
0.028274
0.013361
0.132512
-0.031321
0.028229
-0.046212
-0.001546
-0.001546
0.147264
-0.001546
0.117343
0.176522
0.028101
-0.016368
0.102166
-0.045980
-0.031180
-0.016366
0.028093
-0.060831
-0.046033
-0.001546
0.057766
-0.090527
-0.060911
-0.001546
0.013299
-0.090646
0.013310
0.072699
-0.001546
0.028137
-0.001546
0.028128
0.072600
-0.031197
-0.046040
-0.105442
0.028150
-0.031241
0.042994
0.028137
-0.254127
0.013330
-0.046179
-0.001546
-0.001546
0.013334
-0.016426
0.028212
-0.031303
0.013334
-0.046192
0.013338
-0.016430
0.028221
-0.001546
-0.001546
-0.001546
0.013334
-0.001546
-0.016426
-0.046199
0.028225
-0.031317
-0.016434
0.013343
-0.061114
-0.150622
0.028287
0.028278
0.043174
-0.016450
-0.001546
0.028260
-0.046259
-0.001546
-0.001546
-0.001546
-0.046279
0.058093
-0.031361
-0.016457
-0.001546
0.013365
-0.031370
0.028278
0.013363
-0.031365
-0.031374
-0.001546
0.043194
0.028269
0.013358
-0.016450
0.013358
0.028256
0.013352
-0.001546
0.028243
-0.031334
-0.001546
-0.001546
0.028243
-0.046232
-0.016446
0.013354
-0.016446
-0.046259
0.058067
0.013352
0.013350
0.043127
-0.001546
-0.001546
-0.016434
-0.001546
0.043114
-0.046205
0.176973
-0.046146
0.013323
-0.016415
-0.031290
-0.046179
0.028212
-0.031303
-0.046199
-0.031325
-0.001546
-0.090938
0.043160
0.191950
-0.031290
-0.031299
0.072820
-0.105674
0.176893
-0.001546
-0.001546
-0.046126
0.087594
0.057837
-0.090633
-0.046119
0.028172
-0.031263
0.043027
-0.031259
-0.016406
0.043027
-0.016401
0.028163
-0.031255
0.043014
0.013303
0.057828
0.057793
-0.001546
-0.046046
-0.016384
0.042961
-0.016379
-0.031219
0.042961
0.028115
0.087383
0.072501
0.072446
-0.016340
0.013248
-0.016340
0.028040
-0.031132
0.101966
0.028009
-0.001546
-0.045882
0.013235
-0.016327
-0.016329
-0.001546
0.013237
0.028014
-0.001546
-0.016324
0.028009
-0.016322
-0.031105
0.042790
0.101829
-0.001546
-0.045836
-0.016314
0.013222
-0.090185
-0.016327
0.028014
-0.016324
-0.031110
0.013237
0.028014
-0.045888
-0.016331
0.013239
0.013237
-0.001546
-0.016329
-0.001546
0.013237
0.028014
-0.045888
-0.001546
-0.016331
-0.016333
0.013242
-0.001546
0.042803
-0.016327
-0.001546
-0.016329
-0.001546
-0.001546
-0.090290
-0.031145
-0.016349
0.042856
-0.045947
-0.001546
0.072446
0.028036
0.101920
-0.001546
-0.045875
0.013233
-0.001546
-0.001546
-0.016324
0.013233
-0.075461
-0.001546
0.042810
-0.031114
-0.031123
0.013244
-0.016335
0.057600
-0.001546
-0.045902
-0.075516
0.013253
0.028044
-0.016340
-0.016342
-0.016344
-0.016346
-0.060770
0.057678
-0.149672
-0.001546
0.087356
-0.001546
-0.016357
0.116885
-0.001546
0.042830
0.028027
0.042797
0.057547
-0.075417
-0.045895
0.013239
-0.031118
0.013242
0.042803
-0.045895
-0.001546
-0.075505
-0.001546
-0.031145
-0.016349
0.028058
0.028049
-0.001546
0.013248
0.042823
-0.001546
0.013239
-0.031118
-0.031127
-0.045934
0.087212
-0.016333
-0.001546
-0.001546
-0.001546
0.013242
-0.001546
-0.016333
0.057591
-0.016327
0.013235
0.013233
0.028005
-0.031097
0.013231
-0.016322
-0.001546
-0.001546
-0.016324
-0.001546
-0.001546
-0.016327
0.057565
-0.001546
-0.031097
-0.016324
0.013233
0.028005
0.042764
0.027983
-0.031075
0.013220
0.027979
0.013213
-0.001546
-0.001546
0.013211
-0.001546
0.013209
-0.016300
0.072206
-0.031040
-0.016296
-0.016298
-0.001546
0.013207
0.027953
-0.001546
-0.016294
-0.016296
-0.031053
-0.001546
0.013209
0.027957
-0.016296
-0.001546
-0.001546
-0.031053
0.013209
-0.016300
-0.045823
-0.075385
0.013226
0.013224
-0.016316
0.013224
0.042751
-0.031075
0.013220
0.027979
-0.001546
-0.001546
-0.016307
-0.031075
-0.016314
0.013222
0.057504
-0.001546
-0.031066
-0.016309
-0.060621
0.027996
0.057512
-0.016307
-0.045843
-0.016316
-0.001546
0.027992
-0.001546
0.013220
0.042738
END
