y[]
-0.013356
0.076403
0.025101
-0.026161
-0.013348
-0.000530
0.012288
0.012287
-0.013346
-0.141619
-0.090417
0.089358
-0.051884
0.114981
-0.077522
0.089289
0.089208
0.101929
0.012270
-0.013330
0.152962
0.025029
-0.000530
-0.026089
-0.013312
-0.000530
-0.000530
0.037811
0.152688
-0.000530
-0.051576
-0.000530
0.024997
0.088762
0.075942
0.024948
-0.089730
0.050452
-0.064261
0.063201
-0.140791
-0.013291
-0.115450
-0.000530
0.088864
0.050517
-0.026050
-0.026056
-0.051602
0.025010
-0.038842
-0.000530
-0.000530
-0.000530
0.012242
-0.026076
0.012244
-0.000530
-0.013304
0.012244
-0.000530
-0.013304
-0.013305
-0.013307
0.037797
-0.000530
0.050549
-0.051609
0.012242
-0.000530
0.025010
-0.026069
-0.000530
-0.026076
-0.000530
0.050556
-0.013299
0.037772
-0.000530
0.012234
0.012233
0.012231
0.012229
-0.013289
-0.000530
-0.013291
-0.038822
-0.013297
-0.013299
-0.000530
0.012239
-0.000530
-0.000530
-0.013299
0.012239
-0.000530
0.025003
-0.000530
-0.000530
0.012234
0.012233
-0.000530
-0.038822
-0.013297
0.050530
0.050504
0.050478
0.024964
0.012215
0.075903
-0.038739
-0.013269
-0.013271
0.012212
0.012210
-0.013269
-0.013271
-0.013273
0.012213
-0.013273
0.012213
0.012212
-0.038759
-0.013276
-0.051531
0.050471
-0.000530
0.024961
-0.026020
0.024961
-0.038768
-0.051537
-0.000530
-0.013286
-0.102636
0.012239
0.012238
-0.013297
-0.141078
-0.090072
0.127364
-0.000530
0.139965
-0.051596
-0.051622
0.012246
-0.026082
-0.013309
-0.026092
0.076138
-0.077197
-0.026099
0.050602
-0.026092
0.012252
-0.000530
0.050582
0.037787
0.063299
-0.000530
-0.013292
0.012233
0.037748
-0.000530
0.037733
0.012221
-0.013281
-0.026037
0.012225
0.024974
0.063201
-0.051511
0.024964
0.050439
-0.013269
-0.013271
0.012212
0.024948
-0.000530
-0.000530
0.012207
0.063128
0.012197
0.012195
-0.013255
-0.025985
-0.013260
-0.000530
-0.000530
-0.000530
0.024928
-0.000530
0.012197
0.012195
-0.000530
0.024916
-0.000530
-0.013252
-0.013253
0.037636
-0.013250
-0.000530
-0.000530
-0.000530
-0.000530
-0.025975
0.012194
0.012192
-0.013252
-0.038705
0.012197
-0.000530
-0.000530
0.037641
-0.000530
-0.013252
0.012192
0.012190
-0.013250
0.024909
-0.013248
-0.000530
0.024906
0.012186
-0.000530
-0.038681
0.012189
-0.025969
-0.013252
0.037631
0.012187
0.012186
-0.025962
0.024903
0.101135
0.062958
-0.000530
-0.000530
-0.025920
-0.025927
0.024867
-0.051330
0.024874
0.037563
-0.025923
0.024864
-0.025923
-0.000530
0.012168
-0.025927
0.012169
-0.000530
-0.000530
0.050251
-0.025917
0.088297
-0.013214
-0.000530
-0.025904
0.012158
-0.000530
0.012157
0.050199
-0.038574
0.050193
-0.025888
-0.000530
-0.000530
0.037505
-0.025885
0.075516
0.012139
-0.013198
-0.000530
-0.051220
0.024819
-0.038555
0.024822
0.024816
-0.025875
-0.038560
-0.013210
-0.025894
0.024835
0.012150
0.024825
-0.025885
0.012149
-0.051253
0.012153
0.024832
-0.000530
0.012149
-0.063937
-0.000530
0.012155
-0.013214
0.012155
0.012153
-0.013213
0.012153
-0.000530
-0.013213
0.012153
-0.000530
-0.025898
0.024838
-0.000530
-0.013213
-0.000530
-0.013214
0.012155
-0.025901
0.012157
0.012155
-0.025901
0.050206
0.024828
-0.013208
0.037500
-0.000530
-0.000530
-0.000530
-0.000530
0.012144
-0.000530
-0.013203
-0.000530
0.012144
-0.025878
-0.000530
-0.000530
0.012145
-0.000530
-0.000530
-0.025882
-0.013208
0.012149
-0.000530
0.024822
0.012144
-0.000530
-0.000530
-0.013203
-0.025882
-0.000530
-0.013208
-0.000530
-0.025891
-0.051272
0.012158
0.024841
-0.000530
-0.025901
0.062886
-0.025891
-0.000530
-0.038584
0.012157
-0.025904
-0.000530
0.024844
-0.000530
-0.013216
-0.025907
-0.127514
0.024880
0.012173
0.037568
-0.013227
-0.013229
0.012169
-0.038632
-0.025940
0.050283
0.126390
-0.000530
0.037515
0.037500
0.024816
-0.051227
-0.000530
0.037495
0.012142
-0.013202
-0.000530
-0.000530
-0.013203
0.075487
0.024796
-0.089199
0.088140
-0.165264
-0.025898
-0.203704
-0.051388
-0.025969
0.139304
-0.051356
-0.102259
-0.025978
-0.204352
0.024971
0.075933
0.063144
0.088546
-0.051420
0.050361
0.101174
-0.025946
0.012179
-0.025949
0.037597
0.088376
0.012165
-0.025920
-0.000530
-0.013227
-0.025930
-0.064058
0.012179
-0.013239
0.050296
-0.000530
-0.000530
-0.000530
0.012173
-0.000530
0.024870
-0.000530
-0.064042
0.012176
-0.000530
-0.013235
-0.000530
0.024880
-0.000530
0.037573
-0.025930
-0.000530
-0.013232
0.012173
0.012171
-0.013231
-0.000530
-0.000530
0.012171
-0.025933
0.012173
-0.000530
-0.000530
0.024870
-0.013229
-0.025933
-0.000530
-0.013234
-0.013235
-0.000530
-0.013237
-0.000530
0.012178
-0.000530
-0.000530
-0.013237
-0.000530
0.012178
-0.013237
0.024883
0.012174
-0.013234
0.012174
-0.000530
-0.000530
-0.013234
0.012174
-0.000530
0.050270
-0.000530
-0.013227
0.037558
-0.000530
-0.013224
0.012165
0.012163
0.024851
0.113604
0.024816
0.024809
-0.000530
-0.000530
-0.025869
-0.000530
-0.000530
0.024809
-0.025869
0.012140
0.050135
-0.038526
0.024803
0.024796
-0.000530
0.024790
-0.013189
0.012129
-0.013189
-0.000530
0.012129
0.037438
0.075362
-0.051118
-0.000530
0.012120
-0.013179
-0.025833
-0.063817
-0.013192
0.050110
-0.051169
-0.025859
-0.025865
-0.101937
0.075535
0.012142
-0.025875
-0.114663
0.050212
-0.000530
0.138878
0.037457
-0.000530
-0.025853
0.012132
-0.013192
0.012132
0.037447
-0.025846
0.024787
0.062733
-0.000530
-0.000530
-0.076450
0.012128
-0.025846
-0.013190
-0.000530
0.037447
-0.051169
0.037452
-0.000530
-0.025849
-0.000530
-0.063857
-0.000530
-0.051220
-0.038565
0.037505
-0.038565
-0.000530
-0.000530
-0.000530
-0.013211
0.012152
0.012150
-0.000530
-0.025891
0.037510
-0.000530
0.024822
-0.013205
-0.000530
0.024819
-0.013203
-0.038560
-0.013210
-0.000530
0.037505
-0.000530
-0.038565
-0.025894
0.012153
-0.013213
-0.000530
-0.013214
0.024838
-0.025898
-0.038594
0.012160
0.024844
-0.013216
-0.000530
-0.025907
0.024848
-0.013218
-0.025910
-0.000530
-0.000530
0.024851
-0.013219
-0.051304
-0.000530
0.050245
-0.025914
0.012163
-0.000530
-0.038613
0.037553
0.037539
0.012157
0.050199
-0.025891
0.012152
-0.051265
-0.013218
-0.076691
0.050251
-0.025917
-0.000530
-0.025923
-0.064042
-0.013237
-0.038661
0.037602
-0.025949
-0.191382
-0.000530
0.024938
-0.013263
0.050393
0.075806
-0.051414
-0.013255
0.088512
0.050316
-0.051375
0.037607
-0.000530
0.024886
0.037582
0.088342
0.100942
0.075506
-0.038541
0.138772
-0.025843
-0.051176
-0.025862
-0.063889
-0.190849
-0.229392
0.126681
-0.013244
-0.293393
0.165107
-0.076943
0.203110
-0.064123
0.063063
0.126535
-0.000530
-0.064042
-0.165851
0.037645
-0.127837
0.050413
-0.089696
0.101368
-0.089685
-0.038763
-0.102558
-0.153767
-0.115612
-0.141366
0.037900
0.050687
0.037865
-0.038925
-0.128620
-0.077463
0.012296
-0.026184
0.037949
-0.090337
-0.077571
-0.051924
-0.064810
-0.039117
0.089485
-0.013384
0.115099
0.025147
0.037974
0.012301
0.025128
-0.013358
0.037949
0.076383
-0.026161
0.012287
-0.000530
0.037910
0.012280
0.012278
-0.013338
-0.000530
-0.013340
-0.000530
-0.013341
0.012282
-0.013341
-0.000530
-0.026158
0.012285
-0.013345
-0.000530
-0.000530
0.025098
-0.000530
-0.013343
0.012283
-0.000530
-0.000530
0.012282
0.012280
0.037890
0.050674
-0.026128
-0.000530
-0.000530
-0.051746
-0.026148
0.076305
0.050660
0.076206
0.012254
-0.064464
-0.000530
0.025049
-0.013318
-0.013320
0.012260
-0.013320
-0.000530
-0.000530
-0.038910
-0.000530
0.063429
-0.026108
0.025049
0.101720
END
