y[]
-0.051122
-0.051146
0.034724
0.095997
-0.051104
0.120440
-0.063319
0.059162
0.071361
0.059080
0.059042
-0.112123
-0.087753
-0.051068
-0.026582
-0.063364
-0.075671
0.145052
-0.075617
0.046953
0.059177
0.034657
-0.014322
0.022407
-0.002079
-0.026564
0.010165
0.022404
-0.026561
0.022404
0.010161
0.034630
-0.026549
-0.026555
0.071334
0.022380
-0.002079
0.022374
-0.075455
-0.038787
0.022395
0.010156
0.046845
0.046821
0.034581
0.046779
0.010132
-0.002079
0.071155
-0.002079
-0.014280
-0.014282
-0.002079
-0.026490
0.046738
-0.002079
-0.087523
-0.014291
0.010134
-0.014291
-0.002079
-0.026508
-0.038733
-0.014300
-0.026525
0.022368
0.071226
0.022344
0.034545
-0.038702
-0.014289
-0.087596
0.046797
-0.002079
0.058983
-0.038711
-0.050942
-0.050966
-0.112164
0.034630
-0.002079
0.095745
0.059013
-0.014294
-0.014295
-0.026516
0.022359
-0.050960
-0.050984
-0.038774
0.010155
-0.075500
-0.014321
0.034643
-0.014318
-0.038805
0.022407
0.083575
-0.051014
-0.087774
0.010168
-0.026573
-0.038832
0.022425
-0.087868
0.010182
0.022437
-0.136990
0.096057
0.010182
-0.087931
-0.014349
0.267529
0.059095
0.217836
-0.026490
0.095530
-0.014274
0.058886
-0.026460
-0.050859
0.046702
0.010113
0.010111
-0.026460
0.144120
-0.002079
-0.014254
0.022270
-0.062961
-0.062998
-0.026457
-0.075249
-0.099723
0.046756
0.180837
0.168341
0.046560
0.022232
0.034376
0.095068
-0.038497
0.058612
-0.002079
-0.014214
-0.002079
-0.038493
-0.050652
0.010067
-0.002079
0.010065
-0.014223
-0.026371
-0.002079
0.034358
-0.014223
0.022208
-0.038511
-0.038524
0.022220
0.046501
0.022202
-0.038502
-0.002079
0.058619
0.058583
-0.026339
-0.002079
-0.038480
-0.014215
-0.038497
-0.038511
-0.026374
-0.014228
-0.002079
0.034367
-0.014226
0.010068
0.010067
-0.002079
-0.014224
0.010067
-0.026371
-0.014227
0.022217
0.022211
-0.002079
-0.014223
0.022208
-0.002079
-0.002079
0.058612
-0.026350
-0.038497
-0.002079
-0.087107
-0.038542
0.119413
-0.111415
-0.050711
-0.002079
0.010082
0.022238
0.010077
-0.050711
-0.014240
-0.099426
-0.014254
-0.123911
-0.124060
0.058931
-0.014277
0.058901
-0.002079
-0.014271
-0.014273
-0.014274
0.083261
0.010107
-0.148402
-0.014282
-0.014283
0.046732
0.034514
0.034500
-0.087450
0.046714
-0.063073
0.010123
-0.111949
0.119992
-0.136364
0.095602
-0.063117
-0.209890
-0.063282
-0.063319
0.059162
-0.136858
0.071460
-0.051098
0.010179
0.083679
-0.075581
0.010176
-0.186049
-0.026633
0.071568
0.083774
0.059200
0.046917
-0.075581
-0.002079
-0.321215
-0.100480
-0.149862
0.084155
0.022546
-0.211580
0.071913
0.231868
-0.038981
0.010224
0.083996
0.034788
0.022491
-0.026649
-0.002079
-0.014366
-0.026658
0.059358
-0.137288
-0.026682
-0.014382
-0.002079
0.022528
-0.014381
0.010224
-0.026685
0.010225
-0.002079
-0.075925
0.059464
0.120892
-0.038954
-0.051267
0.059403
0.034792
0.022494
-0.026652
0.034779
0.096141
-0.002079
-0.002079
-0.051176
0.010198
0.010197
-0.063470
-0.014361
0.010204
-0.002079
0.010203
0.022479
0.034747
0.047001
0.145016
-0.038832
0.010174
-0.002079
0.095889
0.046869
-0.002079
-0.026549
-0.075527
0.034652
0.046875
-0.051032
-0.026564
0.071361
0.132420
-0.002079
0.071208
-0.038715
0.058975
-0.026496
-0.063147
-0.026516
0.059005
-0.014292
0.022347
-0.026505
-0.087617
-0.075455
0.095745
0.010143
0.083428
-0.014289
0.010132
-0.014289
-0.075374
0.059005
-0.063162
-0.026522
0.022365
0.095637
-0.087575
-0.014298
0.046791
0.107791
0.119858
-0.002079
0.034473
-0.099580
-0.038666
-0.148563
0.071190
0.156487
0.046660
-0.063006
-0.026460
0.010113
-0.087450
0.046714
-0.136315
-0.014291
-0.234395
-0.087805
0.108128
0.034630
-0.099998
-0.002079
0.071370
-0.002079
-0.124523
-0.002079
0.034670
0.010168
0.083606
-0.026552
0.132453
-0.026525
-0.112164
-0.136792
-0.026591
-0.112461
0.010192
-0.112569
0.145215
0.120501
-0.014330
0.010173
0.022419
-0.002079
0.022413
-0.002079
-0.124598
0.022437
-0.026594
0.034693
0.083669
-0.038818
0.010170
0.059140
0.022398
-0.038796
-0.026564
-0.087826
-0.051110
-0.014340
-0.051140
-0.026618
0.046995
-0.075698
-0.112610
-0.014367
0.047068
0.071595
-0.088037
0.034770
0.059305
0.059267
0.095997
-0.038846
-0.051122
0.046965
0.010179
-0.002079
-0.002079
-0.051116
-0.014342
-0.038877
0.046983
0.046959
0.022431
0.034675
-0.026579
-0.038841
-0.026594
0.022437
0.010177
-0.112434
0.046983
0.034702
-0.063387
-0.210808
0.022501
0.010209
0.243350
0.450383
0.010122
-0.026481
-0.050901
-0.002079
-0.026499
-0.038720
0.022350
-0.026508
0.071190
-0.050919
0.022344
-0.050931
-0.002079
0.046773
0.119947
-0.063073
-0.026487
-0.038702
0.022338
0.022333
0.010125
-0.026487
-0.026493
-0.026499
0.071164
0.022324
0.071092
-0.075249
0.010120
0.046702
-0.050859
0.119828
0.168341
-0.075080
-0.050776
-0.197105
0.010122
-0.197463
0.022365
0.059005
-0.222154
0.059102
0.059065
0.083459
0.046767
-0.124238
0.107872
0.083355
0.046708
-0.050865
-0.087512
-0.050931
-0.002079
-0.063177
-0.014303
-0.014304
0.132322
-0.087585
-0.014300
-0.136610
-0.026558
-0.173605
-0.075680
-0.100298
-0.075807
0.047080
-0.088121
-0.014376
-0.002079
0.010219
-0.051279
-0.026688
-0.002079
-0.063628
0.034856
-0.002079
-0.002079
0.010230
-0.002079
0.047140
0.022522
0.022516
0.096238
-0.026649
0.047055
-0.026643
-0.075807
-0.002079
0.034792
0.132999
-0.075734
-0.002079
-0.002079
-0.026643
0.022485
-0.002079
-0.038927
-0.002079
0.022488
0.022482
-0.002079
-0.014358
-0.038927
0.022488
0.022482
0.047025
0.010194
-0.038900
0.022470
-0.014352
-0.002079
0.059275
-0.026615
-0.014349
-0.026624
-0.014354
0.010197
0.096069
0.059215
-0.063372
-0.014342
-0.112515
0.071559
-0.063440
-0.100335
-0.026658
0.034788
0.059335
0.083837
0.071505
0.034693
-0.026591
0.083690
0.010168
-0.002079
0.010167
-0.002079
-0.063319
-0.002079
0.059162
-0.014324
-0.100094
0.046941
-0.051098
0.059192
-0.002079
-0.038836
-0.038850
0.034693
-0.014334
-0.112447
-0.002079
-0.014349
0.120561
0.083679
-0.051074
-0.222856
-0.149535
0.329393
-0.014336
0.279457
0.010144
0.156681
0.046720
0.010117
0.022309
-0.099663
-0.038697
0.071146
0.071092
-0.026463
0.071057
-0.087408
-0.002079
0.046690
-0.026460
0.022303
0.022297
0.144049
-0.075116
0.070959
-0.002079
0.119532
0.034376
-0.111481
-0.014242
-0.123792
0.119635
-0.062917
0.095245
-0.038564
-0.038577
-0.002079
0.046583
-0.062909
0.022258
-0.002079
0.010088
-0.002079
0.010086
-0.014243
0.034411
0.022241
-0.026398
-0.026404
0.070879
-0.026392
0.010079
-0.026395
-0.050729
0.010086
0.022246
0.034398
0.010077
0.022229
0.058664
0.046489
0.070728
-0.062747
-0.038497
0.022202
-0.026359
0.046477
-0.002079
0.022190
-0.002079
-0.002079
-0.002079
-0.026347
0.022190
-0.014212
0.010055
0.022184
0.010051
-0.026339
0.022182
-0.026339
0.022182
-0.014208
0.046430
-0.099119
0.010057
-0.038489
-0.014218
0.143500
0.010043
0.070622
0.034252
-0.002079
-0.014187
0.010030
-0.050522
0.034256
0.106847
0.094645
-0.014164
-0.074621
-0.014174
0.010017
-0.050470
-0.002079
-0.002079
0.046312
0.034199
-0.026262
-0.026268
0.034204
-0.002079
0.022102
-0.098837
0.010021
0.022117
-0.123115
0.034248
0.034234
-0.002079
0.010023
0.143024
-0.002079
-0.014162
-0.014164
0.022091
-0.098790
-0.026271
0.130908
-0.098779
0.034195
0.106663
0.118607
-0.074472
-0.074525
0.022076
-0.062476
0.034164
0.046225
-0.038304
-0.074569
-0.002079
0.058333
0.082437
END
