y[]
0.000283
0.015394
-0.029942
-0.014833
0.015399
0.015397
0.015394
0.030499
0.000283
0.000283
0.015387
0.000283
-0.090379
-0.014836
0.045631
0.000283
0.000283
0.000283
-0.060186
0.015403
0.030517
-0.029952
0.015401
-0.029956
0.060751
-0.029947
0.000283
0.030513
0.000283
-0.045065
-0.014838
0.015403
-0.014838
0.000283
0.000283
0.000283
0.000283
0.015403
-0.045086
-0.014845
0.015410
0.000283
0.000283
0.030531
-0.029965
0.000283
0.000283
0.015408
0.000283
-0.029970
-0.045113
-0.029993
0.015422
0.000283
0.015419
0.015417
0.045672
0.030531
0.030522
0.015399
-0.060195
-0.045100
-0.014849
0.015415
0.000283
0.060788
0.045638
0.000283
0.015397
0.060715
-0.045038
0.000283
0.015392
0.030494
0.030485
0.015381
-0.029915
-0.196225
0.000283
-0.014849
0.030545
-0.014847
0.136368
0.060706
0.075760
-0.241446
0.060770
-0.029956
0.075863
0.045603
0.000283
0.136122
-0.060067
0.060633
0.030444
-0.090229
0.015374
-0.044997
-0.014815
-0.029920
0.060678
-0.029910
-0.045024
0.015387
0.030485
-0.045024
0.105967
0.030458
-0.029892
-0.060095
-0.060131
-0.075286
-0.045086
-0.196553
-0.090695
-0.045237
0.060972
0.030613
-0.014881
0.045768
0.060898
-0.030020
-0.014872
-0.014874
-0.014877
-0.014879
0.030604
0.000283
0.030595
0.000283
0.030586
-0.030020
-0.014872
-0.014874
0.030595
0.015435
0.000283
0.030581
0.015429
0.000283
0.000283
-0.030011
0.015431
-0.014865
0.015431
-0.014865
0.060861
0.030558
0.000283
-0.029993
0.000283
0.000283
-0.014858
0.015424
0.015422
-0.029997
-0.014861
-0.014863
0.015429
0.000283
-0.014863
-0.014865
0.015431
0.000283
0.015429
0.045706
-0.014856
-0.030002
0.060843
0.045679
0.000283
0.000283
-0.029979
-0.136009
0.060880
-0.030011
0.015431
0.030572
0.015424
-0.045148
-0.060323
0.060889
-0.014865
0.045720
0.075966
0.015413
0.045658
0.000283
-0.029965
0.000283
-0.045106
0.045672
0.045651
-0.045086
0.000283
-0.014845
0.015410
0.000283
-0.014845
0.060779
0.030517
-0.014833
0.000283
0.060733
-0.045052
0.000283
0.045617
0.045597
-0.075252
0.166383
0.030453
0.060596
-0.014792
-0.014794
-0.120417
-0.090338
0.075806
0.030476
0.030467
0.000283
-0.090297
0.060678
0.015376
-0.014810
-0.029910
-0.014817
0.045576
-0.014813
0.045562
0.000283
-0.014808
0.015374
0.090781
0.030431
0.030421
0.120747
0.120602
-0.044820
0.090468
0.060361
0.000283
0.000283
-0.089848
0.015310
0.060370
-0.014736
-0.059813
0.045358
0.045338
-0.180060
0.015324
0.015322
0.075442
-0.029774
0.015312
-0.014747
0.030340
-0.044806
0.000283
0.000283
-0.044827
0.030358
0.000283
0.015317
-0.029788
-0.014756
0.045392
0.030344
-0.014747
0.045365
-0.029770
0.015310
0.000283
-0.014745
0.000283
0.000283
0.045358
-0.029765
-0.014745
-0.120018
0.135611
0.000283
-0.014745
0.000283
-0.014747
0.030340
-0.014745
0.000283
-0.014747
0.015312
-0.029779
0.000283
0.000283
0.015315
0.000283
-0.059859
-0.029801
0.000283
0.075476
-0.029788
-0.044840
-0.014763
0.000283
0.030372
0.030362
-0.029797
0.015324
0.030358
-0.059877
-0.014763
0.015328
0.060442
-0.014754
0.045385
-0.044820
0.000283
-0.014756
0.015322
0.015319
0.000283
-0.029792
-0.014758
0.000283
-0.029806
0.060451
-0.059886
-0.059922
0.015337
-0.044888
0.015342
0.045446
0.030381
0.195698
-0.074832
0.075397
0.045324
0.015292
0.030295
0.030286
-0.059732
0.105285
0.015274
0.030259
0.030250
0.075161
0.030218
-0.029653
-0.059615
-0.074640
0.000283
-0.029702
0.045257
-0.194751
0.030313
-0.134923
0.090441
-0.074843
-0.014749
0.135489
-0.089834
0.060370
0.030313
0.000283
-0.074809
-0.014742
0.030331
0.015303
0.000283
0.000283
-0.014738
0.000283
0.000283
-0.014740
0.000283
-0.029770
0.015310
0.000283
0.000283
-0.014745
-0.014747
0.015312
0.030335
-0.014742
0.000283
0.015308
-0.029770
-0.014747
-0.014749
0.000283
0.015315
-0.014749
0.015315
-0.014749
0.000283
0.000283
0.030344
0.015310
0.015308
0.000283
-0.029770
-0.014747
0.000283
0.015312
-0.014747
0.000283
0.030340
0.000283
-0.014745
0.030335
0.000283
-0.014742
0.015308
0.000283
-0.014742
0.015308
0.015306
-0.014740
0.015306
0.015303
0.060343
-0.014729
0.030304
0.000283
-0.134883
0.045358
0.045338
0.000283
0.030308
-0.029743
0.045318
-0.029738
-0.074809
-0.029770
-0.074888
0.045392
-0.029788
0.000283
-0.044840
0.060442
-0.014754
0.060415
-0.044813
0.030349
0.000283
-0.059859
0.015322
0.015319
0.015317
0.030344
0.060379
-0.044786
0.060370
-0.014736
0.000283
0.105364
-0.044739
0.045304
0.105254
0.000283
0.030254
-0.164672
-0.119855
-0.150093
0.030376
0.015326
0.075465
0.015312
-0.014747
0.165485
0.015288
0.030286
0.045270
0.045250
-0.029693
-0.014709
0.045250
0.164990
-0.059580
0.030218
-0.059597
0.030227
0.045183
0.075072
-0.089470
0.015247
-0.074562
0.030227
0.015252
-0.059606
-0.014695
-0.089632
-0.044705
-0.014718
-0.044732
-0.014727
0.030299
0.015288
-0.014722
-0.014724
0.015290
0.000283
0.000283
0.000283
0.000283
0.015288
0.015285
-0.014720
0.000283
-0.014722
-0.014724
0.045297
-0.014720
-0.044739
0.000283
0.000283
0.000283
0.000283
0.015292
-0.029738
0.030304
0.015290
0.030290
-0.029725
0.000283
-0.014724
0.000283
-0.059768
0.060334
-0.014727
-0.014729
0.030304
0.000283
-0.014727
0.015292
0.000283
0.000283
0.000283
0.030295
0.015285
-0.029725
-0.014724
0.015290
-0.029734
0.000283
0.015292
0.000283
0.045297
0.090251
-0.044691
-0.029711
0.090238
-0.059678
0.030268
0.030259
0.030250
0.000283
-0.014700
0.000283
-0.089659
0.060253
0.015270
-0.074674
-0.029716
0.015283
0.000283
0.030277
0.000283
0.060244
-0.044685
0.030263
0.030254
-0.014702
0.015267
0.015265
0.030241
0.045203
-0.014688
-0.029666
0.030232
-0.014691
-0.014693
-0.029675
0.030241
0.120025
0.045149
0.373390
0.223481
-0.059188
-0.267774
-0.298403
0.119864
0.119721
0.134481
-0.044430
0.164132
-0.059268
-0.044403
-0.089149
-0.119085
0.074904
0.119561
-0.178688
-0.179009
-0.239274
-0.119711
0.015290
-0.270191
-0.225672
0.000283
-0.180849
0.151249
-0.044983
-0.120527
-0.226629
-0.105786
0.106351
0.181853
0.136245
-0.045017
0.090862
0.045542
0.000283
-0.029888
0.045535
-0.044970
0.045535
0.000283
-0.014799
-0.044976
-0.014808
0.015374
-0.014808
-0.014810
0.015376
0.045549
0.045528
-0.014797
-0.090242
-0.075217
0.000283
0.030490
-0.029924
0.015387
0.060678
-0.090324
0.000283
-0.045052
-0.060195
0.000283
0.015406
0.000283
-0.045093
0.030535
0.045645
-0.090461
-0.075400
-0.105770
0.030595
-0.105850
0.212436
-0.090585
-0.014870
-0.105850
-0.060415
0.015461
-0.060443
-0.045286
0.000283
-0.258331
-0.228463
0.061333
0.152745
-0.075919
0.106949
0.045962
-0.075861
-0.045432
-0.106465
-0.091306
-0.030266
-0.137300
0.183685
-0.030261
-0.045550
0.107194
-0.014983
-0.045529
0.000283
-0.091404
0.137782
-0.045529
0.015556
0.183377
0.137384
0.106787
-0.091000
-0.091083
-0.060674
-0.045459
0.015532
0.015530
0.015528
0.000283
0.122160
-0.152087
0.015530
0.015528
-0.045459
-0.182895
0.015560
0.351027
0.106787
0.015488
-0.273773
0.106949
0.198077
0.106625
-0.030089
0.030655
0.060999
0.076127
0.151798
-0.014858
-0.196762
-0.030066
0.030632
-0.090792
-0.030094
-0.106108
0.030692
0.045879
0.273424
0.045734
-0.045168
0.015435
0.151683
-0.014847
-0.029984
-0.181508
-0.030048
-0.014886
0.076104
0.000283
0.045748
0.076012
0.000283
0.000283
0.015422
-0.045141
END
