y[]
0.081817
-0.037913
0.021943
0.045870
-0.037900
-0.013970
0.021938
0.021932
-0.097763
0.045893
0.045870
-0.013965
-0.013967
-0.002000
-0.049881
-0.013974
-0.049910
-0.002000
0.033935
0.021949
0.009972
0.021941
-0.085817
0.045904
0.045881
-0.002000
0.033896
-0.025929
0.117589
-0.025906
0.045807
0.021895
0.033832
-0.049778
0.081597
-0.002000
0.009937
-0.013937
-0.013938
0.021875
0.009935
-0.049750
-0.037827
0.033827
-0.025884
0.009942
-0.002000
-0.013943
-0.013944
-0.002000
-0.002000
0.009944
0.009942
-0.002000
-0.002000
0.033819
-0.025878
0.021878
-0.002000
-0.037819
-0.002000
0.009941
-0.013941
0.009941
0.009939
-0.002000
-0.013940
0.009939
-0.002000
-0.013940
-0.025884
-0.002000
0.009942
-0.002000
-0.002000
-0.013943
0.021883
-0.013941
0.009941
-0.013941
-0.013943
0.009942
-0.002000
-0.025886
0.045767
-0.013940
-0.037827
-0.037840
0.009948
-0.002000
-0.002000
-0.002000
0.009947
-0.002000
-0.025895
-0.025901
0.009951
0.021898
-0.002000
0.021892
-0.002000
-0.002000
-0.025892
0.021892
-0.002000
-0.002000
0.009944
-0.013944
-0.013945
0.009945
0.021886
0.033819
-0.025878
0.021878
-0.037819
-0.002000
-0.025886
0.021886
0.033819
-0.073650
-0.025895
-0.073719
0.033866
0.021903
0.105495
0.045738
0.069565
-0.037776
0.069539
0.033750
0.009914
0.021824
0.045630
0.033708
0.009900
-0.025801
0.033699
0.045579
-0.061478
-0.013900
-0.013901
-0.085348
0.045636
0.057513
-0.037704
0.045602
-0.061506
0.057506
-0.002000
0.045579
0.021781
0.045545
-0.013884
0.033648
0.033636
-0.002000
-0.049517
-0.025767
-0.097125
0.045574
-0.002000
-0.002000
-0.013891
0.021781
0.009888
-0.013889
-0.037674
-0.061485
-0.002000
0.009900
-0.013900
-0.002000
-0.025804
-0.002000
-0.002000
-0.037717
-0.002000
0.033716
0.021804
0.009900
-0.002000
0.021795
-0.002000
0.081239
0.009886
0.033648
-0.002000
-0.025764
0.152367
-0.061344
-0.013873
-0.049506
-0.002000
-0.002000
0.009879
-0.013879
-0.002000
-0.002000
0.009879
-0.002000
-0.002000
-0.025759
-0.013882
-0.025767
-0.002000
-0.002000
-0.002000
0.009884
0.033644
-0.037644
0.033644
-0.037644
0.009883
0.021761
0.009879
-0.037640
0.009881
-0.037649
-0.025773
-0.013889
0.021775
-0.013887
0.021773
-0.013886
0.045534
-0.013882
-0.025767
0.009884
-0.025770
0.021770
-0.013884
-0.002000
0.009884
-0.037657
-0.002000
0.009887
0.045534
-0.025764
0.009883
-0.013883
-0.002000
-0.002000
-0.002000
-0.013884
-0.025773
-0.013889
-0.002000
-0.037674
-0.002000
0.057449
-0.025776
0.021775
0.021770
0.009883
0.009881
0.081130
0.033606
-0.037606
0.009870
-0.049489
0.009874
-0.085150
0.021764
-0.037649
-0.002000
0.009884
0.033644
-0.061414
0.021770
0.045523
-0.013879
-0.037644
-0.002000
-0.002000
0.045523
-0.037640
-0.156587
-0.240294
0.117218
-0.037751
-0.002000
0.093306
-0.037729
0.117048
0.105022
0.045528
-0.025762
-0.025767
0.033648
0.045511
-0.002000
-0.073276
-0.002000
0.009883
-0.013883
0.081150
0.081081
0.033585
-0.002000
-0.013860
-0.025725
-0.037598
-0.025739
-0.013872
0.009871
-0.002000
0.033606
0.009866
0.009864
-0.013865
0.009864
0.009863
0.021722
0.069132
0.009850
-0.025702
0.021702
0.104591
-0.049360
-0.013844
-0.037539
-0.002000
-0.002000
-0.002000
0.021694
-0.013846
0.033534
-0.002000
-0.013844
-0.025691
0.009846
0.009845
0.009843
-0.002000
0.021683
-0.049371
-0.013846
-0.025697
0.021697
-0.025697
-0.025702
0.080933
-0.002000
0.009842
-0.002000
-0.002000
0.033518
-0.002000
0.045337
-0.013832
-0.037505
-0.002000
-0.025677
0.009839
-0.025680
0.009841
-0.002000
-0.013841
-0.013842
-0.013844
0.009843
-0.002000
0.045360
0.045337
-0.013832
-0.037505
0.021671
-0.013835
-0.013837
-0.013838
0.080835
0.021655
0.021649
-0.037476
-0.049321
0.057147
-0.013827
-0.049321
0.021663
-0.037497
-0.037509
0.104490
-0.013827
-0.049321
0.057147
0.092563
-0.049270
-0.025644
0.045281
0.021632
-0.025632
-0.002000
-0.072930
0.009825
-0.037480
0.057126
-0.013823
-0.025649
0.009825
0.009824
-0.013824
0.068922
-0.002000
-0.025635
0.009818
0.021632
0.068863
-0.013807
-0.002000
-0.025618
-0.002000
-0.002000
0.033425
0.009806
-0.037421
0.009808
-0.037430
-0.002000
-0.013813
0.009813
0.009811
0.021618
-0.002000
0.033417
-0.025610
-0.013807
-0.002000
-0.013809
-0.013810
-0.037438
0.009814
0.009813
-0.013813
-0.013814
0.045248
-0.002000
-0.013810
0.009810
-0.002000
-0.013810
-0.013811
-0.013813
-0.002000
-0.013814
-0.025632
0.021632
-0.025632
0.009817
-0.013817
-0.002000
-0.002000
0.009817
0.009815
-0.013816
0.009815
-0.013816
-0.002000
-0.013817
0.021632
0.009814
0.009813
0.033429
0.009807
0.021610
-0.049226
-0.049248
0.045248
-0.025621
-0.025627
0.009814
-0.025630
-0.013817
-0.002000
0.009817
0.009815
-0.025632
-0.025638
0.033455
-0.002000
0.021629
-0.002000
-0.013814
-0.002000
0.009814
0.033434
-0.025621
0.021621
0.009808
0.033417
-0.013804
-0.013806
0.021610
0.021604
-0.013802
0.009801
-0.013802
-0.025607
0.033409
-0.037409
-0.108301
-0.049281
0.045281
-0.002000
-0.072930
0.021649
0.021643
0.009820
0.009818
-0.013818
0.009818
0.021632
-0.013816
-0.049276
0.009821
-0.049293
0.021649
0.009822
0.021641
0.009818
-0.013818
-0.025641
0.009821
-0.049293
0.045292
0.045270
0.068863
-0.013807
0.021613
-0.049231
-0.002000
0.009810
0.092429
0.009797
-0.013797
-0.025599
0.021599
0.009797
0.009796
-0.025593
-0.002000
0.033388
-0.072788
0.021602
-0.002000
-0.013800
-0.013802
0.033400
-0.002000
-0.025599
-0.013802
-0.002000
-0.002000
0.009801
-0.013802
0.009801
-0.013802
0.021602
0.021596
-0.002000
-0.002000
0.033384
-0.037384
-0.002000
0.021590
0.009793
-0.025588
-0.002000
-0.013796
-0.002000
0.009796
-0.013796
-0.025596
-0.002000
0.009799
0.009797
-0.002000
0.009796
-0.013796
-0.002000
-0.013797
0.009797
0.009796
-0.002000
0.009794
-0.002000
-0.002000
-0.002000
-0.002000
-0.002000
0.009793
0.021582
-0.013790
-0.002000
0.009790
-0.002000
0.021576
-0.002000
-0.002000
-0.002000
0.056917
-0.025563
-0.025568
-0.013786
0.009786
-0.002000
0.033350
0.009781
-0.025563
-0.037355
0.009786
-0.002000
-0.025574
-0.013789
0.009789
0.045142
-0.013784
-0.013785
-0.013786
0.045136
-0.025566
-0.025571
-0.013788
0.045142
0.009782
-0.131679
-0.049198
-0.013803
-0.025610
0.021610
0.045203
-0.037400
0.068788
0.104088
-0.002000
-0.002000
-0.013782
-0.002000
0.021563
0.021557
-0.037338
0.045114
0.021549
-0.002000
0.009772
0.021540
-0.002000
0.021535
-0.049076
-0.013772
-0.025549
0.092162
-0.013765
-0.013767
-0.013768
0.045064
-0.107926
-0.002000
-0.096251
-0.025577
0.009789
0.033359
-0.002000
-0.013785
0.021568
0.009782
0.021560
-0.096273
-0.025582
0.021582
-0.025582
0.009792
0.009790
0.009789
-0.013789
0.021576
-0.002000
-0.002000
-0.013788
-0.013789
-0.013790
0.021579
0.009787
-0.013788
-0.002000
-0.025579
-0.013792
0.009792
0.021579
0.009787
-0.025577
0.009789
-0.002000
-0.002000
0.021574
0.009785
0.021565
0.009781
-0.013781
-0.025566
0.021565
-0.002000
0.009781
-0.002000
0.009779
0.021554
-0.002000
0.033321
0.021540
-0.013770
-0.037317
0.009774
-0.025549
0.009775
-0.013775
0.045092
-0.049092
-0.002000
0.033321
-0.060876
-0.002000
-0.025560
0.009781
0.009779
-0.013779
-0.072705
0.009787
-0.013788
-0.002000
-0.002000
0.045142
0.009782
-0.013782
0.009782
0.009781
-0.013781
-0.002000
-0.002000
0.021560
-0.025560
-0.013782
-0.037355
0.009786
-0.002000
-0.037363
-0.013790
-0.002000
-0.084572
-0.002000
-0.002000
END
