y[]
0.024448
-0.001193
-0.014013
-0.014014
0.011628
0.011627
0.011625
-0.001193
0.011623
0.011622
-0.001193
-0.001193
0.011620
-0.026821
-0.001193
-0.014009
0.024438
0.024432
0.037232
-0.001193
0.024415
-0.013996
0.024412
-0.013995
-0.013996
-0.026804
-0.001193
-0.014001
0.037227
-0.026804
-0.065250
-0.026827
-0.014013
-0.001193
-0.116644
-0.001193
0.024474
-0.014026
-0.001193
0.024471
-0.001193
0.011637
0.037286
-0.001193
-0.001193
-0.026844
0.024458
-0.026844
0.011633
0.024455
0.062897
-0.026824
0.024438
-0.001193
-0.052462
0.037261
-0.014009
0.088487
0.037217
-0.090839
0.190807
0.037163
0.113786
0.049866
-0.026719
0.024333
-0.001193
-0.013955
-0.039490
-0.001193
0.037104
-0.052259
-0.001193
-0.001193
-0.039510
-0.026746
-0.129054
-0.142029
0.126848
-0.052390
-0.078037
-0.001193
0.037237
-0.142173
-0.014019
-0.039682
-0.142445
-0.155514
-0.065564
-0.065605
0.204780
-0.104127
0.050287
0.011673
-0.014059
0.024537
-0.039791
-0.001193
-0.039806
0.011680
-0.052693
0.011684
0.011683
0.011681
-0.014067
-0.014069
0.011683
-0.014069
0.011683
0.024554
0.011678
-0.001193
-0.001193
-0.014064
0.011678
0.011676
-0.039806
0.011680
-0.001193
0.024547
0.011675
-0.014061
-0.052680
-0.001193
0.024554
-0.001193
-0.014065
-0.052700
-0.039840
0.011691
-0.001193
0.011689
0.011688
-0.014074
-0.001193
-0.014075
-0.001193
0.011689
0.024567
-0.026953
-0.001193
0.024567
-0.001193
0.037434
0.011680
-0.001193
0.050280
-0.039796
-0.001193
-0.052686
0.011683
-0.001193
0.037425
0.024544
0.024537
0.024530
0.037380
-0.052627
0.011668
0.024524
-0.001193
-0.014051
-0.026913
-0.026920
0.011671
0.050247
0.011663
-0.001193
0.024514
-0.052613
-0.014052
-0.014054
0.011668
-0.026916
-0.014057
-0.014059
0.037400
-0.271655
0.037489
0.037474
-0.052753
-0.026983
0.179196
0.101741
0.011666
-0.065506
0.011673
0.037395
0.037380
0.075908
0.075849
-0.052547
0.037325
-0.065398
-0.026887
0.037345
-0.052580
0.011656
0.050188
-0.014036
-0.014037
0.088683
-0.014027
0.011642
-0.001193
0.024471
0.050115
-0.001193
0.037271
0.011625
-0.039652
-0.065324
0.037291
0.062914
0.088487
0.011612
-0.090862
-0.026827
-0.052482
-0.014019
-0.014021
0.011635
-0.001193
-0.014021
-0.026854
0.024468
-0.014023
0.024464
0.011633
0.011632
-0.001193
0.011630
-0.014016
-0.014018
0.011632
0.011630
-0.026841
0.011632
-0.052501
-0.001193
-0.014024
0.037296
0.024458
-0.001193
0.011630
-0.001193
-0.014016
0.011630
-0.001193
0.011628
-0.001193
-0.014014
-0.001193
-0.014016
-0.001193
-0.001193
0.011630
0.037266
-0.026831
0.011627
-0.026834
0.024448
-0.001193
0.011625
-0.001193
-0.014011
0.011625
-0.001193
0.011623
-0.026827
-0.014013
-0.014014
-0.052495
0.011635
0.011633
-0.014019
0.011633
-0.001193
-0.039677
-0.014024
0.024468
-0.078195
0.062980
-0.026857
0.011640
-0.001193
0.062947
-0.026844
0.011633
0.011632
-0.026844
-0.078185
-0.014031
0.024481
-0.001193
0.011642
0.024471
-0.001193
0.050115
-0.026844
0.011633
0.011632
0.024451
-0.039662
-0.014019
0.024458
0.101345
-0.232051
-0.348483
-0.039855
0.050353
0.101820
-0.052686
0.024557
-0.052700
0.127524
-0.117031
0.076047
0.024540
0.011671
0.024530
-0.039781
-0.039796
0.037410
-0.026926
-0.039806
0.063153
0.101674
0.075888
0.062996
-0.001193
-0.026864
-0.026870
0.050155
-0.026864
-0.001193
0.011643
0.062963
-0.026850
0.050115
-0.014018
0.024455
-0.039667
-0.001193
-0.001193
-0.001193
-0.014021
-0.001193
-0.014023
-0.014024
-0.001193
0.050122
-0.026847
-0.001193
0.024461
-0.001193
-0.014019
-0.001193
-0.001193
-0.014021
-0.052521
0.024474
-0.026860
0.037306
-0.026857
-0.001193
0.024471
0.024464
0.011633
0.011632
-0.014018
-0.039677
0.024464
-0.039682
-0.039696
-0.014031
-0.052561
0.011651
-0.065431
-0.039756
-0.039771
-0.001193
0.024527
0.037375
-0.014047
0.011661
0.011660
-0.014046
-0.014047
-0.014049
0.011663
0.024514
0.037355
0.024497
0.024491
-0.039721
-0.052587
-0.026900
0.024514
0.011658
0.075878
0.037320
-0.039706
-0.014034
-0.014036
0.011650
0.024488
0.024481
-0.014029
-0.052554
-0.014037
-0.001193
-0.001193
-0.065440
-0.014047
0.011661
-0.091208
0.075968
-0.039766
0.037380
-0.052627
0.011668
0.024524
0.024517
0.024511
-0.039751
-0.026907
-0.001193
-0.001193
-0.026913
0.011668
-0.014054
0.191547
0.037311
-0.039696
-0.103942
0.140059
-0.039696
0.062971
-0.026854
0.050122
-0.078175
0.050135
-0.014023
0.024464
-0.001193
-0.039682
0.024468
-0.014023
-0.039692
-0.001193
-0.026867
-0.129662
0.063062
-0.014041
0.037345
0.063004
-0.014029
0.011643
0.037306
-0.078205
-0.039721
0.127177
0.011635
0.126996
0.062840
0.024409
-0.090827
0.037232
-0.001193
-0.026808
-0.026814
0.024428
0.024422
-0.014000
0.075622
-0.039593
-0.013996
0.011610
-0.013996
-0.001193
0.011610
-0.013996
-0.001193
-0.001193
0.024412
-0.039603
-0.001193
0.011612
-0.052422
0.011617
-0.001193
-0.014003
-0.039632
0.024435
-0.001193
0.011618
0.037232
-0.014000
-0.001193
0.011614
-0.001193
-0.001193
-0.014000
0.037222
-0.001193
-0.001193
0.011609
-0.001193
-0.026798
-0.001193
0.011610
-0.026801
0.024415
-0.001193
-0.013996
0.011610
-0.052416
-0.014003
0.011617
-0.014003
-0.001193
-0.014004
0.075651
0.011609
-0.013995
-0.013996
-0.001193
-0.039613
-0.026814
-0.001193
0.011618
0.011617
-0.014003
-0.001193
-0.014004
0.011618
-0.001193
0.037232
-0.014000
-0.052436
-0.014008
-0.001193
-0.065291
-0.052501
0.011637
0.075750
-0.014013
-0.001193
0.062889
0.024428
0.011615
-0.014001
0.011615
-0.026811
0.011617
0.024422
-0.001193
0.024415
-0.001193
0.088384
0.049958
-0.026765
-0.065152
-0.065193
-0.039613
0.050030
0.126750
-0.052350
-0.039578
0.011604
-0.039588
0.037202
0.011602
-0.001193
-0.026785
0.024399
0.037182
-0.052364
0.011602
0.024392
0.024386
0.011594
0.011592
-0.065136
-0.026782
-0.090804
0.075622
-0.013991
-0.026795
-0.026801
-0.001193
0.075612
0.037187
-0.013985
0.011599
-0.013985
-0.001193
0.037178
-0.013982
-0.026775
-0.013986
-0.013988
0.011602
-0.001193
0.037182
-0.013983
-0.001193
-0.001193
0.011597
-0.026775
0.037178
-0.026772
-0.013985
-0.013986
-0.001193
-0.013988
0.024396
0.011599
0.011597
0.011596
-0.001193
-0.001193
-0.001193
-0.001193
-0.001193
0.011594
-0.013980
-0.001193
0.011594
-0.013980
0.011594
-0.013980
-0.001193
0.011594
-0.001193
-0.013980
-0.026772
0.011597
-0.001193
-0.013983
0.011597
0.011596
-0.013982
0.024382
-0.001193
-0.001193
0.011592
0.011591
-0.001193
-0.001193
-0.013977
0.049932
-0.052318
0.011591
0.024369
-0.013973
0.011587
0.011586
-0.013972
-0.013973
-0.001193
0.011587
-0.001193
0.011586
0.037133
-0.026742
-0.001193
-0.001193
0.011582
-0.001193
-0.013968
-0.001193
-0.013970
-0.013972
0.011586
-0.001193
0.024360
0.037124
-0.013964
-0.001193
-0.039515
0.113728
0.011568
0.049834
0.151732
-0.026664
-0.001193
-0.001193
0.087928
-0.013920
0.062424
0.011526
0.049665
-0.039334
0.011522
-0.013908
0.024236
0.036939
-0.001193
0.049626
0.062295
0.087623
-0.039247
-0.013881
-0.026574
-0.026580
0.024194
-0.090076
0.049607
-0.077403
0.036919
-0.052012
0.049626
0.036905
-0.039291
-0.115573
-0.026629
0.011526
-0.013912
0.011526
0.024239
-0.001193
-0.001193
0.011521
-0.001193
-0.013907
-0.001193
-0.013908
0.011522
0.011521
-0.001193
-0.001193
-0.013907
0.024233
-0.013905
-0.001193
-0.001193
0.011519
-0.001193
-0.026619
0.036943
0.011516
0.011514
-0.026609
0.011516
-0.013902
0.024223
-0.013900
END
