y[]
0.011201
0.023264
-0.061206
0.071535
-0.024996
0.035323
0.047366
0.011187
0.071431
-0.024961
0.035271
-0.037005
0.047314
-0.012910
-0.012912
0.011177
-0.000867
0.023218
-0.024952
-0.024958
-0.012915
0.023226
-0.000867
-0.000867
-0.000867
0.023220
-0.012910
-0.012912
-0.037010
-0.012918
-0.024972
-0.012922
-0.024981
0.047355
0.035284
-0.073183
0.011189
-0.061163
-0.000867
-0.000867
0.035314
-0.037049
0.035314
0.035301
-0.012922
-0.037040
-0.000867
-0.024990
0.023255
0.011192
0.023247
0.035293
-0.000867
-0.012919
-0.037031
-0.037045
0.023252
-0.012926
0.071465
0.035279
-0.000867
-0.097288
-0.024987
-0.000867
0.011193
-0.097392
0.011203
-0.025010
-0.061250
-0.012948
0.059523
0.011206
0.047413
-0.000867
-0.061221
0.035349
-0.025010
0.023276
0.059465
0.047372
0.035297
0.047331
-0.049066
-0.024975
0.047343
0.035275
-0.012913
-0.073174
0.047343
0.023229
0.023223
-0.012912
-0.000867
0.011177
-0.024958
0.143589
0.035214
-0.036949
-0.000867
-0.061032
-0.097206
0.047314
-0.169603
0.071483
0.059385
0.011179
-0.000867
0.011177
0.035258
-0.000867
-0.000867
0.083374
0.023189
-0.012894
0.035210
0.011156
-0.073026
0.083313
0.023171
0.035180
-0.097021
-0.036949
0.011161
-0.085098
-0.000867
0.047273
-0.024935
-0.036979
-0.012907
0.071352
-0.109216
0.071378
0.023203
-0.036975
-0.036988
0.023215
0.023209
-0.000867
-0.012905
0.035240
0.011166
-0.012900
-0.061054
-0.000867
-0.000867
-0.012909
0.023215
-0.000867
-0.000867
-0.012907
0.023212
-0.012906
0.023209
0.095379
0.011157
-0.012892
-0.073043
-0.036975
-0.000867
0.011170
-0.036984
0.047285
0.035232
-0.085118
-0.012909
0.035253
-0.012906
0.047279
-0.012902
-0.024940
-0.012906
-0.012907
-0.024952
-0.000867
0.023218
-0.012909
-0.000867
0.011174
0.035249
-0.012905
0.011170
-0.012905
0.011170
-0.024943
0.023209
0.011169
-0.036979
-0.049037
0.023220
-0.061097
0.011182
-0.012916
-0.024969
-0.012921
-0.000867
-0.024978
0.011189
-0.061163
-0.012931
0.047378
-0.000867
0.035301
-0.024978
-0.000867
0.023244
-0.037036
-0.024987
-0.012929
-0.024996
0.047384
-0.024990
-0.012931
-0.012932
0.035323
-0.024993
-0.024999
-0.000867
0.035327
0.023255
-0.024990
0.047372
0.011189
-0.012923
0.035297
0.023235
-0.000867
0.011182
-0.121422
-0.024996
0.131767
0.035275
-0.061112
0.011185
0.023232
0.023226
-0.024961
-0.000867
-0.000867
-0.024967
0.023232
-0.073183
0.023244
-0.061155
-0.012929
-0.012931
-0.024999
-0.049147
0.035345
-0.012937
-0.025010
0.071544
0.011196
0.011195
0.047366
-0.000867
0.023241
-0.012921
-0.073217
0.059428
0.035293
0.011183
-0.000867
0.011182
0.011180
-0.024964
-0.544577
-0.012983
0.035477
0.047571
0.047547
-0.061389
0.035450
-0.037185
0.011240
-0.012975
-0.061426
-0.012983
-0.012985
-0.025107
-0.012989
-0.025116
-0.012994
0.047629
0.120271
-0.073533
0.023360
-0.073568
0.023372
-0.000867
-0.012986
-0.012988
0.035490
-0.049346
0.011255
0.011253
0.023369
-0.012985
-0.025107
-0.000867
-0.012989
0.011255
-0.012989
0.023375
-0.025110
-0.037242
-0.037255
0.047647
-0.012994
-0.025124
0.035516
-0.012994
-0.037255
-0.049405
-0.025145
0.217420
0.023358
0.071772
-0.085618
0.108085
-0.000867
-0.025069
-0.025074
0.192627
0.011214
0.035367
-0.049182
-0.049206
0.035389
0.059530
-0.000867
0.083628
-0.000867
-0.073287
-0.085424
-0.012953
0.011218
-0.000867
-0.037128
-0.025048
-0.012960
-0.037154
-0.037167
0.083812
0.047489
-0.061316
-0.073454
-0.000867
0.035433
0.047512
0.192416
0.095635
0.179823
0.107390
0.167301
-0.060895
0.107157
-0.096883
0.035149
-0.000867
0.011135
-0.036880
0.047146
-0.024871
0.107105
0.035097
-0.000867
-0.048823
-0.036849
-0.060866
0.059132
0.071084
-0.012856
-0.060830
0.071084
-0.012856
0.094999
-0.000867
-0.012845
-0.060780
0.011118
0.035080
0.059017
0.023076
-0.108658
0.023096
-0.012848
-0.012850
-0.012851
0.011117
-0.060801
0.011122
0.047077
-0.012851
-0.000867
0.011117
0.011115
-0.000867
-0.012850
0.071006
-0.000867
-0.012843
-0.012844
-0.000867
0.011109
-0.000867
0.011108
-0.000867
0.094884
-0.048731
-0.024808
-0.000867
-0.012840
-0.024817
-0.000867
0.023082
0.011105
0.011104
-0.000867
-0.024811
-0.024817
-0.000867
0.070963
-0.036776
-0.036789
-0.072749
0.035080
-0.000867
-0.012848
0.047048
-0.000867
0.035054
-0.012840
0.082910
0.046974
-0.000867
-0.012825
0.023048
-0.000867
0.082790
0.034964
0.046888
0.034934
0.034922
-0.048589
-0.000867
0.011065
-0.000867
0.034922
-0.000867
-0.000867
-0.000867
0.082590
0.011050
-0.000867
-0.024702
-0.000867
-0.048554
-0.048577
0.022991
0.046831
-0.084355
0.046848
0.011058
0.034900
-0.036635
-0.024719
0.011059
-0.084385
0.023002
-0.000867
-0.012801
-0.072501
-0.024756
0.023022
0.118493
0.034913
0.011057
0.011055
-0.144031
0.070740
0.082610
-0.155952
-0.024748
0.046888
-0.156156
-0.084584
-0.108607
-0.036806
0.035072
-0.096733
0.178806
-0.012835
0.070920
0.023050
-0.000867
0.106692
-0.024759
0.034969
-0.072552
-0.000867
0.023033
-0.048674
0.106666
-0.000867
0.034951
-0.048628
0.058831
0.034934
-0.072483
-0.000867
0.011072
-0.000867
0.011071
-0.036686
-0.000867
-0.036699
-0.036712
-0.024771
0.011085
-0.000867
-0.024774
0.011087
-0.000867
-0.000867
-0.000867
-0.084574
0.023056
-0.000867
0.011092
-0.012827
-0.036755
-0.000867
0.011097
-0.012831
-0.036767
-0.000867
0.023068
0.011098
-0.000867
-0.024799
0.035029
-0.096618
-0.048777
0.059017
-0.036793
0.011109
-0.000867
-0.000867
0.023082
-0.000867
0.023076
-0.024811
-0.036793
-0.060773
0.035080
-0.012848
-0.012850
0.035076
0.047037
-0.000867
0.011105
0.070937
-0.108594
-0.048783
0.070998
-0.036793
0.047031
0.070937
-0.024796
-0.060715
0.035046
-0.096664
0.059017
0.047014
-0.024805
0.011102
0.094838
-0.012825
-0.000867
0.046957
-0.060651
0.058916
0.118593
0.023008
0.070723
0.070672
-0.012787
-0.024711
-0.048572
0.011061
0.046831
-0.048566
0.011059
0.011058
-0.024719
0.022985
-0.096310
-0.012804
0.070732
-0.036660
-0.060551
0.023010
-0.180089
0.154477
0.023010
0.154199
0.058710
0.022954
-0.036601
-0.012781
-0.048537
0.022971
0.070612
0.034853
-0.012773
-0.036592
0.046763
0.034841
-0.024671
0.094314
-0.048447
0.070493
-0.000867
0.022908
0.034785
0.034773
-0.131610
-0.012761
-0.096071
-0.096162
-0.060473
0.034900
0.034887
-0.060466
0.022976
0.011052
0.011051
0.011050
-0.024702
-0.024708
0.034892
0.011050
0.011048
-0.012783
-0.012784
0.022965
-0.012783
-0.012784
-0.084325
0.011059
-0.012794
0.046831
-0.072424
-0.012798
0.011064
-0.000867
0.022991
0.058752
0.022971
-0.000867
-0.000867
0.022965
0.034870
0.046763
0.070536
0.046706
0.022911
-0.024646
0.022911
-0.012756
0.011021
0.011020
-0.036533
-0.000867
0.011023
-0.048435
0.022920
-0.012760
-0.000867
0.082352
-0.060303
0.034798
-0.024643
-0.048435
-0.036558
0.011031
-0.024665
-0.155694
0.153959
0.046723
-0.107978
-0.012776
0.070561
-0.060388
0.058653
-0.024671
-0.000867
-0.060402
-0.000867
0.022951
-0.048509
0.058681
-0.084245
-0.024702
0.011051
0.034879
0.034866
-0.012777
0.022951
-0.000867
0.034849
-0.084225
-0.000867
0.094394
-0.012770
-0.024677
-0.120000
-0.012788
0.011054
0.011052
-0.143997
-0.132250
-0.036729
0.023042
0.058881
-0.012814
0.106602
0.034930
-0.012798
-0.060544
0.046877
-0.144168
0.011082
-0.120427
0.011095
-0.024794
0.106756
-0.000867
-0.096527
-0.036763
0.011099
-0.072689
0.082920
-0.156528
0.023096
-0.060787
0.011120
-0.144804
0.107105
END
