y[]
-0.017645
0.082079
-0.055026
-0.017642
0.044681
0.069563
0.007275
-0.017627
0.007275
-0.030079
0.007277
0.094389
0.553035
-0.067045
-0.215819
0.081614
-0.054760
0.007223
0.081571
0.155726
0.081356
-0.029891
0.278688
-0.066816
-0.202682
0.192331
0.290355
0.080857
-0.103504
0.044001
-0.042056
-0.091282
-0.042101
-0.054431
-0.042133
-0.017498
0.031786
0.031773
0.117886
-0.017475
-0.079004
-0.017486
-0.079067
0.007143
0.044086
0.117871
0.068580
-0.005176
0.056246
-0.238777
0.056352
0.277363
0.080656
-0.103275
-0.066537
-0.091144
-0.029752
-0.263590
0.105655
0.019437
0.068625
0.068571
0.068516
0.068462
0.007092
0.007091
0.129653
0.080530
-0.127635
0.129521
0.043760
-0.078588
0.019301
-0.127620
0.056065
-0.152216
0.080625
-0.078714
0.178569
0.190447
-0.102939
0.117014
0.055863
0.384593
0.079884
0.079812
0.006960
0.043350
-0.029436
0.067587
-0.041550
-0.065829
0.019090
-0.017308
-0.005176
-0.053719
-0.017315
0.019102
-0.005176
-0.029453
-0.029459
0.031248
-0.029456
-0.017318
0.006967
-0.005176
-0.005176
0.006966
0.019102
-0.005176
0.006961
0.019093
-0.017309
-0.029447
0.019096
-0.041586
0.006963
-0.005176
0.006961
-0.005176
-0.005176
0.031226
0.019084
0.006952
0.067561
0.176434
0.031107
0.079432
0.055215
-0.029327
-0.029333
0.091419
-0.053461
-0.041405
-0.150226
0.091548
0.006908
-0.029345
0.006910
-0.053526
-0.017267
-0.065653
0.031115
-0.053567
-0.017277
0.019026
0.055302
0.043180
-0.029351
0.018999
-0.029351
-0.041449
-0.005176
-0.041462
-0.114115
0.006935
0.055353
-0.065705
-0.065741
0.043280
0.019043
0.019038
-0.005176
0.043233
-0.041480
0.055324
-0.053572
-0.017278
0.043227
-0.162570
-0.150683
0.079730
0.091771
-0.017289
-0.077885
-0.199327
0.201098
0.091747
-0.065741
-0.029412
0.067516
-0.102110
-0.017299
0.043309
0.043286
-0.041519
-0.029412
-0.077920
-0.041568
-0.078000
0.055515
0.043350
-0.005176
-0.017305
0.006954
0.116037
-0.005176
-0.029406
0.067499
0.031142
0.031129
0.019020
0.260589
0.031010
0.006884
-0.065486
0.163601
-0.161887
-0.246751
-0.017270
-0.029368
0.031111
-0.041462
-0.065683
-0.089947
0.006939
0.140085
0.043198
-0.029359
-0.005176
0.019008
-0.017267
-0.114062
0.019032
0.055317
-0.005176
-0.029368
-0.041475
0.006926
-0.017277
0.006926
-0.029380
0.019029
0.019023
-0.005176
0.006921
-0.005176
-0.041471
0.006924
-0.005176
-0.017276
0.006924
0.019020
0.006920
0.006919
0.019008
0.006914
-0.005176
-0.005176
0.043169
0.031067
-0.029336
0.006905
-0.065595
-0.005176
-0.005176
-0.005176
0.006911
-0.005176
0.031076
-0.017258
0.031067
-0.065588
-0.041440
0.067341
0.151763
0.103330
-0.041331
-0.089589
0.067183
-0.029289
-0.029295
0.006885
0.006884
-0.017235
-0.041362
-0.077587
0.006897
-0.005176
0.043099
0.018953
0.043064
-0.029292
-0.053426
0.018953
-0.017239
-0.065515
-0.017248
0.043104
-0.053456
0.018967
0.055156
-0.029304
-0.005176
-0.077596
0.043110
-0.029316
-0.053473
-0.005176
0.018976
0.079309
-0.089661
-0.005176
0.091373
-0.041370
-0.053456
0.055171
-0.174237
0.055236
0.079340
-0.089691
-0.017255
-0.005176
0.018982
-0.005176
-0.029333
0.043134
0.031041
0.031028
-0.005176
-0.005176
-0.017242
-0.005176
0.055142
0.006884
-0.017235
-0.077561
0.018959
0.018953
-0.017239
0.079238
-0.005176
0.030980
-0.005176
-0.101619
-0.029301
0.055127
-0.017233
-0.053421
0.018950
-0.017238
-0.041370
0.018956
-0.005176
-0.005176
0.043070
-0.017235
-0.029298
0.006886
-0.005176
-0.005176
0.018944
-0.005176
-0.005176
-0.005176
-0.017235
-0.005176
0.006884
-0.029295
0.031002
-0.017233
0.006882
-0.017233
0.006882
0.006881
0.006879
-0.029286
-0.005176
-0.005176
-0.005176
0.006881
-0.017232
0.018935
-0.005176
0.006878
-0.029284
0.018932
-0.005176
0.006876
-0.005176
-0.005176
0.006875
-0.005176
0.018921
-0.113655
0.018941
-0.005176
-0.005176
-0.053415
-0.029304
0.006889
0.055127
0.018935
-0.065464
-0.005176
-0.017238
-0.005176
-0.041370
0.018956
0.043070
-0.029295
-0.005176
0.006885
0.006884
0.018938
-0.005176
0.018932
0.006876
-0.005176
-0.005176
0.018924
-0.017224
0.006873
-0.029275
0.079147
-0.005176
-0.017217
0.006866
-0.029260
0.199360
0.066914
0.078863
-0.053189
0.006830
-0.077230
-0.077282
-0.005176
0.030884
-0.053258
-0.077343
-0.029243
0.079035
-0.029228
0.030902
0.006847
0.018866
-0.029217
-0.041248
-0.029231
0.042930
-0.005176
0.054924
-0.017193
0.006841
0.006840
-0.029208
0.030871
-0.005176
-0.089305
0.030889
0.030876
0.042872
0.006833
-0.041205
-0.017188
-0.125382
0.054946
-0.017197
-0.089366
0.030915
0.030902
0.018869
-0.005176
-0.029220
-0.053281
0.006853
-0.005176
-0.041266
0.018886
0.018880
-0.029231
0.030906
-0.005176
0.018872
-0.005176
0.006846
-0.017197
-0.041248
0.018874
-0.005176
-0.005176
0.006847
0.006846
-0.005176
0.006844
-0.005176
0.006843
0.018857
-0.005176
-0.005176
-0.017191
-0.017193
0.018857
-0.005176
0.006839
0.018848
-0.005176
-0.017187
0.006836
0.018843
-0.029194
0.006834
0.006833
-0.017184
-0.005176
-0.029197
-0.017188
-0.017190
-0.029208
-0.029214
0.018863
0.006841
-0.029211
-0.005176
-0.005176
-0.017196
0.006844
-0.029217
-0.005176
-0.005176
-0.005176
0.018866
-0.005176
-0.029217
0.006846
0.042896
-0.053247
0.030880
-0.005176
0.006840
-0.005176
-0.065268
0.030884
-0.017194
-0.005176
-0.017196
0.018863
-0.005176
0.018857
-0.005176
-0.029208
0.030871
0.018848
-0.017187
-0.017188
-0.005176
-0.005176
-0.005176
-0.005176
-0.017190
-0.053247
0.042896
-0.017191
0.018854
0.006837
0.030854
-0.017184
0.054852
-0.017178
0.006827
-0.041188
-0.017183
0.018837
0.006829
-0.029185
-0.029191
-0.041209
-0.149441
0.018883
0.018877
0.054931
0.066905
-0.029197
0.006836
0.006834
0.006833
-0.017184
0.018840
-0.005176
-0.029191
0.006833
-0.005176
-0.017184
0.006833
0.030841
-0.005176
-0.017180
-0.017181
-0.005176
-0.029191
-0.005176
0.006833
-0.029194
-0.005176
0.006834
-0.005176
-0.005176
-0.005176
-0.017185
-0.017187
0.018846
-0.017185
0.006834
-0.005176
-0.017185
-0.005176
-0.005176
-0.017187
-0.005176
0.006836
-0.005176
0.006834
-0.005176
-0.017185
-0.005176
-0.005176
-0.005176
-0.005176
-0.005176
0.006834
-0.005176
0.006833
-0.005176
-0.005176
-0.005176
0.018837
0.006829
-0.017180
-0.005176
-0.017181
-0.017183
0.006831
-0.029191
-0.005176
-0.017185
-0.005176
-0.005176
0.006834
-0.005176
-0.005176
-0.005176
-0.005176
0.006833
0.006831
-0.005176
-0.005176
0.006830
0.006829
-0.017180
0.006829
0.006827
-0.005176
0.006826
0.078793
0.006814
0.078712
-0.017155
-0.065095
-0.005176
0.018797
-0.017161
0.042757
-0.029139
-0.029145
0.030776
-0.005176
-0.017158
-0.077101
0.030793
-0.005176
-0.005176
0.030781
-0.005176
0.054723
-0.029131
-0.005176
0.018779
0.018774
-0.017149
-0.041106
0.030755
-0.005176
0.006798
0.006797
-0.041097
-0.041110
-0.029139
-0.137078
-0.017175
0.042815
0.042792
0.006813
-0.017164
-0.005176
0.006813
-0.005176
-0.077127
0.006820
0.006818
-0.005176
0.006817
0.018805
-0.005176
0.006813
-0.017164
-0.005176
0.006813
0.006811
0.054737
-0.017155
-0.005176
0.006804
-0.005176
-0.005176
-0.029136
-0.041127
-0.005176
0.018794
0.006807
0.006806
-0.005176
0.006804
-0.029136
-0.029142
-0.053126
0.018802
0.006811
-0.005176
-0.041140
0.018802
0.006811
-0.005176
-0.005176
-0.017162
-0.005176
0.018797
0.006808
-0.005176
-0.005176
-0.029145
-0.029151
0.006813
-0.029154
-0.017167
-0.017168
0.018808
-0.041153
0.030802
-0.041153
END
