y[]
0.033896
-0.289622
0.046446
-0.140507
-0.053299
-0.315873
0.059182
0.084146
0.059088
-0.078374
0.071589
-0.003392
0.096495
0.034040
0.046496
0.046471
0.021530
-0.028314
0.009070
-0.140558
-0.053317
-0.065834
0.071533
0.034049
-0.203242
-0.028402
0.109101
0.258600
0.270342
0.046297
0.083505
0.120616
0.021391
-0.015783
0.021388
-0.065354
-0.003392
0.033789
-0.003392
-0.015785
0.021391
0.046156
-0.040551
-0.077751
0.033794
0.009000
0.021388
-0.015782
0.046156
-0.077723
-0.015786
-0.028185
0.009005
-0.040588
0.021406
-0.040592
-0.003392
-0.028200
-0.003392
0.033817
-0.003392
0.009008
0.058585
-0.015785
0.009000
-0.015785
-0.003392
0.009000
-0.003392
0.021388
0.046149
-0.003392
0.008989
0.058493
-0.028142
-0.028148
-0.015772
0.021366
0.070847
0.008976
0.070783
-0.114675
-0.003392
-0.077650
0.008988
0.021363
-0.114840
0.058539
-0.189300
0.033817
-0.077825
-0.090300
-0.202323
0.083689
0.009042
0.009040
0.096011
-0.003392
0.095913
0.021419
0.071003
-0.028185
0.033794
-0.065377
-0.003392
-0.090236
0.046242
-0.053026
0.133042
0.108097
-0.015774
-0.003392
-0.052934
0.008995
-0.028169
0.120431
0.021354
0.058447
-0.263374
-0.127431
0.009019
0.046236
-0.003392
0.021412
0.070985
-0.040574
-0.003392
-0.028188
-0.077815
0.281596
-0.040519
-0.114854
-0.003392
0.083311
0.194505
-0.052830
0.120156
-0.089860
0.046027
-0.065170
0.021324
0.218775
-0.015722
0.021266
-0.040381
-0.015725
0.021272
0.107520
0.119700
0.070390
-0.114087
-0.212816
0.181417
0.193361
0.033456
-0.027956
-0.003392
-0.052538
-0.027974
0.021190
-0.003392
-0.015683
-0.015684
-0.015686
0.021193
-0.040272
-0.027986
-0.015692
-0.015693
-0.003392
-0.003392
-0.052611
-0.015701
0.095033
-0.027989
-0.027996
-0.003392
0.021211
0.021205
0.058074
-0.040268
0.008901
-0.027980
0.021196
-0.015686
-0.027983
-0.003392
-0.027989
-0.003392
0.021205
0.021199
-0.003392
-0.015687
-0.027986
0.033497
-0.015687
-0.015689
-0.003392
0.008904
-0.003392
-0.003392
0.021196
0.008900
-0.040272
0.008903
-0.027983
0.033492
0.058052
0.107112
0.082471
-0.089255
-0.003392
-0.015664
-0.015666
0.082492
-0.015657
-0.027926
0.045669
-0.003392
0.008869
0.008868
-0.027914
0.021130
-0.089245
-0.003392
0.192734
0.008853
-0.027884
0.008854
0.143451
0.021061
-0.027845
-0.040083
-0.027860
-0.003392
-0.076832
0.045573
-0.027872
-0.015634
0.033330
-0.015631
0.021085
-0.027869
0.045555
0.045531
-0.003392
0.057729
-0.076742
0.179881
0.045424
-0.027797
0.021013
-0.027797
-0.015597
0.021016
0.094181
0.020986
0.069707
-0.027753
-0.076509
0.020986
-0.052155
-0.015587
0.008802
0.020992
0.020986
0.008795
0.130566
0.008777
0.130371
-0.076332
-0.003392
-0.064216
0.033106
-0.112928
0.118307
0.057402
-0.198063
-0.003392
0.008786
0.020959
-0.015567
-0.015569
-0.015570
-0.027753
0.057498
-0.003392
-0.015567
0.020956
-0.027741
0.093967
0.033093
0.008767
-0.015551
-0.064208
-0.003392
-0.027729
-0.015563
-0.052090
0.033133
-0.027741
-0.052107
0.020968
-0.052119
-0.003392
-0.015578
0.020977
-0.015576
-0.003392
-0.003392
-0.003392
0.008792
-0.015576
-0.003392
-0.003392
-0.015578
-0.027768
-0.039966
0.008801
-0.027780
0.020995
0.008799
-0.052167
0.008804
-0.003392
0.020995
-0.015585
-0.015587
0.045376
-0.027774
-0.039975
0.033191
0.008799
-0.039971
0.008802
-0.027782
-0.003392
-0.015590
0.021001
0.045376
-0.015582
-0.003392
-0.027777
-0.003392
-0.015587
0.008802
0.008801
0.045364
0.020977
-0.039949
0.020980
-0.003392
0.069689
0.020956
-0.003392
-0.003392
-0.015566
-0.003392
-0.003392
0.033124
-0.039909
-0.015567
-0.003392
-0.003392
0.008783
-0.015567
0.142611
-0.137220
-0.064282
-0.039944
0.081875
0.020956
-0.003392
-0.027741
0.033129
-0.015564
0.045287
-0.015560
0.081750
0.008765
0.008764
0.033066
0.093766
-0.100550
-0.271065
-0.076518
0.008799
0.069725
0.045323
-0.039926
-0.052125
0.008793
0.008792
-0.027762
0.020977
-0.015576
-0.003392
-0.015578
-0.015579
-0.027771
-0.015584
-0.027780
0.008802
0.033182
-0.015582
0.008798
0.033169
-0.015578
-0.015579
0.008795
0.008793
0.045335
-0.003392
-0.015572
0.020965
-0.064297
0.033155
-0.015573
-0.015575
-0.003392
-0.039949
-0.039962
-0.052173
-0.027791
0.008808
0.021004
-0.003392
-0.039989
0.008808
0.008807
-0.039993
0.033209
0.045388
0.033178
-0.064349
-0.039984
-0.027794
-0.076634
0.045442
0.008813
-0.076643
-0.015606
0.021034
-0.040033
-0.003392
0.033249
-0.125582
0.033280
-0.027839
0.021055
-0.040065
0.021058
-0.040069
-0.040083
0.021070
-0.003392
-0.015622
-0.027857
-0.125806
-0.003392
0.021103
-0.003392
0.021097
0.008850
0.021088
0.045549
-0.027860
0.057766
0.021061
-0.015618
-0.125731
0.143397
-0.088993
-0.211585
-0.027914
0.057901
-0.027905
-0.187430
0.070264
0.094731
-0.064708
0.057924
0.143613
-0.027878
-0.064633
-0.015645
0.008860
0.008859
-0.027896
0.070101
0.143433
0.155425
-0.174437
-0.027851
0.021067
-0.040083
0.082198
-0.015615
0.033271
-0.003392
-0.015612
0.069904
-0.015604
-0.027821
0.057669
-0.003392
0.069832
0.033200
0.020995
-0.015585
-0.015587
-0.015588
-0.015590
-0.003392
-0.027791
-0.015594
-0.003392
0.021010
-0.064409
-0.003392
0.033222
-0.003392
0.021010
0.021004
-0.052191
0.008810
0.021007
-0.015591
-0.039998
-0.015597
0.033218
-0.003392
0.057595
-0.015587
0.008802
-0.015587
0.008802
0.020992
0.033173
0.008793
-0.003392
0.033155
-0.039940
0.008792
0.008790
-0.027759
-0.027765
0.008795
-0.003392
-0.015579
-0.027771
0.008798
-0.003392
-0.015582
0.033173
0.008793
-0.015578
0.020977
-0.015576
0.069689
0.106130
0.020930
0.020924
-0.015550
0.045228
0.033058
-0.003392
0.033044
-0.027682
0.020897
-0.076279
-0.015545
0.057357
-0.039838
-0.003392
-0.027697
-0.027702
0.020918
-0.003392
-0.039860
-0.027711
0.033084
0.033071
0.069494
-0.003392
-0.015536
-0.015538
0.033040
-0.003392
0.190688
-0.027632
0.008728
-0.039758
-0.027643
0.178349
-0.003392
0.069212
0.044981
-0.003392
-0.015483
-0.015485
-0.015486
0.032886
0.008697
-0.015482
-0.015483
-0.136492
0.081328
-0.015491
0.093355
-0.039661
-0.027579
0.020794
0.032877
0.057027
-0.039639
0.081164
0.032824
0.032811
-0.039596
0.044876
-0.087877
0.056961
0.068984
0.008665
-0.051632
-0.087867
-0.015466
-0.003392
0.069028
0.044859
-0.003392
0.032781
-0.027506
-0.003392
-0.063702
-0.027526
-0.015462
0.008677
0.020742
-0.039596
0.032811
-0.003392
0.020736
-0.027521
0.032798
0.056896
0.008661
-0.015446
-0.051620
-0.015453
-0.003392
-0.051649
-0.003392
-0.003392
-0.015460
-0.003392
-0.003392
-0.039604
-0.003392
0.008680
0.044882
-0.015459
0.008674
-0.003392
0.020736
-0.003392
0.008670
-0.027518
-0.027524
-0.015460
-0.015462
-0.027535
0.008680
0.044882
-0.003392
-0.027526
0.032807
-0.003392
-0.039591
-0.015462
0.032811
-0.027526
-0.051678
-0.015467
-0.039626
-0.039639
-0.051742
0.008697
0.044952
-0.039648
-0.003392
0.020780
0.020774
0.020768
-0.003392
-0.003392
0.008686
0.008684
-0.063790
0.020771
-0.003392
-0.003392
-0.015473
0.044923
-0.027547
-0.063804
0.008693
-0.039653
-0.003392
-0.015482
-0.027576
0.020792
-0.003392
-0.039670
0.044975
-0.051760
0.044975
-0.112252
-0.027599
-0.015498
0.032921
-0.100256
-0.063980
0.081420
0.032934
0.057122
-0.076014
0.045028
-0.088143
0.020830
-0.027614
0.008719
-0.003392
-0.027617
-0.039740
0.008725
-0.039749
-0.039762
0.069335
0.081389
-0.027608
0.008716
-0.003392
-0.039723
-0.027620
-0.015508
-0.015510
-0.015511
END
