y[]
0.111036
-0.129311
0.148974
0.035101
0.060342
-0.015436
-0.002809
-0.040700
0.022453
-0.002809
-0.217741
0.035154
-0.053429
0.047811
-0.053429
-0.002809
-0.002809
-0.002809
-0.015468
0.047817
-0.028119
0.022501
0.009844
0.047785
0.009836
-0.002809
0.047753
-0.078662
0.009837
0.009836
-0.066048
0.022491
-0.002809
-0.015459
-0.002809
-0.002809
-0.002809
0.009840
-0.002809
0.009839
-0.002809
-0.002809
-0.028106
-0.015460
0.009842
-0.028113
0.009844
0.022491
-0.002809
-0.002809
-0.002809
-0.015459
0.022488
-0.002809
0.022482
-0.002809
0.009834
0.035110
0.035096
-0.040714
0.022463
0.035086
0.047696
-0.028058
0.009816
-0.040690
-0.116539
0.060390
-0.040724
0.047741
0.035086
0.022447
0.047683
-0.015430
-0.053308
-0.078605
-0.015447
0.072996
-0.103896
-0.040743
0.009837
-0.028103
-0.028110
0.009842
0.022488
0.009837
0.060398
0.022463
-0.053359
0.035106
-0.015446
0.072987
0.009818
0.047683
0.060270
0.148420
-0.191881
-0.015427
0.022424
-0.040662
-0.192287
0.060390
-0.028084
0.098252
-0.040695
-0.015441
-0.129215
0.035130
-0.104011
0.022501
-0.053436
0.035163
-0.028122
-0.002809
-0.028129
-0.142182
0.111238
-0.370760
0.009901
0.301760
-0.104229
-0.193249
0.162260
-0.180587
0.111513
0.250773
0.136387
-0.066056
-0.066096
-0.116827
-0.015486
0.009868
-0.015486
-0.053532
0.009874
-0.040863
0.060606
0.035221
0.047875
-0.015478
-0.028151
-0.002809
-0.002809
-0.053513
-0.040854
-0.002809
0.035235
-0.028171
0.047907
-0.015486
0.047888
-0.040830
-0.002809
-0.040844
-0.015491
0.035231
-0.015487
0.022546
-0.015486
-0.002809
0.035216
0.009863
-0.002809
-0.002809
-0.028154
0.009864
0.022533
-0.040825
-0.028161
0.009868
-0.002809
-0.002809
-0.002809
0.022539
0.009863
-0.002809
-0.028154
0.009864
-0.002809
0.047869
0.009856
-0.002809
-0.028142
0.047849
0.022511
0.009848
-0.028126
0.060470
0.136264
0.047715
-0.091243
0.009829
-0.167231
0.060462
-0.142058
-0.142253
-0.028183
-0.066273
-0.168004
0.060760
0.009900
0.009898
-0.015516
-0.219080
0.035390
0.022649
-0.066467
-0.091998
0.009937
0.009935
0.124547
0.022643
0.009914
0.111629
-0.028229
-0.053667
0.136989
0.022588
0.288792
0.060470
-0.281537
0.035245
0.085928
0.073188
0.009852
-0.015470
0.111079
0.136211
-0.103896
0.009832
0.110892
0.072920
-0.028046
0.072882
0.035015
-0.002809
-0.002809
0.047600
0.236290
-0.015379
0.097706
0.135234
-0.015351
-0.153430
-0.090776
0.047467
-0.254445
-0.065817
0.072796
-0.103628
0.072815
0.072758
0.160723
-0.065675
0.047486
-0.027954
0.047474
-0.040519
-0.015382
-0.002809
-0.040538
-0.015389
0.009770
0.009769
0.060056
-0.002809
-0.015379
-0.002809
-0.015381
0.022332
0.022326
-0.090810
-0.002809
0.009767
0.009766
0.034905
0.022326
0.047442
0.009750
-0.002809
0.059962
-0.002809
-0.053023
-0.015366
0.047411
0.022291
0.034830
-0.002809
-0.002809
-0.002809
-0.027900
-0.002809
-0.065564
-0.027922
-0.002809
0.009748
0.147756
0.210103
0.297004
-0.102647
0.022160
0.221630
0.046998
0.146463
0.245484
-0.126879
-0.089749
-0.002809
-0.002809
0.009616
0.046874
-0.052492
-0.152007
-0.002809
-0.189620
-0.015276
0.059508
0.022107
0.047004
0.022088
0.022082
0.071827
-0.077445
0.034516
0.071799
0.022048
0.022042
-0.077380
0.022054
-0.040106
-0.027682
-0.040130
-0.002809
0.071818
-0.002809
-0.015243
0.009625
-0.002809
-0.114770
0.034525
0.084250
0.071753
0.059283
-0.338568
-0.139923
0.009664
-0.027756
0.221490
-0.002809
-0.027706
0.059423
0.009633
0.022070
0.084218
-0.114715
-0.015251
-0.089944
-0.002809
-0.077557
0.022113
0.022107
0.084348
-0.027703
0.022085
-0.102423
0.022104
-0.077566
0.059492
0.059454
-0.040162
-0.027719
-0.065111
-0.027741
0.034586
0.022113
0.071920
0.096743
0.059361
-0.052542
-0.015246
-0.027688
0.022070
-0.027688
-0.015251
-0.002809
0.121538
-0.052529
-0.027679
-0.027685
0.009629
0.059361
-0.040106
0.059345
-0.052529
0.009623
0.022051
-0.052536
0.009625
0.009623
-0.002809
-0.015242
-0.040116
0.022063
-0.052560
0.009631
-0.002809
-0.002809
-0.002809
0.009629
0.009628
-0.015246
-0.027688
0.009631
-0.015249
-0.027694
-0.015254
-0.027703
0.009639
-0.015257
0.034530
-0.015254
0.022079
-0.027697
0.009636
0.009634
0.009633
0.071808
-0.052548
-0.052573
0.009634
-0.027697
0.034521
-0.065033
-0.027710
0.109194
-0.015248
0.009629
0.009628
-0.065010
0.034516
-0.065025
0.009637
0.022079
-0.015252
0.034516
0.009629
-0.015248
0.022067
-0.040125
0.009631
-0.002809
0.009629
-0.040130
-0.015252
-0.002809
-0.015254
0.009636
-0.040148
0.009639
0.034525
-0.002809
-0.040143
0.071846
0.034497
-0.015243
0.121461
0.096496
-0.077279
-0.064909
-0.027660
0.071725
-0.040069
-0.189318
0.109138
-0.015242
0.034483
0.084153
-0.052492
-0.002809
0.022036
0.034446
0.034433
-0.015221
0.009603
0.046825
0.009596
0.133540
-0.039977
-0.015201
0.021974
-0.015200
-0.039991
-0.064809
0.021996
-0.089652
-0.164290
0.046905
-0.002809
-0.002809
-0.089825
-0.027685
0.009629
0.096644
-0.027663
-0.027669
-0.040111
-0.002809
0.009626
0.009625
0.022054
-0.102299
0.034511
0.022063
-0.002809
-0.015245
-0.052567
-0.077492
0.009642
-0.027713
-0.027719
0.009647
0.009645
-0.052635
-0.015269
0.059477
-0.002809
-0.002809
0.059438
0.009636
-0.002809
-0.015254
0.071836
0.009626
-0.002809
-0.002809
-0.015245
-0.040125
0.009631
-0.027691
0.022073
0.009629
-0.002809
0.022063
-0.027682
-0.015248
-0.002809
-0.015249
-0.114840
0.034548
0.034535
-0.002809
-0.027703
-0.015259
0.022088
0.022082
0.022076
-0.065033
-0.027710
0.022091
0.096731
0.059353
0.059314
-0.002809
0.022029
-0.052492
0.046874
-0.027648
-0.027654
0.009614
-0.052511
-0.164511
0.022085
-0.164732
0.059500
0.034558
-0.040176
0.034558
-0.052635
0.034562
0.071892
-0.015255
0.009637
-0.027703
0.022085
-0.089966
-0.065111
0.059492
-0.052647
0.034572
-0.015268
0.022107
0.034553
-0.077548
0.134169
-0.114868
0.059461
0.059423
-0.089944
-0.214740
-0.040255
-0.165238
-0.052840
-0.077903
0.134820
-0.115401
0.034735
0.122238
0.122082
0.022150
-0.027769
0.171776
-0.077594
-0.027750
-0.115120
0.009676
-0.002809
0.246568
-0.040176
-0.027728
-0.090075
0.022132
0.022125
0.009656
-0.015274
0.059500
-0.077585
0.047048
-0.027734
-0.015274
-0.002809
0.022119
0.022113
-0.002809
-0.027731
-0.002809
-0.065142
-0.015280
-0.027756
0.034609
-0.027753
0.009664
-0.002809
0.047066
0.047041
-0.027731
-0.002809
-0.015272
-0.015274
-0.015276
0.022122
-0.015274
0.009656
0.034576
0.084369
0.022085
-0.052604
0.022091
-0.040162
0.171385
0.009622
0.009620
-0.064971
0.022060
-0.015243
-0.002809
0.009625
-0.027679
-0.052567
0.059384
-0.015245
0.022060
0.009623
0.195899
-0.089695
0.034437
0.009603
-0.040051
-0.015226
0.009608
-0.089760
0.034465
0.009612
0.022029
-0.077343
-0.077399
-0.065010
0.071827
0.071771
0.009616
0.009614
-0.027657
-0.089825
0.059353
0.059314
0.059276
0.009603
-0.015221
0.009603
-0.002809
-0.040051
0.034433
-0.102151
0.046874
0.022023
-0.027641
0.108888
-0.002809
0.021996
0.034386
0.021980
0.009583
-0.002809
0.021971
-0.052375
0.046757
0.009579
-0.015197
0.021965
-0.101942
-0.114451
-0.027635
0.009605
-0.027638
-0.189226
0.034502
0.071771
0.146185
0.022002
-0.052437
-0.064879
0.059260
0.121214
-0.015205
-0.064809
0.009594
0.071577
-0.027598
0.034373
-0.101991
0.021996
-0.226273
0.059314
-0.027654
0.121353
0.046813
-0.015212
-0.015214
0.096385
-0.002809
END
