y[]
-0.041026
0.002671
-0.026471
0.119187
0.002671
-0.041007
0.002671
-0.011893
0.046355
-0.011889
-0.055587
0.017238
0.017236
0.017234
-0.011893
0.002671
-0.011895
-0.026467
0.031808
-0.011897
0.002671
-0.011899
-0.011901
0.002671
0.002671
0.017243
-0.011901
-0.041058
0.017249
-0.011908
0.017249
0.002671
0.017247
0.002671
0.017245
0.002671
0.002671
0.002671
-0.011903
0.002671
0.017245
-0.011903
0.002671
0.002671
-0.011905
-0.011908
0.031825
0.017245
0.002671
0.002671
0.002671
0.031812
-0.011899
0.017241
0.002671
-0.026471
-0.055638
0.017251
0.031825
0.017245
-0.041058
0.046399
0.060946
0.002671
0.046355
0.002671
-0.011889
-0.011891
-0.026458
0.017236
0.002671
0.002671
0.046355
-0.026450
0.017232
0.002671
0.002671
0.002671
0.017230
0.002671
0.031783
0.031774
-0.011880
-0.026437
-0.041007
-0.099318
-0.011908
0.002671
0.017249
0.031821
0.002671
0.090071
0.089994
-0.055537
-0.113845
-0.055638
-0.041083
-0.026509
0.061022
0.046412
-0.055655
-0.011916
-0.041103
-0.041122
-0.070359
-0.026556
-0.114323
0.017302
-0.099796
0.075872
0.075818
0.002671
-0.070477
-0.041244
0.017311
-0.129168
0.075936
-0.070595
-0.041314
0.134568
-0.143892
0.061322
0.075936
-0.114580
-0.026663
-0.056023
0.002671
-0.026689
0.017352
-0.012010
0.076054
-0.041353
0.046694
0.032009
-0.041340
0.119990
-0.070638
-0.026668
-0.100082
0.090751
0.032013
-0.026672
-0.012004
0.002671
-0.026685
-0.070756
-0.012021
0.046740
0.002671
0.017356
-0.026702
-0.012019
0.017360
0.002671
0.017358
0.061399
0.002671
0.032022
0.046682
-0.011997
0.002671
0.002671
-0.012000
0.002671
0.076001
-0.041321
0.002671
-0.011997
0.002671
0.002671
0.002671
0.002671
0.017339
0.061322
0.017328
0.017326
0.017324
0.002671
0.002671
-0.026638
0.002671
-0.041308
0.061305
0.046624
-0.085254
-0.055989
0.017339
0.002671
0.046662
0.090596
0.031962
-0.011974
-0.026625
-0.011980
-0.055955
0.017330
-0.055980
0.017337
0.002671
0.031996
0.002671
0.017330
-0.011989
0.002671
-0.011991
-0.041327
-0.041347
-0.100112
-0.012021
-0.041418
-0.100278
0.017384
0.002671
0.002671
-0.012043
0.017384
-0.070918
0.135092
-0.026741
-0.056179
-0.115132
-0.056283
0.017412
0.002671
-0.012071
-0.159631
-0.085969
0.017449
0.032222
0.076510
-0.085943
0.046987
0.091245
-0.012086
0.017428
0.002671
0.076422
0.002671
-0.085838
0.061685
-0.026832
0.135365
0.032134
0.002671
-0.115236
0.032161
0.017412
0.002671
-0.041561
-0.012077
0.046909
-0.012073
-0.026823
-0.115393
-0.026867
0.032208
0.002671
0.002671
0.017436
-0.012095
0.032200
0.002671
0.002671
-0.012093
0.002671
0.002671
-0.012095
0.002671
0.002671
-0.012097
-0.012099
0.002671
-0.071212
-0.026898
0.032239
0.002671
-0.041685
0.047026
-0.012112
-0.026902
0.002671
0.002671
0.002671
-0.012119
0.017460
-0.012119
0.002671
-0.012121
-0.012123
0.017465
0.002671
0.002671
0.002671
0.002671
0.002671
0.002671
0.017463
0.002671
0.017460
0.002671
0.002671
0.032243
0.032235
0.047000
-0.012104
0.002671
0.017445
-0.012104
0.017445
0.046981
0.002671
-0.056413
0.017445
0.002671
-0.086008
0.032239
0.061781
0.032213
-0.026871
0.017443
-0.056431
0.002671
-0.041678
0.017456
-0.012115
0.032239
0.047007
0.017445
-0.012104
-0.012106
0.017447
0.017445
0.002671
-0.056440
-0.071266
0.047040
0.076575
0.017445
-0.012104
-0.012106
0.150338
0.032178
-0.012082
-0.056361
0.032191
-0.115463
-0.115603
-0.041718
0.135777
0.194624
0.135346
0.017402
0.046850
-0.070972
0.002671
-0.012064
0.002671
0.046870
0.017399
0.076281
0.046811
-0.041470
-0.012047
0.017388
0.046811
0.032087
-0.012036
-0.056179
0.017386
-0.100384
-0.012060
-0.012062
-0.041541
0.032147
-0.056292
-0.159655
-0.071201
-0.026893
0.076564
0.017443
-0.026876
0.017445
0.002671
0.002671
0.002671
-0.026880
0.002671
0.002671
-0.012108
-0.026893
0.002671
0.032235
-0.012110
0.002671
-0.012112
0.002671
0.017454
0.017452
-0.026893
0.047013
0.017447
0.002671
0.002671
0.002671
0.002671
0.017445
0.032213
-0.012099
0.002671
0.002671
0.002671
-0.012101
0.002671
0.002671
0.017443
0.002671
-0.041652
0.017447
0.002671
0.002671
0.002671
0.002671
0.002671
0.002671
0.002671
0.002671
-0.012106
0.017447
0.002671
-0.041665
0.047007
-0.026884
-0.041678
0.032239
-0.071266
-0.086126
0.032278
0.017471
-0.041738
-0.012136
0.017478
-0.012136
0.180212
-0.026898
0.002671
0.076575
0.046987
-0.012099
0.002671
-0.012101
-0.115585
0.032248
0.002671
-0.071288
0.002671
-0.041731
0.032274
0.002671
0.061851
-0.026915
0.017465
0.017463
0.017460
0.017458
0.135659
-0.026867
-0.012101
-0.056440
-0.145258
0.017473
-0.012132
-0.219634
0.136113
0.135935
0.076630
0.017456
-0.115673
0.253983
0.017434
0.061703
-0.041600
-0.026854
0.017434
-0.204216
0.047040
0.091349
-0.012104
0.046987
-0.056422
-0.248865
-0.130752
0.180528
-0.012139
0.076695
-0.071354
-0.041770
0.091533
-0.056562
0.150687
-0.219436
0.091573
-0.012141
-0.071420
-0.041810
0.032327
0.032318
0.017491
-0.026972
0.002671
-0.012154
0.047138
0.032305
0.017484
0.002671
-0.026959
0.017487
0.002671
0.002671
0.017484
-0.012143
-0.012145
0.017487
0.017484
-0.026959
-0.026968
0.017491
0.017489
0.002671
0.032300
-0.012143
-0.012145
0.002671
0.017487
0.002671
0.017484
0.047099
0.047079
-0.026933
-0.012134
0.017476
0.002671
0.032274
-0.056545
0.002671
-0.012139
0.002671
0.032287
-0.012136
0.002671
0.002671
0.047086
0.091441
0.017458
0.017456
0.032235
0.017449
0.061764
-0.026871
0.017443
-0.085995
-0.041692
0.032248
0.002671
-0.012117
-0.026911
-0.012123
-0.041724
-0.012132
0.002671
0.002671
0.002671
0.032274
0.002671
0.002671
-0.041738
-0.041757
-0.012143
-0.012145
0.032300
0.017482
0.017480
0.032283
0.017473
0.002671
0.002671
-0.041744
0.002671
0.061886
0.061851
-0.026915
-0.012125
-0.041731
0.047072
0.239147
0.046948
0.032178
0.135346
-0.100506
-0.041580
-0.085890
-0.219075
-0.071354
-0.041770
0.106336
0.002671
0.002671
0.047066
-0.026924
0.017469
0.120979
0.002671
-0.041678
0.076575
-0.012106
0.032222
-0.174765
0.076641
-0.160136
0.076706
0.002671
-0.115813
0.017489
0.002671
-0.026968
0.061939
0.076706
0.091441
0.091363
0.046987
-0.012099
0.061737
0.046948
-0.041606
0.046948
0.002671
0.032178
-0.012082
0.002671
-0.026841
0.017428
0.076422
-0.026823
0.002671
0.002671
-0.012080
-0.012082
-0.041600
0.002671
-0.012091
-0.012093
0.017434
-0.012093
-0.012095
0.017436
0.002671
-0.041633
0.002671
0.002671
-0.012101
0.017443
0.002671
0.002671
-0.012101
0.002671
0.002671
0.002671
0.002671
0.002671
0.017443
0.002671
-0.012101
0.017443
0.002671
-0.012101
0.017443
-0.012101
-0.026880
-0.026889
0.032230
-0.012108
0.002671
0.002671
0.002671
0.002671
-0.012110
-0.056475
-0.100918
0.017476
0.002671
0.017473
-0.026937
0.002671
0.002671
-0.041757
0.047099
-0.056571
-0.056606
-0.041810
0.032327
-0.012156
0.076783
-0.056615
-0.056650
0.002671
-0.027003
0.091665
-0.041817
0.002671
-0.041836
0.002671
0.002671
0.002671
0.002671
0.047178
0.002671
0.061983
-0.026981
-0.145719
0.062053
-0.101272
0.002671
-0.071640
0.091837
0.076915
0.017513
-0.027016
-0.071585
-0.041909
0.106659
0.136212
-0.071497
0.032344
-0.027003
0.062009
0.017500
-0.056659
0.032340
0.017502
-0.056668
0.017509
0.017506
-0.012165
-0.027007
-0.130989
0.091797
-0.027029
0.047217
-0.041876
-0.027038
END
