y[]
0.037112
-0.002168
0.010922
-0.002168
-0.015258
0.010922
0.063256
0.010912
-0.015247
-0.015249
-0.002168
-0.002168
0.010913
-0.015249
0.010913
0.010912
-0.002168
-0.028329
-0.002168
0.010913
-0.015249
-0.015251
0.010915
-0.041422
-0.028346
-0.015259
0.010924
0.024010
-0.015256
0.037091
-0.015253
-0.015254
0.010919
-0.015254
0.010919
-0.015254
-0.015256
0.024007
-0.028342
0.010920
-0.028346
-0.015259
0.050188
-0.002168
-0.015254
-0.002168
-0.015256
0.037091
-0.028339
0.050168
-0.041417
-0.002168
0.024000
0.023993
-0.002168
0.050133
-0.002168
-0.015241
-0.028318
0.023983
-0.132989
-0.041448
0.037112
0.063264
0.023993
-0.015247
0.050140
-0.002168
-0.028318
-0.041407
0.050147
0.023979
-0.054469
0.023986
-0.002168
0.010907
-0.028318
-0.002168
-0.015246
0.037061
-0.002168
-0.002168
0.050113
0.010898
0.076192
0.023938
0.050024
-0.028260
0.063051
-0.015208
-0.002168
0.036948
0.010867
-0.015203
-0.015205
-0.002168
-0.002168
-0.002168
0.010869
-0.041284
-0.002168
0.023911
-0.002168
-0.041289
0.010874
-0.002168
-0.002168
-0.002168
-0.015210
-0.002168
-0.015212
0.010876
-0.002168
-0.028257
-0.028264
0.010881
-0.015217
0.010881
0.010879
-0.015215
0.010879
-0.041314
-0.002168
-0.028274
-0.015224
-0.002168
-0.002168
0.023942
0.010884
-0.015220
-0.015222
0.010886
-0.002168
-0.002168
-0.002168
-0.002168
-0.002168
0.023935
0.023928
-0.041314
-0.028274
-0.002168
-0.015224
-0.002168
0.010888
-0.028281
0.010890
-0.015225
0.063102
-0.041325
0.023938
-0.002168
-0.015220
0.023935
-0.015218
-0.002168
0.010883
0.010881
-0.002168
-0.002168
0.023925
-0.054360
0.010883
-0.002168
-0.015218
-0.015220
0.010884
0.036979
-0.002168
-0.002168
0.010878
0.023918
-0.028254
-0.002168
-0.015213
-0.015215
0.023925
-0.067412
0.050031
-0.002168
-0.041314
-0.015220
-0.002168
0.036984
0.010879
0.076079
0.010867
0.023898
-0.054306
0.076028
-0.002168
0.023884
-0.080344
0.023898
0.036918
-0.015195
-0.054292
0.010866
-0.106484
-0.015215
0.010879
0.023921
-0.054353
0.010881
-0.041320
0.089162
0.023911
0.063000
0.036912
-0.002168
0.010856
-0.067302
0.023891
-0.067327
0.115088
0.010852
0.023867
-0.041223
0.010852
-0.002168
-0.028210
-0.041243
0.010859
-0.015195
0.128024
-0.028193
0.023857
-0.015179
-0.002168
-0.015181
0.010845
-0.015181
-0.041218
-0.002168
-0.002168
0.036882
-0.002168
0.010845
-0.002168
-0.002168
0.036862
0.010839
0.010837
-0.002168
-0.002168
-0.015173
0.023840
-0.002168
0.010834
0.023830
-0.002168
0.023823
-0.002168
-0.041157
-0.002168
-0.002168
-0.002168
-0.002168
-0.002168
-0.002168
-0.002168
-0.015168
-0.002168
-0.002168
0.010832
-0.015168
0.010832
-0.028169
0.036831
-0.028166
-0.002168
-0.015169
0.010834
-0.054183
0.023843
-0.015173
-0.015174
0.036846
-0.015171
-0.002168
-0.028179
0.036846
-0.028176
0.010837
-0.002168
-0.002168
0.023837
-0.041177
0.036841
0.036826
0.010827
-0.041157
-0.028169
-0.015171
0.010835
-0.041182
-0.002168
-0.002168
0.010839
0.010837
0.010835
-0.002168
-0.015171
-0.015173
0.010837
0.023837
0.023830
-0.106199
-0.080262
-0.028213
-0.210773
0.063068
-0.002168
0.010874
-0.067395
0.206410
0.036892
0.114921
-0.015171
0.023837
-0.041177
-0.002168
-0.028182
-0.002168
0.023847
-0.028182
-0.015178
-0.015179
0.036862
-0.028186
0.023850
0.023843
-0.054197
0.062864
0.010834
-0.015169
-0.041182
-0.067225
0.036872
0.036857
0.049841
-0.028169
-0.002168
-0.067200
0.036857
-0.015174
0.010839
-0.002168
-0.015174
-0.041197
-0.002168
-0.002168
-0.015181
-0.002168
-0.002168
-0.015183
-0.002168
-0.002168
-0.002168
-0.002168
-0.002168
-0.028203
-0.002168
0.023867
-0.002168
-0.002168
0.023860
0.010844
-0.002168
-0.041207
-0.054244
0.036892
-0.002168
-0.002168
-0.002168
0.010849
-0.015184
0.023864
-0.002168
-0.028199
-0.002168
0.010849
0.023860
-0.015181
-0.028199
0.010849
-0.028203
0.010850
0.010849
-0.028203
0.010850
-0.015186
-0.002168
-0.015188
0.036887
-0.015184
0.010849
-0.041223
-0.002168
-0.028213
0.010856
0.023874
-0.015188
-0.002168
-0.015190
-0.015191
0.010856
0.010854
-0.015190
-0.028216
-0.002168
-0.015195
-0.002168
0.010859
-0.015195
-0.002168
-0.015196
0.023887
-0.002168
-0.054285
-0.041274
-0.067378
0.036963
-0.015210
0.010874
0.036948
0.010867
-0.041279
0.036943
-0.015203
0.010867
-0.002168
-0.002168
0.062983
0.049922
0.036882
0.010845
-0.015181
-0.106335
-0.028226
0.010862
0.036912
-0.015193
-0.106430
0.036943
0.062983
0.075957
-0.002168
-0.028203
-0.002168
-0.015188
0.049902
-0.015183
0.036872
-0.015179
0.010844
0.023850
-0.002168
0.010839
0.023840
-0.041182
-0.080242
0.062898
-0.002168
0.010840
0.010839
-0.015174
-0.015176
0.010840
0.023843
0.023837
-0.002168
0.010832
-0.002168
-0.093201
-0.002168
0.010842
-0.015178
0.010842
0.010840
0.023843
-0.002168
-0.015173
0.010837
-0.002168
-0.028179
-0.015176
-0.015178
-0.002168
-0.002168
-0.015179
-0.015181
0.010845
0.010844
-0.028193
-0.002168
-0.015183
-0.002168
0.010847
-0.015183
-0.041223
-0.002168
0.010852
-0.002168
-0.002168
-0.015188
-0.002168
0.010852
0.023867
-0.015184
-0.015186
0.010850
-0.028206
-0.015190
0.010854
-0.015190
-0.028216
0.036902
0.023870
-0.041228
0.023874
0.010850
0.010849
0.010847
0.036867
-0.015178
0.049861
-0.028179
-0.002168
-0.041197
-0.002168
-0.041213
-0.106362
-0.002168
-0.028233
0.010866
-0.028237
0.049963
-0.015198
0.023891
0.010859
-0.015195
0.010859
0.036902
-0.002168
-0.041238
-0.015195
0.010859
0.010857
-0.015193
-0.093391
0.049970
-0.002168
-0.067344
0.023908
0.023901
-0.015201
0.036928
0.023887
0.062941
0.049888
-0.015179
-0.054231
0.075916
0.088854
0.049807
-0.041147
0.114723
-0.041116
-0.028142
0.023806
-0.002168
-0.002168
-0.002168
0.036781
0.010812
0.010810
-0.028125
-0.015149
0.010813
0.010812
-0.015147
0.023789
-0.054089
-0.002168
-0.054116
0.036796
-0.002168
-0.002168
0.036781
-0.002168
-0.028132
0.036775
-0.028128
-0.015151
-0.002168
0.036775
-0.015147
-0.028132
0.023796
-0.015149
-0.041121
0.010818
-0.015154
0.010818
-0.002168
-0.002168
-0.015154
0.023803
0.010815
-0.028135
0.010817
-0.015152
0.010817
-0.002168
-0.015152
-0.002168
0.010817
-0.015152
0.010817
0.010815
-0.002168
0.010813
-0.015149
-0.002168
-0.028135
0.010817
0.010815
-0.028135
-0.002168
-0.015154
-0.002168
-0.002168
-0.002168
-0.015156
0.010820
-0.015156
-0.002168
0.010820
-0.002168
0.010818
-0.015154
-0.002168
0.010818
0.023799
-0.015151
0.010815
-0.041121
0.010818
-0.002168
0.023799
0.010813
0.010812
-0.028128
-0.015151
-0.002168
0.010815
-0.015151
-0.015152
-0.015154
-0.002168
-0.002168
-0.002168
-0.015156
0.010820
-0.002168
0.010818
-0.002168
-0.015154
0.036786
0.101634
-0.041081
0.023776
0.036735
-0.054042
0.062670
-0.002168
0.217968
-0.079808
-0.131702
0.049666
-0.002168
-0.041041
-0.054022
-0.054049
-0.183962
0.049807
0.062763
0.114602
-0.067023
0.114541
0.101459
0.023722
0.075462
0.139997
0.036569
0.062361
-0.015070
0.075222
-0.027958
-0.027964
0.036524
-0.015064
-0.015065
-0.053774
0.023639
0.010733
0.049418
0.023615
-0.002168
-0.027951
-0.015062
-0.027961
-0.040870
0.023635
0.023629
-0.002168
0.010728
-0.002168
-0.027961
-0.027968
0.036529
-0.002168
0.010728
-0.040860
0.023629
-0.002168
-0.002168
0.010728
-0.002168
-0.015064
0.010728
-0.002168
-0.002168
0.023619
-0.027954
-0.002168
0.010726
-0.027958
0.010728
-0.015064
0.036514
0.010723
-0.015059
0.010723
-0.015059
-0.002168
0.023612
0.023605
END
