y[]
-0.157368
0.048500
-0.002987
0.048473
-0.028714
-0.015853
-0.028724
-0.196224
0.215986
0.176985
-0.002987
0.394373
0.035384
-0.079743
-0.041387
0.150525
0.150289
0.099067
0.098963
0.086134
0.035183
-0.002987
0.009733
0.060590
0.047845
-0.091961
0.149491
0.009709
0.085840
-0.142608
0.073194
-0.066467
-0.015688
0.009714
0.149297
0.123740
-0.002987
-0.053658
-0.053684
-0.053710
0.237717
0.060260
0.047582
-0.053556
0.022301
-0.040921
0.034947
-0.078869
0.009664
0.009662
-0.002987
-0.053594
0.009667
-0.078936
0.009675
0.047646
-0.002987
0.009667
0.047614
-0.002987
0.022304
-0.040926
0.047595
-0.002987
0.060204
-0.002987
-0.040897
0.022288
0.009648
-0.028259
0.034918
0.009645
-0.040887
0.047544
0.047518
0.009635
0.022253
-0.015606
0.022250
-0.053467
0.034875
-0.015606
0.034865
0.060069
-0.040816
-0.002987
-0.002987
0.034842
0.022224
-0.028198
-0.116516
0.009634
-0.078735
-0.040883
-0.066178
-0.028275
-0.078888
-0.015643
0.174049
0.034909
-0.028249
-0.078812
-0.066218
-0.078917
-0.015648
-0.053646
-0.028326
0.035019
-0.028323
-0.002987
-0.002987
-0.015657
-0.002987
-0.066362
0.123724
-0.066322
0.035019
-0.040993
-0.028332
0.098356
0.060300
-0.028297
-0.040964
0.009674
-0.104317
-0.041012
-0.002987
0.035038
-0.053691
-0.028348
0.123756
-0.015654
-0.155117
0.149143
0.009680
-0.193161
-0.066459
0.187308
0.250178
-0.078869
0.009664
-0.066258
-0.078965
-0.167805
0.060437
-0.002987
0.035048
0.111031
0.022333
-0.015646
-0.002987
0.098240
0.034947
-0.015630
-0.129505
-0.078975
0.085660
0.224602
-0.002987
-0.129361
0.136016
-0.002987
-0.028246
0.047524
0.173602
-0.066019
0.009623
-0.002987
-0.053435
0.009627
0.009626
-0.078687
-0.053486
-0.002987
-0.015616
-0.002987
0.009642
0.022265
0.047499
-0.028227
0.009634
0.022250
0.034856
0.022234
-0.002987
0.135613
0.009603
-0.065955
-0.053390
-0.028198
0.009619
-0.103882
0.009630
0.022243
0.022237
0.060045
0.060005
-0.002987
-0.040778
0.059989
-0.040768
0.009608
0.034789
0.022189
0.022183
-0.002987
-0.078516
0.034784
0.022186
-0.040749
0.034775
-0.002987
-0.091120
-0.028182
-0.002987
-0.103832
0.034842
-0.040816
-0.002987
-0.015600
0.022237
-0.141797
0.022265
-0.015612
0.022262
0.085335
0.022234
0.022227
-0.002987
0.097807
-0.015581
-0.015582
-0.053384
0.072599
0.022196
0.009602
-0.015576
-0.065955
-0.078601
-0.015595
0.022227
-0.002987
-0.002987
-0.015593
-0.066043
0.034851
0.009623
-0.078668
0.034861
-0.028217
-0.002987
0.047467
-0.040825
-0.002987
-0.040840
-0.179822
-0.002987
0.098100
-0.091432
0.161206
-0.078735
0.173669
-0.091276
-0.015606
-0.281011
0.022320
0.072895
0.047569
0.022281
-0.066170
0.047563
-0.002987
0.072790
0.085347
0.072665
-0.040806
0.097832
-0.028182
-0.015587
-0.002987
0.072589
0.097693
0.022167
0.034732
-0.103603
-0.002987
0.135334
0.047264
0.047239
-0.090899
0.059815
0.009569
0.009567
0.034666
-0.040640
-0.040654
-0.053232
0.009577
-0.015551
0.009577
-0.002987
-0.002987
0.022135
-0.040673
0.009577
0.009575
-0.015549
0.022135
-0.028110
0.034694
-0.015546
-0.028110
0.034694
0.034680
-0.015541
0.034671
-0.015538
0.022113
0.009561
-0.015535
-0.028087
0.009564
-0.040645
-0.015543
-0.002987
-0.002987
0.009569
-0.002987
-0.065781
0.034694
-0.028106
-0.015549
0.009575
-0.015549
0.022135
-0.028110
-0.002987
-0.015551
0.059815
0.009569
-0.015543
0.034675
-0.040649
-0.053226
-0.028116
-0.103565
0.097591
-0.015554
-0.028125
-0.015559
0.009584
0.022151
0.047271
-0.040678
0.034704
0.022132
-0.002987
-0.002987
0.047233
0.009564
0.109901
-0.103326
0.022107
0.009558
0.047176
-0.028065
0.009553
-0.028069
0.047170
0.047145
-0.028050
-0.002987
-0.028056
0.184877
-0.278642
-0.115974
0.122547
0.047182
-0.191252
-0.090965
-0.091043
0.059918
0.085013
0.084936
0.210219
0.047113
0.122154
0.184431
-0.190405
-0.040513
0.034539
0.121997
-0.077959
-0.065507
0.059533
-0.015488
0.084486
-0.102962
0.059509
0.084442
0.134247
0.071789
-0.052831
-0.152669
-0.165396
-0.153137
-0.128285
-0.053150
0.009556
0.197489
-0.015505
0.109619
-0.090558
-0.140754
-0.002987
-0.028056
-0.065687
0.047176
0.034619
-0.103301
0.059721
-0.002987
-0.053150
-0.015532
-0.028081
-0.053194
-0.002987
-0.053219
0.047245
-0.002987
-0.028100
-0.028106
0.059799
0.047214
0.059729
-0.040612
0.034638
0.022088
-0.090778
-0.040635
-0.065766
0.034685
-0.053219
0.072352
0.022113
0.034652
-0.028078
0.009559
-0.002987
0.034642
-0.040616
-0.015533
-0.028084
0.009562
-0.040640
0.009566
-0.002987
-0.028094
0.097402
-0.015530
-0.028078
-0.002987
0.009559
0.059721
-0.065695
-0.028081
-0.040640
-0.040654
0.172672
-0.053144
-0.103376
-0.028100
0.009570
0.072324
0.034647
0.034633
-0.140996
-0.116045
-0.065852
-0.091065
0.047353
-0.053327
0.034770
-0.015571
0.034761
-0.002987
0.022170
-0.028144
-0.040735
0.059918
0.022164
-0.040716
-0.002987
0.072456
-0.053276
-0.002987
-0.015563
-0.053308
-0.053333
0.034775
0.009597
0.022177
0.072466
0.160299
-0.178844
0.160319
0.022113
0.047195
0.134884
-0.053100
-0.028053
-0.002987
0.084716
0.197188
0.046994
-0.065468
-0.053000
0.022022
0.072004
-0.040475
0.034501
0.159300
-0.252769
-0.165680
0.047101
0.034562
-0.053056
-0.065608
-0.140892
-0.166211
0.097490
-0.065773
0.172716
0.159890
0.134625
-0.190687
0.184712
-0.015489
-0.040503
-0.002987
0.034529
0.009515
-0.002987
-0.115564
0.059572
-0.028006
0.022032
0.022025
0.034520
-0.015488
-0.078025
-0.053043
-0.015505
-0.040550
-0.040565
-0.028047
-0.053125
-0.028065
-0.053163
-0.078298
-0.065789
0.059815
-0.078354
0.009578
0.022139
0.034690
-0.090921
-0.002987
0.009580
-0.015554
0.034709
0.034694
-0.015546
0.022129
0.135039
0.009551
-0.078241
-0.053188
0.009566
0.059752
-0.015532
-0.103401
0.034680
-0.040654
-0.028106
0.009573
0.034685
-0.078345
-0.116131
0.085025
-0.078421
-0.078478
0.047346
-0.166663
0.173269
-0.053314
-0.103717
0.085158
0.059926
0.034742
-0.166581
-0.015582
-0.116416
0.022230
-0.015595
0.022227
0.022221
-0.028195
0.110399
-0.028173
0.047378
0.022186
0.034761
0.298483
-0.128489
0.022126
-0.053219
0.084903
-0.053200
-0.116059
0.022151
0.122610
0.009564
-0.178844
0.047289
-0.128726
0.022173
-0.078487
-0.091143
-0.053397
0.047423
-0.141675
-0.141867
-0.040897
0.262081
0.060021
-0.028185
-0.053403
0.211105
-0.103679
0.148013
0.122673
-0.141221
-0.053301
0.047327
-0.040721
0.147862
0.022132
0.022126
-0.040659
0.059792
-0.078326
-0.153836
-0.103679
-0.053371
-0.040792
-0.040806
-0.028208
-0.078687
-0.002987
-0.154560
0.199059
-0.015603
0.022243
-0.028217
0.022243
0.022237
-0.040825
0.060069
-0.154388
0.047505
0.072704
-0.053441
-0.091343
0.060132
0.047480
-0.053454
0.009632
0.009630
0.060077
-0.040820
-0.028217
0.034856
-0.028214
0.022240
-0.028214
-0.053460
0.034870
-0.002987
-0.002987
0.009629
-0.040840
0.060093
-0.002987
-0.015600
-0.015601
0.060069
0.009619
-0.040811
0.034837
0.122989
-0.028170
-0.028176
0.022202
-0.015581
0.009607
-0.065971
0.022211
0.009610
-0.015584
0.009610
0.072561
-0.078535
-0.015584
-0.040787
-0.040801
0.047429
0.122942
0.059918
-0.053308
-0.141500
0.122942
0.097642
-0.053289
-0.065900
0.085080
-0.091054
0.009599
-0.091120
-0.002987
0.160628
0.009588
0.097553
-0.015549
0.059807
-0.028100
-0.028106
0.097452
0.009561
-0.028084
-0.053200
-0.028103
0.022129
-0.028103
-0.053238
-0.015554
-0.015555
-0.040702
0.022158
END
