y[]
2.121540
0.074172
0.863794
0.661160
-0.894680
0.701791
0.203320
-0.514244
-0.175461
-0.031423
0.387364
0.982459
0.033583
0.214307
0.419535
0.123149
-0.416515
0.097783
0.251800
-0.210754
-0.650284
-0.329311
-0.291290
-0.331298
-0.188282
0.086377
0.099358
-0.910662
-0.401453
0.047720
-0.588915
0.604959
0.942421
-1.177890
-0.456852
-0.485653
0.261997
0.008138
0.061476
-0.218736
-0.045292
0.554574
-0.138200
0.247338
0.008070
-0.045031
0.100967
-0.111375
0.021350
0.021343
0.047868
0.418357
0.060816
0.297927
-0.044690
-0.123757
-0.150294
0.218938
0.598790
-0.464432
-0.136800
0.507045
-0.044515
0.007902
0.608816
-0.422850
0.047097
-0.031351
-0.070602
0.007879
0.047111
-0.109861
0.334533
-0.018249
-0.083512
0.033958
-0.161944
-0.149098
0.451925
-0.200860
-0.594481
-0.320910
-0.229434
-0.110898
0.509004
-0.360912
0.073952
0.534023
-0.202145
0.270405
-0.188859
0.531693
0.203537
0.475848
-0.109019
-0.109127
0.267364
0.318316
-0.238033
-0.082934
-0.070025
-0.160947
0.202400
0.189034
-0.121701
0.046590
-0.511337
0.991633
0.200690
-0.082364
-0.534067
-0.005204
0.369159
-0.030977
0.200796
0.161859
-0.533045
-0.263702
0.201648
-0.082723
0.214279
-0.328139
0.459493
0.213488
-0.649785
0.020659
-0.147534
-0.160705
0.137348
-0.342472
0.267294
-0.082984
0.266764
0.382043
-0.134120
-0.185966
0.059392
-0.237942
0.201702
-0.095672
-0.095754
0.033614
-0.212404
-0.108965
-0.148052
-0.500254
-0.162046
0.347346
-0.135633
-0.070482
0.138353
0.059981
0.242112
0.033790
-0.434976
-0.673051
-0.624646
-1.001691
-0.406596
0.182313
0.288757
-0.299164
-0.112313
0.182162
0.155117
0.061521
0.114788
0.008120
-0.459204
-0.098931
-0.192922
0.169117
0.061762
-0.461458
0.008245
-0.301500
0.062213
0.035225
0.089066
0.317334
0.236019
0.288835
-0.473401
0.182338
0.128540
-0.406972
0.650185
-0.098568
0.034820
-0.071919
-0.218993
-0.219451
0.128755
0.248824
0.074882
0.128130
0.021442
0.008116
0.167795
-0.031800
0.127704
0.286574
0.285725
0.113569
0.192438
0.034278
-0.202767
0.113381
0.178983
-0.163057
-0.467037
0.140174
0.008002
-0.322622
0.100714
-0.442841
0.273514
0.285956
-0.216872
-0.058191
0.536588
0.310586
-0.110356
0.060529
-0.215702
0.021133
-0.005204
0.086920
-0.136835
-0.202976
0.153045
0.007972
-0.005204
0.257954
0.034210
0.126064
0.282981
0.125515
-0.319217
-0.096977
-0.018321
0.060366
0.138898
-0.057580
0.556412
-0.200758
0.138240
-0.305367
0.073187
-0.463350
-0.083954
-0.136593
0.178692
-0.742826
0.509072
-0.255418
0.166063
-0.189657
-0.071162
-0.150466
-0.428989
0.246635
-0.150928
-0.044984
-0.044999
-0.270914
0.074583
0.458957
0.021255
0.060912
0.258823
0.192360
0.113147
0.086750
-0.373528
0.034325
0.559658
0.164942
-0.122966
0.855185
-0.070126
0.111626
0.305677
0.253128
0.046383
-0.160043
0.214080
-0.172848
0.033508
0.033493
0.059258
0.097849
-0.121146
0.007685
-0.005204
-0.005204
-0.005204
-0.043876
-0.018098
0.020583
-0.095486
0.097969
0.084985
0.149217
-0.133871
-0.121146
0.162225
-0.018073
0.097703
-0.056644
0.161881
-0.120848
0.225951
-0.056525
-0.095080
-0.069450
-0.018058
0.046203
-0.095184
-0.198291
0.046323
0.020550
0.007670
-0.043831
-0.121176
0.059242
-0.043866
-0.030987
-0.030994
0.020586
0.046356
0.033449
-0.095416
0.020579
-0.198740
-0.005204
0.278521
0.277718
0.033315
-0.082255
0.020487
0.456099
-0.107532
0.148249
0.007573
-0.056322
0.058690
-0.030756
0.033123
0.249931
-0.081676
0.033040
-0.043447
-0.145555
0.033093
0.122347
0.071249
-0.183684
-0.005204
0.058576
-0.183889
0.007570
-0.171391
0.148210
-0.030756
-0.145860
-0.133245
0.135632
0.071532
0.173619
0.109585
0.020287
-0.017948
0.083974
-0.043413
0.033005
-0.145376
0.096759
0.058470
-0.158090
0.300334
0.274055
0.222702
-0.169750
-0.017872
-0.170042
0.197636
-0.005204
0.171944
0.045352
0.057955
-0.005204
0.234438
0.019988
-0.030396
-0.017802
-0.080828
-0.055652
0.020023
-0.371620
-0.309464
0.134364
-0.386302
-0.617998
-0.005204
0.135560
0.670259
0.476297
0.398480
0.007385
0.170875
-0.105782
0.045098
-0.005204
-0.005204
0.019938
-0.055493
0.019944
-0.068085
-0.005204
-0.017785
-0.030371
0.007380
-0.005204
0.007379
-0.005204
0.057685
0.019941
0.145531
0.032444
-0.080514
-0.068006
-0.005204
-0.017769
-0.168695
0.108011
-0.118418
-0.181571
0.083019
0.045174
-0.017796
-0.105998
-0.232362
0.032692
-0.005204
-0.068371
0.032701
-0.005204
0.007428
0.007426
-0.030466
0.020058
0.133624
-0.017817
-0.169314
0.032692
0.095781
-0.005204
-0.055683
0.032658
0.020030
0.070458
-0.106099
-0.219945
0.159052
0.020042
0.045269
-0.118804
-0.093649
-0.182329
-0.030533
0.007462
-0.081221
0.007470
-0.182779
-0.017900
0.058260
0.134275
0.121427
-0.055837
0.007457
0.058075
-0.055824
-0.030523
0.020116
-0.322161
-0.005204
0.210437
0.020135
0.032793
-0.017868
-0.068547
0.020138
0.159364
-0.043157
0.108612
-0.232965
0.007463
0.032788
0.247705
-0.118933
0.297788
-0.282912
0.032711
0.284999
-0.156509
0.032644
0.032630
0.020011
0.246590
-0.206588
-0.030405
-0.207046
0.032673
-0.030453
0.146197
-0.043032
-0.030431
0.020023
-0.017817
-0.219864
-0.131690
0.197097
0.121027
-0.080923
-0.030456
-0.081000
0.108468
-0.005204
-0.030453
-0.118905
-0.055779
-0.030501
0.461762
0.183487
-0.017772
-0.118390
-0.030374
0.019966
-0.055550
0.019972
-0.282492
-0.409909
-0.106637
-0.271955
-0.017924
-0.132495
0.122087
-0.170714
0.236604
-0.043345
0.058357
0.058317
-0.145002
-0.030643
0.020235
-0.106998
0.109307
0.172664
0.147003
-0.182801
0.096319
-0.017888
-0.017890
-0.182982
0.109118
-0.094110
-0.005204
0.020206
-0.068740
0.058333
-0.094166
-0.081520
-0.043384
0.007525
-0.145304
0.058503
0.109366
0.045674
-0.068805
0.045680
0.159991
0.070948
0.058212
-0.017884
-0.005204
-0.030568
-0.081336
0.007489
0.134310
0.058148
-0.043210
-0.043224
-0.093974
-0.043272
-0.132204
-0.017913
0.071025
-0.017905
-0.043316
-0.043330
0.121829
0.134346
-0.106675
-0.030588
0.045558
0.083567
0.045487
0.007465
0.032793
-0.068539
-0.030549
-0.055914
0.070851
0.058131
-0.030533
0.108727
-0.131802
-0.043215
-0.157392
0.032865
0.058212
0.083511
-0.043215
0.172056
-0.309271
-0.170294
-0.056056
0.083770
0.248571
0.096126
-0.081192
-0.284321
0.273913
0.121411
0.197046
-0.144207
0.133799
-0.144207
0.108540
0.007426
-0.055734
-0.055760
0.095883
-0.207479
-0.131834
0.070794
-0.043195
-0.081230
-0.157430
0.083623
-0.055952
-0.233891
0.160012
0.109017
-0.157527
0.172484
0.045506
-0.233601
-0.145037
-0.107024
-0.030675
0.058462
0.045700
0.020238
-0.005204
0.020232
-0.183389
0.045739
-0.107115
-0.056198
0.058535
-0.030694
-0.017952
-0.017953
-0.005204
-0.247752
-0.145896
-0.133278
-0.300397
-0.069492
-0.121026
-0.108270
0.277973
-0.223952
-0.056744
0.084973
-0.314722
-0.160323
0.059458
-0.005204
0.098169
0.059350
-0.031020
-0.018115
0.007707
-0.056857
0.007712
0.072256
0.136649
0.072086
-0.159843
0.072146
-0.005204
-0.069658
-0.211735
0.046469
0.098062
-0.121385
-0.095661
-0.069866
0.072386
0.188507
-0.043916
0.085101
0.059250
-0.250349
-0.031044
-0.458484
-0.018185
-0.005204
-0.109113
-0.031198
-0.083227
-0.044238
0.085853
0.072779
-0.161230
0.202778
0.072678
0.033714
-0.005204
0.098504
-0.031121
-0.005204
0.059576
0.046590
0.007740
-0.031094
-0.186621
0.085546
-0.134872
-0.109059
0.111626
-0.317054
-0.044254
-0.148517
0.138109
0.124903
END
