y[]
0.046807
-0.176156
0.034474
-0.799137
-0.140243
0.234709
0.146946
-0.364787
-0.090310
0.022318
-0.165553
-0.165818
0.047497
0.235453
-0.090398
0.097484
0.334720
0.221610
-0.052524
-0.189714
-0.040158
0.109566
-0.027658
0.345889
0.059407
-0.064840
0.046985
-0.089711
-0.164479
-0.452044
-0.165471
0.172546
0.209690
0.346150
-0.326624
-0.102592
-0.177739
0.059826
-0.315824
0.047446
0.022355
0.084986
-0.040294
-0.065377
-0.253752
-0.191408
0.185974
0.185619
0.009826
-0.228734
-0.078170
0.236022
0.022380
-0.015265
-0.052924
0.097672
0.022365
0.160160
-0.316177
0.135327
-0.052892
-0.103144
-0.229047
0.273839
-0.140899
-0.090751
-0.053057
-0.027896
-0.216998
-0.078455
0.060403
0.072974
0.022501
-0.141492
-0.040598
-0.002717
-0.027979
-0.293691
0.098588
-0.015374
0.047903
0.085807
-0.002717
-0.015358
-0.028004
-0.091274
-0.028033
-0.053369
0.022612
-0.053382
-0.078762
0.035313
0.123946
0.035251
-0.002717
-0.066004
-0.015379
-0.015381
-0.015382
0.098562
-0.002717
0.009936
0.098447
0.009921
-0.129171
0.022587
0.047871
-0.116576
0.224872
-0.255625
0.060570
-0.015371
0.199559
0.047788
-0.002717
-0.015341
0.098230
0.060323
-0.027928
0.161042
0.035036
-0.153812
-0.053133
-0.015325
-0.078398
-0.103714
-0.078532
-0.179842
0.174409
-0.065940
-0.002717
0.047865
0.174118
-0.053209
0.047776
-0.027960
0.186450
0.098026
-0.053076
0.022466
-0.204355
-0.040569
-0.128995
0.022552
-0.103829
0.098395
-0.027985
0.085695
0.274641
-0.027899
-0.065701
-0.053133
0.085494
0.311690
-0.078084
-0.216567
-0.027906
-0.015314
0.449773
-0.052892
0.235393
0.034828
0.022305
-0.240678
0.197709
-0.190604
0.160139
-0.065322
-0.002717
0.097433
0.197283
0.047221
-0.002717
-0.215124
0.072302
0.059756
0.097158
-0.027676
-0.015199
-0.027686
-0.090157
0.147133
-0.040158
-0.040172
0.159489
0.096972
0.270915
-0.052412
-0.040005
0.109105
-0.039977
0.046960
-0.015134
-0.015135
0.046948
-0.176651
-0.002717
-0.077353
0.059484
-0.015154
0.034590
0.258040
0.059268
0.220111
-0.188372
-0.015106
0.022060
-0.002717
-0.101862
-0.027518
-0.275941
0.096724
0.096625
-0.052375
0.059353
-0.052369
0.022112
-0.052382
-0.064832
0.009709
0.022131
-0.077279
-0.015149
0.059430
-0.040000
-0.015148
-0.027583
0.109133
-0.089700
0.046997
0.022131
-0.039991
-0.002717
-0.052437
0.034576
-0.002717
-0.064879
-0.064917
-0.040056
0.084386
-0.015155
-0.040042
-0.027608
-0.002717
-0.114803
0.059569
0.059530
0.009728
-0.102318
0.022193
0.022187
-0.089906
-0.077511
-0.002717
-0.040135
0.072106
0.009748
-0.002717
-0.052586
-0.002717
0.084538
0.009742
-0.102430
0.022221
-0.027654
0.047152
0.034669
0.059561
-0.027623
-0.002717
-0.027630
0.072003
-0.027617
0.009734
0.047072
0.233440
0.071743
0.158424
-0.039880
-0.027500
-0.002717
-0.027506
-0.089528
0.071697
-0.015115
-0.126786
0.009697
-0.139354
0.022140
-0.002717
-0.002717
-0.027574
-0.052449
-0.040033
-0.052493
-0.002717
-0.002717
0.047059
-0.027602
0.034608
0.022159
-0.102256
0.084386
-0.015155
0.034594
0.109133
-0.114567
0.009717
-0.027586
0.158824
-0.027552
-0.015137
0.096600
0.096502
-0.002717
-0.077122
0.009688
-0.089582
0.009697
-0.077223
0.022125
0.171002
-0.052320
-0.015121
0.022091
-0.027525
-0.027531
-0.027537
0.046917
0.046893
-0.015117
0.009683
0.059260
-0.002717
-0.015109
0.022066
0.022060
0.034437
0.022045
-0.015097
-0.077029
-0.039894
0.145908
-0.052234
-0.052259
0.022057
0.133430
-0.138864
0.022051
0.022045
-0.126587
0.046849
0.034442
-0.027488
-0.114262
0.009683
0.071651
0.034446
0.034433
0.034419
0.009659
-0.015092
-0.101776
0.108718
-0.039848
0.108635
0.071449
-0.027433
0.059061
0.021984
-0.039770
0.059031
-0.039761
-0.002717
-0.002717
-0.027420
-0.039784
-0.126372
-0.114137
0.096330
-0.052228
-0.524069
-0.102331
0.134227
-0.002717
-0.102294
-0.227128
0.009764
0.122003
-0.052586
0.034687
-0.114971
-0.252623
0.122314
0.072227
0.072171
-0.065119
0.159449
-0.027648
-0.090026
0.283870
0.022165
-0.102281
-0.002717
0.109286
-0.027596
-0.027602
0.270677
0.121307
-0.027509
0.071642
0.022057
-0.126648
0.046874
-0.015112
-0.002717
-0.002717
-0.015114
-0.052320
-0.002717
0.009686
0.022085
-0.027518
0.034483
-0.027515
0.034479
0.009679
-0.002717
-0.052308
-0.039926
0.022091
-0.015120
-0.002717
0.022088
-0.015118
-0.002717
-0.101985
-0.002717
0.046929
-0.015126
0.046911
-0.064755
0.059322
0.059283
0.059245
0.059207
-0.089420
-0.027503
-0.077112
0.084073
0.009676
0.071605
0.009665
0.046794
-0.076993
0.059184
0.009659
-0.052228
0.034419
-0.077002
0.009668
-0.002717
-0.015101
-0.015103
-0.015105
-0.052283
-0.039908
-0.077140
0.034502
-0.039935
0.108897
-0.089517
-0.015123
-0.077186
-0.015134
0.034529
0.170916
-0.027503
-0.077112
-0.002717
0.009686
-0.027525
0.071688
0.009679
0.022069
-0.015109
-0.039903
-0.064725
-0.015123
-0.089603
-0.027555
-0.015138
-0.039991
-0.102182
0.034594
0.009717
-0.089787
0.034608
0.071892
0.109091
-0.077242
-0.015143
-0.015145
-0.002717
0.009711
0.109064
0.009696
0.170894
-0.089485
0.133599
0.158144
0.022008
0.342792
0.009601
-0.113629
-0.015048
-0.027384
0.083591
0.046569
0.009601
-0.039674
-0.052014
0.009610
-0.175428
0.071339
-0.015056
-0.286931
0.096232
-0.089292
-0.126525
0.083965
0.059153
-0.101727
0.232272
0.046684
-0.101543
0.170165
0.009621
0.034286
-0.015050
-0.064403
0.071302
-0.039720
0.009619
0.034281
-0.027381
0.009616
-0.039720
-0.002717
-0.002717
0.021953
0.021947
-0.039715
-0.039729
0.034295
-0.015053
0.009619
-0.015053
0.034286
0.009614
0.083559
-0.015037
0.021923
0.021917
-0.039669
-0.015037
0.021923
-0.039679
0.034245
-0.002717
-0.002717
-0.027356
-0.002717
0.046556
-0.027350
-0.002717
0.021917
-0.027350
-0.002717
-0.015036
0.009602
0.009601
-0.002717
-0.002717
-0.015034
0.083474
-0.015025
0.009592
0.046502
-0.015019
-0.088876
-0.027347
0.058848
-0.039651
0.034218
0.108005
0.009578
-0.064206
0.009584
0.046472
0.021868
-0.015009
-0.039601
0.083326
-0.113357
-0.002717
-0.064236
0.083400
-0.076527
0.009589
-0.064259
-0.039660
-0.039674
-0.015039
0.009605
0.108114
-0.027335
-0.039656
-0.015033
0.046538
0.083421
0.230713
-0.002717
-0.027263
-0.002717
0.413746
-0.419180
-0.014992
0.107706
-0.125416
-0.236261
-0.496179
0.182617
0.157629
0.390888
-0.014994
0.181276
0.242081
-0.223008
-0.051736
0.144270
-0.076183
-0.186619
0.070885
0.009545
0.132062
-0.112977
0.058554
-0.088506
0.132062
-0.137496
0.046315
0.119757
-0.014957
-0.002717
0.131848
0.046171
0.180400
0.131356
0.216288
-0.002717
-0.075665
0.058077
-0.002717
0.021590
-0.112146
0.070249
0.033746
-0.014870
0.021587
-0.014868
-0.027024
-0.014873
-0.039193
0.058070
-0.014871
-0.027030
-0.014876
-0.063533
-0.002717
-0.014884
-0.014886
0.009452
0.009451
-0.039224
-0.002717
-0.002717
0.009454
-0.014887
-0.014889
-0.027065
-0.014893
0.009460
0.009458
0.009457
0.009455
0.045957
-0.002717
-0.027051
-0.027057
-0.002717
-0.002717
-0.014889
0.021626
-0.014887
0.009454
-0.027060
-0.002717
0.021626
-0.051408
0.058144
0.045945
-0.014880
-0.039215
-0.014886
0.094595
-0.027036
0.009443
-0.002717
0.021599
-0.039193
0.033760
0.106633
0.082250
-0.051260
0.045827
-0.172723
-0.051343
0.070214
0.009433
-0.002717
-0.002717
0.021579
-0.051314
-0.087818
0.033764
0.021596
-0.027030
0.070205
-0.014867
0.082302
-0.075585
-0.002717
0.009432
0.058003
0.094359
-0.063378
-0.002717
0.009418
END
