y[]
-0.025402
-0.235382
-0.170122
0.106029
-0.447151
0.172322
-0.117903
0.000807
-0.025592
0.027206
-0.276732
-0.211170
-0.118628
-0.012472
0.106992
-0.105378
0.067186
-0.025739
0.000807
0.027353
0.093664
0.014065
0.014064
0.014062
-0.052222
0.040582
-0.025708
0.027322
0.027315
0.040555
0.000807
-0.012441
0.000807
-0.052201
-0.078758
0.040598
-0.012455
0.000807
0.000807
-0.038989
0.000807
0.027339
-0.052264
0.000807
0.027346
-0.012462
0.027343
0.000807
0.000807
0.000807
-0.012460
0.014074
0.027336
-0.025722
0.000807
0.067116
0.027318
0.040561
0.000807
0.106739
0.027273
-0.012425
-0.038899
0.053745
0.106599
-0.012411
0.225274
0.013995
0.079900
0.013983
0.013982
-0.038721
0.000807
-0.012372
0.000807
0.040341
-0.038726
0.132525
0.040289
0.027119
-0.051824
-0.038685
-0.012360
-0.012362
0.013976
0.027140
0.027133
0.053439
0.079703
-0.051783
-0.025498
0.013961
-0.104470
0.198111
-0.170167
-0.210024
0.000807
-0.170821
-0.104957
-0.290622
0.371570
0.277980
-0.289584
-0.038857
0.119753
0.198736
-0.249968
0.066862
0.211889
0.329733
-0.038607
-0.078068
0.027106
-0.130755
0.106070
-0.051811
-0.144035
-0.038732
-0.025561
0.145744
-0.196886
0.000807
-0.184060
-0.052075
-0.184501
-0.397441
-0.399033
-0.213097
0.067701
-0.173211
-0.012591
0.014206
-0.012591
-0.039399
0.067809
0.040987
0.081118
-0.012573
-0.012575
0.014190
-0.012575
0.014190
0.000807
0.067692
0.067648
0.000807
0.134354
-0.025888
0.040847
0.094172
-0.012525
-0.065882
-0.039228
0.094197
0.014141
-0.025863
0.040810
0.014138
0.000807
0.080754
0.014125
0.027438
-0.079108
0.000807
-0.079172
0.014141
0.040799
-0.012522
0.054112
-0.039169
-0.039185
0.014140
-0.065873
-0.012534
-0.065926
0.040853
0.067514
-0.052555
0.027492
-0.025877
-0.106002
0.187648
-0.092570
0.014152
0.174129
-0.105817
-0.039206
0.054155
0.000807
-0.065882
0.040826
-0.052555
-0.012538
-0.119377
-0.173048
0.014191
-0.066132
-0.052776
0.040997
0.214883
0.014172
0.014170
0.014168
-0.146262
0.161235
-0.159621
0.040938
-0.066087
0.040949
0.134497
0.214340
0.067443
0.133945
-0.092371
0.014124
-0.079118
0.080733
0.054055
0.213517
-0.092198
-0.412114
0.187499
-0.212583
0.094221
0.080807
0.333453
-0.025764
0.292701
-0.131766
0.159874
0.133170
-0.065352
0.119863
-0.277210
-0.118580
0.080414
0.000807
0.053843
-0.038967
-0.078790
-0.198462
0.080563
0.000807
0.053942
-0.305105
0.067389
-0.105746
-0.065846
-0.079236
-0.266466
0.174616
0.107616
-0.079289
0.120927
0.040815
0.027470
0.067434
0.000807
0.054077
-0.012508
0.107275
0.014108
0.040698
0.014101
0.000807
-0.052377
0.053992
0.080531
0.014088
-0.039041
0.000807
-0.039057
0.053956
-0.012477
-0.132136
-0.065731
-0.039137
-0.172468
-0.012534
0.054162
-0.145987
0.067558
0.054176
-0.092607
0.014157
0.000807
0.000807
0.107545
0.000807
0.040804
0.000807
-0.092545
0.014148
-0.012534
-0.012536
-0.012538
0.000807
0.067514
-0.025870
0.014147
0.067478
0.027463
0.027456
-0.025842
0.094047
0.014120
0.027428
-0.025813
-0.079097
-0.065828
0.080765
-0.105817
-0.012529
-0.226177
0.000807
0.014173
0.040895
-0.092757
-0.079460
-0.066132
0.067746
-0.012577
0.147935
0.027534
0.014168
0.107630
-0.079300
-0.079364
0.000807
-0.025931
-0.012565
-0.320650
-0.120006
0.000807
-0.147052
-0.026100
0.202434
0.041084
-0.416168
-0.174572
0.054803
0.027794
-0.296450
-0.243062
0.190535
0.338714
0.135651
-0.120544
-0.242338
-0.066838
-0.093973
0.406378
-0.228814
-0.310698
0.014371
-0.311629
0.163939
-0.284849
0.082506
0.014417
-0.312694
-0.163150
0.082819
-0.615929
0.151916
0.000807
0.302342
-0.369386
0.603384
-0.040162
0.450552
0.136695
0.000807
0.150071
0.041477
0.649283
0.027736
-0.012656
-0.363394
-0.202101
-0.066921
-0.066966
0.055030
0.068544
0.027889
0.000807
-0.039818
-0.012738
-0.148315
0.082174
0.041466
0.027904
-0.039841
0.014358
0.149748
0.041389
0.027852
-0.066820
0.014336
-0.026253
-0.012726
0.095498
0.000807
-0.026238
0.068407
0.014322
0.014320
0.027827
0.000807
-0.012702
0.054832
-0.053218
0.041329
-0.012698
0.068315
-0.012691
0.027801
0.027794
-0.012685
-0.012687
0.000807
0.000807
-0.066692
0.027812
-0.012695
-0.053218
-0.026216
0.054847
0.081812
-0.053189
0.000807
0.054803
0.081746
-0.039654
0.081713
0.000807
-0.242108
-0.147932
0.122519
-0.093845
0.095459
-0.026227
0.108901
-0.323825
-0.121202
-0.284461
-0.094463
-0.517965
0.041861
0.000807
-0.396753
0.521428
0.014471
-0.163284
-0.218401
-0.150178
0.220346
0.041917
0.151399
-0.081306
0.219626
0.069090
-0.135805
-0.465075
0.096902
0.179024
0.069267
-0.081351
0.724212
-0.148904
0.517042
-0.324926
0.434883
-0.175309
0.149849
0.190176
-0.242732
0.392885
0.283769
-0.147311
-0.282575
-0.215643
0.325307
0.081768
-0.296370
0.163013
0.351354
0.135306
0.121702
0.161773
0.161514
-0.361148
0.121604
-0.173725
0.014243
-0.052949
-0.295370
-0.053138
0.337485
-0.066438
-0.066483
0.095001
-0.120315
-0.133946
-0.188152
-0.066765
0.000807
0.014325
0.149386
0.041290
0.176045
-0.012662
0.000807
-0.012664
0.014278
0.054672
-0.053058
-0.039611
0.027754
0.014278
0.000807
0.242971
-0.079849
0.054585
0.000807
-0.026078
0.000807
0.000807
0.014251
0.175409
0.041057
-0.119990
-0.079806
0.014247
0.014245
0.027678
0.108219
-0.093172
-0.039496
-0.012631
-0.200982
0.000807
-0.093501
0.041236
0.041219
-0.093513
0.027765
0.014283
-0.026147
-0.026154
0.000807
-0.080121
0.054766
0.175974
-0.160874
0.054730
0.054701
0.095052
0.027718
-0.026104
-0.066501
0.256338
0.175269
0.094622
0.255005
0.134336
-0.079289
0.040863
0.080871
0.054148
-0.052533
0.067478
-0.012524
-0.065873
0.040820
0.040804
0.107389
-0.105774
-0.052526
-0.132651
0.027513
0.174221
0.080743
-0.052476
0.040773
-0.159150
-0.105973
0.094246
0.080828
0.000807
-0.012525
-0.132615
0.160893
-0.159278
0.000807
0.174221
0.213828
0.093861
0.213178
-0.171710
0.067195
-0.012467
0.226227
0.000807
0.093479
0.093394
-0.091779
-0.144859
-0.078737
0.133345
-0.118469
-0.052250
-0.198409
-0.052384
0.014108
0.093861
-0.118850
-0.185611
-0.092532
0.067487
0.067443
-0.012516
-0.132526
0.426850
-0.012479
-0.025771
0.093800
-0.171962
-0.079033
0.133839
0.027392
0.053956
-0.025764
-0.052356
-0.012488
0.332659
0.053801
0.119941
0.000807
0.040487
0.119753
0.014015
-0.052033
-0.052061
-0.038862
-0.038878
-0.012425
-0.078621
0.119926
-0.012421
0.040487
0.027252
-0.052089
-0.038883
0.014039
0.014037
-0.012423
0.000807
0.014037
-0.038889
0.053731
0.014034
-0.012419
-0.052117
0.027273
0.027266
0.053703
0.014027
-0.012413
-0.012414
0.027248
0.000807
-0.012413
0.014027
-0.012413
0.000807
-0.025637
0.027252
0.000807
0.000807
-0.091779
0.000807
-0.052138
-0.118422
0.014062
0.067054
-0.025686
-0.091976
0.000807
-0.078790
0.027346
0.093639
-0.025708
-0.118596
0.000807
0.053893
0.067125
-0.052243
0.053858
-0.012453
0.000807
-0.118612
-0.025750
0.093725
-0.278207
-0.105689
-0.092470
0.107403
0.014124
-0.119105
0.054119
0.160573
-0.025803
0.027417
-0.012497
-0.105689
-0.159150
0.027484
0.227278
0.160360
0.093762
-0.145304
0.239788
0.053836
0.080298
-0.078684
-0.092013
0.159874
0.014051
-0.052180
0.027304
0.067019
0.014044
-0.025669
-0.025676
-0.078684
-0.052222
0.133328
0.027290
0.093443
0.000807
0.000807
0.159411
-0.038820
-0.012406
0.027231
0.014016
0.106418
0.093125
END
