y[]
-0.381193
0.100627
-0.421472
0.335941
0.087573
0.256552
-0.172724
-0.081787
-0.016689
-0.016690
-0.081868
-0.055833
-0.055861
-0.134278
0.074729
-0.042849
-0.055936
-0.239233
0.088015
0.048687
-0.042921
-0.029843
0.035608
-0.042931
0.114101
-0.186908
-0.016764
0.048735
0.114132
0.009418
-0.082165
0.074841
0.074780
-0.042875
0.035551
-0.042875
0.009411
-0.082124
0.009419
0.061719
-0.003662
0.009409
0.009408
-0.003662
0.113885
0.035490
0.061557
-0.003662
-0.029744
-0.016706
0.009382
0.113656
-0.016690
-0.042757
-0.029734
-0.016700
0.165708
0.074412
0.074351
-0.003662
0.087277
0.074220
-0.120507
-0.146658
0.269154
-0.120492
-0.172658
0.100369
-0.003662
-0.224858
-0.225348
0.048544
-0.042814
-0.199651
-0.016741
-0.082175
0.127160
-0.042890
-0.055990
-0.187028
-0.121718
0.075058
0.009452
0.088087
0.048728
0.022523
-0.200216
0.022568
-0.003662
0.048777
-0.042988
0.088075
0.114162
-0.016747
-0.160812
0.088039
-0.213388
-0.148104
-0.148313
-0.306792
0.009537
0.115048
0.035877
-0.056384
0.246519
-0.319784
-0.320787
-0.003662
-0.069856
-0.030152
-0.109692
0.009598
-0.149618
-0.136535
-0.056860
0.248780
-0.202905
0.036219
0.076051
-0.229681
-0.256877
-0.123830
0.223202
0.169475
-0.123494
-0.177007
-0.137209
0.089840
0.209728
-0.030311
-0.257181
0.209871
-0.217195
0.036410
0.049743
0.036373
0.049693
0.036336
-0.016992
0.116250
-0.043617
0.049608
-0.003662
-0.016977
-0.016978
0.009655
0.036277
-0.056917
-0.163598
-0.057031
-0.043707
0.023037
0.103062
-0.217223
-0.164133
-0.030432
0.049871
0.023094
0.130010
0.076456
-0.070422
0.009694
-0.043734
-0.017023
0.009699
-0.043750
-0.003662
-0.110642
-0.017042
0.023098
-0.043804
0.116715
0.036432
-0.030389
-0.057138
-0.057166
0.009717
0.023090
-0.057174
-0.057202
-0.177866
-0.003662
0.023159
-0.097565
0.157261
0.103476
0.023105
0.263611
0.036368
0.076349
-0.043659
0.129600
0.022969
0.089491
0.262013
-0.056740
-0.096617
-0.110002
-0.070182
0.116043
-0.110059
0.062850
-0.003662
0.022930
0.036213
-0.096728
0.142547
0.009619
-0.043510
-0.123303
0.009639
0.049523
-0.030250
0.129211
0.089244
-0.083290
0.009614
-0.030215
-0.189733
-0.136782
-0.150299
-0.324346
0.570170
0.009644
0.235541
0.301156
-0.374867
-0.070094
0.155701
-0.415869
0.116186
0.036256
0.089417
-0.269832
-0.203755
0.183105
-0.097001
-0.203969
-0.057145
0.210099
0.169683
0.062929
0.129388
-0.110087
-0.176845
-0.043670
0.182905
-0.123558
-0.283980
-0.231163
0.090078
-0.218053
0.384584
-0.083865
0.170031
0.116410
-0.016996
-0.123750
-0.043723
0.116474
0.023016
-0.003662
0.156253
-0.043617
-0.030307
-0.003662
-0.030314
0.022991
0.009662
-0.056967
0.009667
-0.030321
-0.137066
0.063063
0.156296
-0.043627
0.062938
0.102806
0.102693
0.062752
0.009616
0.049431
-0.056754
-0.070067
0.062744
0.009614
0.049424
0.036134
-0.043458
0.102425
0.036092
0.009586
-0.003662
-0.043410
0.022839
0.022832
0.009582
0.049297
0.036039
0.049248
0.009561
-0.056565
-0.003662
-0.030124
0.155005
-0.043305
-0.082995
-0.003662
0.088888
-0.016878
-0.056544
0.075651
-0.030092
-0.030099
-0.096248
-0.069848
0.194764
0.022765
0.049171
0.075536
0.049102
0.035893
-0.043216
0.009525
-0.003662
0.035887
-0.016843
0.049053
0.022685
-0.030009
0.009513
0.009511
0.049011
-0.003662
-0.082682
-0.069560
0.022703
0.114892
-0.082682
-0.109119
-0.030044
0.035908
-0.096016
0.049123
0.391335
-0.069386
-0.187921
0.338264
-0.069326
-0.043081
0.114549
-0.056183
-0.082495
0.009481
0.009480
-0.161474
-0.148542
0.009518
-0.307232
0.035987
0.075588
-0.334284
0.128718
0.128543
0.181132
-0.056425
0.246717
0.088425
-0.122075
0.035825
0.088413
-0.161557
0.154233
0.035773
-0.003662
0.009480
0.193253
0.009452
0.114286
-0.265957
-0.043066
-0.029940
0.009478
-0.043086
0.022623
-0.016803
0.075161
-0.043066
-0.016800
0.048880
0.009469
-0.003662
-0.003662
-0.003662
-0.016793
0.035726
-0.043050
0.035726
0.022588
-0.108704
0.022609
0.114472
0.009456
-0.029898
0.088135
0.048756
0.205735
0.166151
0.087656
0.074545
-0.029724
-0.003662
0.230652
0.048333
0.100248
-0.068593
-0.042641
0.022326
-0.042646
0.009334
0.100248
-0.003662
-0.081584
-0.016655
0.022322
-0.016653
0.022319
-0.094624
-0.016663
-0.016665
0.100315
0.113183
0.009313
-0.029612
-0.029619
0.061218
0.009309
0.048205
-0.055529
-0.042580
-0.198480
-0.081695
0.113366
-0.055657
0.087312
-0.055637
0.061303
-0.055630
0.022326
-0.120659
-0.003662
-0.107774
-0.029707
0.009362
0.100464
-0.107788
-0.055766
-0.199293
-0.160443
0.087824
-0.108223
0.035562
-0.016735
0.061685
-0.108237
-0.042906
0.100954
0.022475
-0.095171
-0.186932
-0.266060
0.311134
-0.016759
-0.056066
-0.069206
-0.213691
0.048887
-0.082495
0.009481
-0.016805
-0.122028
-0.254008
-0.069647
-0.016864
0.141467
-0.082797
0.088656
-0.135571
-0.056474
0.075546
0.009533
0.259878
0.193538
0.088232
-0.056162
0.101311
-0.134895
0.402603
0.022492
-0.173786
-0.213443
0.271586
0.179417
0.100804
0.048530
0.009382
0.022421
0.048483
-0.055806
0.022414
-0.068864
-0.003662
0.009382
0.048496
-0.016699
-0.016700
-0.029744
-0.003662
0.074565
-0.134074
0.087645
0.113610
0.113472
-0.146844
-0.107924
0.113625
-0.016687
0.061447
-0.068770
0.035408
-0.042732
0.022387
-0.003662
-0.003662
0.022380
-0.029703
-0.068796
-0.055799
-0.003662
-0.029741
0.035454
-0.068864
-0.029754
-0.016711
-0.121178
-0.016728
0.061651
-0.003662
0.074657
0.009385
0.009384
-0.042803
0.061565
0.074555
-0.016694
0.074504
-0.068796
0.074494
-0.042732
0.126513
0.061362
-0.120735
-0.081787
0.100491
0.074382
-0.068694
0.022356
0.035352
-0.042676
0.035352
-0.042676
-0.029680
0.035363
0.074341
-0.016658
0.035322
-0.003662
-0.055644
0.035327
-0.029653
-0.016660
-0.016661
0.048327
0.048300
-0.003662
-0.016650
0.126141
-1.691190
-0.069647
-0.228336
-0.083079
-0.030148
0.009582
-0.030152
0.115488
-0.030127
0.207867
-0.149040
0.392326
0.022682
0.351298
-0.292793
0.141008
-0.029950
0.035768
0.062020
0.324100
0.074841
0.061710
0.179154
0.126716
0.308554
-0.159648
0.061362
-0.211887
0.048435
0.061421
-0.042707
0.152426
0.022329
-0.146695
-0.003662
0.334089
0.281239
0.125571
0.086702
0.228327
-0.042289
0.086446
-0.055142
0.009211
0.009209
0.022075
-0.106648
-0.119649
0.035015
-0.029445
-0.029452
-0.055261
0.073728
-0.042349
0.047918
0.112295
-0.003662
-0.055182
0.047858
0.009214
-0.119604
0.047885
-0.029432
-0.093909
-0.016561
0.035030
-0.042354
0.009237
0.138118
-0.029425
-0.042319
0.086515
0.060701
-0.042274
-0.003662
0.022082
0.073528
0.060618
-0.055082
0.099153
-0.016508
0.009184
-0.042205
-0.042220
-0.209556
0.060726
-0.042289
-0.029422
0.047851
0.047825
0.047798
-0.042254
0.022068
-0.016526
-0.042264
-0.080912
-0.029425
0.125088
0.112071
0.073419
0.034857
-0.132114
0.086272
-0.016505
-0.029352
0.060552
0.034847
-0.042170
0.060511
0.009168
0.175779
-0.003662
0.085938
-0.016457
-0.029257
-0.029263
0.073123
0.162504
-0.054760
-0.016441
0.060216
-0.003662
-0.054760
-0.054787
0.009122
0.124085
-0.144192
0.034684
-0.042008
0.226194
0.111068
0.149107
0.059923
0.034470
-0.041793
-0.258244
0.110981
0.098132
-0.029101
-0.029107
-0.029114
0.059955
0.059915
0.047171
0.009042
0.021741
0.072509
-0.079833
0.085199
0.135817
-0.092399
0.009020
0.085064
-0.041677
0.123001
0.084907
0.097463
-0.104787
0.072192
-0.054224
-0.016306
0.021626
END
