y[]
-0.023149
-0.154836
0.108521
-0.202861
-0.011223
0.120615
-0.059137
-0.131150
-0.071260
-0.143445
-0.131610
0.012810
-0.107659
0.024874
-0.083625
-0.083696
0.024909
0.061093
0.036946
0.157386
0.012806
0.012804
-0.011267
-0.095571
0.036907
0.157216
-0.023284
-0.011260
-0.023293
-0.023299
-0.071468
0.000769
0.193285
-0.059353
0.036846
0.024813
0.000769
-0.011253
0.024810
-0.023273
0.012790
0.024807
-0.011250
0.000769
-0.011251
0.000769
0.000769
0.012788
-0.011251
-0.035300
0.024816
-0.023279
0.000769
0.048857
-0.011251
-0.023276
0.012791
0.000769
0.000769
0.012790
0.024807
-0.023270
0.024807
0.024801
-0.011247
0.000769
0.000769
0.000769
0.024798
0.012781
0.012780
0.036794
0.000769
-0.011238
0.012775
-0.011238
0.012775
-0.023247
0.000769
-0.023253
-0.023258
0.000769
0.000769
0.012783
-0.035278
0.024801
-0.047303
0.036824
0.012784
-0.179618
-0.035348
-0.011273
0.085030
0.000769
-0.011264
0.000769
0.012801
0.096980
0.000769
-0.011253
-0.023279
-0.071408
0.000769
0.012801
-0.035335
-0.047389
0.000769
0.036889
-0.011270
0.048915
-0.023302
0.012804
-0.059425
0.060962
-0.059425
-0.011275
-0.023322
0.012815
0.024856
-0.180031
0.145434
0.205354
-0.059360
-0.155735
-0.059491
-0.107789
0.205724
-0.047418
-0.131866
-0.107881
0.097352
-0.071660
-0.095885
-0.108078
-0.035540
-0.047664
0.061305
0.073364
-0.011327
0.012864
-0.156588
0.097633
-0.023439
-0.108237
0.025002
0.073434
0.012874
-0.035553
0.000769
0.049195
-0.035549
0.049189
0.085448
0.000769
-0.120224
0.230529
0.085284
-0.011301
0.061100
0.000769
0.061064
0.000769
-0.023345
-0.011291
0.000769
-0.023354
0.012831
0.049002
0.012823
-0.035400
-0.023351
0.024888
-0.035413
-0.011295
0.012832
-0.011295
0.049014
0.036937
0.000769
0.097154
0.060962
-0.023305
0.012806
0.012804
-0.023305
0.012806
0.024839
-0.035339
0.000769
0.000769
0.000769
-0.011270
-0.011272
0.060955
0.000769
0.024833
0.012799
0.036850
-0.035313
0.012797
0.000769
0.000769
0.012796
0.048863
-0.011253
0.000769
0.012790
0.000769
0.000769
0.012788
-0.011251
0.000769
0.012788
-0.011251
0.012788
-0.059346
-0.011259
-0.083462
-0.071486
0.048944
-0.095605
0.061013
0.145208
-0.047355
0.121033
-0.011251
-0.023276
-0.059367
0.024827
0.048869
-0.095455
0.048892
0.048869
0.024810
-0.011251
-0.011253
0.048845
0.012784
0.084837
-0.035252
0.000769
0.060796
0.156672
0.048690
0.024721
0.000769
0.000769
-0.023184
-0.035170
0.180334
0.108353
0.000769
0.048547
0.036587
-0.094777
0.048553
-0.023121
0.167873
-0.011158
-0.058887
0.048496
0.048473
-0.046936
0.036549
0.000769
-0.011157
0.036540
0.012690
0.060353
-0.023061
0.012684
-0.011147
0.000769
0.024598
0.084127
-0.046856
-0.034965
-0.011145
0.012682
0.000769
0.000769
-0.034978
-0.023069
0.119901
-0.011138
0.000769
0.000769
0.036485
0.012671
0.000769
0.024570
-0.023033
0.036468
-0.023030
-0.034939
0.000769
0.000769
0.000769
-0.011137
0.012674
0.000769
0.012673
0.024572
-0.034939
-0.011137
-0.011138
0.024581
0.000769
0.012673
-0.034948
0.000769
-0.011140
-0.034965
-0.106508
-0.058880
-0.011165
-0.214285
0.012728
0.048593
-0.035097
0.072487
-0.082909
0.024683
-0.070993
-0.011197
0.036660
0.036647
0.024681
0.012722
-0.011185
0.060524
-0.047033
-0.023141
0.012724
-0.059022
-0.011194
0.060566
-0.035106
0.000769
0.048598
0.084416
-0.070925
-0.035097
0.048587
-0.047050
0.036634
0.132167
0.000769
-0.166496
0.000769
-0.011190
0.000769
-0.106919
-0.107035
0.024735
-0.035183
0.060681
0.012747
-0.011210
0.072616
0.156262
-0.023138
-0.070985
-0.023161
-0.011198
0.000769
-0.095017
-0.131086
0.012763
-0.011225
0.012763
-0.107229
0.000769
0.024778
0.108740
-0.059202
-0.023230
0.024767
0.168594
-0.095097
0.036729
-0.095155
-0.251469
0.012794
-0.107515
0.036876
-0.083503
-0.011276
0.085050
-0.059425
0.097061
-0.071442
-0.095594
-0.156019
0.024906
0.073145
0.061042
-0.071564
0.048996
-0.119844
0.169586
-0.047436
-0.023342
0.109222
0.145190
-0.047349
0.000769
0.072936
0.024813
0.060854
-0.071338
0.072875
0.000769
-0.023261
0.000769
0.012784
0.048817
-0.059295
0.012784
-0.023264
0.024801
0.036807
-0.011243
0.000769
0.012780
0.060803
0.036772
0.012767
0.012765
0.036751
-0.023218
-0.023224
0.024761
0.024755
-0.769670
-0.059673
0.061210
0.012852
0.012851
-0.011314
0.000769
-0.108039
0.037051
0.049124
0.012854
-0.035492
-0.023412
-0.035514
-0.047628
0.000769
0.000769
0.024970
0.000769
-0.011331
0.073346
0.061210
-0.023404
-0.047593
0.061217
-0.083870
-0.096049
0.085489
0.037055
0.000769
-0.083921
-0.071880
0.061312
-0.217361
-0.132767
0.134304
-0.084188
0.109985
-0.096307
-0.011373
-0.157200
0.000769
0.037245
0.073681
-0.059989
-0.011387
-0.011389
0.012926
0.122260
0.134239
0.025017
0.000769
-0.023480
0.097726
-0.035580
0.097668
-0.011339
-0.011340
0.073399
-0.023436
-0.023442
0.037082
-0.059761
-0.084034
0.012888
-0.156893
0.061437
-0.096319
-0.193690
-0.194068
0.025144
-0.011418
-0.035801
0.183484
0.049436
0.061570
-0.060033
-0.120945
-0.133288
0.232208
0.073743
0.267889
0.049259
-0.035597
0.158258
0.145924
-0.120180
0.097539
0.290519
-0.156075
0.085253
-0.168273
0.254223
0.097154
0.145173
-0.059375
0.169078
0.072815
-0.083290
0.072823
0.048776
0.060746
-0.059209
0.012767
0.000769
-0.035231
-0.011234
-0.011236
0.024775
-0.011234
-0.047256
0.012777
0.000769
0.000769
-0.011240
0.012777
-0.023250
0.012778
0.096795
-0.047233
-0.011236
0.048776
0.012767
-0.011230
0.048753
-0.215344
0.156897
0.000769
0.048759
-0.023224
-0.023230
0.180614
-0.071131
0.072668
-0.071131
0.036725
0.084616
0.024712
-0.011203
-0.035153
0.036690
0.012740
-0.035149
0.036686
0.012738
0.000769
0.000769
0.000769
0.000769
-0.011201
0.132355
0.012722
0.012721
-0.059008
-0.035115
-0.023161
-0.023166
0.108430
-0.094925
-0.023169
0.000769
0.024706
-0.142944
0.012752
0.060667
0.036690
0.012740
-0.047124
-0.059130
0.024732
0.012748
0.048673
0.108469
-0.047084
0.048621
-0.011193
-0.011194
0.024692
-0.023155
-0.011195
0.036656
-0.094960
-0.035153
-0.023186
0.000769
-0.059144
-0.047187
-0.131229
-0.023250
0.036794
-0.059281
-0.227748
0.048921
0.036867
-0.179857
0.157329
0.169098
0.048811
-0.227638
0.169119
-0.059324
0.048845
0.120860
0.036768
0.048747
0.012760
0.060703
0.000769
0.000769
0.084616
0.024712
-0.035149
-0.083089
-0.059173
0.096657
-0.011213
0.072633
-0.035157
0.024721
0.000769
-0.095074
-0.167178
-0.227611
0.133052
-0.023270
0.024807
0.012786
-0.035287
0.060854
0.000769
-0.023261
-0.047308
-0.023279
0.012793
-0.011256
-0.011257
0.000769
-0.011259
-0.011260
0.000769
0.036850
-0.023284
0.012796
-0.011259
0.000769
0.024821
-0.011257
0.000769
0.000769
0.024819
0.132940
-0.047274
-0.035278
-0.059338
0.072893
0.048822
-0.071321
0.048834
-0.023261
-0.035287
-0.023276
0.000769
0.000769
0.012791
-0.011254
0.012791
0.036828
-0.011250
-0.011251
0.000769
0.060854
-0.071338
0.048845
0.048822
0.000769
-0.011243
-0.011244
-0.023261
-0.011249
0.012786
0.060832
-0.023253
0.048805
-0.023247
0.108792
0.000769
-0.059230
-0.047256
-0.047280
0.060825
-0.071304
-0.071356
-0.083442
-0.035343
0.060948
-0.119626
0.048944
-0.035361
-0.011278
0.024859
0.036893
-0.047401
-0.071529
0.036924
-0.023334
-0.023339
0.073075
0.000769
-0.035378
0.036915
0.024859
0.012812
0.024850
0.072979
0.036854
END
