y[]
0.047445
0.059696
-0.013971
-0.038530
-0.112281
-0.013990
0.047475
-0.038571
-0.001695
-0.013990
-0.013992
0.022896
-0.013990
0.010599
0.059756
0.010590
-0.001695
-0.001695
-0.001695
-0.013981
-0.001695
-0.026271
-0.026278
-0.013989
-0.001695
0.010598
0.035175
-0.001695
0.010592
-0.001695
-0.001695
-0.001695
-0.001695
-0.001695
-0.001695
-0.013983
0.022878
-0.001695
-0.013981
-0.001695
-0.001695
-0.038562
-0.001695
0.035171
0.022875
-0.013980
0.022872
-0.001695
-0.026262
-0.013981
0.022875
-0.001695
-0.001695
0.108795
0.022841
-0.026232
-0.001695
0.047372
-0.087580
-0.075369
0.047427
0.010581
-0.112240
-0.013986
0.219299
-0.050763
-0.038512
-0.001695
0.035121
-0.001695
-0.001695
-0.038512
0.010578
-0.050799
0.035135
-0.013971
-0.013972
-0.075387
-0.063147
0.035180
0.022881
-0.001695
-0.013983
-0.075451
0.059771
0.035166
-0.013981
0.022875
0.035148
-0.013975
-0.026259
-0.026265
0.035157
0.059696
-0.099939
0.059718
0.170063
-0.099807
-0.112186
-0.001695
0.121064
0.010572
-0.063049
-0.001695
-0.050805
-0.001695
0.022863
0.010581
-0.026250
0.035135
-0.013971
-0.050811
0.035144
-0.050817
-0.050841
0.035166
-0.001695
-0.136922
0.072087
0.035175
-0.013984
0.010593
0.010592
0.010590
0.010589
0.047427
-0.013974
0.047408
0.010577
0.047378
-0.026229
0.010572
0.022835
0.022829
0.010565
-0.050745
-0.099867
0.022857
-0.038526
-0.001695
-0.026256
-0.173791
-0.001695
-0.075542
-0.014008
0.059854
-0.087876
0.059870
0.035225
-0.050926
0.022923
-0.050938
-0.124909
-0.063359
0.047639
-0.063367
0.047645
-0.001695
0.047620
-0.001695
-0.001695
0.035275
0.010625
-0.001695
-0.026338
0.010627
0.022944
-0.026335
-0.026341
0.047590
-0.050981
-0.100339
0.047639
0.047614
0.035271
0.010624
0.010622
-0.050975
0.035266
0.010622
-0.001695
-0.063298
0.010628
0.059900
0.084474
0.158137
-0.026268
-0.075451
-0.137055
0.010618
-0.063276
-0.075642
0.047608
0.059900
0.010619
0.047547
0.022917
0.059809
-0.050896
-0.001695
-0.026305
0.035216
0.022905
-0.013995
-0.013996
-0.050914
0.084421
-0.013993
0.022899
0.022893
-0.013989
-0.001695
-0.026287
-0.001695
0.059771
-0.075460
0.035194
-0.075487
0.121260
0.035162
-0.001695
-0.063132
0.121140
-0.001695
-0.026250
0.022860
-0.038530
-0.063117
-0.100048
-0.001695
0.010604
0.047487
0.072033
0.022869
0.035139
0.084199
-0.063041
0.022847
0.071897
0.022823
-0.026214
-0.001695
-0.026220
0.035090
-0.026217
0.035085
-0.001695
-0.026214
-0.001695
-0.038485
0.035094
-0.026220
-0.001695
0.047348
-0.001695
0.010562
-0.013953
0.010562
-0.013953
-0.013954
-0.001695
-0.026217
-0.001695
-0.013959
0.010568
0.010566
-0.001695
0.010565
-0.013956
0.010565
-0.013956
-0.013957
0.010566
-0.001695
-0.001695
-0.026220
-0.013960
0.010569
-0.013960
-0.001695
-0.001695
-0.001695
-0.001695
0.035094
-0.001695
-0.026220
-0.001695
0.022829
0.010565
-0.026217
-0.001695
0.010566
-0.001695
-0.001695
0.010565
-0.001695
-0.013956
0.010565
0.010563
0.010562
0.059568
0.022799
-0.013942
-0.062951
0.035063
-0.050709
0.035067
-0.026202
-0.087517
0.059613
-0.050739
0.047348
-0.050739
-0.063034
0.022844
-0.050781
0.047390
0.010572
0.071879
-0.001695
-0.001695
-0.124350
-0.013969
0.022850
-0.013968
-0.013969
0.059658
-0.050775
0.047384
0.035099
0.022826
-0.001695
-0.013956
0.022823
0.022817
-0.013951
-0.013953
-0.001695
0.010562
-0.050733
0.010566
-0.001695
-0.001695
0.169810
0.096176
0.096080
0.047157
-0.099423
-0.026142
0.022751
0.034964
0.034950
0.022728
-0.038332
0.059358
-0.001695
-0.026112
0.022722
-0.001695
-0.001695
0.034919
0.034906
0.010502
0.047079
0.010495
-0.074857
0.034892
0.095806
0.010486
-0.013876
0.034843
-0.026053
0.010484
0.059180
-0.050393
-0.050416
-0.038252
-0.038265
-0.099280
-0.013900
0.034915
-0.038305
-0.013902
0.034919
-0.013899
-0.026106
-0.013903
-0.026115
0.010515
-0.001695
-0.001695
0.034928
-0.013902
-0.001695
-0.001695
-0.026112
0.010514
-0.001695
-0.001695
-0.001695
0.010512
-0.013903
0.022719
-0.001695
-0.013902
0.022716
-0.013900
-0.013902
-0.013903
-0.026115
0.010515
-0.026118
-0.013909
0.010518
-0.013909
-0.001695
-0.001695
-0.026127
0.010521
-0.013912
-0.013914
-0.001695
-0.001695
0.022740
0.010520
0.010518
0.010517
-0.001695
-0.050553
-0.001695
0.010521
-0.013912
-0.026133
-0.013917
-0.001695
-0.026142
0.034973
-0.038363
0.022751
-0.013918
0.034968
0.022740
-0.013912
0.047163
-0.026121
0.010518
-0.026124
0.010520
-0.001695
-0.013911
-0.001695
0.022734
0.022728
-0.026118
0.022728
0.059336
0.010506
-0.001695
-0.013897
-0.087150
-0.001695
-0.050559
0.022740
-0.038350
0.022743
0.010521
0.059366
-0.013905
-0.197247
0.096128
-0.099519
-0.124109
0.071771
-0.038422
-0.136475
0.059590
-0.013950
0.084052
-0.038435
0.084010
0.022778
0.035004
-0.013927
0.047222
-0.026151
-0.013926
0.096104
-0.038359
0.010527
-0.038368
0.059418
0.010523
0.132607
-0.026101
-0.221610
0.010535
-0.038390
-0.001695
-0.001695
0.132787
-0.001695
-0.001695
0.022737
0.071565
-0.038319
-0.013906
-0.013908
-0.001695
-0.026124
-0.001695
-0.013912
-0.026133
0.034959
-0.013912
0.022737
0.034941
-0.026118
0.022728
-0.026118
-0.013909
-0.013911
0.010520
-0.013911
-0.013912
-0.038355
-0.038368
-0.026151
-0.013926
0.022763
-0.013924
0.022760
0.010530
0.022751
0.022746
-0.001695
-0.050583
-0.026148
0.010532
-0.038381
-0.001695
-0.013927
-0.013929
-0.001695
0.035000
-0.026157
-0.013929
-0.001695
-0.001695
0.022769
-0.038395
0.022772
-0.013929
0.047228
-0.001695
0.059426
-0.013917
-0.062824
-0.026157
-0.038399
-0.001695
0.010541
-0.148628
0.010557
-0.026202
-0.001695
-0.013951
-0.038471
0.059590
0.022808
-0.026199
-0.026205
-0.026211
-0.026217
0.010566
-0.026220
0.084115
-0.013950
-0.062989
0.010566
-0.075288
0.047372
-0.026226
0.047360
-0.013957
0.035085
-0.001695
-0.013954
-0.001695
-0.038480
-0.013960
-0.038498
-0.087622
0.047414
0.133233
0.108565
0.071744
0.096140
-0.001695
0.047186
0.144807
-0.026098
0.010506
0.108054
0.010492
-0.050452
0.022686
-0.074857
0.022698
0.010499
0.034879
-0.050464
-0.026089
-0.001695
-0.026095
0.047097
-0.026089
0.010502
0.022695
0.022689
-0.001695
-0.062667
-0.001695
-0.074911
-0.001695
0.034919
0.071493
-0.001695
0.034879
-0.001695
0.047049
0.022668
-0.013876
0.010486
-0.001695
-0.013876
-0.026062
0.010489
-0.026065
-0.001695
-0.026071
-0.013885
-0.026080
0.010497
-0.001695
-0.001695
0.034874
-0.001695
-0.013884
-0.001695
0.010493
-0.001695
-0.013884
-0.013885
-0.001695
-0.001695
0.010495
-0.001695
0.034865
0.010489
0.022668
-0.026059
-0.001695
-0.001695
0.034848
-0.013875
-0.013876
-0.001695
0.059195
-0.001695
-0.026047
-0.001695
0.022656
-0.001695
0.034821
-0.001695
0.010474
-0.001695
0.034803
-0.013860
0.010469
-0.001695
0.022630
-0.026020
0.010468
-0.013859
0.083416
0.010457
0.059047
0.022591
-0.013838
-0.050280
0.010453
-0.013844
0.010453
-0.001695
-0.013844
-0.001695
0.386325
-0.038008
0.010410
-0.086467
0.034644
0.058841
0.046707
-0.086416
0.034622
-0.025906
0.095110
-0.037986
0.058782
0.046660
0.058717
-0.037938
-0.013779
-0.037956
0.094970
-0.025853
0.022462
-0.037934
-0.050034
0.034561
-0.110503
-0.013792
0.046684
-0.037978
-0.025891
-0.159109
0.107310
-0.050127
-0.050151
-0.025932
0.046772
-0.086528
-0.062335
0.022565
-0.013825
-0.062364
-0.038114
-0.074573
-0.050310
0.034768
0.144024
-0.013831
-0.025970
-0.098854
-0.001695
0.083323
0.058988
-0.001695
END
