y[]
0.011994
-0.038334
-0.013172
0.049747
-0.000587
-0.000587
0.011993
-0.013166
-0.038334
-0.000587
-0.000587
-0.050939
-0.025772
-0.013182
0.112714
0.037152
-0.176820
0.125326
0.037156
0.049715
0.011985
0.011983
0.037114
-0.063428
-0.000587
-0.025734
0.011988
0.011986
-0.038311
-0.000587
0.049709
-0.013158
0.049690
0.037104
0.011974
-0.000587
-0.050838
0.011979
-0.000587
0.024539
0.011974
0.037085
-0.013142
0.024523
-0.038254
-0.025706
0.011974
-0.063405
0.011980
-0.000587
0.037104
-0.013149
-0.000587
-0.013150
-0.000587
0.011977
-0.013150
0.011977
-0.013150
-0.000587
-0.013152
0.011979
0.011977
-0.000587
-0.000587
-0.000587
-0.000587
-0.013150
-0.025719
0.037109
0.011975
0.011974
-0.000587
-0.000587
-0.000587
-0.013147
-0.013149
-0.000587
-0.000587
-0.000587
0.011975
0.037090
-0.000587
0.011969
-0.013142
-0.000587
-0.000587
-0.013144
-0.025706
0.011974
0.011972
-0.025706
0.011974
0.011972
-0.000587
-0.000587
0.011971
-0.013144
-0.025706
0.024533
-0.000587
0.024526
-0.000587
-0.050819
-0.000587
0.024533
0.011971
0.011969
-0.013142
-0.013144
0.011971
-0.025703
-0.000587
-0.000587
-0.038273
-0.025719
-0.013155
-0.013157
-0.000587
-0.000587
-0.038306
-0.189397
0.087569
0.024586
0.011998
0.024577
-0.038334
0.024580
0.024574
0.099992
-0.063436
0.011986
-0.013160
-0.101228
0.049747
0.024571
-0.013164
0.011991
-0.076077
-0.025763
0.087502
0.112557
-0.113730
0.150243
-0.176577
-0.063515
-0.101355
0.100182
0.087502
-0.063500
0.024583
0.024577
-0.013168
0.112585
-0.000587
-0.025725
-0.000587
-0.025731
0.011986
0.049690
-0.000587
-0.025722
-0.076030
0.024567
-0.050901
-0.063515
0.087502
-0.013166
0.087436
-0.013157
-0.088620
-0.076106
0.024593
0.049753
0.049728
0.024561
-0.025734
0.024561
-0.025734
-0.013163
0.187891
-0.013141
-0.038259
0.011972
0.024526
0.087259
0.024498
0.011953
-0.000587
0.011952
0.011950
-0.000587
-0.000587
0.024482
-0.013120
0.011947
-0.025656
-0.025662
0.011952
0.062082
-0.013117
0.062050
0.036977
0.011931
-0.025624
-0.050681
0.049507
-0.050681
-0.013114
0.011941
-0.038174
-0.013119
-0.000587
-0.025656
0.049545
-0.038183
-0.038197
0.024489
-0.013123
-0.013125
-0.000587
-0.025668
-0.000587
0.024495
-0.013127
-0.000587
0.011953
0.011952
-0.000587
0.024485
-0.000587
0.037010
-0.000587
-0.025649
-0.000587
0.024476
0.024470
0.024463
0.011936
0.011934
-0.038155
-0.100837
0.049551
0.099614
0.011931
-0.063192
0.024460
0.036972
0.086995
0.011919
-0.050618
0.061949
-0.013091
-0.013092
-0.038112
-0.038127
-0.063184
-0.113362
0.037019
-0.013120
-0.050737
0.049564
0.049539
-0.000587
0.036991
-0.050693
0.024470
-0.050706
0.011945
0.024473
0.011941
-0.038174
0.011944
0.011942
0.036991
-0.000587
-0.050693
-0.013117
-0.000587
-0.000587
-0.013119
-0.000587
0.011945
-0.025652
0.037010
-0.000587
-0.013117
-0.025652
0.011947
-0.000587
0.011945
-0.000587
0.011944
-0.000587
-0.000587
-0.000587
-0.000587
-0.025649
-0.000587
-0.038192
-0.013125
-0.000587
-0.013127
-0.000587
-0.000587
0.011953
-0.013127
-0.000587
-0.000587
-0.013128
0.024495
-0.050756
-0.000587
-0.000587
0.011958
-0.013131
0.011958
0.011956
0.011955
0.011953
-0.000587
-0.000587
-0.013127
-0.013128
-0.013130
-0.000587
-0.000587
-0.013131
-0.000587
-0.000587
0.024501
0.062105
-0.013122
-0.013123
-0.013125
0.011952
0.011950
0.011949
0.011947
0.024476
-0.013117
-0.013119
0.011945
-0.025652
-0.025659
0.024485
-0.050737
0.011953
0.074620
0.049520
0.049495
0.024445
-0.050655
0.011933
0.049476
-0.000587
0.011925
-0.013098
-0.013100
-0.013102
0.011928
-0.038136
0.011931
-0.013105
0.024448
-0.025621
0.124523
-0.038103
0.024426
-0.000587
-0.038108
0.049438
0.011916
0.086886
0.011903
0.024388
0.011899
-0.050537
-0.000587
-0.063059
-0.025587
0.036911
-0.013084
-0.075605
-0.013095
-0.025609
0.024435
0.036934
0.011917
-0.025596
0.024423
-0.000587
-0.013091
-0.000587
0.024420
-0.013089
-0.038103
-0.000587
-0.025605
0.024432
-0.050630
0.024438
0.011924
0.011922
-0.013095
0.024429
-0.013094
-0.000587
0.011920
-0.013094
0.011920
-0.000587
-0.000587
-0.025602
0.024429
-0.013094
-0.000587
-0.000587
-0.000587
0.011920
-0.000587
0.011919
-0.013092
0.024423
-0.038103
-0.000587
0.024426
-0.013092
-0.013094
-0.000587
-0.000587
0.011920
-0.000587
-0.000587
-0.000587
-0.000587
0.011919
-0.025599
-0.000587
-0.000587
-0.013095
-0.000587
-0.013097
-0.000587
0.011924
-0.013097
0.036939
0.011919
-0.013092
0.011919
0.011917
-0.025596
-0.013094
0.011920
-0.013094
0.011920
0.011919
0.049420
-0.038089
-0.038103
0.011920
-0.013094
0.011920
0.024423
0.011916
-0.013089
-0.000587
-0.013091
0.024420
-0.000587
0.024413
-0.013086
-0.000587
-0.025590
-0.000587
0.011916
-0.025593
0.024420
-0.013089
0.024416
-0.013087
-0.025593
-0.000587
-0.025599
-0.000587
0.011920
-0.038112
-0.050643
0.036958
0.049451
-0.025602
-0.025609
-0.038131
-0.050668
-0.000587
0.024457
-0.038155
0.036981
0.049482
0.024438
0.024432
-0.038117
-0.013100
0.011927
-0.025615
-0.013103
0.011930
-0.025621
0.049476
-0.000587
-0.025615
0.011928
-0.000587
-0.000587
-0.013102
-0.000587
0.011928
-0.013102
-0.025621
-0.025627
-0.100812
0.011947
0.024476
0.036996
0.011938
0.036977
0.011931
-0.000587
-0.013105
0.011931
-0.013105
-0.013106
0.011933
-0.038150
0.011936
-0.000587
-0.000587
-0.000587
-0.000587
-0.013109
0.011936
-0.000587
0.011934
-0.000587
-0.000587
-0.013108
-0.013109
0.011936
-0.000587
-0.000587
0.024454
-0.000587
-0.000587
-0.000587
-0.000587
-0.000587
-0.000587
-0.000587
-0.013106
-0.000587
-0.000587
-0.000587
-0.013108
0.011934
-0.013108
0.011934
-0.013108
-0.000587
-0.000587
-0.000587
-0.000587
-0.013109
-0.000587
-0.000587
-0.013111
-0.038169
0.036996
0.024460
-0.025634
-0.000587
-0.025640
0.024467
-0.025640
-0.050712
0.024479
-0.038188
0.011949
-0.025659
-0.013125
0.011952
0.011950
0.011949
0.011947
-0.013120
-0.013122
-0.013123
-0.038207
-0.163770
-0.038282
0.011980
-0.050863
0.099941
-0.063405
0.112457
0.062160
-0.038230
0.024511
-0.113574
0.011974
-0.000587
-0.038273
0.049658
-0.013146
-0.050838
-0.038292
0.024552
0.024545
0.024539
0.099853
-0.025687
-0.025693
-0.000587
0.062168
0.062129
-0.025668
-0.025674
0.024501
0.037033
-0.000587
-0.000587
0.011950
0.099651
-0.025637
0.049507
-0.025630
-0.025637
-0.013114
0.011941
0.024463
-0.013111
-0.013112
-0.000587
0.011939
0.011938
-0.025637
-0.038174
-0.013119
0.062058
0.011938
-0.038164
0.011941
0.062027
-0.000587
0.036963
0.036949
-0.000587
0.036934
0.011917
-0.025596
-0.038112
0.011924
-0.000587
-0.000587
-0.000587
-0.013097
-0.000587
-0.013098
0.011925
-0.000587
0.024432
0.011920
-0.000587
-0.013094
-0.025605
0.036939
-0.038112
0.036939
-0.000587
-0.013094
-0.025605
-0.013098
-0.013100
0.011927
-0.000587
0.011925
-0.013098
-0.013100
-0.000587
0.011927
-0.000587
-0.000587
-0.000587
0.011925
-0.013098
0.011925
0.011924
-0.000587
-0.025609
-0.000587
0.011925
0.011924
-0.000587
-0.000587
-0.013097
-0.013098
0.036944
-0.000587
0.011920
0.036925
0.074395
0.111780
-0.050512
-0.063028
0.024395
0.011902
-0.025565
0.011903
-0.013076
-0.025571
-0.050574
0.024410
-0.038084
0.024413
0.024407
0.024401
0.024395
0.011902
-0.013075
-0.013076
-0.013078
0.049370
-0.025562
-0.013076
-0.038066
0.024401
-0.075568
-0.013089
-0.025596
0.011919
-0.000587
0.011917
-0.050612
-0.088191
-0.050681
-0.125931
0.049570
-0.000587
0.024482
0.049532
END
