y[]
-0.009775
0.146366
-0.057780
0.074292
-0.021759
0.002249
-0.009763
-0.117962
-0.069973
0.134566
0.074357
0.086330
0.038270
-0.045784
0.038279
0.074285
-0.129869
0.086347
0.038276
0.146255
0.038238
-0.033710
-0.021733
-0.021746
0.074256
-0.009738
0.074235
-0.009729
0.098186
0.086140
0.014258
0.038207
0.038201
-0.045612
0.074127
0.050162
0.050149
0.014258
0.014258
0.002295
0.014258
0.086011
-0.033572
0.002297
0.002295
0.002294
0.038184
0.014258
0.002295
-0.009671
0.026223
0.014258
0.062105
0.074034
0.026209
-0.021600
0.014258
0.002302
0.026213
0.014258
0.026212
-0.021608
-0.093417
0.014258
0.002287
0.002285
-0.069590
0.014258
0.038221
0.038216
0.026234
0.002281
0.026234
0.026233
0.014258
0.050175
-0.009686
0.026230
0.002285
0.026230
0.026229
0.014258
0.050162
0.002291
0.050154
0.014258
0.074056
0.014258
0.014258
0.097915
-0.033538
0.062053
-0.177061
0.026226
-0.093507
-0.021690
-0.021703
0.038233
0.062191
0.074142
0.014258
0.074106
-0.009677
0.014258
0.038193
-0.033618
0.014258
-0.033641
0.014258
0.038210
0.026232
0.014258
-0.009692
0.050179
-0.045619
-0.009703
-0.009709
-0.069670
0.038244
-0.177796
0.086321
-0.009758
0.038273
-0.057806
-0.238374
0.014258
0.086503
0.146573
0.326308
0.038221
-0.045662
0.229801
0.133803
-0.009640
0.002307
0.014258
0.002305
0.026210
0.062053
0.038147
-0.021578
0.073977
0.097805
0.014258
0.014258
0.073892
0.014258
0.026180
0.014258
-0.069230
0.014258
0.085823
0.002334
0.050025
0.002337
-0.021514
0.050029
0.050017
0.085737
0.061882
-0.057188
0.038079
0.002348
-0.009566
0.026170
0.014258
0.026169
0.049983
0.014258
-0.009558
0.002348
0.014258
0.014258
-0.009566
0.026170
0.014258
0.038079
0.026166
0.026165
0.073771
0.002358
0.014258
0.085635
0.014258
0.026149
0.014258
0.014258
0.014258
-0.033316
-0.009538
0.014258
0.026156
0.026155
-0.021437
0.038056
-0.009541
0.002356
0.014258
0.002355
-0.009552
0.026163
0.002352
0.014258
0.061871
-0.021450
0.014258
0.002352
-0.021467
0.002347
0.014258
-0.009569
-0.021493
-0.069210
0.038113
0.014258
0.061951
0.121484
-0.033384
-0.045326
-0.140827
0.002318
0.014258
0.062007
0.014258
0.109689
0.050021
-0.116937
0.038124
-0.009609
-0.009614
-0.009620
0.073941
-0.021548
0.061996
0.026189
0.061968
-0.128940
0.002315
0.062019
0.026194
-0.021557
0.002317
-0.009629
0.026202
0.109757
0.061973
-0.021527
0.073892
-0.021518
0.061956
-0.105031
0.050059
0.038118
0.145390
-0.045326
0.014258
0.097665
-0.069150
0.038096
-0.104989
-0.045419
0.026196
0.050064
0.038121
0.026187
-0.009603
0.002325
-0.081253
-0.009634
0.026204
0.026203
0.026202
-0.045476
0.050102
0.097845
0.026193
-0.033492
-0.081310
-0.009649
0.062065
-0.009643
0.014258
0.085942
0.002314
0.038144
0.002315
0.026200
-0.009629
0.014258
0.038144
0.002315
0.026200
0.026199
0.014258
0.002317
0.026199
0.014258
0.026197
-0.009623
0.014258
0.002315
0.014258
0.097825
0.014258
0.014258
0.050051
0.085805
0.002337
0.014258
-0.021514
-0.069260
0.050059
0.014258
0.038118
-0.021535
0.014258
-0.009612
0.002321
-0.033504
0.014258
-0.009631
-0.009637
0.002308
0.014258
0.014258
-0.009646
-0.009651
0.014258
0.014258
-0.045540
0.014258
0.050141
0.026216
-0.045547
-0.153387
0.074163
0.026234
0.133946
-0.045569
0.074084
0.026219
-0.069499
0.086054
-0.033601
0.014258
-0.153427
0.050214
-0.021698
0.050214
-0.021698
0.038230
0.038224
0.050197
0.074127
-0.033635
0.050179
0.086062
0.062099
-0.057513
-0.045590
0.086071
0.002292
-0.045590
0.074106
-0.081516
0.050184
-0.057607
0.050197
0.026234
0.038207
0.002284
0.014258
-0.105560
0.002268
-0.285953
-0.069963
-0.033900
0.266829
-0.117962
0.014258
-0.202479
-0.154641
0.134929
-0.070197
-0.070268
0.038415
-0.082407
0.098845
0.038412
0.038406
0.146972
0.002200
0.074531
0.038357
0.086521
-0.045958
0.146684
0.026288
0.410440
0.122036
-0.045605
-0.033658
-0.225666
-0.286458
0.110585
0.074415
0.002229
0.182527
-0.238253
-0.190623
0.038383
-0.009868
0.002193
0.050448
-0.009868
0.074560
0.014258
0.038369
0.002203
0.026312
0.002203
0.026312
0.014258
0.038363
0.014258
0.038357
0.002209
0.038354
0.026304
0.026302
0.002213
0.002212
0.002210
0.002209
0.038354
-0.009839
0.002207
0.014258
-0.033958
0.026314
0.038366
0.002204
-0.021911
0.026315
0.050422
0.050409
0.074480
0.002216
0.038340
0.014258
-0.021867
0.050383
0.050370
-0.045936
-0.021876
-0.033941
0.014258
-0.009850
-0.021915
-0.046060
-0.058171
-0.034057
0.122934
-0.046103
0.026333
-0.118649
0.147164
-0.046132
-0.034081
-0.070391
0.038450
-0.046235
-0.034163
-0.094774
-0.082759
0.014258
-0.107146
-0.131621
0.184429
0.074963
0.002120
-0.010023
0.038538
0.014258
-0.082900
0.014258
0.074993
-0.131568
0.050734
0.050721
0.147842
-0.010017
-0.082900
0.087135
0.147729
0.038506
0.014258
-0.094906
-0.034298
0.002115
-0.022179
-0.082971
-0.131763
-0.107590
-0.034523
0.172707
0.184615
-0.156100
-0.119799
0.172669
-0.022276
-0.022290
0.075163
-0.010100
-0.180817
0.111842
-0.132155
-0.132370
-0.034666
0.234226
0.026464
0.002051
0.099670
-0.132209
-0.059056
-0.071343
-0.083662
0.002011
-0.022491
0.038758
-0.022496
0.173425
-0.169420
-0.354112
-0.158114
-0.183103
0.112987
0.026592
-0.022750
-0.022763
0.001914
0.100629
0.014258
-0.010412
0.014258
0.014258
0.038928
0.001923
0.026592
0.026590
0.038919
0.014258
0.026586
0.001929
0.038913
0.038906
0.014258
0.014258
-0.010391
-0.047391
0.026590
-0.467850
-0.072521
0.150590
0.001871
-0.233789
-0.197067
0.113760
0.039118
0.150878
0.138296
0.039047
-0.047727
0.014258
0.063849
-0.072543
0.001851
0.001850
0.026665
0.063873
0.001856
-0.047773
0.026667
0.014258
0.088681
0.026656
0.051444
0.088589
0.001873
0.076166
0.001879
0.137974
0.150169
-0.047497
0.001902
0.063671
0.063646
0.026601
-0.096888
0.162424
0.088259
-0.072082
0.088268
0.001926
-0.072103
-0.096888
0.026613
-0.096998
0.063720
-0.072317
0.051370
-0.047604
0.076120
0.001888
0.088451
-0.097053
-0.072403
-0.060083
0.100983
0.001873
0.100918
-0.072403
0.014258
-0.233758
0.001841
-0.060276
0.188084
0.101058
-0.010535
-0.296167
-0.160002
-0.060518
-0.197911
-0.135780
-0.048324
-0.274126
0.214960
0.327051
-0.023226
-0.110789
0.076801
-0.173489
-0.324577
-0.010887
0.227785
0.089512
0.177114
0.001740
0.139367
-0.110852
-0.060883
-0.211504
-0.363149
0.077258
-0.414928
0.128045
-0.188120
0.216636
-0.492457
0.267936
-0.150560
0.090361
-0.074535
-0.011126
-0.011133
-0.023840
-0.405777
-0.049538
0.090808
-0.100590
-0.087940
0.129222
-0.203009
0.001463
0.052638
0.308019
0.001503
0.078013
-0.138823
-0.036821
0.269392
-0.087718
0.052511
-0.049506
-0.113391
-0.151930
-0.139392
0.206282
-0.177767
0.078307
-0.267866
-0.604062
-0.244508
-0.102406
-0.258487
0.157217
-0.089692
-0.180941
0.196454
0.209101
0.014258
-0.102603
0.131118
-0.245618
-0.298487
0.040357
0.287891
0.131300
0.079222
-0.011723
0.273762
-0.102436
-0.141546
-0.167821
0.339165
0.195746
0.027209
-0.193157
0.221673
0.234166
-0.011589
0.001332
-0.063332
-0.011619
0.208169
0.065904
0.065877
0.040057
0.117390
-0.114675
-0.295860
-0.115242
-0.167325
-0.050673
0.144077
0.376858
-0.387271
-0.037670
-0.206737
-0.717198
0.380654
-0.943818
0.422233
0.237282
-0.051286
-0.340423
-0.222897
-1.326975
0.014258
END
