y[]
0.077278
-0.035608
0.028887
-0.003361
-0.019483
0.012762
-0.003361
0.028876
-0.035598
-0.035608
0.012764
0.028882
-0.035603
0.109442
-0.019468
0.028850
0.028840
0.044921
0.028814
0.093102
-0.083740
0.012720
-0.019442
0.012720
-0.019442
-0.019444
-0.003361
0.028804
0.028794
0.044851
0.044828
-0.003361
-0.019421
-0.003361
-0.051557
-0.035505
-0.051596
-0.051619
0.028814
0.044882
-0.019439
-0.019442
0.044875
-0.051596
-0.035531
-0.019450
0.044898
0.109152
-0.019426
-0.003361
-0.067649
-0.067690
-0.099933
0.061031
-0.019455
0.012733
0.093149
0.012715
0.012712
0.044844
-0.019426
-0.019429
0.044836
0.028757
-0.067608
-0.003361
-0.003361
0.044828
-0.035484
-0.003361
-0.003361
-0.067639
-0.132040
0.061000
-0.019447
0.012725
0.028804
-0.019442
-0.164314
-0.067815
0.125505
0.028830
-0.148300
-0.051721
0.012762
-0.342481
0.077486
-0.197504
0.093758
0.109825
0.061260
-0.084143
0.012801
0.174245
-0.003361
0.077265
0.077200
0.012744
0.012741
0.109279
-0.083805
0.012733
-0.019455
-0.003361
0.093164
-0.051612
0.060969
0.109116
0.108990
0.092839
-0.067484
-0.003361
-0.051480
0.060793
-0.019395
-0.083573
-0.051519
0.012694
-0.067597
0.076928
-0.019413
0.044789
0.012684
-0.035453
-0.067577
-0.067618
0.028773
-0.019426
-0.019429
0.012707
-0.003361
-0.003361
-0.019429
-0.003361
-0.003361
-0.019432
-0.051588
-0.067701
0.044898
-0.035531
-0.019450
0.012728
-0.051635
-0.019457
-0.051666
-0.003361
0.012744
-0.019465
-0.019468
0.044952
-0.019463
-0.003361
-0.003361
-0.035572
-0.003361
0.012746
0.012744
-0.035572
-0.067815
0.044983
-0.019473
0.077174
0.012738
-0.003361
-0.019460
-0.003361
-0.003361
-0.003361
-0.035567
-0.003361
-0.003361
-0.116164
0.141648
0.093195
0.109170
-0.148067
-0.132165
-0.019473
0.109370
-0.099979
0.028856
-0.164547
-0.035629
0.125651
0.012754
0.173730
0.028804
-0.035526
-0.003361
-0.035536
-0.019452
0.012731
0.141345
0.044828
0.092947
0.028721
-0.003361
-0.035443
0.092855
0.140789
0.012643
0.092608
-0.115334
-0.035376
-0.019372
0.060670
0.156537
0.172232
0.092287
-0.083061
0.044467
0.171812
0.012549
-0.019270
-0.019273
0.076175
0.012539
0.012536
-0.003361
0.028426
0.028415
-0.019248
0.060172
-0.019240
-0.051014
-0.019250
-0.289803
0.330742
-0.130506
-0.019265
0.076137
-0.035152
-0.066974
-0.162571
0.044429
0.044406
0.044383
-0.019273
0.107971
0.012534
0.012531
0.028415
-0.035137
0.012529
-0.019250
0.044300
0.107759
-0.066843
0.044254
-0.098614
-0.019245
-0.003361
-0.003361
-0.003361
-0.066924
0.044315
-0.003361
-0.003361
-0.051037
-0.066964
0.028446
-0.003361
-0.035167
0.028446
-0.003361
-0.019263
0.012541
-0.003361
-0.035167
-0.003361
-0.019268
0.012546
0.060242
-0.051059
0.012541
0.044330
-0.019255
0.044315
0.139530
-0.066843
0.044254
-0.019230
-0.035107
0.028385
-0.003361
0.012508
-0.003361
-0.035102
-0.035112
0.012516
-0.003361
0.044254
0.060091
-0.003361
-0.035082
-0.003361
0.012501
-0.019223
0.044217
0.075885
-0.003361
-0.019205
0.060000
-0.019197
-0.019200
-0.130164
0.044209
0.012491
-0.003361
0.028335
-0.066762
0.060041
0.012483
0.012481
-0.082594
0.012491
-0.035067
-0.066803
-0.003361
0.012503
-0.035092
0.060091
0.012496
-0.050938
-0.066833
-0.003361
-0.003361
-0.130426
0.060192
-0.003361
-0.003361
-0.051021
0.187146
-0.066823
-0.019233
-0.130426
-0.098766
0.171478
0.060141
-0.003361
-0.050984
-0.035122
0.060151
-0.050991
0.076011
-0.050976
-0.019238
-0.019240
-0.066903
0.028415
-0.019248
0.044292
0.076011
-0.019230
0.012508
-0.003361
0.044232
0.044209
-0.019215
0.044194
-0.066772
0.075897
-0.098478
-0.035087
-0.035097
-0.003361
-0.066863
-0.003361
-0.035127
-0.003361
0.012524
-0.019245
0.028405
-0.035127
-0.098720
0.044330
-0.003361
-0.019255
-0.003361
0.012534
-0.003361
-0.003361
-0.019255
0.028426
-0.019253
-0.035152
-0.019260
0.028436
-0.035157
-0.051075
-0.003361
0.012546
0.123805
-0.035137
0.076061
-0.051006
-0.035137
-0.003361
0.060182
-0.003361
0.091877
-0.035097
0.028375
0.028365
-0.035087
0.028365
-0.050953
0.012506
-0.019228
-0.019230
0.028375
-0.019228
-0.019230
0.028375
-0.019228
0.012506
-0.035097
-0.066863
0.028395
-0.019238
0.012516
0.044254
-0.019230
0.060101
-0.035087
-0.035097
-0.003361
-0.003361
-0.003361
-0.003361
0.028375
-0.050969
0.075973
0.012498
0.044202
0.012488
0.012486
-0.003361
-0.019207
0.044171
-0.019202
-0.003361
-0.035052
0.075847
0.044134
0.059930
-0.035001
0.028280
-0.035001
-0.003361
0.059910
0.012451
0.044059
-0.114042
-0.035006
0.028285
-0.066662
-0.019192
-0.145958
0.155068
0.123201
0.012448
0.138808
0.075535
0.012411
-0.003361
-0.019132
-0.066472
0.059751
-0.066472
-0.003361
0.028200
-0.082281
0.059780
0.059741
0.012408
-0.034902
0.106988
-0.003361
-0.019118
0.028150
0.043887
-0.066363
-0.050638
-0.034892
-0.098013
-0.145507
-0.034976
-0.098268
0.075734
0.044066
-0.050788
0.059870
-0.003361
-0.050780
-0.003361
-0.003361
-0.019172
0.012451
-0.003361
-0.003361
-0.003361
0.028255
-0.019167
-0.019170
-0.019172
-0.019175
-0.034996
0.028275
-0.050818
-0.050840
0.012468
-0.003361
0.044111
0.028275
-0.050818
0.107337
0.012443
0.012441
-0.019162
0.012441
-0.050773
-0.193234
-0.050886
0.028325
0.028315
-0.035036
-0.019202
0.044156
-0.066722
-0.035057
0.012488
-0.003361
0.060011
-0.019200
0.028315
-0.035036
0.028315
-0.050878
-0.019205
0.044164
0.012476
-0.003361
0.012473
0.059950
0.044096
0.012453
-0.003361
-0.066632
-0.130023
0.028320
-0.019200
0.012478
-0.019200
0.012478
-0.003361
-0.098433
0.012491
-0.066782
0.028355
-0.003361
-0.019217
0.044202
-0.003361
-0.019212
0.012491
-0.019212
-0.035072
0.044202
0.012488
0.091681
-0.082556
-0.019207
0.044171
-0.050893
0.012486
0.012483
-0.098463
0.012496
0.060041
0.012483
0.059990
0.044126
-0.145890
0.202449
-0.145800
-0.177729
0.044224
0.060051
-0.146093
0.091817
0.028345
-0.050923
-0.082682
-0.114516
0.044292
-0.035127
-0.003361
0.012524
-0.019245
0.107777
0.012506
0.091787
0.028335
0.028325
-0.003361
-0.003361
-0.050893
-0.003361
0.012486
0.044164
0.075797
0.012463
-0.003361
0.044096
-0.114129
-0.050871
-0.098448
-0.019217
0.044202
-0.003361
-0.019212
-0.003361
-0.019215
-0.003361
-0.066803
0.012503
-0.003361
-0.019225
0.028365
-0.035087
-0.019228
-0.003361
0.012506
-0.050969
-0.019235
-0.050999
0.028400
0.012516
-0.003361
0.028385
0.044239
-0.003361
0.012501
-0.019223
-0.003361
0.075922
-0.035067
-0.003361
-0.019217
-0.019220
-0.035087
-0.019228
0.012506
0.012503
-0.019225
0.012503
-0.003361
-0.003361
-0.019225
-0.003361
-0.003361
-0.003361
0.012503
-0.035092
0.012506
0.012503
0.091772
0.060011
-0.066732
0.044171
-0.050893
0.075847
0.139056
0.012451
0.012448
-0.050795
-0.003361
0.012453
0.012451
0.012448
-0.019170
0.012448
-0.003361
-0.003361
-0.050795
0.028265
-0.050803
-0.035001
0.012461
0.012458
0.028270
-0.003361
-0.034991
0.028270
0.012451
0.059860
-0.066582
0.059860
0.012438
-0.034961
0.012441
-0.034966
-0.019167
0.012446
0.044044
-0.019160
-0.145665
0.059910
0.075672
0.201832
0.012406
0.012403
0.012401
0.028155
-0.034877
-0.034887
0.059681
-0.066403
0.028165
0.091157
0.075336
0.028101
0.043813
-0.019083
-0.066274
0.012371
-0.003361
0.012369
0.059532
0.059493
-0.003361
-0.050497
0.028066
0.012349
-0.019071
-0.050505
-0.129187
0.012376
0.106728
-0.050527
-0.066284
-0.097819
0.075361
0.012376
0.012374
0.012371
-0.019093
-0.003361
END
