y[]
-0.042592
-0.090663
0.041448
-0.042644
0.041453
-0.018617
-0.054682
0.029452
0.029446
0.005410
0.065474
-0.066671
-0.042673
0.065510
0.077482
-0.030619
0.005410
-0.042649
-0.006608
-0.090790
0.065546
-0.006614
-0.054733
0.077578
0.005410
0.089540
0.017423
0.029431
0.101437
0.125314
0.041353
0.017388
-0.018548
0.041345
0.017385
0.017384
-0.018539
0.017385
0.017384
0.005410
0.005410
0.005410
-0.054474
-0.006571
0.017391
0.005410
-0.066498
-0.006580
0.113266
-0.042511
0.005410
-0.042534
0.029385
-0.018565
0.077318
-0.018553
0.005410
0.029374
0.005410
0.029368
-0.042511
0.017393
-0.018556
0.005410
0.005410
0.017394
0.041353
0.029365
0.005410
-0.006567
0.041336
-0.030516
0.017387
-0.006567
0.017387
0.005410
0.005410
0.005410
0.017385
0.017384
0.005410
0.005410
-0.006564
0.017384
0.005410
-0.018539
0.017385
0.017384
-0.018539
0.029359
-0.006564
0.005410
0.017384
0.005410
-0.018539
0.029359
-0.006564
0.017384
-0.006564
0.005410
0.029357
-0.018536
0.017384
-0.006564
-0.018542
-0.006568
0.017388
-0.042511
-0.090502
0.029397
-0.054567
0.041401
-0.006585
-0.030585
-0.114667
0.053458
-0.030624
-0.006604
-0.006605
0.029440
0.029434
-0.030628
0.017424
-0.042655
-0.042678
0.041479
-0.006611
0.017432
0.041466
0.017426
0.041448
-0.018614
0.053452
-0.018608
-0.018614
-0.030637
0.029443
-0.018623
0.017427
-0.018625
0.005410
0.005410
0.065488
0.053447
-0.138769
0.065510
0.029440
-0.042655
-0.042678
0.017434
0.029454
-0.030658
-0.030671
0.137646
-0.018620
-0.042667
-0.078780
0.029472
-0.030684
0.005410
0.113655
-0.042684
-0.006617
0.041487
0.005410
0.005410
0.017433
-0.042690
-0.018649
-0.006621
-0.030693
0.017446
0.017445
0.029475
-0.066801
-0.103004
0.029512
-0.006640
-0.018695
0.017463
0.125863
-0.006629
-0.006630
0.005410
0.005410
0.053562
-0.054784
-0.090975
0.077708
0.065618
-0.006629
0.029486
0.005410
-0.018666
-0.018672
0.053568
0.029480
0.041505
0.005410
0.005410
0.017439
-0.006618
-0.018651
0.017442
-0.006621
-0.006623
-0.030697
0.005410
-0.006629
0.017449
0.005410
0.017447
0.017446
0.005410
-0.006626
0.029480
0.017443
0.005410
0.029472
-0.006620
0.029469
0.017437
0.029460
-0.006614
0.005410
0.005410
-0.006616
0.113590
0.005410
-0.006604
-0.006605
0.005410
-0.006607
0.005410
0.017427
-0.006607
0.005410
0.017427
0.017426
0.053458
0.017419
-0.006598
-0.006600
0.017420
-0.006600
-0.042644
0.005410
0.053464
-0.006601
0.005410
0.017421
-0.030628
0.005410
-0.030641
0.029446
0.017426
-0.006605
0.005410
0.005410
-0.030645
0.005410
0.005410
-0.006611
0.005410
-0.006613
0.005410
0.017433
0.005410
0.017432
0.017430
0.029446
-0.018625
-0.018631
0.029452
-0.018631
-0.030663
0.041483
-0.018637
-0.018643
-0.139029
0.029498
0.077638
0.017443
0.017442
0.005410
0.077569
-0.042690
-0.030680
-0.066809
0.029489
0.005410
-0.090941
-0.042800
-0.248075
0.065822
-0.018750
0.005410
0.102017
-0.054958
0.017487
0.065771
-0.187873
0.017501
-0.176111
-0.018818
-0.188623
0.114600
-0.115920
0.102486
0.090274
-0.079454
-0.261775
-0.177172
-0.006774
0.090667
0.029756
-0.092008
-0.006774
0.029777
0.090646
0.151360
0.054013
0.041847
-0.018879
0.041842
0.005410
-0.018876
-0.006735
0.017556
0.017554
0.005410
0.041833
0.017548
0.053948
0.005410
0.005410
0.005410
0.041798
0.005410
0.017537
0.005410
0.017535
-0.006715
0.005410
0.017535
-0.006715
0.005410
0.005410
0.029658
0.029653
0.029647
0.017526
-0.018823
0.053872
-0.030934
0.005410
-0.043069
0.017532
-0.030960
0.029658
0.029653
-0.006710
0.029650
0.053872
0.041741
0.029623
-0.018803
0.005410
0.053830
0.005410
-0.115685
0.029641
-0.043057
-0.103727
0.005410
0.005410
-0.030995
0.017547
-0.018865
0.029685
-0.091724
0.090408
0.029682
0.029676
0.017541
-0.030987
-0.018862
-0.031009
-0.018876
-0.006735
0.066123
0.029685
-0.018865
0.102474
-0.018847
-0.067397
0.005410
0.090346
-0.006719
-0.030987
0.041807
0.138752
-0.055178
0.114442
-0.103621
0.005410
-0.200863
-0.091807
-0.067565
-0.360266
0.188415
-0.238671
-0.043478
0.103162
0.005410
-0.116794
0.213069
0.029812
-0.006790
-0.006792
-0.104473
-0.055688
0.029854
-0.043484
-0.227162
0.042168
0.176769
-0.055756
0.127704
0.054286
0.139696
0.005410
-0.080023
-0.128990
0.176434
0.127391
0.175934
-0.165114
-0.202046
0.017625
0.103078
-0.055621
-0.019013
0.005410
-0.031236
-0.129072
-0.153757
-0.043615
0.103437
0.029902
-0.055831
-0.031352
0.029920
-0.080400
-0.019121
0.078985
0.054430
0.005410
0.115617
0.017648
0.005410
0.029881
-0.031298
-0.031312
0.005410
0.005410
0.017652
0.029890
-0.006829
0.029887
0.115482
0.054292
-0.019028
-0.031258
0.054298
0.029845
0.029839
0.029833
0.005410
-0.067877
0.017628
-0.031249
0.005410
0.017631
-0.006811
0.017631
0.005410
-0.043484
-0.092449
0.029884
-0.006826
-0.006827
-0.068047
0.017657
0.066621
0.139942
-0.019037
0.127585
0.005410
-0.092318
-0.067948
-0.043525
0.054346
-0.068002
0.042123
0.029878
-0.055771
-0.031316
0.005410
-0.019082
0.029902
0.078850
-0.092521
-0.019088
0.054400
0.005410
-0.006835
0.066621
0.005410
0.005410
0.029884
-0.055786
-0.080327
-0.117199
0.005410
-0.031402
0.054490
0.029941
-0.092749
-0.154305
-0.253131
0.054708
-0.043887
-0.105598
-0.179878
0.190698
-0.118077
-0.180107
-0.019352
0.141524
0.104285
-0.019300
-0.130602
-0.118398
-0.081347
0.017809
-0.031790
-0.044211
-0.031822
0.117066
-0.093833
0.079852
-0.006993
-0.081455
-0.007005
-0.019425
-0.118860
0.017844
0.179323
0.005410
-0.044248
0.079889
-0.019410
0.154238
-0.044175
0.054995
0.005410
0.042583
0.030184
-0.019364
0.054952
0.017792
0.005410
-0.031739
0.030178
0.067303
-0.044101
-0.019355
0.005410
-0.081315
-0.044181
0.104567
-0.044156
0.042587
-0.044162
0.030199
-0.031776
-0.031790
-0.019398
0.092210
0.042587
-0.006981
-0.031771
-0.044187
0.017812
-0.031799
0.005410
-0.006996
-0.031818
0.005410
-0.019416
0.067464
-0.006998
-0.019410
-0.044248
0.030243
0.079870
0.005410
-0.019404
-0.019410
-0.007002
0.017822
0.030230
0.055032
-0.006993
0.067410
0.067372
0.005410
0.030184
-0.130923
0.092189
-0.068967
-0.168352
0.017832
0.005410
0.092318
0.017819
-0.019410
-0.056667
-0.044279
0.030258
0.030252
0.005410
0.005410
0.042661
0.104678
0.104580
0.017799
0.030184
0.191019
-0.068792
-0.081229
0.079677
-0.130787
0.116858
0.017786
-0.167986
-0.006987
0.017807
-0.081401
0.055026
0.055001
0.054976
0.116845
-0.217583
0.055007
-0.044187
0.364433
-0.155372
-0.267272
-0.131210
-0.243470
-0.069375
-0.119356
-0.232075
-0.007105
-0.232670
0.055579
-0.132616
0.218643
-0.094878
0.193368
-0.320609
-0.195747
0.118611
-0.032309
0.105963
0.206213
-0.182831
0.331470
0.093014
0.255285
-0.144440
0.142781
0.092730
-0.094390
0.130145
-0.532058
-0.019659
0.043011
0.042997
-0.007117
0.005410
-0.032181
0.030473
0.080560
-0.007111
-0.007113
0.042974
0.093003
-0.094702
0.055479
0.017923
0.030432
-0.007100
0.017920
0.017919
0.017917
0.030420
-0.007094
0.055416
0.017908
-0.057094
0.067914
-0.019587
0.005410
0.017909
-0.007089
0.005410
0.005410
-0.007091
0.030410
0.017908
0.005410
-0.019587
0.017909
0.005410
0.005410
-0.019590
0.030410
0.005410
-0.082117
0.017919
0.005410
0.042927
0.017913
0.005410
0.017911
0.017909
0.030404
-0.032083
0.092872
0.005410
0.030385
-0.069534
0.017905
0.042884
0.017898
-0.044552
END
