y[]
-0.009578
-0.009579
-0.116247
0.037832
0.025969
-0.009588
-0.057016
-0.068919
-0.057094
0.037883
-0.033355
-0.128447
0.144850
0.014137
0.049742
0.085296
0.025975
0.002264
0.061516
0.002264
-0.009584
0.014112
-0.033283
0.014114
-0.033292
0.002264
0.002264
-0.009591
-0.009592
-0.033313
-0.021461
-0.021466
0.014130
0.014129
-0.033334
0.014131
-0.009603
-0.009605
0.014133
-0.021475
0.014134
0.002264
0.002264
0.026000
0.002264
0.002264
0.014130
-0.009602
0.014130
0.002264
0.025992
0.002264
0.002264
-0.021464
0.014129
0.014127
0.014126
0.002264
0.037841
0.002264
-0.021452
-0.033321
-0.021466
0.002264
-0.009603
0.002264
0.014131
0.002264
-0.009603
0.002264
0.014131
0.025994
0.025989
0.025983
0.014122
-0.033313
0.002264
-0.057058
0.014131
-0.021472
0.002264
0.026000
0.002264
-0.009603
0.025997
-0.009602
-0.033342
-0.009608
0.049742
-0.009603
-0.009605
0.026000
0.025994
0.002264
0.014127
-0.033329
0.002264
-0.009603
0.049725
-0.033329
-0.009603
0.037862
0.002264
0.002264
0.002264
0.049708
-0.021455
0.049697
-0.199481
0.049770
0.085345
-0.009600
0.049714
0.061544
0.037815
-0.045141
0.014117
-0.104466
0.085286
-0.009592
0.025975
0.014117
0.073354
-0.033275
-0.009585
-0.045146
-0.009592
-0.045174
-0.009599
0.002264
0.002264
0.049708
-0.033317
0.002264
-0.116430
-0.021492
-0.045264
-0.021509
0.109197
-0.080896
0.026031
-0.092838
0.109248
0.049776
0.026011
-0.057115
0.026020
-0.009613
-0.009615
0.049770
0.061615
0.037858
-0.021464
0.002264
0.002264
0.014129
-0.021466
-0.009603
-0.009605
0.002264
-0.009606
-0.021480
-0.021486
-0.009613
0.002264
-0.009615
0.037896
0.037883
-0.021480
-0.009610
-0.021489
0.002264
0.026017
0.026011
-0.021483
0.014138
0.002264
0.002264
0.002264
0.002264
0.002264
-0.009610
0.014138
0.014137
-0.009609
0.002264
-0.021486
0.002264
0.014140
-0.009612
0.014140
-0.021489
0.014141
0.014140
-0.009612
-0.009613
0.002264
0.049764
0.037874
0.085306
-0.033317
-0.045197
-0.021475
-0.021480
0.014137
0.014136
-0.021480
0.037879
-0.021478
0.014136
-0.009608
0.002264
0.002264
-0.009609
0.002264
-0.021486
-0.045253
-0.009619
0.002264
-0.021506
0.014150
0.002264
-0.033397
0.002264
-0.033410
0.037938
0.002264
-0.033410
-0.021526
-0.033431
0.037959
0.049838
0.109222
0.061636
0.073464
0.191882
-0.045107
-0.009582
0.014110
0.014109
-0.045124
0.025961
-0.009584
0.085168
-0.009575
-0.045107
-0.080689
-0.068893
0.025989
0.025983
0.037832
0.014117
-0.009589
0.037820
0.061495
-0.009579
0.014107
-0.056967
-0.045146
0.025972
0.073354
0.014107
0.073295
0.025930
0.073228
0.025907
0.014084
-0.045023
0.014088
0.002264
0.014086
0.002264
-0.021382
0.002264
0.002264
0.002264
0.002264
0.002264
0.002264
-0.009561
0.002264
-0.009563
-0.009564
0.014092
-0.009564
0.002264
0.002264
-0.009565
0.002264
-0.009567
-0.021402
-0.045084
0.014103
0.014102
0.014100
-0.009572
0.025935
-0.009571
0.014099
0.014098
-0.021405
0.002264
0.025933
-0.009570
0.002264
0.014098
0.002264
0.014096
0.002264
-0.021402
0.002264
-0.009571
0.002264
-0.009572
0.025935
-0.033245
-0.009575
0.014103
0.025938
-0.033249
0.014103
-0.009575
0.002264
0.002264
0.014103
0.014102
0.014100
-0.021410
0.002264
0.014102
0.002264
-0.033254
0.037782
-0.009574
0.014102
0.037769
0.002264
-0.009570
0.002264
-0.033245
0.002264
0.014102
-0.021413
0.025941
-0.033254
0.002264
-0.021421
0.014107
-0.033270
-0.021433
-0.009586
-0.045152
0.002264
0.014120
-0.009592
0.014120
0.025972
0.037815
-0.163750
-0.128370
0.109159
0.026003
-0.068969
0.037887
-0.057115
-0.033380
0.002264
-0.057171
-0.188167
0.049906
-0.021554
-0.009647
-0.081154
0.133318
-0.033461
0.145087
0.026048
-0.021520
0.085483
-0.092850
0.073608
-0.009623
0.121071
0.073481
-0.068953
-0.045242
0.014143
-0.045259
0.109159
0.026003
-0.080847
0.061636
-0.033355
-0.021489
0.014141
-0.009613
0.026017
-0.021489
0.002264
-0.021495
-0.033384
-0.009622
0.002264
0.014150
0.002264
0.002264
0.002264
0.002264
-0.009622
-0.021512
-0.021517
-0.009629
0.014157
0.026045
-0.021517
0.014155
0.014154
0.002264
0.002264
0.014153
0.002264
0.002264
0.002264
0.014151
0.026034
-0.009620
0.014148
-0.021506
0.002264
0.002264
0.014150
0.014148
-0.021506
0.002264
0.014150
-0.009622
0.037917
-0.021503
-0.021509
-0.009624
0.014153
0.014151
0.014150
0.002264
0.002264
0.014148
-0.009620
-0.021509
-0.009624
0.026040
-0.045293
-0.081015
-0.045355
-0.081124
0.026096
-0.009651
0.038006
0.026085
-0.021557
-0.009649
-0.009650
-0.021568
0.002264
0.002264
-0.033495
0.014185
-0.021580
0.061862
0.014179
-0.009651
0.014179
-0.009651
-0.033491
0.073761
0.026085
-0.033469
0.037997
-0.033469
0.026088
0.002264
-0.021560
0.026088
-0.236229
-0.188941
0.062055
-0.141294
0.026205
0.014232
0.109913
-0.081453
0.062069
0.169528
0.002264
0.097718
-0.069318
0.038061
0.121496
-0.009653
0.014181
0.061827
-0.116897
-0.021585
0.121454
-0.069233
-0.033503
-0.128993
0.085811
-0.093224
0.026145
0.002264
0.121582
0.002264
0.014188
-0.009660
0.049951
-0.009656
0.002264
-0.009657
-0.021582
-0.021588
0.026116
-0.009661
0.002264
0.002264
0.002264
-0.009663
-0.033525
0.014195
0.002264
0.002264
-0.009667
-0.021602
0.061919
0.002264
0.026116
-0.009661
0.014189
0.014188
0.002264
0.002264
-0.009660
0.002264
-0.009661
0.014189
0.002264
0.014188
0.002264
-0.009660
0.026110
0.014185
0.026102
-0.009654
0.026099
0.002264
0.014179
0.002264
-0.009651
-0.009653
-0.009654
-0.009656
-0.021580
0.026108
0.014184
-0.033499
0.049946
0.014181
0.002264
0.002264
-0.021571
0.026099
0.002264
0.002264
0.002264
-0.033491
0.002264
0.038019
0.002264
0.002264
-0.033491
-0.009657
-0.009658
-0.009660
0.002264
0.002264
0.073786
-0.009653
0.002264
-0.021574
0.073761
-0.009649
-0.021565
0.085642
-0.033461
-0.021560
0.026088
-0.009647
0.085612
-0.057263
0.037985
0.037972
0.133084
-0.057178
-0.116727
0.026074
0.026068
-0.009637
0.026065
-0.164462
0.073752
0.061798
0.085553
-0.081025
0.085553
-0.033423
0.026057
-0.116755
-0.057299
0.038006
0.049900
0.026074
0.014167
-0.069173
-0.045389
0.026093
-0.057320
-0.140883
0.073863
-0.033529
0.109605
0.026102
0.026096
0.073727
-0.009643
-0.021554
0.002264
0.037989
-0.033461
0.014174
0.061791
-0.033448
0.026074
-0.045361
0.037985
-0.021548
0.026076
-0.009641
-0.009643
0.002264
0.002264
-0.009644
0.014172
0.026076
0.002264
-0.009641
0.002264
0.002264
0.014170
-0.021548
0.002264
0.002264
0.002264
0.026076
0.014168
0.014167
0.002264
0.002264
-0.021543
-0.009641
0.002264
-0.009643
0.026076
-0.009641
0.002264
0.014170
0.002264
-0.009641
-0.009643
-0.033465
0.002264
0.014175
-0.009647
0.014175
-0.009647
0.014175
0.002264
-0.021560
-0.009650
0.014178
-0.033482
0.026096
0.002264
0.038002
-0.009647
-0.009649
0.002264
0.026088
0.026082
-0.021554
0.026082
0.002264
-0.009644
-0.009646
0.026082
-0.057292
0.038002
0.049894
-0.021548
0.002264
-0.033465
0.037993
-0.033465
0.014175
0.002264
0.014174
0.002264
-0.021557
-0.009649
-0.009650
0.002264
0.014178
0.026088
0.026082
-0.009644
0.073693
0.049855
-0.057228
0.026065
-0.188303
-0.188667
-0.033576
-0.009686
-0.213073
0.157832
0.062033
0.050054
0.002264
-0.021628
0.038100
-0.069421
-0.189146
-0.093579
-0.129670
-0.093797
-0.069843
-0.069895
0.098464
-0.021777
-0.262573
0.086606
END
