y[]
-0.015679
-0.002104
-0.002104
-0.015681
-0.002104
-0.002104
-0.002104
-0.015682
0.025052
-0.015681
0.011473
0.011471
-0.015679
0.011471
-0.002104
0.011469
0.025037
0.025030
0.052141
0.011453
-0.002104
-0.002104
0.052104
0.024989
-0.029197
0.024989
-0.015649
-0.015651
-0.002104
-0.029204
-0.002104
0.011447
0.011446
-0.002104
0.038533
-0.056290
-0.002104
-0.029208
0.065642
0.052060
0.119658
-0.029149
-0.096820
0.024967
-0.002104
-0.015638
-0.002104
0.011431
0.011429
-0.029171
0.011431
-0.029175
-0.002104
0.052031
-0.002104
0.011425
0.038472
-0.002104
-0.002104
0.011418
-0.015625
0.011418
-0.015625
-0.029153
-0.029160
-0.002104
-0.015635
0.052009
-0.029156
-0.002104
-0.002104
-0.029164
-0.002104
0.011427
0.038478
-0.069749
-0.042713
0.065569
0.011425
0.065514
-0.123849
-0.056260
-0.056290
-0.042762
0.106283
-0.096935
-0.151307
0.092869
-0.056363
0.187675
0.052053
-0.056260
0.119707
0.065505
0.051950
0.038418
-0.096679
-0.029142
-0.096794
-0.002104
0.065542
-0.083284
0.011431
-0.002104
0.079065
-0.137422
0.092638
0.065514
0.146495
-0.042609
0.024901
0.051885
-0.002104
0.065341
0.092242
-0.163894
0.038368
-0.096564
-0.042614
0.011402
0.051899
0.024887
-0.177673
-0.002104
-0.029142
-0.029149
-0.002104
-0.029156
0.038472
-0.015627
0.038461
0.011414
-0.015622
-0.015624
0.038451
-0.029138
0.024931
0.024923
0.011407
-0.015614
0.065432
-0.069639
0.038423
-0.029120
-0.056158
-0.015622
0.038445
-0.002104
-0.056172
-0.002104
-0.002104
-0.015625
-0.015627
-0.002104
-0.002104
0.038461
-0.015624
0.024934
-0.002104
-0.015622
0.024931
0.038434
-0.002104
-0.015614
-0.002104
-0.069685
-0.002104
0.051965
-0.029134
0.011413
-0.015620
-0.029142
0.024934
-0.015622
0.038445
0.024920
-0.056158
-0.015622
-0.002104
-0.002104
-0.002104
-0.042669
0.024942
-0.002104
-0.029149
0.038461
-0.083251
0.011425
-0.015633
0.024953
0.051987
-0.029145
0.038456
0.051950
0.024912
0.092395
-0.002104
-0.015598
0.132758
-0.002104
0.038319
0.011367
-0.015574
-0.015576
-0.042532
-0.123488
0.065350
-0.056063
0.092306
-0.042554
0.159600
-0.015569
-0.015571
0.105582
-0.109790
0.092128
-0.136748
-0.056012
0.172992
-0.029022
-0.042494
-0.055983
0.105626
0.051718
0.132323
-0.055853
0.011336
0.118775
-0.002104
-0.042380
-0.002104
0.024749
-0.028957
-0.069267
0.051631
0.065024
-0.015526
-0.082673
-0.069294
-0.082792
-0.069394
0.051732
0.038254
-0.002104
0.011345
-0.015553
-0.069376
0.078617
0.024789
0.024782
-0.002104
0.091938
-0.015533
0.038178
-0.015529
-0.042391
-0.002104
0.024756
-0.002104
-0.015533
-0.002104
-0.015535
0.011327
-0.002104
-0.002104
-0.002104
-0.002104
-0.055838
0.011333
0.038194
-0.015535
-0.082727
0.011338
-0.028989
0.024782
-0.002104
-0.015545
0.011338
0.024774
-0.002104
-0.015542
-0.028985
0.011338
0.038211
-0.002104
-0.015540
-0.002104
0.011333
0.011331
-0.042413
0.011334
0.011333
-0.002104
-0.002104
-0.015540
-0.002104
0.011333
-0.015540
-0.028982
0.011336
-0.015544
-0.002104
-0.015545
0.024778
-0.002104
-0.002104
-0.002104
-0.015544
-0.002104
-0.015545
-0.015547
-0.002104
-0.002104
0.011340
0.024778
0.011334
-0.002104
0.024767
-0.015538
0.011331
-0.002104
-0.015538
-0.028978
-0.015544
-0.069331
-0.002104
-0.055918
0.065159
0.038232
-0.015547
0.038222
0.105351
-0.002104
0.051580
-0.082641
-0.109587
-0.136621
0.051725
0.078585
0.132233
-0.015529
-0.015531
0.011324
0.011322
0.024742
-0.069231
-0.002104
0.011325
0.038173
-0.015527
0.051580
-0.015522
0.024731
-0.002104
0.038135
-0.002104
0.011306
0.011304
-0.015511
0.024710
-0.082565
-0.042359
0.024735
0.011313
0.078358
-0.015509
-0.028921
0.011306
-0.002104
-0.002104
-0.015513
0.011306
0.038113
-0.002104
-0.002104
-0.002104
-0.015508
-0.002104
-0.002104
-0.002104
-0.002104
-0.015509
0.011302
-0.055737
0.011307
-0.055759
0.024728
-0.015518
-0.015520
-0.015522
0.024731
0.024724
0.024717
-0.028924
-0.002104
0.011307
-0.002104
-0.002104
-0.002104
0.011306
-0.002104
0.024710
-0.055737
0.038124
-0.015511
0.011304
-0.015511
-0.015513
0.011306
-0.002104
-0.002104
-0.055752
0.011311
-0.028935
0.011313
-0.042359
-0.042375
-0.015531
0.038173
0.011318
0.011316
0.011315
0.078368
-0.002104
-0.042332
-0.015517
-0.028935
0.051552
-0.015515
-0.015517
-0.015518
-0.002104
0.038135
-0.015515
0.011307
0.024713
-0.002104
0.011302
0.024702
0.011297
-0.055716
-0.015511
0.011304
0.038108
-0.042315
-0.028921
-0.028928
0.051537
-0.042332
0.051530
0.011300
0.038097
-0.015502
0.011295
0.024688
0.038070
-0.002104
0.198525
0.078035
0.037942
0.011241
-0.042144
0.024591
0.064603
0.011232
0.037894
0.024552
-0.082093
0.051230
0.037878
0.051180
-0.028742
-0.028749
0.051180
-0.028742
0.024535
-0.015422
0.051159
-0.015417
-0.055373
-0.002104
-0.002104
0.064479
-0.002104
-0.068686
-0.068730
-0.002104
-0.028767
0.011229
-0.122160
0.011243
0.037926
-0.028788
0.024581
-0.028788
-0.002104
0.011239
-0.068837
0.037942
-0.002104
-0.015450
-0.015452
0.011245
-0.002104
0.011243
-0.002104
0.037926
-0.028788
0.024581
-0.002104
-0.028788
-0.002104
0.011239
0.011238
-0.002104
0.037910
-0.015440
0.011232
-0.068802
0.051258
-0.042122
-0.015447
0.024581
-0.068828
0.051279
0.011238
-0.002104
-0.028788
-0.002104
-0.015449
0.024584
-0.002104
0.011238
-0.028788
0.024581
-0.015445
-0.002104
0.037915
0.011232
-0.002104
-0.002104
-0.002104
0.024563
-0.015436
-0.002104
0.011229
-0.068784
-0.028788
0.051258
0.024567
-0.015438
-0.002104
-0.002104
-0.002104
-0.015440
-0.028781
-0.002104
0.011236
-0.055473
0.051265
-0.082168
-0.082232
0.011255
0.051315
-0.028810
-0.015459
-0.002104
-0.002104
0.011252
0.037952
-0.042160
-0.028817
-0.002104
-0.055551
0.011261
0.064692
0.024602
-0.002104
-0.028810
0.011250
-0.055530
-0.068926
0.051358
-0.095680
0.118193
-0.055551
0.131461
-0.028802
-0.055523
-0.095655
0.011266
0.064719
-0.002104
0.011255
-0.028824
-0.068935
0.104805
0.011252
-0.028817
-0.002104
-0.028824
0.037974
-0.082275
0.011263
-0.042208
-0.055601
0.051394
-0.055601
0.024649
0.024641
0.064728
-0.028831
-0.015470
-0.028842
-0.028849
0.118193
0.037963
0.304543
-0.015417
-0.002104
0.077747
0.051095
-0.121840
0.051130
0.011200
-0.042021
-0.028724
0.037824
-0.015411
0.011204
-0.015411
0.024510
-0.015410
-0.028721
0.011206
0.011204
-0.002104
-0.015411
-0.015413
-0.002104
0.011206
-0.015413
-0.002104
-0.028728
0.037830
-0.015413
-0.002104
0.011206
-0.015413
-0.002104
-0.015415
0.011207
-0.015415
-0.028731
0.037835
-0.015415
0.024517
-0.002104
-0.002104
-0.015413
-0.015415
-0.002104
-0.002104
-0.015417
-0.015418
-0.015420
0.024527
0.064443
0.011200
-0.015408
-0.015410
0.011202
-0.042027
0.051123
0.051095
0.011192
-0.055295
-0.015406
0.011199
-0.002104
0.011197
0.011195
-0.015402
-0.015404
0.011197
-0.015404
0.024496
0.037782
0.024478
-0.002104
-0.041979
0.011190
-0.068589
-0.055324
0.064417
0.024492
-0.015401
-0.055309
0.051102
-0.002104
0.064364
0.024471
-0.135047
-0.042021
0.037814
-0.241848
-0.429740
0.131729
-0.189520
0.225428
0.051358
-0.028831
-0.055580
0.158238
0.117984
0.037894
0.064523
-0.108728
0.064550
-0.068757
0.011231
0.024559
-0.042101
0.077875
-0.042085
0.024552
-0.068757
-0.122192
-0.108970
0.051344
-0.055551
0.037984
0.064674
-0.055523
0.091360
0.024584
-0.002104
-0.095543
-0.002104
0.037952
0.051279
-0.055487
0.077960
0.024570
-0.028777
-0.042128
-0.028795
-0.082221
-0.028824
END
