y[]
-0.010045
0.208502
0.003626
0.044551
0.017264
0.071788
-0.010002
0.098987
0.098897
-0.037193
-0.009984
0.003626
-0.023600
0.071676
-0.105277
0.058092
-0.037221
0.003626
0.017244
0.058078
0.071649
0.003626
0.003626
-0.023577
0.003626
-0.037193
0.030841
0.003626
0.003626
-0.064424
0.017240
0.003626
-0.009988
0.017240
0.017238
0.030844
0.017233
0.003626
0.003626
0.003626
0.044434
-0.023577
0.003626
0.017229
0.003626
-0.009977
-0.009978
0.003626
0.003626
0.017231
-0.009978
0.030833
0.003626
-0.023581
-0.009980
-0.009982
-0.023596
0.071667
0.085214
0.044395
0.057959
0.071501
0.030763
-0.023511
-0.023518
-0.009949
-0.023529
0.003626
0.003626
0.017205
0.003626
-0.037115
0.003626
-0.009958
-0.009960
0.017212
-0.009960
0.057959
-0.050707
0.003626
-0.023551
-0.009965
0.017218
-0.009965
-0.037160
0.017223
-0.064378
0.058033
0.003626
-0.064387
-0.023592
-0.009986
-0.064461
0.058100
-0.023607
0.071695
-0.009984
0.030844
0.017233
-0.009980
0.044440
0.003626
-0.078018
0.003626
0.017238
0.030844
0.030837
0.058026
0.044406
-0.009965
0.125884
-0.077862
-0.037143
-0.037160
0.030819
-0.091580
0.126017
-0.077951
-0.118865
0.044473
-0.009988
0.044462
-0.009984
0.003626
0.017236
0.126033
0.017218
0.003626
-0.009965
0.017218
0.017216
0.017214
-0.023551
-0.037154
-0.050773
0.058026
0.044406
0.003626
0.017216
-0.050744
0.057996
0.017214
0.057959
-0.023537
0.017208
-0.077896
0.003626
-0.009967
0.044401
0.030800
-0.064322
0.003626
-0.009969
0.057996
0.017214
0.003626
0.057959
0.044357
0.085037
-0.064212
0.030767
0.003626
-0.023515
-0.009947
-0.023526
0.044351
0.017197
0.003626
-0.281758
-0.009984
-0.009986
0.017238
0.003626
-0.009986
-0.023603
0.003626
-0.132632
-0.105514
0.003626
-0.023678
0.030930
0.017275
-0.010023
0.003626
0.030922
0.017271
0.017270
0.099079
0.017255
-0.037265
-0.064563
0.003626
-0.010017
-0.010019
0.030915
0.030908
0.030900
0.017260
-0.023644
0.003626
-0.050937
0.058189
0.071788
0.003626
0.126200
0.003626
-0.009986
-0.118965
-0.064545
0.044534
0.058144
-0.037260
0.003626
0.017257
0.003626
0.030882
-0.023629
-0.010004
-0.105485
0.071834
-0.023652
-0.050952
-0.037327
0.058226
0.044557
-0.010015
0.017268
0.017266
0.017264
0.030896
-0.023644
-0.010012
-0.187500
-0.064722
0.044641
0.058286
-0.215192
0.017316
-0.119653
-0.078645
0.058481
-0.106113
0.058511
-0.119907
-0.037585
0.182087
-0.010090
-0.037535
0.003626
0.017348
-0.065003
-0.051311
0.003626
0.099747
-0.051289
-0.065060
-0.010117
-0.037614
-0.120196
-0.010141
0.003626
0.044923
0.044906
-0.023892
0.072407
0.072359
-0.010117
0.031110
0.154652
-0.037540
0.113366
0.031042
-0.010081
0.017333
0.003626
0.058436
-0.037478
-0.023786
0.003626
0.017333
0.044736
-0.051191
0.044742
-0.051198
0.072152
0.031023
0.003626
0.017322
-0.010070
-0.051176
0.017329
0.044725
0.003626
-0.023771
0.099484
-0.010062
0.017314
-0.023752
0.058376
0.030990
0.003626
0.017305
-0.051101
-0.037439
0.044691
-0.010060
-0.023752
0.031005
-0.010062
-0.078543
-0.202093
0.072246
-0.037540
0.003626
0.017350
0.085931
0.031046
0.017333
0.003626
-0.010081
0.058443
-0.023779
0.003626
0.017329
0.003626
-0.023782
0.003626
0.017331
-0.078633
-0.119890
-0.023843
-0.037591
-0.037608
-0.051379
0.003626
0.044883
0.058609
-0.092614
-0.065173
-0.078996
0.044946
-0.037693
-0.079064
-0.258678
0.072720
-0.010189
0.058875
0.169189
-0.065325
-0.079178
0.017432
0.155361
-0.079110
0.017420
0.058783
0.086305
0.031171
-0.037693
-0.051493
-0.092906
0.003626
-0.079190
-0.148381
0.072749
0.086511
-0.093079
-0.245474
-0.162786
0.017504
0.031377
-0.176892
-0.177218
0.170571
0.017526
0.114753
-0.010258
-0.024148
-0.038049
-0.121504
0.114861
0.031415
-0.010268
-0.079777
-0.052014
0.045359
-0.163412
-0.066055
-0.094010
0.143077
-0.024248
-0.107950
-0.066172
-0.136117
0.115436
-0.164136
-0.122380
-0.024397
-0.136607
0.059743
-0.052491
-0.010408
-0.024448
-0.024456
0.045746
-0.122787
-0.094806
0.003626
0.172308
0.045752
-0.080644
0.003626
0.073856
0.073807
0.045711
0.073728
-0.038429
-0.010396
0.073718
-0.024405
0.031657
0.003626
0.031649
0.017635
0.031637
0.017629
-0.024381
-0.080443
0.059680
-0.010384
0.045652
0.003626
0.073630
0.003626
-0.024369
0.017625
0.003626
-0.080396
0.073649
-0.024377
0.003626
-0.024385
-0.066436
0.003626
0.045669
0.031645
-0.010382
0.115640
0.031610
0.017615
0.045581
0.031586
0.073493
-0.136156
-0.052341
0.087566
0.017609
0.031586
-0.178256
0.045628
0.073590
-0.066338
0.031618
-0.038364
-0.038382
-0.066426
0.143682
0.003626
0.017621
-0.094379
0.073639
0.115546
0.031586
0.087460
0.003626
0.031555
0.059461
-0.080138
-0.038282
0.003626
0.031567
-0.010343
0.003626
-0.080231
0.017607
-0.024338
-0.038335
-0.038352
0.115530
0.045558
-0.122222
-0.290636
-0.108702
0.101920
0.031692
-0.094640
0.031712
-0.066604
-0.080715
-0.066712
-0.207686
0.003626
-0.137497
0.045984
0.088288
-0.038696
0.186893
0.074024
-0.066772
0.327046
0.073797
0.003626
0.115797
-0.010388
0.157677
0.017619
-0.052357
0.129544
-0.206326
-0.052436
-0.066495
-0.347720
-0.080881
0.074054
-0.123179
-0.024575
0.017728
-0.010475
-0.024583
0.074133
0.074083
0.088109
0.003626
-0.010449
-0.024531
-0.024539
0.031791
0.017706
0.017704
0.003626
-0.010451
0.073994
0.017694
0.031756
0.031748
0.003626
-0.038559
0.017690
-0.010438
0.031752
0.003626
0.059853
0.087908
-0.024460
0.031712
0.045740
0.003626
-0.038488
0.031704
-0.010412
0.017664
-0.024452
0.017666
-0.010414
0.017666
0.031700
0.003626
-0.038488
-0.010416
-0.052562
0.059814
-0.052562
0.101934
0.073787
0.045699
0.045681
-0.010390
0.003626
0.003626
-0.052459
0.059711
0.031657
0.003626
0.017639
0.045652
0.031633
0.031626
-0.066387
-0.010382
0.017635
-0.010382
0.031641
-0.010380
-0.010382
-0.010384
-0.052436
0.017645
0.017643
0.017641
-0.010388
-0.038429
-0.024420
-0.038458
-0.052514
0.045734
0.087789
0.045681
-0.389578
0.130182
0.031728
-0.165103
0.059901
0.130128
0.200090
0.087707
0.045640
0.031626
-0.024373
0.031626
0.003626
0.087577
-0.206384
-0.052451
-0.150749
0.031712
0.045740
0.045723
0.045705
0.143761
-0.080431
0.003626
0.003626
0.129685
-0.024373
-0.024381
-0.024389
-0.010384
0.059656
0.017629
0.059617
0.031610
-0.066348
0.017625
0.031618
0.073571
-0.052326
-0.024362
0.101549
0.003626
0.017607
0.031583
-0.010351
0.338541
0.003626
0.212380
-0.079823
0.017539
-0.052038
-0.010295
-0.024221
0.128878
0.003626
0.003626
-0.038107
0.003626
0.045359
0.017533
-0.010281
0.045342
-0.024183
-0.010281
0.003626
0.003626
-0.010283
0.003626
0.017535
0.017533
-0.010281
0.059243
0.031423
-0.051976
-0.079835
0.017541
0.017539
-0.010287
0.003626
0.031450
-0.010285
-0.024202
0.031454
-0.010287
0.017539
0.017537
0.017535
-0.010283
-0.010285
0.003626
-0.038119
0.087099
0.003626
-0.024190
-0.079870
0.017547
0.031462
0.142689
-0.079788
-0.024194
-0.024202
-0.191387
-0.094023
0.045488
0.073356
-0.010316
0.003626
-0.094023
0.045488
-0.108043
-0.052255
-0.024326
-0.024334
0.031586
-0.066289
-0.066338
0.087577
0.129421
-0.066240
-0.164253
-0.234686
0.059751
0.129791
-0.122539
-0.164842
-0.165127
-0.094945
-0.066841
-0.165698
0.130646
-0.151642
0.285754
0.031795
0.130289
-0.235760
0.102266
0.186557
-0.066692
0.088002
-0.094820
0.214463
-0.094709
0.059830
END
