y[]
0.039904
-0.011618
0.001262
0.027018
0.001262
0.014137
-0.011614
0.001262
0.014137
-0.011614
-0.011616
-0.024498
0.014142
0.001262
0.001262
-0.011619
-0.011621
0.014144
-0.011621
-0.011623
0.014146
-0.011623
-0.011624
-0.011626
0.001262
-0.050305
0.027048
-0.024525
0.027048
0.027041
0.014149
0.001262
0.001262
0.001262
0.014147
0.027028
0.014142
0.001262
0.001262
-0.011619
0.014142
-0.024502
-0.011623
0.039909
-0.024502
-0.011623
0.014146
0.001262
-0.037396
-0.024518
0.001262
0.001262
0.142969
-0.037366
0.052762
-0.011611
0.027005
0.052728
0.026985
0.091242
0.026955
-0.062985
0.065508
-0.011584
0.014108
0.039790
0.014101
-0.050106
0.014106
0.039785
-0.024419
-0.024426
0.014106
0.039785
0.001262
0.001262
-0.011578
0.014101
0.001262
-0.024419
0.039780
0.001262
0.001262
0.014098
-0.050093
0.001262
-0.037272
0.039795
0.026942
-0.011578
-0.024422
0.078293
0.052583
0.014088
0.001262
0.014086
-0.011563
0.001262
0.026909
-0.037212
-0.011566
0.014090
0.001262
-0.011566
-0.011568
0.001262
0.014091
-0.011568
0.014091
0.001262
-0.011568
0.014091
0.026916
-0.011565
0.014088
0.001262
-0.011565
-0.011566
0.014090
0.014088
-0.011565
0.014088
0.014086
0.001262
0.014085
-0.024386
0.014086
0.001262
0.001262
-0.011563
-0.011565
-0.024396
-0.011570
0.014093
0.014091
0.001262
0.001262
-0.011568
0.001262
0.001262
0.001262
-0.011570
-0.024406
0.001262
0.001262
0.014096
0.001262
-0.062927
0.039780
-0.024416
0.001262
-0.011580
-0.011581
0.026945
0.001262
0.014101
0.014099
0.001262
0.001262
-0.011576
0.001262
0.026936
-0.011575
-0.011576
-0.011578
0.026939
0.001262
0.001262
0.014098
-0.024412
0.001262
-0.011578
0.014101
0.014099
0.001262
0.001262
-0.011576
-0.037262
0.001262
0.039785
-0.050106
0.026949
0.078283
0.091045
-0.011560
0.001262
0.001262
0.014083
0.001262
0.052530
-0.011553
0.065319
0.052478
0.026860
0.052439
-0.049915
-0.011537
-0.037143
-0.011543
-0.011545
-0.024356
0.001262
-0.049994
-0.024376
0.014081
0.001262
-0.024379
-0.127042
-0.024419
0.039780
0.039765
0.026922
0.001262
0.078204
-0.075681
0.001262
0.065385
0.014081
0.001262
-0.037202
-0.011563
0.001262
0.001262
0.014086
-0.050047
0.026919
-0.011566
0.001262
0.001262
0.001262
0.001262
0.001262
0.026916
0.001262
0.001262
-0.011565
0.014088
0.014086
-0.011563
-0.011565
0.001262
0.001262
-0.037227
0.014093
-0.024402
0.014094
-0.011571
0.014094
0.026922
-0.011568
0.001262
-0.011570
0.014093
0.001262
0.001262
-0.011570
-0.024406
-0.011575
0.014098
-0.011575
0.001262
-0.037257
0.014103
0.026939
-0.037257
0.001262
0.026942
-0.024419
-0.011581
0.014104
0.014103
0.001262
0.014101
-0.062952
-0.024435
-0.011589
0.014113
-0.011589
0.026962
0.052642
0.039780
-0.037257
0.014103
-0.011580
-0.011581
0.014104
-0.024426
0.001262
0.001262
-0.011584
0.026952
0.001262
0.039785
0.001262
-0.050106
-0.011584
-0.011586
0.014109
0.026952
-0.011583
-0.011584
-0.011586
0.039800
-0.011583
0.014106
-0.011583
0.026949
0.065451
-0.037247
-0.050106
-0.088695
0.052675
0.104010
-0.011576
0.078264
-0.024399
-0.024406
0.001262
0.001262
-0.037252
-0.011580
-0.037272
0.039795
0.026942
-0.037262
0.026945
-0.024422
-0.037277
0.039800
-0.011583
0.052629
0.026936
-0.011575
0.039765
-0.024406
-0.024412
0.026936
0.001262
0.052590
0.014090
-0.024396
0.091034
0.014080
0.014078
0.001262
0.014076
0.014075
0.014073
0.001262
-0.062812
-0.024379
-0.011561
0.001262
0.001262
0.001262
0.001262
0.001262
-0.011563
0.001262
0.001262
0.001262
0.014086
-0.011563
-0.011565
0.014088
0.014086
-0.011563
-0.011565
0.014088
-0.011565
0.014088
-0.011565
0.014088
-0.011565
0.001262
0.001262
0.001262
0.014088
-0.011565
0.014088
0.001262
0.001262
0.001262
0.001262
0.001262
-0.011565
0.001262
0.001262
-0.011566
0.001262
0.014090
-0.011566
-0.011568
0.001262
0.001262
0.014091
0.014090
-0.011566
-0.011568
-0.024402
-0.024409
0.001262
-0.011576
0.001262
0.001262
0.014099
-0.011576
-0.024419
-0.037272
-0.062993
0.001262
0.001262
-0.037311
-0.037326
0.052709
0.014119
-0.024455
-0.050192
-0.024475
-0.050232
-0.024495
0.014141
-0.024498
0.052775
-0.011614
0.014137
0.014136
-0.011613
-0.024492
0.014139
0.027012
0.039874
0.026995
0.052709
-0.037321
0.026985
0.026978
-0.140263
0.039879
-0.024482
0.065608
-0.063084
0.027005
0.001262
0.039864
0.052709
0.026975
-0.050172
0.026982
-0.011598
0.014121
-0.075919
0.026995
0.039849
-0.037326
-0.063084
-0.101778
-0.011626
0.027035
0.027028
0.027022
0.039889
-0.024488
0.027012
0.104195
0.014121
-0.037321
0.001262
0.014124
-0.011601
0.039844
-0.011598
0.001262
0.014121
-0.050185
-0.011604
0.014127
0.014126
0.001262
0.039844
0.014119
-0.011596
0.014119
-0.011596
0.014119
0.001262
0.001262
0.001262
-0.037316
-0.024465
-0.011604
0.039854
0.026982
0.001262
0.039829
0.052662
0.014108
0.014106
0.039785
-0.140063
0.001262
0.026972
0.001262
-0.011593
0.001262
0.001262
0.001262
0.001262
-0.011594
0.026972
0.014114
-0.037301
0.001262
0.001262
0.014118
0.001262
0.014116
0.001262
0.039815
-0.037291
0.001262
0.014114
-0.037301
-0.011596
0.026975
-0.037311
0.026978
0.039824
0.014113
-0.037296
0.052669
-0.011588
0.001262
0.001262
0.014111
0.014109
0.014108
0.014106
0.001262
-0.037277
-0.024439
-0.063018
0.026978
-0.011596
0.026975
-0.011594
0.026972
0.026965
-0.024442
-0.024449
0.001262
-0.024455
-0.050192
0.001262
-0.075968
-0.024495
-0.024502
-0.076068
0.052821
-0.050298
0.039934
-0.024518
-0.153557
-0.076238
0.040019
0.014177
0.104527
0.052855
-0.050331
-0.037451
-0.076208
0.078731
0.039974
-0.024545
-0.089113
-0.063342
0.027108
-0.089230
-0.063426
0.001262
-0.141198
0.001262
0.066041
-0.037601
-0.037616
0.001262
-0.037631
-0.037646
0.079062
-0.076539
0.040170
0.053115
0.143721
-0.063468
0.014211
0.053042
-0.011681
0.001262
-0.024628
0.014207
0.001262
-0.024632
0.040099
-0.011683
-0.063484
0.027165
-0.024642
0.014214
-0.037601
-0.037616
0.066049
0.053062
-0.011686
-0.011688
0.001262
0.014211
-0.037591
-0.063526
0.001262
-0.024665
0.001262
0.027188
-0.024665
0.027188
0.001262
0.027182
0.014219
0.001262
0.040124
0.014212
-0.024642
-0.024649
0.027172
0.040114
0.027155
0.001262
0.065966
-0.374606
-0.024712
0.014249
0.066176
0.027215
-0.050653
0.001262
0.053176
-0.063636
0.014244
0.001262
-0.050680
0.001262
-0.011728
-0.063711
-0.050747
0.105252
0.053216
-0.011725
0.027232
-0.050686
-0.024723
-0.011733
-0.037732
0.001262
-0.037748
-0.011745
-0.037768
0.001262
-0.024767
0.001262
0.001262
-0.050815
0.027303
0.001262
0.079346
0.014270
0.014268
-0.063788
0.014275
-0.011752
0.079315
0.092247
0.066201
0.001262
0.001262
-0.141661
0.001262
-0.115827
0.222314
0.157005
0.027195
-0.011704
0.066075
-0.063551
-0.037646
-0.063619
0.001262
0.027219
0.001262
0.066125
-0.089559
0.001262
-0.024702
-0.011723
0.014246
-0.024709
0.040215
0.014243
0.027219
0.079093
-0.011706
-0.011708
-0.011709
0.027202
0.053122
-0.167383
0.014244
-0.050680
0.157005
0.027195
0.001262
0.001262
0.001262
-0.011704
0.027192
-0.050606
-0.024682
0.027205
0.001262
-0.011709
-0.037662
-0.024696
-0.011720
0.001262
-0.011721
-0.154664
0.027266
-0.063762
-0.011748
-0.037778
0.027290
0.001262
0.027283
-0.037773
0.001262
0.001262
0.001262
0.066311
0.001262
0.001262
0.001262
END
