y[]
-0.001717
-0.110656
0.107222
-0.013816
0.058761
0.010374
0.010373
0.010371
0.070782
0.010361
0.070720
0.082727
-0.025837
-0.086182
0.010354
0.010352
0.094785
-0.279411
0.022461
0.034539
-0.037973
-0.001717
-0.025895
-0.037995
-0.050108
0.022481
-0.025916
0.022481
-0.025916
-0.001717
-0.013819
0.010384
-0.001717
0.010383
0.034574
-0.062210
0.046680
0.022472
-0.025907
-0.038013
-0.001717
-0.013819
-0.050137
0.034600
-0.025927
-0.001717
0.022493
-0.025927
0.058797
-0.001717
-0.013817
-0.001717
0.010383
0.010381
0.022475
0.022470
-0.037999
0.010378
-0.001717
0.010377
-0.013811
-0.025910
-0.013816
-0.001717
-0.025919
-0.001717
-0.025924
-0.025930
0.046703
-0.013820
0.010386
0.034583
-0.001717
0.010380
0.022472
-0.001717
0.010375
0.070808
0.022446
-0.025881
-0.001717
-0.001717
-0.074242
-0.025904
-0.074312
-0.001717
-0.001717
-0.038035
-0.038048
-0.098663
-0.013842
0.046774
-0.038083
-0.013842
0.022531
-0.038092
0.010409
0.034653
-0.001717
0.034640
0.095170
-0.062261
-0.074418
0.034640
0.046738
-0.062290
0.058856
0.095123
-0.122783
-0.074427
0.022525
0.010402
0.046744
-0.038061
0.046738
-0.268513
-0.050302
0.071151
-0.050290
0.010428
0.058988
-0.038136
0.058974
0.083188
0.058885
0.083065
0.022493
-0.001717
0.010386
-0.025924
-0.013823
0.095088
-0.074312
-0.038035
-0.013826
0.010392
0.119290
0.070817
-0.001717
0.046610
-0.074216
-0.098464
-0.025919
0.034583
-0.013816
-0.038021
-0.001717
0.022487
0.010383
-0.001717
0.010381
-0.013816
-0.013817
-0.001717
-0.001717
0.034578
-0.001717
0.022472
-0.013811
-0.001717
-0.013813
0.010378
-0.013813
-0.001717
-0.001717
-0.001717
-0.013814
0.010380
-0.001717
0.010378
-0.013813
0.022472
-0.038004
0.010380
-0.001717
-0.001717
-0.013814
0.010380
-0.001717
-0.001717
-0.001717
0.034565
0.010374
-0.001717
-0.050091
0.010378
0.010377
-0.001717
0.010375
0.022464
-0.001717
-0.001717
0.010371
-0.013805
-0.025898
-0.001717
-0.001717
-0.037999
0.046656
0.010373
-0.013807
0.022461
-0.001717
-0.037986
0.046639
0.058695
-0.001717
-0.074216
-0.013805
-0.037991
-0.025907
0.022472
0.022467
-0.074286
-0.025919
-0.134929
-0.038079
-0.074480
-0.038118
0.034684
-0.086674
-0.086746
0.059025
-0.013863
-0.038163
0.022581
-0.013866
0.095429
-0.062423
0.022569
0.010424
0.034697
-0.050273
-0.062445
-0.013867
0.119716
0.034684
-0.050255
0.034688
0.010415
-0.013849
-0.050261
-0.074577
0.059003
-0.050290
0.022572
-0.026007
-0.062467
0.071178
-0.026010
-0.074630
-0.038194
0.059069
-0.111160
-0.062570
0.107792
1.086828
0.418426
-0.145568
0.237919
-0.121463
0.201766
0.284850
-0.001717
-0.252419
-0.085424
0.070036
0.010237
0.093862
-0.037549
-0.025612
0.010231
0.010230
-0.025612
0.081890
-0.001717
-0.025598
0.010224
-0.037544
-0.013662
0.034114
0.022163
0.022158
-0.013654
0.034089
0.046004
0.057902
0.034038
-0.085165
-0.061365
-0.037523
0.022155
-0.061408
-0.001717
0.046038
0.034084
-0.025584
0.022149
-0.013650
0.022146
-0.001717
0.069839
-0.025564
-0.037497
0.034063
-0.037497
-0.001717
-0.001717
-0.025578
0.034072
-0.013645
-0.001717
-0.001717
0.022138
-0.001717
-0.001717
-0.013644
0.034059
0.010205
0.010204
0.022121
0.010200
-0.025552
-0.061330
-0.073299
0.010217
-0.013651
-0.001717
0.069865
-0.073299
-0.180897
-0.049553
-0.097457
-0.061601
0.010262
0.034213
-0.025669
0.034209
0.082060
-0.037613
0.093977
-0.061515
0.058081
0.010238
-0.085434
0.070045
-0.013674
-0.001717
-0.013675
-0.061529
-0.085514
0.022232
-0.049621
-0.073617
-0.001717
-0.013705
0.010271
-0.013705
-0.145688
0.178215
-0.049667
0.154037
-0.133493
-0.085665
-0.073729
0.034295
0.058274
-0.061709
-0.217985
-0.049840
0.082483
0.010306
0.010304
-0.049811
-0.025773
-0.025779
0.070450
0.154467
0.022290
-0.073755
-0.025741
-0.001717
-0.025747
0.034325
0.022304
0.058310
0.010284
-0.049731
-0.061766
0.082342
-0.085776
-0.013731
0.034321
0.034308
-0.037742
-0.037755
-0.013733
-0.025753
-0.013737
-0.025761
-0.037794
-0.013746
-0.001717
0.022339
-0.049835
0.034373
-0.001717
0.010310
0.022333
0.046366
0.022316
-0.013733
-0.001717
-0.013734
-0.013736
-0.001717
-0.001717
0.022318
0.034325
0.106333
-0.013717
0.034278
0.010278
-0.001717
-0.025709
0.010280
0.010278
-0.001717
-0.025709
0.010280
-0.013714
-0.001717
0.010280
-0.013714
-0.013715
0.010281
0.010280
-0.001717
0.010278
0.022269
-0.001717
-0.001717
0.046239
-0.049673
-0.025704
0.034261
-0.025701
0.034256
-0.025698
0.034252
-0.025695
-0.013708
0.010274
0.070199
0.022244
-0.001717
-0.049644
0.058188
-0.001717
0.034209
-0.025666
-0.001717
-0.037652
-0.013698
-0.013700
0.022246
0.010262
0.058159
-0.025664
0.022229
-0.025664
0.046170
0.046147
0.093942
0.034132
0.010230
0.010228
0.022169
0.105701
-0.025578
0.093691
-0.049410
-0.097171
0.057952
-0.061387
0.022155
0.022149
0.081770
0.093612
-0.073205
0.105496
0.045896
0.045874
-0.001717
-0.025510
0.010180
0.022073
-0.037404
-0.013616
0.045868
0.093385
0.010164
0.081413
-0.025462
-0.001717
-0.025467
-0.001717
-0.013594
-0.037357
-0.001717
0.010164
0.081413
-0.096729
-0.120609
-0.001717
0.105292
-0.156323
-0.120807
0.081661
-0.013624
0.057803
-0.061237
-0.049359
0.057831
0.117274
0.152760
-0.025467
-0.013594
-0.025476
-0.061138
0.010170
-0.013604
-0.013606
0.010171
-0.001717
-0.049280
-0.001717
-0.013611
-0.001717
-0.001717
-0.001717
-0.037408
-0.013617
0.022081
0.010180
0.010178
-0.001717
-0.001717
0.022070
0.022064
0.010171
-0.001717
-0.001717
-0.013606
-0.001717
-0.001717
0.010171
-0.001717
-0.013606
-0.013607
0.010173
-0.001717
-0.049285
-0.001717
-0.001717
-0.001717
-0.001717
-0.013613
-0.001717
-0.013614
-0.001717
-0.001717
-0.025515
0.010183
-0.025518
0.033982
-0.001717
-0.013616
-0.168443
-0.085185
0.069831
-0.085195
0.034067
0.010208
-0.061358
0.057924
-0.013643
-0.061365
-0.049461
0.010221
-0.013655
0.046027
-0.001717
-0.001717
-0.001717
0.010215
0.069848
0.057881
0.034025
0.022104
-0.025538
0.010194
-0.025541
-0.049382
0.081681
-0.037451
0.022107
0.081621
0.140987
-0.013601
0.069567
0.022033
-0.061103
0.010163
-0.001717
-0.049246
0.057690
-0.073010
0.010169
-0.061160
0.010174
-0.001717
-0.037395
0.117161
-0.013599
-0.049257
-0.013606
-0.001717
-0.049285
0.105279
-0.061145
0.057711
0.045800
0.022033
-0.025467
-0.108663
0.057711
-0.073035
0.010173
-0.025498
-0.061195
-0.216131
-0.073291
0.010215
-0.001717
-0.013650
-0.001717
-0.013651
-0.013652
0.010218
-0.001717
0.010217
0.034076
-0.037510
0.034076
-0.013647
-0.001717
-0.001717
0.022141
0.010210
-0.037502
0.010212
-0.001717
0.010211
-0.013645
-0.001717
-0.025578
0.022143
-0.001717
-0.013647
-0.013648
0.010214
-0.001717
0.010212
-0.013647
-0.025581
-0.001717
-0.001717
-0.013651
0.010217
0.010215
0.069848
-0.001717
-0.025566
-0.025572
0.034063
0.010207
-0.073282
-0.001717
0.010214
0.022141
-0.025575
-0.001717
-0.001717
-0.001717
0.022141
-0.013645
-0.013647
0.010212
-0.049444
-0.001717
0.010217
-0.013651
-0.049467
0.093760
0.093669
0.010200
-0.073239
-0.001717
-0.025569
0.022135
0.057888
-0.025555
0.117416
0.010188
-0.001717
-0.013623
-0.025532
-0.001717
-0.108956
0.117430
-0.025535
0.045913
-0.001717
-0.061259
0.022104
-0.013627
-0.073205
0.057860
-0.120907
-0.049433
-0.037519
-0.001717
-0.085304
0.141532
0.034063
0.045970
-0.049404
-0.049427
0.081760
0.069780
0.034012
-0.013625
-0.049365
-0.001717
-0.025549
0.034029
-0.120921
-0.133006
END
