y[]
-0.023863
-0.141494
0.080681
-0.548066
-0.037175
0.094216
0.054764
-0.142230
-0.260977
0.002250
-0.090044
0.041815
0.318206
-0.129277
0.173201
0.094180
-0.234312
-0.076729
0.133846
0.067983
0.159834
-0.076511
0.107251
-0.089620
0.146578
-0.128949
0.028503
0.080969
0.067802
0.250957
-0.115482
0.093831
-0.010828
0.080691
-0.036963
-0.010825
-0.010826
-0.194098
0.080835
0.028431
-0.010840
0.028428
0.133037
-0.115451
-0.299172
0.028497
0.146484
-0.194484
0.146559
0.198701
0.185256
0.041422
0.106634
0.080467
0.197524
0.015255
0.223072
-0.166570
-0.088772
-0.036785
0.028275
0.028268
0.015256
-0.127891
-0.115022
-0.128213
0.093592
0.015292
-0.049929
0.106580
0.119491
0.106349
-0.088831
0.080324
-0.049793
-0.127975
0.028308
0.002250
0.145451
0.301010
-0.153513
0.015239
-0.088712
-0.010752
0.080233
0.028231
-0.127722
-0.114869
-0.232400
0.080528
-0.036881
0.171708
0.080365
-0.519672
-0.220394
0.303356
-0.115466
0.250600
0.054456
-0.036902
-0.141438
-0.246425
0.107030
-0.102531
0.015353
-0.023959
-0.220803
-0.129191
-0.155707
-0.037278
0.186582
0.173111
0.172820
0.120167
-0.155003
-0.089596
-0.260631
0.501135
0.420442
-0.049929
-0.036902
-0.115297
0.067571
0.002250
-0.050004
-0.010818
-0.023891
0.093711
0.054476
0.080538
0.041371
0.054387
0.028308
-0.049874
-0.023822
0.054387
0.054360
-0.023802
0.067367
-0.062867
-0.049874
-0.141232
0.093580
-0.062977
-0.063020
0.028363
-0.036922
-0.063071
0.054510
-0.050010
0.119797
0.041402
-0.154449
0.054510
0.054483
-0.036922
-0.063071
-0.115436
-0.167985
-0.037076
0.067785
-0.089511
0.015364
0.002250
-0.037097
-0.273612
0.107430
-0.037180
-0.102972
0.173179
0.107292
-0.115930
0.094180
0.067862
0.133346
-0.102613
0.133311
0.120059
0.054565
-0.207174
0.093927
-0.050127
0.276921
0.171907
-0.049922
0.249823
0.106308
-0.088795
0.054286
0.184163
0.093082
0.118913
-0.140357
0.131901
-0.153352
-0.036688
0.067139
-0.036678
0.015228
0.067113
-0.036663
0.170764
0.235109
0.118476
-0.217403
-0.062446
0.066945
-0.036562
0.053996
0.002250
0.041042
0.195986
-0.165633
-0.140025
-0.192088
0.105944
-0.218229
-0.062689
-0.075733
-0.075794
-0.140989
-0.232584
0.354294
0.067307
-0.075824
-0.232339
-0.245970
0.146031
-0.102298
0.211236
-0.063012
-0.154551
0.289531
-0.049922
-0.350623
-0.063234
0.224719
0.276384
0.041351
0.054360
0.002250
0.495950
0.028167
0.092906
-0.010696
-0.282983
-0.036709
-0.010740
-0.049725
-0.010748
-0.036754
0.093236
0.015241
0.054198
0.067147
0.028197
-0.010723
0.080061
0.131800
-0.049550
0.054050
0.118702
0.002250
0.105649
0.195836
-0.139677
0.157069
0.169700
-0.113647
-0.062196
0.092462
-0.036402
-0.023527
-0.036427
-0.036442
-0.062270
0.028063
0.092543
0.066695
0.028016
0.002250
-0.010633
0.118132
-0.023490
-0.139439
0.040912
0.053776
0.105223
-0.062096
0.002250
-0.036378
-0.087939
-0.036427
-0.010646
-0.036447
-0.036462
-0.165676
0.092707
0.066812
0.260082
0.118058
-0.216611
0.066670
0.079500
0.002250
0.130867
-0.062038
-0.036343
-0.087858
0.002250
-0.087939
0.015139
-0.036422
0.053810
0.002250
-0.178325
0.040972
0.015154
-0.126866
0.041002
-0.023583
0.040997
0.066795
0.028056
-0.113932
-0.036507
-0.062379
0.221817
0.118297
0.092415
0.079470
-0.203803
0.015141
0.015139
-0.062212
-0.075160
-0.075219
0.040992
-0.308109
-0.257120
0.119050
0.002250
-0.062622
0.235592
-0.127317
-0.049624
-0.205515
-0.127823
-0.036805
0.067333
-0.245291
-0.089104
-0.167629
0.067622
-0.167807
-0.076336
-0.365301
0.041695
-0.274193
-0.142859
0.107805
-0.592951
0.161317
-0.063997
-0.103837
0.531562
-0.394471
-0.209980
-0.011029
0.095168
-0.170381
0.201413
-0.103921
0.028803
-0.011026
0.042072
0.081847
-0.011012
0.042030
-0.064059
-0.103935
0.002250
0.002250
0.081899
0.042051
0.002250
-0.090644
-0.343541
0.068841
0.108704
0.042141
0.254524
-0.103893
0.068602
0.134823
-0.011000
-0.064024
0.161232
-0.024230
-0.037483
-0.077262
-0.064059
0.002250
-0.011017
-0.210262
-0.037646
0.135176
0.055371
0.068611
0.081825
0.095008
0.002250
0.094922
0.121274
-0.037409
0.028691
0.081531
-0.010959
-0.050604
0.121132
-0.063779
0.041872
0.213304
-0.103221
-0.063726
-0.037357
0.002250
-0.196019
-0.183156
-0.249924
0.174858
0.042040
0.042024
-0.024265
-0.037535
-0.090644
-0.090730
0.015538
0.095218
-0.183772
-0.104204
0.055491
0.002250
-0.050991
0.201758
0.121764
-0.130552
0.254423
0.068506
0.134630
-0.169879
0.055244
0.174287
0.147589
-0.169537
0.226835
-0.156229
0.055104
-0.328548
-0.156922
-0.490133
0.068930
0.640126
0.912126
0.225157
-0.155045
-0.181574
0.041669
-0.208166
0.002250
0.094361
0.278076
-0.247274
0.238657
0.146446
0.120074
-0.259770
0.342743
0.250340
-0.049929
-0.115251
0.198008
-0.102107
0.054442
0.054415
0.028322
0.184565
0.080283
0.132171
0.002250
-0.440171
0.041366
-0.232676
0.041442
0.067537
-0.141438
-0.036974
0.067614
-0.036963
0.185113
0.106593
0.002250
0.015285
-0.023822
0.015287
0.093461
-0.075926
-0.023822
-0.023829
-0.141306
-0.076141
-0.010821
-0.194021
0.054626
-0.050127
0.146220
-0.167918
0.133174
-0.102476
-0.089475
-0.010861
0.028469
-0.063311
-0.050230
-0.142211
0.054805
-0.076594
-0.168792
-0.076791
0.186582
-0.089874
-0.063605
0.028597
0.002250
0.107568
0.041716
0.120554
-0.050313
-0.129277
-0.076749
0.041757
-0.010918
-0.129520
0.068156
0.094446
0.120663
-0.010900
0.028548
-0.326979
-0.010942
-0.010944
0.041825
-0.380968
-0.024233
0.055209
-0.090447
0.121416
-0.289296
0.134876
-0.183476
0.002250
0.015527
-0.037588
-0.237112
0.294725
-0.117296
0.108520
0.081878
-0.037556
0.108365
-0.024268
-0.250024
0.121827
0.108421
-0.170336
-0.104105
0.068735
-0.343956
-0.532725
0.203201
0.055769
-0.198594
0.350123
0.442045
-0.517717
0.229234
0.228720
-0.130906
-0.024403
-0.251303
-0.104702
-0.037887
0.162699
-0.118063
0.002250
-0.265631
-0.011163
-0.481817
-0.200138
0.420068
0.123226
-0.078384
0.217130
-0.158867
0.217015
0.069269
-0.011150
0.055840
-0.346603
0.337708
0.176244
0.229325
-0.037785
-0.051155
0.122370
-0.171303
0.042327
0.202397
0.002250
0.042231
0.135406
-0.090941
-0.024392
-0.438368
-0.359705
0.082798
0.323794
0.015625
-0.011125
-0.051269
-0.024520
0.069162
0.095852
-0.011116
0.055704
0.189116
-0.091140
0.135637
0.095515
0.028881
-0.064341
-0.131066
-0.091177
0.135690
0.108874
-0.037721
0.015575
0.108789
0.121971
-0.024342
0.028842
-0.037641
0.015549
-0.011049
-0.037657
-0.024364
0.028863
0.068752
0.068708
-0.064209
-0.037646
-0.050970
-0.170910
0.068885
0.042210
0.042194
0.135282
0.042125
-0.037625
-0.197364
0.002250
0.028888
0.347903
0.174629
-0.050758
-0.077315
0.108323
-0.276431
-0.130729
-0.130906
-0.344787
0.389252
-0.171049
0.295349
-0.050977
0.042173
0.294531
-0.090656
0.108421
-0.117201
-0.050885
0.068664
-0.037593
-0.037609
-0.037625
-0.064244
0.042151
0.028842
-0.184044
-0.144368
0.068921
-0.051083
-0.091152
-0.091239
-0.077953
0.002250
-0.011124
-0.037881
0.122595
0.042333
0.028963
-0.037822
0.082378
0.042290
-0.064492
-0.037817
0.002250
0.015607
0.109045
-0.051133
-0.024452
0.028952
-0.037806
-0.064546
0.122450
-0.051155
0.015604
-0.011104
-0.024463
0.149083
0.002250
-0.037774
0.282082
0.015556
0.095341
-0.011044
-0.077548
0.095341
0.081973
0.015531
0.201255
0.174401
-0.169901
-0.103837
-0.196967
-0.011045
0.055420
0.095230
0.002250
END
