y[]
0.011839
0.050144
-0.039242
-0.052033
-0.052060
-0.000935
0.050190
-0.026494
0.011846
-0.013715
0.024624
0.050164
-0.000935
0.152205
-0.128535
0.062886
0.062845
-0.039198
0.062829
-0.064698
0.177500
0.062715
0.037236
-0.051832
0.164386
-0.013642
-0.013644
0.024481
0.062577
-0.000935
-0.013634
0.011764
-0.089863
-0.000935
-0.039071
0.075323
0.011769
-0.000935
0.062561
0.113257
-0.013616
-0.013618
0.011748
0.062457
0.011739
-0.026283
-0.051651
0.049782
-0.051651
0.011747
-0.000935
-0.000935
-0.000935
-0.026299
0.011748
-0.051677
-0.013624
0.024443
0.011752
-0.000935
-0.000935
-0.013621
-0.000935
-0.000935
-0.013623
0.062489
-0.013616
-0.000935
-0.000935
-0.013618
0.011748
0.011747
-0.013616
-0.013618
-0.026306
0.024436
-0.013619
-0.013621
0.011752
-0.000935
-0.000935
-0.000935
0.011750
-0.013619
0.011750
-0.013619
-0.013621
-0.000935
-0.026312
0.011755
0.011753
-0.000935
-0.000935
-0.039003
0.011756
-0.000935
-0.013626
0.011756
0.011755
0.011753
-0.000935
-0.026312
-0.000935
-0.077106
0.037158
-0.026328
0.024459
-0.089841
-0.013642
-0.064495
0.011781
0.011779
0.037197
-0.000935
0.049885
-0.026341
0.049872
0.049846
-0.051716
-0.000935
-0.064447
0.011771
0.049872
-0.064447
-0.039061
-0.013647
0.037197
-0.000935
-0.000935
0.011773
-0.013642
0.011773
-0.013642
-0.039066
0.049904
-0.140804
-0.000935
0.011789
-0.051838
0.100846
0.037206
-0.179052
0.049988
-0.039125
-0.179347
0.075567
-0.013681
-0.026432
0.164681
-0.013665
-0.039134
0.062723
0.011792
-0.051851
0.062707
-0.026387
-0.013663
0.062691
0.113489
-0.000935
0.075275
-0.013632
-0.000935
-0.039037
-0.013639
-0.000935
0.037173
0.049852
-0.039023
0.037153
-0.026325
-0.026332
-0.013636
-0.064463
-0.026357
-0.039081
-0.000935
-0.000935
-0.026374
0.024504
-0.013653
-0.000935
0.024501
-0.013652
0.011782
-0.013652
0.011782
-0.013652
-0.000935
0.011782
-0.013652
0.024498
0.011779
-0.026364
0.011781
-0.000935
0.011779
-0.000935
-0.000935
0.024488
0.024481
0.037177
-0.000935
-0.000935
0.011766
-0.000935
-0.000935
-0.000935
-0.013636
0.011766
0.011764
-0.039037
0.011768
-0.013637
-0.000935
-0.000935
-0.000935
-0.013639
0.049872
-0.000935
-0.039037
0.011768
0.011766
0.011764
-0.026335
-0.013637
-0.013639
0.062569
-0.026332
0.024462
-0.039032
0.062553
-0.039023
-0.013634
-0.039042
0.011769
-0.000935
0.024468
0.037158
0.062521
-0.000935
0.049801
0.037100
-0.000935
-0.026290
0.011744
-0.013613
-0.026296
0.024427
0.011744
-0.000935
0.011742
0.011740
0.087746
-0.076942
0.011737
0.024404
-0.038946
0.087735
0.011726
-0.038921
0.037052
0.049692
-0.013589
0.011719
-0.000935
0.125519
-0.038854
0.024346
-0.013575
0.011705
0.125376
-0.076702
-0.038840
0.011702
0.011700
0.011699
0.011697
-0.013567
0.049583
-0.051453
-0.026203
0.011700
0.024331
-0.038835
-0.013571
0.011702
-0.000935
0.036966
-0.026200
-0.038845
-0.127405
0.049673
0.049647
-0.013578
0.074899
-0.051485
-0.051510
-0.051536
-0.064222
0.049698
-0.114895
-0.026277
0.075072
-0.000935
-0.038931
0.062384
-0.026258
0.037047
-0.026254
-0.026261
-0.000935
-0.000935
-0.000935
-0.000935
-0.000935
-0.013600
-0.000935
-0.000935
-0.000935
0.024395
-0.013599
0.011729
0.011727
-0.000935
-0.000935
-0.013597
0.024388
-0.026258
0.011727
0.011726
-0.000935
-0.000935
-0.000935
-0.026258
0.062360
-0.026248
-0.000935
-0.000935
-0.000935
-0.000935
-0.026254
0.011726
-0.013595
0.024385
-0.013594
-0.013595
-0.026261
0.037052
-0.000935
0.037038
-0.013591
-0.026251
0.024382
0.074976
-0.013583
-0.000935
-0.013584
-0.000935
0.011715
0.049647
-0.013578
-0.026226
0.011711
-0.013581
0.062280
-0.000935
-0.026216
0.011707
0.036980
0.011700
0.011699
0.011697
-0.038835
-0.038849
0.036980
0.024334
-0.026203
0.011700
-0.038845
-0.013575
0.024343
-0.013573
0.011703
0.011702
-0.000935
0.011700
0.049589
-0.076731
-0.038854
0.011707
-0.000935
0.087510
0.112666
0.036903
-0.051389
0.049519
-0.026159
-0.026165
0.036908
0.011676
-0.038773
-0.000935
-0.038787
-0.127213
0.024334
0.036956
-0.013563
0.024321
0.024315
0.062161
-0.000935
0.011680
-0.026165
-0.000935
0.024295
-0.038783
0.011683
0.011681
0.011680
-0.013549
0.024292
-0.051395
-0.026175
0.011686
-0.000935
0.024302
-0.013552
-0.000935
-0.000935
-0.000935
-0.013554
-0.013555
0.011686
-0.026178
-0.000935
0.011687
0.011686
0.011684
-0.000935
-0.000935
-0.000935
0.011683
-0.013552
-0.000935
-0.000935
0.036913
-0.013549
-0.000935
-0.038787
0.036918
-0.051408
0.011686
-0.026178
-0.038811
-0.026194
0.024324
-0.000935
-0.038826
-0.000935
-0.026203
0.024334
-0.038840
0.024337
-0.000935
-0.000935
-0.000935
-0.000935
0.036961
-0.013565
-0.013567
0.011697
-0.013567
0.049583
-0.038821
-0.000935
-0.026200
0.036961
0.036946
-0.101983
-0.026213
0.062248
-0.026203
-0.000935
0.188423
0.024286
-0.000935
-0.013544
0.074699
-0.013536
-0.013538
0.036870
-0.038740
-0.026146
0.024276
-0.000935
-0.000935
-0.013540
-0.000935
0.024273
0.049462
0.036846
-0.013527
-0.013528
0.011659
-0.013528
-0.063927
0.011667
0.011665
-0.013535
-0.000935
-0.000935
-0.026140
-0.089202
0.137735
-0.164838
-0.000935
-0.026175
0.074765
0.024286
-0.013544
0.049494
0.049468
-0.000935
-0.000935
0.024257
-0.013530
-0.026130
-0.013535
-0.026140
-0.013540
-0.000935
-0.101830
0.074746
-0.013544
-0.000935
0.024283
0.011672
0.024273
-0.013538
-0.076587
-0.013549
-0.064030
0.049545
0.011681
0.049513
0.024280
-0.089213
-0.026171
-0.026178
-0.076702
-0.026203
0.036966
0.011695
-0.013565
-0.076750
0.011705
0.036975
-0.013570
-0.000935
-0.013571
-0.013573
-0.000935
-0.000935
-0.000935
0.049609
0.024327
0.011694
-0.026194
-0.000935
-0.013567
-0.026203
0.011700
0.024331
-0.013567
-0.026203
-0.026210
0.024340
0.011700
-0.026206
-0.026213
0.024343
-0.000935
0.036970
-0.026203
0.036966
-0.000935
0.011695
-0.000935
-0.013565
-0.000935
-0.026200
-0.026206
0.024337
0.024331
-0.026200
0.036961
0.011694
-0.026194
0.024324
-0.013563
-0.000935
-0.000935
0.011694
0.024318
-0.013560
0.011691
-0.013560
-0.000935
-0.026190
0.049570
-0.013559
-0.000935
-0.026187
-0.064094
-0.000935
0.024334
-0.038840
0.024337
-0.038845
-0.013575
-0.051510
-0.000935
0.011711
-0.013581
0.024356
-0.013579
0.036994
0.024343
-0.000935
-0.013573
-0.026216
0.011707
-0.026219
0.036989
-0.038859
-0.038873
-0.000935
-0.102175
-0.000935
0.075005
-0.089537
0.100318
-0.013586
-0.000935
-0.038897
-0.190965
-0.038984
-0.026309
0.037124
0.024430
0.024423
0.049762
-0.013607
-0.013608
0.075082
-0.013600
-0.064286
-0.000935
-0.115068
0.024439
0.011750
-0.013619
0.075149
0.024414
-0.013608
-0.000935
-0.064326
-0.013618
-0.000935
-0.038994
0.062489
0.037100
-0.026290
-0.038979
0.011748
-0.000935
-0.000935
-0.013618
-0.013619
0.087824
-0.026287
-0.102406
-0.039013
-0.051728
-0.026341
0.011769
0.024468
-0.000935
-0.026338
0.011768
-0.000935
-0.000935
0.037163
-0.013632
-0.000935
-0.013634
-0.000935
0.011764
-0.000935
0.062537
-0.013626
-0.000935
-0.000935
-0.000935
0.011756
-0.026319
-0.000935
0.011758
-0.000935
-0.051716
0.011763
-0.000935
-0.013632
-0.013634
0.024462
0.011761
-0.013631
-0.000935
-0.026332
0.024462
-0.026332
-0.000935
0.125985
0.024430
0.024423
0.024417
-0.000935
-0.038965
-0.051664
-0.000935
0.011750
-0.077067
-0.051722
0.037158
-0.013631
0.049840
-0.039013
-0.039028
0.049852
-0.013629
0.062521
-0.013623
-0.013624
-0.000935
-0.026319
0.024449
0.075178
-0.038984
END
