y[]
-0.092629
0.002950
0.038803
-0.188415
0.110638
0.026865
-0.056848
-0.128731
0.026905
-0.009027
0.026902
0.050837
0.026885
-0.140745
0.038893
-0.056963
-0.092985
0.062920
0.014940
0.002950
0.014938
-0.033019
0.014941
0.014940
0.026925
-0.021025
0.002950
0.014938
-0.009038
0.002950
-0.009040
0.002950
0.014940
0.014938
0.014937
0.002950
0.002950
0.014935
0.014934
-0.021019
-0.009037
0.002950
-0.009038
0.014938
-0.009038
0.002950
-0.009040
0.002950
0.014940
-0.021031
0.014941
-0.021034
-0.009044
0.002950
-0.009045
-0.009047
-0.009048
0.002950
-0.009050
0.002950
0.002950
0.026948
0.038936
0.014943
-0.045029
0.002950
0.014947
0.026939
0.002950
-0.009044
0.026937
-0.033032
-0.009047
-0.009048
0.038941
-0.021042
0.002950
0.026942
0.050917
0.050894
0.002950
-0.009034
0.002950
-0.021022
0.014937
0.002950
-0.021025
0.074858
0.050860
0.002950
-0.044960
-0.009031
0.002950
-0.009032
-0.080968
0.002950
-0.057034
0.050940
-0.105061
0.062970
0.074927
0.014941
-0.021034
0.062898
0.014935
0.050877
-0.021011
-0.080958
-0.237175
0.051021
0.135027
0.062927
-0.081028
-0.105126
0.050998
0.086979
-0.225292
0.014976
-0.479211
0.015032
-0.081657
0.075475
-0.190567
-0.021266
-0.045500
0.124030
-0.093902
-0.166768
0.136324
0.148246
-0.021251
-0.069689
0.002950
0.111889
-0.178681
0.087752
-0.166726
0.015079
-0.166994
-0.021351
-0.179498
-0.045759
0.076005
0.002950
-0.009222
0.015122
0.063788
0.002950
0.051594
-0.021369
-0.082213
0.039457
-0.009218
0.039449
0.015113
0.002950
-0.021378
0.039440
0.002950
-0.021375
0.002950
-0.082234
-0.021402
0.027302
-0.021402
0.015127
0.002950
0.002950
-0.009227
0.002950
0.015127
0.039471
-0.009222
0.051630
-0.021387
-0.021393
-0.021399
0.027299
-0.033575
0.002950
0.015127
0.027299
-0.009224
-0.009225
0.002950
0.027299
-0.009224
0.015124
-0.009224
-0.021402
0.002950
0.015127
-0.021405
-0.021411
-0.070167
-0.058022
-0.045854
-0.180279
0.064064
0.002950
0.015168
-0.033709
-0.119344
-0.046010
0.051910
0.027421
0.027415
-0.094945
-0.205396
-0.033862
-0.119855
0.101206
-0.021605
0.039780
-0.009325
0.137895
0.015209
0.027463
-0.009306
0.039712
-0.021557
0.064206
-0.046052
0.002950
-0.070597
0.101001
-0.095101
0.015212
0.296780
-0.021503
0.051850
-0.045950
-0.033740
0.222891
-0.253695
-0.217557
0.150009
0.125334
0.161826
-0.058126
0.051814
-0.168178
0.125214
0.259220
-0.058007
0.137006
-0.009230
-0.131123
-0.009247
0.015147
0.149202
-0.070149
-0.143409
0.222409
0.173308
0.088020
-0.167263
0.002950
-0.167553
0.088238
-0.094528
-0.082421
-0.045866
0.076165
0.149220
-0.106733
-0.106853
-0.045890
0.063996
0.063959
0.002950
0.002950
0.027343
-0.009246
0.051725
-0.045825
0.015146
0.002950
0.002950
-0.021443
-0.021449
0.002950
0.027349
-0.009249
0.039542
0.027337
0.051707
0.002950
-0.021425
0.076058
-0.045783
0.051683
0.100345
0.088093
0.002950
-0.021369
-0.021375
-0.033549
0.027284
0.002950
-0.009216
0.075925
0.027263
0.002950
0.027257
-0.021357
-0.045682
0.075889
-0.033513
-0.057851
-0.057888
-0.009222
-0.070114
-0.021416
0.076032
0.063811
-0.070087
0.075987
-0.094445
0.002950
-0.021413
0.027314
-0.045783
0.027319
-0.021419
-0.033615
0.039515
0.002950
-0.045807
0.076076
-0.094563
0.002950
-0.119076
0.002950
-0.009261
-0.143695
-0.058216
-0.021527
0.064131
0.100761
-0.070400
0.064078
-0.021497
0.002950
0.064056
0.002950
0.051808
-0.009262
0.027373
-0.021473
0.039582
-0.009259
-0.119225
0.100702
-0.070355
-0.045950
0.051850
0.259282
-0.094623
0.112713
-0.021431
-0.155674
0.015161
0.198120
0.063862
0.015128
-0.009228
-0.057962
0.002950
0.015135
-0.094575
0.027340
-0.009244
0.027337
-0.082431
0.124901
-0.045813
-0.021440
0.039533
-0.033633
0.076103
-0.082400
0.015147
0.027340
-0.045836
0.039542
0.076094
-0.045807
-0.009243
0.076085
-0.009235
0.039502
-0.021416
0.063855
-0.057955
0.002950
0.002950
0.027316
0.002950
0.124693
-0.045730
-0.057933
-0.009231
0.015131
-0.070158
-0.033624
0.039524
0.027325
0.015135
-0.033611
-0.009240
-0.106826
0.027355
0.063937
0.027334
-0.045825
0.015146
0.088279
0.002950
0.027316
0.015131
0.015130
0.088165
0.088093
0.063722
-0.009201
0.160803
-0.009184
0.002950
-0.069883
-0.033486
0.063670
0.015090
0.039360
-0.009185
-0.033464
0.039364
-0.033464
-0.033478
-0.009195
0.015096
0.063655
-0.130651
0.002950
0.015103
0.039400
-0.057807
0.124427
-0.009191
0.039369
0.027222
0.330045
0.027137
-0.021237
-0.045441
-0.009151
0.015051
-0.009151
0.002950
-0.009153
0.051353
-0.021248
-0.009151
0.002950
0.002950
-0.081801
0.002950
-0.081873
-0.045552
0.002950
0.075695
0.002950
0.015069
-0.009169
-0.009170
0.039307
0.027181
-0.081883
0.039316
0.039303
0.002950
0.063508
0.196491
0.280510
0.015000
-0.033205
-0.045278
0.015009
-0.057360
0.099429
-0.093529
0.111482
-0.009103
0.015003
-0.033214
0.111403
0.002950
0.051114
-0.009089
0.039062
0.002950
0.087161
0.002950
0.026997
-0.033123
-0.057200
0.099173
0.039010
-0.057157
0.002950
0.039019
0.026988
-0.009068
-0.033114
0.039014
-0.033114
-0.057186
-0.141524
0.051131
-0.021138
-0.009096
-0.033197
0.015000
-0.021152
0.075239
0.002950
0.002950
-0.009095
-0.009096
0.027041
-0.021141
0.039084
-0.009093
-0.009095
0.014995
0.027035
-0.021135
0.039075
0.002950
-0.009090
0.014990
-0.021132
-0.021138
-0.057295
0.002950
-0.033214
-0.009108
-0.009109
-0.009111
-0.009112
0.002950
-0.009113
-0.009115
-0.009116
0.002950
0.063267
-0.009111
-0.009112
0.015012
-0.021175
-0.009115
0.002950
-0.021184
0.015018
0.002950
0.002950
0.027081
-0.093610
-0.009127
0.027102
0.002950
-0.009125
-0.009127
0.171889
-0.021167
-0.021173
0.051189
0.002950
-0.033227
0.015011
-0.021173
-0.033245
0.015016
-0.093622
-0.033288
0.027110
-0.081637
-0.057513
-0.142311
0.063501
-0.045488
0.051388
-0.021266
-0.033385
0.002950
0.002950
0.039285
0.075580
-0.021254
0.002950
-0.033367
0.002950
0.099767
0.015046
-0.093855
0.039263
0.027151
0.172196
-0.093727
0.039215
0.147878
-0.105726
0.147825
0.015013
-0.033245
0.051207
0.111443
-0.057309
-0.129748
0.002950
-0.142013
0.027125
0.027119
0.063347
-0.021205
-0.009129
0.039184
0.063311
0.039149
0.063253
-0.178067
0.039180
0.027096
-0.069505
-0.021213
0.015032
-0.093750
-0.130166
-0.190989
0.087845
0.063545
-0.178945
0.002950
-0.033469
0.027231
-0.021331
-0.045629
0.002950
-0.009198
0.002950
0.039391
0.002950
0.002950
-0.045641
0.039395
0.015096
0.015094
0.002950
0.051511
-0.009188
-0.118512
-0.082162
-0.094409
-0.057948
-0.070176
-0.436933
-0.033794
0.125379
0.149667
0.027382
-0.143731
0.064093
0.051838
0.002950
-0.021491
-0.021497
-0.094897
0.051886
0.027409
-0.045974
0.015183
-0.021518
0.027418
0.039641
0.027403
0.039618
0.112874
-0.033678
-0.094790
0.027394
0.064034
-0.033696
0.088436
0.063967
-0.009250
0.039547
-0.082463
0.002950
-0.045890
0.076201
0.039555
0.027346
0.137023
0.002950
-0.045783
-0.009237
0.027322
0.051677
0.173308
-0.009209
0.051576
0.124412
0.002950
0.039360
-0.045600
-0.021334
0.039373
0.002950
-0.021331
-0.082079
-0.167325
-0.033575
-0.021408
0.051659
-0.021402
-0.021408
0.015130
0.039480
0.112459
-0.033540
0.027278
0.063744
-0.179543
-0.424166
-0.045980
0.015185
0.186291
-0.082567
0.149506
0.161477
-0.057992
0.161322
-0.192006
-0.021446
0.149238
-0.118942
-0.155732
0.088425
-0.021464
END
