y[]
0.009227
-0.004939
-0.004939
-0.019104
-0.033275
0.037563
-0.104138
-0.004939
-0.019118
0.037594
0.037575
0.150792
0.051631
-0.047362
-0.047380
0.037503
-0.019084
-0.004939
-0.004939
-0.033235
0.136464
-0.146341
0.009211
0.009209
0.009207
-0.004939
0.009205
0.037479
-0.047356
-0.033227
0.023350
-0.019082
0.009205
0.023342
-0.061508
0.023350
-0.019082
-0.004939
-0.004939
-0.019084
-0.047386
0.023362
-0.004939
0.037497
-0.019082
-0.033231
-0.004939
0.009209
-0.004939
-0.019086
0.037497
-0.004939
-0.004939
-0.019082
0.009205
-0.004939
-0.019082
-0.004939
-0.004939
-0.019084
0.009207
0.051623
-0.019076
0.023334
-0.004939
-0.004939
0.009195
0.277308
-0.004939
-0.033127
0.023250
-0.047225
-0.047243
0.023266
-0.061356
0.009169
-0.103732
-0.033183
-0.004939
-0.033191
-0.047332
-0.033211
0.065728
0.079795
0.051511
0.009169
0.009167
-0.004939
-0.047261
-0.004939
-0.004939
-0.019050
-0.004939
0.009173
-0.047279
-0.004939
0.009177
0.023286
0.023278
-0.004939
0.009167
0.023266
0.037354
0.009155
0.023242
-0.019028
-0.584323
0.560354
0.234347
-0.004939
-0.061189
0.191801
-0.018979
-0.033024
-0.117361
-0.061197
-0.173905
-0.033127
0.248476
-0.019000
0.009123
0.065340
0.065291
0.163412
-0.032977
-0.004939
0.009082
-0.032981
-0.018963
0.065163
0.051107
0.009068
-0.004939
0.121032
0.009048
0.050990
-0.004939
0.009039
-0.018916
-0.018918
0.148725
-0.046823
0.009025
0.078802
0.050849
-0.060727
0.036905
0.022948
-0.018881
0.009004
-0.018881
-0.018883
0.036888
-0.032821
0.036882
-0.018877
-0.018879
-0.018881
-0.074678
0.009013
-0.018890
-0.004939
0.009013
-0.004939
-0.032844
0.009015
-0.018892
0.022967
0.036905
-0.004939
-0.004939
-0.060734
-0.032848
-0.004939
-0.004939
0.036923
-0.032844
-0.004939
0.009015
0.009013
-0.018890
-0.018892
-0.018894
0.022971
0.009013
-0.004939
0.036905
0.009006
-0.004939
-0.018883
-0.004939
0.009006
-0.032829
0.009007
0.022948
-0.046771
-0.032836
-0.074717
0.022979
-0.046818
-0.018902
0.009025
-0.046835
-0.018908
-0.032883
-0.032891
0.050959
0.022998
-0.018906
-0.088784
0.064938
-0.018910
0.009033
0.009031
-0.018908
-0.046858
-0.018916
-0.018918
-0.018920
-0.004939
-0.032907
-0.018926
0.009048
0.037011
-0.004939
0.064938
-0.032883
0.009035
-0.018912
-0.018914
0.106809
-0.004939
-0.060797
0.050920
-0.004939
-0.004939
-0.102711
0.204456
-0.046782
-0.060758
0.036929
-0.116624
-0.018908
-0.074815
-0.074864
0.078966
0.092861
0.036946
0.078778
-0.060742
-0.046812
0.036935
0.009015
-0.046806
0.009019
0.009017
-0.032852
0.036929
0.009013
-0.032844
0.036917
0.050842
0.009002
0.078662
-0.046730
-0.004939
-0.046747
-0.032821
0.064753
-0.074630
0.106544
-0.018867
-0.004939
-0.018869
0.008992
0.008990
0.008988
0.008986
-0.046718
-0.018869
0.022920
-0.018867
0.008990
-0.018867
0.008990
0.022913
-0.004939
0.106389
-0.060587
-0.004939
0.022889
0.064598
-0.004939
-0.018842
-0.032751
-0.004939
-0.004939
0.008969
-0.004939
-0.004939
-0.004939
0.008967
-0.004939
0.008965
0.078441
-0.018830
-0.004939
-0.004939
-0.018832
0.008955
0.064501
-0.046597
-0.004939
0.022835
-0.046602
-0.004939
-0.018830
-0.032728
-0.018836
0.008959
-0.004939
0.120053
-0.032701
-0.060486
-0.018830
0.008953
-0.018830
0.008953
0.008951
0.161589
-0.046545
-0.004939
-0.032686
0.008936
-0.004939
0.008934
0.036667
0.036650
-0.004939
-0.032662
-0.032670
-0.004939
-0.018807
-0.032682
-0.032689
-0.032697
-0.004939
-0.088260
0.050617
0.036708
-0.060471
0.036714
-0.004939
-0.060479
0.064482
-0.004939
-0.088249
-0.143943
0.008971
-0.116266
-0.004939
0.134202
0.189533
-0.102127
-0.018830
0.120018
0.036679
0.022797
-0.115926
0.133777
0.064347
0.202631
0.036524
-0.018757
0.022697
-0.060218
-0.004939
0.036524
0.050318
0.022678
0.146817
0.022629
-0.004939
0.022621
-0.087640
0.008850
-0.032517
0.063994
0.119020
-0.046241
0.105163
0.036318
-0.046196
-0.004939
-0.087504
-0.087572
-0.087640
0.022636
-0.032513
-0.032521
0.008854
0.008852
0.008850
-0.032517
-0.032525
-0.018735
0.050234
-0.004939
-0.004939
-0.004939
-0.046315
-0.004939
-0.004939
-0.004939
0.022648
-0.046321
0.008857
0.036438
-0.018729
0.050211
-0.087674
-0.004939
0.008856
-0.004939
-0.004939
0.036432
0.008848
-0.004939
0.022629
-0.004939
-0.004939
-0.004939
0.022621
-0.032498
0.022621
-0.018717
-0.004939
0.036392
-0.018714
0.105209
0.050090
-0.018693
-0.004939
0.008816
-0.059967
-0.032464
-0.032472
0.022594
-0.004939
0.036347
-0.004939
-0.032460
-0.004939
-0.004939
-0.032468
-0.018706
0.050120
0.022579
-0.018697
0.008819
0.022572
0.008814
-0.004939
-0.046201
0.022572
-0.059967
0.008821
-0.059989
0.022591
-0.115101
0.022613
-0.032491
-0.073852
0.022632
0.036404
-0.032498
-0.060081
0.008850
0.008848
-0.060096
-0.004939
0.022644
0.036421
0.119037
0.008827
0.050105
0.132537
0.049999
0.091130
-0.114738
-0.197378
-0.004939
-0.087526
0.050128
-0.018702
0.077615
-0.197670
-0.032502
-0.087674
0.160465
0.022602
-0.004939
0.022594
-0.087560
0.105209
-0.032464
0.063861
0.022568
-0.018691
-0.018693
0.022568
-0.087481
-0.032468
-0.087572
-0.087640
0.050203
-0.018721
0.022625
-0.018719
0.050173
0.036375
0.036358
0.036341
-0.032456
-0.004939
0.008821
-0.004939
-0.018698
-0.032464
-0.060012
-0.018712
0.008835
0.008833
-0.018710
0.022602
0.008829
-0.032475
-0.060035
0.008838
0.008837
-0.004939
-0.004939
-0.046269
-0.060073
0.022632
-0.004939
0.022625
-0.032502
-0.004939
0.077729
-0.073823
0.050173
-0.087617
-0.004939
-0.046304
-0.018731
0.022644
-0.032521
-0.004939
0.008854
-0.060119
-0.101577
-0.004939
-0.115497
-0.004939
-0.046429
0.036552
0.022712
-0.018763
0.022709
0.008882
-0.046407
0.022709
0.022701
-0.004939
0.008878
0.077923
-0.060172
-0.004939
0.036489
-0.060180
0.022686
-0.156967
0.064194
0.008882
-0.018759
0.022701
-0.004939
0.050318
-0.018750
0.008873
-0.004939
-0.087834
-0.018761
-0.101751
0.064223
-0.060264
0.036558
0.078003
0.022693
-0.046389
-0.018759
-0.046412
-0.018767
-0.101791
0.008903
-0.143443
0.078187
0.064280
-0.088007
-0.032643
0.105834
0.036570
0.160922
0.146859
0.091540
-0.115207
0.091553
0.201517
-0.032441
0.091288
0.022538
-0.004939
0.022530
-0.101112
-0.018685
0.008808
0.036290
0.050007
0.008793
0.091130
0.063625
-0.018648
0.077287
0.022455
0.063512
-0.059696
-0.100836
0.036171
0.090919
-0.059703
-0.018634
-0.032336
0.063541
-0.059718
0.022455
-0.087142
0.008767
0.022466
-0.004939
0.008761
-0.032340
-0.018642
-0.046060
-0.073512
-0.004939
0.036211
-0.018653
0.036200
0.063587
0.008761
-0.059748
0.036171
-0.018640
0.022462
0.036149
0.036132
0.008748
-0.018625
-0.046009
-0.059726
-0.018640
-0.018642
-0.046060
-0.073512
-0.059831
0.008787
-0.032392
-0.101086
0.036279
0.049991
-0.087345
-0.046167
-0.018685
0.008808
-0.032434
-0.114995
0.022587
0.036335
0.036318
-0.032441
0.105027
-0.018678
0.008801
0.022534
-0.004939
0.049984
-0.004939
-0.059861
0.036256
0.008789
0.008787
-0.087322
0.008797
-0.004939
-0.004939
0.008795
0.077422
0.132179
0.049856
-0.046032
-0.018640
-0.046054
-0.004939
-0.032358
0.063597
-0.032347
0.022470
-0.032347
-0.004939
0.008767
0.063559
0.022447
0.022440
-0.046009
-0.032328
0.036143
-0.046020
-0.073446
-0.018646
0.104666
-0.018632
-0.087142
-0.018646
0.022474
-0.100914
0.227986
-0.128184
0.077242
0.145551
0.022399
0.117987
-0.059554
0.008718
-0.045914
-0.018601
0.008724
0.104291
-0.045886
END
