y[]
-0.029675
-0.054560
0.007631
0.044936
-0.017243
-0.017244
0.057353
0.032470
0.032456
0.044856
-0.004809
-0.017223
-0.004809
-0.004809
0.007605
-0.042055
0.044850
0.020011
0.057215
-0.029613
0.007594
0.069578
-0.079195
-0.017212
-0.042027
0.032410
-0.079260
0.007604
0.032419
-0.029626
-0.054461
0.007607
-0.004809
-0.004809
0.020018
-0.066886
0.007610
0.032438
-0.017223
0.007605
0.044831
0.020002
-0.017213
-0.042032
0.020008
0.007598
-0.017215
-0.029626
-0.042046
0.082056
-0.104089
-0.004809
0.032433
-0.017221
-0.004809
0.044831
0.020002
-0.004809
-0.029619
0.007598
0.007596
-0.017213
0.094385
-0.066793
-0.029613
-0.004809
0.032396
-0.054418
0.032401
-0.017210
0.069578
-0.029598
-0.066809
-0.017213
0.205861
0.044696
-0.066694
0.143651
0.007553
0.303738
0.192163
-0.017108
0.167245
-0.189163
0.130418
0.093423
0.056537
0.007456
-0.066147
0.031999
0.166781
-0.090567
0.093195
0.154242
0.068514
0.044043
-0.041445
0.007405
-0.017022
-0.078122
-0.078176
-0.065989
-0.200839
-0.090693
0.130119
0.105452
0.080865
0.007425
-0.017042
0.056342
0.007417
-0.065952
0.080782
0.239332
0.056134
0.092622
0.031703
0.031690
0.019516
-0.041298
0.226068
-0.016947
-0.004809
0.019466
-0.029083
-0.029089
-0.004809
-0.029095
-0.004809
0.019478
-0.016951
-0.053394
0.031632
0.007335
0.007334
-0.016951
-0.004809
-0.041245
-0.041258
-0.016962
-0.004809
0.031646
-0.029110
-0.004809
0.007343
-0.029113
-0.016963
0.007346
-0.016963
0.019499
0.019493
-0.041263
-0.004809
-0.016963
-0.016964
-0.016966
-0.004809
-0.004809
-0.004809
0.031659
0.007344
-0.004809
-0.029116
-0.053441
-0.004809
-0.004809
-0.016970
-0.041303
0.031685
0.019513
-0.102132
0.007362
0.019528
0.031685
-0.004809
-0.029137
0.007356
0.007355
-0.016972
0.043835
0.043812
0.043788
0.080179
0.031592
0.043706
0.007316
-0.041188
-0.004809
-0.029069
0.007322
0.515427
-0.101392
-0.053135
0.043518
0.019346
0.019340
-0.113524
0.019361
0.007274
-0.016891
-0.089426
-0.053194
-0.137989
0.188849
0.140189
-0.137715
-0.210558
0.116271
0.043582
-0.222753
0.176844
-0.234958
-0.041197
-0.126197
0.031623
0.031610
-0.016947
0.140752
0.007312
0.007310
0.031540
-0.101767
0.055801
0.116301
0.031496
0.091938
-0.016897
-0.004809
0.043536
0.103880
0.043460
-0.004809
-0.161766
-0.065243
-0.004809
0.091868
-0.053135
-0.065250
-0.089488
-0.029016
-0.004809
-0.029022
0.007299
0.031504
-0.016912
-0.065345
0.007302
0.031513
0.007296
-0.029019
-0.029025
0.007300
0.019404
-0.077465
-0.041157
-0.029048
-0.004809
0.104223
0.019404
0.043600
-0.029010
-0.113787
0.019419
-0.053270
-0.004809
-0.029048
0.043664
-0.016925
-0.029045
-0.004809
0.007310
0.007309
-0.016926
-0.029048
-0.016931
-0.029057
-0.004809
0.019440
-0.041183
0.007318
0.007316
-0.004809
0.031557
-0.041174
-0.041188
-0.016938
0.019448
0.007318
-0.041192
0.031575
-0.004809
-0.004809
0.019440
-0.041183
-0.004809
-0.016936
-0.004809
-0.053335
-0.065499
-0.016951
0.031615
0.067998
-0.016939
0.043706
0.031562
-0.004809
-0.041179
0.007316
0.055794
-0.004809
-0.041166
0.019431
-0.004809
-0.016928
0.007310
-0.004809
-0.029048
-0.004809
0.019431
0.007309
0.007307
0.043641
0.031513
0.031500
0.055676
-0.041095
-0.077422
-0.101708
-0.065418
0.031562
-0.016931
0.019434
0.055772
0.055735
-0.065352
-0.065389
-0.029051
0.007313
0.031548
-0.089662
0.043688
0.055779
-0.004809
0.140452
-0.053206
-0.065338
0.019407
0.043606
0.031487
-0.113735
0.031513
-0.089580
-0.041161
0.019428
0.055757
0.007300
-0.041139
0.007303
-0.029033
0.007304
-0.029036
-0.053282
-0.016931
0.019434
-0.016929
0.019431
-0.016928
0.031544
-0.016925
-0.004809
0.019422
-0.029039
0.007307
-0.004809
-0.029042
0.007309
-0.004809
-0.016926
-0.053294
-0.016934
0.019440
-0.041183
0.019443
-0.016934
-0.004809
0.043682
-0.041174
-0.016934
0.019440
-0.053311
-0.138312
-0.041250
0.031632
-0.029101
0.055911
-0.029092
0.019475
-0.016950
-0.004809
-0.029095
-0.029101
-0.016957
-0.004809
-0.016959
0.007341
0.031632
0.031619
-0.029092
-0.029098
0.007337
0.031619
0.104395
-0.041197
0.031579
-0.004809
-0.041197
0.019451
-0.016938
-0.041205
0.019457
-0.004809
-0.101908
-0.053394
-0.004809
0.031632
0.043759
0.067998
-0.077615
0.043735
-0.004809
0.007324
0.007322
-0.029072
-0.004809
0.007324
0.019451
-0.041201
-0.029078
0.019460
0.007324
-0.016941
-0.004809
-0.016942
-0.065499
-0.029095
-0.053400
0.007341
-0.029110
-0.089910
0.019513
-0.029131
0.141035
0.080169
-0.065499
-0.223601
-0.004809
0.141106
0.007341
0.225760
-0.126094
-0.029083
-0.004809
-0.004809
-0.187058
-0.041298
0.056000
-0.041289
0.055985
-0.102097
-0.090013
-0.004809
0.068228
-0.004809
-0.065669
0.116875
-0.053465
0.019522
0.043835
-0.077784
0.043847
0.068131
0.031641
-0.053411
0.031646
0.080200
0.055867
-0.016941
-0.004809
0.152796
-0.004809
-0.004809
-0.113893
-0.041197
0.019451
-0.004809
-0.029069
-0.016941
0.019454
-0.053341
0.007327
-0.016944
-0.004809
0.055853
0.031570
-0.041188
0.007319
-0.004809
-0.016936
0.055816
-0.016931
0.116345
-0.041139
0.031522
-0.029028
-0.016920
-0.041152
-0.029045
-0.004809
-0.004809
-0.016929
-0.004809
-0.041179
0.031562
-0.004809
0.031548
-0.029045
0.031544
-0.016925
-0.016926
-0.041170
0.031553
0.007309
-0.041166
0.007312
0.031544
0.019419
-0.004809
-0.077509
-0.004809
0.067892
-0.065389
0.043659
-0.041157
-0.004809
-0.053294
0.019437
0.031548
0.019422
0.019416
-0.004809
-0.016920
-0.016922
0.055742
-0.053247
0.055735
-0.016914
0.007297
-0.004809
-0.053241
0.019410
-0.029028
0.007302
-0.004809
0.019407
-0.029025
-0.016919
0.019410
-0.053252
-0.004809
-0.053276
-0.004809
0.019428
0.031535
-0.016922
-0.089642
-0.029060
0.261632
0.055647
-0.041078
0.055633
0.115964
0.067585
-0.004809
-0.040999
0.031382
-0.004809
0.007252
0.079574
0.043378
-0.065046
-0.053025
-0.065111
0.007255
0.019314
-0.016869
-0.028934
0.091658
0.019294
-0.487960
-0.307968
0.262020
-0.004809
0.079942
0.249014
0.115833
0.031356
0.103605
0.283722
0.031199
-0.004809
0.019189
-0.028807
-0.040817
-0.064851
0.007203
-0.028833
-0.004809
-0.004809
0.007204
-0.028836
-0.016824
-0.004809
-0.016826
0.007208
-0.016826
-0.004809
0.031238
-0.004809
-0.028838
-0.004809
0.007207
-0.016824
-0.004809
0.019221
0.019215
-0.052862
-0.016826
0.007208
-0.016826
-0.028847
-0.028853
-0.016833
0.031260
-0.016830
0.007213
-0.028853
-0.028859
-0.040895
-0.016840
-0.016842
0.031286
0.007220
0.007219
0.019241
-0.016833
-0.040890
0.031273
-0.040890
-0.016839
0.019250
0.019244
-0.040890
0.007220
0.019244
0.043280
-0.004809
0.031243
-0.028841
-0.016827
-0.149144
-0.040925
0.019270
0.019265
-0.052961
-0.077080
0.031334
-0.089161
0.043402
0.007240
-0.004809
0.031329
0.019276
0.079442
-0.040908
-0.028882
-0.077063
0.019282
-0.016853
-0.016855
-0.040955
0.031338
-0.028905
0.007240
0.055414
-0.004809
0.079442
-0.077020
0.019267
0.127506
0.103319
-0.136980
0.223379
-0.184913
-0.100997
0.079361
-0.113040
0.031282
0.007219
0.019241
0.079321
-0.004809
0.019215
-0.064880
0.043251
0.043228
0.007197
-0.076863
0.043234
0.043211
-0.100870
-0.076915
-0.076967
0.055327
0.007214
0.067298
-0.040856
0.031238
-0.040856
0.055262
0.067229
0.067177
-0.004809
-0.112807
0.007197
0.019198
0.019192
0.007190
0.043170
-0.004809
-0.028795
-0.028801
-0.016807
-0.040812
0.007194
0.007193
0.007191
0.031182
0.019178
-0.004809
END
