y[]
-0.000740
-0.000740
-0.104166
0.038058
0.128476
-0.000740
-0.052406
-0.039507
0.076780
-0.039492
-0.078289
0.012189
0.180092
0.141113
-0.026516
0.037923
-0.039402
0.037923
-0.052293
-0.116831
-0.013647
-0.000740
0.115367
-0.026530
-0.013637
0.037947
-0.039427
0.050840
0.089461
-0.116727
-0.078139
0.037967
0.025057
0.089495
0.153760
-0.000740
-0.103713
-0.103819
0.025040
-0.090998
0.025057
-0.078149
0.063772
0.012158
0.063722
0.012148
0.089426
-0.232758
-0.104032
0.025093
-0.026573
-0.052426
-0.039522
0.025117
0.012186
0.025107
-0.039512
-0.026596
-0.013671
0.038047
0.038032
-0.039512
-0.000740
-0.065394
-0.065435
-0.078430
0.038113
-0.078460
0.012218
-0.013697
0.025174
-0.026653
-0.000740
0.012218
0.051074
-0.052553
-0.026657
-0.104474
0.012233
-0.000740
-0.013712
0.051141
-0.039648
0.038168
-0.013707
0.038158
-0.039638
0.012228
0.141793
-0.039592
-0.026650
-0.013697
0.012218
-0.000740
-0.000740
0.012216
0.064014
-0.091407
-0.013699
0.025177
0.051074
-0.078470
-0.156382
0.064141
0.115939
-0.000740
0.167556
0.025127
-0.013672
-0.065427
-0.039572
-0.091407
0.089928
-0.091407
-0.065553
0.064073
0.012218
0.141683
0.063931
0.025117
-0.026596
-0.000740
0.012189
0.076800
0.025093
-0.013655
0.012176
-0.129972
-0.065419
-0.026623
-0.000740
0.128610
0.102619
0.025083
-0.129922
-0.052459
0.089752
-0.039512
0.012186
-0.246615
-0.104447
0.025197
0.012226
-0.247381
-0.091761
-0.039774
-0.000740
0.181291
-0.000740
-0.091714
-0.078783
0.038290
0.025271
0.090246
0.025241
-0.026721
-0.104730
-0.052776
-0.078844
0.012282
0.090365
0.116273
-0.065730
-0.052762
-0.052789
-0.144016
-0.105069
0.103590
0.116501
0.038310
-0.170066
0.038361
-0.157234
-0.052959
-0.039922
0.025384
-0.000740
-0.013801
-0.026866
0.025387
0.025380
-0.026860
0.012321
-0.026863
-0.000740
-0.000740
0.025384
0.012319
0.103672
-0.026832
-0.039891
0.090590
0.025339
-0.000740
-0.157316
-0.066052
0.025390
0.012323
-0.026866
-0.026873
-0.039953
-0.026890
0.064624
-0.066104
-0.053062
-0.039999
0.051603
-0.026908
0.012345
0.090805
0.012331
-0.013811
0.012331
0.025397
0.012326
-0.026873
0.064581
0.090638
0.025353
-0.052932
0.090578
0.038371
0.077436
-0.039820
0.038341
-0.104988
-0.105097
-0.052959
-0.079120
0.221178
-0.131220
-0.157541
-0.223297
-0.066292
-0.000740
0.091021
-0.040056
-0.184419
0.051774
-0.053254
-0.040143
0.038664
-0.000740
-0.013873
-0.040149
-0.119060
-0.053371
-0.013902
-0.079750
0.051940
0.012426
0.091372
0.038711
-0.079656
-0.027059
-0.066568
0.078249
0.025576
-0.027056
-0.027062
-0.119278
-0.251449
-0.027167
0.038898
-0.159386
0.012490
0.316260
-0.119497
0.065254
-0.212073
0.091773
0.276287
0.288658
0.078042
0.012384
-0.066378
-0.171601
0.143854
0.051788
0.143570
-0.026962
-0.079449
0.051740
0.091033
0.025466
0.274004
0.234155
0.051384
-0.052864
-0.000740
0.363559
0.090128
0.064115
-0.221419
0.116151
0.232633
-0.000740
0.038103
0.076900
0.012194
0.025123
-0.117177
-0.065486
0.025164
0.051047
0.038083
0.180232
-0.039492
-0.065360
0.038037
-0.013664
-0.000740
-0.065385
-0.013674
0.076840
-0.130072
0.012201
0.012199
0.025133
-0.052493
-0.052520
0.025154
0.012204
-0.052526
-0.026643
-0.104420
-0.052620
0.038173
0.025194
0.012225
-0.026670
0.167687
0.038088
0.012199
-0.117252
0.089893
-0.078420
0.038108
0.051033
-0.091361
-0.117373
-0.091549
-0.104622
0.090163
-0.117630
-0.078743
0.012265
-0.039759
0.090282
0.142127
-0.104622
-0.130745
0.246126
-0.130593
-0.091738
0.168190
0.116045
0.012228
-0.169450
0.142034
-0.182487
0.051222
0.129046
0.064090
0.077001
-0.013692
-0.078490
0.077011
0.167512
-0.000740
0.012191
0.076810
-0.000740
-0.065360
-0.013669
-0.065410
-0.117252
0.025164
-0.000740
0.012209
0.012208
0.128643
-0.013671
-0.052480
0.038068
-0.298648
0.012231
-0.260480
0.259001
-0.013711
0.193649
-0.039587
-0.247125
0.077132
0.090034
0.038138
0.076970
0.025150
0.051020
-0.117237
0.012211
-0.091431
0.064048
0.064006
0.115697
0.102646
0.205712
-0.026523
-0.000740
0.115232
-0.065152
-0.013627
-0.116801
0.141095
0.166624
-0.065077
-0.000740
0.192149
0.166130
-0.039224
0.101851
-0.026378
0.037714
-0.090489
0.037734
-0.026387
-0.039224
0.024918
0.037734
-0.064871
0.114667
0.050509
-0.064805
-0.000740
0.037705
-0.013553
-0.026371
-0.013558
-0.000740
0.024895
-0.013556
-0.090501
0.037739
0.024905
0.050529
0.050503
0.012067
-0.039164
0.024878
-0.000740
-0.000740
-0.039169
-0.000740
0.012072
-0.000740
-0.026364
0.012073
0.024882
-0.000740
-0.090443
0.037714
-0.026374
-0.026381
0.088975
0.012070
-0.026361
0.024882
-0.000740
-0.039174
0.204073
-0.000740
0.050398
-0.000740
0.114225
0.037552
-0.000740
0.050294
0.113990
-0.102716
0.126714
-0.026217
-0.000740
0.088404
0.113757
0.088223
-0.076988
-0.026169
-0.026175
0.037411
-0.051611
-0.051637
0.011987
0.011985
-0.128063
-0.089963
-0.064519
0.050287
-0.013494
-0.141144
0.050339
0.063072
-0.026260
0.139540
0.139343
-0.000740
-0.204561
0.062999
-0.026230
-0.102768
-0.153977
-0.013520
-0.269506
0.012075
0.216860
0.063170
0.012037
0.088654
-0.064585
-0.282142
-0.077623
0.101759
-0.116058
-0.000740
0.152988
-0.013541
-0.026348
0.152811
-0.026315
-0.103107
-0.051963
-0.116087
-0.052048
0.089033
-0.064855
0.024911
-0.308986
0.089263
0.114860
0.024931
-0.064929
0.050615
-0.013576
-0.116339
-0.039303
-0.103647
0.012129
-0.000740
-0.000740
-0.077980
-0.116712
0.102353
-0.000740
-0.026503
-0.026510
-0.026516
0.166689
0.089298
-0.013597
0.114919
-0.090685
0.024967
-0.116473
-0.103726
-0.116727
0.063714
-0.039407
0.050813
-0.026513
0.025033
-0.000740
0.063664
0.037883
-0.026486
-0.000740
-0.078020
0.037908
-0.078049
0.025037
-0.039407
-0.000740
-0.116831
0.037972
-0.052359
0.025073
-0.116951
0.012179
-0.130006
-0.143125
-0.052567
0.012219
0.025174
0.102847
-0.039572
0.038093
0.076880
-0.013672
-0.013674
-0.220876
0.206461
0.038063
0.025120
-0.065402
-0.220904
0.206487
-0.039562
-0.104340
-0.000740
0.064023
0.361158
-0.026546
-0.104032
0.038007
-0.039487
-0.039502
-0.065377
0.025120
0.128459
0.063797
0.089542
0.012151
-0.052313
0.102380
0.050780
-0.116697
0.025040
0.025033
0.050787
0.282182
-0.052121
-0.026440
-0.039303
0.089217
-0.013586
-0.180758
0.127878
-0.077890
0.114964
-0.129308
0.089275
0.114875
0.012098
0.114726
-0.013563
0.255408
-0.064715
-0.000740
-0.000740
-0.064756
-0.039169
-0.064822
0.101772
-0.000740
-0.090432
-0.103343
-0.000740
-0.000740
-0.064921
-0.129225
-0.090778
-0.065102
-0.090917
-0.207165
-0.142905
0.050980
0.038032
0.063847
-0.388889
0.051101
0.012216
0.012214
-0.000740
-0.065528
-0.026667
-0.013706
0.089987
0.025167
0.089881
-0.026623
-0.000740
0.038083
-0.104300
-0.039602
-0.000740
0.012216
-0.065536
-0.195381
-0.078702
0.038249
-0.130762
0.025278
0.038274
0.038259
0.012257
-0.039734
0.025258
0.051235
0.025238
-0.026717
0.051208
-0.000740
0.051181
-0.000740
-0.026697
0.051168
0.025204
-0.052634
0.025211
-0.182534
-0.000740
0.129147
0.012240
0.128962
0.012221
-0.013701
-0.000740
0.038138
0.076970
0.051033
-0.000740
0.051007
0.102673
-0.013661
0.205792
0.025047
0.205313
0.050707
-0.180920
-0.116742
0.141022
-0.090929
-0.026523
0.063706
0.025027
0.025020
0.205101
-0.039303
0.012116
-0.090766
0.076431
0.102062
0.024944
-0.000740
-0.167803
-0.000740
0.050694
0.089206
-0.077831
-0.013594
0.037818
END
