y[]
0.064016
-0.355861
-0.092101
0.244467
0.076105
0.064067
-0.344133
-0.164442
-0.032045
-0.346068
-0.007986
0.161258
-0.007969
0.088637
0.016180
0.172928
-0.019988
-0.152676
-0.080415
-0.007970
-0.225705
-0.177696
-0.020155
0.101139
-0.177895
0.004111
0.028397
0.052666
-0.044445
-0.312076
-0.129962
0.065075
-0.227752
-0.191560
0.126450
0.187339
-0.191345
0.053011
0.016332
0.089617
0.065142
0.186982
-0.056809
0.040667
0.113700
-0.020232
-0.008063
0.016284
0.077121
0.028436
-0.020214
0.028436
-0.129750
0.150132
-0.068873
0.052773
0.016273
0.040587
0.016267
-0.020202
0.016268
-0.032366
-0.020214
0.040596
-0.032374
-0.008054
0.028439
-0.056720
0.004111
0.028448
0.028442
0.040596
-0.020211
-0.008052
-0.020220
-0.020226
0.040614
0.028439
0.004111
0.016273
0.028430
-0.056698
-0.008055
-0.020226
0.052779
-0.032388
0.004111
0.028445
0.040601
-0.044545
-0.020226
0.028448
0.089243
0.016267
0.064868
0.064831
0.137566
-0.056528
-0.141573
0.137663
0.052631
0.016237
-0.056536
0.028374
-0.141556
0.101245
-0.044445
-0.068767
0.040556
0.052684
0.052660
-0.056580
0.101198
-0.080835
-0.068758
0.028406
0.064824
-0.105199
-0.044510
0.028424
-0.056683
0.016273
0.004111
-0.008051
-0.008052
0.295621
-0.214442
-0.239287
-0.130011
0.186960
0.101494
0.610614
-0.056374
-0.104855
0.209835
0.016199
0.197324
0.148776
0.052286
-0.044064
-0.128491
0.004111
-0.056221
-0.068335
0.173071
-0.020009
0.257077
0.100311
0.172239
0.219861
-0.067754
-0.055816
0.028086
0.064023
0.016089
-0.103745
0.088009
0.016091
0.183633
-0.043730
0.123671
-0.163313
-0.103667
0.099919
0.028049
-0.067720
0.040033
0.040020
-0.007857
0.016079
-0.019827
0.135698
-0.079606
-0.091652
0.004111
-0.019844
0.075959
-0.019833
-0.031815
-0.019847
0.028069
-0.007867
0.004111
-0.007869
0.004111
-0.067797
0.064038
-0.007872
0.016093
-0.043828
0.040067
-0.007873
0.016095
0.075984
-0.007864
-0.007866
0.004111
0.004111
-0.043811
0.016093
0.004111
0.016092
0.016091
0.016089
-0.067780
0.016096
0.004111
0.004111
0.016095
0.028074
0.028069
0.004111
0.004111
0.004111
-0.079767
0.064031
-0.043822
0.028080
0.028074
-0.103770
0.159902
0.051998
-0.055751
0.123800
0.087808
0.123557
-0.103384
0.039955
0.087698
-0.031704
-0.031716
-0.031729
0.051895
0.039934
-0.055601
0.016056
-0.031729
-0.031742
-0.031755
0.039977
0.063859
0.051883
-0.031716
0.039938
-0.031716
-0.067582
-0.079596
-0.055723
-0.091698
-0.031841
-0.067832
0.040089
0.040076
-0.055838
-0.055874
-0.019893
-0.164078
-0.104160
-0.032005
-0.140485
-0.104473
-0.068344
0.028268
-0.092554
-0.092648
0.233760
0.064457
0.028239
-0.020017
-0.044163
-0.056265
-0.020050
-0.080497
0.233593
-0.128683
0.040345
-0.104631
-0.044257
0.318083
-0.080323
0.040306
-0.068292
-0.032110
-0.128812
-0.020076
0.197441
-0.007961
0.257321
-0.007932
0.184605
0.100242
0.004111
-0.019913
-0.007903
0.016125
-0.043955
0.064189
-0.067987
-0.043983
0.028161
-0.031966
0.004111
0.004111
-0.019948
-0.007921
0.004111
0.040201
-0.092159
-0.044059
-0.068187
0.004111
0.016164
0.088443
-0.092275
0.004111
-0.056177
-0.056214
-0.020029
-0.007961
0.064457
0.016176
-0.007954
0.016176
0.028236
-0.007951
-0.044152
0.016179
0.040306
0.040292
0.016169
-0.032066
-0.032079
0.040301
0.040288
-0.044128
0.004111
0.016173
0.028230
0.016169
0.052327
0.076391
-0.007932
-0.032027
-0.044094
-0.188939
0.004111
0.124811
0.076461
-0.140642
0.040319
-0.032097
-0.165033
0.016202
0.040376
0.076601
-0.080466
0.173193
-0.044169
0.040323
-0.044175
0.004111
-0.068362
-0.092601
0.052478
-0.068449
-0.044292
-0.129118
0.004111
-0.020132
-0.044392
-0.117248
-0.044474
0.004111
0.113394
-0.008026
-0.153800
0.004111
-0.008046
-0.214974
0.490316
-0.323818
0.198569
-0.263366
0.150096
0.307564
0.004111
0.415335
-0.128747
-0.165237
-0.080671
-0.080743
0.125308
-0.141344
-0.008020
0.016242
-0.032286
0.137501
0.016228
-0.214230
0.173973
0.016233
0.040468
0.161505
0.052490
-0.092671
-0.068537
0.125162
-0.213886
0.004111
-0.056528
0.040499
0.076847
-0.020129
-0.032259
-0.165792
0.113367
0.004111
0.016243
-0.032290
0.040512
0.016242
-0.044421
0.040512
0.028371
0.088975
-0.032251
0.028353
0.064691
0.028333
-0.007999
-0.008001
0.052549
-0.044327
0.100963
-0.104855
-0.032237
0.004111
-0.056499
0.052602
0.040463
0.004111
-0.020123
0.052572
0.004111
0.004111
0.040441
0.004111
0.016218
-0.044327
-0.020117
-0.020123
0.028344
-0.080732
0.016236
0.064713
0.040455
-0.032233
0.016227
-0.008005
0.064677
-0.020111
0.016223
0.004111
0.064647
0.040415
0.028306
-0.056389
0.004111
0.076706
-0.007985
-0.141150
-0.020120
-0.129263
-0.020158
-0.348452
0.125825
-0.068900
0.125765
0.016268
-0.093189
0.040609
-0.020220
-0.044569
0.040623
0.004111
0.174324
0.113381
-0.032299
0.040521
-0.080866
-0.141733
0.040592
0.028424
-0.056683
-0.008052
0.052755
0.064883
-0.008041
-0.093154
-0.202891
0.113753
0.077139
0.271426
0.307013
-0.020088
0.414690
-0.128539
0.329393
-0.031979
-0.152431
-0.068222
-0.201116
-0.141009
-0.056418
-0.371989
0.016265
-0.129668
-0.361654
-0.215992
-0.044867
-0.130701
0.077667
0.028618
-0.130751
0.016379
0.359221
-0.179409
0.040842
-0.069365
0.053100
-0.093892
0.126600
0.016352
0.211973
0.126181
-0.179051
0.028552
-0.105920
-0.069311
0.077532
0.040801
0.053011
-0.008112
0.089638
-0.056973
0.016331
0.040761
-0.020321
0.065180
0.004111
0.052939
0.052915
-0.032490
-0.056921
0.016320
0.040730
0.016314
0.077299
0.004111
0.004111
-0.069078
0.004111
0.004111
-0.069131
0.065150
0.016314
-0.020297
0.040721
0.004111
-0.020294
0.089503
-0.056876
0.052903
-0.020282
0.016308
0.016307
-0.008085
-0.020285
0.004111
-0.020291
0.016313
-0.008091
0.028513
-0.044699
-0.032512
0.028528
-0.044729
0.052951
0.126107
-0.008082
-0.056876
0.016311
0.077282
0.162464
-0.178627
0.028495
-0.069060
0.004111
0.126032
0.065016
-0.154319
0.004111
0.040694
0.052868
-0.032454
0.077228
0.016292
-0.020253
0.028474
-0.142159
-0.032490
0.016313
-0.020294
0.016314
-0.093557
-0.008104
-0.020324
0.065187
0.089555
-0.117974
0.077380
-0.081375
0.052969
-0.032530
0.028540
-0.056973
0.138446
0.272240
-0.325057
-0.044747
0.175009
0.077264
0.538936
-0.141467
-0.129522
0.052725
-0.056661
-0.056698
-0.081084
0.016286
-0.215268
0.089482
0.052862
0.028477
0.247450
-0.080990
0.064905
0.064868
0.028403
0.040539
0.040525
0.028380
0.246476
-0.007993
-0.104894
-0.129279
-0.202388
-0.166268
0.028468
-0.044610
-0.044634
-0.020270
-0.081271
0.016313
0.028510
0.016308
0.040694
0.004111
0.065053
0.016295
-0.044634
0.028486
-0.032454
0.186804
-0.056750
0.028460
-0.008063
0.052796
0.004111
0.040609
-0.008054
0.028439
-0.008052
-0.044557
-0.044581
0.016286
0.040627
-0.008060
-0.044586
-0.020247
0.028468
-0.044610
0.089357
0.004111
-0.020238
-0.032423
-0.008070
0.004111
-0.020256
0.028477
0.028471
0.004111
0.077157
0.028448
-0.056742
-0.386229
-0.032562
-0.032575
0.028570
0.028564
-0.044801
-0.008121
-0.008122
0.016344
0.004111
-0.057070
0.077523
0.101910
-0.044777
-0.130454
-0.142894
-0.008149
-0.057212
0.126720
0.126570
-0.093844
0.016361
0.028606
-0.179747
-0.192377
-0.057371
-0.291529
0.028781
0.115051
-0.082165
-0.069899
0.016450
0.115092
-0.032869
-0.168643
-0.094740
-0.020617
0.004111
0.053561
0.139972
-0.020577
0.115160
-0.082250
-0.131750
END
