y[]
0.186207
-0.198016
-0.061756
0.322560
-0.148308
0.260216
-0.197672
-0.123633
0.000298
0.062283
-0.123709
-0.012111
-0.024525
-0.148770
-0.099204
-0.136679
0.099937
-0.024602
0.012749
0.087412
-0.024583
-0.136662
0.124816
0.037623
-0.037027
0.261282
-0.198484
0.012734
-0.061894
0.012740
-0.286253
-0.124546
0.137618
-0.124530
0.025277
0.025270
-0.087131
-0.137245
0.025320
0.087826
-0.074720
0.062818
0.150186
0.025258
0.000298
0.025252
-0.024655
-0.012180
0.037731
0.000298
-0.024655
0.025252
-0.062096
0.037740
0.012776
0.112525
-0.037096
0.099987
-0.037073
-0.012162
-0.037092
0.012763
0.000298
0.000298
-0.012166
0.012763
0.050143
0.087466
0.012745
0.000298
0.012743
-0.037041
0.025193
-0.037045
0.012748
-0.049509
0.075000
0.025186
0.074925
-0.024571
0.025168
-0.012135
0.050025
-0.036994
0.037591
0.099677
0.099579
0.012702
-0.061732
0.074731
-0.136203
0.223568
0.000298
-0.247810
-0.148863
0.087336
0.087260
0.049957
0.000298
0.074740
-0.161062
0.012720
-0.036971
0.062406
0.000298
0.025131
-0.161222
-0.186396
-0.199228
-0.249670
0.212812
-0.112152
-0.237514
0.100499
0.025333
-0.012218
0.037843
-0.087328
0.075411
0.187834
0.199949
0.075065
-0.136816
-0.012176
0.224598
-0.199054
-0.261956
0.237606
-0.324580
-0.137468
0.263144
-0.137296
-0.062307
-0.439042
0.113456
-0.138023
-0.012286
0.414742
0.188115
0.212732
0.037740
-0.212056
0.387194
-0.086934
-0.099489
-0.049633
-0.199677
0.125330
0.025286
0.025280
-0.087163
0.037791
0.175080
-0.049608
-0.162070
0.137704
0.149980
0.099962
0.311109
-0.136339
-0.086750
0.074916
0.050013
-0.012128
-0.012129
0.099677
0.025128
0.198711
-0.074060
0.062268
-0.049274
-0.098920
0.000298
0.012706
-0.061756
0.025125
0.000298
-0.111468
0.087239
0.025125
-0.086620
0.049976
-0.061802
0.099640
0.037526
-0.012109
0.012706
-0.049342
0.025122
0.037522
-0.024515
0.025112
-0.086577
0.012714
-0.012117
0.037540
0.000298
-0.024528
-0.074217
0.012722
-0.061833
0.000298
-0.024565
-0.024571
0.062460
0.050000
-0.012125
-0.012126
0.025146
0.074805
0.012711
-0.086620
-0.036976
0.049994
0.174039
0.025094
0.247915
-0.073922
0.123969
0.111471
-0.024396
0.037338
-0.061441
0.062038
0.000298
-0.024393
-0.123250
0.123847
-0.073812
0.148465
-0.073757
-0.036750
0.024999
0.086702
-0.036723
0.037320
-0.061411
-0.012048
-0.123250
0.099149
-0.012053
-0.073840
0.025017
0.086766
0.185335
0.148082
-0.048938
0.012610
0.172500
0.209003
0.073855
-0.085523
-0.122431
-0.011983
0.024859
0.073945
-0.085628
0.073954
-0.011974
-0.110219
-0.122642
0.196931
0.012575
0.037120
0.367766
-0.109800
0.110397
-0.146526
-0.109962
-0.097813
0.061629
0.208543
-0.011939
0.012536
-0.024178
-0.024184
-0.011945
-0.060942
-0.171375
-0.048805
-0.097982
0.172225
-0.110192
-0.073430
0.209054
0.012565
-0.024235
0.000298
-0.011971
0.000298
-0.048793
0.024847
0.024841
-0.011972
-0.024247
0.049384
0.024832
-0.036505
-0.048793
-0.011978
0.000298
0.000298
-0.036541
0.000298
0.073963
0.147466
-0.073258
0.000298
-0.011966
0.037088
0.049330
0.049306
-0.024202
0.037047
-0.036450
0.086025
0.024778
0.000298
-0.011941
-0.011942
0.024778
-0.024181
-0.024187
0.024784
-0.011944
-0.048685
0.037038
0.024784
-0.024187
-0.011947
0.073747
-0.011939
-0.048667
-0.060942
0.012550
0.000298
0.061532
0.098194
-0.109840
-0.085449
0.086046
-0.060942
-0.011954
0.024802
0.024796
0.024790
0.037025
0.037011
0.000298
0.024766
0.049216
0.207932
0.012499
-0.097346
0.000298
0.110142
-0.036303
-0.036316
-0.048542
0.000298
-0.121906
0.085857
-0.048583
-0.048607
0.049204
0.110249
0.000298
0.061330
-0.011905
-0.048530
0.024716
0.036913
0.036899
-0.158403
-0.011920
-0.097501
0.159174
-0.158577
-0.097597
0.024781
-0.134431
-0.036478
-0.048757
0.073873
-0.024220
0.171804
0.012538
-0.060912
0.061509
-0.073159
-0.122251
0.073846
0.086035
-0.036437
-0.011950
0.183863
0.512495
-0.243277
-0.292778
0.098086
0.329627
0.304269
-0.157651
0.170387
0.303311
0.036598
-0.084422
-0.145103
0.085142
0.000298
-0.048175
-0.048198
-0.072491
0.024567
0.012431
0.109422
-0.023941
0.036655
-0.011819
-0.060311
0.024547
-0.084596
-0.011835
0.012432
0.000298
-0.023970
-0.060400
-0.060436
0.085317
-0.048275
0.048872
0.048848
0.036695
-0.048233
0.036700
-0.023967
-0.036112
-0.023982
-0.060429
0.012447
0.000298
-0.011850
0.012447
-0.024000
-0.024006
0.000298
0.012451
0.036748
-0.048304
-0.011856
0.012453
-0.024012
0.024609
-0.011856
0.036757
0.048889
-0.036142
0.073167
0.060982
0.048819
0.000298
-0.048222
0.048819
0.121496
0.060842
0.036607
0.012398
0.000298
-0.036006
0.036603
0.084957
0.048643
0.000298
0.036541
0.024453
0.000298
-0.011778
0.000298
0.000298
0.048596
0.060638
-0.060041
-0.023847
0.012372
0.012371
-0.096320
0.000298
-0.048046
-0.048069
-0.035993
0.036590
0.036576
0.048649
0.036546
-0.060121
0.012385
-0.314434
-0.133156
0.060982
-0.194018
-0.109171
0.061129
-0.145758
-0.329111
0.085805
-0.244200
-0.036428
0.269313
0.024718
-0.244171
0.147052
-0.048595
-0.134283
-0.158986
0.184066
0.037011
0.036998
0.098098
0.134617
-0.048524
0.012506
0.049115
-0.121787
-0.121936
-0.146580
0.122712
-0.048649
-0.097669
0.232814
-0.183222
-0.441528
-0.295341
-0.086095
0.037333
-0.036736
-0.036750
-0.049121
0.074418
-0.086180
0.037370
0.012653
-0.012056
0.037356
0.074373
0.024978
-0.110806
-0.308974
-0.036879
0.099406
-0.024469
0.086959
0.037416
0.000298
0.025036
0.049754
0.037374
0.000298
-0.049139
0.025020
0.049724
0.037352
0.012646
-0.049103
0.222411
-0.469186
0.062199
-0.148327
0.074639
0.074583
-0.173119
0.111816
-0.036860
0.025072
0.025066
-0.036856
0.000298
-0.036869
0.049852
0.049828
-0.012082
0.099296
0.000298
0.025033
-0.111053
-0.160762
-0.123771
0.310184
0.037420
-0.049200
-0.111164
-0.049280
0.037485
0.099394
-0.111191
0.037475
0.062229
-0.024469
-0.036865
0.086991
0.086916
0.086841
-0.036782
-0.098650
0.000298
-0.024454
-0.086383
-0.086459
-0.012102
-0.173464
0.161659
0.012700
-0.024506
0.012702
0.074685
0.186023
-0.123479
0.062206
0.111636
0.234939
-0.073739
-0.246890
0.025045
-0.061579
-0.433918
0.298250
-0.422062
0.050081
0.112218
0.211361
0.000298
-0.086556
0.062345
-0.235683
-0.024574
0.037605
-0.211289
-0.124374
0.112511
-0.099440
0.174775
-0.124297
0.037693
0.037679
0.025211
0.137208
-0.086804
0.261379
-0.198558
-0.161564
0.062584
-0.174200
-0.074580
0.174927
-0.136884
-0.449984
0.088012
-0.187754
0.088100
0.025371
0.000298
0.012832
0.175605
0.062834
-0.087262
0.062849
-0.037227
0.000298
-0.024727
0.012812
0.037829
0.000298
-0.137382
-0.012227
0.037871
0.025339
0.037848
0.000298
0.000298
0.000298
0.012812
0.025320
0.025314
0.012804
0.012802
0.012801
0.000298
-0.012204
0.000298
-0.037218
0.037815
0.050298
-0.037199
0.012799
-0.024705
0.100273
-0.012193
0.000298
0.025280
-0.024683
-0.074683
0.000298
-0.012204
0.050298
-0.012199
0.062771
0.037763
-0.012188
-0.062159
-0.012198
0.000298
0.112707
0.212282
0.062561
0.012746
0.137123
-0.036999
0.050025
-0.074301
-0.037022
0.025180
0.062476
0.050013
0.074823
-0.036957
-0.036971
-0.086718
-0.037017
0.037614
0.012734
-0.012137
-0.037017
-0.012143
0.012740
-0.037031
-0.024596
-0.074421
0.062569
0.012748
-0.012151
0.025196
0.012745
0.025186
-0.024590
0.050068
0.112190
-0.061848
-0.173918
0.249086
-0.074273
END
