y[]
0.036335
0.011979
0.011977
-0.061070
0.036335
0.011979
0.011977
0.036312
-0.000195
0.072780
0.011962
-0.012352
-0.000195
0.011962
-0.073161
-0.012361
-0.012363
0.036304
0.133519
-0.000195
0.024098
-0.048786
0.011955
-0.024496
-0.073134
0.011965
0.011964
-0.085338
-0.073232
-0.048916
0.085051
-0.012369
-0.036725
0.024160
0.011980
0.072824
-0.036698
0.097117
-0.036676
0.072753
-0.012349
-0.073152
0.036290
-0.036680
-0.073205
-0.000195
0.060651
-0.085389
-0.012372
0.194452
-0.024505
0.048420
0.145507
0.011937
-0.048733
-0.012333
0.084741
0.072550
-0.024437
-0.012318
-0.024446
0.011931
0.024053
-0.012318
-0.000195
-0.072966
0.024068
0.024062
0.048302
-0.024440
0.120973
0.036127
-0.084966
0.024033
-0.012308
0.036140
0.011914
0.120812
0.011898
-0.036477
-0.060695
-0.048621
-0.000195
0.048231
-0.000195
0.024009
0.036100
-0.024390
0.011904
0.011902
-0.000195
-0.036490
-0.000195
0.024003
-0.000195
0.011902
-0.000195
-0.000195
0.011901
-0.024388
-0.000195
0.036092
-0.000195
-0.000195
-0.000195
-0.024385
-0.000195
0.023995
0.011898
-0.024382
-0.000195
-0.000195
-0.000195
-0.012291
0.011901
-0.012291
-0.012292
-0.012293
-0.000195
-0.012295
-0.000195
0.011905
-0.012295
-0.012296
0.036105
-0.024393
0.011905
0.011904
-0.036495
0.011906
-0.012296
-0.012298
0.011908
0.011906
-0.024399
-0.012299
-0.000195
-0.000195
0.011909
-0.000195
-0.000195
-0.024405
-0.012302
0.011912
-0.072861
0.024033
0.011917
0.024024
0.048225
0.024006
-0.024396
-0.024402
-0.012301
-0.036521
-0.012307
0.036136
-0.000195
-0.000195
0.036122
0.011908
-0.036508
0.024015
0.024009
-0.012296
0.024006
-0.012295
0.011905
-0.048604
-0.012301
0.011911
0.011909
0.011908
-0.000195
0.084484
0.036074
0.072304
-0.000195
-0.024355
-0.000195
0.060195
0.011879
0.011877
0.023945
-0.084711
0.023960
-0.036429
-0.012276
0.023965
-0.012274
-0.012276
-0.024361
0.036052
0.048114
-0.024347
0.023957
0.011879
-0.012269
-0.024347
0.036030
0.036017
0.011873
-0.024332
-0.024338
0.011877
0.084270
0.048038
0.096202
-0.060432
-0.048411
-0.024312
-0.036381
-0.024326
0.036000
-0.000195
-0.000195
0.023928
-0.024318
0.035987
-0.012254
-0.000195
-0.012256
-0.000195
-0.000195
0.011866
-0.024318
-0.000195
-0.000195
0.011867
-0.012257
-0.012258
-0.012260
-0.012261
0.023936
-0.012260
0.023933
-0.000195
-0.024323
0.023933
-0.012258
0.023930
-0.000195
0.011866
0.011864
0.011863
-0.000195
-0.012253
-0.000195
-0.012254
0.023922
-0.024312
-0.000195
0.023922
-0.012253
0.023919
-0.000195
-0.000195
-0.012251
0.023916
-0.000195
-0.012250
0.011860
-0.000195
-0.012250
-0.000195
-0.012251
-0.048434
-0.036390
0.023936
-0.000195
0.011868
0.048044
-0.000195
-0.000195
0.011861
-0.024309
0.035974
-0.000195
0.011858
0.023907
0.011854
-0.024294
-0.024300
0.023910
-0.048411
0.035969
-0.000195
0.011857
-0.024300
0.011858
0.011857
-0.012247
-0.036359
-0.012253
0.048027
-0.157001
-0.048492
-0.072685
0.036057
0.023965
-0.036438
0.072278
-0.084751
0.036052
-0.000195
-0.169461
-0.145509
0.024039
-0.000195
0.011920
-0.048662
0.108823
0.072418
0.072365
0.120622
0.011879
0.156630
-0.012250
-0.036368
0.011864
0.011863
-0.012253
0.023919
-0.024309
0.023919
-0.012251
-0.024312
-0.084649
-0.060563
0.060173
-0.036412
-0.205670
0.084464
0.036065
0.108507
0.072208
-0.036390
0.011871
0.023933
-0.024323
-0.000195
-0.012261
-0.000195
-0.000195
-0.000195
0.011871
-0.012261
0.011871
-0.024329
-0.000195
0.036004
-0.036394
0.023939
-0.024329
-0.000195
-0.000195
-0.000195
0.011873
-0.000195
-0.012263
-0.000195
-0.012264
-0.000195
0.011874
-0.012264
-0.000195
-0.000195
-0.000195
-0.000195
0.023942
-0.012263
0.023939
-0.012261
-0.000195
-0.000195
-0.012263
-0.000195
-0.012264
0.011874
-0.000195
-0.012264
-0.012266
-0.000195
-0.000195
-0.012267
0.048085
0.023936
-0.012260
-0.024329
0.011873
0.023936
0.011868
0.048044
0.023916
0.023910
-0.024300
-0.000195
-0.000195
0.011858
-0.024303
-0.000195
-0.012251
-0.000195
-0.036372
0.011866
0.011864
0.023919
-0.000195
0.011860
-0.012250
0.011860
0.011858
-0.000195
0.011857
-0.060469
0.023919
-0.000195
-0.012251
0.035969
0.011857
-0.084588
0.072146
-0.169073
0.060151
0.060115
0.060079
-0.108714
0.120374
-0.048405
0.084158
-0.048388
-0.000195
-0.060469
0.048027
0.035956
0.060028
-0.024280
0.072042
0.023872
-0.024262
-0.012231
0.023875
0.035900
-0.036290
-0.000195
-0.060382
0.011845
0.023881
-0.024271
-0.000195
-0.036320
-0.012240
-0.012241
-0.036342
-0.048411
0.048021
-0.012247
-0.108727
-0.048469
0.168663
0.084127
-0.000195
-0.000195
-0.012237
0.011847
0.011845
-0.000195
-0.048365
0.011850
0.023890
0.023884
-0.000195
-0.036316
0.035926
0.011842
-0.000195
-0.048353
-0.012238
-0.036333
-0.000195
-0.024294
0.023904
0.035943
-0.000195
-0.024286
0.011851
0.023893
-0.000195
-0.000195
-0.012238
-0.000195
-0.012240
-0.024288
-0.000195
-0.000195
-0.000195
-0.000195
-0.000195
-0.000195
0.011852
0.023896
-0.000195
-0.048382
0.011854
0.011852
-0.000195
0.011851
0.023893
-0.000195
-0.036329
-0.048394
-0.024303
0.023913
-0.024303
-0.060490
-0.024323
-0.000195
0.023933
-0.012258
-0.000195
-0.024326
-0.157190
0.036057
0.036043
0.023957
-0.072668
-0.000195
-0.048539
0.023980
0.036057
0.023965
-0.012274
0.023963
-0.036433
0.048120
-0.024350
-0.012274
-0.012276
-0.000195
-0.012277
0.023968
-0.012276
-0.000195
-0.024361
0.011889
0.011887
-0.036447
0.011890
0.060210
0.011882
0.060166
0.108363
-0.012251
0.023916
0.011858
0.035956
-0.024294
-0.024300
-0.036364
0.048027
-0.060476
-0.000195
-0.024318
0.048044
-0.217455
-0.145298
-0.024399
0.084494
-0.084884
0.024009
-0.157628
-0.133601
-0.145932
0.048408
-0.073108
-0.048833
0.157793
0.084772
0.072576
-0.024446
-0.072984
0.060466
-0.060856
-0.073037
0.109048
-0.073011
0.024083
0.048343
-0.012327
0.011937
-0.012327
-0.000195
0.024068
0.036189
-0.024449
0.011933
-0.012323
0.011933
0.024056
-0.048703
0.011934
-0.000195
-0.000195
-0.000195
-0.036587
0.024068
-0.000195
-0.048727
-0.012332
-0.060900
-0.097400
0.024115
-0.036662
-0.024514
0.036281
-0.024511
-0.000195
-0.024517
-0.085369
0.072815
-0.061033
-0.036716
0.036326
-0.000195
0.048479
0.036295
-0.048851
-0.000195
-0.000195
0.011971
0.011970
-0.048863
0.011974
0.011973
-0.048875
-0.024544
-0.012372
-0.036734
0.097212
-0.085421
0.048514
-0.012370
-0.000195
-0.073277
-0.048946
0.048556
0.109407
-0.048892
0.060673
-0.073241
-0.012375
0.072860
0.011976
0.011974
-0.097590
-0.012376
0.060695
-0.048904
-0.000195
-0.024558
0.011988
0.024166
-0.024556
-0.061122
-0.048964
-0.256621
-0.073581
0.085416
-0.049107
-0.245113
0.073343
0.122249
-0.122639
0.012056
-0.049209
-0.147380
0.208253
0.183370
-0.098054
-0.122654
-0.282421
0.220745
0.146828
-0.012439
-0.049185
0.171164
-0.036890
-0.024666
-0.024672
0.073217
-0.024660
0.158720
0.073065
0.121786
0.097283
0.048508
0.060651
0.072771
-0.109664
0.097117
-0.146198
0.109327
-0.194984
0.036357
0.194523
-0.073170
0.060621
0.024121
0.048420
0.084824
-0.073064
-0.024496
0.036255
-0.000195
0.011952
-0.024490
-0.000195
0.036246
-0.012340
-0.024490
-0.012345
0.024103
0.011952
0.011951
-0.024487
-0.024493
-0.000195
0.024103
0.024098
-0.012340
-0.012342
-0.012343
0.011953
0.011952
-0.036640
-0.000195
-0.000195
-0.024499
-0.000195
-0.024505
-0.024511
-0.000195
-0.000195
-0.012355
-0.000195
-0.000195
-0.000195
0.024124
-0.012354
-0.012355
END
