y[]
-0.012842
0.011209
-0.024869
-0.000816
0.047284
0.023225
0.023219
-0.072940
0.047272
0.071273
-0.060887
-0.000816
0.035231
-0.024846
-0.036872
-0.060938
-0.060974
-0.121240
0.011233
-0.061075
-0.061112
-0.049079
-0.061177
-0.024971
0.107833
0.095662
-0.012871
0.083536
-0.061061
0.107598
-0.024898
-0.000816
0.035304
-0.073071
0.011230
0.047353
-0.085128
0.047371
0.011227
0.071412
-0.000816
0.131467
-0.265558
-0.073140
0.191932
-0.133291
-0.169674
0.276443
0.035291
0.095407
-0.060945
0.071334
0.059269
-0.024846
-0.012833
-0.012835
-0.000816
-0.012836
0.035239
0.083263
0.059197
-0.000816
-0.000816
-0.096855
-0.036854
0.035222
-0.036854
0.047232
0.071213
-0.036824
-0.048847
-0.108970
-0.036893
-0.024875
0.023242
-0.024875
0.059320
0.035248
0.059262
-0.024843
-0.012832
0.011199
-0.024849
0.047243
-0.000816
-0.048876
0.023216
-0.012832
0.023214
-0.000816
0.011196
-0.012829
-0.000816
0.023208
-0.000816
0.011194
-0.036850
0.071238
0.023190
-0.000816
-0.024823
0.011188
-0.012820
0.035192
0.011183
-0.036820
-0.000816
-0.000816
0.023188
-0.012817
0.011185
-0.000816
-0.000816
0.047174
-0.012812
-0.012813
-0.000816
-0.024814
-0.024820
-0.024826
0.011189
-0.012822
0.023193
-0.048841
-0.024837
0.011195
0.023202
-0.024835
0.011194
-0.012826
-0.000816
-0.000816
-0.000816
0.191168
-0.036785
0.011175
-0.012807
-0.048795
0.059154
-0.012807
-0.012809
0.059132
-0.060765
0.035157
0.035144
0.035131
0.071040
-0.012789
0.011156
-0.024763
-0.012792
-0.000816
-0.000816
0.023133
-0.036742
-0.012794
-0.024777
0.023144
0.011162
-0.000816
-0.036755
0.011165
-0.060736
0.035140
0.023147
0.035118
0.130834
0.094820
0.011132
0.130519
-0.000816
0.011115
0.058818
0.070697
0.011098
0.320326
-0.060209
0.034824
-0.048339
0.034828
0.034815
0.022931
0.011055
-0.036435
0.034803
-0.012688
-0.083957
-0.048356
0.022956
0.034832
0.082314
0.022923
0.011051
-0.012684
-0.000816
-0.000816
-0.060174
0.011058
-0.036444
0.070426
-0.143351
0.070476
0.082294
-0.048300
-0.012691
0.046673
0.034786
-0.036418
-0.060181
-0.024572
-0.012696
-0.024581
-0.000816
0.011067
-0.000816
0.011065
-0.000816
-0.012698
-0.000816
0.022945
-0.012696
0.011064
0.034815
-0.024569
0.022937
-0.024569
0.022937
-0.036448
-0.012696
-0.000816
-0.000816
-0.000816
-0.000816
0.011064
-0.012696
-0.000816
-0.000816
-0.012698
-0.012699
-0.012701
0.011068
0.022948
-0.000816
-0.012698
0.011065
-0.000816
0.011064
0.022939
-0.000816
-0.000816
-0.000816
-0.036452
0.034820
-0.000816
-0.024572
-0.000816
-0.048345
0.117963
-0.060188
0.058556
0.022923
-0.000816
-0.083927
0.022937
-0.024569
-0.012695
0.034815
-0.024569
0.011061
-0.000816
0.046678
-0.012688
-0.024564
0.022931
-0.012689
-0.012691
0.011058
0.022928
-0.036435
-0.000816
0.046673
0.011052
0.034781
0.094049
-0.060097
0.011043
0.022897
-0.024530
0.046605
-0.012670
-0.024527
0.165041
-0.048176
0.093881
-0.012649
0.034676
-0.225815
0.022892
-0.107546
0.011048
0.082196
-0.012671
0.022892
0.011036
0.022883
-0.036368
-0.036380
0.022894
0.046588
-0.012665
-0.036372
-0.000816
0.046588
0.022878
0.046555
-0.000816
-0.048187
0.011029
-0.000816
-0.000816
-0.012661
0.022872
-0.071898
-0.024521
-0.000816
0.034739
-0.024519
-0.000816
0.011036
-0.000816
0.011034
0.022880
-0.000816
-0.083779
-0.048255
0.022906
-0.000816
-0.012677
0.022903
-0.012675
-0.024538
0.011045
-0.012678
0.011045
-0.024541
-0.060153
-0.000816
0.011054
-0.012686
0.011054
-0.024558
-0.000816
-0.048317
0.034811
-0.000816
-0.012691
-0.024569
0.011061
0.011059
-0.012692
-0.012693
-0.000816
-0.000816
0.011061
-0.012693
-0.000816
0.022937
0.011058
-0.036444
-0.000816
0.022937
-0.369623
-0.012736
-0.000816
0.011103
-0.012736
0.034938
-0.012733
0.011101
0.034926
-0.000816
-0.060393
0.094490
-0.072287
0.023013
0.034917
-0.060379
-0.060415
-0.036592
-0.000816
0.082641
-0.072347
0.011109
0.011108
-0.036592
0.034960
0.130253
-0.048458
0.046825
0.034900
-0.084174
-0.048481
-0.000816
-0.012736
-0.108157
-0.072441
-0.036648
0.058896
-0.012756
0.058867
-0.072441
-0.000816
-0.024703
0.023070
-0.024703
-0.036656
-0.036669
-0.120419
0.011150
0.047036
-0.096544
-0.060693
-0.084704
-0.036790
-0.000816
0.119045
0.130865
-0.060650
-0.060686
-0.060722
-0.060758
0.095072
-0.048749
-0.012803
-0.036785
0.047140
0.023153
0.059082
-0.084684
0.023153
-0.036772
-0.012805
-0.012806
-0.084784
0.047174
-0.048807
-0.000816
0.095141
0.035144
-0.012802
-0.036781
0.011173
-0.024797
0.023165
-0.012806
-0.000816
0.011173
-0.024797
-0.325121
-0.060988
-0.157433
0.011240
0.047394
0.059414
0.023266
-0.012857
-0.024901
-0.024907
0.071438
-0.048980
-0.000816
0.071421
0.023251
0.011215
0.023242
-0.012845
-0.000816
-0.048945
-0.000816
0.011218
-0.024887
-0.000816
-0.012854
-0.000816
-0.036937
-0.012859
-0.061054
0.011234
-0.000816
0.011233
0.011231
0.011230
-0.000816
-0.000816
0.011228
-0.000816
-0.000816
0.035309
0.023260
-0.000816
0.035287
-0.085078
-0.000816
0.059378
0.083394
-0.024869
0.059305
0.023222
-0.036876
0.011205
-0.072966
-0.048945
0.011218
0.011217
0.035274
-0.048939
-0.012851
0.047313
0.011212
-0.012845
-0.024878
-0.012849
-0.000816
-0.036924
0.071386
0.071334
-0.072966
-0.024878
-0.024884
-0.061010
-0.036950
-0.012864
-0.061075
0.011238
0.011237
0.047382
-0.036963
-0.073149
-0.049067
-0.000816
-0.073236
-0.133723
-0.170226
0.083924
0.035479
0.132154
-0.049149
-0.012903
0.059603
0.192281
0.155801
-0.253935
0.143902
0.131658
-0.133291
0.083506
-0.012858
-0.073097
0.107585
0.035291
-0.024887
-0.000816
-0.085108
-0.061068
-0.012871
0.095581
0.071421
-0.024889
-0.048980
-0.012861
-0.073114
0.011237
-0.024924
0.035344
0.095546
-0.024898
-0.024904
-0.012862
-0.012864
-0.012865
0.035326
-0.024910
-0.012865
0.023280
-0.085179
0.011240
-0.012872
0.011240
-0.012872
0.011240
0.011238
-0.024927
0.011240
-0.000816
-0.012872
0.035348
-0.012870
-0.000816
-0.012871
-0.036989
0.023300
-0.024933
-0.000816
0.023300
-0.012874
-0.036998
-0.012880
-0.012881
-0.000816
-0.000816
-0.024950
0.047446
0.011246
-0.012878
0.023306
-0.037002
0.023309
-0.000816
-0.012878
-0.012880
-0.000816
-0.000816
-0.000816
-0.012881
0.035374
-0.000816
-0.037007
-0.121546
-0.061236
0.011270
-0.012903
0.011270
-0.085454
0.011279
-0.073412
-0.073464
-0.049278
0.071867
0.083914
-0.049225
0.071788
0.035466
-0.037099
-0.025012
-0.073438
-0.012925
0.059713
-0.085567
0.059727
-0.000816
-0.073473
0.108149
0.023382
0.095919
0.107899
-0.085362
0.011266
0.119928
-0.097400
-0.012896
0.011263
0.095767
0.011250
-0.012883
0.011250
0.035374
0.252150
0.083364
-0.024861
-0.072984
-0.060996
0.047330
0.071360
-0.048928
0.059320
0.107337
-0.024840
0.011196
0.035213
-0.024835
0.023202
0.035200
0.071178
0.011178
0.035157
-0.012806
0.023162
0.047122
-0.000816
-0.012799
0.059082
0.035105
-0.024763
-0.024768
0.023136
-0.012792
-0.024771
0.035114
0.023130
-0.012789
-0.000816
0.023127
0.023121
-0.000816
0.011150
-0.000816
0.011149
-0.000816
-0.000816
0.023110
-0.024743
0.011148
-0.000816
-0.012780
0.011148
-0.000816
-0.000816
-0.024745
-0.000816
0.023113
-0.012780
-0.000816
-0.012782
0.011149
0.023110
-0.036708
-0.000816
-0.012783
0.035080
-0.024745
-0.000816
-0.000816
0.011149
-0.024748
-0.000816
-0.000816
0.047042
-0.024743
-0.024748
0.023116
-0.000816
-0.012782
0.011149
-0.000816
-0.000816
0.011148
0.011146
0.094832
-0.012767
END
