y[]
-0.012783
0.106719
-0.012771
-0.000827
-0.024719
-0.000827
-0.072538
0.166417
-0.024702
-0.012767
0.046922
-0.060518
-0.024714
0.070814
0.011108
0.058828
-0.000827
-0.024685
-0.036625
0.011106
-0.048571
0.034983
0.011106
-0.072452
-0.060554
0.035013
-0.012773
-0.024722
0.011121
-0.024725
-0.072555
-0.036710
0.023096
-0.024751
0.035056
0.046997
0.011125
-0.000827
0.035021
-0.024725
0.035017
0.058885
-0.012767
-0.060547
0.011119
-0.084484
-0.000827
0.023082
0.011125
-0.000827
-0.012780
-0.168312
-0.000827
0.047054
-0.024765
-0.144574
-0.024805
0.035137
-0.156768
-0.036848
-0.000827
0.011181
0.035189
-0.036844
0.131170
0.298520
-0.036702
-0.192375
0.393839
0.106539
-0.108194
-0.036642
0.118504
-0.048543
-0.179964
0.011125
-0.096487
-0.036723
-0.024765
-0.000827
-0.012798
-0.000827
0.023113
-0.012797
-0.024771
-0.000827
0.023116
-0.000827
0.011142
0.023108
-0.012794
0.023105
-0.012793
0.011138
-0.060668
0.011144
-0.000827
-0.012798
-0.012800
-0.120631
0.035129
-0.024797
0.035124
-0.048766
0.023145
0.023139
-0.000827
-0.012810
-0.012811
-0.000827
-0.000827
-0.012813
-0.012814
-0.036796
-0.000827
0.011164
-0.024811
-0.000827
-0.000827
-0.012821
0.011167
-0.012821
-0.012823
-0.012824
-0.012826
-0.012827
0.083141
0.011162
0.071081
0.023130
0.047071
0.035081
-0.024765
-0.048720
0.178652
0.023079
0.046968
-0.144282
0.011135
0.035051
-0.060632
0.047020
-0.180371
0.130870
-0.084615
-0.012803
0.118861
0.106770
-0.000827
0.070840
-0.000827
0.082720
-0.024691
-0.012761
0.023039
-0.108271
0.023059
0.058863
-0.000827
-0.012763
0.011108
0.023039
0.034961
-0.036616
-0.012760
0.058821
0.213612
0.189400
-0.024586
0.177225
-0.012688
-0.012689
0.058467
0.093971
0.129373
-0.048153
0.034669
0.034657
-0.036311
0.011002
-0.036320
0.117432
0.105486
-0.095323
-0.083584
-0.024485
-0.083673
-0.012668
0.046527
-0.024502
0.046515
-0.036332
0.034678
0.058320
0.034644
-0.024474
-0.036307
0.093758
-0.059933
-0.000827
-0.036307
0.022827
0.034644
-0.024474
-0.000827
-0.000827
0.034640
-0.012648
-0.083614
-0.024493
-0.036337
-0.012667
-0.024510
0.022855
0.011012
0.034682
0.034669
-0.012658
0.011003
-0.000827
-0.059995
-0.000827
0.022844
-0.000827
-0.000827
0.011006
-0.012661
-0.012662
0.011008
0.022838
-0.012660
0.011005
-0.036328
0.022841
-0.000827
-0.000827
0.011005
-0.012660
-0.000827
-0.024496
0.011008
-0.012662
0.022841
-0.012661
0.022838
0.011003
-0.000827
0.022830
-0.012655
-0.012657
0.011002
-0.048153
0.011006
-0.024496
-0.000827
0.022841
0.022836
-0.024490
0.058320
0.034644
0.010994
-0.012648
0.022813
0.034623
0.010987
-0.012641
-0.048098
0.010992
0.070061
0.022791
0.010980
-0.024443
-0.036261
0.010985
0.010984
-0.012639
-0.000827
0.022794
-0.024449
0.022794
-0.036261
-0.024457
0.022802
-0.000827
-0.012641
0.022799
-0.036270
-0.036282
-0.107267
-0.000827
-0.036332
-0.060031
-0.107481
0.046588
0.034720
0.046549
-0.071901
-0.036383
0.058425
-0.036375
0.034720
-0.012675
-0.048232
-0.083840
-0.000827
-0.036425
-0.024566
0.022911
0.034770
-0.012692
-0.048299
0.022911
0.070355
-0.000827
-0.012688
-0.036417
-0.024561
-0.095817
-0.012707
-0.072137
-0.000827
-0.012717
-0.000827
0.046724
0.082333
-0.250515
-0.012733
-0.096122
-0.012746
0.106386
0.022982
-0.000827
-0.155691
0.415567
0.058516
-0.000827
0.046622
-0.024549
-0.000827
-0.012690
-0.012692
0.011037
-0.024558
-0.000827
-0.036434
0.011043
0.022909
-0.012695
0.022906
-0.024561
-0.012696
-0.000827
0.022909
0.011039
0.011037
-0.012692
-0.012693
-0.012695
0.022906
-0.024561
-0.012696
0.011041
0.011040
-0.000827
-0.000827
-0.000827
-0.000827
-0.000827
-0.000827
-0.000827
-0.000827
0.011039
-0.012693
0.022903
-0.000827
0.022897
0.070313
0.011024
0.058411
0.058376
-0.000827
0.011009
0.034673
0.046487
0.010998
-0.024479
0.034648
0.010995
0.081890
0.034602
-0.000827
0.010980
-0.059877
-0.012641
-0.000827
0.010987
-0.012641
-0.012643
-0.036282
0.010992
-0.012647
-0.036295
-0.119143
0.082008
-0.000827
-0.012657
-0.012658
0.093780
-0.071775
0.022827
-0.083643
0.022841
-0.048170
0.058348
0.176488
-0.024451
-0.000827
-0.083555
0.093713
0.081822
-0.071666
0.034598
0.093579
-0.048019
0.081744
0.010963
0.034535
-0.095156
-0.012625
-0.071641
-0.071691
-0.095390
0.022822
-0.000827
0.058271
-0.059926
-0.000827
-0.036303
-0.024485
0.034657
0.081920
-0.024462
-0.036290
0.046454
0.058243
-0.048081
0.034615
-0.000827
-0.048086
-0.048109
0.010995
-0.119115
0.046504
0.011002
0.081939
-0.024468
0.010994
-0.012648
0.034632
0.010989
-0.000827
-0.000827
-0.000827
0.010988
-0.012643
0.058236
-0.024449
-0.000827
-0.000827
-0.024454
-0.036278
0.046437
-0.000827
0.010985
-0.000827
0.010984
-0.012639
-0.000827
-0.000827
0.022794
-0.012637
0.010982
-0.000827
-0.000827
-0.000827
-0.012637
-0.000827
0.010982
-0.012637
0.022791
-0.000827
0.046393
-0.000827
-0.000827
0.010974
0.010973
-0.012627
0.010973
0.010971
-0.012626
0.010971
0.046354
-0.024415
-0.024421
-0.024426
0.022771
-0.059835
0.022780
-0.024435
0.034581
-0.036236
-0.000827
-0.024440
0.010980
-0.048064
0.010984
-0.000827
-0.059898
-0.000827
-0.000827
0.022805
0.010987
-0.000827
0.022797
-0.000827
-0.000827
0.034598
-0.048064
-0.024454
0.034611
0.046404
0.034581
-0.012629
0.022774
-0.024429
-0.036240
-0.059877
-0.000827
-0.083555
0.034636
0.034623
0.058229
0.010980
0.034585
0.046370
-0.142487
-0.024457
-0.130889
0.046487
0.046465
-0.024471
-0.048131
0.034652
0.010996
-0.059960
-0.048159
0.011008
0.022838
0.011003
-0.036324
-0.012662
0.070162
-0.012655
0.058299
-0.024474
-0.000827
0.010996
-0.000827
0.105524
-0.012639
-0.000827
-0.059905
0.046437
-0.012641
0.034611
-0.036265
-0.024460
0.058243
0.046404
-0.024440
-0.024446
0.034598
-0.000827
-0.000827
0.022783
-0.012632
-0.024440
-0.000827
0.010980
0.010978
-0.048058
0.010982
-0.000827
-0.000827
-0.012637
0.022791
-0.000827
-0.012636
0.010981
-0.024446
-0.012639
-0.036270
-0.000827
-0.000827
-0.000827
-0.000827
-0.000827
-0.000827
0.022802
-0.012641
-0.000827
-0.000827
0.010987
-0.024457
-0.000827
0.010988
0.010987
-0.012641
0.010987
-0.012641
-0.012643
0.010988
-0.000827
-0.048098
-0.012648
-0.000827
-0.036299
0.010998
0.010996
0.010995
0.022813
0.034623
0.046420
-0.036261
-0.012641
-0.071741
0.034636
0.022808
-0.036282
-0.000827
-0.036295
-0.012653
0.010998
0.046460
-0.036290
-0.166488
0.022855
-0.036353
0.022858
-0.012669
0.046532
-0.000827
0.022844
-0.012662
0.034673
-0.036328
0.022841
-0.024496
-0.036341
-0.012668
0.022852
-0.071884
0.034707
0.058369
0.034673
-0.024493
0.058327
-0.083653
0.058341
-0.012658
-0.000827
0.129235
-0.012644
-0.036286
-0.119115
-0.071867
0.046538
-0.048193
0.022858
-0.131167
0.022883
-0.048254
0.011031
-0.072002
-0.024563
0.034775
-0.060171
-0.107735
-0.060270
0.022954
0.011061
-0.048390
-0.000827
0.094275
0.011054
-0.048362
-0.012714
0.082352
-0.048350
-0.084047
-0.096020
0.022979
-0.048446
0.046792
0.011074
-0.012729
0.034872
-0.012726
0.022968
-0.000827
0.011068
-0.000827
-0.000827
-0.000827
-0.000827
0.011067
0.011065
-0.024614
0.022959
-0.000827
0.046729
-0.048384
0.022954
-0.000827
-0.000827
0.011061
0.058594
-0.024592
-0.036484
-0.000827
-0.012716
-0.000827
-0.000827
0.022948
-0.000827
-0.000827
0.011058
-0.000827
0.011057
0.011055
-0.012710
-0.000827
0.011055
0.011054
-0.000827
-0.012709
0.011054
0.011053
-0.012707
END
