y[]
-0.026361
-0.038920
-0.038934
0.036400
0.011286
0.011284
-0.001267
0.048921
-0.051455
0.023830
-0.013815
0.023827
0.011278
-0.038906
0.023827
-0.038910
-0.001267
-0.064038
-0.064077
0.023862
0.099185
-0.001267
-0.076597
0.011292
-0.013826
-0.001267
0.048959
0.099109
0.048884
-0.013802
0.023802
0.011265
-0.051405
0.011270
-0.001267
-0.026342
-0.001267
0.023808
-0.026342
-0.063983
-0.001267
-0.038915
-0.001267
0.048928
0.011278
0.061433
-0.051424
0.086491
-0.026333
-0.063959
-0.001267
-0.076549
-0.089168
0.111735
0.023827
0.136638
-0.101543
0.023811
-0.126722
-0.038934
0.074053
-0.013816
-0.001267
-0.001267
0.061464
-0.001267
0.048890
-0.076511
0.011278
-0.026358
0.023824
0.011276
0.061425
-0.001267
-0.001267
0.023799
0.048846
0.073855
0.023761
-0.151530
-0.063943
-0.051436
-0.026361
0.086535
0.036339
0.236575
0.036235
-0.126329
-0.201693
-0.038892
-0.189603
-0.026405
0.049003
-0.076682
0.011306
0.111820
-0.038948
0.011295
-0.126958
0.187211
0.023837
0.261941
-0.076398
-0.038854
-0.126659
0.048909
-0.013808
-0.038901
-0.114254
-0.038958
-0.164758
-0.001267
-0.127212
0.099501
0.049079
-0.114581
0.212664
-0.114467
-0.039029
-0.039043
-0.051657
0.112076
-0.026443
-0.039043
0.011327
0.074262
0.074205
-0.013842
-0.013843
0.011309
-0.001267
-0.013843
-0.001267
-0.001267
-0.001267
0.011309
-0.013843
0.011309
0.023881
0.049010
0.011298
0.074091
-0.001267
0.074034
-0.013813
-0.001267
-0.038915
0.086557
0.061417
-0.026336
-0.013804
-0.026345
0.011273
-0.026348
0.048890
-0.026342
0.086469
0.036311
-0.038844
-0.026326
0.023793
0.023786
-0.013793
-0.026323
-0.001267
-0.001267
-0.051399
0.048865
0.036315
-0.001267
0.073855
0.036273
0.011243
-0.126439
-0.026320
-0.001267
0.086392
0.061300
-0.063833
-0.038826
0.023774
0.036282
-0.038816
0.048796
0.023755
0.011242
-0.013776
-0.001267
-0.001267
-0.001267
-0.038802
-0.013782
-0.026301
0.073818
-0.026289
-0.113943
0.073865
0.036278
-0.101417
0.011257
0.073846
-0.001267
0.036268
-0.151492
-0.063928
0.036334
-0.026333
-0.013802
-0.089058
0.174238
-0.076445
0.023799
0.048846
-0.076445
0.149034
0.098808
-0.013771
-0.151436
0.086359
-0.113943
-0.214447
0.086568
0.023815
0.161610
-0.013787
0.086337
0.036254
0.148677
0.061143
0.023686
0.036151
0.073527
0.011193
0.085912
-0.013716
0.123158
0.036030
0.110541
-0.050944
0.135286
-0.050901
0.060772
0.048336
0.035919
0.085447
-0.050809
0.011121
0.011119
0.011118
-0.063206
0.011124
0.035896
0.147248
0.023464
-0.050735
-0.050760
0.011109
0.072954
-0.050741
0.011104
-0.013638
0.023473
-0.038380
-0.075534
-0.026035
0.035882
-0.001267
-0.001267
0.023492
-0.001267
-0.001267
0.011110
-0.038403
-0.038416
0.011118
-0.001267
-0.063206
-0.001267
-0.001267
0.023513
-0.050833
0.023519
-0.013659
0.048293
-0.026044
0.023510
-0.038435
0.023513
-0.001267
-0.013656
-0.013658
-0.001267
-0.063244
-0.001267
0.023528
-0.001267
-0.001267
-0.013664
0.073092
0.110167
-0.001267
-0.026019
-0.038407
-0.013650
0.048256
0.011110
0.072963
-0.026004
-0.026010
0.023476
-0.050760
0.023482
-0.001267
-0.063152
-0.026032
-0.038426
-0.100424
0.023532
-0.026065
-0.075699
0.023550
0.011139
0.060741
0.048312
-0.088046
0.035933
-0.001267
0.073092
-0.050833
0.048299
0.023507
0.035882
0.122465
-0.137380
0.035873
-0.026026
-0.137549
0.023525
-0.001267
0.097841
-0.050809
0.122541
-0.063152
0.011113
0.110085
-0.038370
-0.137431
-0.013655
-0.026047
-0.013659
0.060679
0.011118
-0.001267
-0.075598
-0.026056
-0.063267
-0.075718
0.097989
0.110278
0.110154
0.035846
-0.013636
-0.026010
0.072945
0.097596
-0.050686
0.072853
0.023427
0.035763
0.011073
-0.013607
0.011073
0.011072
-0.112371
0.048128
-0.025961
0.048116
-0.038302
0.011079
-0.013613
-0.013615
-0.001267
-0.025967
-0.038329
-0.038343
-0.013629
-0.025995
0.048183
-0.050717
-0.038370
-0.026010
-0.075534
0.085372
-0.063144
-0.013647
0.147193
-0.063098
-0.050760
0.060595
-0.001267
0.060557
-0.038357
-0.013633
-0.026004
-0.063137
0.011110
0.011109
-0.026019
0.023486
-0.001267
0.011107
-0.063152
0.011113
-0.001267
0.035864
0.023479
-0.038389
-0.026022
0.023489
0.011109
0.060587
0.109975
0.183861
-0.087617
0.072752
-0.099971
0.023418
-0.025952
-0.001267
-0.038306
0.072798
-0.050637
-0.075368
-0.001267
-0.001267
0.011087
0.023437
-0.025970
-0.025977
0.035795
-0.001267
-0.025974
-0.050698
-0.050723
0.060549
-0.038352
-0.137363
0.023492
-0.100338
0.073046
-0.013649
-0.050809
-0.026047
-0.026053
0.023519
0.011124
-0.001267
0.060664
0.134846
-0.038370
0.048201
-0.137363
0.122465
-0.075488
0.060587
0.060549
-0.025989
0.159316
0.048091
-0.100008
-0.050674
-0.063060
0.085233
-0.013619
-0.013621
-0.038338
-0.162069
-0.075570
0.023507
0.073018
-0.001267
-0.026022
-0.038412
0.110126
0.023470
0.048189
0.035809
0.060496
-0.038320
-0.001267
0.134527
-0.025943
0.060412
-0.038270
0.035736
-0.001267
-0.001267
-0.062946
-0.001267
-0.013607
-0.013609
-0.025955
0.011078
-0.001267
-0.025958
0.048110
0.011073
-0.001267
-0.038293
-0.025958
-0.013615
-0.013616
0.035777
-0.025961
-0.013616
0.011083
-0.038320
0.035786
-0.001267
-0.025967
0.023434
0.035772
-0.025958
0.011079
-0.001267
0.023421
0.023415
-0.001267
-0.025949
0.035754
-0.001267
-0.013606
0.023409
-0.038283
0.011073
-0.038293
-0.038306
0.035772
-0.025958
-0.025964
-0.013618
0.011084
-0.001267
-0.025970
0.048134
0.060450
-0.013607
0.035750
-0.038283
0.023412
0.011070
-0.112357
-0.100118
-0.001267
0.011095
-0.087831
-0.063144
0.035864
0.035850
-0.013638
0.011104
-0.038384
0.011107
0.023476
-0.050760
0.011109
0.023479
0.060572
0.048177
0.035800
-0.025977
0.011089
0.048140
0.023427
-0.075368
0.023440
0.011084
-0.025970
-0.087777
-0.013632
-0.063114
0.147101
0.097523
0.109755
-0.013597
-0.038265
0.171274
-0.013581
-0.149160
-0.112330
0.122129
-0.112316
-0.013613
-0.087735
0.085201
-0.124815
-0.050729
0.085276
0.035800
-0.050692
0.023449
-0.112536
-0.038384
-0.001267
-0.026019
0.072972
0.060557
0.035809
0.035795
0.035782
0.011079
0.072780
-0.062969
-0.149507
0.085233
-0.075405
-0.063091
-0.063129
0.011109
-0.038398
0.011112
-0.026026
-0.100363
0.011125
0.011124
-0.001267
0.085426
-0.013647
0.035869
-0.026022
0.011112
-0.026026
0.097731
0.035832
0.023458
0.060519
-0.038334
-0.013626
-0.013627
-0.001267
-0.013629
-0.013630
0.011096
0.048171
-0.025983
-0.001267
0.011092
-0.001267
0.048152
-0.038329
0.011089
0.011087
0.048134
0.023424
0.011076
0.048091
0.158980
0.047988
-0.050522
-0.001267
-0.001267
0.023364
0.158684
-0.148905
-0.025894
0.011048
-0.087500
-0.099911
-0.013604
-0.062976
-0.075368
-0.025980
0.035800
-0.075414
-0.038361
0.097621
-0.013623
0.011089
-0.001267
0.060488
0.011079
0.134443
0.023388
0.048024
-0.062885
0.023385
0.097280
0.011045
-0.025891
-0.001267
-0.050534
-0.025910
0.011055
0.048006
-0.013583
-0.025904
0.048000
-0.038215
-0.025907
0.023373
0.011051
-0.062870
0.109591
-0.038206
-0.149160
0.072707
-0.038247
-0.174021
-0.124846
-0.087863
0.171850
0.048140
-0.112467
0.011095
0.109920
0.159118
-0.038256
-0.075286
0.085084
-0.062938
0.072734
-0.038261
-0.137028
-0.149580
-0.298554
0.023541
0.060725
0.073073
-0.162407
0.122710
-0.013658
0.308044
-0.075414
-0.013630
-0.137363
-0.087970
-0.088046
-0.150206
-0.063390
-0.100745
-0.063491
0.085836
0.048472
-0.038569
0.023602
-0.001267
-0.013701
0.060887
-0.001267
END
