y[]
0.026520
0.040499
0.096386
-0.001468
-0.029417
-0.015445
0.026484
0.040446
-0.001468
-0.015437
-0.043388
-0.015445
-0.001468
0.026484
-0.001468
-0.015443
-0.001468
0.096318
-0.043365
-0.029409
0.026473
-0.043382
0.012505
-0.029417
-0.057389
-0.015453
-0.015455
0.054468
0.054437
-0.001468
-0.001468
-0.029417
0.040452
-0.015439
-0.015441
0.040446
0.026465
-0.015434
-0.001468
-0.029405
0.012501
-0.001468
-0.001468
0.012499
0.040423
-0.001468
0.026449
-0.029385
-0.001468
-0.015430
-0.001468
-0.001468
0.012494
-0.085267
-0.043394
0.040458
-0.015441
0.026477
-0.029413
0.026477
-0.085326
-0.043423
-0.043441
-0.057459
0.138451
-0.029436
-0.029444
-0.015459
-0.001468
-0.015461
-0.071462
-0.001468
0.026535
0.040522
0.012525
-0.015461
0.026516
-0.001468
-0.043447
-0.015465
-0.043470
-0.043488
0.012540
0.054546
-0.001468
-0.001468
0.012531
-0.001468
0.012529
0.068486
-0.001468
0.082413
-0.071364
0.026496
-0.239413
0.264434
0.110279
0.012492
-0.015428
0.096209
-0.057272
-0.001468
-0.127140
-0.029417
-0.113341
0.040499
0.054460
0.110295
0.068320
-0.043335
-0.015428
-0.141172
-0.043417
-0.057428
-0.085466
0.026539
-0.099528
0.068584
-0.043494
-0.085572
0.264620
-0.057428
0.040505
0.026504
-0.001468
-0.113403
-0.085502
0.054562
0.012535
-0.015471
-0.015473
0.026539
-0.015471
0.012535
-0.029475
0.040540
0.054515
0.138353
0.026473
-0.099295
0.012513
-0.071393
-0.001468
-0.029452
-0.099473
0.012538
-0.043494
0.040558
0.026539
-0.015471
-0.029479
0.012538
-0.029483
-0.001468
-0.015479
0.026551
-0.001468
-0.015477
0.012540
-0.029487
-0.015481
0.026555
0.026547
-0.001468
0.012537
0.026535
-0.015469
-0.015471
-0.001468
-0.057498
0.026551
-0.001468
-0.029487
-0.001468
0.012542
-0.029491
0.054570
-0.001468
-0.015475
-0.001468
0.054546
-0.001468
-0.043476
-0.015475
0.026543
0.068526
0.012525
-0.001468
-0.015461
-0.043458
0.012531
-0.015467
-0.015469
-0.001468
0.012533
-0.029471
0.012535
-0.001468
-0.169630
0.012556
-0.015492
0.012556
0.012554
-0.001468
0.068614
0.012542
-0.029491
0.040563
-0.001468
-0.029487
-0.001468
0.082566
-0.015469
0.138451
-0.015451
0.054453
-0.015445
-0.001468
0.026484
-0.057381
0.012513
0.040464
0.221871
-0.127035
-0.127193
0.054429
0.012501
-0.043382
0.054413
-0.029405
-0.001468
0.026469
-0.001468
0.040423
-0.057326
-0.029409
-0.071354
0.026492
-0.043411
0.026496
0.054437
-0.043394
-0.211361
-0.057514
0.026559
-0.239948
0.096798
-0.155930
-0.113954
0.040729
-0.057735
0.082920
0.054751
-0.001468
0.026630
0.026622
-0.001468
-0.001468
0.012574
-0.043600
-0.029566
0.040676
-0.001468
-0.001468
-0.001468
0.012576
-0.043606
-0.029570
0.040682
-0.001468
0.012578
-0.015514
0.012578
-0.029562
0.012580
-0.071727
-0.001468
-0.043647
0.054767
0.012586
-0.015522
-0.043641
0.012592
-0.001468
-0.001468
0.026645
-0.015524
-0.001468
-0.057711
-0.029601
-0.001468
-0.001468
-0.029609
-0.001468
-0.001468
-0.001468
0.012604
-0.001468
0.054799
-0.001468
-0.001468
0.012594
-0.015530
-0.001468
0.012594
-0.001468
0.068811
-0.001468
-0.128006
0.012600
-0.001468
0.012598
0.026657
0.040705
-0.001468
0.096867
0.054680
0.026594
0.012560
-0.029526
0.054641
0.012554
0.012552
-0.001468
0.012550
-0.001468
0.012548
-0.043523
-0.057569
0.026586
-0.015494
-0.001468
-0.001468
0.040605
0.026571
0.040575
0.068565
-0.029475
-0.071521
-0.015484
0.026563
0.040563
-0.001468
0.068545
-0.043470
0.138470
0.012515
0.012513
0.040464
0.082343
-0.001468
-0.029397
0.026461
0.040411
-0.099213
0.054398
-0.001468
-0.029397
-0.001468
0.040423
-0.057326
-0.071335
0.054429
0.096277
0.026441
0.082214
0.012472
-0.043295
0.040358
-0.029350
-0.029358
0.054304
0.026406
-0.001468
0.012466
-0.029339
-0.029347
0.012472
-0.001468
0.012470
0.012468
-0.001468
-0.001468
0.012466
-0.029339
-0.001468
0.040335
0.012462
0.012460
-0.001468
0.012459
-0.043254
0.012462
0.012460
-0.029327
0.012462
0.012460
-0.001468
-0.001468
-0.057194
0.040329
-0.029331
-0.001468
0.026395
-0.001468
-0.015399
-0.001468
-0.015401
-0.015402
0.012466
-0.015402
-0.029343
-0.015408
0.040347
-0.043283
-0.029354
-0.001468
-0.001468
-0.015414
-0.001468
-0.001468
-0.001468
-0.015416
-0.001468
0.012480
0.026422
-0.001468
0.012474
-0.001468
0.054281
-0.029339
-0.015406
0.012470
-0.071179
0.165756
-0.015393
0.012457
-0.043248
-0.015399
-0.029335
0.040329
-0.015399
0.012462
-0.071140
-0.001468
0.026406
0.026399
-0.015401
0.012464
-0.071150
-0.001468
-0.001468
-0.029354
0.040358
-0.043295
-0.001468
0.040358
0.026406
0.012466
-0.057217
0.040347
0.123871
-0.015387
-0.015389
-0.071101
0.012462
0.040312
-0.057178
-0.085092
0.054289
0.054258
-0.001468
0.068146
-0.001468
0.026364
-0.015383
0.012447
-0.015383
0.012447
0.068078
0.026337
0.054118
-0.001468
0.012424
-0.001468
-0.001468
-0.001468
0.040196
-0.029242
-0.029250
-0.043155
-0.015368
0.040225
0.026317
0.081842
-0.043115
0.040178
0.026287
0.040149
-0.001468
0.012401
-0.015337
-0.001468
-0.043086
-0.029223
-0.015348
0.012412
-0.001468
-0.029230
0.026294
0.123367
-0.015331
0.137074
0.150707
-0.042948
-0.070639
0.012370
-0.015306
0.026206
0.095331
-0.029115
-0.001468
-0.029123
-0.042965
0.026198
-0.029134
-0.001468
-0.015304
-0.015306
0.012370
0.012368
-0.029142
-0.001468
-0.001468
-0.001468
-0.042993
0.012376
-0.029157
0.012378
-0.001468
-0.015314
0.012378
-0.001468
-0.001468
0.012376
-0.001468
-0.015312
0.026217
-0.015310
-0.001468
-0.015312
0.040057
-0.015308
-0.001468
0.053880
-0.015302
0.012366
-0.070658
-0.043005
0.053911
0.026210
0.040034
-0.070648
0.026210
-0.029146
-0.001468
0.026210
0.012368
-0.029142
-0.029150
-0.001468
0.012374
0.012372
0.012370
0.012368
-0.015304
0.012368
0.012366
0.012364
0.012362
-0.029131
-0.001468
-0.029138
0.026202
-0.001468
0.026194
-0.015298
-0.001468
-0.001468
-0.029134
-0.001468
-0.042982
0.053880
-0.084502
-0.056862
-0.070754
-0.015331
0.012395
-0.043063
0.095559
-0.015323
-0.015325
0.012389
-0.001468
0.012387
-0.001468
-0.001468
-0.015323
0.026240
-0.001468
-0.043034
-0.015327
-0.001468
-0.001468
0.012391
0.040098
-0.001468
0.040080
-0.001468
-0.015316
-0.015318
-0.029173
-0.043039
-0.181811
-0.001468
-0.084813
0.095761
0.040173
0.040155
-0.001468
-0.015341
-0.001468
-0.001468
-0.001468
-0.029219
-0.029227
0.026290
0.026283
0.026275
-0.015339
-0.015341
-0.015343
0.012406
0.012404
0.026271
0.026263
-0.015333
0.026260
0.040109
0.053941
-0.029169
-0.001468
-0.015321
0.012385
-0.015321
0.012385
-0.056893
-0.001468
0.012391
0.012389
0.026240
-0.001468
-0.001468
-0.015321
0.012385
-0.001468
-0.001468
-0.015321
-0.001468
0.012385
0.012383
0.012381
-0.001468
-0.001468
-0.001468
-0.001468
-0.015318
-0.001468
0.012381
-0.015318
-0.015319
-0.043034
-0.029188
-0.001468
0.081669
-0.001468
-0.029173
-0.056900
-0.001468
-0.029196
-0.015335
-0.001468
-0.056954
-0.029223
0.012410
0.026283
-0.015343
-0.015344
0.026283
-0.015343
-0.029223
0.012410
-0.001468
0.026283
-0.001468
0.026275
0.067856
0.026248
-0.043045
-0.001468
-0.029196
0.012397
-0.001468
-0.015333
-0.029203
-0.029211
-0.015343
-0.015344
0.123350
-0.112410
0.026279
-0.056970
0.067904
0.012401
-0.029207
-0.001468
0.026271
0.053987
-0.084663
-0.001468
0.012402
-0.001468
0.067856
0.053957
-0.029177
0.053941
-0.043022
-0.001468
-0.001468
0.040086
0.026225
0.012376
-0.015312
-0.070715
0.053934
0.040063
0.012372
-0.056839
0.026221
END
