y[]
-0.000195
-0.000195
-0.036121
-0.012173
-0.012174
0.035740
0.011781
0.011779
-0.012169
0.023752
-0.024141
-0.096038
-0.024170
-0.000195
0.023780
-0.012182
-0.060150
-0.072189
-0.024204
0.047819
-0.096245
-0.096337
-0.084395
0.120070
-0.108426
0.083995
0.035865
-0.012213
0.035856
-0.048266
-0.000195
0.023844
-0.012213
0.023841
-0.012212
0.047865
-0.036237
-0.012212
-0.024233
0.011825
0.023841
0.023835
-0.000195
0.011818
-0.012208
-0.000195
-0.000195
-0.000195
-0.000195
-0.000195
-0.024225
-0.000195
-0.012212
-0.036255
-0.000195
-0.024242
-0.012221
0.011831
0.011829
-0.000195
-0.012219
0.011829
0.011828
-0.024242
-0.000195
-0.000195
-0.000195
-0.012221
-0.000195
-0.000195
-0.000195
-0.000195
-0.000195
-0.012222
0.011832
-0.012222
-0.012223
-0.000195
-0.012225
0.011835
-0.012225
0.011835
-0.000195
-0.000195
0.011834
0.011832
-0.012222
0.023858
-0.024248
0.011832
-0.000195
-0.012222
0.011832
-0.000195
0.011831
-0.012221
-0.000195
-0.012222
0.011832
-0.012222
-0.000195
-0.000195
-0.000195
-0.000195
-0.000195
-0.000195
0.011832
0.011831
-0.000195
-0.000195
-0.000195
-0.012221
-0.012222
-0.000195
0.011832
-0.000195
0.011831
-0.012221
-0.000195
-0.000195
0.011831
-0.000195
-0.000195
0.011829
0.047888
0.035852
-0.000195
0.047847
-0.000195
-0.036224
0.011816
-0.024219
0.011818
-0.048254
-0.000195
-0.000195
0.011822
-0.000195
-0.000195
-0.072319
0.035874
-0.036263
0.035874
0.035861
-0.000195
0.059869
-0.012205
-0.000195
0.011815
-0.036229
-0.036242
-0.012213
0.011824
0.047865
-0.000195
-0.012208
-0.012209
-0.000195
-0.012210
-0.000195
-0.000195
0.011821
-0.024227
-0.024233
-0.000195
-0.012216
-0.000195
-0.012218
-0.000195
-0.012219
0.011829
-0.000195
-0.024245
0.011831
0.011829
-0.000195
0.011828
-0.000195
-0.000195
-0.000195
0.011827
-0.024239
-0.000195
-0.000195
-0.000195
-0.012219
-0.000195
0.023852
-0.000195
-0.000195
0.023847
0.011824
-0.000195
-0.012213
-0.000195
-0.000195
-0.012215
0.011825
-0.000195
-0.012215
-0.000195
-0.012216
-0.000195
0.011827
0.023844
0.011822
0.023835
-0.000195
-0.000195
-0.072302
-0.000195
-0.000195
0.011827
-0.000195
0.023844
0.011822
-0.000195
0.023835
-0.012209
0.035843
-0.012206
0.011816
-0.012206
0.011816
-0.048249
-0.048272
0.035865
0.047865
0.011816
-0.036233
-0.012210
0.023835
0.035839
-0.012205
-0.000195
-0.048249
-0.012212
-0.000195
0.011822
-0.012212
0.011822
0.011821
-0.024227
0.011822
0.011821
0.059862
-0.048237
0.035839
0.047830
-0.108283
0.035848
-0.000195
-0.024222
0.035843
-0.000195
0.035830
-0.024210
0.047830
-0.012199
-0.036216
0.059833
-0.012197
-0.012199
0.071808
-0.000195
0.011801
-0.036185
0.023800
-0.012192
-0.000195
-0.060201
0.011809
-0.000195
-0.048220
0.023821
-0.024210
-0.024216
-0.000195
-0.000195
-0.024222
0.059862
-0.012203
-0.000195
0.011814
-0.072267
0.023835
-0.072302
0.047882
-0.048272
0.011827
-0.024239
-0.012219
-0.060338
-0.024262
-0.000195
-0.000195
-0.000195
-0.012231
-0.048353
0.023887
0.023881
0.059970
-0.036289
0.011838
-0.024262
-0.000195
-0.072432
-0.024285
-0.000195
-0.012242
0.035943
0.023890
0.011845
-0.048364
0.035935
-0.036324
-0.024288
-0.000195
0.011853
-0.000195
-0.048393
0.023907
0.035948
0.011850
-0.000195
0.035930
0.011844
-0.012234
-0.000195
-0.024277
-0.048376
0.023899
-0.000195
-0.024288
-0.024294
-0.024300
0.011858
0.011857
-0.000195
0.011856
0.011854
-0.012244
-0.024297
-0.000195
0.023907
-0.000195
-0.000195
-0.048405
0.035965
-0.000195
0.047998
-0.012241
-0.000195
0.011851
-0.000195
-0.012241
-0.012242
0.023899
-0.012241
-0.036342
-0.024300
0.011858
0.023907
0.023902
0.011851
-0.000195
-0.012241
0.023896
0.011848
-0.000195
0.023887
-0.024277
-0.024282
0.072051
0.011841
-0.036307
0.059985
-0.012228
-0.000195
0.023870
-0.060367
-0.000195
0.011843
0.084026
-0.048312
-0.036298
0.096052
0.083945
-0.072310
-0.000195
-0.000195
0.047888
0.119911
0.047807
-0.072206
0.035817
0.035804
-0.000195
-0.084213
-0.024213
-0.012206
0.107855
-0.024196
-0.012197
-0.000195
-0.072241
0.047842
-0.012202
0.011812
0.011811
-0.012200
-0.024210
-0.096314
0.035861
-0.000195
0.035848
-0.012208
-0.060280
0.011825
-0.072336
-0.048318
0.059956
-0.024251
-0.072397
0.047946
0.011837
0.023864
0.035882
-0.048301
-0.000195
0.059934
0.047882
0.095890
-0.036216
-0.012205
0.023823
0.011812
-0.012202
0.011812
0.011811
-0.012200
-0.036220
0.011815
-0.024216
0.023826
0.011814
-0.036224
0.023826
0.035826
-0.000195
0.047813
-0.024196
-0.024202
-0.012200
-0.072258
-0.036246
-0.012215
0.011825
0.059883
0.011816
-0.024219
0.035839
0.011814
-0.000195
0.095821
0.035787
-0.012187
0.011798
-0.012187
-0.012189
0.023792
0.023786
-0.036168
-0.000195
-0.000195
-0.012189
-0.036185
-0.036198
0.011808
0.023806
-0.048202
0.071808
-0.012192
-0.048197
0.023809
0.047796
-0.000195
-0.012190
0.011801
-0.012190
0.011801
-0.036185
-0.000195
0.035796
-0.000195
0.023792
0.011796
-0.000195
-0.024179
-0.012189
0.011799
-0.000195
0.023789
0.047755
0.011789
0.035748
-0.012174
0.035740
-0.012172
-0.000195
0.047704
-0.036117
0.011781
0.011779
-0.012169
0.011779
-0.048099
0.023760
0.011781
0.035723
-0.060064
-0.012173
0.011783
-0.000195
0.035731
-0.000195
0.011778
0.011776
-0.000195
0.035710
-0.000195
0.035697
-0.012157
-0.000195
-0.000195
0.011768
-0.000195
0.011766
-0.012156
-0.000195
-0.012157
-0.000195
0.011768
-0.012157
-0.000195
-0.000195
-0.000195
0.011768
0.059596
-0.012150
-0.024110
-0.000195
-0.012154
0.023723
-0.024113
-0.000195
-0.012156
-0.036086
-0.012162
0.047664
-0.012157
0.011768
-0.012157
-0.000195
-0.012159
0.023731
0.011766
-0.024118
0.011768
-0.000195
-0.000195
-0.000195
-0.000195
-0.000195
-0.000195
-0.012157
-0.000195
-0.000195
-0.024124
-0.000195
-0.000195
0.023734
0.011768
-0.024121
-0.000195
-0.012160
0.035697
-0.024121
-0.000195
0.011769
-0.000195
-0.000195
0.035688
0.023720
0.023714
-0.024104
0.035667
-0.000195
-0.024101
0.011759
0.023709
-0.036052
-0.000195
-0.000195
-0.000195
-0.000195
0.011759
-0.024104
0.011760
-0.000195
-0.000195
-0.000195
-0.012150
0.011760
-0.000195
-0.000195
-0.000195
0.011759
-0.048019
0.023720
0.011760
-0.012150
0.011760
-0.000195
0.011759
-0.012149
-0.012150
-0.024110
0.011763
-0.036074
-0.024121
-0.012160
-0.036099
0.023743
-0.000195
-0.024133
-0.000195
0.011775
-0.012164
0.011775
-0.024135
-0.012167
0.011778
-0.024141
0.011779
-0.024144
-0.060093
-0.024164
0.023775
-0.000195
-0.012179
0.023772
-0.012177
0.011788
-0.000195
-0.000195
0.011786
-0.012176
0.011786
-0.000195
0.023763
0.011782
0.011781
-0.000195
-0.012170
-0.000195
-0.024150
-0.000195
0.011783
0.011782
0.011781
-0.000195
-0.012170
-0.000195
-0.012172
0.011782
0.011781
-0.012170
0.023754
-0.000195
-0.012169
0.011779
-0.000195
-0.000195
0.023749
-0.000195
-0.012166
-0.012167
-0.000195
0.023749
-0.000195
-0.000195
-0.012166
-0.012167
0.011778
-0.012167
-0.000195
-0.000195
-0.012169
0.011779
0.011778
0.011776
-0.000195
-0.000195
-0.000195
-0.000195
-0.024138
0.011778
0.011776
-0.000195
-0.000195
0.011775
0.023740
0.011770
-0.024127
-0.000195
-0.000195
-0.000195
-0.000195
0.023737
0.011769
-0.000195
-0.012159
0.011769
-0.000195
-0.000195
0.035688
-0.000195
0.023720
-0.000195
0.011760
-0.024107
0.011762
-0.000195
0.011760
-0.012150
-0.000195
END
