y[]
0.061626
0.093261
0.061525
-0.033451
0.093141
0.061445
0.014008
-0.049215
0.029820
-0.096672
-0.112599
0.045706
0.172186
-0.080841
-0.080903
-0.096808
-0.176219
-0.081180
0.125188
-0.097019
-0.033557
0.045842
-0.001796
-0.049434
-0.033567
-0.160804
0.077740
0.157086
-0.033552
-0.017678
0.014086
-0.081230
0.188741
0.014066
-0.017657
0.093337
0.093246
0.014036
0.077324
-0.065087
-0.033456
0.045691
0.045669
0.061455
-0.096687
0.029845
-0.065087
-0.001796
-0.033456
-0.112687
0.029900
0.093231
0.014033
-0.001796
0.061495
-0.175943
-0.065197
0.045759
0.061576
0.014041
0.077349
-0.049275
0.045684
0.045661
0.014018
-0.017610
0.045639
-0.065047
-0.017615
-0.001796
0.029840
-0.049253
0.061475
0.061435
-0.033406
0.045616
-0.080828
0.045631
-0.001796
-0.017602
0.014011
-0.065037
-0.033431
0.045654
0.014016
-0.096702
-0.065117
0.045699
-0.049290
-0.065157
-0.081054
0.045767
0.014053
-0.081066
0.029920
0.061606
0.077400
-0.017630
0.061525
0.061485
-0.017612
-0.033436
-0.049275
-0.065137
0.077375
-0.033456
0.045691
-0.017622
0.014031
0.045669
0.061455
-0.049230
-0.080903
0.029855
0.061475
0.077237
0.061385
-0.049178
-0.001796
-0.033396
-0.033406
-0.001796
0.029815
0.029805
-0.144077
0.045654
0.029825
-0.033416
0.061435
0.029805
-0.033396
0.045601
-0.033391
0.077174
-0.001796
0.045556
0.013983
0.092827
0.061236
-0.033307
-0.064847
-0.049111
-0.096493
0.029780
0.013988
-0.033366
-0.112372
0.029810
-0.017597
-0.001796
-0.033406
0.014011
-0.017602
-0.033416
-0.001796
-0.017610
0.014018
-0.017610
-0.017612
-0.001796
0.014021
-0.001796
-0.001796
0.014018
-0.017610
-0.001796
-0.001796
-0.001796
-0.001796
-0.017612
-0.033436
-0.049275
0.061505
-0.033441
0.014028
-0.033446
0.029855
-0.017620
0.045669
0.029835
-0.017610
-0.001796
-0.017612
-0.001796
0.029835
-0.033426
-0.017615
0.014023
-0.017615
-0.017617
0.014026
0.014023
-0.017615
-0.001796
-0.017617
0.014026
-0.017617
-0.049275
-0.017627
-0.001796
-0.096838
-0.001796
-0.001796
-0.017645
0.014053
0.014051
0.014048
0.014046
-0.017637
-0.065187
-0.017650
-0.001796
0.014058
-0.049366
-0.097004
0.045820
-0.049411
0.045820
0.014071
-0.017662
-0.049411
0.014079
-0.001796
0.045812
0.125047
0.014048
0.045721
-0.001796
-0.017632
-0.017635
0.014043
-0.001796
0.014041
-0.033471
-0.001796
-0.001796
-0.001796
-0.033481
-0.001796
-0.017642
-0.017645
0.014053
-0.049351
0.014058
-0.017650
-0.065237
-0.001796
-0.033532
0.109236
-0.017650
-0.001796
0.077450
-0.017640
0.029890
-0.065177
-0.033502
-0.017652
-0.033517
-0.001796
0.029925
-0.049381
-0.144687
0.109359
-0.001796
0.077525
-0.065248
0.029935
-0.001796
0.029925
0.014061
-0.033512
-0.001796
-0.081129
0.014076
-0.033542
-0.081205
0.061737
0.029955
-0.001796
-0.033547
0.061696
-0.001796
-0.017665
-0.049419
0.061696
-0.049411
0.014079
-0.001796
-0.017670
-0.017673
0.029955
0.014076
0.014073
-0.017665
0.014073
-0.033537
-0.017670
0.014079
0.045812
0.061646
-0.001796
0.061606
-0.065197
0.045759
0.014051
-0.033491
-0.001796
-0.001796
-0.001796
-0.001796
-0.001796
-0.001796
-0.017647
0.014056
-0.017647
-0.001796
-0.033507
-0.065248
-0.017665
0.045804
-0.001796
-0.001796
0.093337
0.045737
-0.033481
-0.033491
0.029900
0.029890
-0.033481
-0.001796
-0.033491
-0.049358
-0.033517
-0.017660
0.045789
0.014061
0.014058
-0.049366
0.014063
0.014061
0.014058
-0.001796
0.045752
-0.065197
0.045759
-0.049351
0.045759
0.029895
-0.001796
0.014046
-0.001796
-0.001796
0.029880
0.014038
-0.001796
-0.017630
-0.017632
-0.001796
0.029875
0.029865
-0.017625
0.014033
-0.049290
-0.112704
-0.017650
0.029910
0.109095
-0.017630
-0.017632
-0.033476
0.029885
0.093186
-0.033446
-0.033456
0.093156
-0.017615
0.029840
-0.112564
-0.001796
0.093156
0.045646
0.093021
0.029790
0.013993
0.029775
-0.033366
0.013991
-0.001796
-0.017582
-0.017585
0.092901
-0.033351
0.013983
-0.001796
0.092827
0.013966
0.029720
-0.049073
0.029725
-0.017555
0.013963
-0.017555
-0.001796
-0.033322
-0.049103
-0.001796
0.013976
0.013973
-0.001796
0.029735
-0.001796
0.029725
0.029715
-0.033307
-0.017555
0.045474
-0.001796
-0.033307
0.013961
-0.001796
-0.017552
-0.001796
-0.001796
-0.017555
0.029720
0.045459
0.061177
0.029676
-0.001796
0.013936
-0.064738
-0.001796
0.029680
-0.017533
0.013941
0.013939
-0.033267
0.029676
-0.001796
-0.017530
-0.017533
-0.001796
-0.033277
-0.049036
0.045445
-0.001796
-0.017540
-0.033292
0.045445
-0.033287
0.013951
0.029690
0.029680
0.013939
-0.049006
-0.001796
0.045415
-0.001796
0.029666
0.013931
-0.001796
0.013929
0.029646
-0.033237
0.061078
-0.001796
-0.017510
0.029631
0.029621
-0.064639
-0.017513
-0.033237
-0.001796
0.013926
-0.017518
0.029646
-0.017515
0.013924
-0.001796
-0.001796
-0.033237
0.045363
-0.064679
-0.127681
0.061167
0.045400
-0.017525
-0.017528
-0.001796
0.076839
0.061068
-0.017508
-0.033227
0.029636
-0.001796
-0.017510
0.013919
0.108138
0.029592
0.045267
0.045245
0.107879
0.045171
-0.080086
0.029528
-0.095795
0.013877
-0.033144
0.045222
-0.001796
-0.001796
0.013872
0.013870
-0.048799
-0.064502
-0.001796
-0.064541
-0.080283
0.045304
0.108017
-0.048844
-0.001796
-0.080258
-0.064610
0.029616
0.076691
0.013894
0.029577
0.013887
-0.048851
0.045259
-0.111626
0.013902
-0.080307
-0.096091
-0.033247
0.013931
0.013929
0.076790
0.045326
-0.033208
-0.033218
-0.080394
0.045370
0.045348
0.029621
-0.143250
0.092529
-0.064669
0.092499
-0.017505
-0.001796
-0.033223
0.013919
-0.033227
0.123872
0.029596
-0.064590
0.045304
0.045282
0.029577
0.013887
-0.048851
0.013892
0.029572
-0.048851
-0.017486
-0.033183
0.123694
-0.017473
-0.033158
-0.017481
0.013889
-0.001796
-0.080246
0.013899
0.045274
-0.017483
0.060939
0.013882
0.029552
0.045208
-0.033129
-0.017466
0.060871
0.045178
0.013857
-0.033104
0.013860
-0.001796
-0.064433
-0.001796
0.076494
-0.048762
-0.033119
0.045186
-0.017454
0.076470
-0.064403
-0.048777
0.029528
-0.033119
-0.001796
0.060841
0.045156
-0.033095
0.060792
0.013845
-0.080025
0.013855
-0.001796
0.013852
0.013850
-0.017442
0.013850
-0.001796
0.029488
0.045112
0.076335
-0.017417
-0.033046
0.013830
-0.017422
0.029454
-0.017420
0.013828
0.013826
-0.064296
-0.001796
0.013833
-0.017424
-0.001796
0.045083
-0.111214
-0.080025
0.045149
0.045127
-0.001796
-0.064364
-0.033095
-0.001796
-0.064423
0.013865
-0.017456
-0.064462
-0.001796
0.029542
-0.001796
0.029533
-0.017459
0.013867
-0.033124
0.029533
-0.001796
0.013865
-0.017456
0.013865
-0.001796
0.013862
0.013860
-0.001796
-0.001796
-0.001796
-0.017451
-0.064443
0.013870
-0.001796
-0.001796
-0.001796
-0.033129
-0.001796
-0.017466
0.013875
-0.001796
0.029537
-0.017461
-0.001796
0.013870
-0.017461
-0.001796
-0.001796
-0.001796
-0.001796
-0.017464
0.013872
-0.017464
0.013872
0.013870
-0.001796
0.013867
-0.033124
0.013870
-0.033129
0.013872
-0.001796
-0.033134
-0.001796
-0.017469
0.013877
-0.001796
-0.001796
0.013875
-0.001796
-0.001796
-0.033139
0.013877
0.013875
-0.017466
0.029542
-0.033134
0.045208
-0.001796
-0.001796
-0.017461
0.029533
-0.001796
-0.001796
-0.001796
-0.001796
-0.017459
-0.048799
0.013875
0.060861
-0.033119
-0.017461
-0.017464
0.013872
0.045193
-0.017456
0.013865
-0.001796
0.013862
-0.017454
-0.017456
0.029523
-0.001796
0.029513
END
