y[]
-0.014270
-0.000836
-0.000836
-0.000836
-0.014272
-0.014274
-0.000836
-0.014276
0.012604
-0.000836
-0.027718
-0.000836
-0.000836
-0.041172
-0.000836
-0.000836
0.012611
-0.027732
-0.000836
-0.000836
-0.014287
-0.027743
0.026071
-0.000836
-0.000836
0.012615
-0.000836
0.012613
-0.000836
0.012611
0.012609
-0.014281
0.012609
-0.000836
-0.014281
-0.000836
0.026053
-0.027725
-0.000836
-0.014283
-0.014285
0.012613
-0.000836
-0.000836
-0.014285
0.012613
0.026057
-0.000836
0.012608
-0.000836
0.039484
-0.000836
-0.000836
0.012600
-0.027710
-0.000836
0.012602
-0.000836
-0.000836
-0.000836
0.026035
-0.014270
0.012599
-0.000836
-0.000836
-0.000836
-0.000836
0.026028
-0.014267
0.012595
-0.014267
-0.000836
-0.014269
-0.014270
-0.000836
0.012599
-0.000836
-0.000836
0.026028
-0.014267
-0.000836
-0.014269
0.026028
-0.027700
-0.014270
0.012599
-0.000836
-0.014270
-0.000836
0.012599
-0.041145
-0.000836
-0.000836
-0.000836
0.012602
0.012600
-0.000836
-0.014272
0.012600
-0.000836
-0.000836
0.026031
-0.014269
0.012597
-0.027703
-0.000836
-0.000836
-0.000836
0.012599
-0.014270
-0.000836
0.012599
0.012597
-0.014269
-0.000836
-0.014270
-0.000836
-0.000836
0.012599
-0.000836
0.012597
-0.014269
0.012597
-0.000836
-0.014269
-0.000836
0.012597
0.026024
-0.014265
-0.000836
-0.000836
-0.014267
0.012595
-0.000836
-0.000836
-0.000836
-0.000836
-0.014267
-0.000836
0.012595
-0.000836
-0.014267
0.012595
0.039446
0.012588
-0.000836
-0.014260
-0.000836
-0.000836
-0.027689
-0.014265
0.012593
0.039441
0.052841
0.025992
-0.041080
-0.000836
0.012581
-0.041091
0.012584
-0.027678
-0.041112
-0.014265
0.079712
-0.027678
0.026006
0.039414
-0.027667
-0.014254
0.066238
0.012573
0.039381
-0.014240
-0.000836
-0.000836
-0.000836
-0.000836
0.039371
-0.000836
0.039354
-0.014231
-0.014233
-0.000836
0.012561
-0.000836
-0.027631
-0.014236
0.025963
0.012561
0.012559
-0.000836
0.012557
-0.000836
0.052719
-0.027610
-0.027617
-0.000836
-0.014229
-0.000836
-0.000836
0.012557
-0.000836
0.025945
-0.027617
0.012555
-0.027620
0.025949
-0.041015
-0.000836
-0.000836
0.012559
-0.027628
-0.014234
0.012563
0.012561
0.012559
0.039338
-0.000836
-0.027617
0.025945
-0.067802
0.025956
-0.054426
0.025963
-0.041037
-0.000836
-0.027646
0.039376
-0.027642
0.012568
-0.027646
0.012570
-0.000836
-0.014242
-0.027653
0.012573
-0.014245
0.039387
-0.014242
0.039376
0.025963
-0.014234
-0.014236
0.025963
0.025956
-0.014231
0.012559
0.012557
0.025945
-0.027617
0.025945
-0.027617
-0.000836
-0.000836
-0.014229
0.025949
-0.027620
0.012557
0.012555
-0.027620
0.012557
-0.000836
-0.000836
-0.014229
-0.027628
-0.000836
0.025956
-0.000836
-0.014231
-0.014233
0.012561
-0.067838
-0.067882
-0.000836
0.025988
-0.000836
-0.027660
-0.000836
0.012577
-0.041080
-0.041096
0.066256
-0.027667
-0.000836
0.039408
0.039392
-0.000836
0.025974
-0.054462
-0.014247
0.025985
0.106374
-0.067829
-0.108118
-0.094802
-0.027700
0.026028
-0.081449
0.039479
0.093168
0.066256
0.025988
0.066193
-0.081276
-0.000836
0.039392
0.119751
0.092853
-0.000836
0.066031
-0.000836
-0.040951
0.066014
0.025891
-0.054298
-0.040951
0.039279
-0.000836
-0.014206
-0.067712
-0.107931
0.039338
-0.014225
0.025941
0.012550
-0.000836
-0.014222
-0.121390
-0.108118
0.012581
0.025992
-0.161910
0.026028
-0.094890
0.052920
0.012599
0.052884
-0.027692
-0.014267
-0.000836
-0.014269
-0.027707
-0.068045
-0.121926
-0.054701
0.079950
-0.041221
-0.068180
0.106894
0.026078
0.066418
-0.041183
-0.027743
-0.027750
0.066436
-0.027739
0.052964
-0.095004
-0.027757
0.066454
0.012617
-0.027743
-0.041210
0.026082
-0.054679
-0.000836
-0.135570
-0.081764
-0.068326
0.039664
-0.108871
-0.054897
-0.027878
-0.068472
-0.041440
0.012700
0.053291
-0.203964
0.080465
0.039790
0.012702
0.026235
-0.000836
0.120893
0.026195
-0.000836
-0.109002
-0.027896
0.012695
-0.014367
0.107360
0.093740
0.053167
0.012660
0.012658
0.080092
-0.054781
0.053109
0.039604
-0.068244
0.066572
-0.095220
-0.027819
0.107054
0.093472
-0.000836
-0.014303
-0.027776
-0.041259
0.093459
-0.014301
0.133736
0.052942
0.120059
-0.027689
0.133356
0.012573
0.039381
0.025967
0.039354
-0.041026
0.012563
0.012561
-0.000836
-0.014233
-0.027635
-0.000836
-0.000836
-0.054455
-0.054484
0.066220
0.025974
-0.014240
0.025970
0.039360
-0.014233
-0.000836
-0.000836
-0.000836
-0.000836
0.012561
-0.000836
-0.014233
0.012561
-0.000836
-0.014233
0.012561
0.012559
-0.027628
0.025956
-0.014231
-0.000836
-0.000836
-0.027631
-0.014236
-0.000836
-0.014238
0.025967
-0.000836
-0.000836
0.039354
0.012557
-0.027624
0.025952
0.039333
-0.000836
0.039317
-0.014218
0.012547
-0.000836
-0.014218
-0.000836
-0.000836
-0.014220
-0.014222
0.012550
-0.000836
-0.000836
-0.014222
-0.000836
0.025934
-0.014220
0.012548
-0.000836
-0.000836
-0.014220
-0.000836
-0.000836
-0.014222
-0.014224
0.012552
-0.000836
-0.014224
-0.014225
-0.000836
-0.000836
0.012554
-0.027617
0.012555
-0.000836
-0.000836
-0.014227
-0.000836
0.012555
-0.000836
-0.014227
0.012555
-0.000836
0.012554
-0.014225
-0.014227
0.012555
-0.014227
0.012555
-0.014227
0.012555
-0.000836
-0.000836
-0.014227
-0.000836
0.012555
0.012554
-0.014225
-0.000836
0.012554
-0.014225
0.012554
-0.014225
-0.000836
-0.000836
-0.014227
-0.000836
-0.014229
-0.000836
-0.000836
-0.000836
0.025949
-0.027620
-0.000836
-0.000836
-0.000836
-0.000836
-0.000836
-0.000836
0.025949
0.025941
-0.014224
-0.014225
0.012554
0.012552
-0.000836
0.025934
-0.014220
0.012548
0.012547
0.012545
-0.014216
-0.000836
0.012545
0.052669
-0.014209
0.012538
-0.000836
-0.014209
-0.000836
-0.014211
-0.000836
-0.000836
-0.000836
0.012539
-0.014211
-0.000836
-0.000836
-0.000836
-0.000836
0.012539
-0.000836
-0.014211
-0.000836
-0.027592
-0.000836
0.012543
-0.000836
-0.014215
-0.000836
0.012543
-0.014215
-0.000836
-0.000836
-0.014216
-0.000836
-0.000836
-0.000836
-0.000836
-0.000836
-0.000836
-0.000836
0.012545
-0.014216
0.025924
0.012541
-0.000836
-0.000836
0.012539
-0.014211
-0.000836
-0.014213
-0.000836
-0.014215
-0.000836
-0.040983
0.012548
-0.014220
0.012548
-0.027606
0.012550
-0.000836
-0.000836
-0.000836
0.012548
-0.000836
0.025927
-0.014216
-0.000836
-0.000836
0.039301
-0.014213
0.012541
0.012539
0.012538
-0.000836
-0.000836
-0.014209
-0.027588
0.012541
0.012539
-0.014211
-0.014213
-0.014215
0.025920
0.012539
-0.000836
-0.014211
-0.000836
0.012539
-0.000836
0.025909
0.039268
-0.027570
-0.014206
0.012534
-0.014206
-0.000836
0.039268
-0.027570
0.025899
0.012529
-0.014200
0.012529
0.012527
-0.014199
-0.027567
-0.000836
0.012530
-0.000836
-0.027570
-0.014206
0.025902
-0.027574
0.012534
0.012532
-0.027574
-0.027581
0.025909
-0.000836
0.012534
-0.027577
0.025906
-0.054326
-0.014213
0.012541
0.012539
0.012538
0.025906
0.012532
0.012530
-0.027570
-0.000836
0.012532
0.012530
-0.014202
-0.014204
-0.000836
-0.000836
0.012532
0.012530
-0.014202
0.025895
0.012527
-0.000836
-0.000836
-0.027563
0.025891
0.025884
-0.027556
0.012525
-0.000836
-0.014197
0.025884
0.039231
-0.000836
-0.027545
0.025874
-0.040903
-0.014195
0.025881
-0.000836
0.025874
0.012516
-0.027542
-0.000836
0.012518
-0.000836
0.012516
-0.027542
-0.000836
-0.014191
0.012520
-0.000836
0.012518
-0.014190
-0.000836
0.025870
-0.014188
-0.014190
-0.000836
0.025870
END
