y[]
0.000712
0.014862
0.000712
0.029005
-0.013433
0.000712
0.000712
0.014858
-0.013433
0.000712
0.014858
0.014856
-0.013431
-0.013433
0.000712
0.014858
-0.013433
0.000712
0.000712
-0.013435
0.000712
0.000712
0.000712
0.000712
0.014860
0.000712
0.000712
0.000712
0.014858
0.000712
-0.027580
0.000712
0.000712
0.000712
0.014860
-0.013435
0.014860
0.000712
0.000712
-0.027584
0.000712
0.014862
0.000712
0.043148
-0.013431
0.014856
-0.013431
0.000712
0.000712
0.000712
0.000712
0.014856
-0.013431
0.000712
0.000712
0.000712
0.014856
-0.013431
-0.013433
0.000712
0.000712
0.000712
-0.013435
0.000712
0.014860
0.000712
-0.013435
0.014860
-0.013435
0.000712
0.000712
0.014860
0.000712
0.014858
0.000712
0.000712
-0.027580
0.000712
0.000712
0.000712
-0.013437
0.014862
-0.013437
0.029009
0.000712
0.014858
-0.013433
0.014858
0.000712
0.000712
-0.013433
0.014858
0.000712
0.000712
-0.013433
0.029001
0.000712
0.000712
0.014854
0.014852
-0.013427
0.000712
0.014852
0.000712
0.000712
0.043118
-0.013421
0.014846
0.000712
0.000712
0.000712
0.000712
-0.013421
-0.041700
0.028989
-0.013425
0.000712
0.014850
0.028981
0.000712
0.014844
0.014842
0.000712
0.000712
0.014840
0.000712
-0.013415
-0.013417
0.014842
-0.027548
0.014844
-0.013419
0.000712
0.014844
-0.027552
0.014846
-0.027556
0.043112
0.014842
-0.013417
0.071339
-0.013409
0.043070
0.014828
-0.013403
-0.013405
0.000712
0.014830
-0.013405
0.028945
0.000712
0.014826
0.000712
0.000712
0.000712
0.014824
0.028929
0.000712
-0.013395
0.000712
0.000712
-0.013397
0.014822
0.014820
0.000712
0.014818
0.014816
0.000712
-0.013391
-0.013393
0.014818
0.000712
0.043016
-0.013387
-0.027493
0.028917
-0.013389
-0.027496
0.000712
-0.013395
0.000712
-0.013397
0.000712
0.000712
0.014822
0.000712
0.014820
-0.013395
0.000712
0.014820
0.000712
0.014818
0.000712
-0.013393
-0.027504
0.014822
-0.013397
0.014822
0.000712
0.014820
-0.013395
0.000712
0.000712
-0.013397
-0.013399
0.028933
0.014820
-0.027504
0.000712
-0.013399
0.000712
0.000712
0.014824
-0.027512
0.014826
-0.013401
0.014826
0.000712
0.000712
0.000712
-0.027516
-0.013405
0.000712
-0.041652
0.043076
0.014830
-0.041646
0.028953
0.028945
-0.041640
0.014832
0.014830
0.000712
0.000712
-0.013405
-0.055777
0.000712
0.000712
-0.027544
0.043094
-0.013413
0.014838
-0.084069
0.043112
0.014842
-0.027548
-0.027556
0.014848
0.000712
0.028977
0.014842
0.028965
-0.027540
0.000712
-0.055817
-0.084141
0.085566
0.000712
0.028981
-0.041694
0.014850
-0.027564
-0.027572
-0.013433
-0.013435
-0.041742
0.029017
0.000712
-0.027592
0.000712
0.014866
0.014864
-0.013439
0.014864
0.014862
-0.070054
0.071479
0.071429
-0.027568
0.014854
0.014852
-0.055857
0.000712
0.043142
-0.041718
0.043142
-0.027572
-0.027580
-0.013437
-0.013439
-0.084237
-0.055961
0.014884
-0.013459
-0.013461
-0.084370
0.000712
0.029081
0.014894
-0.013469
-0.013471
0.000712
-0.013473
0.029081
-0.013471
0.029077
0.029069
-0.027644
0.029069
-0.013465
-0.013467
-0.013469
0.014894
-0.041838
0.014898
0.071609
-0.013463
0.000712
-0.013465
0.014890
0.043232
0.029049
0.000712
-0.013455
0.000712
0.014880
0.000712
-0.041796
0.014884
0.000712
0.014882
0.000712
0.000712
-0.084334
0.000712
0.000712
-0.056025
0.000712
0.029085
0.000712
0.000712
-0.041850
-0.070265
0.043305
0.014906
-0.013481
-0.027681
-0.084515
0.185280
0.170780
-0.254498
0.029101
-0.041874
-0.340634
0.086158
-0.127484
-0.127648
0.171823
0.000712
0.100392
-0.027757
0.071871
-0.113167
0.000712
0.029194
-0.042014
0.043438
0.071882
0.014940
0.014938
0.142859
-0.084551
-0.027725
-0.027733
-0.013514
0.071821
-0.027725
0.000712
0.029150
0.014928
0.071760
-0.041910
0.057539
-0.027697
0.029121
-0.041904
-0.027709
-0.056154
0.086000
-0.041923
-0.027721
0.014930
0.085976
0.000712
0.029117
0.014912
-0.013487
0.000712
-0.013489
0.014914
-0.013489
-0.013491
-0.013493
0.014918
-0.013493
-0.013495
0.000712
0.000712
0.014920
0.000712
-0.013495
-0.013497
-0.013499
-0.098826
0.029162
0.000712
0.000712
-0.041965
0.014940
0.000712
-0.027745
-0.041989
-0.027766
0.014952
0.029186
-0.027762
0.014950
-0.013526
0.000712
-0.013528
-0.056268
0.014960
-0.027786
-0.042050
0.014968
0.029219
0.000712
-0.013540
-0.013542
-0.013544
0.014968
-0.013544
0.014968
0.014966
-0.013542
-0.013544
0.029223
0.000712
-0.013542
0.014966
-0.013542
-0.013544
0.029223
0.043463
0.014958
-0.027782
0.014960
0.000712
-0.042038
0.029214
0.000712
0.014960
-0.013536
0.029206
0.000712
0.014956
-0.013532
0.000712
-0.013534
-0.027786
0.000712
0.000712
-0.013540
0.000712
0.029214
0.000712
-0.013538
0.014962
0.000712
-0.027790
-0.056317
-0.013550
0.029235
0.000712
-0.013548
0.000712
0.000712
-0.013550
0.014975
-0.013550
0.000712
0.014975
-0.013550
-0.027818
0.014979
0.029239
0.000712
0.000712
-0.013550
0.014975
0.000712
-0.013550
-0.013552
0.000712
0.029239
-0.013550
0.014975
0.000712
0.000712
-0.013550
0.014975
0.000712
0.000712
0.000712
-0.013550
0.014975
0.000712
0.000712
0.000712
0.029231
0.000712
0.014968
-0.056325
0.014975
0.014973
0.000712
0.000712
0.029227
0.014966
0.000712
0.000712
0.029214
0.029206
0.000712
0.014956
-0.027778
-0.013536
0.000712
0.000712
-0.013538
0.000712
0.014962
0.000712
-0.013538
0.000712
0.000712
-0.013540
-0.027798
0.014968
0.000712
0.000712
0.000712
0.043469
0.014960
-0.027786
0.000712
0.000712
-0.013540
-0.013542
0.000712
-0.027802
0.014970
0.000712
0.000712
0.000712
0.000712
0.000712
0.000712
-0.013546
0.000712
-0.013548
0.014973
-0.027810
0.014975
0.000712
-0.013550
0.014975
-0.042081
-0.013556
0.000712
0.000712
0.014981
0.014979
0.029239
-0.042081
0.057765
-0.013548
0.014973
0.000712
0.000712
-0.013548
-0.013550
0.014975
-0.027814
0.014977
0.014975
0.000712
-0.013550
0.043493
0.014968
0.014966
0.014964
0.014962
0.000712
0.000712
0.029206
-0.027782
0.000712
0.014960
0.000712
-0.013536
0.000712
0.000712
0.000712
-0.013538
0.000712
0.000712
0.000712
-0.013540
0.029214
-0.013538
0.000712
-0.013540
0.000712
-0.013542
0.000712
0.000712
0.029219
0.029210
-0.013536
0.071932
0.029186
-0.013524
-0.013526
0.000712
-0.056260
0.014958
-0.013534
-0.013536
0.000712
0.029206
-0.013534
0.043444
-0.013530
-0.042026
0.029206
0.000712
-0.013534
-0.013536
0.029206
-0.027782
0.000712
0.000712
0.014960
-0.042038
0.014964
-0.027794
0.029219
0.043456
0.043438
0.000712
0.000712
0.000712
0.000712
0.043420
-0.013522
-0.013524
0.014948
0.000712
-0.042001
0.014952
0.014950
0.043414
0.000712
-0.013520
0.000712
0.014944
-0.013520
-0.041995
0.000712
0.000712
0.014950
-0.013526
0.014950
-0.013526
0.000712
0.000712
0.000712
0.014950
0.029182
-0.027757
-0.027766
0.000712
-0.013530
0.014954
0.014952
0.000712
0.000712
0.014950
0.014948
0.014946
0.057627
-0.056203
0.057627
0.029158
0.014932
0.000712
0.014930
0.000712
-0.041947
0.000712
0.000712
-0.013511
0.014936
0.014934
-0.013509
0.029154
0.014930
0.029142
0.029133
-0.013497
0.014922
-0.013497
-0.027713
-0.013503
-0.013505
0.000712
-0.041953
0.014936
0.014934
0.029150
0.000712
-0.027725
-0.013509
-0.013511
0.000712
0.000712
END
