y[]
0.000370
0.000370
-0.014749
0.000370
0.015488
-0.014749
0.000370
0.015488
0.000370
0.030599
-0.014744
0.000370
0.015483
0.000370
-0.014744
0.000370
0.015483
-0.029860
0.015486
0.000370
-0.014746
0.000370
0.000370
0.000370
0.015486
-0.014746
0.045711
0.015479
-0.029851
0.015481
0.015479
-0.014739
0.015479
-0.014739
0.000370
0.000370
0.000370
0.015479
-0.014739
0.015479
0.000370
0.015477
0.015474
0.015472
0.000370
-0.014733
0.015472
-0.029837
0.000370
0.000370
0.000370
-0.014737
0.015477
-0.029846
0.000370
-0.014742
-0.014744
0.000370
0.000370
0.015483
-0.014744
0.000370
0.000370
0.015483
0.000370
0.000370
-0.014744
0.015483
-0.029860
0.030599
0.000370
-0.014744
-0.014746
0.000370
-0.029869
0.000370
-0.014753
0.000370
0.000370
-0.014755
0.015495
-0.014755
0.000370
-0.014758
-0.014760
0.030627
0.000370
-0.014758
0.000370
0.045745
-0.014753
0.000370
0.045731
0.045711
0.000370
-0.014742
0.030590
0.000370
0.000370
0.030581
-0.014735
0.015474
0.045670
-0.014728
-0.014730
-0.014733
0.015472
0.015470
-0.014730
-0.029837
-0.029846
0.015479
-0.044965
0.015483
-0.029860
0.015486
-0.014746
-0.014749
0.030604
0.030595
-0.014742
-0.029860
0.000370
-0.090374
-0.029897
0.030636
0.015499
0.000370
0.015497
0.000370
0.030618
-0.014753
-0.029883
-0.014760
0.000370
0.000370
-0.014762
0.000370
0.000370
-0.014765
-0.014767
-0.014769
-0.029915
0.000370
0.030654
0.015509
0.015506
0.000370
-0.014767
0.000370
0.000370
0.000370
-0.014769
0.045780
0.000370
-0.029901
0.015506
0.076018
0.000370
-0.014755
0.045738
0.015488
0.015486
0.030595
-0.044971
0.000370
-0.014749
0.000370
-0.014751
0.030609
-0.014749
-0.014751
0.060838
-0.060099
-0.014753
-0.014755
0.000370
0.000370
0.045738
0.000370
-0.014751
-0.029878
-0.029887
0.045752
-0.014755
0.000370
0.015495
0.015493
0.030609
-0.044992
0.015493
-0.045006
0.030622
0.000370
0.030613
0.030604
-0.044985
0.060838
-0.060099
0.015490
-0.014751
-0.029878
-0.014758
0.075984
0.075927
0.015474
0.015472
0.000370
0.000370
-0.044944
-0.044965
0.000370
-0.014746
-0.014749
0.060829
0.000370
-0.075210
-0.029878
0.045738
0.015488
0.000370
-0.044992
-0.045013
0.030627
-0.045019
0.136476
0.045697
0.060774
0.000370
0.060738
0.045622
-0.059971
0.000370
0.045629
0.000370
-0.029801
-0.059999
0.030558
0.000370
0.015461
0.045629
-0.014714
-0.044896
0.015461
0.000370
0.000370
-0.150642
-0.029860
0.045711
-0.014742
0.000370
-0.029860
0.030599
0.045697
0.015474
-0.090292
0.000370
0.030599
-0.044978
0.060829
0.000370
0.000370
-0.029855
-0.044985
0.015490
0.075938
-0.044965
0.015483
0.075904
-0.014733
0.015472
-0.044944
0.060784
-0.014730
0.000370
0.015470
-0.044937
0.045677
-0.014730
0.000370
-0.014733
-0.044951
0.015479
-0.029851
0.000370
0.015481
-0.029855
0.015483
-0.014744
0.015483
0.000370
-0.014744
0.030595
0.030586
-0.029846
0.015479
-0.014739
0.015479
-0.014739
0.000370
0.015479
-0.029851
-0.029860
0.000370
0.000370
0.015486
0.060811
0.015474
-0.044951
0.030586
-0.029846
-0.014742
0.030590
0.000370
0.045684
0.030568
-0.014728
-0.029833
-0.060062
0.000370
0.015481
0.000370
0.015479
-0.014739
0.000370
0.045690
0.000370
-0.014735
-0.014737
0.000370
0.000370
0.030581
0.000370
0.015472
-0.014733
-0.029842
0.000370
0.030581
0.000370
0.060765
-0.029824
0.015467
0.000370
-0.029828
-0.014733
0.015472
-0.029837
0.000370
0.000370
-0.029846
0.015479
0.000370
0.000370
-0.060081
0.015486
0.000370
-0.014746
-0.014749
-0.014751
0.030609
-0.029869
0.000370
-0.014753
-0.029883
0.015497
0.000370
0.015495
0.000370
0.000370
0.015493
-0.014753
-0.014755
-0.014758
0.000370
0.000370
-0.014760
0.000370
0.015499
0.000370
-0.014760
-0.014762
0.000370
0.000370
0.045759
-0.014758
-0.029892
0.030631
0.015497
0.015495
0.015493
-0.014753
0.000370
-0.014755
0.015495
-0.014755
0.015495
0.000370
0.015493
0.015490
0.000370
0.000370
0.000370
0.000370
0.000370
0.000370
0.015488
-0.029869
0.015490
0.015488
-0.014749
0.000370
-0.014751
0.000370
0.000370
-0.014753
0.015493
0.000370
0.015490
0.000370
-0.014751
0.015490
0.000370
0.000370
0.000370
0.015488
0.000370
0.015486
-0.014746
-0.014749
-0.014751
0.000370
-0.029878
0.000370
0.000370
-0.045019
-0.014765
0.015504
0.015502
-0.029897
0.000370
0.015504
-0.029901
-0.029910
0.000370
0.015511
-0.014771
0.000370
-0.029920
-0.045081
-0.029943
0.000370
-0.029952
0.015532
0.045841
-0.060264
0.000370
0.000370
0.000370
0.030691
0.000370
0.015527
0.030677
-0.014783
-0.014785
-0.014788
0.000370
0.015527
-0.014788
0.015527
0.015525
0.015522
-0.014783
0.000370
0.015522
-0.029938
0.000370
0.000370
0.015525
0.000370
0.000370
0.000370
0.015522
0.000370
0.045814
-0.029924
0.015518
0.015515
0.015513
-0.014774
0.000370
0.030654
-0.014771
0.015511
0.000370
0.015509
-0.014769
0.015509
-0.014769
-0.014771
0.015511
0.000370
0.000370
0.000370
0.015509
0.000370
0.000370
-0.014769
0.015509
-0.014769
0.000370
0.000370
0.000370
0.015509
0.000370
-0.014769
0.015509
0.000370
0.045773
-0.014762
0.000370
0.000370
-0.014765
0.045766
-0.029892
-0.014765
0.015504
0.000370
0.000370
0.000370
0.015502
-0.014762
0.030631
-0.029892
0.030631
-0.014760
0.015499
-0.029892
-0.060181
0.015511
0.030645
-0.014767
0.030641
-0.014765
0.015504
0.000370
-0.014765
-0.045047
0.000370
-0.014774
0.015513
0.015511
0.015509
0.030641
-0.014765
-0.029906
0.030645
0.000370
0.015504
-0.014765
0.015504
0.000370
0.015502
0.015499
0.045745
0.000370
0.030609
-0.014749
0.000370
-0.014751
0.030609
0.015486
-0.014746
-0.014749
0.015488
0.000370
-0.029869
0.000370
0.060838
-0.014744
0.060811
-0.014737
0.045684
-0.014733
-0.014735
-0.014737
-0.014739
-0.029855
-0.014746
0.000370
0.000370
-0.014749
0.000370
0.015488
-0.060117
0.015495
-0.029883
0.000370
0.000370
0.030622
0.015493
0.000370
-0.014753
0.000370
0.000370
-0.014755
-0.029887
0.000370
0.015499
0.030622
0.000370
0.015493
0.015490
0.000370
-0.044999
0.000370
0.015495
0.000370
-0.029883
0.060866
0.030604
-0.029865
-0.014751
0.000370
0.000370
0.000370
-0.014753
0.015493
-0.014753
0.015493
0.015490
0.000370
0.000370
-0.014751
0.000370
-0.045006
0.015497
0.000370
0.015495
0.000370
-0.029883
0.000370
-0.014760
0.000370
-0.014762
0.030631
0.000370
0.000370
0.000370
0.000370
0.000370
-0.014760
0.030627
0.000370
-0.014758
0.015497
0.015495
0.000370
0.015493
0.000370
-0.014753
0.015493
0.015490
0.000370
0.000370
-0.014751
0.000370
0.015490
0.030604
0.015483
0.030590
0.000370
-0.014739
-0.014742
0.060802
0.000370
0.030572
-0.014730
0.015470
0.000370
0.015467
-0.014728
-0.014730
0.015470
0.030563
0.000370
0.045642
0.000370
0.090854
0.000370
0.015442
-0.014703
0.045581
-0.014698
0.000370
0.015438
0.196050
-0.135060
-0.059880
0.015436
-0.014696
0.105783
-0.044794
0.060583
0.030463
-0.014676
0.060538
-0.089897
0.015420
-0.059844
0.015427
-0.029746
-0.029755
0.030495
0.030486
-0.014687
-0.044814
0.045554
-0.090019
0.045574
-0.195664
-0.211175
-0.317788
-0.151491
0.137054
-0.045171
-0.045192
0.000370
-0.151652
-0.136648
0.167810
0.000370
0.030783
0.182657
0.045890
0.000370
-0.090691
0.167251
END
