y[]
0.013644
0.001624
-0.010396
0.013644
0.001624
0.001624
-0.022417
0.001624
-0.010398
-0.010400
0.025672
-0.022423
0.001624
-0.058519
0.013656
0.013654
0.001624
0.013653
0.013652
-0.034461
0.025683
-0.010404
0.025680
-0.022431
-0.034470
0.013657
-0.010409
0.013657
0.013656
0.013654
0.025680
0.001624
-0.022431
0.001624
-0.022437
0.037715
0.073766
0.001624
-0.022417
0.073731
0.025648
0.001624
0.001624
0.013634
-0.034409
0.013637
-0.010388
-0.010390
-0.010391
0.013640
0.085693
0.013628
-0.010380
-0.010381
-0.010383
0.037641
0.025628
0.025622
-0.010374
0.001624
0.013623
-0.022374
-0.022379
0.001624
0.001624
0.013627
-0.034388
0.013630
-0.010381
0.013630
0.013628
0.001624
0.025628
0.001624
-0.010377
0.013626
-0.022379
0.001624
0.013627
-0.034388
0.013630
0.013628
-0.010380
-0.010381
-0.022391
0.025640
-0.010383
-0.010384
0.001624
-0.034409
0.001624
0.013637
0.025646
0.001624
-0.010385
-0.010387
0.001624
0.013636
-0.022400
-0.010390
0.013639
0.025648
-0.034414
0.049672
-0.010385
0.025643
0.001624
-0.010384
0.013633
0.001624
0.001624
0.013631
0.001624
0.013630
-0.010381
0.025634
0.049626
0.049603
0.025605
-0.010365
-0.010367
0.037593
-0.046337
0.037598
-0.034349
0.013617
-0.022362
0.013618
-0.010370
0.013618
0.025608
-0.010367
0.037593
-0.010364
0.013613
0.025597
-0.022348
0.013611
0.037576
0.013605
-0.010357
0.037563
-0.046297
0.001624
0.013607
-0.010358
-0.022345
-0.034340
-0.010367
0.001624
0.001624
-0.022362
0.013618
0.001624
-0.010370
-0.010371
-0.022371
0.025620
-0.022371
0.013623
0.013621
0.037606
-0.010368
-0.022365
0.001624
-0.010372
-0.034375
0.001624
0.013626
-0.010377
0.001624
-0.010378
-0.022385
-0.106490
-0.010396
0.049696
-0.010391
-0.010393
-0.118626
0.025686
0.001624
0.073774
-0.106620
-0.022446
-0.082667
0.013670
0.037754
-0.058598
-0.046580
-0.022487
0.085987
-0.010423
-0.034527
0.013676
0.001624
0.001624
-0.094831
-0.058707
0.001624
0.037828
0.049875
-0.082830
-0.022519
0.086099
0.001624
-0.022504
0.049875
0.013683
-0.022495
-0.034566
0.001624
0.049875
0.025741
-0.022492
0.001624
0.049852
0.049829
-0.022475
0.013675
0.037767
0.001624
-0.034518
0.061854
0.037745
-0.010414
0.025700
-0.010413
-0.034496
0.001624
0.001624
0.061818
0.013659
0.013657
-0.010409
0.085825
0.073740
-0.022408
0.001624
0.013641
0.049678
0.001624
-0.010387
0.001624
0.001624
-0.070474
0.001624
0.013644
0.001624
-0.034440
0.001624
-0.118684
-0.046539
0.013668
0.025706
-0.022457
0.049782
-0.106764
-0.010426
-0.010427
-0.010429
-0.034544
0.049846
0.025727
0.085936
-0.010416
-0.010417
0.001624
-0.010419
-0.034514
-0.058635
0.013679
0.001624
-0.022487
0.073940
-0.034527
0.049823
-0.010423
0.013672
0.025715
0.073861
-0.034488
-0.010416
-0.010417
-0.010419
-0.118887
0.037793
-0.010430
0.013679
0.001624
-0.082789
-0.022507
-0.046656
0.025767
0.001624
-0.010446
0.061964
-0.022507
-0.046656
0.001624
0.049904
0.049881
0.013685
-0.046627
-0.022510
0.013692
0.037819
-0.034570
-0.046656
-0.010449
0.037841
-0.022519
-0.034601
-0.082952
0.013711
0.001624
0.013710
0.013708
0.013707
0.013705
-0.010457
-0.022542
0.001624
-0.010461
-0.010462
-0.010464
0.001624
0.025799
0.001624
0.013710
-0.010461
0.025794
-0.010459
-0.022548
0.025797
0.025791
0.001624
-0.022542
0.001624
-0.010461
0.013710
0.001624
0.013708
-0.034632
0.013711
0.025794
0.001624
0.013707
-0.010458
-0.010459
0.013708
0.001624
0.013707
0.001624
-0.022542
0.025791
-0.022542
-0.010461
0.025794
-0.022545
0.001624
-0.010462
0.013711
0.013710
0.013708
0.025788
0.013704
-0.010455
0.001624
0.001624
0.001624
0.025782
-0.010454
0.013702
0.049922
-0.010448
0.001624
0.013697
0.001624
0.025764
-0.010445
-0.010446
0.013695
0.013694
0.025759
-0.010442
-0.010443
0.037823
0.013688
0.001624
0.001624
0.013686
0.001624
0.037802
-0.010433
-0.010435
-0.010436
0.013685
0.001624
-0.034562
-0.010441
0.013689
-0.010441
0.001624
0.013689
0.001624
-0.010441
-0.010442
-0.010443
0.025759
0.013689
0.001624
0.013688
-0.022504
0.013689
-0.010441
0.025753
0.001624
0.001624
0.001624
0.001624
0.001624
0.001624
0.001624
-0.010439
0.013688
-0.010439
0.049869
0.001624
0.001624
0.013682
0.001624
0.025735
0.001624
0.001624
-0.010430
0.001624
0.001624
0.001624
-0.010432
0.001624
0.013681
-0.010432
0.013681
-0.010432
0.037789
-0.010429
0.001624
0.001624
0.001624
0.001624
0.001624
-0.010430
0.001624
-0.010432
0.001624
0.025735
-0.010430
-0.010432
0.013681
-0.010432
0.025735
0.001624
0.001624
0.001624
-0.010430
-0.010432
-0.010433
0.001624
0.025738
-0.010432
0.013681
0.037784
-0.022481
0.001624
0.013678
0.013676
-0.010427
0.001624
0.013676
0.013675
0.001624
0.001624
-0.010426
-0.010427
-0.010429
-0.022487
0.013681
0.025732
-0.010429
-0.010430
0.025732
0.001624
-0.010429
0.001624
-0.010430
-0.034549
0.013683
0.001624
0.001624
0.001624
0.001624
-0.046621
0.013688
-0.022504
0.037815
0.037802
-0.022492
0.025741
0.013681
0.013679
0.013678
-0.022484
0.037784
-0.022481
0.001624
0.037780
-0.010426
0.001624
0.001624
0.001624
-0.022481
0.001624
0.001624
-0.070726
-0.119076
0.049922
0.013695
-0.010446
0.001624
0.037832
0.037819
0.049864
0.001624
0.001624
0.146203
-0.010416
-0.010417
0.025706
0.025700
-0.046534
0.013666
-0.046551
0.001624
-0.070682
-0.010432
-0.058678
-0.010441
-0.010442
0.013691
-0.034579
0.025762
-0.046656
-0.010449
-0.034605
-0.010455
0.013704
0.025779
0.025773
-0.034601
0.001624
0.049922
0.049899
0.013689
-0.046644
-0.022519
-0.095006
-0.010461
0.013710
0.001624
-0.058817
0.001624
0.001624
-0.034658
0.013720
-0.034667
0.001624
0.037915
0.037902
0.001624
0.001624
-0.022559
0.025808
0.001624
-0.010467
0.001624
-0.034658
0.001624
-0.010473
-0.022574
0.001624
0.050015
0.025811
0.001624
-0.034658
0.025814
-0.022565
0.025814
-0.010470
0.025811
0.001624
0.013716
0.001624
0.037889
0.098266
-0.022527
0.001624
-0.022533
-0.010457
0.037863
-0.010454
-0.010455
0.025782
-0.034614
-0.010458
0.001624
0.001624
0.025788
-0.010457
0.013705
0.025782
0.013701
-0.046691
-0.022542
0.037872
-0.022539
-0.010459
-0.010461
-0.034640
-0.058846
-0.058883
-0.022589
-0.046819
-0.058963
0.074325
0.001624
-0.034719
-0.022612
0.013743
0.025858
0.037964
0.025843
-0.083168
-0.010495
-0.034741
0.062227
-0.022612
-0.010496
0.037981
0.013740
0.001624
-0.010492
-0.046855
-0.119676
-0.083373
-0.046978
0.013777
-0.059155
0.062404
-0.010528
0.025929
0.025923
-0.034825
-0.071315
0.123161
-0.071280
-0.022689
-0.059184
0.098901
0.025929
0.001624
-0.010527
0.025926
-0.107778
-0.059207
0.062455
0.062418
-0.022689
0.074546
0.050209
-0.071262
-0.022683
-0.010531
-0.095676
-0.034887
0.074635
0.123190
-0.022677
0.074511
0.001624
-0.071262
-0.046996
0.232361
0.025882
0.001624
0.025876
0.001624
0.025870
-0.022621
-0.059015
-0.107619
0.001624
-0.046966
-0.022680
-0.022686
-0.022692
-0.034861
0.013788
0.013786
0.038101
-0.095676
0.050286
-0.034870
0.001624
0.013791
0.086746
-0.010531
-0.071342
-0.047049
-0.071431
-0.034923
-0.034936
0.013813
-0.059333
0.013819
0.038199
-0.010566
0.013814
-0.010566
-0.010567
0.038194
0.001624
0.025997
0.123397
-0.022718
0.001624
0.001624
0.062470
END
