y[]
0.014654
-0.000366
-0.015387
-0.000366
0.014654
-0.015387
-0.000366
-0.000366
-0.015389
0.014657
-0.000366
-0.015389
0.014657
-0.000366
-0.015389
0.014657
-0.000366
-0.015389
-0.030419
-0.000366
0.014661
0.014659
-0.000366
-0.015392
0.014659
-0.015392
0.014659
-0.015392
-0.015394
0.014661
-0.000366
-0.000366
-0.000366
-0.000366
-0.000366
-0.015394
0.014661
-0.015394
0.014661
-0.030423
-0.000366
-0.000366
-0.000366
0.014663
-0.000366
-0.015396
0.029691
0.014659
-0.015392
-0.000366
-0.000366
-0.000366
-0.015394
0.014661
-0.000366
-0.000366
-0.000366
-0.000366
0.014659
-0.000366
-0.000366
-0.015392
-0.000366
-0.015394
0.014661
-0.045455
0.014666
-0.000366
-0.000366
-0.000366
-0.015398
-0.000366
0.014666
-0.030433
-0.000366
0.014668
-0.015401
-0.000366
0.014668
0.014666
-0.015398
-0.000366
0.014666
-0.015398
-0.015401
0.014668
0.014666
-0.000366
-0.000366
-0.015398
0.014666
-0.015398
-0.000366
-0.000366
-0.000366
-0.000366
-0.000366
-0.015401
-0.000366
0.014668
-0.000366
0.014666
-0.015398
0.029695
-0.000366
0.014661
0.014659
-0.015392
-0.000366
-0.000366
-0.000366
0.014659
-0.000366
-0.015392
0.014659
-0.000366
-0.015392
-0.000366
-0.000366
-0.015394
-0.015396
-0.000366
-0.000366
-0.000366
-0.000366
-0.000366
-0.000366
-0.000366
-0.015398
0.014666
-0.000366
0.014663
-0.000366
-0.000366
-0.000366
-0.015396
-0.000366
-0.015398
-0.000366
0.014666
-0.015398
-0.000366
0.029695
0.014661
-0.000366
-0.015394
0.014661
-0.000366
-0.015394
-0.000366
-0.015396
0.014663
-0.000366
-0.000366
0.014661
0.014659
-0.015392
0.014659
-0.000366
-0.000366
-0.000366
-0.015392
-0.000366
-0.000366
-0.000366
-0.000366
-0.000366
0.014659
-0.015392
-0.000366
0.014659
-0.000366
-0.015392
0.014659
-0.015392
-0.000366
-0.000366
0.014659
0.014657
-0.015389
-0.015392
0.014659
0.014657
-0.000366
-0.015389
0.014657
-0.000366
-0.015389
-0.000366
-0.060481
0.029695
0.044709
0.014654
-0.000366
-0.015387
0.014654
-0.000366
0.044682
0.014645
-0.000366
-0.015378
-0.015380
-0.000366
0.014648
-0.015380
0.014648
-0.000366
0.029655
-0.015376
-0.000366
-0.030392
0.044669
-0.015376
-0.030392
-0.090497
-0.000366
0.059730
-0.015387
-0.015389
0.014657
-0.000366
0.014654
-0.000366
0.029668
0.014648
0.014645
-0.000366
-0.030392
-0.000366
0.044669
-0.015376
-0.000366
-0.015378
-0.000366
0.014645
-0.030392
-0.000366
0.044669
-0.000366
-0.000366
-0.000366
-0.030387
-0.015380
0.014648
-0.015380
-0.045422
-0.015389
-0.000366
0.014657
-0.045442
-0.000366
-0.000366
-0.015396
-0.030433
0.014668
-0.045476
0.014672
0.014670
-0.000366
0.014668
0.014666
-0.000366
-0.000366
-0.045469
-0.000366
-0.015405
-0.000366
0.014672
-0.045489
-0.000366
-0.030460
0.029727
0.014677
0.014675
0.029709
-0.000366
0.014668
-0.060517
0.014675
0.014672
0.014670
0.059757
-0.015394
-0.000366
-0.000366
-0.015396
-0.030433
-0.000366
-0.000366
0.044729
-0.030428
0.014666
0.029691
-0.000366
-0.030423
-0.000366
-0.015398
0.014666
0.014663
-0.075537
-0.045496
0.014679
-0.000366
0.044757
-0.015405
0.029709
-0.030442
0.029709
0.014668
-0.015401
0.014668
-0.000366
-0.000366
-0.000366
0.014666
0.014663
-0.000366
0.029686
0.014657
0.014654
-0.000366
-0.000366
-0.045435
-0.000366
-0.000366
0.059721
0.014650
-0.015383
-0.000366
-0.015385
-0.000366
-0.000366
-0.000366
-0.000366
0.014652
-0.015385
0.029668
0.014648
0.044662
0.014638
-0.015371
-0.015374
-0.015376
-0.000366
0.014643
-0.000366
-0.000366
0.029646
-0.045388
0.059658
0.089602
-0.000366
-0.015356
-0.075346
0.044628
0.044608
0.014620
0.074534
-0.030320
-0.030329
0.044574
-0.015344
-0.060300
-0.135350
-0.105479
-0.000366
-0.000366
-0.015392
-0.165792
0.074861
0.014672
-0.075583
-0.045523
0.104968
-0.045496
0.014679
-0.015412
0.044763
-0.015407
-0.000366
0.044750
-0.000366
-0.000366
0.029700
-0.000366
0.029691
-0.015394
-0.000366
0.044709
-0.105574
0.014670
0.029700
0.164836
0.014638
-0.000366
-0.015371
-0.030383
-0.015378
0.044662
0.014638
-0.000366
-0.015371
0.044641
-0.000366
0.044621
-0.015360
-0.000366
0.014627
0.029614
-0.000366
-0.015356
0.029610
0.029601
-0.000366
-0.030333
-0.030342
-0.015358
0.044601
-0.015353
-0.030347
-0.015360
0.014627
0.014625
0.029610
0.029601
0.044567
0.164218
-0.075144
-0.075200
0.059505
0.044514
-0.090146
0.044534
-0.015331
-0.030302
0.029569
-0.015333
-0.000366
-0.000366
-0.045280
0.014607
0.044540
-0.030302
-0.000366
0.029569
-0.015333
-0.000366
0.029565
-0.000366
-0.015331
0.029560
0.059460
-0.000366
-0.015320
0.029538
-0.105071
-0.030302
0.014603
-0.015335
0.044534
-0.060238
-0.045293
0.014612
0.014609
0.029578
-0.015338
0.029574
-0.015335
-0.060265
0.059532
-0.000366
0.014603
-0.030307
-0.030315
0.014609
-0.015342
-0.030324
-0.000366
0.029592
-0.015344
-0.000366
0.014612
-0.135248
0.029623
-0.030356
-0.015365
0.044621
-0.045354
-0.015367
-0.000366
0.014634
-0.015367
-0.015369
-0.030378
0.014641
-0.030383
0.014643
0.014641
-0.030383
0.029650
-0.000366
0.014638
-0.015371
0.014638
-0.030378
0.014641
-0.000366
-0.000366
-0.000366
-0.015374
-0.000366
0.014641
-0.000366
0.014638
-0.015371
0.014638
-0.015371
-0.000366
0.014638
-0.015371
-0.000366
-0.015374
-0.000366
-0.000366
0.014641
-0.000366
-0.015374
0.014641
-0.000366
-0.000366
-0.000366
0.014638
-0.000366
-0.000366
-0.000366
-0.000366
0.014636
-0.000366
-0.030374
-0.000366
0.014638
-0.000366
-0.000366
-0.000366
-0.000366
-0.015371
-0.000366
-0.015374
0.014641
-0.000366
-0.000366
-0.000366
-0.015374
0.029646
-0.000366
-0.000366
0.014636
-0.000366
-0.015369
-0.015371
0.014638
-0.030378
-0.015376
-0.000366
-0.000366
0.014643
0.014641
-0.015374
-0.015376
-0.000366
-0.000366
-0.000366
-0.000366
-0.000366
0.014643
0.014641
-0.030383
0.014643
-0.015376
0.014643
-0.015376
0.014643
0.014641
-0.000366
-0.015374
-0.000366
-0.000366
-0.000366
-0.030387
0.029655
0.014641
-0.015374
-0.000366
-0.000366
-0.000366
0.014641
-0.000366
-0.015374
0.029646
-0.000366
0.014636
-0.015369
-0.000366
-0.000366
-0.015371
0.014638
-0.015371
-0.000366
-0.000366
-0.000366
-0.000366
-0.000366
-0.015374
-0.000366
-0.000366
-0.000366
-0.000366
-0.015376
0.014643
-0.015376
-0.045408
0.029664
-0.015380
0.014648
0.029655
-0.030387
-0.000366
0.014645
-0.000366
-0.015378
-0.000366
-0.000366
-0.000366
-0.000366
0.029655
-0.015376
0.014643
-0.015376
-0.000366
-0.015378
0.029655
-0.030387
-0.000366
-0.000366
0.014645
-0.000366
0.014643
-0.015376
0.014643
-0.015376
0.014643
-0.000366
-0.000366
-0.000366
-0.000366
-0.000366
-0.000366
-0.000366
-0.000366
-0.000366
-0.000366
0.014641
-0.000366
-0.000366
0.014638
-0.000366
-0.000366
-0.000366
0.014636
-0.000366
-0.015369
-0.000366
-0.015371
-0.000366
-0.000366
-0.000366
-0.015374
-0.000366
-0.015376
0.014643
0.014641
-0.030383
0.014643
-0.030387
0.014645
0.014643
-0.015376
-0.000366
-0.000366
-0.000366
-0.015378
0.014645
0.014643
-0.015376
-0.000366
0.014643
-0.000366
-0.000366
-0.000366
0.029646
0.014636
0.014634
-0.000366
0.014632
0.059604
-0.000366
-0.030347
-0.000366
-0.015360
-0.045361
-0.000366
0.029632
-0.015365
0.029628
0.059595
0.014618
-0.015351
-0.000366
-0.015353
-0.000366
-0.045341
0.044608
-0.015356
0.014623
-0.015356
0.014623
0.044588
-0.015349
-0.015351
-0.000366
-0.015353
0.014620
0.029601
0.014614
0.014612
-0.045307
0.014616
END
