y[]
-0.036366
-0.024124
0.037141
0.000383
0.000383
-0.024121
0.000383
0.012635
0.000383
-0.011870
0.012635
0.000383
-0.036380
-0.036393
-0.024142
0.012646
0.024905
0.000383
0.012641
-0.024136
0.024902
0.037150
0.037136
0.000383
0.000383
-0.024118
0.012634
-0.011868
-0.011870
-0.048643
0.024899
0.012638
-0.011873
0.024893
-0.011871
0.000383
0.037141
0.037127
-0.024112
0.000383
-0.011867
0.000383
-0.011868
0.024884
0.012631
0.012629
-0.011864
0.000383
-0.011865
0.000383
0.024878
-0.036362
0.000383
-0.011868
-0.024124
0.000383
0.012637
0.000383
0.000383
0.012635
0.000383
-0.011870
0.024887
0.012632
0.000383
0.000383
0.012631
0.012629
0.012628
0.000383
0.024869
0.049336
-0.036330
-0.024100
0.024866
0.000383
-0.011858
0.012623
-0.011858
0.000383
0.012623
0.024860
0.000383
0.024854
-0.036326
-0.036339
-0.024106
0.049354
-0.036344
0.024869
-0.011859
0.012625
-0.024103
-0.024109
0.012629
0.024872
0.012625
-0.024103
0.024869
-0.024103
0.000383
-0.011862
-0.024112
-0.011867
0.049372
-0.036357
-0.024118
0.012634
0.000383
-0.011868
0.000383
0.024884
0.012631
-0.011865
0.000383
-0.036371
-0.036384
0.024896
-0.036389
-0.036402
-0.036416
0.012650
-0.011885
0.000383
0.000383
0.000383
-0.011886
0.012652
-0.060978
-0.011894
0.024935
-0.011892
-0.036452
0.024941
0.012659
0.012658
0.024929
0.037190
-0.036425
-0.036438
0.012658
0.037199
-0.036434
0.012656
0.024926
0.012652
0.000383
-0.011886
0.000383
-0.036434
0.037199
0.024920
0.061699
0.024899
-0.036393
0.000383
0.037159
0.061646
-0.036371
0.000383
0.012635
-0.073156
0.037159
0.012638
0.012637
-0.011871
0.024890
0.000383
0.000383
0.061623
0.037109
-0.011858
0.012623
-0.024100
0.012625
0.000383
-0.036348
0.012628
0.037109
0.000383
0.000383
-0.036344
-0.024109
-0.048619
-0.036384
-0.122272
0.037195
-0.110094
0.086320
0.000383
0.012653
-0.011888
0.000383
-0.048715
-0.061023
-0.036479
-0.097982
0.024983
0.049565
0.061827
0.000383
0.037231
-0.011898
-0.011900
-0.073345
-0.011911
0.086404
0.012666
-0.011900
0.037226
-0.011897
0.000383
0.000383
0.037217
0.024932
-0.011891
-0.011892
0.024932
-0.061001
0.000383
-0.011898
-0.011900
0.000383
0.000383
-0.036475
0.012670
-0.011905
-0.110271
0.000383
0.012684
0.024980
0.000383
-0.110352
-0.061190
0.037331
-0.024248
-0.061220
-0.036597
0.037363
0.000383
0.025028
0.012703
0.049650
0.037317
0.000383
0.012691
-0.036547
0.049620
-0.024233
-0.024239
-0.073518
-0.024263
0.012706
0.000383
-0.011941
0.012706
0.025025
0.037335
0.037322
-0.036556
0.012697
0.012696
0.135726
0.000383
-0.024211
0.000383
-0.048824
-0.024230
0.074202
0.061857
-0.011909
0.037254
-0.048781
-0.024208
0.037267
-0.024205
0.061842
-0.097970
-0.048830
0.111077
0.086394
-0.011900
0.086330
0.000383
-0.011891
0.012656
-0.036443
-0.073309
0.086351
-0.036452
-0.011898
0.024944
-0.011897
-0.024181
-0.085639
0.024968
-0.036497
0.012678
0.012676
-0.011911
0.037258
0.000383
0.000383
0.000383
-0.036493
0.000383
0.012676
0.012675
-0.024202
-0.011912
0.000383
0.000383
-0.036511
0.024980
0.012679
0.012678
0.000383
0.000383
-0.011912
0.000383
0.012678
-0.011912
0.012678
0.012676
0.000383
-0.011911
0.000383
0.012676
0.000383
0.049541
0.000383
0.012669
0.000383
0.000383
-0.011903
0.000383
-0.011905
0.024956
0.000383
0.000383
-0.011903
0.012669
0.012667
0.000383
-0.011902
0.000383
-0.024190
-0.011906
0.024959
0.000383
-0.011905
0.012670
0.000383
0.000383
0.000383
-0.011905
-0.036488
0.024965
-0.011908
-0.024202
0.000383
0.012676
-0.011911
0.012676
-0.011911
0.000383
-0.024208
0.012679
-0.048812
0.061872
-0.011912
0.012678
0.012676
0.000383
0.000383
0.000383
0.000383
0.037254
0.012670
-0.011905
0.012670
-0.011905
0.000383
0.012670
0.012669
-0.011903
0.012669
-0.011903
0.000383
0.000383
-0.011905
0.012670
-0.011905
0.012670
0.000383
0.012669
-0.011903
0.000383
0.012669
0.000383
-0.011903
0.000383
0.000383
0.012669
0.000383
-0.011903
0.000383
-0.011905
0.000383
0.012670
-0.011905
0.012670
0.000383
-0.011905
0.012670
0.000383
0.000383
0.012669
0.000383
-0.011903
0.012669
0.000383
-0.011903
0.000383
0.000383
0.000383
0.000383
0.000383
0.000383
0.000383
0.000383
0.000383
0.000383
0.000383
0.000383
-0.011905
-0.024196
0.000383
0.012673
0.000383
0.000383
-0.011908
0.000383
0.012673
-0.011908
0.037249
0.000383
0.012669
0.012667
0.000383
-0.024187
0.012669
0.000383
0.000383
-0.011903
-0.024193
0.024959
0.037236
-0.011900
-0.011902
0.012667
0.012666
0.000383
-0.011900
0.000383
-0.011902
-0.011903
0.000383
0.000383
0.000383
0.000383
0.000383
0.012669
0.012667
0.000383
0.000383
0.012666
-0.011900
0.000383
0.000383
0.000383
0.000383
0.000383
0.086330
0.024926
0.000383
-0.011888
0.000383
0.037190
0.000383
-0.011885
-0.011886
0.012652
-0.011886
0.000383
-0.011888
0.000383
0.012653
0.000383
0.000383
0.049450
0.000383
-0.011882
-0.011883
-0.060971
0.000383
-0.061008
-0.024184
0.000383
0.012667
0.012666
0.049499
-0.048733
0.037222
-0.024175
-0.024181
0.024947
0.037217
-0.024172
0.012661
-0.048739
-0.048763
-0.036493
0.012676
0.000383
0.012675
0.012673
0.098651
0.123082
-0.011880
-0.024148
0.000383
-0.011885
-0.011886
-0.024160
0.000383
-0.048721
0.037213
0.024929
0.000383
0.012653
-0.036434
-0.024169
0.024935
0.012656
0.024926
0.000383
0.037186
-0.036420
0.000383
0.024920
0.000383
-0.024154
0.000383
0.000383
0.000383
-0.011888
-0.024163
-0.011892
0.012658
0.024929
-0.011889
0.012655
-0.011889
0.000383
-0.048721
0.024938
-0.024172
0.024938
0.012658
0.000383
-0.011892
0.024932
-0.024166
-0.011894
-0.011895
0.024938
-0.011894
-0.097885
-0.011908
0.012673
0.024959
-0.036484
0.024962
-0.048781
0.000383
-0.024208
0.049559
0.000383
0.012673
-0.036493
0.012676
0.012675
0.037249
-0.011905
0.000383
-0.011906
0.024959
-0.024193
0.000383
0.024959
-0.011905
0.000383
-0.048781
-0.024208
0.000383
0.000383
0.074138
0.012670
-0.024193
0.012672
0.012670
-0.011905
0.024956
0.049511
-0.011897
-0.036465
-0.011903
0.000383
0.024953
0.000383
0.000383
0.086330
-0.048721
0.012661
-0.011895
0.037213
-0.061008
0.037222
-0.024175
0.000383
-0.048751
0.049517
-0.024181
0.012666
0.024944
-0.048745
-0.011903
0.024953
-0.024187
0.012669
0.024950
-0.011900
0.074057
-0.024169
0.024935
-0.011892
0.000383
-0.048733
-0.036470
0.000383
0.074075
0.024935
-0.036447
0.086299
0.024917
0.000383
0.061691
-0.024136
-0.097753
0.037195
-0.011886
0.024920
-0.134645
0.037226
-0.036461
-0.085639
0.037258
0.024959
0.024953
0.074057
0.037199
0.024920
-0.011885
0.012650
-0.048697
0.024926
0.024920
-0.048697
-0.011891
0.000383
0.000383
0.024929
0.012653
-0.011888
-0.024163
0.000383
0.024929
-0.011889
-0.061001
0.012662
0.012661
-0.011895
-0.011897
0.037217
-0.011894
0.012659
-0.011894
0.049481
-0.011889
-0.036443
0.012659
-0.048733
0.012664
0.012662
0.000383
0.012661
-0.024175
0.012662
0.037213
0.024929
-0.011889
-0.024166
0.000383
0.000383
0.000383
-0.011894
-0.036456
0.012664
0.000383
0.012662
0.012661
-0.024175
0.024941
-0.036456
-0.011900
-0.024187
0.037236
0.000383
-0.061046
0.037245
-0.011903
0.024953
-0.011902
0.012667
0.012666
0.000383
END
