y[]
0.015526
-0.044071
0.030430
-0.178316
-0.029227
0.015557
-0.014301
0.075249
-0.044138
0.030474
0.000628
-0.074004
0.030488
0.030479
0.060303
-0.029205
0.015546
0.000628
0.000628
0.015543
0.104973
0.015526
-0.014269
-0.014272
0.030426
0.000628
0.045308
0.089927
0.045248
-0.029116
-0.014247
-0.014250
0.030381
0.074972
-0.043972
-0.014243
-0.029120
-0.029129
0.030386
0.045248
0.015497
0.060081
-0.029094
0.015490
0.015488
0.030341
0.060028
-0.043919
0.000628
0.060019
-0.029063
0.000628
-0.088498
0.000628
0.045201
0.000628
0.045181
0.000628
0.030319
0.030311
-0.043899
0.015473
0.015470
-0.029059
0.015473
0.045148
-0.014210
0.015466
-0.014210
0.000628
-0.029054
0.000628
0.015470
0.104463
0.015453
0.015451
-0.058675
0.059931
0.015448
-0.029015
-0.043853
0.030284
0.030275
-0.014194
-0.029023
0.000628
-0.088379
0.030306
0.015464
0.000628
-0.058728
-0.029063
0.015475
0.015473
0.015470
0.015468
0.015466
0.000628
-0.014210
-0.073594
-0.014223
-0.029081
0.045188
-0.014223
0.015479
-0.043932
0.000628
0.015484
-0.029085
0.045195
0.000628
0.030328
0.000628
-0.014221
0.000628
-0.043932
0.000628
0.045188
0.074851
0.045135
-0.029041
-0.043892
0.045148
-0.043892
-0.103330
0.060046
0.045168
0.074818
0.074763
-0.132854
-0.029059
0.030315
-0.073605
0.000628
0.015479
-0.014223
0.015479
0.000628
-0.014223
-0.043938
0.000628
-0.014232
0.000628
0.030346
0.000628
0.060037
-0.029072
0.015479
0.000628
0.000628
0.000628
-0.043932
0.015484
-0.014227
-0.014230
0.000628
0.000628
0.015486
-0.029090
0.015488
-0.014232
0.015488
0.000628
0.015486
-0.043952
-0.014236
0.015492
0.015490
0.000628
-0.014234
-0.014236
0.000628
0.000628
-0.029107
0.000628
-0.043991
0.000628
0.000628
-0.014250
0.000628
-0.088684
0.000628
0.000628
-0.029160
-0.014269
-0.044078
-0.029187
-0.029196
-0.014287
-0.103842
0.075261
0.000628
0.075205
0.015537
-0.014281
0.000628
-0.059029
0.000628
-0.014292
0.015548
0.030461
0.000628
0.045361
-0.029191
0.015539
0.015537
0.000628
0.000628
-0.014281
-0.044111
0.000628
0.015543
0.000628
0.000628
0.015541
-0.059038
0.045381
-0.014287
0.030457
-0.014285
0.045361
0.030439
0.045328
0.015523
-0.014267
0.015523
0.015521
0.000628
-0.029160
0.030417
0.015519
-0.014263
0.015519
0.000628
-0.029156
0.015521
-0.029160
0.015523
0.000628
0.000628
0.015521
0.060179
0.000628
0.000628
-0.014256
-0.044038
0.015519
-0.014263
0.000628
-0.014265
0.000628
0.000628
0.030412
-0.014263
0.000628
0.015519
0.000628
0.000628
0.060170
0.000628
0.045261
0.015501
0.015499
0.030363
-0.014238
-0.014241
-0.029116
0.015501
0.000628
0.000628
0.045234
-0.014238
0.015495
-0.029107
0.000628
0.015497
-0.014241
0.000628
-0.014243
-0.014245
0.015501
0.015499
0.000628
-0.014243
0.015499
0.000628
0.000628
-0.014243
-0.014245
0.015501
-0.029120
0.015504
-0.014247
0.000628
0.015504
0.000628
0.015501
0.000628
0.000628
0.000628
0.015499
0.000628
0.000628
0.000628
0.015497
-0.014241
-0.014243
0.015499
-0.014243
-0.014245
-0.014247
0.000628
0.000628
-0.014250
0.015506
-0.014250
0.060125
0.000628
-0.043991
0.000628
0.015504
0.000628
0.015501
0.000628
-0.014245
0.000628
-0.014247
-0.029129
0.000628
-0.044025
0.000628
-0.044045
0.030412
0.015517
0.015515
0.015512
0.015510
-0.014254
0.000628
0.015510
0.015508
-0.014252
0.015508
0.000628
0.030381
0.045241
-0.014241
-0.029116
0.030372
-0.043991
0.000628
0.030377
-0.088644
0.000628
0.030394
-0.029138
0.000628
0.030394
-0.058913
0.060170
-0.014254
0.015510
0.000628
0.015508
-0.014252
0.015508
0.000628
0.000628
-0.014252
-0.014254
0.000628
0.015510
0.000628
0.015508
-0.044018
0.015512
0.015510
-0.044025
-0.029152
0.015519
0.015517
0.000628
0.045281
-0.014254
0.000628
-0.014256
-0.014258
0.075038
0.030377
-0.088644
0.000628
0.030394
0.015508
-0.014252
-0.029138
0.030394
0.015508
0.015506
-0.058896
-0.058931
0.030412
-0.029156
0.000628
-0.029165
0.030421
-0.029165
-0.014272
-0.029178
0.000628
0.015532
0.015530
-0.014274
0.015530
0.015528
-0.014272
0.000628
-0.014274
0.000628
0.030430
0.015526
0.000628
-0.014269
0.000628
-0.014272
0.015528
0.000628
0.015526
0.015523
0.000628
0.015521
-0.029160
0.015523
0.000628
0.000628
0.000628
-0.014267
0.015523
0.045301
0.000628
0.045281
-0.044025
-0.014261
0.030403
-0.014258
0.075038
-0.014250
0.000628
-0.029134
0.015510
0.045261
-0.044005
0.030386
0.000628
-0.044011
0.000628
0.015510
-0.014254
-0.014256
0.045274
-0.014252
0.000628
0.015508
0.030381
-0.029125
0.030381
0.000628
-0.014247
0.045248
0.015497
0.015495
0.104632
-0.014223
0.000628
-0.029081
0.015484
0.000628
0.030333
0.015477
-0.014221
-0.014223
0.000628
-0.014225
0.030333
-0.029076
0.030333
-0.073650
-0.103453
0.030377
-0.029120
-0.029129
-0.103593
0.045308
-0.014263
-0.014265
-0.178263
-0.044145
0.015555
0.000628
0.045394
0.030461
-0.044125
-0.148692
-0.074116
0.060428
-0.029267
-0.029276
0.075372
0.000628
-0.029263
-0.029272
-0.029281
-0.029290
0.075406
0.060410
0.000628
-0.044205
-0.014321
0.090287
0.000628
-0.059136
-0.044218
-0.029281
0.000628
0.090328
-0.074116
-0.089138
0.075439
-0.029290
-0.089179
-0.044306
-0.059315
-0.059351
-0.014372
0.030627
0.000628
-0.059378
-0.104469
-0.014395
0.045690
0.030658
0.060661
-0.029384
-0.014381
0.030645
-0.059414
-0.044427
0.105725
0.105615
-0.029357
0.060589
-0.074329
-0.044373
0.135571
0.105458
0.045522
-0.059234
0.015597
0.030559
0.000628
0.015590
0.045501
0.000628
0.015581
-0.059198
0.030546
-0.014330
0.105285
0.105176
0.105067
-0.059038
0.030466
-0.059056
0.060312
0.000628
-0.014289
0.000628
-0.059064
-0.014301
0.119995
-0.029200
0.000628
-0.118775
0.015561
0.030488
0.060321
-0.059064
-0.118864
-0.223805
0.240006
0.090247
-0.088991
-0.014316
-0.014318
0.105207
0.030488
0.000628
-0.029232
0.060339
-0.014296
0.015552
-0.103888
0.015566
0.015564
-0.029245
0.000628
-0.014312
0.015568
0.075294
-0.029232
-0.059118
0.060374
0.015559
0.000628
0.045408
0.000628
-0.044151
0.030483
-0.088964
0.030501
0.015561
-0.118900
-0.029276
-0.119079
0.000628
0.000628
0.000628
0.030568
-0.074239
-0.044319
0.015613
-0.029343
0.015615
0.000628
-0.014359
-0.014361
0.015617
-0.014361
0.015617
0.000628
-0.014361
0.015617
0.000628
-0.014361
0.000628
-0.014363
0.060580
0.030591
0.060526
0.000628
0.015597
-0.014341
0.015597
-0.029312
0.015599
-0.014343
0.000628
-0.014345
0.015602
0.000628
0.000628
0.000628
-0.029321
0.015604
-0.029325
0.015606
0.030577
0.000628
0.000628
0.015599
0.000628
-0.029316
0.015602
-0.014345
0.000628
0.000628
0.015602
-0.014345
0.030573
0.000628
0.015597
-0.014341
-0.014343
-0.014345
0.000628
0.015602
0.015599
-0.014343
0.000628
0.000628
0.015599
-0.014343
0.000628
0.015599
0.000628
-0.014343
0.000628
-0.014345
0.000628
0.000628
0.000628
-0.014348
0.000628
-0.029330
-0.014354
0.000628
-0.014357
0.000628
0.000628
0.000628
0.030595
-0.014354
0.000628
0.015611
0.000628
0.015608
0.000628
0.015606
-0.044312
-0.029343
0.045582
-0.059315
0.000628
0.015617
0.015615
0.030595
0.030586
-0.029330
0.075506
-0.014343
0.000628
0.015599
-0.014343
0.045535
0.030555
-0.014334
-0.014336
-0.014339
END
