y[]
0.049238
0.018127
0.033668
-0.044060
0.018127
-0.059630
-0.090807
-0.200056
0.080563
0.049340
0.142733
0.064806
0.018129
-0.012972
-0.106346
-0.028564
0.111536
-0.215456
0.018168
-0.075394
0.002578
-0.247344
0.065118
0.080697
-0.013040
-0.091186
-0.138234
-0.044403
0.033902
0.018236
-0.013080
0.065196
0.049516
0.096387
0.002578
-0.028681
-0.028691
0.002578
-0.138256
-0.091421
-0.091510
0.128010
-0.028765
-0.060137
0.065294
0.033922
-0.013092
0.033917
0.018244
-0.075773
0.127911
0.002578
0.018234
0.002578
-0.044396
0.112150
0.065137
-0.013058
0.018214
0.080722
-0.013045
-0.013048
0.033828
0.065049
-0.091142
0.002578
0.033828
0.002578
-0.075565
0.080722
-0.028672
-0.028681
-0.028691
-0.044344
0.033863
-0.028706
0.002578
-0.044366
-0.013075
-0.060059
0.065215
-0.075724
0.080881
0.065176
-0.028716
-0.013072
-0.279553
0.081028
-0.028794
0.049634
0.033936
0.018254
-0.060137
-0.013107
0.065304
0.096593
0.049553
-0.028735
0.018236
-0.044403
-0.044425
-0.044447
0.112271
-0.013084
-0.091451
-0.107234
0.018273
-0.044514
-0.217478
0.049774
0.065472
-0.249232
0.034089
0.065571
-0.091925
0.034089
0.081312
-0.028908
-0.028918
-0.218172
0.018363
-0.092163
-0.029022
0.018380
0.113119
0.128761
-0.044721
-0.076305
0.002578
-0.092163
-0.123884
0.097440
0.002578
-0.029032
-0.139793
0.002578
-0.013253
0.034239
-0.044916
0.002578
0.113364
0.144837
0.160407
-0.265878
0.129001
0.097290
0.002578
-0.013201
-0.013203
0.018360
-0.060563
0.065720
-0.028987
-0.013208
0.002578
0.002578
-0.013211
0.018368
-0.013211
0.002578
0.018368
0.002578
0.002578
0.018365
0.018363
0.018360
-0.028987
0.049923
0.065670
0.002578
0.002578
0.002578
0.002578
-0.028962
0.002578
0.018350
0.002578
-0.013193
-0.013196
-0.028977
0.002578
0.034134
0.002578
-0.013198
-0.028982
-0.060573
0.002578
0.018370
0.018368
0.002578
-0.013211
-0.013213
0.002578
0.018370
0.018368
0.002578
0.034149
-0.028992
0.002578
0.034149
0.002578
0.002578
-0.028992
0.034149
0.018360
-0.044774
0.018365
0.034144
0.065680
-0.013193
0.002578
0.018350
0.049878
0.002578
0.018340
-0.092029
0.002578
0.034124
0.034114
-0.028957
-0.013193
-0.013196
0.034124
-0.013193
0.018350
0.018348
-0.013191
0.018348
0.002578
-0.013191
0.002578
-0.044744
0.049901
0.018348
0.002578
0.018345
-0.060503
0.097186
-0.076255
0.018350
0.018348
-0.028962
0.049886
0.002578
0.002578
-0.044729
0.034119
0.002578
-0.013191
0.018348
0.002578
0.049871
0.081350
0.081288
0.034045
-0.076106
0.049797
0.018313
0.018310
0.018308
-0.013151
-0.028888
-0.013158
0.034050
0.049767
0.002578
0.002578
-0.028878
-0.028888
-0.013158
0.018315
0.018313
0.018310
0.018308
0.002578
0.018305
-0.044610
-0.013156
0.002578
-0.013158
0.034050
-0.013156
0.018313
0.002578
0.002578
0.018310
-0.028888
0.018313
-0.013156
0.018313
-0.013156
-0.013158
0.018315
-0.028898
-0.013163
0.018320
-0.028908
0.018323
-0.028913
-0.013171
0.002578
0.002578
-0.028928
0.002578
0.018333
0.002578
0.049826
0.002578
0.034065
-0.028908
0.081275
0.018310
-0.013153
0.002578
0.002578
0.034040
-0.013151
0.034035
0.049745
0.018296
0.034005
0.002578
-0.013134
0.049708
-0.013129
-0.013131
0.033995
0.018283
-0.044543
0.002578
0.002578
0.018288
0.018286
0.002578
0.002578
-0.013129
-0.028843
0.018291
-0.013134
0.049708
0.049685
0.018276
-0.028819
0.018278
0.002578
0.049663
0.002578
0.018268
0.002578
0.018266
0.002578
0.018264
0.002578
-0.013107
-0.013109
-0.060196
-0.013121
0.002578
0.002578
0.018278
0.049663
0.033956
0.002578
0.018264
0.049619
0.002578
-0.013099
0.018256
-0.013099
-0.028784
0.033941
0.002578
0.033931
-0.091510
-0.013111
0.002578
0.033956
-0.028799
0.002578
0.049641
-0.044484
-0.013114
0.002578
-0.060216
0.033981
0.002578
0.002578
-0.091657
0.018291
0.049700
0.033981
-0.013121
0.002578
-0.028829
0.002578
0.049685
0.002578
-0.028824
0.002578
-0.028833
0.033990
0.002578
0.002578
0.018281
0.065363
0.018268
0.002578
0.065314
-0.028784
0.002578
0.033941
0.002578
-0.013102
0.018259
0.065274
0.018246
-0.044432
0.018251
0.049582
-0.013087
0.018244
0.049560
0.002578
-0.044403
-0.013087
0.002578
0.033907
-0.028750
0.002578
0.002578
-0.013089
0.033912
-0.044425
0.049582
0.002578
0.002578
-0.013087
-0.013089
0.033912
-0.013087
0.002578
0.018244
0.033902
-0.028745
0.018241
-0.013084
-0.044425
-0.044447
0.002578
-0.013102
-0.028789
0.002578
0.002578
0.018264
0.049619
-0.060147
-0.060186
0.002578
0.002578
0.033966
0.018268
0.018266
0.033946
-0.028789
0.002578
0.002578
-0.013109
-0.044499
0.018273
-0.013116
-0.060226
0.002578
-0.013129
0.002578
0.002578
-0.044558
0.002578
-0.123227
-0.013158
-0.028903
0.065531
-0.013156
-0.076131
-0.028923
0.018330
0.081300
0.034050
-0.044632
0.002578
0.049789
0.081213
-0.060325
0.034035
0.128305
0.002578
0.049685
-0.013121
0.049671
-0.060216
0.065373
-0.075921
-0.186071
-0.028898
0.112702
0.096874
-0.154630
-0.076118
0.128464
-0.186309
0.144277
0.018310
-0.028888
-0.091880
-0.013173
-0.091984
-0.076292
0.002578
-0.013203
0.002578
-0.060573
-0.092223
-0.060673
-0.013241
-0.108225
0.145017
0.113224
0.034169
0.113067
0.034124
-0.092089
0.081474
-0.250106
0.018390
0.049998
-0.155574
0.050051
0.081649
-0.203134
-0.029107
-0.171872
-0.045052
-0.156354
0.034385
0.145583
-0.124527
0.002578
0.082038
-0.045090
0.002578
-0.045112
0.050269
0.082013
0.113681
0.034299
0.034289
-0.092584
-0.045037
-0.045059
0.034340
-0.188140
0.066192
0.066151
0.018465
-0.060984
0.145538
-0.045052
0.002578
0.303855
0.144972
-0.029047
0.018392
0.129001
0.128841
-0.155275
0.002578
0.081536
0.207577
-0.013176
0.034084
-0.060443
-0.044714
-0.076292
-0.044774
0.144568
-0.013188
0.065630
-0.076242
-0.028967
0.002578
0.002578
-0.092119
-0.060603
-0.108085
0.002578
-0.013241
-0.013243
-0.044901
0.034234
0.034224
0.113259
-0.013226
0.018382
0.002578
0.049976
0.097305
0.018358
0.034129
0.034119
-0.107858
-0.013208
0.081486
-0.060543
0.049923
-0.044766
0.034144
0.160257
-0.028937
0.081350
0.112754
0.096918
-0.013139
0.002578
-0.107510
0.049774
0.049752
0.002578
0.081152
-0.075995
0.018298
-0.060315
-0.139076
-0.155051
0.128702
-0.013178
-0.076242
0.081399
0.018335
-0.060463
-0.028957
-0.092089
0.113015
-0.044736
-0.028977
-0.060563
-0.013213
0.002578
-0.013216
0.002578
0.002578
0.002578
-0.013218
0.002578
0.002578
0.049961
0.034154
0.002578
0.018363
-0.013206
0.018363
-0.013206
-0.107980
-0.029032
0.002578
-0.155624
-0.013256
0.018413
-0.013256
0.002578
0.034244
-0.013253
-0.013256
0.050073
-0.013251
-0.013253
0.002578
-0.013256
0.002578
0.034244
0.002578
0.002578
0.002578
0.081699
-0.013241
0.002578
0.018397
0.018395
0.018392
-0.029052
0.034209
0.018390
0.018387
0.034189
0.018380
0.002578
0.065760
0.128821
0.018348
-0.044736
0.018353
0.065650
-0.076267
0.002578
0.018353
-0.028972
-0.013201
-0.028987
-0.013208
0.034149
-0.044781
0.002578
0.002578
-0.029007
-0.060623
0.049983
-0.013221
0.002578
0.034174
-0.013218
-0.013221
0.034174
-0.060623
-0.013228
0.018385
0.002578
-0.171431
0.018410
-0.076604
-0.029112
0.002578
0.081786
0.034244
-0.060763
-0.013263
0.050096
-0.013258
0.002578
-0.108348
END
