y[]
0.000271
-0.012199
0.000271
-0.037147
0.025218
0.012742
0.000271
0.025209
-0.037138
0.025212
0.000271
-0.012199
-0.012200
0.025212
0.000271
-0.012199
-0.012200
0.012742
0.000271
-0.012200
0.012742
0.000271
-0.012200
-0.012202
0.025215
0.037675
-0.012196
-0.049611
-0.024679
-0.012206
-0.012208
-0.012210
-0.024695
0.000271
-0.024701
0.025243
-0.012214
0.012756
-0.024701
-0.012217
-0.012219
-0.012220
0.000271
-0.049710
0.012769
-0.012227
-0.037231
0.100246
-0.049704
0.075224
-0.087180
-0.012228
0.012770
0.000271
-0.037231
0.037773
-0.074748
-0.037260
0.025293
0.062798
-0.024735
-0.024742
0.025283
0.050277
-0.062241
-0.012236
0.000271
-0.049773
0.037806
0.012780
0.075290
-0.024729
0.025271
0.037759
-0.037217
-0.012228
-0.024732
0.000271
-0.012233
0.000271
-0.049760
-0.024754
0.012784
0.025293
0.000271
0.012780
-0.024748
0.025290
0.012778
-0.049767
0.062814
-0.037250
-0.049779
0.012786
-0.024760
0.025302
0.000271
-0.024760
-0.012247
0.012789
0.012787
0.000271
0.050321
0.000271
-0.012239
0.050302
0.012775
-0.012233
0.037778
-0.049742
0.012776
0.000271
-0.037250
0.012780
0.000271
-0.024748
0.012781
0.000271
-0.037264
0.050315
0.012778
-0.024745
0.037792
-0.024742
0.037787
-0.012233
-0.024742
0.025283
-0.012235
0.025280
0.000271
-0.049754
0.025287
0.037783
-0.037241
0.000271
0.012776
0.000271
-0.037250
0.000271
-0.012239
-0.012241
-0.024757
-0.074851
0.037839
0.025309
0.037816
-0.012242
0.025296
0.000271
-0.037269
0.025299
0.050308
0.012776
-0.024742
0.025283
-0.024742
0.025283
-0.074785
0.012784
0.025293
-0.012239
-0.012241
0.050308
-0.087311
0.000271
-0.012247
0.037820
0.087831
-0.012233
-0.037250
-0.049779
-0.062327
0.025315
-0.037297
0.012795
0.012794
-0.037302
0.100434
0.050315
-0.062288
0.000271
0.025299
0.050308
0.150234
0.000271
-0.037199
0.000271
0.025252
-0.037203
-0.062217
0.000271
-0.062256
-0.037264
0.062822
0.037783
-0.037241
-0.024745
0.112792
-0.062225
0.025274
0.000271
0.012770
0.062744
0.037736
-0.037194
0.037736
-0.037194
-0.037208
-0.037222
0.012770
-0.012228
-0.049742
0.012776
0.012775
0.037773
-0.087256
0.000271
0.012780
-0.024748
0.037797
-0.024745
0.000271
0.025287
0.037783
0.025271
0.012769
0.012767
-0.024723
0.012769
-0.049729
0.000271
0.000271
-0.037245
0.000271
0.012778
0.000271
0.000271
0.000271
0.012776
0.012775
0.000271
0.012773
0.012772
0.000271
0.050258
0.012764
0.037741
0.025243
0.037717
0.012750
-0.037171
0.000271
0.000271
-0.037185
0.012758
0.025240
0.037712
-0.049654
0.025237
-0.024695
-0.012214
0.037722
0.037708
0.062635
-0.024670
0.012742
-0.062100
0.012748
-0.012206
0.000271
0.025224
0.012745
-0.012203
-0.062124
-0.024698
0.000271
0.012756
-0.012214
-0.037194
0.025249
0.050209
-0.049667
0.037726
0.050190
0.037694
-0.012202
0.062619
0.012736
-0.037129
0.000271
-0.024670
0.000271
-0.024676
-0.012205
0.000271
-0.024685
0.012750
-0.012208
0.037703
0.062627
0.062588
-0.037115
-0.012194
0.025199
0.025193
0.000271
-0.024651
0.037652
-0.012188
0.000271
0.000271
0.012730
0.012728
-0.012186
0.012728
-0.012186
0.012728
0.000271
-0.012186
0.012728
0.025181
-0.037096
0.000271
0.000271
-0.012188
-0.012189
0.012731
0.000271
0.000271
0.000271
0.000271
0.012730
0.012728
0.000271
0.012727
0.000271
0.000271
0.012725
-0.024639
0.012727
0.000271
0.012725
-0.037096
0.025184
0.012725
0.012723
-0.024636
0.012725
0.012723
-0.012182
0.025174
0.012720
-0.012178
0.012720
0.012719
-0.012177
-0.012178
0.025168
0.037605
-0.024617
0.000271
0.012716
0.000271
0.012714
-0.012172
0.000271
0.012714
-0.012172
0.012714
-0.012172
-0.012174
0.012716
0.000271
0.012714
0.025153
-0.012169
-0.012171
-0.012172
0.037596
-0.012169
0.050022
0.000271
0.025137
-0.012161
-0.012163
-0.012165
0.012706
0.000271
-0.037040
0.000271
0.000271
0.000271
-0.024611
0.000271
0.012713
-0.024614
-0.037068
0.050053
0.000271
-0.012172
0.000271
0.025156
0.000271
-0.012171
-0.012172
-0.012174
0.000271
-0.012175
-0.049530
0.025174
-0.024633
0.012723
0.012722
-0.024633
0.012723
0.000271
0.000271
-0.012182
0.000271
0.012723
-0.037091
0.000271
-0.012186
0.000271
0.000271
0.012728
0.012727
0.012725
0.000271
-0.012183
0.025178
0.000271
-0.024636
-0.049561
0.025190
-0.037110
0.012733
-0.024654
-0.012194
-0.024664
0.012739
0.012737
-0.012196
0.012737
0.025199
0.000271
0.000271
0.000271
0.012733
0.012731
0.000271
0.012730
-0.012188
0.000271
0.012730
-0.012188
0.000271
0.012730
0.012728
0.000271
-0.012186
0.000271
0.000271
0.012728
0.050084
-0.012180
-0.012182
0.000271
0.000271
-0.037096
0.000271
0.025184
0.012725
-0.024639
-0.012186
0.037638
0.012723
0.037619
0.000271
0.037605
-0.012172
0.000271
0.000271
0.050035
-0.037049
0.000271
-0.012172
0.000271
-0.024620
0.025162
-0.037068
0.000271
0.037610
-0.037068
-0.049536
-0.024642
0.025184
-0.037101
0.037642
-0.012185
0.025181
-0.024639
0.000271
0.012727
-0.012185
-0.024645
0.050097
0.012723
0.000271
-0.012182
-0.012183
-0.012185
-0.024645
0.012730
-0.012188
-0.037115
0.012734
0.037652
0.025184
0.037629
0.012720
-0.012178
-0.012180
-0.012182
0.012723
0.012722
0.000271
-0.024633
0.000271
-0.024639
0.012727
-0.037101
0.075000
0.012720
0.025165
0.000271
0.050041
-0.012169
-0.012171
-0.012172
0.012714
-0.024617
-0.012175
0.012717
0.037601
-0.012171
0.000271
-0.024617
-0.037073
0.025168
0.012717
0.037601
0.000271
0.000271
-0.012171
-0.024617
0.012716
0.000271
0.012714
0.012713
-0.012171
0.000271
0.012713
-0.024614
-0.012174
-0.012175
0.050047
-0.024614
-0.012174
0.012716
-0.012174
-0.024623
0.000271
-0.024629
0.050066
0.012716
-0.012174
0.000271
-0.049524
-0.012182
-0.049555
0.012730
-0.024648
0.025190
0.025184
0.025178
0.012722
-0.037087
0.025178
-0.012182
0.000271
0.012723
-0.049548
-0.012188
0.000271
-0.012189
0.000271
0.012731
-0.037115
0.012734
0.000271
0.000271
0.012733
0.025190
0.000271
0.000271
-0.037110
-0.037124
0.000271
0.012737
0.012736
-0.024660
-0.024667
0.000271
0.000271
-0.012200
0.000271
0.025212
-0.024670
0.025212
0.012739
0.025202
-0.024660
0.025202
-0.024660
-0.037138
0.000271
0.000271
0.000271
-0.074589
-0.012211
0.000271
-0.099642
0.000271
0.000271
0.000271
-0.062225
0.000271
-0.024738
-0.012236
-0.024748
0.050302
0.000271
0.000271
0.012775
0.000271
0.037773
-0.037231
0.000271
0.012773
0.162659
-0.012211
0.087613
0.012742
-0.024673
0.050152
0.012737
0.112400
-0.037091
-0.049567
0.000271
0.012733
-0.024654
0.037656
0.000271
0.037642
0.000271
0.000271
-0.037101
-0.012189
0.012731
0.025187
-0.062030
0.050115
0.087439
0.012717
0.012716
-0.061968
0.012722
-0.012180
-0.024636
0.025178
-0.024636
0.025178
0.000271
0.012722
0.025168
-0.049530
0.037624
0.012719
0.000271
-0.024626
-0.012180
0.037619
-0.012177
0.000271
0.000271
0.000271
0.000271
-0.024629
-0.037091
0.012727
-0.024642
0.012728
0.037633
0.000271
0.000271
-0.024636
0.025178
-0.012182
0.012723
-0.012182
0.000271
-0.024639
0.012727
0.000271
-0.037101
-0.024651
-0.037124
-0.037138
0.000271
-0.074589
0.012751
0.000271
0.012750
0.012748
-0.037166
0.012751
-0.037175
-0.074663
0.037745
0.000271
-0.012219
0.025249
0.000271
-0.049692
END
