y[]
-0.013367
0.016598
-0.013367
-0.013369
-0.013371
0.031587
0.001615
-0.013369
-0.058346
-0.013380
0.001615
0.001615
0.001615
0.016611
0.046590
0.031587
-0.013369
-0.013371
0.016602
-0.088340
-0.013385
0.001615
0.031614
0.001615
-0.013383
0.001615
-0.013385
-0.013387
0.031618
0.016614
-0.013383
0.031609
-0.013380
-0.028383
0.016616
0.061594
0.046576
-0.043345
-0.028370
0.031600
0.001615
0.016605
-0.043359
-0.013380
0.001615
0.031605
0.046583
0.001615
-0.013371
0.001615
-0.028365
0.031596
-0.028365
0.016607
0.016605
0.001615
0.016602
0.016600
0.001615
0.001615
-0.013369
-0.013371
0.016602
0.016600
-0.013369
0.001615
0.016600
-0.013369
0.001615
-0.028361
0.061558
-0.013367
0.016598
0.016596
0.016593
0.001615
0.016591
0.001615
0.031560
0.001615
0.016584
0.031547
-0.058256
0.016587
0.001615
-0.028329
-0.013360
0.001615
0.016591
-0.013360
0.031565
-0.013358
0.001615
0.001615
0.001615
-0.028338
0.016593
0.016591
-0.013360
-0.013362
-0.013365
0.001615
0.001615
-0.028352
0.001615
0.031582
0.031573
0.106398
0.001615
-0.028311
0.046502
0.016573
0.031524
-0.013338
0.016569
0.151025
0.210415
-0.043091
0.061219
0.195082
0.001615
0.016482
0.016480
0.001615
0.061051
0.016469
-0.132144
-0.221715
-0.237155
0.091221
0.106054
-0.192429
0.106148
-0.087977
-0.117966
0.106257
-0.132944
0.136175
0.016555
0.061353
0.091154
0.001615
-0.028222
0.106007
-0.043111
-0.058050
0.135814
0.001615
-0.013287
0.016517
-0.043097
0.061228
0.076081
0.105774
-0.072773
-0.057935
0.046282
-0.028160
-0.013275
-0.013278
0.046288
-0.132463
0.061228
-0.028186
-0.013289
0.016520
-0.058015
-0.058050
0.016535
-0.073006
0.001615
0.061317
-0.013307
0.046375
-0.013302
-0.028226
0.046375
0.031444
0.076148
-0.072917
-0.028213
-0.087923
0.016544
-0.028244
-0.058131
-0.043218
-0.043238
-0.013340
-0.043265
-0.118163
-0.058328
0.121466
-0.103246
-0.028365
-0.103387
-0.133550
0.151788
-0.043413
0.046644
0.016620
0.046617
-0.298775
-0.028473
-0.073646
-0.149078
0.001615
0.001615
0.031772
0.061902
0.016681
-0.103894
0.001615
-0.013466
-0.179544
0.016725
-0.043719
0.137557
0.077059
-0.013469
0.016700
0.031777
-0.028546
-0.058735
-0.073873
0.001615
0.046916
-0.089005
-0.089088
-0.043767
0.001615
-0.089211
-0.134779
0.016780
0.001615
0.016777
-0.059046
0.122901
0.062203
-0.013528
0.001615
0.137824
-0.074033
0.122626
0.046957
0.062038
0.001615
0.031813
0.001615
-0.043685
0.077104
0.016706
0.031790
-0.013471
0.001615
0.031786
0.016697
-0.028550
0.001615
0.016700
0.001615
-0.028555
-0.013473
0.016704
0.031786
0.001615
0.016697
-0.013466
-0.028555
0.031786
0.016697
-0.013466
0.016697
0.046847
0.016688
-0.073771
0.016697
-0.013466
-0.013469
0.031781
-0.013466
0.001615
-0.043644
0.001615
0.001615
0.001615
0.001615
0.016704
-0.028564
0.016706
-0.028569
0.016709
0.016706
0.001615
0.001615
-0.013475
0.001615
-0.028573
0.001615
0.031804
-0.013478
-0.013480
0.016711
0.016709
0.001615
0.001615
0.046881
-0.028560
0.031790
-0.013471
0.046868
0.016695
0.001615
-0.013464
0.001615
0.001615
0.001615
-0.043637
0.016702
-0.013471
-0.043657
0.001615
-0.028578
-0.013485
-0.028591
-0.013491
-0.013494
0.031831
0.001615
0.031822
0.001615
0.001615
0.001615
-0.013487
0.031818
-0.013485
-0.028591
-0.013491
0.001615
0.016722
0.016720
0.077104
-0.043671
0.001615
0.031809
0.001615
0.016709
-0.104085
0.001615
0.031827
0.001615
-0.013489
-0.013491
-0.043719
0.001615
-0.013501
0.016731
-0.013501
0.001615
0.001615
-0.043746
-0.013510
0.016741
0.001615
0.001615
0.016738
-0.013507
0.016738
0.001615
0.016736
0.001615
0.001615
-0.013505
-0.013507
0.001615
-0.028637
0.001615
0.001615
0.016743
0.001615
0.016741
-0.013510
0.031863
0.001615
0.031854
-0.013503
-0.089142
0.016747
0.001615
0.001615
-0.013517
-0.013519
-0.043801
0.001615
-0.043822
-0.043843
-0.013542
0.031928
0.001615
0.001615
0.001615
-0.013540
-0.059027
-0.013551
-0.013553
0.001615
0.062277
0.062240
0.092483
-0.043808
-0.043829
-0.028692
0.031923
0.001615
-0.013537
0.016768
-0.013537
-0.028697
0.001615
-0.043870
-0.028720
-0.013556
-0.043912
0.016793
-0.013563
0.016793
0.001615
0.031964
-0.028734
-0.089487
0.001615
-0.013576
0.047184
0.016800
-0.013569
-0.028761
-0.013576
0.001615
-0.028775
-0.028784
0.062406
-0.028775
-0.013583
-0.043995
-0.165800
-0.227130
0.032145
-0.013648
-0.013651
-0.151173
0.032192
0.139094
0.047399
0.108363
-0.013627
0.032099
0.032089
-0.028858
0.047323
-0.059332
-0.028872
-0.166234
0.154217
0.077829
0.047316
-0.059323
0.077783
0.047288
-0.013606
0.032057
0.032048
-0.089709
-0.044078
0.047309
-0.044078
-0.044099
0.001615
-0.013627
-0.135674
-0.013651
0.062666
-0.013644
0.032131
-0.044162
-0.059453
0.001615
-0.013658
0.016888
-0.028933
-0.044225
-0.028956
-0.120765
0.062824
0.016912
0.123902
-0.028942
0.077992
-0.044204
0.016891
0.016888
-0.013658
-0.074785
-0.013672
0.108575
-0.059491
0.032173
-0.074796
0.032187
0.123809
-0.013651
-0.013653
0.001615
0.016884
-0.028924
-0.013658
-0.013660
0.016891
0.047427
-0.013653
-0.028928
0.001615
0.032159
-0.044204
-0.074796
0.001615
0.078027
0.032164
0.001615
0.032154
0.001615
-0.013653
0.001615
-0.028928
-0.013660
0.001615
0.032164
0.001615
0.001615
0.077945
0.032131
0.077864
0.047337
0.062545
0.062508
-0.028826
-0.028835
0.077725
0.062461
0.001615
-0.059230
0.001615
-0.028821
0.001615
-0.044057
0.032066
-0.028835
-0.044078
0.047309
-0.013613
-0.028849
-0.059342
-0.028877
-0.013634
0.016865
-0.013634
0.001615
0.047358
0.062572
-0.089834
0.047351
0.047330
-0.028858
-0.044113
0.077818
-0.028858
-0.013625
-0.013627
-0.028877
0.093065
-0.105084
0.047358
-0.105149
0.077887
0.047351
0.108250
-0.013611
-0.044078
0.001615
-0.089834
0.001615
-0.028886
0.032117
0.016863
0.001615
0.062582
-0.044106
0.001615
-0.196752
-0.013660
0.230501
-0.059369
0.001615
0.047358
-0.105149
-0.120541
-0.013665
0.001615
0.032173
0.001615
-0.028942
0.154311
0.108363
0.123474
0.047274
-0.059267
0.047281
0.077678
0.016821
0.032020
-0.074413
0.047239
-0.059221
-0.120169
-0.044092
-0.044113
-0.028882
0.016865
0.169209
-0.044064
0.016844
-0.074552
0.093009
0.168954
0.001615
0.092773
-0.028761
0.047177
0.062332
0.047129
-0.043898
-0.089473
0.077528
0.016791
0.016789
-0.074274
-0.043946
0.047177
0.047156
0.016791
0.031960
-0.089445
0.138176
0.001615
0.016777
0.092538
0.047046
0.001615
-0.089266
0.092497
0.001615
-0.013526
-0.104437
-0.028706
-0.028715
-0.028724
-0.028734
-0.043925
0.092676
-0.043905
0.016791
0.077459
-0.013549
-0.043891
0.001615
0.001615
-0.043912
-0.043932
0.031983
0.016796
-0.013565
-0.059129
-0.013576
-0.089584
0.062424
-0.059193
0.123196
-0.013574
-0.028770
-0.043981
-0.059212
0.123233
-0.013579
0.001615
0.062378
0.092690
-0.013558
0.138093
0.016768
0.001615
0.016766
0.016764
0.016761
-0.028678
0.016764
-0.043836
-0.134862
0.016789
0.062286
0.077402
0.107620
0.016750
0.047005
-0.013512
-0.043781
0.016750
0.001615
0.016747
-0.104357
0.016761
0.062176
0.001615
-0.119542
-0.043856
0.001615
-0.013546
0.062249
0.001615
0.016768
-0.104501
0.016782
0.077413
-0.104518
0.001615
0.016784
0.077425
0.077367
-0.089294
-0.013544
END
