y[]
-0.048253
0.037209
0.000581
0.122577
-0.109209
0.000581
0.000581
0.000581
0.024989
-0.036034
-0.011627
-0.048265
-0.023851
0.037227
-0.023848
0.159263
0.073734
0.085858
0.037106
0.097916
0.024900
0.000581
0.073503
-0.035873
0.012734
-0.035882
-0.035896
0.000581
-0.048075
-0.011587
0.073565
-0.011579
-0.084582
0.134376
0.000581
0.000581
-0.011575
0.073494
-0.060176
0.024888
-0.072359
0.012741
-0.023741
0.012743
0.049213
0.000581
0.049189
-0.072341
0.012738
0.037044
-0.023726
0.073485
0.049154
0.073396
0.012712
0.012710
-0.011548
-0.011550
-0.011551
-0.035825
0.012718
0.000581
-0.023694
0.012719
-0.023697
0.024859
-0.035838
0.012722
0.000581
-0.023703
0.024865
-0.047992
0.000581
0.012726
0.012725
0.024865
-0.060139
0.024873
0.012725
-0.011563
0.024867
-0.023706
-0.011565
-0.048016
0.024882
-0.023720
0.037031
0.037017
0.000581
0.000581
-0.011563
0.012725
0.049142
0.036986
-0.035825
0.012718
0.024850
-0.023688
-0.011556
-0.011557
-0.023700
-0.011562
0.037004
0.024856
-0.023694
0.036991
0.000581
0.000581
0.000581
0.036978
-0.047951
-0.035834
0.000581
0.061264
-0.011553
0.000581
0.024847
0.000581
-0.011551
0.024844
-0.023682
0.000581
-0.023688
0.000581
-0.011556
-0.011557
0.012719
0.036986
0.000581
0.012713
-0.023685
0.085486
0.061183
0.036925
0.061125
-0.023632
0.036898
-0.035737
0.000581
-0.011528
0.000581
0.024797
-0.011526
0.012688
-0.035745
0.012691
0.012690
0.036898
0.012684
0.012682
0.000581
-0.011521
0.012682
-0.023623
-0.035737
-0.047863
0.012694
0.000581
0.000581
0.000581
0.024803
0.000581
0.012690
0.000581
0.000581
0.000581
-0.023638
0.024800
0.000581
0.012688
0.024791
-0.011523
-0.011525
0.012687
-0.035741
-0.011529
0.000581
-0.011531
0.036911
0.000581
-0.011528
0.012690
0.000581
0.012688
0.000581
0.000581
0.000581
-0.011526
-0.011528
0.012690
0.000581
0.000581
0.012688
-0.011526
0.000581
0.024794
0.000581
0.012685
0.000581
-0.023629
0.024791
-0.023629
0.036894
-0.023626
0.024788
0.000581
0.012682
-0.011521
0.000581
0.012682
0.000581
-0.011521
0.000581
0.024782
-0.023620
0.000581
0.012682
0.012681
-0.011519
0.000581
-0.023623
-0.023629
0.000581
-0.011526
-0.023638
-0.035759
0.000581
-0.023653
0.000581
-0.011538
0.000581
0.012700
0.024814
0.012695
-0.011534
0.012695
0.000581
0.012694
0.012693
0.012691
0.000581
0.000581
0.012690
0.000581
0.000581
0.024794
0.048989
0.000581
-0.011519
0.012681
0.000581
-0.011519
0.036876
-0.023615
0.000581
0.000581
0.061059
0.000581
0.024762
0.012669
0.000581
-0.011507
-0.011509
0.000581
0.000581
-0.011510
0.000581
-0.011512
0.012674
0.061022
0.000581
-0.047769
-0.023603
0.000581
-0.011513
0.000581
-0.011515
0.000581
-0.023615
-0.011519
0.012681
0.012679
-0.023618
0.000581
-0.011521
0.012682
0.024779
0.012678
-0.011516
0.012678
0.000581
0.000581
-0.023615
-0.023620
0.000581
0.000581
0.012682
0.012681
0.024776
0.012676
-0.023612
-0.035719
0.024782
0.012679
0.012678
0.000581
-0.011516
-0.035719
0.012682
-0.011521
0.000581
0.000581
-0.011522
0.012684
0.012682
0.000581
0.024779
0.012678
-0.023615
0.012679
0.000581
0.000581
0.012678
-0.011516
0.000581
-0.011518
0.012679
-0.350871
-0.011560
0.012722
0.024859
0.000581
0.000581
-0.011557
0.024856
0.024850
-0.011553
-0.011554
0.024850
0.000581
0.000581
0.012713
0.000581
0.000581
-0.011551
-0.023688
0.024850
0.000581
-0.023688
-0.011556
-0.023697
0.000581
0.000581
0.036995
0.000581
0.000581
-0.011556
0.000581
0.000581
-0.023697
-0.011560
0.012722
0.024859
-0.023697
0.000581
0.000581
-0.011560
0.012722
-0.023703
0.000581
0.000581
-0.011563
0.000581
0.012725
0.000581
0.012723
0.012722
0.000581
0.000581
0.000581
0.000581
0.000581
0.012720
0.012719
0.000581
-0.011557
0.000581
-0.011559
0.024859
0.024853
0.024847
-0.047957
0.024853
0.000581
0.000581
0.012715
-0.023688
0.012716
-0.047969
-0.023703
0.012723
0.012722
-0.035847
0.012725
-0.023709
0.024870
0.024865
-0.035847
0.024867
-0.023706
0.012725
0.000581
-0.011563
0.049148
-0.023700
-0.011562
-0.011563
-0.023712
0.037017
0.037004
-0.023700
0.012722
0.012720
0.000581
-0.011559
-0.011560
0.012722
-0.011560
0.012722
-0.035847
0.012725
-0.023709
-0.023715
0.024876
-0.035864
-0.035878
0.012735
0.000581
-0.011573
-0.035891
-0.035904
0.012744
0.012743
0.000581
0.024900
0.037048
0.037035
-0.011569
0.012731
0.049166
0.012723
0.012722
0.000581
0.036995
-0.011556
-0.023697
-0.011560
0.012722
0.024859
0.000581
0.000581
-0.035838
0.012722
0.012720
-0.047986
-0.011565
0.012726
-0.023712
-0.048022
-0.035887
-0.023738
-0.023744
-0.035918
-0.060280
0.037102
-0.072474
-0.023783
0.073654
0.012754
-0.011593
0.000581
-0.060309
-0.035971
0.037133
-0.035971
0.012766
-0.011605
0.098023
0.012754
0.012753
0.000581
0.000581
-0.035940
-0.035953
-0.011600
0.012762
0.073636
-0.060295
0.012759
0.012757
0.073609
0.012747
0.012746
-0.023750
-0.023756
-0.011590
0.000581
0.012752
-0.109008
-0.048164
0.049326
0.049302
-0.023777
0.061464
0.122235
-0.072394
0.012747
-0.133329
-0.011602
0.000581
-0.243381
0.000581
-0.048283
0.110491
0.061590
0.037168
0.012774
-0.084801
-0.121519
-0.048301
0.049463
0.012798
0.012796
0.086046
-0.097099
-0.048295
-0.048319
-0.097290
-0.036146
-0.085167
-0.072976
0.061882
-0.048457
0.074128
0.049582
0.037316
-0.121923
-0.036200
-0.023947
-0.073039
-0.048529
-0.036267
0.000581
0.037429
0.012861
0.012859
-0.122269
0.000581
0.037452
0.074282
0.025136
0.012856
-0.122239
0.086571
0.049685
0.049661
-0.048499
-0.085367
0.049703
0.074219
0.000581
0.012849
0.049637
0.000581
0.098620
-0.023920
0.012832
-0.011670
-0.060697
0.025097
-0.011676
0.061852
0.000581
-0.072949
0.049606
-0.011673
-0.048451
0.012841
-0.060735
-0.011687
-0.036231
-0.011693
-0.060810
-0.048559
0.086560
-0.023977
0.012861
0.061957
0.025121
0.000581
0.012849
0.012847
-0.036222
0.000581
-0.060788
0.037407
-0.011693
-0.060810
-0.023986
0.086539
0.000581
-0.023971
-0.023977
0.012861
0.086497
-0.011688
-0.011690
-0.036240
-0.134546
0.012873
0.074300
-0.023986
0.061987
-0.109977
0.098861
0.098764
-0.023956
-0.011690
-0.023965
0.049667
-0.011688
0.037384
-0.023953
0.037379
0.049625
0.049600
0.012832
-0.060690
0.037348
0.086318
0.049540
-0.011657
0.025055
0.073966
0.098345
0.037218
-0.097147
-0.109477
-0.011655
0.025052
-0.109585
0.061799
0.000581
0.012820
0.012819
0.025052
-0.011654
0.012816
0.000581
0.012814
0.012813
0.037267
-0.036105
0.012811
-0.011649
-0.011651
0.000581
0.000581
0.000581
-0.023887
0.012816
-0.011654
0.012816
-0.011654
-0.036132
-0.011660
0.012822
0.012820
0.000581
-0.011658
0.012820
0.012819
0.000581
0.000581
-0.048379
-0.023908
-0.023914
-0.023920
-0.011672
0.000581
0.012834
0.000581
0.000581
-0.011672
0.000581
0.000581
-0.023929
0.012837
0.000581
0.025088
0.012832
-0.036177
0.012835
-0.036186
0.012838
-0.036195
0.012841
0.000581
0.000581
0.012840
0.000581
-0.023938
0.000581
-0.011681
0.000581
0.000581
-0.011682
0.000581
0.000581
0.012844
-0.023947
-0.023953
0.012849
-0.011687
0.012849
0.025112
-0.011684
0.025109
0.037361
-0.011678
0.000581
0.000581
0.000581
0.000581
0.000581
0.012840
0.000581
END
