y[]
-0.014595
-0.029460
-0.014602
-0.044344
-0.029486
-0.059262
0.000262
0.059786
-0.059262
0.015147
0.000262
-0.148680
0.074761
-0.029531
0.015160
-0.029535
-0.014640
0.030064
0.000262
-0.029540
0.015164
0.059848
-0.029526
0.000262
-0.029535
0.000262
0.015162
-0.029540
-0.029548
0.000262
0.030073
0.015164
-0.044450
-0.044470
0.015175
0.044988
0.030069
0.030060
0.074717
-0.029513
-0.029522
0.015155
0.015153
0.015151
0.030033
-0.044397
0.000262
-0.059315
0.000262
-0.014637
0.030060
0.000262
0.000262
0.000262
0.059830
-0.014626
0.030038
0.015147
-0.029508
-0.014626
0.000262
0.015151
-0.059306
0.015158
0.000262
-0.044430
0.000262
0.000262
-0.014640
0.059857
0.000262
0.015155
0.015153
0.000262
-0.029522
-0.014633
0.015158
-0.029531
0.015160
0.000262
-0.014635
-0.014637
0.015162
-0.014637
0.030060
-0.014635
-0.014637
0.015162
0.015160
0.015158
0.000262
0.030046
0.000262
0.015151
-0.014626
0.030038
-0.014624
0.074673
-0.014615
0.074628
-0.088984
0.000262
-0.014620
0.000262
0.030024
0.000262
0.030015
0.015136
0.000262
-0.014611
0.044875
-0.014606
0.000262
0.044862
0.044842
-0.029455
0.044836
0.015116
0.000262
0.015113
0.000262
0.000262
-0.029442
0.015116
-0.029447
0.015118
-0.044311
0.000262
0.015122
0.029976
-0.029451
-0.014598
-0.014600
0.029984
-0.029460
-0.014602
0.044849
0.000262
0.015120
0.015118
-0.014593
-0.029455
-0.029464
0.000262
-0.059217
-0.014613
-0.044377
0.074650
-0.029486
0.059751
0.015129
0.029989
-0.029464
0.015127
0.000262
0.044842
-0.029455
0.000262
-0.014600
0.015124
-0.059200
0.015131
0.044855
0.000262
0.000262
-0.014600
0.015124
0.015122
0.015120
-0.044318
0.000262
0.029984
0.000262
-0.029460
-0.029469
0.029993
-0.014602
0.015127
0.000262
-0.029469
0.000262
-0.014606
0.029998
-0.029473
0.000262
-0.029482
0.000262
-0.029491
0.000262
-0.029500
0.000262
-0.029508
-0.029517
0.000262
-0.014631
-0.014633
-0.029535
0.015162
0.015160
0.044942
0.015151
-0.014626
0.015151
0.030033
-0.044397
0.015151
0.015149
-0.059297
-0.044430
-0.044450
0.074772
-0.014635
0.030055
0.044935
0.030033
-0.044397
0.000262
0.015151
-0.014626
-0.014629
-0.014631
-0.074237
0.030069
0.030060
0.015158
0.015155
-0.029526
-0.059341
-0.029553
0.000262
-0.014649
0.000262
0.030082
-0.044470
0.030086
0.059884
0.134281
0.015142
0.044889
0.015133
-0.059235
0.030015
-0.044371
0.030020
-0.133716
0.000262
0.000262
0.163989
-0.029486
0.044882
-0.148547
0.089575
0.015140
0.163770
0.059654
-0.014582
0.015107
0.074452
0.029923
0.015089
-0.014565
0.015089
0.000262
-0.059058
0.029927
0.059565
0.029901
-0.029376
-0.029385
0.029910
-0.014560
0.029905
-0.044205
0.015087
0.044723
0.015078
-0.044192
-0.044212
0.044736
0.059530
0.000262
0.089099
-0.029341
-0.029350
0.015069
0.015067
0.000262
-0.058971
0.044690
0.000262
-0.029354
0.015072
-0.014547
-0.014549
0.015074
-0.014549
0.000262
-0.029367
0.163117
-0.058927
-0.014540
-0.044159
-0.029363
0.000262
0.015076
0.029883
0.000262
-0.029359
-0.014551
0.015076
-0.014551
0.000262
0.029888
0.000262
0.000262
0.000262
0.044684
-0.044159
-0.014549
0.000262
-0.014551
0.015076
-0.073828
0.000262
0.029905
-0.014558
0.000262
-0.014560
0.015085
0.015083
0.029896
-0.044192
-0.059041
-0.014569
0.029923
-0.014567
0.000262
-0.029402
-0.014573
0.015098
-0.133338
0.029967
0.015111
0.000262
-0.029438
0.074496
-0.014580
-0.014582
0.015107
0.015105
0.015102
-0.014578
-0.044271
0.044796
-0.029424
-0.059138
0.015116
0.000262
0.015113
-0.014589
-0.014591
0.015116
0.015113
0.059645
-0.014580
0.029945
-0.014578
-0.014580
-0.029429
0.015109
0.044789
0.000262
0.029936
0.192926
0.133428
-0.058901
-0.014534
-0.014536
0.015061
-0.014536
0.029857
0.015056
0.044631
-0.014525
0.029835
-0.014523
0.029831
-0.014521
0.000262
-0.029310
0.015050
0.029831
0.029822
-0.029297
0.029822
0.000262
0.000262
-0.044080
-0.029310
0.029835
0.000262
0.015045
0.000262
0.015043
0.000262
0.000262
-0.014519
0.015043
-0.014519
0.015043
0.000262
-0.029302
0.029826
0.000262
0.000262
-0.014519
0.000262
-0.014521
0.000262
-0.029310
0.015050
-0.029315
-0.014529
-0.014532
0.015056
-0.014532
-0.014534
0.000262
0.015058
0.000262
-0.014534
0.000262
0.000262
0.015058
0.000262
0.000262
-0.014534
-0.014536
0.000262
0.000262
0.000262
0.000262
0.015061
-0.029337
0.044657
-0.014534
0.000262
-0.014536
0.000262
0.015061
0.000262
0.000262
0.000262
0.000262
0.000262
-0.014536
-0.014538
0.000262
0.000262
0.015063
-0.014538
-0.014540
0.000262
0.000262
-0.029350
0.015069
0.015067
0.015065
0.000262
-0.014540
0.000262
-0.014543
-0.014545
0.000262
0.015069
-0.014545
-0.014547
0.015072
-0.014547
0.015072
-0.014547
0.015072
-0.014547
0.000262
0.000262
-0.014549
0.000262
0.000262
-0.014551
-0.014554
0.044703
-0.014549
0.015074
-0.029363
0.000262
0.015076
0.000262
-0.029367
0.000262
0.029892
0.000262
0.000262
0.015074
0.000262
0.029879
-0.014545
0.000262
-0.029359
0.015074
0.015072
-0.029359
0.029883
-0.029359
0.000262
0.015074
0.000262
0.015072
-0.014547
-0.014549
0.000262
-0.014551
0.000262
0.000262
-0.029372
-0.014558
0.000262
0.000262
0.015083
0.000262
0.000262
0.000262
-0.014558
0.000262
0.000262
0.000262
0.000262
0.000262
0.000262
0.000262
0.000262
-0.014560
0.015085
-0.014560
0.015085
0.015083
-0.014558
0.000262
0.000262
0.000262
0.000262
0.000262
-0.044212
0.000262
-0.029398
-0.014571
0.000262
0.000262
0.000262
-0.044251
0.015102
0.000262
0.015100
0.015098
0.000262
0.000262
0.029927
0.000262
0.000262
-0.029402
0.000262
-0.014573
0.015098
0.000262
0.000262
-0.029411
-0.029420
0.015105
0.000262
0.000262
0.015102
-0.029420
0.000262
-0.029429
0.000262
0.000262
0.015109
0.015107
-0.014582
0.000262
-0.059138
-0.014593
-0.014595
0.015120
-0.029455
-0.029464
-0.148503
0.015149
0.015147
-0.029508
-0.074203
0.030055
-0.029531
-0.059350
-0.029557
0.044988
0.030069
-0.014640
0.030064
-0.014637
0.015162
-0.029540
0.000262
0.044962
-0.029535
0.015162
0.030055
-0.014633
-0.044437
-0.014642
-0.104130
0.015182
0.000262
0.015180
0.030091
0.030082
0.000262
-0.044470
0.015175
-0.014651
0.015175
0.000262
0.030082
0.000262
0.044975
0.015162
0.030055
-0.029531
-0.014637
0.030060
0.059830
-0.014626
-0.014629
0.015153
0.000262
0.000262
0.000262
0.015151
0.015149
0.000262
-0.014624
0.000262
-0.104005
0.000262
-0.044457
0.059884
-0.014640
0.044962
-0.074248
0.030073
0.000262
0.015164
0.000262
0.000262
0.000262
0.015162
-0.014637
-0.014640
-0.014642
-0.029553
0.015171
0.015169
-0.014644
0.059875
0.000262
-0.014637
-0.029544
0.030069
0.044955
0.015155
0.000262
0.000262
-0.014631
-0.014633
0.015158
0.044935
0.044915
0.000262
0.074639
0.000262
0.000262
0.000262
-0.014609
0.015133
-0.014609
0.000262
0.000262
-0.059244
0.015142
0.030015
0.015136
0.015133
-0.103881
0.015147
-0.118874
0.015162
-0.074259
0.000262
0.030077
-0.014644
0.000262
-0.014646
0.000262
0.030077
-0.014644
-0.014646
-0.059395
0.045008
0.000262
0.030082
-0.014646
0.030077
0.074761
-0.014633
0.044942
-0.089117
0.030064
0.000262
0.015160
0.074717
-0.089090
0.119381
-0.118856
0.000262
-0.014637
0.030060
-0.059341
0.134321
END
