y[]
0.002261
0.015375
0.002261
0.002261
0.041592
0.054679
0.002261
0.041556
-0.089452
0.107069
0.002261
0.054624
0.002261
0.080754
-0.102410
0.015351
-0.168041
-0.037081
0.002261
-0.076469
-0.037127
0.081022
0.067848
0.002261
-0.050205
0.054727
0.002261
0.028484
0.080888
-0.063257
0.015368
0.028470
-0.037055
-0.063300
0.041603
-0.010851
0.133305
0.106973
-0.128646
0.015359
-0.050143
0.107041
0.054610
-0.023910
0.002261
0.002261
0.015347
0.041510
0.054569
-0.207136
-0.037050
-0.010846
0.041577
-0.023948
0.093962
0.015354
-0.076325
-0.063274
-0.076438
0.120286
0.041572
-0.010841
-0.286415
0.041675
-0.155489
0.054872
-0.076666
0.054886
-0.142524
-0.050440
-0.156009
0.055045
-0.063724
0.028660
0.002261
0.147332
0.054962
-0.037262
-0.037278
-0.090057
0.094579
-0.050482
0.094542
-0.063646
-0.076884
-0.037335
0.134187
0.068159
0.015435
0.120752
0.054879
-0.103002
-0.142657
-0.024110
-0.037309
0.002261
-0.024128
-0.195877
-0.090338
0.055185
-0.103615
0.002261
0.055213
0.041957
-0.037435
-0.050691
-0.010982
0.055220
-0.037456
-0.050719
0.015509
-0.130295
0.015524
-0.064074
0.081858
-0.011001
-0.117174
-0.011018
0.161497
-0.037524
-0.050811
-0.064118
0.015540
0.002261
-0.024300
-0.090756
-0.011034
0.015556
0.015554
0.055417
-0.130683
0.055459
0.174961
0.015533
0.015531
-0.117237
-0.077484
0.002261
0.002261
-0.037635
-0.064268
0.002261
0.148567
0.002261
0.108531
-0.050860
0.028825
-0.024303
-0.077473
-0.077537
-0.037662
-0.090954
-0.024388
0.015586
-0.144416
0.068959
-0.064437
-0.091191
-0.024456
-0.011100
0.122445
0.028949
0.095613
-0.051072
-0.011077
0.148879
0.095451
-0.037667
0.042189
-0.117571
0.002261
-0.051044
-0.131126
0.002261
0.015608
-0.011086
-0.064499
-0.104648
0.055730
0.082410
0.095688
-0.104520
0.028967
-0.104605
0.109127
0.082336
0.135576
-0.024388
0.148742
-0.144220
0.002261
0.148742
-0.117571
-0.064375
-0.211272
0.002261
0.069039
0.082336
0.068941
-0.077760
-0.131250
0.015620
0.028974
0.002261
0.042317
0.002261
0.015609
-0.011088
0.002261
0.028956
0.028949
0.055616
0.002261
0.082240
-0.037720
0.028917
-0.024395
0.002261
-0.011070
0.082218
0.015581
0.002261
0.028896
0.028888
-0.037683
-0.011057
-0.011059
0.002261
0.015581
0.002261
0.042210
-0.024370
0.068825
0.002261
-0.037673
-0.024370
0.042205
0.002261
-0.024367
-0.011056
0.002261
0.015577
-0.011056
0.002261
-0.011057
0.028896
0.002261
0.002261
0.002261
-0.024374
0.068834
-0.050994
-0.011057
0.002261
0.015579
0.028892
-0.011054
-0.064339
-0.104392
0.055601
-0.024406
-0.104477
0.028956
-0.037785
-0.024445
0.042317
-0.011089
0.042306
-0.011086
-0.011088
0.015609
-0.024438
0.068994
0.015602
0.055608
-0.037747
-0.037763
-0.011084
-0.117923
-0.077942
-0.064624
0.015641
-0.024502
-0.104863
0.055837
0.042424
-0.011125
0.029031
0.029024
0.002261
0.002261
-0.011120
0.069146
0.002261
-0.024488
0.109213
-0.037833
0.042354
0.028981
-0.024459
0.028981
0.069030
0.015609
-0.051144
0.028967
0.002261
-0.037801
0.055673
0.015609
0.002261
-0.051144
0.002261
-0.104634
0.082443
-0.011098
-0.077932
0.069092
-0.037833
0.042354
-0.024466
-0.024474
0.069083
0.002261
0.069039
-0.037801
0.015616
-0.077899
0.028988
-0.024466
0.002261
0.002261
-0.104720
0.002261
0.002261
0.002261
0.002261
0.015640
-0.037881
0.015643
-0.011122
0.042403
0.002261
0.002261
-0.011118
-0.024502
0.029024
-0.024502
-0.064678
0.055816
0.042408
0.095875
0.028992
0.015624
-0.024466
0.028988
0.002261
0.069048
-0.064526
-0.024466
0.002261
0.028988
-0.064571
-0.011111
-0.104777
-0.011127
-0.011129
0.082571
0.002261
0.015640
0.029013
-0.024491
-0.064651
0.042413
0.042397
0.015636
-0.051251
0.002261
-0.011122
0.015643
-0.037892
-0.037908
0.029042
0.002261
-0.037913
-0.104949
0.055880
-0.078179
0.042489
-0.024556
0.069289
-0.078179
0.002261
-0.024567
0.029089
0.029081
-0.145341
0.002261
0.082798
-0.024578
0.096164
0.002261
-0.037972
0.109514
0.015659
0.042446
0.069200
-0.011123
-0.011125
-0.104892
0.069245
0.082582
0.082518
0.042365
-0.024474
0.175907
0.068968
0.108899
0.015583
-0.144376
-0.064464
0.002261
0.175652
-0.024395
-0.131126
0.002261
0.002261
0.095650
-0.024413
0.082261
0.082197
0.002261
-0.024377
0.028899
-0.011057
0.042210
0.042194
-0.024360
-0.024367
0.108729
0.055452
0.214744
-0.077368
0.081889
0.015526
-0.077357
-0.024292
0.042088
-0.024289
0.042083
-0.037561
-0.064145
-0.077484
-0.050938
0.028864
0.002261
-0.011040
0.055452
-0.144084
0.042194
0.015568
0.028871
0.015563
0.068746
-0.077526
-0.090905
0.055509
0.015568
-0.037667
-0.024367
0.082122
0.055467
-0.011038
-0.050952
0.028871
0.042162
0.068728
-0.024321
-0.037625
0.028853
-0.011034
-0.024335
0.055445
0.028842
-0.077505
-0.050952
0.015567
0.028867
0.108616
0.028832
-0.011024
0.028828
0.042099
-0.050860
0.042104
-0.011018
-0.024303
-0.077473
0.015554
0.055417
0.028828
-0.024307
-0.024314
-0.090806
0.055452
-0.050931
-0.037651
0.055474
0.002261
-0.037646
0.002261
0.095352
-0.037625
0.068728
0.042120
-0.090769
0.042141
-0.024324
0.055424
0.068675
0.028814
0.081879
0.028786
-0.037530
-0.024275
-0.011010
-0.037561
0.002261
0.028811
0.042072
-0.037551
-0.011013
0.015535
-0.037567
0.028814
-0.024292
-0.011018
-0.090744
-0.117444
0.042178
0.028864
-0.064259
0.015568
-0.104250
-0.051037
-0.024399
-0.104448
0.042290
-0.091166
-0.091253
-0.144867
0.015645
0.069155
0.122558
0.215765
0.175398
-0.037667
0.108700
-0.117492
0.068808
0.108644
0.148353
0.002261
-0.011011
-0.011013
0.214434
0.081710
0.028730
-0.103657
-0.037487
-0.156890
-0.064127
-0.011022
-0.143967
0.002261
0.095340
0.015551
0.081963
0.108432
-0.037540
-0.117237
-0.157292
-0.011047
-0.117587
-0.024392
0.042237
0.068852
0.042194
-0.077622
-0.104349
0.095551
0.135381
-0.130859
-0.011061
0.135399
0.108644
-0.011031
-0.130753
-0.090954
-0.024388
0.028910
-0.131055
-0.117875
0.028970
0.122365
-0.104491
0.082336
0.095600
-0.064401
0.015597
0.068914
-0.104406
-0.077814
-0.077878
0.175814
-0.211386
0.042354
0.028981
-0.024459
-0.091316
0.069110
0.042349
0.082389
0.028956
0.015606
-0.024431
0.175629
0.015584
-0.037715
0.068879
0.082144
-0.037673
-0.024370
0.068825
0.055481
0.042157
-0.064242
-0.050973
-0.037683
0.055516
0.015570
-0.077622
-0.091016
-0.011072
-0.024409
0.015597
-0.117827
0.095675
0.015599
-0.011077
0.055601
0.135488
0.042194
-0.184232
0.002261
0.028924
0.028917
-0.091066
-0.171292
-0.037833
-0.024477
0.055730
-0.144847
-0.104863
0.176279
-0.104791
0.055801
-0.024506
0.055787
-0.185206
-0.064777
-0.011152
-0.037989
0.069334
0.122880
0.243064
-0.251937
-0.037935
0.002261
0.216451
0.175953
0.108999
0.055587
-0.157803
0.135665
0.095538
-0.077686
-0.024402
-0.024409
0.015597
0.002261
-0.117827
0.015611
-0.011089
-0.024445
-0.011095
0.055673
0.002261
0.068985
0.002261
0.015600
0.015599
0.082250
-0.077728
0.055594
0.042242
0.055544
0.015577
-0.011056
0.028892
0.002261
-0.051009
-0.011061
-0.037715
0.055559
-0.024384
-0.011064
0.002261
0.028910
-0.011063
-0.011064
-0.011066
0.002261
0.002261
0.015588
0.042232
0.015581
-0.037704
0.055544
-0.011057
-0.011059
-0.011061
-0.024388
-0.011066
0.028913
-0.037720
0.002261
-0.037736
END
