y[]
-0.042946
0.013983
0.013981
-0.028716
0.042445
-0.000251
0.028203
-0.042934
-0.014483
0.113547
0.028179
0.028170
0.042366
-0.071289
-0.142478
-0.142681
0.028251
-0.100044
0.014012
-0.100129
0.113888
0.056770
-0.014503
-0.014505
-0.071552
0.042536
0.056770
-0.085794
0.113791
-0.114292
-0.085867
0.028296
0.071081
0.042524
0.014003
0.070990
-0.014495
-0.014497
0.013995
0.028235
-0.071481
-0.000251
0.056737
-0.000251
0.070939
-0.014485
0.042445
-0.014481
0.070878
0.013969
-0.000251
0.028183
0.028174
-0.000251
-0.057109
-0.000251
0.028183
-0.028684
-0.057142
-0.028708
0.013979
0.028203
0.042414
-0.000251
-0.000251
-0.000251
-0.000251
0.028183
-0.000251
-0.014466
0.056600
0.028162
-0.028664
-0.000251
0.056567
-0.014452
-0.057077
-0.000251
-0.000251
-0.042892
-0.000251
0.013965
0.013963
-0.014464
-0.014466
0.028179
-0.000251
0.028170
0.013957
-0.014458
0.013957
0.028158
-0.014454
-0.028664
-0.028672
0.056584
-0.000251
-0.014456
0.013955
-0.028664
-0.028672
0.042378
-0.000251
0.013955
-0.042873
0.042372
0.056551
0.028138
0.099047
0.013927
-0.028607
0.013929
-0.000251
-0.000251
-0.042795
0.013933
0.042287
-0.014428
-0.014430
-0.014432
-0.042807
-0.042825
0.013943
-0.184923
0.042396
-0.042898
-0.014470
0.028187
0.042390
-0.028676
0.028174
-0.014462
-0.042898
-0.042916
-0.000251
-0.028704
0.085086
-0.014468
-0.042916
-0.028704
-0.000251
-0.028712
-0.057198
-0.057231
-0.128575
0.085317
0.014003
0.028251
0.028243
0.013993
-0.014495
-0.000251
-0.014497
0.028239
-0.014495
-0.000251
-0.000251
0.042475
-0.014491
0.013989
-0.014491
0.028227
-0.000251
-0.014489
-0.014491
-0.000251
-0.014493
-0.000251
-0.000251
0.028231
-0.057223
0.013995
-0.014497
-0.000251
-0.014499
-0.000251
-0.028753
-0.043019
0.014007
0.014005
-0.014507
-0.000251
-0.000251
0.014005
-0.000251
0.028256
0.013999
-0.000251
-0.000251
0.013997
-0.000251
-0.014499
-0.043007
-0.000251
0.014003
0.014001
-0.028757
-0.014507
-0.000251
0.014005
-0.000251
-0.014507
0.014005
-0.000251
-0.000251
0.014003
0.014001
-0.014503
0.014001
-0.014503
0.014001
-0.000251
-0.000251
0.013999
0.013997
-0.000251
0.013995
-0.028745
-0.000251
-0.000251
0.013997
-0.000251
-0.000251
-0.014499
0.013997
-0.000251
-0.014499
-0.000251
-0.000251
-0.014501
-0.000251
0.013999
-0.000251
-0.000251
-0.014501
0.013999
-0.000251
-0.000251
-0.000251
-0.000251
-0.014501
0.028247
-0.000251
-0.000251
-0.014499
-0.000251
-0.000251
-0.000251
-0.028753
-0.000251
-0.014505
-0.014507
-0.000251
0.014005
-0.014507
-0.000251
-0.000251
-0.000251
0.014005
0.014003
-0.014505
-0.028765
0.014007
-0.014509
-0.000251
-0.000251
0.014007
-0.014509
0.014007
-0.000251
-0.028769
-0.000251
0.014009
-0.000251
-0.000251
-0.000251
-0.000251
0.014007
-0.000251
0.014005
0.014003
0.014001
-0.000251
-0.000251
-0.000251
-0.014503
-0.028761
-0.014509
0.014007
-0.028769
-0.000251
-0.000251
-0.000251
-0.043044
-0.000251
-0.028790
-0.000251
-0.014523
0.014022
-0.000251
-0.000251
0.014020
-0.000251
0.014018
-0.000251
-0.000251
-0.000251
0.014016
-0.000251
-0.000251
-0.000251
-0.000251
0.014014
-0.014515
-0.014517
0.014016
-0.000251
-0.000251
-0.014517
-0.000251
-0.000251
-0.000251
-0.000251
-0.014519
-0.014521
-0.000251
0.014020
-0.014521
-0.000251
0.042554
0.014014
-0.000251
-0.000251
-0.014515
0.014014
0.014012
-0.014513
0.014012
-0.014513
-0.000251
0.028272
-0.000251
-0.014511
-0.014513
-0.000251
-0.014515
-0.000251
0.014014
-0.014515
0.042536
-0.014511
0.014009
-0.000251
-0.014511
-0.000251
0.014009
-0.000251
-0.000251
-0.014511
0.014009
-0.000251
0.042518
0.028251
-0.000251
-0.028753
-0.014505
0.014003
-0.014505
-0.014507
-0.000251
-0.000251
-0.000251
0.071010
-0.000251
0.013995
0.013993
-0.014495
-0.000251
-0.028745
0.013997
-0.014499
0.028243
-0.100016
0.014007
-0.014509
0.028264
-0.028765
-0.028773
0.056786
-0.085818
0.028280
-0.014515
0.028276
0.056778
-0.057280
0.042524
-0.014507
-0.000251
-0.000251
-0.028769
-0.014513
-0.014515
0.014014
0.028272
-0.028773
-0.000251
0.014012
-0.014513
-0.014515
0.014014
0.042530
-0.028769
-0.014513
0.056786
-0.043025
0.014009
0.014007
0.014005
0.014003
-0.014505
-0.014507
-0.000251
-0.014509
0.014007
-0.014509
0.014007
-0.028769
-0.000251
0.042524
-0.000251
-0.000251
-0.014507
-0.014509
-0.000251
-0.000251
-0.043038
0.028276
-0.014513
-0.014515
-0.028785
-0.000251
0.028284
-0.000251
0.014014
0.028272
-0.000251
-0.000251
-0.000251
0.014007
-0.014509
0.014007
-0.000251
0.014005
-0.000251
-0.000251
0.014003
0.028251
-0.014501
-0.000251
-0.028757
-0.000251
-0.000251
0.014003
0.042500
-0.014499
0.028243
-0.042995
0.013999
0.013997
-0.014499
-0.000251
-0.000251
0.013997
0.028239
-0.000251
-0.000251
-0.014495
-0.000251
-0.000251
-0.000251
0.042475
-0.000251
-0.028733
-0.000251
-0.014495
-0.000251
-0.000251
0.013993
-0.028741
0.028239
-0.014495
-0.000251
-0.028745
-0.000251
-0.000251
0.013997
0.013995
-0.000251
0.013993
0.056705
-0.014487
0.056681
-0.028712
0.042439
0.028199
-0.042928
-0.000251
0.042427
0.056624
-0.057125
0.028191
-0.042916
0.141896
-0.042873
-0.099774
-0.099874
-0.157002
0.056778
0.028251
-0.000251
-0.028753
0.028251
0.013997
-0.028749
0.013999
0.070969
-0.042977
0.042475
0.013987
0.013985
-0.014487
-0.071461
-0.071511
-0.043032
-0.071593
-0.014525
-0.100229
-0.028834
0.085476
0.042585
0.014024
-0.043080
0.042579
-0.000251
-0.100215
0.071163
0.028300
-0.014525
0.014024
-0.043080
-0.043099
-0.057410
-0.000251
-0.043142
0.056933
-0.000251
-0.028839
-0.028847
0.042640
-0.028843
0.071214
0.028321
-0.000251
0.028313
0.014028
-0.000251
-0.000251
0.014026
0.014024
-0.014525
0.014024
-0.043080
0.028304
-0.043086
-0.000251
-0.043105
-0.014540
0.014038
-0.014540
-0.014542
-0.000251
-0.014544
0.071193
0.014032
-0.000251
-0.028818
0.071152
0.085366
0.028272
-0.014511
0.014009
0.042518
-0.028761
0.014005
0.014003
0.028251
0.013997
-0.014499
-0.000251
-0.057263
0.071010
-0.043001
0.014001
-0.028757
-0.000251
-0.000251
-0.057288
0.014012
0.028268
-0.014509
0.071020
-0.028753
0.014001
-0.014503
-0.028761
0.014005
-0.043025
0.014009
0.042518
-0.014505
0.071000
0.056713
-0.042971
-0.014495
-0.028745
-0.000251
-0.000251
0.056729
0.042463
0.013983
-0.028721
0.028219
0.056664
0.028195
-0.042922
0.042420
-0.042922
-0.057174
-0.085696
0.013995
-0.042995
0.013999
0.013997
-0.014499
-0.028753
-0.014505
0.014003
-0.000251
-0.014505
0.028256
-0.000251
-0.014503
-0.014505
0.014003
-0.000251
0.028251
-0.000251
0.028243
-0.000251
-0.000251
-0.057247
0.028251
0.013997
-0.000251
0.013995
-0.028745
0.013997
0.013995
0.013993
-0.000251
-0.000251
-0.028741
-0.000251
-0.014499
-0.000251
0.013997
0.013995
-0.000251
-0.000251
-0.014497
-0.000251
0.013995
-0.014497
-0.000251
-0.000251
-0.000251
0.013995
-0.000251
-0.000251
0.013993
-0.000251
-0.014495
0.013993
0.042469
-0.014489
0.028223
-0.014487
-0.014489
0.013987
-0.014489
-0.000251
0.028223
0.028215
-0.000251
0.013979
-0.014481
0.013979
-0.000251
-0.014481
-0.014483
0.028211
-0.014481
0.013979
0.028203
-0.000251
-0.014477
0.013975
-0.000251
-0.000251
0.013973
-0.014474
-0.000251
0.013973
0.013971
0.028187
0.028179
0.013961
0.013959
0.013957
-0.028668
0.013959
-0.014460
-0.000251
0.028166
0.013955
0.013953
-0.000251
END
