y[]
-0.009813
0.014015
-0.021728
0.002101
0.002101
0.014017
-0.009814
0.025931
0.002101
0.002101
0.002101
0.037835
-0.045546
0.014015
0.002101
0.002101
0.025925
-0.021722
-0.021728
0.014017
0.002101
-0.021731
-0.033658
0.037860
0.014018
-0.033653
0.014021
0.014020
0.014018
0.085479
0.025911
-0.021708
0.014007
-0.021711
-0.021717
0.025919
0.002101
0.002101
0.002101
0.002101
0.002101
0.037818
0.002101
0.002101
0.002101
0.014004
0.014003
-0.021702
0.014004
0.002101
0.014003
0.002101
0.014001
-0.021700
0.025902
0.025897
0.002101
-0.009796
0.002101
0.002101
-0.021697
0.002101
-0.021702
0.002101
-0.009803
0.002101
0.002101
0.014005
0.002101
-0.009803
0.002101
0.002101
0.002101
0.002101
0.002101
0.014005
-0.009803
0.002101
-0.009804
0.014007
-0.009804
0.002101
0.002101
0.002101
0.002101
0.014007
0.002101
-0.009804
0.014007
0.002101
0.002101
0.025908
0.002101
-0.009801
0.014004
-0.021705
-0.009804
0.049715
-0.009800
0.002101
-0.021705
0.002101
-0.009804
0.002101
0.002101
0.002101
0.014007
-0.009804
-0.009805
0.002101
0.002101
0.002101
0.025914
0.002101
0.002101
-0.009804
0.014007
0.002101
0.014005
-0.009803
0.002101
0.014005
-0.009803
-0.021711
0.002101
0.002101
-0.009807
0.014010
-0.021717
0.025919
-0.009807
0.002101
-0.021719
0.025922
0.025917
-0.009805
-0.021717
-0.021722
-0.021728
-0.057497
-0.045603
0.025956
0.014027
0.014025
-0.069463
-0.009831
0.025965
-0.009830
-0.033700
0.014037
0.014035
-0.057582
-0.021782
-0.141319
0.049931
0.014055
0.026005
-0.069626
0.061878
-0.021805
-0.033769
0.049925
0.002101
0.061849
-0.021793
-0.069617
0.026013
0.014055
0.014054
0.026002
-0.057661
0.014057
0.002101
-0.033769
0.014060
0.002101
0.002101
0.014058
-0.021813
0.014060
0.002101
-0.057704
-0.009864
-0.009865
-0.009867
0.026036
0.014067
0.014065
0.026025
-0.009860
0.037980
0.002101
0.026013
-0.021811
0.026013
0.014055
0.014054
-0.021805
0.002101
-0.009854
0.014057
0.014055
0.014054
-0.021805
-0.009854
0.014057
0.002101
0.014055
0.014054
0.037950
-0.021796
-0.009850
-0.021805
0.014055
0.002101
0.014054
-0.021805
-0.009854
0.002101
0.026011
0.002101
-0.009852
-0.021811
0.002101
-0.021816
-0.009860
0.014062
-0.021822
0.002101
0.002101
0.026025
0.002101
0.049931
-0.009854
0.026011
-0.009852
-0.033769
-0.009858
0.002101
0.002101
0.002101
0.002101
0.014061
0.061878
0.002101
-0.021805
0.049908
0.037942
-0.009844
0.014047
-0.045688
-0.057668
-0.009857
0.049925
0.026005
-0.009850
-0.033760
-0.009855
0.026013
0.026008
0.002101
0.002101
-0.033760
0.002101
0.037963
-0.045717
0.014058
0.049914
0.014051
-0.033752
0.061849
0.073752
-0.021776
0.025979
0.002101
-0.009837
-0.021779
0.037920
-0.009837
-0.045665
-0.057639
-0.045717
0.002101
0.037967
-0.033764
0.002101
0.002101
-0.021816
-0.057718
0.073880
0.014060
0.002101
-0.021816
0.014061
-0.033782
0.014064
-0.021825
-0.057739
0.038010
-0.021836
-0.081726
-0.033846
0.014085
0.026065
-0.009880
0.002101
0.026062
-0.009878
-0.033846
-0.009884
0.014087
0.038049
0.014081
0.002101
0.002101
0.014080
-0.009877
0.014080
0.002101
-0.033837
0.026062
0.002101
0.014080
0.014078
0.014077
0.038019
0.085859
0.014061
0.061878
0.002101
-0.033760
-0.021813
0.014060
0.026013
0.037959
-0.033756
-0.009854
-0.057696
-0.009862
0.026028
0.002101
-0.033790
-0.045774
-0.021845
-0.009874
0.073932
-0.045780
-0.009872
0.038019
0.026039
-0.021836
-0.045791
-0.009875
-0.009877
-0.069798
-0.009887
-0.033872
-0.009893
-0.009894
-0.009895
0.014098
0.026091
-0.009893
0.026088
0.014093
-0.033876
0.038079
0.002101
-0.021882
0.002101
-0.009893
-0.069893
-0.081957
0.062151
0.002101
0.014107
0.026108
-0.033911
-0.009906
0.038118
0.002101
0.002101
0.002101
0.026105
0.062086
0.026085
-0.021882
0.002101
0.062050
-0.093833
0.002101
-0.081917
0.038118
0.026105
0.014101
-0.033902
0.110073
-0.057869
0.014098
0.050075
0.050052
0.062007
0.014078
0.002101
-0.093753
-0.009887
-0.045866
-0.021891
0.086049
0.026074
0.002101
-0.045849
-0.081867
0.038096
-0.057897
0.014104
-0.081947
-0.118091
-0.033984
0.062237
0.014124
-0.021946
-0.021952
-0.021957
-0.021963
-0.034006
0.062274
-0.021963
0.074278
-0.070075
0.002101
-0.009933
-0.130373
0.062339
-0.046086
-0.022001
0.050300
0.014147
0.014146
0.026186
0.062288
-0.009933
-0.009934
-0.046057
0.026183
-0.021980
0.074330
0.014134
0.050219
-0.033984
-0.046033
-0.009936
-0.021978
0.014142
0.002101
-0.021980
-0.046080
-0.021998
-0.034058
-0.009955
-0.070266
-0.034102
0.038305
0.002101
-0.009965
0.002101
0.062419
0.026218
-0.009956
0.002101
0.074425
0.038244
0.002101
-0.046091
0.002101
0.002101
-0.046115
-0.022015
-0.009959
-0.022024
0.014165
0.074452
0.002101
-0.034067
-0.058209
-0.022033
0.062426
0.026221
0.026215
0.062361
-0.021998
-0.046115
0.062368
-0.034054
0.026207
0.014152
-0.034054
-0.022009
0.074417
0.086403
0.014139
-0.058100
0.050265
-0.058107
0.074347
0.086322
-0.046016
-0.046039
0.014139
0.038205
0.038192
0.014129
-0.070083
0.026169
0.098313
-0.045993
0.014127
0.014126
0.026146
0.050173
-0.057991
0.014123
0.086211
0.026120
-0.033928
-0.009911
-0.033945
-0.033958
0.050178
0.026131
-0.009913
0.002101
0.014116
0.002101
-0.033945
0.014118
0.002101
0.002101
0.002101
0.002101
0.002101
0.002101
0.026131
-0.021928
0.014117
0.038140
0.014111
-0.021920
0.002101
-0.033941
0.002101
0.002101
-0.009916
0.014118
0.014117
0.002101
0.014116
-0.009913
-0.021931
0.014118
0.014117
0.002101
0.002101
0.002101
0.026128
0.014113
0.002101
0.002101
0.002101
0.002101
-0.009910
0.002101
-0.009911
0.014114
0.002101
0.014113
0.002101
0.014111
-0.009908
0.014111
0.002101
0.038122
0.014105
0.014104
0.014103
0.002101
0.014101
0.002101
0.002101
0.014100
0.002101
0.026094
0.002101
0.002101
-0.009894
0.014097
0.026088
0.002101
0.002101
-0.021885
0.014095
0.002101
-0.009893
-0.009894
0.014097
-0.009894
-0.009895
0.002101
0.014098
0.002101
0.014097
0.014095
-0.021888
0.014097
0.026088
-0.406455
-0.190739
-0.070310
-0.094529
-0.130918
0.159287
-0.034150
-0.046254
-0.034181
-0.022094
0.086760
0.038362
0.014185
0.050422
0.014178
-0.058296
0.014184
-0.022065
-0.009984
0.038353
0.014182
-0.022062
-0.022068
0.026271
0.026265
0.002101
-0.046231
0.026271
-0.034155
-0.034168
-0.009991
-0.022088
0.026291
0.038375
-0.058362
0.038384
0.038371
0.038357
0.014184
-0.034150
0.014187
0.002101
0.002101
0.002101
0.014185
0.002101
-0.034155
-0.009987
0.002101
0.002101
-0.022079
0.002101
0.026282
-0.009988
-0.034176
-0.009994
0.038384
-0.009991
-0.082588
0.014204
0.014203
0.014201
0.002101
-0.022100
0.014203
-0.022103
0.014204
0.002101
0.002101
-0.010001
0.014204
0.026303
-0.034203
0.002101
0.014204
0.026303
-0.009999
0.014201
0.002101
-0.009999
0.026300
-0.009997
0.026297
0.038384
0.026282
0.026276
0.026271
-0.009982
0.038349
-0.009980
-0.046237
0.002101
-0.022077
0.002101
-0.009990
-0.009991
0.014194
0.014193
0.002101
0.038366
-0.034163
-0.106772
0.038406
0.026297
0.038384
-0.058376
-0.022100
-0.046319
-0.022118
0.026320
0.038419
0.050504
-0.009997
0.026297
0.014197
0.014196
0.014194
0.038371
-0.009987
-0.034172
-0.034185
-0.009997
END
