y[]
0.014139
-0.000703
-0.000703
-0.030390
-0.000703
-0.030399
0.014146
-0.060112
0.014152
0.014150
-0.030412
0.014152
-0.015559
0.014152
-0.015559
0.014152
-0.015559
0.014152
0.043850
0.014144
-0.000703
-0.030399
-0.000703
-0.000703
0.014146
-0.015552
-0.000703
-0.000703
-0.000703
-0.000703
-0.000703
0.014146
-0.000703
-0.015552
-0.015554
-0.000703
-0.000703
-0.000703
0.028997
-0.015552
0.014146
-0.015552
0.028993
-0.000703
-0.000703
-0.015550
0.014144
0.014141
-0.000703
-0.030394
-0.000703
0.014144
-0.000703
0.014141
-0.015548
-0.000703
-0.000703
-0.015550
-0.000703
-0.000703
-0.015552
-0.000703
-0.000703
-0.000703
-0.000703
-0.015554
0.014148
-0.015554
0.028997
-0.000703
-0.000703
-0.030403
-0.015556
0.014150
-0.000703
0.014148
0.028993
-0.000703
0.028984
-0.000703
-0.000703
-0.000703
0.028975
0.014133
-0.015539
-0.015541
0.014135
-0.015541
-0.000703
0.014135
-0.000703
-0.000703
-0.000703
-0.000703
-0.000703
0.014133
-0.000703
-0.000703
-0.000703
-0.000703
-0.000703
-0.000703
-0.000703
0.014130
-0.045210
-0.000703
0.014135
-0.000703
0.014133
-0.000703
-0.015539
-0.000703
-0.000703
-0.000703
-0.015541
0.014135
-0.015541
0.028971
-0.000703
-0.015539
-0.000703
-0.000703
-0.000703
-0.015541
0.014135
-0.000703
-0.015541
-0.000703
0.014135
-0.000703
-0.000703
-0.000703
0.014133
-0.000703
-0.015539
-0.000703
-0.015541
0.014135
-0.015541
-0.000703
-0.015543
0.028975
-0.000703
-0.000703
-0.015541
0.014135
-0.030381
0.028975
0.014133
-0.015539
0.014133
-0.015539
0.014133
-0.015539
0.014133
-0.000703
-0.000703
0.014130
-0.015537
-0.000703
0.014130
0.014128
0.014126
-0.000703
-0.015532
0.058600
-0.000703
-0.000703
-0.015526
-0.015528
-0.000703
-0.000703
-0.015530
-0.015532
-0.030368
0.028962
-0.000703
-0.000703
-0.030368
-0.030377
0.014135
-0.000703
-0.000703
-0.015541
-0.015543
-0.000703
-0.015545
-0.030394
0.073508
-0.074915
-0.000703
-0.000703
-0.045256
-0.060138
-0.015567
-0.030438
-0.000703
0.043897
0.029019
-0.015563
-0.030430
-0.000703
-0.015570
-0.000703
-0.000703
0.014163
0.029023
-0.000703
-0.015565
-0.000703
-0.000703
-0.030434
-0.015572
-0.000703
-0.089962
-0.045363
-0.075180
0.043990
-0.000703
-0.000703
-0.015598
-0.015601
0.043983
-0.000703
-0.015596
0.014190
0.014188
0.014186
-0.060271
-0.015601
-0.090135
-0.060369
-0.000703
-0.000703
0.029134
-0.015621
0.014214
-0.030540
0.029134
-0.015621
-0.000703
0.014214
0.029125
-0.000703
-0.000703
-0.000703
0.029117
-0.015612
0.014206
-0.000703
0.014203
-0.000703
0.029103
-0.015605
0.014199
-0.015605
-0.000703
-0.015607
0.014201
-0.000703
-0.030514
0.044010
0.014197
-0.015603
-0.015605
0.014199
-0.000703
0.014197
-0.000703
-0.000703
-0.000703
-0.000703
-0.000703
-0.000703
-0.000703
-0.000703
0.073763
0.014183
-0.045369
0.014188
0.014186
0.014183
-0.000703
-0.015590
0.029068
-0.015587
-0.000703
-0.000703
-0.000703
-0.000703
-0.000703
-0.045369
-0.000703
-0.000703
0.014188
0.014186
-0.015592
0.014186
-0.015592
-0.000703
-0.000703
-0.015594
-0.030492
0.014192
-0.000703
0.014190
-0.015596
-0.015598
-0.000703
0.014192
0.073740
-0.000703
0.029059
0.014175
-0.000703
0.029046
-0.030452
-0.030461
0.029054
-0.030461
0.014177
-0.015583
-0.015585
-0.060253
0.043963
0.043943
0.029050
0.043910
0.118168
0.014146
0.058671
-0.074926
0.118027
-0.015537
-0.045217
-0.030390
0.117991
-0.089711
0.028975
0.043797
0.073420
-0.059997
-0.074871
0.014135
0.028966
-0.030372
0.014133
-0.000703
0.028962
0.043778
0.014119
0.043751
-0.030337
-0.000703
-0.045171
0.028944
0.028935
0.043738
-0.045144
-0.059989
0.014122
-0.030355
0.028949
-0.000703
0.028940
0.028931
-0.030337
0.028931
0.028922
-0.015515
-0.030333
0.028927
0.014108
-0.074783
-0.015526
-0.015528
-0.015530
-0.015532
0.028953
-0.015530
-0.000703
-0.015532
-0.045204
0.014133
0.043791
0.014124
-0.015530
-0.015532
-0.060041
-0.060077
0.028988
-0.000703
-0.030394
0.028988
0.014139
0.028975
-0.000703
0.014133
0.014130
0.014128
0.028953
-0.045190
-0.045210
-0.000703
-0.015543
-0.030390
0.028984
0.014137
-0.000703
-0.015543
0.014137
0.014135
0.043797
-0.030368
-0.015539
0.028966
-0.030372
-0.104615
-0.030412
0.043857
-0.000703
-0.000703
0.028993
-0.030399
0.028993
-0.000703
-0.000703
-0.015550
0.043830
-0.015545
-0.030394
-0.000703
-0.030403
-0.000703
0.043844
-0.015550
-0.000703
0.028988
0.028979
-0.015543
-0.015545
0.014139
0.014137
-0.000703
-0.015543
-0.000703
0.088304
-0.000703
-0.030363
-0.000703
0.043784
-0.000703
-0.015530
-0.000703
-0.000703
0.028949
-0.000703
0.014119
-0.015526
0.043758
-0.059989
0.014122
-0.000703
-0.015528
0.014122
0.028940
0.014115
-0.030341
0.028935
-0.000703
0.014113
0.014111
-0.000703
-0.015517
-0.000703
0.014111
-0.015517
-0.000703
0.014111
0.014108
-0.000703
0.014106
-0.000703
-0.000703
0.014104
-0.015510
-0.000703
-0.000703
-0.015512
-0.015515
-0.000703
0.028918
-0.015512
-0.000703
-0.015515
-0.000703
-0.000703
-0.000703
0.014108
-0.015515
0.014108
-0.000703
-0.015515
-0.000703
0.014108
-0.015515
0.014108
-0.015515
-0.000703
-0.015517
0.014111
0.014108
-0.015515
-0.000703
-0.000703
-0.000703
-0.000703
-0.015517
-0.000703
0.028922
-0.015515
0.014108
-0.030328
-0.000703
0.014111
-0.000703
-0.030333
-0.030341
0.014117
0.014115
-0.030341
-0.000703
0.014117
0.014115
-0.015521
-0.000703
0.014115
0.014113
-0.000703
-0.000703
-0.000703
-0.000703
-0.000703
-0.015519
0.014113
-0.000703
-0.000703
-0.015519
0.028927
-0.000703
-0.015517
-0.000703
-0.000703
-0.000703
-0.000703
0.014111
-0.000703
-0.000703
-0.000703
-0.000703
-0.015517
0.014111
-0.015517
-0.015519
0.014113
-0.015519
0.014113
-0.030337
0.014115
0.014113
-0.000703
-0.015519
-0.000703
0.014113
-0.000703
-0.015519
-0.000703
-0.000703
-0.000703
-0.000703
-0.000703
-0.000703
-0.000703
-0.000703
-0.000703
-0.000703
0.014113
-0.015519
-0.000703
-0.000703
-0.000703
-0.000703
-0.000703
-0.000703
-0.000703
-0.000703
-0.000703
-0.000703
-0.000703
-0.000703
0.014113
-0.000703
-0.000703
0.028922
-0.000703
0.043718
0.014100
-0.000703
-0.000703
-0.015506
-0.000703
-0.015508
-0.000703
0.014102
-0.000703
-0.000703
-0.000703
-0.000703
-0.000703
-0.015508
-0.000703
-0.000703
-0.000703
-0.000703
-0.000703
0.014102
-0.015508
-0.000703
0.014102
-0.000703
0.014100
-0.015506
-0.000703
-0.015508
0.014102
0.014100
-0.015506
0.014100
-0.015506
0.014100
-0.015506
0.014100
-0.000703
-0.000703
-0.000703
-0.015506
0.014100
-0.000703
-0.015506
-0.000703
-0.000703
0.014100
-0.000703
-0.000703
-0.000703
0.028896
-0.030302
0.014097
0.028891
-0.015499
0.014093
-0.000703
-0.000703
-0.000703
-0.015499
-0.000703
0.014093
-0.015499
-0.000703
-0.015501
-0.015504
-0.000703
-0.000703
0.014097
-0.000703
0.014095
0.014093
-0.000703
-0.000703
-0.000703
-0.015499
-0.045105
0.028900
0.043685
-0.030293
0.058469
0.014084
-0.015491
0.058434
0.014076
-0.015482
-0.000703
-0.000703
-0.000703
-0.000703
0.014076
-0.000703
-0.000703
-0.059831
0.014082
-0.030276
0.028870
-0.000703
0.014080
0.028856
0.014073
0.028843
-0.000703
-0.000703
-0.030250
0.014071
0.028839
-0.000703
0.014065
0.028826
-0.045000
0.014065
-0.000703
-0.000703
0.014063
-0.000703
-0.000703
0.014060
-0.015467
-0.000703
-0.000703
-0.000703
0.014060
-0.030232
-0.015471
-0.030245
0.028839
-0.000703
-0.015473
0.028835
-0.015471
0.014065
END
