y[]
0.013008
0.013006
-0.000863
-0.028602
-0.014736
-0.014737
0.013011
-0.014737
0.013011
0.013009
0.013008
-0.028606
-0.000863
-0.014737
-0.000863
0.013011
-0.014737
0.013011
-0.000863
0.013009
0.026876
0.026869
-0.014728
-0.000863
0.013002
-0.028595
0.026869
0.026861
0.012996
-0.028583
0.012998
-0.000863
-0.000863
-0.014724
-0.014726
-0.000863
-0.014728
-0.042469
0.026876
-0.000863
-0.000863
-0.028602
0.026876
-0.000863
-0.000863
-0.014732
-0.014734
0.013008
-0.014734
-0.000863
-0.014736
-0.000863
0.013009
0.013008
-0.014734
-0.042486
-0.014741
-0.014743
-0.000863
-0.000863
0.013017
-0.014743
0.026895
-0.028622
-0.014745
-0.014747
-0.014749
-0.042533
0.026919
0.013025
-0.000863
0.013023
-0.014749
0.040789
-0.000863
0.013017
-0.000863
-0.000863
-0.028625
-0.028633
0.013023
0.054662
-0.042504
0.013019
-0.000863
-0.014745
0.013019
-0.000863
-0.028629
0.040783
-0.014743
-0.056403
0.013025
0.026907
0.013019
0.013017
-0.014743
-0.000863
0.026895
-0.014741
-0.111959
-0.098173
0.138122
-0.014753
-0.014755
0.040807
-0.139829
-0.028679
-0.028687
0.026961
-0.042602
0.054785
-0.014772
0.026953
-0.042591
-0.084370
-0.000863
-0.000863
0.026980
-0.028707
0.054816
0.068692
-0.000863
0.013042
0.026942
0.068615
0.040801
0.054662
-0.042504
-0.000863
-0.014747
-0.042527
-0.000863
-0.056442
0.054716
-0.014755
0.013029
0.040801
0.026903
0.040772
0.068490
-0.042469
0.013008
-0.000863
0.013006
0.026869
-0.000863
-0.014728
-0.000863
-0.028598
-0.000863
-0.084115
0.040772
0.096218
0.040714
-0.042440
-0.014726
-0.000863
-0.000863
0.082286
0.096056
0.026811
0.012971
0.068279
-0.014688
0.012962
-0.014688
0.054424
-0.014682
-0.028506
0.040599
-0.014682
0.026773
-0.014680
0.026769
-0.014678
-0.000863
-0.042320
-0.042337
0.026788
-0.000863
0.026780
-0.014684
-0.014686
0.054416
0.026765
-0.014676
-0.028495
0.012954
-0.000863
0.040576
-0.000863
-0.000863
-0.028487
0.026761
0.026754
0.054347
0.026731
0.026723
0.040502
-0.014649
0.012923
0.026704
-0.000863
-0.014646
-0.000863
0.040479
-0.028423
-0.000863
-0.014646
0.040479
-0.000863
0.012914
-0.028419
-0.028426
-0.042222
-0.000863
0.012925
-0.014651
0.012925
-0.000863
-0.000863
-0.028442
-0.000863
0.026716
0.054271
-0.028426
0.012920
0.012918
-0.028426
-0.000863
0.136878
-0.028396
0.040434
-0.014627
-0.042165
0.026674
-0.000863
0.040428
0.040411
0.012891
-0.000863
0.012889
0.012887
-0.000863
0.040377
-0.042103
-0.042120
-0.028377
0.012895
0.012893
-0.000863
-0.055899
-0.000863
0.040417
-0.069672
-0.042171
-0.014636
-0.014638
-0.014640
-0.069776
0.054271
-0.014644
-0.056005
0.012925
0.012923
-0.000863
-0.028438
-0.000863
-0.014653
0.012927
-0.028445
0.012929
-0.000863
0.012927
-0.014653
-0.000863
-0.000863
-0.000863
0.012927
-0.000863
-0.000863
0.012925
-0.014651
-0.014653
-0.014655
-0.014657
-0.014659
0.012933
0.012931
-0.000863
-0.014657
-0.014659
0.026727
-0.000863
0.026719
-0.000863
-0.000863
0.012925
-0.014651
-0.000863
-0.014653
0.040502
-0.014649
-0.014651
-0.014653
-0.000863
0.012927
-0.000863
-0.028445
-0.000863
0.012929
-0.028449
0.012931
-0.000863
-0.000863
-0.014657
0.012931
-0.014657
-0.000863
-0.000863
-0.014659
0.026727
-0.000863
-0.014657
0.012931
-0.000863
-0.000863
0.012929
-0.014655
-0.014657
-0.000863
-0.014659
-0.000863
-0.000863
0.012933
-0.000863
-0.014659
0.040519
0.012927
-0.000863
0.026712
-0.014649
-0.014651
-0.014653
0.012927
-0.028445
-0.014657
0.081873
0.026700
-0.014644
-0.069795
-0.028449
0.012931
0.026719
-0.028445
-0.014657
0.012931
0.012929
-0.000863
-0.014655
0.026719
-0.014653
-0.014655
-0.000863
-0.014657
-0.014659
-0.014661
0.040525
-0.014657
0.026723
0.040502
-0.014649
-0.000863
-0.000863
0.040491
-0.028430
-0.000863
0.012922
-0.042222
0.026712
0.012922
-0.000863
-0.014648
0.026704
-0.014646
-0.000863
0.012920
-0.000863
-0.000863
-0.000863
-0.014646
0.012920
-0.014646
0.012920
-0.000863
-0.000863
-0.000863
0.012918
0.012916
-0.000863
-0.000863
-0.000863
-0.028423
-0.000863
0.012918
-0.014644
0.012918
0.012916
-0.014642
-0.014644
0.012918
-0.000863
0.026693
-0.042200
-0.000863
0.012918
0.012916
0.026689
-0.014638
0.012912
-0.014638
-0.000863
-0.000863
-0.000863
0.040456
0.040439
0.012901
0.012899
-0.000863
0.012897
0.026651
0.012891
-0.055891
-0.000863
0.026655
0.012893
-0.014619
0.012893
-0.000863
-0.000863
-0.000863
0.012891
-0.000863
-0.000863
-0.042131
-0.014623
-0.000863
-0.000863
-0.042154
-0.014631
0.012904
0.012903
-0.014629
-0.000863
-0.000863
-0.014631
0.012904
0.012903
-0.000863
-0.000863
-0.000863
-0.000863
-0.000863
-0.000863
0.012901
0.026659
-0.000863
-0.000863
-0.028385
0.026659
-0.000863
-0.000863
-0.014623
-0.000863
-0.014625
-0.000863
-0.000863
-0.000863
-0.000863
-0.000863
-0.069700
0.012908
0.040439
0.012901
-0.014627
-0.042165
0.026674
-0.000863
-0.000863
-0.028400
0.026674
-0.014631
0.012904
-0.000863
0.040428
-0.000863
-0.000863
0.012897
-0.028385
0.040417
-0.014621
-0.000863
-0.000863
-0.000863
-0.000863
0.012895
0.012893
-0.014619
-0.014621
0.012895
-0.014621
0.040405
-0.000863
-0.028373
0.026647
0.012889
0.012887
-0.042120
-0.000863
0.026643
0.040383
-0.014610
-0.042114
-0.028373
0.040400
-0.014615
0.026640
-0.028366
0.012889
-0.028370
-0.000863
-0.042137
-0.000863
-0.014625
0.026659
-0.000863
0.012895
-0.042143
-0.000863
-0.028392
-0.000863
0.040428
-0.014625
-0.000863
-0.000863
-0.042160
-0.055952
-0.014640
0.012914
-0.042200
0.012918
0.040468
-0.028415
0.012914
-0.000863
-0.014640
-0.014642
-0.055997
0.012923
-0.014649
0.012923
-0.000863
0.012922
-0.000863
0.040479
-0.014642
-0.028426
0.040479
-0.014642
0.026693
-0.014640
-0.028423
-0.000863
-0.069795
0.026716
-0.014651
0.026712
-0.000863
0.012922
-0.028434
-0.000863
-0.000863
0.012923
-0.000863
0.012922
-0.000863
-0.028434
-0.042234
-0.000863
-0.000863
-0.000863
-0.000863
0.026719
0.012925
-0.000863
-0.014651
0.026712
-0.014649
0.026708
-0.000863
-0.000863
0.040479
0.012914
0.067993
0.026666
0.026659
-0.000863
-0.042148
0.026662
-0.000863
0.026655
-0.000863
-0.000863
0.040400
0.040383
0.054105
0.026609
-0.028336
0.095258
-0.042046
0.012867
0.026591
0.012861
0.040298
-0.000863
-0.069474
-0.028320
-0.014595
-0.055808
0.026613
-0.083315
-0.083383
0.026651
-0.000863
0.012891
-0.042131
-0.042148
0.081691
-0.097182
-0.028400
-0.042183
0.054226
0.054195
-0.014625
-0.055929
0.081725
-0.042148
-0.000863
0.067936
-0.000863
-0.000863
0.012891
-0.110950
-0.028404
-0.000863
-0.055967
0.054241
-0.000863
-0.069748
-0.014646
-0.000863
-0.014648
-0.042228
-0.028449
0.054302
0.012923
-0.000863
0.095589
0.012908
0.012906
-0.028404
0.026678
0.040434
0.012899
-0.069691
0.012906
-0.014632
0.040439
-0.000863
-0.000863
-0.042165
0.012906
0.012904
-0.069719
-0.000863
0.095523
-0.000863
0.012899
-0.028389
-0.000863
-0.014629
0.012903
-0.014629
0.067946
0.012893
-0.000863
0.054142
-0.000863
-0.014612
-0.014613
0.012887
-0.014613
-0.000863
-0.014615
0.012889
0.012887
-0.042120
-0.000863
-0.000863
-0.014619
0.040400
-0.000863
-0.028370
-0.055899
-0.042160
0.040434
-0.014627
0.012901
0.012899
-0.042154
-0.069719
0.040456
-0.055959
-0.000863
-0.000863
-0.042205
-0.014648
-0.028438
-0.014653
0.012927
0.068060
-0.014644
-0.000863
-0.000863
-0.014646
-0.000863
END
