y[]
-0.025629
-0.013504
-0.001375
0.010754
0.010753
-0.013503
-0.001375
-0.001375
0.010753
-0.001375
-0.013503
0.010753
-0.013503
-0.001375
-0.013504
-0.013506
-0.013507
-0.025644
-0.001375
-0.013512
0.010762
-0.001375
0.010760
-0.001375
-0.086352
0.047192
-0.049942
-0.001375
-0.001375
-0.013521
0.010770
0.010769
0.010768
-0.001375
0.035044
0.010762
-0.001375
-0.001375
0.010760
-0.025647
-0.013513
0.022900
-0.025650
-0.001375
-0.001375
-0.013515
0.010765
0.010763
0.035031
-0.037781
-0.001375
-0.013513
-0.001375
-0.001375
-0.037798
0.010768
-0.013518
0.010768
0.022906
-0.013515
-0.025659
-0.025665
-0.013522
0.022917
0.022912
0.035044
0.010762
-0.037789
-0.001375
0.059308
0.035017
-0.013504
0.010754
-0.001375
-0.025635
0.010756
-0.013506
-0.074191
-0.013516
0.010766
0.022903
-0.001375
0.010762
-0.037789
0.010765
-0.001375
0.022900
-0.001375
-0.001375
0.035026
-0.013507
0.083520
-0.001375
0.010747
0.010745
-0.049866
-0.001375
-0.013501
0.022876
0.059227
0.034969
-0.037719
-0.061977
-0.025626
0.059242
-0.013496
-0.061999
-0.001375
-0.001375
-0.025635
-0.013507
-0.049919
0.022900
0.010760
0.035022
0.071379
-0.037745
-0.025629
-0.001375
0.035004
-0.001375
-0.037754
0.095606
0.047080
-0.025600
0.022850
-0.001375
0.022844
-0.037706
-0.049836
0.034973
-0.001375
-0.013490
-0.061970
0.047104
0.010741
0.010740
-0.013490
-0.025609
0.022859
-0.001375
-0.001375
-0.013491
-0.061977
0.010748
0.047104
-0.025612
-0.025617
0.022867
-0.001375
0.010744
0.022859
0.010740
-0.013490
-0.001375
0.022853
-0.013488
-0.025606
-0.110486
-0.013506
-0.013507
-0.013509
-0.001375
-0.025647
-0.037794
0.022906
-0.098533
-0.037834
-0.062169
-0.098722
0.022971
0.035132
-0.013543
0.083768
0.010782
-0.013532
-0.025694
0.059412
-0.013529
0.010779
-0.037843
-0.013534
0.022941
-0.001375
-0.037851
0.205149
-0.013512
0.022897
-0.001375
0.022891
0.022885
-0.025635
-0.001375
-0.086332
0.010766
-0.062095
0.035061
0.083592
0.022888
-0.013506
0.095630
-0.025617
0.010747
-0.001375
0.047098
-0.025609
-0.061985
0.010750
0.034991
-0.001375
-0.001375
0.010744
-0.025615
0.010745
-0.025617
0.095559
0.180124
-0.025556
-0.049754
-0.134539
0.119690
0.034916
-0.086075
-0.013481
-0.098274
-0.086239
0.071370
0.022862
0.059191
-0.001375
0.010734
0.034942
-0.037692
0.010732
0.047039
0.034920
0.010721
-0.025568
0.397056
-0.013425
0.119063
-0.013412
0.022698
-0.206182
0.022742
0.010681
0.022733
0.034776
-0.037526
-0.025483
-0.025489
-0.001375
-0.061685
-0.013441
-0.001375
0.022756
-0.037574
-0.097970
-0.001375
-0.098063
-0.001375
-0.025562
0.034903
-0.013466
-0.001375
-0.001375
0.022806
-0.037649
0.022809
-0.049748
-0.001375
-0.013472
-0.013474
-0.001375
-0.001375
0.010723
0.022818
0.022812
0.022806
-0.013465
0.022803
0.022797
-0.037635
-0.025556
-0.025562
-0.001375
-0.001375
0.010719
-0.025565
-0.049772
0.022826
-0.013475
0.047016
-0.001375
-0.025568
-0.037675
-0.025582
0.022832
-0.001375
-0.013478
-0.013479
0.010729
-0.122484
-0.061985
0.022873
-0.122675
0.059294
0.035008
-0.013501
-0.098439
-0.025656
-0.001375
-0.001375
0.022906
0.022900
-0.001375
-0.001375
-0.037789
-0.001375
-0.013516
0.022906
-0.001375
0.035035
0.010759
-0.025644
-0.001375
0.010760
0.010759
0.035017
-0.001375
0.010753
-0.025632
-0.013506
-0.025641
0.035022
0.022882
-0.001375
-0.001375
0.010751
0.010750
-0.001375
-0.001375
0.034991
0.010744
-0.013494
-0.025617
-0.001375
0.010747
0.022864
-0.001375
0.034973
-0.001375
-0.001375
0.022850
-0.037714
-0.001375
0.010740
-0.001375
-0.061963
-0.013497
0.034986
-0.001375
-0.001375
-0.001375
-0.001375
-0.013494
-0.025617
0.022867
0.034978
-0.013491
0.010741
0.010740
-0.013490
0.022853
-0.001375
-0.025603
0.010740
0.034960
0.022841
-0.061926
-0.037723
-0.001375
-0.025615
-0.013497
-0.001375
-0.001375
-0.001375
0.010747
-0.013497
-0.013498
0.010748
-0.001375
0.047104
0.047080
0.022844
-0.025594
-0.013487
0.010737
-0.013487
-0.049836
0.059198
0.034951
0.022835
-0.001375
-0.049801
-0.001375
-0.037710
-0.025606
0.022856
-0.001375
-0.049842
0.010744
-0.013494
0.010744
-0.013494
-0.001375
-0.013496
0.059213
-0.013490
-0.013491
0.010741
0.071291
0.010731
-0.001375
-0.001375
0.022832
0.010726
0.022823
-0.001375
-0.061882
-0.001375
-0.001375
-0.086146
-0.001375
-0.001375
-0.025609
-0.025615
0.034982
-0.013493
-0.025615
-0.001375
0.010745
0.034978
0.010740
0.010738
0.107577
-0.001375
-0.025576
-0.025582
0.010729
-0.037692
-0.013484
-0.001375
-0.061941
-0.025612
-0.013496
-0.025620
0.022870
0.010745
0.107643
0.107524
-0.013469
-0.086075
0.034934
0.010725
-0.013475
-0.001375
0.059110
0.107406
0.095220
0.034824
-0.013440
-0.085870
0.010700
0.046911
-0.001375
-0.001375
0.034824
-0.001375
-0.001375
-0.025506
0.034820
-0.013438
-0.037574
0.022759
0.046876
-0.001375
-0.037561
0.010688
0.022748
0.010684
0.010683
0.034789
-0.013428
-0.013430
-0.001375
-0.025489
-0.001375
0.010683
-0.001375
-0.013433
0.082998
0.010672
0.022716
0.070862
-0.037487
0.010664
-0.061583
0.070871
-0.025451
-0.037500
0.022710
0.046777
-0.025448
-0.013414
-0.001375
0.010664
-0.049539
-0.001375
-0.001375
0.034750
-0.049545
0.010670
-0.049562
-0.025477
0.022727
-0.061641
0.034789
0.010677
0.046818
0.034754
-0.013417
-0.001375
-0.013418
-0.001375
-0.013420
-0.025469
-0.001375
0.022718
-0.013421
-0.001375
0.010671
-0.013421
0.022716
0.010668
-0.013418
-0.013420
0.010670
0.022710
-0.013417
-0.001375
0.010667
-0.025460
0.010668
0.010667
-0.001375
0.034741
-0.013412
0.010662
-0.001375
0.022695
-0.049521
-0.121842
-0.025486
0.022736
-0.037544
0.070949
-0.013425
-0.085768
-0.085840
0.022765
0.034824
0.022750
0.010686
0.022742
0.010681
-0.085799
0.022753
0.046864
-0.001375
0.010681
-0.025489
0.070949
-0.001375
-0.037531
-0.013430
-0.001375
-0.013431
0.034789
0.082957
0.034746
0.010662
0.010661
-0.013411
0.010661
0.010659
0.034720
0.010654
0.034702
-0.025425
-0.037461
0.010655
-0.073577
-0.049539
-0.013420
0.034754
0.010665
0.022701
0.034728
-0.013408
0.010658
-0.001375
-0.025442
-0.001375
-0.073612
-0.013420
0.034754
-0.001375
-0.013417
0.070853
0.010658
-0.073595
-0.013417
-0.085707
-0.001375
0.022727
0.094976
-0.001375
-0.037496
-0.013418
0.034750
0.058804
-0.001375
-0.013408
0.022689
-0.025440
0.022689
-0.001375
-0.025440
0.010658
0.034715
-0.001375
0.034702
-0.013399
-0.025428
0.034702
0.010648
0.022666
-0.025416
0.010646
-0.013396
-0.001375
-0.037448
-0.013402
-0.013404
0.022681
0.022675
-0.001375
0.022669
0.058710
-0.037422
0.022658
0.010639
-0.001375
-0.013389
0.010639
-0.037422
-0.013394
0.034676
0.022652
0.022646
-0.025396
0.022646
0.010633
-0.001375
-0.037405
-0.013388
0.046667
0.010632
-0.001375
-0.049412
0.022646
0.010633
-0.025393
-0.025399
-0.001375
-0.025405
0.034667
0.022646
-0.025396
0.010636
-0.025399
-0.013389
0.034663
0.070662
0.010626
0.010625
-0.013375
0.010625
-0.001375
-0.013375
0.046615
-0.061367
0.034624
-0.001375
0.010622
-0.001375
0.034607
-0.013368
-0.013369
-0.013370
-0.025370
-0.037379
-0.013379
0.034633
0.082593
-0.025359
-0.001375
-0.025364
0.010620
-0.025367
0.022617
-0.037366
-0.013375
-0.025379
0.022629
0.058609
-0.001375
-0.037361
-0.037374
0.010626
-0.013376
-0.001375
-0.001375
-0.013378
0.010628
-0.013378
END
