y[]
0.060849
-0.035561
0.012642
-0.023515
0.024695
0.036737
-0.023506
-0.023512
0.036741
-0.035561
-0.035574
0.000590
-0.011467
0.024704
0.024698
-0.011463
0.024695
0.012641
0.024687
0.012636
0.012635
-0.011454
-0.011456
-0.023506
0.012639
0.012638
-0.011457
-0.023509
-0.035570
0.000590
-0.023524
0.024704
0.036750
0.012641
0.024687
0.000590
0.000590
0.000590
0.012636
0.000590
0.000590
0.012635
-0.023500
0.012636
0.000590
0.000590
-0.011456
0.000590
0.012636
0.000590
0.000590
0.012635
0.000590
0.000590
0.012633
-0.035544
-0.011457
0.012638
0.060806
0.036702
0.000590
0.048719
0.024646
0.012616
-0.023463
0.024643
-0.011436
-0.011437
0.000590
-0.011438
-0.011440
0.012620
-0.011440
0.012620
0.000590
-0.011440
-0.023474
-0.023480
-0.035526
0.036706
-0.047568
-0.047591
-0.023509
0.000590
0.012641
0.060820
-0.107850
-0.047643
-0.023535
0.012654
0.012652
-0.011472
0.072940
0.000590
0.036746
-0.047620
-0.011466
0.084953
-0.035557
0.048783
0.024678
-0.023498
-0.023503
-0.011459
0.000590
0.036733
-0.059654
0.000590
0.072879
0.000590
0.012633
0.000590
0.036711
-0.011449
0.012629
0.012627
-0.035526
0.012630
-0.011450
-0.035539
0.012635
0.036715
0.072801
0.012620
0.024646
-0.023466
0.012619
0.000590
0.048690
-0.035483
-0.023466
0.000590
-0.011440
0.024649
0.000590
0.000590
0.036667
0.000590
0.012613
-0.011433
-0.023460
0.036663
-0.011433
-0.071577
0.012622
0.000590
0.024649
0.036667
0.036654
-0.011430
0.024629
-0.023448
0.024629
0.000590
0.012607
0.048644
-0.023434
0.000590
-0.011424
-0.023443
-0.023448
-0.035478
-0.047521
0.012620
0.012619
-0.011438
0.000590
-0.035504
0.012623
0.036680
-0.035500
-0.023477
-0.047562
0.024669
-0.011449
-0.047579
0.024678
0.036711
0.024663
-0.011446
0.036693
0.000590
0.048708
-0.011437
-0.035500
-0.023477
-0.059604
-0.023498
-0.035552
0.084902
0.000590
0.000590
0.000590
-0.011450
0.072810
-0.023477
0.012625
0.012623
-0.011443
-0.023480
-0.011447
-0.059618
0.048760
0.000590
0.036702
-0.011446
-0.023486
0.024666
0.012626
0.012625
0.000590
-0.035517
0.024663
-0.023483
-0.011449
-0.023492
-0.035544
0.036724
0.000590
-0.011453
0.024675
0.012630
0.036702
-0.011446
0.000590
0.000590
0.012626
-0.011446
0.012626
-0.023483
0.012627
0.000590
0.000590
0.024660
0.012623
0.000590
-0.023477
0.012625
0.000590
-0.011444
-0.059604
0.012632
0.000590
-0.011452
0.000590
0.012632
0.000590
0.000590
0.000590
0.000590
0.000590
-0.011452
0.012632
-0.011452
0.000590
0.012632
0.000590
0.012630
-0.011450
0.012630
0.000590
0.000590
0.012629
0.000590
-0.011449
0.000590
0.000590
0.000590
0.000590
-0.011450
0.012630
0.000590
0.000590
0.012629
-0.011449
0.000590
-0.011450
0.012630
-0.011450
0.000590
0.048742
-0.011446
0.048725
0.024649
0.048690
-0.023457
0.012614
0.012613
-0.023457
0.012614
-0.011434
0.012614
0.000590
-0.011434
0.000590
-0.047521
0.000590
-0.023474
0.000590
-0.023480
0.000590
-0.011447
0.000590
0.000590
0.024663
-0.023483
-0.011449
0.036702
0.000590
-0.011446
0.012626
-0.011446
-0.023486
-0.011450
0.024669
0.036698
-0.011444
0.000590
-0.011446
0.012626
-0.011446
0.048725
0.012620
-0.011440
-0.035509
-0.047562
0.012630
-0.011450
-0.011452
0.000590
0.024672
-0.011450
0.012630
0.012629
0.000590
-0.011449
0.000590
0.000590
0.024666
0.036693
-0.023477
0.012625
0.000590
-0.023480
0.012626
0.000590
0.000590
-0.011446
0.000590
-0.011447
-0.011449
0.000590
0.000590
0.000590
-0.011450
0.012630
-0.011450
0.000590
-0.011452
0.000590
-0.011453
0.000590
0.000590
-0.023500
0.012636
0.012635
0.024675
-0.023495
0.012633
0.012632
0.000590
-0.011452
0.000590
0.000590
0.012632
-0.011452
0.000590
0.000590
0.012632
0.000590
0.000590
0.000590
0.024669
0.000590
0.000590
0.012627
0.000590
0.000590
-0.011447
0.000590
0.000590
0.012627
0.000590
0.000590
-0.011447
0.000590
0.012627
-0.011447
0.000590
0.000590
0.012627
0.000590
0.024660
-0.023480
-0.011447
-0.011449
0.036702
0.012625
-0.011444
-0.011446
-0.023486
0.024666
0.012626
0.000590
0.000590
0.000590
-0.023483
-0.011449
-0.011450
-0.011452
-0.011453
-0.011454
-0.011456
0.024681
0.000590
0.012633
-0.023498
0.000590
0.024678
-0.059640
0.036733
-0.047603
0.012641
0.012639
0.048771
-0.035544
0.000590
-0.023506
0.000590
0.036733
-0.011456
-0.047608
0.000590
0.000590
0.012642
-0.023515
0.000590
0.000590
0.000590
0.000590
-0.011465
-0.011466
-0.023527
0.024707
-0.023527
0.012649
-0.011469
0.036763
-0.011466
-0.011467
-0.011469
-0.023532
0.000590
0.012652
-0.011472
-0.011473
0.024716
-0.011472
0.036772
0.000590
-0.011469
0.000590
0.012649
0.000590
0.012648
0.048806
-0.011462
-0.011463
-0.023521
0.012646
-0.011466
0.000590
-0.011467
0.012648
-0.011467
0.012648
0.000590
-0.011467
-0.011469
0.048818
0.012643
0.000590
0.000590
-0.047632
-0.011469
0.000590
0.012649
-0.023529
0.000590
0.000590
0.024710
-0.035591
0.012652
-0.023535
0.000590
-0.011475
0.012655
-0.011475
0.024719
0.024713
-0.011470
0.012651
0.012649
-0.035591
-0.011473
0.048835
-0.035591
-0.011473
0.012654
-0.011473
0.000590
-0.011475
0.000590
0.000590
0.000590
0.036781
0.000590
-0.011472
-0.035605
0.024721
-0.011475
0.000590
-0.011476
0.000590
0.000590
0.024721
0.000590
-0.023541
0.024721
0.024716
0.012651
-0.023532
0.024713
-0.035596
0.012654
0.024713
0.024707
-0.059713
0.024716
-0.011472
0.012652
0.000590
0.000590
0.036767
0.012646
-0.011466
0.000590
0.012646
-0.011466
0.012646
0.000590
-0.011466
-0.023527
0.000590
0.048818
0.012643
0.084922
0.048748
-0.083702
-0.023506
-0.011460
0.012641
-0.035565
0.036746
0.012639
-0.047614
0.024695
0.024689
-0.023509
-0.047626
0.000590
-0.047649
-0.011473
-0.023541
0.012657
0.000590
0.048841
0.036763
0.024698
0.024692
0.048777
-0.023500
0.012636
0.000590
0.000590
-0.011456
-0.023506
-0.023512
0.000590
0.024692
0.024687
-0.035557
0.024689
0.036728
-0.035548
0.000590
0.036728
-0.011454
0.036719
-0.035539
0.000590
-0.011456
0.012636
-0.023503
0.012638
-0.011457
0.000590
0.000590
0.012638
0.000590
-0.023506
0.012639
0.000590
-0.011459
0.024687
-0.035557
0.012641
0.012639
0.024684
-0.023503
0.012638
-0.011457
-0.023509
-0.047626
0.012646
0.000590
0.000590
0.012645
-0.023521
-0.011467
0.000590
-0.023529
0.000590
0.024710
-0.011469
-0.023532
0.012652
-0.011472
-0.023538
0.012655
-0.011475
0.024719
-0.035605
0.000590
-0.035618
-0.035631
0.012665
0.012664
0.000590
0.012662
0.012661
0.012659
-0.023550
0.024730
0.012658
-0.023547
-0.023553
0.000590
-0.035635
0.036815
-0.011483
0.036807
0.036794
0.012655
-0.011475
0.024719
0.000590
0.000590
0.012652
-0.011472
0.012652
0.000590
0.012651
0.000590
0.048818
-0.011465
0.024698
-0.023518
0.012645
-0.011465
0.000590
0.000590
0.012645
0.012643
0.012642
-0.011462
0.000590
-0.011463
-0.035578
0.000590
0.012648
-0.047649
0.048829
-0.035587
0.060878
-0.011465
0.048800
0.024687
-0.035557
0.000590
0.012641
0.000590
0.012639
-0.011459
0.000590
0.000590
0.012639
0.000590
0.012638
0.000590
-0.011457
0.012638
-0.011457
-0.011459
-0.543119
0.000590
0.024818
-0.047871
-0.011529
0.024827
0.049046
0.012700
-0.023632
0.000590
0.012702
0.012700
0.012699
END
