y[]
-0.023545
0.000032
0.000032
0.000032
-0.011758
0.035399
-0.023545
0.011821
0.035391
-0.023539
-0.047127
-0.023556
0.000032
-0.047160
-0.047182
0.011838
-0.035389
0.023648
0.000032
0.011838
0.000032
-0.070823
0.023656
0.011842
0.023648
0.000032
-0.011775
0.023645
0.023639
-0.011771
-0.023578
-0.070831
-0.106357
-0.035456
0.070996
-0.082764
-0.035473
-0.118409
0.011882
0.000032
0.000032
0.047420
-0.082911
0.000032
-0.082980
-0.011833
0.000032
-0.083059
0.047521
-0.011838
0.047504
-0.035570
-0.011838
-0.094980
0.047549
0.047527
-0.023713
0.000032
-0.023718
-0.011845
-0.083148
0.023805
-0.047519
-0.095138
0.059524
0.011926
0.011925
-0.035650
-0.023763
0.035723
0.035710
0.000032
0.071350
0.023793
0.035664
0.000032
-0.023721
0.011909
0.000032
-0.011845
-0.071261
-0.011855
0.035689
-0.023738
0.000032
-0.011855
-0.023746
0.011922
0.023808
0.000032
0.059446
0.000032
0.000032
-0.023729
-0.035621
0.000032
-0.023744
0.000032
0.023808
-0.023744
0.000032
-0.011858
-0.071337
0.000032
0.000032
0.000032
-0.059481
-0.023783
0.011940
0.047651
0.000032
0.011933
0.047623
0.047600
-0.011858
-0.035646
-0.047559
0.000032
-0.095217
0.059574
-0.071422
-0.011882
0.023859
0.035761
-0.023786
-0.083376
0.035787
0.000032
0.011947
0.000032
0.023859
-0.023795
0.059588
0.023844
-0.071422
0.047674
-0.083356
0.023864
-0.011883
-0.023803
0.071520
-0.023792
-0.011882
-0.011883
-0.047644
-0.035740
0.035804
-0.035740
0.071563
0.000032
0.023864
-0.035718
0.071520
0.071469
-0.083316
0.023853
0.023847
0.000032
0.047645
0.000032
0.047623
-0.023761
0.059503
-0.023752
0.023816
-0.035646
0.011926
-0.011862
-0.011864
0.130805
-0.023732
0.011915
0.023793
0.000032
0.047538
-0.011842
0.000032
-0.023721
0.023785
0.011906
-0.011842
0.000032
0.011906
-0.011842
0.000032
0.011906
0.000032
0.011905
0.000032
0.023774
0.000032
-0.011838
-0.023713
-0.035595
-0.011847
0.011911
0.000032
0.011909
-0.035604
0.011912
-0.011848
0.000032
0.000032
0.023791
0.011909
0.011908
0.000032
-0.023721
0.011909
0.000032
0.000032
0.000032
-0.011845
-0.011847
0.011911
-0.011847
-0.011848
-0.011849
0.011913
0.000032
0.000032
0.000032
0.011912
-0.011848
-0.011849
0.023793
0.000032
-0.011848
0.011912
0.035664
-0.035600
-0.059382
-0.011855
0.023805
0.000032
0.035680
-0.011849
-0.023735
0.000032
0.023799
0.035672
-0.011847
0.000032
-0.023729
-0.023735
0.023799
0.035672
-0.011847
-0.011848
0.011912
0.000032
0.000032
-0.011848
0.000032
0.000032
0.011912
0.000032
0.011911
0.023785
-0.035600
-0.011848
0.023791
-0.011847
-0.011848
0.000032
0.000032
0.000032
0.000032
0.000032
0.000032
0.000032
-0.011849
0.000032
0.000032
-0.011851
0.011915
-0.035621
0.000032
0.011918
-0.047519
0.011922
0.000032
-0.011858
0.011922
0.000032
0.000032
0.000032
0.000032
0.023808
0.000032
0.011918
-0.011854
0.000032
0.000032
0.011918
-0.011854
0.000032
-0.023744
0.000032
0.023808
0.000032
0.011918
0.000032
0.000032
0.011916
-0.011852
0.011916
-0.023738
0.023802
-0.011852
-0.023741
0.011919
0.000032
0.011918
0.000032
0.000032
-0.011854
-0.023744
0.023808
-0.011855
0.000032
0.000032
0.011919
0.011918
0.000032
0.023799
0.000032
0.011913
-0.035617
-0.011854
0.011918
0.000032
0.000032
0.000032
-0.011854
0.000032
0.011918
-0.011854
0.000032
-0.011855
0.000032
-0.011856
0.000032
0.011920
0.000032
0.000032
-0.023746
0.000032
0.000032
-0.023752
0.011925
0.011923
0.000032
0.011922
0.035693
0.000032
0.000032
0.000032
0.000032
-0.011854
-0.011855
0.011919
0.000032
0.011918
-0.011854
0.000032
-0.011855
0.011919
-0.023744
0.035693
0.000032
0.000032
0.023799
-0.011851
0.000032
0.047555
0.011909
0.000032
0.000032
0.000032
-0.035604
0.000032
-0.011849
0.000032
0.035672
0.011909
-0.023724
-0.023729
-0.011851
-0.047513
0.000032
0.000032
0.000032
0.023808
0.023802
0.000032
0.023796
-0.011849
0.023793
-0.059382
-0.011855
0.000032
-0.035638
-0.011861
0.000032
0.023816
0.011922
0.011920
0.023805
-0.047519
-0.035646
0.011926
0.011925
0.011923
-0.011859
0.023813
-0.011858
0.000032
0.047583
0.000032
0.047561
-0.011848
-0.023732
0.000032
0.011915
0.023793
0.011911
0.023785
0.011906
-0.047474
0.011911
0.011909
0.047527
0.011902
-0.011838
0.011902
0.000032
0.011901
0.035630
0.000032
0.000032
0.011895
-0.011831
-0.047434
0.011901
-0.011837
0.011901
0.000032
0.023765
-0.047440
0.000032
0.000032
-0.023713
0.011905
-0.023715
0.011906
0.000032
0.000032
0.035647
0.000032
-0.011838
-0.011840
-0.011841
0.023776
0.000032
0.000032
-0.011840
0.011904
0.000032
0.023771
0.000032
-0.011837
0.011901
0.000032
0.023765
0.011896
-0.011833
-0.023701
0.000032
0.023765
0.011896
-0.023698
-0.011835
-0.011837
0.023768
-0.011835
0.000032
0.000032
0.023765
0.000032
0.011896
0.011895
0.000032
0.035613
0.023746
0.000032
-0.023682
0.000032
0.023746
0.011887
0.011885
-0.011821
-0.011823
0.000032
-0.023682
0.000032
-0.035549
0.000032
0.000032
0.011894
0.000032
-0.035557
0.000032
-0.023701
0.011899
0.023762
-0.011833
-0.023701
0.011899
0.011898
-0.011834
-0.023704
0.011901
-0.083079
-0.047491
0.118797
0.011901
0.071215
-0.011828
0.035609
0.201394
0.082828
0.000032
-0.082764
-0.011802
-0.059157
0.000032
0.011873
0.059214
-0.035473
-0.011806
0.011870
0.011868
-0.082852
0.071080
0.011868
-0.023642
0.047375
-0.023637
0.011867
-0.035477
0.023706
-0.011804
0.082858
0.000032
0.047330
0.000032
-0.011790
-0.011792
0.000032
0.023678
-0.035439
-0.023623
0.011860
0.011859
0.023681
0.035495
-0.023609
-0.011790
0.094572
0.023653
-0.035402
0.035466
0.000032
0.000032
-0.011778
-0.023592
0.023656
0.011842
0.000032
-0.035402
0.011845
0.023653
0.023648
-0.023584
-0.023589
0.011843
-0.011779
-0.011781
-0.035414
0.000032
0.011849
0.011847
-0.011783
0.000032
-0.011785
0.023664
-0.011783
0.011847
0.047280
0.023648
0.035445
-0.023575
-0.011774
0.023642
0.023636
0.023631
0.000032
0.000032
-0.011767
0.011831
-0.011767
0.000032
-0.011768
0.000032
0.000032
-0.011770
0.023634
0.011831
0.023625
0.035411
0.011822
-0.023550
-0.023556
-0.023561
0.011829
0.023622
-0.011763
0.011827
0.023617
-0.011760
0.000032
-0.011761
-0.011763
0.047202
-0.047138
0.000032
0.011827
0.000032
0.011825
0.035403
0.000032
0.000032
0.047174
0.035374
-0.011747
0.047141
-0.035297
-0.011747
-0.011749
0.000032
0.000032
-0.011750
0.023595
0.023589
-0.023525
0.011811
0.035361
0.023578
-0.023514
-0.035297
-0.058878
-0.035331
0.023609
-0.023545
0.035395
0.000032
-0.023542
-0.035339
0.011824
0.000032
0.000032
0.000032
0.000032
0.000032
0.000032
-0.011760
0.000032
-0.011761
0.011825
0.000032
0.000032
0.011824
0.000032
0.000032
0.023611
0.023606
-0.023542
0.000032
-0.023547
0.011822
0.000032
-0.011758
0.000032
0.011822
0.000032
0.011821
0.000032
-0.011757
0.011821
0.000032
0.000032
0.000032
0.011820
-0.011756
0.000032
0.000032
0.011820
-0.011756
0.000032
0.000032
-0.011757
0.011821
-0.011757
0.000032
0.011821
0.000032
0.011820
0.011818
0.000032
0.000032
-0.011754
-0.011756
-0.011757
-0.011758
0.011822
0.000032
0.023609
0.011818
0.011817
0.000032
0.000032
-0.047116
0.000032
0.000032
0.000032
0.000032
END
