y[]
-0.016036
-0.000686
0.014665
-0.031389
-0.016041
-0.000686
0.045373
-0.016036
0.014665
-0.016036
0.014665
-0.016036
0.014665
-0.016036
-0.031393
-0.016043
0.030027
-0.016041
-0.016043
0.014672
-0.016043
-0.016045
0.030032
-0.000686
0.014670
0.030018
-0.000686
-0.031389
-0.000686
0.014667
-0.000686
-0.000686
0.014665
-0.000686
-0.000686
-0.000686
-0.016036
-0.000686
-0.000686
-0.000686
-0.000686
0.030013
-0.016034
-0.031389
-0.016041
-0.000686
-0.031403
0.014674
-0.031408
0.030036
0.060730
0.014662
-0.016034
0.045351
0.029994
-0.000686
-0.000686
-0.000686
-0.000686
0.014651
0.029980
-0.046687
0.014651
0.014648
-0.000686
0.014646
0.014644
-0.016015
-0.016017
0.029975
0.029966
0.014637
0.014634
-0.000686
-0.000686
0.029947
-0.000686
-0.016001
-0.000686
0.014630
-0.000686
-0.016001
-0.000686
-0.000686
-0.000686
0.029942
0.014625
-0.015996
-0.000686
-0.000686
-0.000686
-0.046631
-0.061979
0.014641
-0.000686
-0.000686
-0.016012
0.014641
-0.000686
-0.000686
0.014639
0.014637
-0.000686
0.029952
-0.000686
-0.016003
-0.000686
-0.031327
0.014637
0.014634
0.029947
-0.031318
0.014632
-0.016003
-0.016005
0.029952
-0.000686
-0.016003
-0.000686
-0.000686
-0.000686
-0.000686
-0.031327
-0.000686
-0.077332
-0.016022
-0.046708
0.014658
0.014655
0.014653
-0.016024
-0.016026
-0.000686
-0.000686
-0.000686
-0.046723
0.030008
-0.016031
0.045344
-0.000686
0.014653
-0.000686
0.029985
-0.016019
-0.016022
-0.016024
-0.000686
-0.016026
-0.016029
-0.046730
0.014665
-0.031389
-0.000686
-0.016041
0.030022
-0.016038
-0.000686
0.045366
0.045344
-0.016026
0.045330
0.060636
-0.000686
-0.016012
-0.000686
0.014641
0.014639
0.060589
-0.046638
-0.000686
0.029952
-0.016003
-0.016005
-0.031332
0.029961
-0.016008
0.014637
-0.000686
-0.046659
-0.000686
0.014641
-0.016012
0.014641
0.029961
0.014634
0.029947
-0.016001
-0.031323
-0.031332
-0.000686
0.014639
0.014637
-0.000686
-0.046659
-0.077355
0.014653
0.060645
0.060608
-0.000686
-0.016005
0.014634
-0.046652
0.060598
0.045253
0.029928
-0.000686
-0.000686
-0.046610
0.014625
-0.015996
0.029933
0.014620
0.014618
-0.000686
0.014616
0.014613
-0.015984
0.029910
-0.046582
-0.000686
-0.061913
-0.000686
-0.000686
0.014625
-0.000686
0.045232
-0.061913
0.029933
-0.015994
-0.015996
0.014625
-0.000686
0.014623
-0.031304
-0.061951
-0.031332
0.014639
0.029956
-0.000686
0.014632
0.014630
-0.016001
-0.031323
-0.031332
0.029961
-0.016008
0.014637
-0.016008
-0.061998
0.014646
0.014644
-0.016015
-0.062026
0.029989
0.029980
-0.016017
0.029975
-0.000686
-0.031346
-0.077379
-0.031379
0.030008
0.029999
0.014653
-0.000686
-0.016024
-0.000686
-0.031370
-0.016031
0.030003
-0.031375
-0.031384
-0.016038
-0.016041
-0.016043
0.014672
-0.016043
0.030027
0.030018
0.014662
0.045344
-0.046715
0.014660
-0.000686
-0.046730
-0.046751
0.076078
-0.000686
-0.000686
-0.016034
-0.000686
0.014662
-0.031384
-0.016038
-0.000686
-0.092851
0.014681
-0.031422
-0.000686
0.060777
0.045387
-0.092851
-0.016055
0.030051
-0.016052
0.045408
0.014674
-0.031408
0.014677
0.076090
0.060692
0.014653
-0.000686
-0.000686
-0.016024
0.014653
-0.046708
0.014658
-0.016029
0.014658
-0.016029
0.014658
-0.016029
0.014658
-0.046723
0.014662
-0.077449
0.030027
0.045366
-0.016034
-0.062101
0.014672
-0.016043
-0.000686
-0.000686
0.014672
-0.000686
-0.000686
-0.062129
-0.000686
0.152854
0.029994
0.060645
-0.000686
0.045288
-0.061988
-0.046687
-0.031365
-0.000686
-0.062073
0.060702
-0.077426
0.152736
0.045295
0.029956
-0.077308
0.045295
0.060589
-0.077285
0.045281
0.075878
-0.061932
0.014630
-0.000686
0.014627
-0.000686
-0.000686
0.075843
0.014613
-0.000686
-0.015984
-0.015987
0.029914
0.045197
-0.031271
-0.061885
0.075808
-0.015980
-0.015982
-0.061894
-0.031304
0.029933
0.014620
-0.031299
0.075831
-0.000686
-0.015984
0.106356
-0.015970
0.045161
0.029867
-0.046519
-0.000686
0.014594
-0.046533
-0.000686
0.045161
-0.015966
-0.000686
0.075691
0.014583
0.014580
-0.031220
0.029849
0.014578
-0.061754
0.029853
-0.000686
0.029844
0.014576
0.029830
-0.046463
0.029835
-0.000686
0.014571
-0.031201
-0.031211
-0.015952
-0.015954
-0.031229
0.045126
-0.000686
0.029844
-0.061754
-0.000686
0.029853
0.014580
-0.000686
-0.000686
0.029839
-0.000686
-0.031211
-0.000686
0.060355
-0.015942
-0.046470
-0.061764
-0.092373
0.045168
-0.046540
-0.015975
0.045175
-0.000686
-0.031257
0.014601
-0.015973
-0.061857
-0.000686
-0.031285
-0.015989
0.045218
-0.000686
0.014611
-0.000686
-0.046582
0.029914
0.045197
0.060458
0.075691
0.014583
-0.031225
-0.000686
0.060383
-0.031215
-0.015954
0.060374
-0.031211
-0.061764
-0.031239
-0.046533
0.014599
-0.061838
-0.031276
-0.000686
-0.077202
0.029928
-0.000686
-0.031299
-0.015996
-0.000686
-0.015998
-0.031318
-0.077308
-0.000686
-0.000686
0.014644
-0.062016
-0.000686
-0.000686
-0.000686
0.029985
-0.031356
0.014651
0.014648
0.014646
-0.000686
-0.016017
-0.000686
-0.000686
0.014646
0.014644
-0.016015
0.014644
-0.000686
-0.000686
-0.000686
-0.016015
0.014644
-0.000686
0.014641
-0.000686
-0.000686
-0.000686
-0.000686
-0.031342
-0.000686
0.014644
-0.000686
-0.000686
-0.000686
-0.000686
0.014641
0.014639
-0.000686
-0.016010
-0.000686
-0.000686
-0.016012
-0.000686
-0.031346
-0.000686
-0.000686
-0.016019
-0.046701
-0.000686
-0.000686
-0.000686
0.014655
0.014653
-0.000686
0.029985
-0.000686
0.014646
-0.000686
0.014644
-0.000686
-0.000686
-0.000686
-0.000686
-0.016015
-0.000686
0.029970
-0.031342
-0.016017
-0.016019
-0.016022
-0.000686
-0.016024
0.014653
0.014651
-0.000686
-0.000686
0.014648
0.014646
-0.000686
0.014644
0.029966
-0.016010
-0.000686
-0.016012
0.014641
-0.016012
-0.000686
-0.016015
0.014644
-0.016015
0.014644
-0.031346
0.014646
0.014644
-0.031346
-0.016019
0.014648
-0.000686
-0.016019
-0.000686
-0.000686
0.014648
0.014646
-0.031351
0.014648
-0.000686
-0.016019
0.029980
-0.000686
-0.031351
-0.000686
0.029980
0.014644
-0.000686
-0.000686
-0.016015
-0.016017
-0.000686
-0.031356
0.014651
-0.031360
-0.000686
0.029989
-0.016022
-0.000686
0.014651
-0.016022
0.014651
0.029980
0.014644
-0.000686
0.014641
-0.016012
-0.000686
-0.000686
-0.000686
-0.000686
0.014641
-0.016012
0.014641
-0.016012
0.014641
-0.000686
-0.000686
-0.000686
-0.000686
0.014639
-0.000686
-0.000686
-0.000686
-0.016010
0.014639
0.045274
-0.031323
0.014634
0.014632
-0.016003
-0.000686
-0.000686
-0.016005
0.045267
-0.016001
-0.000686
0.014630
-0.016001
0.014630
-0.016001
0.014630
0.014627
-0.046631
0.029947
-0.046638
0.014634
-0.000686
0.014632
-0.000686
-0.000686
0.014630
-0.016001
0.014630
-0.000686
-0.016001
-0.016003
0.014632
0.014630
-0.000686
0.029938
0.014623
0.014620
-0.000686
-0.000686
-0.000686
-0.000686
0.014618
0.045211
-0.015982
0.014611
-0.000686
0.014608
0.029895
-0.000686
0.014601
0.029881
-0.015968
-0.015970
-0.000686
0.060439
-0.000686
-0.061810
-0.015973
-0.061857
0.014611
-0.046582
0.014616
0.045204
0.014606
-0.000686
0.014604
0.029886
-0.031257
0.045168
0.014594
-0.046533
0.045161
-0.015966
0.029872
-0.031243
-0.015968
0.014597
-0.000686
0.045147
-0.000686
0.029858
0.014583
-0.000686
-0.015954
-0.000686
-0.000686
-0.046505
0.014590
-0.000686
0.014587
-0.015959
0.014587
-0.031234
-0.015963
-0.000686
-0.015966
0.029872
0.014590
0.014587
END
