y[]
0.023593
0.023587
-0.014406
-0.014408
0.010923
0.010922
-0.001742
-0.001742
-0.027071
-0.001742
0.010923
-0.001742
-0.014408
-0.027078
-0.001742
0.010926
-0.014411
-0.001742
-0.014412
-0.001742
0.010928
-0.027084
0.036269
0.010925
0.010923
-0.014408
-0.014409
-0.014411
0.010926
0.023590
-0.001742
-0.001742
0.023584
-0.001742
-0.014404
-0.014406
-0.001742
0.010922
0.010920
-0.001742
0.010918
0.010917
-0.001742
-0.001742
-0.001742
-0.027062
-0.001742
-0.001742
0.010918
-0.027065
-0.001742
-0.001742
-0.014406
-0.077759
0.023603
0.010928
-0.027084
0.023600
-0.014412
0.010928
-0.001742
0.010926
-0.039753
0.010930
0.023597
-0.001742
-0.027081
-0.001742
0.023597
0.010925
0.036249
0.010918
-0.027065
-0.001742
-0.001742
-0.001742
0.010920
-0.001742
-0.027068
-0.014408
0.010923
-0.027075
-0.014411
0.023593
-0.014409
-0.001742
-0.001742
0.010925
-0.014409
-0.001742
-0.001742
-0.014411
-0.027084
-0.001742
0.010930
-0.014414
0.010930
-0.027088
-0.001742
0.036273
0.010926
-0.065102
0.023606
-0.014416
-0.001742
-0.001742
0.023603
-0.001742
-0.001742
-0.052439
-0.027100
0.023616
-0.014420
-0.052471
0.010943
-0.014427
0.023626
0.036297
-0.014420
0.048961
0.048936
-0.039748
0.023597
0.048916
0.048891
0.086804
0.036182
0.023533
-0.001742
0.048788
-0.039638
-0.014377
0.048788
0.036139
0.010882
-0.052247
0.010886
-0.039633
0.010890
0.036144
-0.064893
-0.014377
0.048788
-0.039638
-0.039652
0.074063
-0.001742
0.010886
-0.027001
-0.064917
-0.039666
0.023542
-0.039671
0.010902
-0.014387
0.023545
-0.027030
0.048827
0.111944
-0.026995
0.111844
0.023482
0.036082
0.048667
0.023453
-0.052139
0.010859
0.099013
0.098912
0.023406
0.035968
-0.064600
-0.039476
0.010837
-0.039485
0.061155
0.010832
-0.001742
0.010831
0.073663
0.023380
-0.039428
-0.014307
0.061068
-0.026862
0.023377
-0.039424
-0.014306
-0.001742
0.010821
-0.014306
-0.014307
-0.001742
0.073625
-0.051981
0.035939
0.010815
-0.026858
0.010817
0.086126
0.010804
-0.001742
-0.026836
0.010806
-0.001742
0.035892
0.023339
-0.001742
-0.014282
0.010798
-0.026824
-0.014285
-0.014287
-0.001742
0.010802
-0.014287
0.023346
-0.001742
-0.001742
0.035878
-0.026821
-0.039372
0.023346
0.023339
-0.014282
0.010798
0.010796
-0.026821
-0.014284
-0.001742
-0.001742
-0.026830
-0.026836
0.010806
0.023349
-0.026833
-0.014290
0.035897
0.023342
-0.039372
-0.001742
-0.014288
-0.001742
-0.014290
0.010806
-0.051943
-0.014296
0.023364
-0.026849
0.010812
0.023361
-0.001742
0.010807
-0.014292
-0.039400
-0.001742
-0.014298
0.023368
0.010810
-0.001742
-0.001742
-0.001742
-0.014295
-0.001742
-0.001742
-0.001742
-0.014296
-0.001742
-0.001742
-0.001742
0.010812
-0.001742
0.010810
-0.014295
-0.001742
-0.001742
0.010810
-0.001742
-0.001742
-0.001742
-0.001742
-0.001742
-0.014295
0.010810
-0.014295
-0.014296
0.010812
-0.001742
-0.014296
0.010812
0.023361
-0.014293
0.010809
-0.001742
-0.001742
-0.026846
0.010810
-0.026849
0.010812
-0.001742
-0.014296
-0.014298
-0.001742
-0.001742
-0.001742
0.010814
-0.001742
-0.001742
0.010812
-0.014296
-0.001742
-0.001742
-0.001742
-0.001742
-0.001742
-0.014298
0.010814
-0.001742
-0.001742
0.010812
0.010810
-0.014295
-0.001742
-0.001742
-0.001742
-0.026852
-0.001742
-0.014299
-0.001742
-0.001742
-0.001742
0.010815
-0.014299
-0.001742
-0.001742
-0.014301
0.023374
-0.014299
-0.014301
0.010817
-0.001742
-0.001742
-0.014301
-0.001742
-0.001742
-0.014303
0.010818
-0.001742
-0.001742
-0.026865
-0.001742
-0.014306
0.010821
-0.001742
-0.001742
-0.026871
-0.014309
-0.001742
-0.014311
0.023393
0.010823
-0.001742
-0.001742
0.023383
-0.001742
-0.001742
-0.014304
0.010820
-0.001742
0.010818
-0.001742
-0.001742
-0.001742
-0.001742
-0.001742
-0.014303
-0.001742
-0.001742
-0.001742
0.010818
-0.001742
0.010817
-0.014301
0.010817
-0.001742
-0.001742
-0.001742
-0.014301
0.010817
-0.026862
0.010818
-0.001742
-0.014303
-0.001742
0.010818
0.010817
-0.001742
-0.014301
-0.014303
0.023377
-0.001742
-0.014301
-0.001742
-0.001742
-0.001742
-0.001742
0.010817
-0.001742
-0.014301
0.010817
-0.001742
-0.014301
-0.001742
-0.001742
-0.001742
-0.014303
-0.001742
-0.014304
-0.001742
0.010820
-0.001742
-0.001742
-0.001742
0.010818
-0.014303
0.010818
-0.014303
-0.014304
0.010820
-0.001742
-0.001742
-0.001742
-0.001742
-0.001742
-0.001742
-0.001742
-0.014304
-0.001742
-0.001742
-0.001742
0.010820
-0.001742
0.010818
-0.001742
-0.014303
0.010818
-0.001742
-0.014303
0.010818
-0.014303
-0.014304
-0.014306
-0.001742
-0.001742
-0.014307
-0.014309
0.010825
0.010823
-0.001742
0.010821
-0.026871
0.010823
-0.001742
-0.014307
-0.001742
0.010823
-0.001742
0.010821
-0.014306
0.010821
-0.014306
-0.001742
-0.014307
0.048509
-0.001742
0.010817
0.023371
-0.014298
-0.014299
0.023371
-0.001742
-0.001742
-0.001742
-0.001742
0.010812
-0.001742
-0.039409
0.023371
-0.014298
-0.014299
0.010815
0.023368
-0.026852
0.010814
-0.026855
-0.001742
-0.014301
0.010817
0.035925
-0.026852
-0.001742
0.010814
-0.001742
0.010812
0.035911
-0.014292
-0.001742
-0.014293
-0.001742
-0.001742
-0.001742
-0.014295
0.010810
-0.001742
0.010809
-0.001742
-0.026846
0.010810
-0.026849
-0.001742
0.010812
0.010810
-0.001742
-0.014295
-0.014296
0.010812
-0.001742
-0.014296
-0.001742
-0.001742
0.023364
0.010809
-0.001742
-0.001742
-0.014293
-0.014295
0.010810
-0.001742
0.023358
-0.001742
-0.001742
-0.014292
-0.001742
-0.001742
0.010807
-0.001742
-0.026843
-0.026849
0.035915
-0.001742
-0.014293
0.010809
0.023355
-0.014290
-0.001742
-0.026843
-0.001742
0.010809
-0.014293
0.010809
-0.001742
-0.014293
-0.001742
-0.014295
-0.001742
-0.014296
-0.001742
0.035915
-0.014293
-0.064521
0.061036
-0.001742
-0.014295
-0.001742
0.010810
-0.001742
-0.014295
-0.026852
-0.014299
0.010815
-0.014299
-0.014301
-0.026865
-0.014306
-0.001742
0.010821
0.023380
0.010817
0.123760
-0.051924
-0.014292
-0.014293
0.048452
0.010802
-0.026833
0.010804
-0.039386
-0.014293
0.010809
-0.001742
-0.001742
0.010807
-0.014292
-0.014293
0.035906
0.023349
-0.014287
0.048427
0.010796
-0.014281
-0.001742
0.060934
-0.026808
-0.001742
0.035854
0.023314
-0.039329
-0.026808
0.060911
-0.026799
-0.014273
-0.001742
-0.014274
-0.026811
-0.001742
-0.001742
0.010793
0.010791
-0.001742
0.010790
-0.026808
-0.026814
-0.039362
-0.026830
0.010802
0.010801
-0.051924
0.048440
-0.026830
-0.014288
-0.014290
0.048440
0.010799
-0.001742
-0.026827
-0.014287
0.035887
-0.001742
-0.014284
-0.026830
-0.001742
0.035887
-0.089566
-0.014295
0.010810
0.023358
-0.014292
-0.001742
0.010807
-0.014292
0.035901
-0.026836
-0.001742
-0.014292
0.010807
-0.014292
-0.014293
-0.001742
-0.026849
-0.001742
-0.051975
-0.026868
0.010821
-0.001742
-0.001742
0.010820
0.023377
0.023371
-0.014298
-0.014299
-0.026862
0.010818
0.035930
-0.051975
-0.001742
-0.001742
-0.039433
-0.001742
0.023387
-0.014306
0.010821
-0.001742
-0.026871
-0.026877
0.023393
-0.026877
0.010826
-0.001742
0.010825
0.073625
-0.014299
0.023371
0.035915
0.023355
0.035892
-0.089577
-0.278298
0.161770
0.186594
0.186240
-0.051836
-0.026799
0.035840
0.060863
0.060824
0.035779
-0.064285
-0.001742
-0.101892
-0.001742
-0.064387
0.023320
0.010787
0.023311
0.098408
0.023280
0.023273
-0.014249
0.135749
-0.001742
-0.001742
-0.001742
0.060691
-0.101655
-0.139285
-0.001742
0.035788
END
