y[]
0.027717
0.014241
-0.026173
0.000770
0.000770
0.041182
-0.012699
0.014239
-0.026170
0.041177
0.014235
0.014234
0.014232
0.000770
0.014230
-0.039615
0.014234
-0.012693
0.068069
0.014225
0.014223
-0.012683
-0.039599
0.000770
0.000770
0.000770
-0.012690
0.014230
-0.012690
0.014230
0.014228
0.054584
0.148610
0.027627
-0.026086
-0.039528
-0.039544
0.094812
-0.026090
-0.026097
0.000770
-0.012666
0.027641
-0.066421
0.081394
-0.066412
0.242413
-0.093133
-0.066358
0.014199
-0.039523
-0.066421
0.000770
0.000770
-0.093373
-0.026144
0.000770
0.014228
-0.053073
-0.026162
-0.107032
-0.039686
-0.053196
0.041248
-0.012721
0.108645
-0.053153
0.000770
-0.039691
0.014259
0.108616
0.014243
-0.012702
-0.093589
0.041220
-0.107134
-0.053226
0.081753
0.014261
-0.039708
-0.066729
0.014274
0.000770
-0.080278
-0.026261
0.081840
-0.012737
-0.012739
0.081796
0.014268
-0.039729
0.027772
-0.026231
-0.080278
-0.012744
-0.026264
0.081851
0.081786
0.041253
0.041237
0.000770
-0.039697
0.095167
0.054671
-0.012702
-0.012704
-0.012706
-0.026188
0.014250
0.014248
-0.039669
0.014252
0.000770
0.041204
0.148888
0.027677
0.027670
0.081426
-0.039550
-0.039566
0.014217
-0.039577
0.068006
0.000770
-0.012673
-0.026122
-0.039582
0.027674
0.027666
0.014215
0.014214
0.000770
0.014212
-0.012672
-0.079918
-0.012684
0.014225
0.000770
-0.053058
-0.012692
0.027692
0.041139
0.027674
-0.039588
0.014225
-0.066520
-0.012693
0.014234
0.041150
-0.053073
0.041155
-0.039615
0.041155
0.014228
0.094926
-0.026122
0.067988
-0.066448
-0.012679
0.014219
0.027663
-0.066475
0.027674
0.014219
0.067988
-0.079897
-0.026133
-0.012684
0.068024
-0.079940
0.054584
0.000770
0.000770
0.000770
0.027666
-0.026126
0.027666
-0.012677
-0.012679
0.000770
0.000770
0.000770
0.000770
-0.012681
0.000770
0.000770
0.027670
-0.012679
0.000770
0.014219
0.000770
0.000770
0.000770
-0.012679
0.027666
0.014215
0.014214
0.014212
0.000770
0.014210
0.014208
-0.012668
0.000770
0.014208
0.014206
0.000770
0.000770
0.000770
0.000770
0.000770
0.000770
0.000770
0.014205
0.000770
0.000770
0.000770
0.014203
0.027630
-0.012659
0.000770
0.000770
0.027627
-0.012657
0.014197
0.000770
-0.026086
-0.012661
-0.012663
0.000770
0.041063
-0.039523
0.027634
0.014199
0.000770
0.000770
0.000770
0.014197
0.014196
0.027616
-0.012652
-0.012654
-0.012655
0.027619
0.000770
-0.026079
0.027619
0.000770
0.000770
0.000770
0.000770
-0.039506
-0.012659
0.014199
-0.026090
0.014201
0.014199
-0.039523
0.000770
0.027634
-0.026094
0.027634
-0.012661
0.027630
0.000770
-0.039523
0.000770
0.027634
-0.012661
0.014201
0.000770
-0.012661
0.041057
-0.012657
0.041047
-0.012654
-0.012655
0.000770
0.014196
0.014194
-0.012654
-0.012655
0.000770
-0.026086
0.014199
-0.012659
0.014199
0.000770
0.000770
0.000770
0.014197
0.000770
0.014196
-0.039512
-0.026094
0.027634
-0.012661
0.014201
0.000770
0.000770
0.000770
-0.012661
0.000770
0.000770
0.014201
0.000770
-0.012661
-0.012663
0.000770
0.014203
0.000770
0.014201
0.014199
-0.012659
-0.012661
0.000770
0.014201
0.000770
-0.012661
0.027630
-0.012659
-0.012661
0.014201
-0.012661
0.014201
0.000770
-0.012661
0.000770
0.000770
0.027630
0.000770
0.000770
-0.012659
-0.012661
0.014201
0.000770
0.014199
-0.012659
0.000770
0.000770
0.000770
0.000770
0.000770
0.000770
-0.012661
0.014201
-0.012661
0.000770
0.014201
0.000770
-0.012661
-0.026097
0.027637
0.014201
-0.012661
0.014201
0.000770
0.014199
-0.026090
0.000770
0.027630
-0.012659
0.014199
-0.012659
-0.012661
0.014201
0.014199
-0.012659
-0.012661
-0.012663
0.000770
0.000770
0.000770
-0.039539
0.000770
0.014208
-0.012668
0.027645
0.000770
-0.026104
0.000770
0.014208
0.000770
0.000770
0.000770
0.014206
0.027637
-0.012663
0.014203
-0.026097
0.014205
-0.026101
-0.012668
0.000770
-0.012670
0.027648
0.000770
0.000770
-0.026108
0.000770
0.000770
0.000770
0.000770
0.027648
-0.026108
0.014210
-0.026112
0.014212
0.014210
-0.026112
0.054526
0.014205
-0.039539
-0.026112
0.014212
0.014210
0.027645
-0.039544
-0.026115
0.014214
0.041090
-0.012668
-0.012670
0.041085
-0.012666
0.014206
-0.026104
0.014208
0.014206
0.014205
0.000770
-0.012664
0.014205
0.000770
0.094761
0.014190
-0.039496
0.014194
0.027612
-0.012650
-0.012652
0.027612
-0.012650
0.041025
-0.012646
-0.012648
-0.026072
0.000770
-0.026079
0.027619
-0.012654
0.014194
-0.012654
0.000770
0.027616
0.014190
0.014188
0.000770
0.000770
-0.012648
0.014188
0.014187
0.000770
0.000770
0.000770
0.000770
0.000770
0.054418
0.014178
-0.012637
0.014178
0.014176
0.027576
-0.026036
0.014174
0.027573
-0.012630
0.000770
0.000770
0.027569
-0.026029
0.000770
0.000770
-0.012632
0.014172
0.000770
-0.039442
0.014176
-0.012636
0.000770
0.027580
0.027573
0.000770
0.000770
0.067745
-0.026014
0.014163
0.000770
0.000770
0.014161
-0.026014
0.014163
0.014161
-0.039409
0.000770
-0.012627
-0.039431
0.027573
-0.026032
0.054368
-0.012627
0.014167
0.000770
0.014165
0.000770
0.000770
0.000770
0.040944
-0.026011
-0.012623
0.014163
-0.026018
-0.026025
0.014169
0.014167
-0.026025
0.094522
-0.106382
-0.026036
0.040977
0.054353
0.067709
-0.200181
0.054397
0.014172
-0.012632
-0.039447
-0.026050
-0.039474
0.108052
0.054368
-0.012627
-0.039431
-0.093095
0.014185
-0.120027
0.054476
0.041030
-0.012648
0.014188
0.027601
0.027594
-0.052885
-0.026068
0.000770
-0.039501
-0.012657
-0.039523
0.027634
0.041052
0.014194
0.027612
0.000770
-0.012650
0.014190
-0.012650
0.027609
0.000770
0.054425
-0.026054
-0.012645
0.014185
-0.039479
-0.120076
0.000770
-0.026104
0.067943
-0.066403
0.027645
0.041068
-0.039528
-0.039544
0.041085
0.027637
0.014201
-0.026094
-0.012664
0.027637
-0.079853
0.054526
0.027637
0.054483
0.041036
-0.052921
0.027619
-0.012654
-0.012655
0.014196
0.014194
0.027612
0.000770
0.000770
-0.093209
0.027630
-0.012659
0.000770
-0.026094
0.000770
-0.026101
-0.052993
-0.133765
-0.120467
0.041199
-0.039658
-0.026191
-0.120646
0.068242
-0.026213
-0.093729
-0.012737
0.122269
0.041237
-0.026206
0.000770
-0.053204
0.068233
-0.026210
-0.053211
-0.093767
0.054802
0.014274
0.027772
0.041259
-0.080223
0.000770
0.014274
0.014272
0.068251
0.027750
0.000770
0.041226
0.027732
-0.012710
0.027728
-0.080125
-0.026210
0.054722
-0.053182
-0.012722
-0.039718
-0.012730
-0.066756
0.027786
-0.012737
0.014277
0.014275
-0.012735
-0.066784
-0.012746
-0.026268
-0.066857
-0.053364
-0.026308
0.027848
-0.107587
-0.121272
-0.012799
0.027907
0.014336
0.000770
-0.012796
-0.012797
0.027903
-0.026363
0.014338
0.000770
0.027900
0.000770
-0.012794
0.014334
0.027892
0.027885
0.014325
0.000770
0.014323
0.000770
0.014321
0.014319
-0.053438
0.014325
-0.012785
-0.012786
0.014327
0.041429
-0.012781
-0.026338
-0.012786
0.000770
-0.012788
-0.012790
0.014330
0.000770
0.014329
-0.012788
-0.026352
0.014332
-0.012792
0.000770
0.000770
-0.012794
0.055015
0.014327
-0.012786
0.014327
0.000770
0.000770
-0.012786
0.000770
0.014327
-0.026345
0.000770
0.027885
-0.012786
0.041434
-0.012783
0.000770
-0.012785
0.014325
0.014323
0.014321
0.000770
0.000770
-0.012781
-0.026338
0.000770
0.000770
0.000770
0.027878
END
