y[]
-0.064803
0.027691
-0.025170
-0.025177
-0.064864
-0.025202
0.067402
-0.117827
-0.078210
-0.091535
0.107305
-0.078263
-0.197824
-0.065189
-0.051931
-0.171808
0.054544
-0.212045
-0.065491
0.081356
-0.225845
0.041375
-0.105749
0.001260
0.081528
0.001260
-0.012113
-0.172757
0.001260
0.001260
-0.012138
-0.025542
0.001260
0.028063
0.014659
-0.012138
0.014659
0.001260
-0.012138
-0.025542
-0.038957
0.028074
0.001260
0.001260
0.028066
0.041456
0.041440
0.001260
0.081571
0.041391
-0.012115
-0.025495
0.014639
-0.065652
0.001260
0.041413
-0.038892
0.028031
0.001260
0.001260
0.001260
0.001260
0.014643
0.001260
-0.012122
-0.012124
0.028027
-0.012122
0.028023
0.014639
-0.025499
0.001260
-0.012122
-0.012124
0.001260
0.028027
-0.038892
0.014646
0.054786
0.041386
0.041370
-0.012108
0.027995
0.014625
0.014623
0.001260
-0.012102
0.001260
0.014623
0.014621
0.081389
0.027955
0.067967
-0.052101
-0.012085
-0.025435
-0.025442
0.001260
0.041311
0.027952
0.014603
0.041279
0.001260
0.041263
0.001260
0.001260
-0.012072
0.001260
0.001260
-0.038748
-0.012079
-0.012081
-0.012083
-0.025431
0.027952
-0.025431
-0.025438
0.094675
-0.012079
0.041274
0.014595
0.014593
0.014591
-0.025403
0.001260
0.001260
-0.025410
0.001260
0.027931
-0.012074
0.041258
-0.012070
0.027920
0.027913
-0.052052
0.014591
0.001260
0.054565
-0.052045
0.001260
0.027916
0.001260
0.014586
0.041226
0.027895
0.001260
0.001260
-0.012056
0.001260
0.014577
0.014575
0.001260
-0.052009
0.027899
-0.038700
-0.012063
0.001260
0.001260
0.001260
0.001260
0.001260
-0.038721
-0.025403
-0.012074
0.014595
0.014593
0.001260
-0.012072
0.001260
0.027923
0.001260
0.014589
0.014587
-0.012067
0.014587
-0.025396
-0.012070
0.054572
-0.012065
0.027909
-0.025389
0.014586
-0.012065
-0.012067
-0.012069
0.014589
-0.025399
-0.012072
0.014593
-0.025406
0.001260
0.027927
0.014591
-0.025403
-0.025410
-0.025417
-0.012081
-0.012083
0.001260
0.014603
-0.025428
0.001260
0.001260
-0.038785
-0.025445
-0.025453
0.054679
0.041306
0.014605
0.054622
0.041263
-0.038742
-0.012077
-0.025421
0.001260
-0.012083
0.001260
0.081292
-0.012074
-0.038753
-0.012081
-0.065473
0.014611
0.041300
-0.012085
-0.012086
-0.052144
-0.025453
0.094725
0.041290
0.054608
0.001260
-0.052087
-0.038769
-0.025435
0.027955
0.001260
0.027948
-0.012083
0.001260
0.081292
0.001260
0.067905
0.027906
-0.038710
-0.038726
-0.025406
0.001260
-0.065437
0.014603
0.001260
0.014602
0.001260
0.014600
-0.025421
0.067949
0.081228
-0.025389
-0.038726
-0.012072
-0.012074
0.014595
-0.078772
0.014603
0.027941
0.027934
-0.025413
0.014598
0.041263
-0.025406
-0.012076
-0.052101
0.041284
-0.065455
0.001260
0.014607
-0.078846
-0.065544
0.014625
0.014623
-0.092316
-0.119181
0.094950
-0.052266
0.028027
-0.038892
-0.092492
0.121783
-0.012124
-0.052294
-0.025528
0.028048
-0.038924
0.001260
0.001260
-0.012138
0.028056
-0.052337
0.001260
0.068253
0.041434
-0.012129
0.001260
0.188551
0.027988
0.054693
-0.052173
-0.012102
0.001260
0.014623
0.001260
0.001260
0.054693
-0.065535
0.041343
-0.012099
0.001260
-0.025463
-0.025470
-0.092354
0.028016
0.014636
0.081474
0.041343
-0.025460
0.027980
-0.092291
-0.065616
0.054765
-0.038865
0.041386
-0.012113
-0.092404
0.094925
-0.065634
0.001260
0.028023
0.041391
-0.012115
-0.012117
0.081496
0.068074
0.027973
-0.038812
0.081389
0.081324
0.027934
0.027927
0.107856
-0.012058
-0.012060
-0.012061
-0.012063
0.174328
0.014561
-0.038647
0.014564
-0.025350
-0.025357
-0.051995
0.027892
-0.012054
-0.038694
0.041215
0.001260
-0.038694
0.001260
-0.038710
0.041231
0.067843
-0.038684
0.014577
0.107728
0.014561
-0.051952
-0.012047
0.014568
-0.078612
0.107742
0.174052
-0.038588
0.107488
-0.051839
-0.105024
-0.158378
-0.052009
-0.145377
-0.052116
-0.078857
0.174767
-0.012076
0.107899
0.161005
-0.238452
-0.118812
-0.012090
-0.025445
0.161388
-0.012074
-0.025413
0.054601
0.027920
0.001260
0.001260
0.067878
0.174259
0.120854
-0.025304
-0.091769
0.027849
-0.065225
0.107615
0.041114
0.014541
0.133974
0.107305
-0.011989
-0.078273
0.001260
-0.038530
-0.078368
0.054353
0.120616
0.067507
0.107165
0.014490
-0.011970
0.027719
0.014487
-0.051657
0.027722
-0.051671
0.159970
0.001260
-0.051615
0.014482
-0.038409
-0.091363
-0.025219
-0.117984
0.080773
-0.171096
0.014529
-0.038551
-0.038567
0.054360
0.107375
-0.038520
0.041040
-0.011998
-0.025261
0.001260
-0.038535
0.067578
-0.012000
0.041035
0.054269
0.080720
-0.038462
-0.131260
-0.091609
0.054339
-0.025275
-0.012010
-0.118254
0.014547
-0.038604
-0.051917
-0.012038
0.134168
-0.078463
0.041130
0.014547
0.094216
-0.012014
-0.091707
-0.025318
0.173892
-0.065101
-0.025297
-0.025304
-0.171578
-0.091930
-0.012060
0.067843
-0.211959
0.121252
0.094488
0.027881
0.027874
0.094352
-0.251618
-0.038726
-0.038742
0.147859
-0.132002
-0.132180
-0.025449
0.027970
0.054658
-0.038785
-0.199207
-0.119214
0.094975
0.108255
-0.052223
-0.038871
0.161688
0.294711
-0.092017
-0.078761
-0.012083
0.081292
-0.092117
-0.159017
0.094787
0.214708
-0.065393
0.014595
-0.038748
0.027934
0.014595
0.001260
0.027923
0.027916
0.001260
0.067869
-0.025378
-0.012061
0.027902
-0.012060
0.001260
0.041215
0.041199
-0.025364
0.001260
-0.012054
0.014575
-0.012054
0.160920
-0.051931
-0.012042
0.014563
-0.012042
0.027863
0.081026
0.001260
0.001260
-0.038615
0.001260
0.001260
0.001260
0.014554
0.001260
0.014552
-0.012031
0.001260
-0.012033
-0.025332
-0.038641
0.027863
0.001260
0.027856
0.001260
0.027849
0.014552
0.027838
0.041114
0.001260
0.001260
0.014541
0.001260
0.001260
-0.025304
0.001260
-0.025311
0.014547
-0.012026
0.001260
0.014547
0.001260
0.001260
-0.012026
0.014547
-0.038604
-0.025325
0.041135
0.041120
0.001260
0.014543
-0.038594
0.027831
-0.012024
-0.065189
0.027845
-0.038620
-0.051938
0.027863
-0.078569
-0.025364
0.014573
-0.052002
0.041210
-0.025371
0.001260
0.027892
-0.012054
-0.052016
-0.132055
0.014600
0.027934
-0.052094
0.001260
0.067949
-0.052087
0.001260
0.041274
-0.012076
-0.212358
0.014625
0.068056
0.027966
0.081335
-0.025424
-0.012085
0.027948
0.041279
0.027931
-0.038748
-0.012079
0.014600
-0.078804
-0.012090
-0.065518
0.014620
0.027973
0.041316
0.001260
0.014609
0.001260
-0.012088
0.001260
0.027955
0.001260
-0.025435
0.054644
0.014602
0.041274
0.001260
0.001260
-0.012076
0.027931
-0.012074
0.001260
0.014595
-0.012074
0.041258
-0.025403
0.014593
-0.012072
0.027923
-0.025403
-0.038748
0.001260
-0.025421
0.014602
0.014600
-0.012079
0.001260
0.001260
0.001260
0.001260
-0.012081
0.001260
-0.012083
0.014603
-0.012083
-0.038780
0.041300
-0.012085
0.001260
0.041290
-0.012081
0.014602
-0.038769
0.014605
0.014603
0.014602
0.027938
-0.012077
0.001260
-0.025421
0.014602
0.014600
-0.025421
0.014602
0.014600
0.001260
0.041268
0.014593
0.014591
-0.012070
0.027920
0.014587
0.001260
0.001260
0.014586
-0.012065
0.027909
-0.052045
0.041242
-0.038721
0.027916
0.027909
0.054537
-0.025374
0.041210
-0.012054
0.027888
0.014572
-0.012051
-0.012053
0.014573
0.041188
-0.012047
-0.012049
-0.012051
0.027881
-0.025360
0.001260
0.001260
-0.025367
-0.052016
-0.025389
-0.012067
-0.052066
0.027927
END
