y[]
0.035826
0.035813
0.023879
0.071538
0.059581
0.000032
-0.047604
-0.011880
0.011945
0.000032
-0.011880
0.000032
-0.131100
-0.011897
-0.047700
0.083550
0.023882
0.000032
-0.071533
0.000032
0.000032
0.071597
-0.035744
-0.167092
-0.023865
-0.011919
0.047828
-0.035812
-0.035825
0.011986
0.035885
0.035873
0.011976
0.000032
0.035855
0.023907
-0.047723
0.035851
-0.047729
-0.011911
0.011976
-0.035803
0.095566
-0.023843
0.011971
0.035838
0.071606
0.023879
-0.011890
0.023876
-0.011889
-0.035739
-0.011894
0.011959
0.035804
0.083450
0.011944
-0.035705
-0.023800
0.023865
-0.023800
-0.047649
0.000032
0.059631
0.000032
-0.131131
0.000032
0.035821
-0.023825
-0.035765
0.023899
0.023893
0.011961
0.047731
0.000032
-0.083455
0.011963
-0.095456
0.071657
-0.083535
0.035855
0.000032
0.000032
-0.047735
0.059737
0.143179
-0.023811
-0.011892
-0.035748
-0.011897
-0.023831
-0.011901
0.035830
0.000032
-0.023831
0.023896
0.011962
-0.011897
0.000032
0.011962
-0.011897
0.000032
0.023890
0.011959
-0.047683
-0.011900
0.011965
0.000032
0.011963
0.011962
-0.023828
-0.071584
0.000032
0.000032
0.011972
-0.023848
0.000032
0.000032
-0.023854
0.011976
0.011975
0.000032
-0.035799
0.035864
-0.011910
0.023916
0.000032
0.000032
0.011972
-0.047735
0.023919
0.000032
-0.011910
0.023916
0.000032
-0.011909
0.000032
-0.011910
-0.011911
0.011976
0.000032
0.000032
0.011975
0.000032
0.011973
0.023910
-0.023845
-0.011909
0.000032
-0.023854
0.000032
0.035860
-0.107488
0.011985
0.023933
0.000032
0.000032
-0.011917
0.011982
0.011981
0.047811
0.011973
-0.023851
-0.023857
0.011978
-0.011913
0.000032
0.023922
0.023916
0.000032
0.011972
0.011971
0.035838
0.023896
0.000032
-0.011899
-0.023834
0.023899
-0.011900
-0.023837
-0.011904
0.000032
0.000032
0.011969
0.011968
0.000032
0.000032
-0.059658
0.000032
0.000032
0.011973
0.023910
0.000032
0.011969
0.023902
0.000032
0.011965
0.011963
0.000032
0.011962
0.000032
-0.011897
0.011962
0.000032
0.000032
0.035813
-0.011893
0.000032
-0.011894
0.011959
0.000032
0.011958
-0.035748
0.000032
0.000032
0.011961
0.000032
0.011959
-0.011894
0.000032
0.000032
-0.023825
0.023890
0.011959
0.011958
0.000032
-0.011893
0.011958
-0.011893
-0.011894
0.011959
-0.011894
0.023885
0.011956
-0.011892
0.011956
0.000032
-0.035744
-0.011896
0.047737
0.011955
-0.011890
0.011955
0.000032
-0.011890
-0.035744
0.000032
0.000032
-0.011896
0.000032
0.023887
-0.011894
0.000032
0.011959
0.011958
0.011956
0.023876
0.023870
-0.011886
-0.023808
-0.011890
0.011955
0.011953
0.000032
0.000032
0.011952
-0.023808
0.011953
0.000032
-0.011889
-0.011890
0.000032
0.000032
0.000032
-0.011892
-0.011893
0.047725
-0.011889
0.047708
-0.023803
0.000032
-0.023808
0.023873
0.000032
0.000032
0.023867
0.000032
-0.011884
0.000032
0.000032
-0.011886
0.000032
0.011951
-0.011886
0.011951
0.011949
-0.047643
-0.011890
0.047714
-0.047649
-0.011892
-0.023820
-0.023825
-0.047700
-0.011904
0.035838
-0.023837
-0.023843
-0.011907
0.000032
-0.011909
-0.023854
-0.011913
-0.023862
0.035873
0.011976
0.023916
0.000032
0.035847
0.000032
0.023902
0.011965
0.000032
0.011963
0.000032
-0.035765
0.083540
-0.011893
0.011958
0.023879
-0.011890
-0.011892
0.000032
-0.011893
-0.035752
0.011962
0.011961
0.023885
-0.023820
-0.035756
0.023893
0.023887
0.011958
0.035800
0.011952
0.000032
0.011951
0.000032
0.047691
0.000032
0.011944
0.035757
-0.011875
0.000032
-0.011876
0.011941
-0.023786
0.000032
-0.011879
0.011944
0.000032
-0.011879
0.011944
-0.011879
0.000032
0.023853
-0.023788
-0.023794
0.000032
0.000032
0.011946
0.000032
0.035766
0.011941
0.047651
0.059524
0.011927
-0.047553
0.011931
-0.011866
-0.011867
-0.011869
0.035732
0.000032
0.011929
0.023822
0.023816
0.047584
-0.035629
0.011921
0.000032
0.011919
0.011918
0.000032
0.023799
-0.011850
-0.011852
0.000032
0.000032
0.011917
0.011915
0.011914
-0.023732
-0.047513
0.023808
0.000032
-0.011855
-0.023746
0.000032
0.011922
0.000032
-0.011858
0.000032
0.011922
-0.035642
-0.023757
-0.011865
-0.023766
0.011932
0.011931
0.000032
-0.011866
-0.011867
-0.035676
0.035740
-0.035676
0.000032
-0.011873
-0.035693
0.011942
0.000032
0.000032
-0.011877
-0.011879
-0.035710
-0.035722
0.011952
0.011951
0.000032
-0.035727
0.000032
0.047708
0.059595
0.011941
0.047651
0.071418
0.035706
-0.095126
-0.083306
-0.107219
-0.023817
-0.035752
-0.143234
0.059752
-0.035795
-0.131444
-0.167552
0.035967
0.023982
-0.047872
-0.035911
-0.011952
-0.023940
-0.011956
0.071940
0.047942
-0.023920
0.012009
0.035954
-0.011940
-0.107784
0.071923
0.107772
0.000032
0.023959
-0.023894
0.035920
0.011992
-0.023888
-0.023894
-0.011933
-0.011934
0.047891
0.119578
-0.011916
0.071700
0.023910
-0.023845
0.023910
-0.023845
0.071649
-0.047706
-0.059673
-0.047757
0.047822
0.011976
0.000032
0.011975
0.095521
-0.011899
-0.047706
-0.035786
0.059723
0.047759
-0.083505
0.059709
-0.083525
0.095521
-0.011899
0.083520
0.023873
0.011951
-0.047649
-0.011892
-0.035748
0.023887
-0.071550
-0.023840
0.000032
-0.011906
0.000032
0.047776
-0.011901
0.023899
0.011963
-0.059637
0.000032
-0.023845
0.011972
0.059709
-0.011900
0.035826
-0.011897
-0.035765
-0.083545
0.011976
0.000032
0.011975
-0.083595
-0.035829
-0.011924
0.023944
-0.023880
-0.023885
-0.011929
0.047868
0.035894
-0.047786
0.023944
0.035890
-0.035825
0.011986
0.023936
-0.023871
0.000032
0.000032
-0.011921
-0.071721
0.095692
0.059773
-0.011913
0.023922
0.035855
0.023907
0.000032
0.035834
-0.023834
0.011966
0.023896
-0.059637
0.059702
-0.011899
-0.011900
-0.035774
-0.059673
0.023919
0.071657
-0.035774
0.011969
-0.011904
0.011969
0.000032
0.011968
-0.023840
0.000032
0.011969
0.000032
0.000032
0.000032
0.035834
0.011963
-0.011899
-0.035769
-0.011904
-0.011906
-0.011907
0.000032
0.000032
-0.011909
0.000032
-0.011910
-0.011911
0.000032
0.000032
-0.023860
-0.011916
0.000032
0.035873
-0.023860
-0.023865
0.011982
-0.011917
0.011982
-0.011917
-0.047780
0.059795
0.000032
0.011981
0.000032
-0.011916
0.023927
-0.035812
0.000032
0.023930
-0.011916
0.000032
0.011981
0.000032
0.000032
0.000032
-0.023865
0.011982
0.000032
0.035873
-0.011913
0.000032
-0.023862
0.011981
-0.011916
0.000032
0.000032
0.000032
-0.011917
0.000032
0.000032
0.011982
-0.011917
-0.011919
0.000032
0.023933
0.000032
0.000032
-0.011917
0.011982
0.011981
0.000032
-0.011916
0.000032
-0.011917
0.000032
-0.011919
0.011983
-0.011919
0.000032
0.011983
0.011982
0.000032
-0.011917
0.000032
-0.011919
0.000032
0.000032
-0.011920
0.011985
0.011983
-0.011919
0.000032
0.011983
0.000032
-0.023871
0.011985
0.011983
0.000032
0.000032
0.000032
0.000032
0.011982
0.000032
0.000032
-0.023868
0.023933
0.000032
0.000032
0.011981
-0.023865
0.000032
-0.011919
0.011983
-0.011919
0.000032
0.000032
-0.023874
0.011986
0.011985
0.000032
0.000032
0.000032
-0.011920
0.000032
0.000032
0.035885
0.000032
0.000032
0.011981
0.000032
0.000032
0.000032
0.011979
0.000032
-0.011914
0.011979
0.000032
0.011978
0.023919
0.011973
0.000032
0.023910
0.023904
0.000032
-0.011903
0.011968
-0.047717
0.011972
0.011971
0.000032
0.000032
0.011969
END
