y[]
-0.024839
-0.000332
-0.012588
-0.000332
-0.000332
0.011924
0.024175
-0.012585
0.024172
-0.024836
-0.012586
-0.012588
0.011924
-0.061625
-0.024860
0.060976
-0.024851
-0.024857
0.048712
-0.024851
0.036444
-0.061633
-0.000332
0.024193
0.036444
-0.012589
-0.000332
-0.000332
-0.037113
0.011930
-0.024857
-0.024863
-0.012600
-0.000332
-0.024872
0.024208
-0.012601
0.024205
-0.012600
-0.012601
-0.012603
-0.000332
-0.024878
0.011942
-0.000332
0.024211
0.011937
0.011936
0.011934
-0.000332
-0.012598
-0.012600
0.024202
0.011933
0.048712
-0.012591
0.024184
-0.024848
0.011927
-0.000332
-0.012591
-0.000332
0.011927
-0.037113
-0.000332
-0.000332
-0.086206
-0.049436
0.011946
0.011945
0.011943
-0.000332
-0.000332
0.024214
-0.000332
-0.000332
-0.000332
0.011939
-0.024875
-0.012606
0.036485
-0.024875
-0.012606
0.024214
0.011939
-0.000332
0.024205
-0.000332
-0.000332
-0.012600
-0.037144
0.011940
0.024208
0.024202
-0.012598
-0.012600
0.036466
0.011931
-0.000332
0.024190
-0.012592
-0.000332
0.011928
-0.000332
-0.012592
0.011928
-0.000332
-0.012592
-0.012594
0.011930
-0.000332
-0.012594
0.011930
0.024187
-0.000332
0.011925
0.011924
-0.000332
-0.000332
0.011922
-0.037099
0.011925
-0.000332
-0.012589
0.011925
0.011924
-0.024845
0.011925
0.024178
-0.012586
-0.024845
-0.024851
-0.037122
0.024196
0.048706
-0.000332
-0.012589
-0.037113
-0.000332
-0.012595
-0.000332
0.011931
0.011930
0.036444
-0.024848
-0.000332
-0.012592
-0.000332
0.024187
-0.012591
-0.012592
0.011928
0.036439
0.036426
0.085384
0.011907
0.024142
0.060826
-0.000332
-0.012561
0.048574
0.011891
0.048544
-0.000332
0.036309
-0.024758
0.036305
-0.036969
-0.012547
0.011883
-0.061423
0.024109
-0.012552
-0.024776
-0.012556
-0.024785
0.011895
0.036341
-0.000332
-0.012555
0.024112
0.024106
-0.000332
0.048526
-0.000332
-0.036973
0.024097
0.048508
-0.024749
-0.000332
-0.000332
-0.012543
-0.012544
-0.012546
-0.000332
-0.000332
0.036305
0.036291
-0.012538
-0.012540
0.011876
-0.000332
-0.000332
-0.012540
-0.000332
0.011876
-0.024749
-0.012543
0.011879
0.036291
-0.012538
0.036282
-0.024740
-0.000332
-0.012538
0.024079
-0.012537
0.011873
-0.024743
-0.012540
0.048490
0.011870
-0.012534
-0.024740
0.011873
0.024073
0.024067
-0.012531
0.024064
0.011864
-0.012528
-0.024728
0.011867
0.024061
0.036247
-0.024716
0.024052
-0.012523
0.024049
-0.024713
-0.024719
-0.024725
-0.000332
0.011865
-0.000332
0.024058
-0.000332
0.011861
-0.000332
0.072794
0.011850
0.024028
0.024023
-0.036866
-0.000332
0.024025
-0.024690
0.011847
-0.024693
0.036207
-0.000332
0.024020
-0.024684
0.011844
-0.012509
-0.012510
-0.012512
-0.000332
-0.012513
-0.012515
0.036211
0.024023
0.024017
0.011840
-0.000332
-0.012504
-0.024681
-0.012509
-0.000332
0.011844
-0.061230
-0.000332
-0.000332
0.024031
-0.000332
-0.061252
-0.000332
-0.036902
-0.012525
-0.000332
0.011861
-0.012525
-0.012526
-0.000332
-0.073530
0.011871
-0.024740
0.011873
0.024073
-0.024737
-0.012537
0.011873
-0.012537
-0.000332
-0.012538
-0.000332
-0.000332
0.024079
0.011871
-0.000332
-0.000332
0.011870
-0.000332
-0.024737
-0.000332
-0.024743
0.011874
-0.012538
-0.012540
-0.000332
-0.024752
-0.012544
-0.000332
0.011880
-0.000332
-0.000332
0.011879
-0.000332
-0.000332
0.011877
-0.012541
-0.000332
-0.000332
-0.000332
-0.012543
0.011879
0.011877
-0.000332
-0.000332
0.024082
-0.000332
-0.012538
-0.000332
-0.000332
-0.000332
-0.000332
-0.024749
0.024085
-0.012540
0.011876
-0.000332
-0.000332
-0.024749
0.024085
-0.012540
-0.012541
-0.012543
0.036296
-0.012540
-0.000332
-0.024752
0.024088
-0.000332
-0.000332
-0.012541
0.011877
-0.000332
-0.000332
-0.000332
-0.000332
-0.000332
-0.000332
-0.000332
-0.000332
-0.000332
0.011876
-0.000332
-0.000332
-0.000332
-0.012540
0.011876
-0.000332
0.011874
-0.000332
-0.000332
-0.012538
-0.000332
0.011874
-0.000332
-0.000332
-0.000332
-0.012538
0.011874
-0.000332
-0.000332
0.011873
0.011871
0.011870
-0.000332
-0.036942
-0.000332
-0.012538
-0.000332
-0.000332
-0.012540
0.011876
-0.024749
0.011877
-0.000332
-0.000332
-0.024752
-0.000332
-0.000332
-0.000332
-0.000332
0.011879
-0.000332
-0.000332
-0.012543
-0.012544
-0.000332
0.011880
-0.012544
-0.012546
0.011882
-0.000332
-0.000332
-0.000332
-0.012546
0.011882
-0.012546
-0.000332
0.011882
-0.012546
-0.000332
-0.000332
-0.000332
-0.012547
0.011883
-0.000332
-0.000332
-0.000332
-0.000332
-0.024764
-0.012550
-0.000332
0.011886
0.011885
-0.000332
-0.012549
-0.000332
-0.000332
-0.000332
0.011885
-0.012549
-0.012550
-0.000332
0.011886
-0.000332
-0.012550
-0.000332
-0.000332
-0.000332
-0.000332
-0.000332
0.011886
-0.012550
0.024103
0.011883
-0.012547
0.011883
-0.000332
0.011882
0.011880
0.011879
-0.024755
-0.012546
-0.000332
-0.000332
0.024094
-0.012544
0.011880
-0.000332
-0.000332
-0.000332
-0.000332
-0.012544
-0.036978
0.011885
-0.000332
-0.024767
0.011886
0.011885
0.024097
-0.024761
-0.000332
0.024097
-0.024761
-0.012549
-0.000332
-0.012550
-0.000332
0.011886
-0.024770
-0.000332
-0.000332
-0.024776
0.011891
-0.037005
-0.012559
0.060789
-0.012553
0.011889
-0.012553
-0.012555
-0.012556
-0.012558
0.011894
0.036336
-0.000332
-0.000332
-0.024776
-0.024782
0.011894
-0.012558
0.036341
-0.012555
0.011891
-0.000332
-0.000332
-0.000332
-0.012555
0.036332
-0.000332
0.011886
-0.012550
-0.000332
-0.000332
0.024103
-0.000332
0.011883
-0.000332
-0.012547
-0.012549
0.036314
-0.012546
0.011882
0.011880
-0.012544
-0.000332
-0.000332
-0.012546
-0.024764
0.011885
-0.000332
0.024097
-0.000332
-0.012546
-0.000332
-0.012547
-0.000332
-0.000332
0.011883
-0.000332
-0.000332
-0.000332
-0.000332
-0.000332
-0.024764
0.011885
-0.000332
-0.000332
-0.000332
-0.000332
-0.000332
-0.000332
0.011883
-0.000332
0.011882
-0.000332
-0.024761
0.024097
0.011880
0.011879
-0.024755
-0.000332
-0.000332
-0.000332
0.024091
-0.000332
0.011877
-0.012541
-0.000332
-0.012543
0.048502
0.024076
0.011870
-0.000332
-0.000332
-0.000332
0.011868
-0.012532
-0.049148
0.048484
-0.012534
-0.000332
0.011870
-0.012534
-0.012535
-0.012537
-0.036955
-0.024755
-0.024761
0.011883
-0.012547
0.024097
-0.012546
-0.049202
-0.000332
0.011888
-0.012552
0.011888
0.011886
0.011885
-0.024767
0.011886
-0.000332
-0.024770
0.011888
-0.012552
0.011888
0.011886
-0.000332
-0.000332
-0.000332
0.011885
0.048520
-0.000332
-0.000332
0.011877
-0.000332
-0.024752
-0.024758
0.036305
0.011877
-0.134716
-0.012558
-0.061483
0.073044
-0.000332
-0.012558
0.036341
-0.049232
-0.024791
-0.049268
0.024139
-0.049280
-0.012573
-0.024818
-0.037072
-0.024833
0.060909
0.011912
0.024151
-0.024815
-0.012576
-0.037072
0.036408
-0.073825
-0.024842
-0.037108
-0.000332
0.024187
-0.012591
0.036439
0.011922
-0.024842
-0.049370
-0.000332
0.060961
0.048676
-0.024833
0.011919
0.048658
-0.037072
0.011916
0.011915
-0.024827
0.048652
0.024151
-0.000332
0.011907
0.011906
0.036372
-0.012565
-0.012567
-0.012568
-0.000332
0.036372
0.011900
0.011898
-0.000332
-0.012562
-0.012564
-0.000332
0.036358
0.011895
-0.000332
-0.024788
-0.000332
-0.000332
-0.000332
-0.037027
-0.000332
0.024133
-0.000332
-0.000332
-0.000332
0.024127
0.073009
-0.012552
-0.024776
-0.024782
0.024118
-0.024782
0.011894
-0.000332
0.024115
-0.000332
0.011889
-0.037000
-0.012558
0.011894
0.024115
0.011889
0.011888
-0.024773
END
