y[]
-0.012108
0.012042
0.012041
0.012039
-0.000033
-0.024179
0.012041
-0.036258
0.012044
-0.000033
-0.000033
0.012042
-0.012108
-0.024187
-0.000033
0.012045
-0.012111
-0.024193
0.024128
-0.012112
-0.012114
0.012048
-0.000033
0.024125
-0.024190
0.048276
0.012041
-0.000033
0.012039
0.012038
0.048236
-0.036232
-0.000033
-0.012102
-0.012103
0.012038
0.012037
-0.024173
0.012038
-0.048324
-0.060430
-0.012117
0.036214
0.012047
0.012045
0.012044
-0.000033
0.012042
0.012041
-0.012106
-0.000033
0.012041
0.012039
-0.012105
0.012039
0.012038
-0.012103
-0.012105
0.012039
-0.012105
-0.000033
0.012039
-0.036254
-0.000033
-0.000033
-0.012109
-0.012111
-0.000033
-0.000033
0.012045
0.012044
-0.000033
-0.024187
0.012045
-0.000033
-0.000033
-0.000033
-0.012111
-0.012112
-0.000033
-0.000033
-0.000033
-0.000033
0.012047
-0.000033
-0.000033
0.012045
-0.012111
0.012045
-0.000033
-0.000033
-0.000033
-0.000033
0.012044
-0.000033
-0.000033
-0.036267
0.012047
0.012045
-0.000033
-0.012111
0.012045
-0.024190
0.012047
0.012045
-0.024190
-0.000033
0.012047
0.012045
-0.012111
-0.012112
0.012047
-0.024193
-0.012115
-0.000033
-0.000033
-0.000033
-0.048377
0.024142
0.012053
-0.012118
-0.012120
-0.048395
-0.012127
-0.012128
0.048341
-0.000033
0.012057
0.012055
-0.000033
-0.000033
-0.012121
-0.000033
-0.000033
0.012055
-0.084681
-0.024231
0.024166
0.012064
0.036250
-0.000033
-0.000033
-0.012125
0.024151
-0.012124
-0.036315
-0.000033
-0.012130
0.012064
-0.012130
-0.012131
-0.000033
0.036258
-0.024225
-0.000033
0.024160
0.048335
-0.048400
0.012061
0.012060
-0.072610
0.024166
-0.024231
0.012067
0.024163
0.048341
-0.012124
-0.000033
-0.096815
0.084657
-0.000033
0.036241
-0.036306
0.012060
0.012058
0.024145
-0.012121
0.024142
-0.048389
0.024148
-0.024214
0.012058
0.012057
-0.024214
0.012058
-0.012124
-0.012125
0.012060
0.024148
-0.000033
-0.024214
-0.000033
-0.000033
-0.012125
-0.012127
-0.012128
-0.012130
0.036254
-0.000033
-0.012127
-0.000033
0.024154
0.012058
-0.012124
0.012058
-0.000033
-0.012124
-0.012125
0.012060
-0.012125
0.024151
0.060401
-0.048377
-0.012122
-0.000033
-0.000033
0.012057
-0.000033
0.012055
-0.012121
0.012055
-0.000033
-0.012121
0.012055
0.012054
-0.012120
-0.000033
-0.024211
0.036232
-0.024208
-0.000033
0.012055
0.012054
-0.000033
-0.000033
-0.000033
-0.000033
0.012053
0.024134
-0.012115
-0.012117
0.012051
-0.012117
-0.000033
-0.000033
0.012051
0.024131
-0.000033
0.012047
-0.036276
-0.000033
0.012050
-0.000033
-0.000033
-0.012115
-0.024202
-0.024208
0.024142
0.012053
-0.000033
-0.012118
0.024136
-0.012117
0.012051
-0.000033
-0.024202
0.012053
0.012051
-0.012117
0.012051
-0.000033
-0.000033
-0.000033
-0.024202
0.024136
-0.036289
0.012054
0.012053
0.012051
-0.000033
0.024131
0.024125
-0.036271
0.024128
-0.000033
-0.000033
-0.000033
-0.000033
0.012045
0.036193
-0.000033
0.012039
-0.012105
0.048247
-0.036241
-0.024179
-0.000033
0.048253
0.012035
0.036162
-0.000033
0.012029
-0.000033
0.024087
-0.000033
0.060241
0.024067
-0.036184
-0.000033
-0.000033
-0.000033
-0.012086
0.012021
-0.012086
-0.000033
0.012021
-0.000033
-0.024141
0.012022
-0.024144
-0.000033
-0.000033
-0.012090
-0.012092
-0.000033
-0.000033
0.012026
-0.000033
-0.012092
-0.000033
0.012026
-0.000033
-0.000033
-0.024152
-0.000033
-0.000033
-0.000033
-0.000033
-0.000033
-0.000033
-0.012095
0.012029
-0.012095
0.024090
-0.012093
-0.000033
0.012028
-0.012093
-0.012095
-0.000033
-0.000033
-0.000033
-0.000033
-0.000033
-0.012096
0.012031
-0.000033
0.012029
-0.024158
-0.012098
0.012032
-0.000033
-0.012098
-0.000033
0.012032
0.012031
-0.012096
-0.000033
-0.000033
0.012031
-0.000033
-0.000033
-0.012096
-0.000033
-0.012098
0.012032
-0.012098
0.012032
0.012031
0.012029
-0.000033
0.024087
0.012025
0.012023
-0.012089
-0.000033
-0.000033
0.012023
-0.000033
-0.012089
0.012023
-0.012089
-0.000033
0.024078
-0.012087
0.012022
-0.012087
0.012022
-0.000033
-0.012087
0.012022
-0.000033
-0.000033
-0.012087
0.012022
-0.000033
-0.012087
0.036127
0.012018
-0.012083
0.012018
-0.012083
-0.000033
-0.000033
-0.000033
-0.012085
0.012019
-0.012085
-0.012086
-0.024144
-0.000033
-0.036210
-0.012095
-0.012096
-0.000033
-0.000033
0.024093
-0.000033
-0.000033
-0.012095
0.012029
-0.000033
-0.000033
-0.000033
-0.000033
0.012028
-0.012093
-0.000033
-0.000033
-0.000033
-0.000033
-0.000033
-0.012095
-0.000033
-0.000033
-0.000033
-0.000033
-0.000033
-0.000033
-0.000033
0.012029
-0.000033
-0.012095
-0.000033
0.012029
-0.012095
0.012029
-0.000033
-0.012095
0.012029
-0.000033
-0.000033
-0.012095
0.012029
-0.012095
-0.000033
-0.000033
-0.012096
0.012031
-0.000033
-0.012096
-0.000033
-0.000033
0.012031
-0.000033
-0.000033
0.012029
-0.000033
-0.000033
-0.000033
-0.000033
-0.000033
-0.000033
-0.000033
-0.000033
-0.012095
-0.000033
-0.012096
-0.024164
-0.000033
-0.024170
-0.012103
0.012038
-0.000033
0.012037
-0.000033
-0.012102
-0.000033
-0.012103
0.024107
-0.012102
-0.024176
-0.000033
-0.000033
0.012039
-0.036254
-0.000033
-0.012109
-0.000033
0.012044
0.012042
-0.012108
-0.024187
-0.012112
0.024125
-0.000033
-0.024190
-0.000033
-0.000033
-0.012114
-0.024199
-0.000033
-0.012118
0.036219
-0.012115
-0.000033
-0.000033
-0.000033
-0.012117
0.024134
0.036206
0.024119
-0.036262
0.048271
0.012039
-0.024179
0.012041
-0.000033
0.012039
0.024107
0.012035
-0.024170
-0.000033
-0.000033
-0.000033
-0.012103
0.012038
-0.024176
0.024110
0.012037
0.012035
-0.024170
0.036171
-0.012099
-0.012101
-0.000033
-0.000033
0.012035
-0.012101
-0.012102
-0.000033
-0.012103
-0.012105
-0.012106
-0.000033
-0.000033
-0.036262
-0.012112
-0.000033
0.012047
-0.000033
-0.000033
-0.000033
-0.024193
0.012048
0.012047
0.012045
-0.012111
0.012045
-0.000033
0.012044
-0.012109
0.012044
-0.000033
-0.000033
-0.000033
-0.000033
0.024116
-0.024182
0.024116
-0.012106
-0.012108
0.012042
-0.000033
-0.012108
0.012042
-0.000033
-0.000033
-0.012108
-0.000033
-0.012109
-0.000033
-0.012111
0.012045
-0.000033
-0.000033
0.024119
-0.000033
0.012041
-0.000033
-0.012106
0.012041
0.012039
0.012038
-0.000033
-0.000033
0.012037
0.024101
-0.000033
0.012032
0.012031
-0.000033
0.012029
0.012028
0.012026
-0.000033
-0.012092
-0.012093
0.012028
-0.000033
0.024084
-0.012090
-0.048278
-0.000033
0.012031
0.012029
0.012028
-0.000033
-0.036219
-0.000033
-0.012098
0.012032
0.012031
-0.000033
-0.000033
-0.000033
-0.000033
0.012029
-0.012095
-0.012096
-0.000033
-0.000033
0.012031
-0.000033
0.012029
-0.000033
-0.012095
-0.000033
-0.000033
-0.012096
-0.036232
-0.000033
-0.036245
0.012039
-0.000033
0.036175
-0.012101
0.012035
-0.000033
-0.000033
0.024099
0.012031
-0.000033
-0.000033
0.012029
-0.000033
-0.024158
0.024093
0.012028
0.012026
-0.000033
-0.024152
-0.012095
-0.012096
-0.000033
-0.000033
-0.024164
0.024099
-0.012098
-0.012099
0.012034
0.012032
0.024093
0.036145
-0.012090
-0.000033
0.012025
-0.000033
-0.000033
-0.012090
0.012025
-0.012090
-0.000033
-0.012092
-0.000033
-0.000033
-0.000033
-0.024155
0.012029
-0.000033
0.012028
0.012026
0.012025
-0.000033
0.012023
-0.000033
-0.012089
0.012023
-0.000033
-0.024147
0.024081
-0.000033
0.012022
-0.108578
-0.060386
-0.012108
0.024116
-0.000033
-0.000033
0.012039
-0.012105
-0.000033
-0.012106
0.012041
0.012039
-0.000033
-0.000033
END
