y[]
0.000878
-0.025997
0.000878
0.000878
-0.120147
0.027785
-0.012575
-0.012577
0.041236
0.000878
-0.026026
0.041230
0.027770
0.014321
0.041198
-0.039442
-0.012566
-0.012568
-0.039469
-0.026029
0.000878
-0.012578
-0.012580
0.108492
-0.052914
0.081556
-0.066349
-0.133712
0.000878
-0.053009
-0.012598
0.108637
0.068168
-0.012577
0.095021
0.068069
-0.052871
0.094920
-0.052849
-0.012558
-0.052886
0.188924
-0.039388
0.000878
-0.039404
0.081426
-0.025964
-0.079691
0.000878
0.041171
-0.039415
-0.093202
0.148678
0.054569
0.094768
-0.066178
0.014293
0.067924
0.000878
-0.039345
0.027695
0.054490
0.027673
0.027666
0.067817
-0.025892
-0.012510
-0.025903
-0.012515
-0.012517
-0.039318
0.014278
0.000878
-0.012522
0.054468
-0.106332
-0.039355
0.041111
0.054497
-0.012524
-0.039339
0.027691
-0.012528
0.027688
0.014280
-0.039334
-0.039350
-0.039366
0.000878
0.027709
-0.052792
0.081372
0.041100
-0.012528
-0.025939
0.027695
0.014284
0.081274
-0.039312
0.000878
0.000878
-0.092962
-0.052785
0.054540
0.000878
-0.039366
-0.025961
0.054548
0.027702
0.000878
-0.012533
0.041106
-0.025939
0.027695
0.027688
-0.025932
0.000878
0.027688
-0.012526
0.027684
0.054468
0.014271
-0.092912
-0.012528
-0.012530
0.041095
0.000878
0.067871
0.000878
-0.012517
-0.066124
0.054483
-0.025921
-0.039334
0.054490
0.014276
-0.025921
0.014278
0.000878
-0.066142
-0.012531
0.014287
0.027691
-0.012528
0.041090
-0.066151
-0.066196
0.014296
0.041122
-0.025950
-0.025957
0.014296
0.014294
-0.012539
0.067942
0.027691
0.000878
0.067880
0.067835
0.000878
-0.039291
0.054433
-0.025896
0.014266
0.027648
0.000878
0.014260
-0.025889
0.027644
0.014258
0.014257
-0.012501
0.000878
-0.012503
0.014258
0.000878
0.000878
0.000878
-0.012503
0.027637
0.014255
-0.012499
-0.012501
0.014257
0.000878
-0.012501
-0.039269
0.000878
0.014262
-0.012506
-0.012508
0.014264
-0.025896
0.000878
0.014266
-0.012510
0.014266
0.000878
0.000878
0.014264
-0.012508
0.000878
0.000878
0.014264
0.000878
0.000878
0.000878
0.000878
0.014262
0.014260
0.000878
0.000878
0.014258
0.014257
0.027630
-0.025874
0.000878
0.027630
0.000878
0.014251
-0.039248
0.014255
0.000878
0.027627
0.014250
-0.012494
0.000878
0.014250
0.000878
0.000878
0.014248
0.000878
0.000878
-0.012492
0.014248
0.000878
-0.012492
0.014248
-0.025864
0.054354
0.000878
0.040966
-0.012483
-0.012485
0.000878
-0.025853
0.014244
0.000878
0.014242
-0.025853
0.014244
-0.012488
0.027609
0.014241
0.000878
0.000878
0.027598
-0.012481
0.014237
-0.039205
0.027602
0.000878
-0.012483
-0.012485
0.014241
0.000878
-0.012485
0.000878
0.014241
0.027598
0.000878
-0.025842
-0.012485
0.000878
-0.012487
0.027605
0.014239
-0.012483
0.000878
0.014239
0.000878
-0.012483
0.014239
-0.012483
0.014239
0.000878
0.107701
0.014223
0.000878
0.014221
0.040897
-0.012460
-0.012462
0.000878
-0.025807
0.014221
0.014219
0.014217
0.000878
-0.012462
-0.012463
0.000878
-0.025810
0.014223
-0.012467
0.027566
-0.012465
-0.012467
0.014223
-0.012467
0.000878
0.000878
-0.012469
0.000878
0.000878
-0.025821
-0.012474
0.014230
0.000878
0.014228
0.000878
0.000878
0.014226
0.000878
-0.012471
0.014226
0.000878
0.000878
-0.012471
0.000878
0.014226
-0.012471
0.014226
0.027569
0.000878
0.014221
0.000878
0.014219
0.014217
0.014216
-0.025799
0.000878
0.000878
0.014217
-0.012462
-0.012463
0.014219
-0.012463
-0.025810
-0.012469
0.027569
-0.092574
-0.065927
0.054325
0.067647
0.014226
-0.025821
-0.052541
-0.012481
0.014237
0.000878
-0.039205
0.000878
-0.025853
0.014244
0.027605
0.054311
0.000878
-0.012478
-0.039200
0.000878
0.000878
-0.012485
0.000878
0.000878
-0.012487
0.014242
-0.012487
-0.025857
-0.039237
0.000878
0.000878
0.027623
0.014248
0.014246
0.000878
0.027609
0.014241
-0.012485
0.000878
0.014241
0.014239
0.014237
0.014235
-0.025839
-0.025846
0.000878
0.000878
0.027602
-0.052577
0.040971
0.000878
-0.025849
0.000878
-0.052598
0.000878
-0.025871
0.014253
-0.052634
0.014258
0.027634
0.067736
0.000878
-0.012490
-0.025864
0.027619
0.027612
-0.025857
0.027612
0.027605
0.014239
0.054304
-0.012476
-0.025835
0.014235
-0.012480
0.054297
0.014228
-0.025824
0.027580
0.014226
-0.012471
0.027573
-0.012469
-0.012471
0.000878
-0.025824
-0.012476
0.014232
0.014230
0.014228
-0.012472
-0.012474
0.000878
0.014230
0.000878
0.067611
-0.039157
0.000878
-0.039173
0.027580
-0.025824
0.054275
-0.012469
-0.025821
0.014228
-0.012472
-0.012474
-0.012476
-0.039194
0.000878
-0.025846
0.027602
-0.039210
0.040966
0.014237
-0.025842
0.027598
-0.012481
-0.025846
0.000878
0.054318
-0.012480
0.014235
-0.012480
-0.025842
-0.012485
0.000878
0.000878
0.014241
0.000878
0.000878
0.014239
-0.012483
0.014239
-0.025846
-0.012487
0.000878
0.027605
0.000878
-0.012485
0.027602
0.000878
-0.025846
0.027602
0.040950
0.000878
-0.012478
0.000878
-0.025839
0.027594
-0.012480
0.014235
0.000878
-0.012480
0.014235
0.027587
0.000878
-0.025832
0.000878
0.054290
0.000878
0.014226
0.000878
0.027569
0.014221
-0.039157
-0.012471
0.080942
-0.079186
-0.025824
0.000878
-0.012476
0.040934
-0.092611
-0.025849
0.027605
0.014239
0.014237
-0.012481
-0.039210
-0.052598
0.027619
-0.025864
0.081081
-0.065954
-0.025867
0.081092
-0.052591
-0.065998
-0.039269
-0.025896
-0.025903
-0.079508
-0.012526
0.041084
-0.039329
0.027684
-0.079562
0.067915
-0.025932
-0.025939
0.054504
-0.025932
0.081285
-0.025917
-0.052734
-0.012530
-0.146724
0.014305
0.067987
-0.012540
-0.039388
0.067978
-0.066223
-0.025975
-0.066286
0.014314
0.027745
-0.025989
0.000878
-0.120114
0.000878
0.014329
-0.079854
0.041252
0.027785
-0.026029
-0.039496
-0.066449
-0.026065
0.000878
-0.079996
-0.080061
0.108782
-0.026087
0.014361
-0.026091
-0.026098
-0.012613
-0.053103
-0.161241
-0.080280
-0.066804
0.122672
0.054961
0.027909
0.054917
-0.026138
-0.012633
0.068413
0.068368
-0.053111
-0.066649
-0.053176
0.000878
0.081948
0.068386
-0.053125
0.027883
-0.107186
0.000878
0.041416
0.027894
-0.066676
-0.053198
0.027920
-0.039687
-0.039704
-0.053257
0.095594
-0.053235
0.014409
0.122574
-0.026153
-0.039682
-0.012646
0.000878
-0.053235
-0.148083
0.109235
-0.080379
0.095671
-0.053279
0.082102
-0.093890
-0.093980
-0.012681
0.000878
-0.026244
-0.066960
0.082278
0.027997
0.014434
0.027985
-0.053345
0.095748
0.068587
0.027949
0.041471
-0.012651
-0.039720
-0.080368
0.068587
0.000878
0.095594
-0.039704
-0.012653
0.000878
-0.012655
-0.039731
0.000878
0.014416
0.000878
0.014414
-0.012659
0.014414
-0.012659
0.000878
0.000878
0.041482
0.014409
0.000878
-0.012653
0.000878
0.014409
0.000878
0.014407
-0.026182
-0.039726
-0.012660
0.027952
-0.012659
0.000878
0.000878
-0.012660
0.000878
0.027952
-0.012659
-0.012660
0.000878
-0.012662
0.041493
0.000878
0.014412
0.041471
0.000878
0.014405
0.000878
0.000878
-0.012649
0.014405
0.000878
-0.012649
0.000878
0.014405
0.000878
0.000878
-0.026178
0.000878
0.014407
0.000878
-0.053249
-0.039737
0.027956
0.000878
0.041482
0.027938
0.000878
0.027930
-0.026175
0.014405
0.000878
0.000878
-0.012649
0.027930
0.000878
0.000878
-0.012648
0.000878
0.000878
0.014403
0.000878
-0.012648
0.041449
0.000878
-0.012644
END
