y[]
0.012310
-0.011439
-0.011440
0.000436
0.012312
0.000436
-0.023317
0.024189
-0.011440
0.012312
-0.023317
0.024189
0.036055
-0.011436
0.000436
0.000436
0.024177
0.012304
0.000436
0.012303
0.036029
-0.011427
0.012299
-0.023292
0.012300
0.000436
0.000436
0.012299
0.000436
0.000436
-0.011427
-0.011429
0.012300
-0.011429
0.012300
-0.011429
0.000436
0.012300
0.012299
-0.011427
0.000436
0.000436
0.000436
0.000436
0.012299
-0.011427
0.012299
0.000436
0.012297
0.000436
0.000436
-0.011426
0.000436
-0.011427
-0.011429
0.000436
-0.011430
-0.011432
0.000436
0.000436
-0.011433
-0.011434
0.012306
0.000436
0.000436
0.000436
0.000436
0.000436
0.000436
0.000436
0.000436
0.000436
0.000436
0.012304
-0.023303
0.012306
0.000436
0.000436
0.000436
0.012304
0.000436
-0.023303
0.000436
-0.011436
0.000436
0.000436
0.012307
0.000436
-0.011436
0.000436
0.000436
0.012307
0.000436
0.024175
-0.011433
0.012304
0.012303
0.012302
-0.035166
0.012304
-0.011433
-0.023306
0.000436
-0.058943
0.012314
-0.011443
-0.047093
0.012320
0.000436
0.012319
0.000436
0.000436
0.012317
-0.011446
0.012317
0.012316
0.000436
0.012314
0.000436
-0.023323
-0.011446
0.000436
-0.035217
0.024206
0.024200
-0.023329
0.000436
0.012319
0.000436
0.024197
0.000436
-0.035209
-0.011449
-0.023337
0.024208
-0.047115
0.012326
0.012324
0.119243
0.024180
0.083497
-0.047019
0.071610
-0.058873
-0.011430
0.036029
0.071585
0.035991
0.024132
-0.023261
0.035979
-0.046958
-0.011416
0.012288
0.059674
0.000436
0.012279
-0.046946
-0.023264
-0.023269
-0.070713
0.012297
-0.047019
0.012302
-0.047036
0.036042
0.012302
0.024163
0.071585
-0.011419
-0.035137
0.000436
-0.023286
-0.011427
0.024161
-0.035154
0.036025
-0.023289
-0.047031
-0.011434
-0.023309
0.024180
0.024175
-0.047048
0.036050
0.012304
0.012303
-0.011432
-0.011433
-0.011434
-0.011436
0.095369
-0.011426
-0.011427
-0.070772
0.024177
-0.011434
-0.058936
0.036063
-0.035192
0.036063
-0.011439
0.000436
-0.035196
0.000436
-0.011444
0.036072
0.000436
0.000436
0.012312
-0.011440
0.000436
0.036059
0.024177
0.000436
-0.023306
0.000436
-0.011437
0.024180
0.000436
0.024175
0.024169
-0.023297
0.024169
-0.011430
0.000436
0.012302
0.000436
0.012300
-0.011429
-0.058908
0.012307
-0.011436
0.036046
0.012303
-0.035170
-0.023309
0.012309
0.000436
0.012307
0.059772
0.047880
-0.011423
0.012295
-0.023283
0.012296
0.024152
0.000436
-0.011422
-0.058873
0.047885
-0.011425
0.000436
0.024155
0.012293
0.024146
-0.023275
0.012292
-0.011420
-0.035141
-0.070756
0.012304
0.000436
0.024169
-0.023297
-0.035175
0.012307
-0.035183
-0.047076
-0.011446
-0.035217
0.036088
0.024197
0.000436
0.024192
0.083537
0.036029
0.000436
0.024158
-0.011425
0.000436
0.000436
0.036012
0.012292
0.000436
0.024144
-0.023272
0.000436
-0.011420
0.012292
0.024144
-0.011418
0.024141
0.012286
0.012285
0.000436
-0.011413
0.024132
-0.023261
0.012285
-0.011413
0.024132
-0.023261
-0.011415
-0.011416
0.024138
0.000436
0.000436
-0.011415
0.000436
0.012286
-0.011415
0.000436
0.000436
0.012286
0.000436
-0.011415
0.000436
0.000436
0.000436
0.012286
0.000436
-0.011415
0.012286
0.000436
0.000436
-0.011415
0.012286
0.012285
0.000436
-0.011413
0.000436
0.012285
0.000436
0.000436
-0.023264
0.012286
0.000436
-0.011415
0.012286
0.024132
0.012282
0.000436
0.000436
0.024124
-0.011408
0.047801
-0.011403
-0.023247
0.012278
0.000436
-0.011406
-0.023253
-0.011410
0.035970
-0.011408
-0.011409
0.000436
0.000436
0.000436
0.000436
0.024124
0.000436
0.000436
0.000436
0.000436
0.000436
-0.011408
0.012279
0.012278
0.012276
0.012275
0.035945
0.012269
-0.023233
0.012271
-0.011399
-0.011401
0.024107
0.012269
0.012268
0.000436
0.000436
-0.011396
0.000436
-0.011398
0.012269
0.000436
0.012268
0.000436
0.000436
-0.011396
0.000436
0.012268
-0.011396
0.000436
-0.011398
0.000436
-0.011399
0.000436
0.000436
-0.011401
0.000436
0.000436
-0.011402
0.000436
0.012274
0.012272
0.000436
-0.011401
0.000436
0.000436
0.000436
0.000436
-0.011402
0.012274
0.000436
-0.011402
0.000436
0.000436
0.000436
0.000436
0.000436
0.000436
0.000436
0.012274
0.000436
0.024107
0.000436
0.000436
0.000436
-0.011399
0.000436
0.000436
0.000436
0.000436
0.000436
0.000436
0.000436
0.000436
0.012271
0.000436
-0.011399
0.000436
0.012271
0.000436
0.012269
-0.011398
0.012269
0.024099
-0.023227
0.012268
0.000436
0.000436
0.000436
0.012267
0.000436
0.000436
-0.023227
0.000436
0.000436
0.012268
0.000436
0.000436
0.000436
0.000436
-0.023230
0.012269
0.012268
-0.011396
0.000436
0.035928
-0.011394
-0.011395
0.000436
-0.011396
-0.011398
0.012269
-0.011398
-0.011399
0.024104
-0.011398
0.000436
-0.011399
-0.011401
0.012272
0.012271
-0.011399
0.035937
0.000436
0.024096
-0.011394
0.000436
0.012265
0.000436
-0.046890
-0.011399
0.000436
0.012271
0.000436
-0.011399
-0.011401
0.000436
-0.011402
0.024110
-0.023239
0.012274
0.012272
-0.035078
0.012275
0.000436
0.012274
0.000436
0.000436
-0.035082
-0.011406
-0.035099
-0.023261
0.012285
0.012283
0.035970
0.012278
-0.011406
0.024118
-0.046935
0.012281
-0.035103
-0.011413
0.012285
0.012283
-0.011412
0.012283
0.012282
0.000436
0.000436
0.000436
0.000436
0.000436
0.012281
0.000436
0.012279
0.012278
-0.011406
-0.011408
0.000436
0.000436
0.012279
0.000436
0.000436
0.012278
0.000436
-0.011406
0.024118
-0.023247
0.012278
0.012276
0.000436
0.000436
0.012275
-0.011403
0.000436
-0.023247
0.012278
0.012276
0.012275
0.000436
-0.023244
0.012276
0.012275
0.000436
0.000436
-0.011403
0.012275
-0.011403
-0.035090
0.012279
0.012278
-0.023250
0.024121
-0.023250
-0.035103
0.000436
0.012283
0.000436
-0.011412
-0.011413
-0.011415
-0.023269
0.000436
-0.011419
0.012290
0.024141
0.035983
0.000436
-0.023261
0.012285
0.012283
-0.011412
0.000436
0.012283
-0.035111
-0.011416
0.035987
-0.035116
0.000436
0.000436
0.000436
0.000436
-0.023272
0.012290
-0.011419
0.024144
-0.011418
0.024141
-0.011416
-0.011418
0.000436
-0.035132
-0.011423
0.012295
-0.035145
0.024158
0.000436
-0.023286
-0.011427
0.036021
0.024152
0.012292
0.024144
0.000436
0.035987
-0.070680
0.036000
-0.070705
-0.047019
-0.035170
0.000436
0.000436
-0.070815
0.059815
-0.023312
0.024183
0.012307
-0.047059
0.036059
0.059779
0.024163
-0.023292
0.012300
0.036021
-0.011425
-0.011426
0.047874
-0.011422
0.024149
0.024144
0.024138
-0.070688
0.000436
-0.035145
0.036017
0.000436
0.000436
0.012293
0.012292
-0.023278
-0.011423
-0.035149
-0.011429
-0.058908
-0.011437
-0.011439
-0.070840
0.012319
0.000436
-0.011447
-0.059000
-0.047138
0.000436
-0.023360
-0.011464
0.000436
-0.059085
-0.059120
0.024262
-0.047223
-0.047246
0.012358
0.024276
-0.035328
-0.035340
0.000436
0.012363
0.036208
0.012357
-0.011485
0.012357
0.024274
-0.011482
-0.011484
0.012355
-0.071104
0.000436
0.024288
0.000436
0.048123
0.000436
0.024271
0.000436
-0.023399
-0.011484
-0.011485
0.024276
-0.023405
-0.047263
0.000436
0.071975
-0.035328
0.000436
-0.011488
0.024282
0.024276
0.036186
0.012350
0.059984
0.036148
0.036135
-0.047166
0.000436
-0.023374
-0.011471
-0.035293
0.036165
0.024248
-0.023377
-0.047206
0.000436
END
