y[]
-0.001084
-0.001084
-0.001084
-0.001084
-0.014025
-0.001084
0.011857
-0.039912
0.011860
-0.001084
-0.001084
0.011858
-0.001084
0.011857
-0.001084
0.011855
0.011853
-0.001084
-0.001084
0.011852
-0.001084
-0.014020
-0.014022
-0.026964
0.024796
-0.001084
-0.014023
-0.014025
-0.001084
-0.001084
-0.001084
0.011857
0.024792
-0.014022
-0.001084
-0.001084
-0.014023
-0.001084
-0.001084
-0.026967
-0.001084
-0.014028
0.011860
-0.001084
-0.014028
-0.001084
-0.014030
0.011862
0.011860
0.024799
-0.014025
0.011857
-0.014025
-0.014027
-0.001084
0.011858
-0.001084
-0.001084
0.011857
0.037728
-0.001084
0.011850
-0.014018
-0.039897
-0.014025
-0.026971
-0.001084
0.011860
-0.001084
-0.014028
-0.014030
-0.001084
-0.001084
-0.001084
0.011862
-0.001084
-0.001084
-0.001084
-0.001084
-0.001084
-0.001084
-0.001084
0.011860
-0.001084
-0.014028
0.011860
0.011858
-0.001084
-0.001084
-0.014027
-0.001084
0.011858
0.011857
-0.014025
0.011857
-0.026967
0.011858
-0.001084
-0.014027
0.011858
-0.001084
0.011857
-0.001084
-0.001084
-0.014025
-0.001084
-0.014027
0.011858
-0.001084
-0.001084
-0.001084
-0.001084
0.011857
-0.001084
-0.014025
-0.014027
0.024799
-0.014025
-0.001084
0.011857
-0.001084
0.011855
-0.014023
-0.001084
-0.001084
-0.001084
-0.001084
0.011855
0.011853
-0.001084
-0.001084
-0.001084
0.011852
0.011850
0.011848
0.037703
0.011842
0.024762
-0.001084
-0.001084
-0.026931
0.011840
-0.001084
0.011838
0.011837
-0.014005
-0.001084
-0.026931
-0.001084
0.011840
0.011838
-0.001084
0.024756
0.037663
-0.026914
0.024746
0.011828
0.024736
-0.013993
0.050542
-0.001084
-0.013988
-0.001084
-0.001084
-0.013990
-0.001084
-0.001084
0.024726
-0.001084
0.011818
0.011817
0.011815
-0.001084
-0.001084
-0.001084
-0.013983
-0.001084
-0.013985
0.011817
-0.026887
0.011818
-0.001084
0.011817
0.037608
-0.026877
0.011813
-0.013982
0.011813
-0.013982
-0.001084
-0.026884
-0.001084
-0.013987
-0.001084
-0.013988
0.011820
-0.001084
0.024719
0.011815
-0.013983
-0.039791
-0.001084
0.024722
-0.013987
0.011818
-0.001084
-0.013987
-0.013988
0.011820
-0.001084
-0.013988
-0.026897
-0.001084
0.024729
-0.026897
-0.001084
0.024729
0.024722
0.024716
-0.026884
-0.013987
0.011818
-0.001084
-0.013987
-0.001084
0.011818
0.011817
-0.001084
-0.001084
-0.001084
-0.001084
0.037608
0.011810
-0.013978
-0.001084
0.050482
0.024689
-0.001084
-0.013970
0.011802
-0.013970
0.024686
-0.026854
-0.026861
-0.013975
0.024696
-0.001084
-0.013973
-0.013975
-0.039766
-0.001084
-0.001084
0.024706
0.024699
-0.013975
0.011807
0.011805
-0.026864
0.011807
0.011805
-0.013973
-0.001084
-0.001084
0.024692
0.024686
-0.013968
-0.039747
-0.052657
0.037598
0.011807
-0.039761
-0.001084
-0.013980
0.024706
-0.013978
-0.039776
-0.039791
0.011820
-0.001084
-0.001084
-0.026894
-0.013992
-0.001084
-0.001084
0.011823
-0.078554
0.011831
-0.001084
-0.001084
0.037653
0.011825
-0.001084
-0.026904
0.024736
0.024729
0.076315
-0.001084
-0.026877
0.011813
-0.039781
-0.026891
-0.026897
-0.039816
0.024739
-0.091494
0.024756
0.063486
-0.039821
0.050562
-0.065646
0.011831
-0.091529
0.089361
0.037653
0.024732
-0.039811
0.037643
-0.001084
-0.001084
0.024726
0.011818
0.011817
-0.026887
0.037618
-0.039786
0.011818
0.050509
0.024702
0.101995
0.050416
0.076116
0.037494
-0.026801
-0.052538
0.011782
-0.013950
0.037508
-0.013947
0.011778
0.063204
-0.013939
-0.052518
-0.001084
-0.013947
0.011778
-0.001084
-0.026811
-0.013950
-0.001084
-0.013952
-0.013953
-0.065455
0.024669
0.011790
-0.026834
-0.026841
0.024672
0.011792
0.011790
0.011788
0.011787
-0.013955
-0.013957
-0.001084
0.011788
0.037523
0.011782
-0.039687
-0.001084
0.011785
-0.001084
-0.001084
-0.001084
0.011783
-0.001084
-0.001084
-0.039692
-0.013957
0.037528
-0.013953
0.024652
-0.026821
0.024652
0.011782
0.024643
-0.013947
0.024639
-0.026808
0.011778
-0.026811
-0.013950
0.011782
-0.026818
-0.001084
-0.065447
0.011792
0.011790
-0.013958
-0.052597
0.037553
-0.001084
-0.013962
0.011793
-0.001084
0.050409
-0.013955
-0.026831
0.011790
-0.026834
-0.013962
0.037543
-0.001084
-0.013958
-0.026838
0.011793
0.024666
-0.039712
0.011793
-0.001084
-0.001084
0.024666
0.037528
-0.026824
-0.026831
0.011790
-0.013958
-0.013960
0.024666
0.050396
-0.013952
0.011783
-0.001084
-0.026821
0.050383
0.024639
0.024633
-0.001084
-0.001084
0.011772
-0.013940
0.037479
-0.001084
-0.001084
-0.001084
0.063154
-0.039622
-0.001084
0.024610
-0.026778
0.011763
0.011762
-0.013930
-0.013932
0.011763
0.011762
-0.013930
0.011762
-0.039627
-0.001084
0.011765
-0.001084
-0.013934
-0.026788
-0.001084
-0.013939
0.011770
0.011768
-0.013937
-0.001084
-0.013939
-0.001084
-0.001084
0.011770
-0.013939
-0.013940
0.011772
-0.001084
-0.001084
-0.001084
-0.001084
-0.001084
-0.013940
0.011772
0.011770
-0.013939
0.011770
-0.013939
-0.001084
0.011770
-0.001084
-0.001084
-0.001084
-0.001084
-0.001084
-0.013939
-0.001084
-0.013940
-0.013942
0.011773
-0.013942
0.024629
-0.001084
-0.013940
0.011772
-0.013940
-0.026801
-0.013945
0.011777
-0.001084
-0.001084
-0.013945
-0.001084
-0.026811
0.011780
-0.013948
0.024643
-0.001084
-0.001084
-0.026811
-0.001084
0.024643
-0.001084
0.011777
-0.001084
-0.001084
-0.001084
0.011775
-0.013943
-0.013945
-0.013947
0.011778
0.011777
-0.013945
0.011777
-0.013945
0.024636
-0.001084
-0.001084
-0.001084
0.011773
-0.001084
-0.013942
0.024629
-0.001084
-0.001084
-0.001084
-0.001084
0.024623
-0.013937
-0.001084
-0.013939
-0.001084
0.011770
-0.013939
0.011770
-0.001084
-0.001084
0.011768
-0.001084
-0.001084
-0.001084
-0.001084
-0.001084
-0.026791
-0.001084
0.011770
0.011768
-0.001084
-0.013937
-0.001084
-0.013939
0.011770
0.011768
-0.013937
0.011768
-0.001084
-0.001084
0.024616
-0.013934
-0.001084
-0.026788
0.011768
0.011767
-0.001084
-0.001084
-0.013935
0.011767
-0.001084
-0.013935
-0.001084
-0.001084
-0.001084
-0.013937
0.011768
-0.001084
-0.013937
-0.013939
0.024623
-0.001084
-0.001084
-0.026791
-0.013940
0.011772
-0.001084
-0.001084
-0.001084
-0.001084
0.011770
-0.001084
-0.013939
0.011770
0.011768
0.011767
-0.013935
0.011767
-0.013935
-0.001084
0.037464
-0.001084
-0.026781
0.011765
-0.001084
0.011763
-0.026781
-0.013935
-0.001084
-0.065364
0.011775
-0.001084
-0.001084
-0.001084
-0.013943
-0.001084
-0.001084
-0.001084
-0.001084
0.011775
-0.013943
-0.026808
-0.013948
-0.026818
0.011783
-0.013952
-0.001084
0.037513
-0.013948
-0.001084
-0.026818
0.011783
0.024646
0.011778
-0.039677
0.011782
-0.001084
-0.013950
0.050369
0.050343
-0.013939
-0.026798
-0.013943
-0.001084
-0.052538
0.024646
-0.001084
-0.001084
0.024639
0.050343
-0.026794
-0.039662
-0.001084
-0.039677
0.011782
-0.013950
0.024646
-0.026814
0.011782
-0.001084
0.037503
-0.039672
0.037503
-0.001084
0.024633
0.011772
-0.039657
-0.001084
0.011775
-0.001084
-0.013943
-0.013945
-0.013947
0.011778
-0.013947
-0.001084
-0.013948
0.011780
-0.013948
0.024643
0.011777
-0.013945
-0.013947
-0.001084
-0.026814
-0.013952
0.011783
-0.013952
-0.013953
-0.001084
0.037518
0.050363
-0.026804
0.011777
-0.001084
0.024633
-0.013942
0.050336
0.011767
-0.013935
0.075997
-0.013927
0.024600
0.024593
0.063080
-0.065248
0.011752
0.011750
-0.001084
-0.013919
-0.013920
0.011752
-0.001084
-0.039598
0.011755
0.024590
-0.026758
-0.001084
0.011754
-0.001084
END
