y[]
0.079337
0.063450
0.015953
0.031770
-0.063162
0.015956
-0.031527
-0.015702
-0.142468
0.063531
0.047654
0.031800
-0.094913
0.095171
0.031790
0.015956
0.000129
-0.015697
-0.031532
-0.094913
0.015976
0.031815
0.000129
0.015968
0.000129
-0.063242
0.031820
0.000129
-0.031562
0.000129
-0.047426
0.000129
-0.047448
-0.047471
0.031865
-0.015738
-0.015740
-0.031617
0.000129
0.063611
0.000129
0.015993
0.015991
0.063551
0.031825
-0.079129
0.015986
0.000129
0.047684
-0.015720
0.031825
0.015973
-0.031562
-0.015720
0.015978
-0.015720
-0.047433
0.015986
0.000129
0.031835
0.031825
-0.015718
0.000129
0.000129
0.015976
0.031815
0.000129
-0.047403
0.047661
0.063470
0.000129
-0.015702
0.047616
-0.031527
-0.031537
-0.015707
-0.015710
-0.015713
0.000129
-0.031562
0.015976
-0.031567
0.000129
0.000129
0.000129
0.031825
-0.079129
-0.031592
-0.063343
0.031870
0.015996
-0.047479
0.016001
0.015998
-0.095124
0.016011
-0.015753
0.016011
-0.031637
0.047775
0.000129
0.016006
0.031875
0.031865
-0.047479
0.016001
-0.047494
0.000129
-0.079293
-0.015763
-0.031662
0.063702
-0.015760
0.031905
0.031895
0.095367
0.063571
0.063531
0.031815
0.000129
0.000129
0.015968
-0.015710
-0.031557
0.031815
0.015968
0.000129
0.063460
0.000129
-0.031532
-0.031542
0.047631
0.000129
0.015958
-0.094883
-0.031562
0.015976
-0.094988
-0.095079
-0.031627
-0.031637
0.016013
0.000129
0.031890
-0.047516
-0.047539
0.000129
-0.143012
0.047866
-0.015781
0.079652
0.111355
-0.031637
-0.015758
-0.063444
-0.015770
0.016029
-0.015770
-0.095321
0.047866
0.016036
0.095519
0.047790
0.047767
-0.063393
0.000129
-0.031647
0.031905
0.031895
-0.031637
-0.015758
0.031900
0.047767
0.000129
-0.063393
-0.031647
0.047790
-0.031642
-0.063444
-0.015770
0.016029
-0.015770
0.000129
-0.015773
0.031931
0.047812
-0.015763
-0.079368
-0.047600
-0.015786
0.000129
0.000129
0.000129
0.031956
0.031946
-0.063515
-0.047630
-0.031723
0.031981
0.016051
0.000129
0.031966
0.016044
-0.015786
-0.047630
-0.047653
-0.031738
-0.079584
0.047965
0.032007
-0.095534
-0.031779
-0.079686
0.048026
0.016089
0.000129
0.016087
0.000129
0.000129
0.032037
0.047972
0.047949
0.000129
0.047926
-0.015801
-0.015803
-0.047683
0.000129
0.000129
-0.047706
-0.015821
0.063915
-0.047706
0.016077
0.079829
0.047919
0.079728
0.063763
-0.015775
0.047835
0.095473
0.031890
-0.063403
-0.031652
0.031910
0.000129
-0.079343
0.000129
-0.015773
-0.015775
-0.031688
-0.031698
-0.015788
-0.191076
-0.031774
-0.255462
-0.031866
0.096083
0.016112
0.143865
-0.047760
-0.239660
-0.063912
-0.031907
-0.128117
0.016169
0.048233
0.080251
-0.079993
0.080251
0.000129
-0.063963
-0.096086
-0.015916
-0.031968
0.000129
0.080354
0.144371
0.048164
0.080135
0.016123
0.064078
-0.031840
-0.063840
0.064098
-0.047844
-0.047867
0.000129
-0.031881
-0.015880
-0.144067
-0.031943
-0.144322
-0.048068
-0.015942
-0.096349
0.209048
-0.031984
-0.015931
0.048303
0.000129
0.016182
-0.015924
0.080367
-0.080108
0.112444
-0.015908
-0.047998
-0.144391
-0.080250
0.096577
-0.048083
0.000129
-0.064190
-0.015957
0.064458
0.080483
0.208747
0.000129
0.016159
-0.080044
0.000129
0.128375
-0.063973
-0.064015
0.000129
0.112354
0.096221
0.048141
-0.047882
-0.111988
0.000129
0.224237
-0.015862
0.112013
-0.047806
0.080008
-0.095733
0.064047
0.048041
-0.063758
0.111906
0.000129
0.159593
-0.031743
-0.159386
0.000129
0.032052
0.127721
-0.031754
0.175358
0.111479
0.143111
-0.079280
0.000129
0.016016
0.174718
-0.142694
0.142952
-0.015730
0.095246
-0.047418
0.015981
0.095186
-0.063232
-0.063272
0.079375
0.000129
-0.110832
-0.158601
0.047775
0.142930
-0.015728
0.079387
0.000129
-0.174322
-0.158727
-0.031672
0.079614
-0.047554
-0.031672
0.143157
-0.095200
0.127214
0.016003
-0.095154
-0.095245
-0.127178
0.031971
0.063783
-0.175016
-0.159361
-0.031799
0.048018
0.000129
0.047995
-0.031779
-0.047752
0.032052
0.000129
0.000129
0.000129
0.016087
0.032037
-0.015824
-0.015826
0.016084
-0.047745
0.048003
-0.031784
-0.015831
0.000129
-0.015834
0.016092
-0.015834
0.063966
0.016082
0.016079
0.000129
0.047965
-0.015814
-0.015816
0.016074
0.016072
-0.047706
-0.015821
0.032027
0.016074
0.047949
-0.015808
0.016067
0.016064
0.016062
0.047911
0.016051
0.016049
-0.047638
-0.031728
0.016059
0.016056
-0.047661
-0.079571
0.000129
-0.015819
-0.047729
0.016084
0.032032
0.016077
0.016074
0.000129
0.016072
-0.031759
0.016074
-0.047714
0.047972
0.032012
0.063864
0.016056
0.016054
0.016051
-0.047645
-0.031733
0.031991
-0.015801
0.000129
-0.015803
0.016062
0.000129
-0.079559
0.000129
0.000129
0.095747
-0.031733
0.016062
0.031986
-0.047661
-0.015806
0.000129
0.079779
0.000129
0.016051
0.016049
0.016046
0.000129
-0.031708
0.047881
-0.031703
0.016046
-0.079482
0.016056
0.031976
-0.031718
0.095640
0.031946
0.000129
-0.031688
0.016039
0.031941
0.000129
0.000129
0.031931
0.000129
0.047812
-0.047554
-0.063484
0.000129
-0.015781
0.079652
-0.047577
-0.031688
-0.047615
-0.015791
0.031966
-0.031708
0.000129
-0.015793
0.016051
-0.015793
0.016051
0.016049
-0.031713
-0.047653
0.016059
0.000129
-0.047668
-0.031749
0.032007
-0.063636
-0.047722
0.000129
-0.031784
-0.047760
-0.223656
-0.015875
-0.015877
0.016135
-0.047898
0.064160
0.000129
0.016130
0.032124
-0.031866
-0.063891
0.032144
0.000129
0.000129
0.016133
0.000129
-0.111952
0.048179
0.016141
-0.063932
0.016148
0.064180
0.000129
0.032139
0.000129
0.000129
0.032129
-0.047875
0.016133
0.016130
0.032124
0.016123
-0.015865
-0.111898
-0.160127
0.096314
-0.031922
0.048202
0.016148
0.016146
-0.015888
-0.015890
0.032165
0.096175
0.016128
-0.095902
0.016141
0.080148
0.016125
0.000129
0.000129
0.016123
0.127986
0.016100
-0.047790
0.064017
0.032058
0.016089
0.032042
-0.063707
0.048010
0.047987
0.047965
0.016069
0.063864
-0.015801
0.031986
0.031976
0.175107
-0.015765
0.047805
-0.063444
0.000129
0.000129
-0.015770
-0.095321
-0.063555
0.031976
-0.063575
0.000129
0.095670
0.127376
0.111337
-0.031632
-0.031642
0.063661
0.000129
0.016006
-0.047509
-0.031642
0.047782
-0.063413
0.000129
-0.095260
0.000129
0.000129
0.079627
0.000129
-0.174849
0.000129
0.016049
0.063783
0.063742
0.016026
0.031915
0.079551
0.031880
-0.015745
0.000129
0.016003
-0.015745
-0.015748
0.031880
-0.031622
-0.015750
0.016008
0.111214
-0.047464
0.000129
0.000129
-0.031612
0.000129
0.016001
-0.015743
-0.063383
0.031890
-0.015750
0.016008
-0.063403
0.000129
0.000129
0.079538
0.047744
0.095292
0.031830
-0.095003
-0.015735
0.015993
-0.015735
0.047714
-0.031592
-0.015735
-0.063353
-0.015748
0.047752
-0.047494
0.016006
0.031875
-0.015743
0.000129
-0.031622
0.047752
-0.015743
-0.126936
0.000129
-0.031662
-0.063484
0.016036
0.016034
0.031931
0.000129
0.047812
0.031905
-0.015758
0.031900
0.000129
-0.047532
0.047790
-0.015755
0.047775
-0.015750
0.079500
0.000129
-0.015740
0.015998
-0.031612
-0.015745
0.079475
0.063561
0.079362
0.000129
-0.015713
-0.015715
-0.047418
0.015981
0.000129
0.063510
-0.047403
0.047661
-0.047403
-0.063282
0.015986
0.015983
0.000129
0.063521
-0.031562
-0.063282
0.015986
0.031835
-0.063293
-0.015733
-0.031602
0.015996
-0.063353
0.079475
END
