y[]
0.011686
-0.039039
-0.000994
0.024370
-0.039044
0.037055
-0.039044
-0.013681
-0.000994
0.024377
-0.039053
-0.089855
0.075177
0.011695
0.062429
-0.026359
-0.013679
-0.013681
0.113125
0.011678
-0.013666
0.024348
-0.000994
-0.013665
0.037012
-0.026330
0.011674
0.037002
0.036988
0.087574
-0.013642
-0.051602
-0.089619
0.100284
-0.140279
0.176243
-0.026295
0.125444
0.011641
0.011639
0.036896
0.036882
0.062101
-0.101966
-0.102068
-0.026279
0.100105
-0.064169
-0.127465
-0.114954
0.024341
-0.064346
-0.051704
-0.000994
0.024364
-0.115157
0.138520
0.062357
0.024335
0.049645
-0.203706
0.062397
-0.102440
-0.000994
0.100451
-0.013669
0.075032
0.024335
-0.077001
0.062349
0.112923
-0.026298
-0.000994
-0.064281
0.049639
-0.140297
-0.026343
-0.178614
-0.013694
-0.039102
0.062510
-0.077204
-0.039121
0.037132
-0.115418
0.037162
0.087979
0.049812
-0.026394
-0.026401
0.024412
-0.013697
-0.089957
0.100670
-0.064523
-0.000994
-0.051846
-0.102775
-0.077398
0.049948
0.049922
0.037176
-0.013716
0.075312
-0.013708
0.011719
0.049845
0.024415
-0.051820
0.024422
0.024415
0.062502
0.100516
-0.013677
0.087754
-0.026343
0.011681
-0.077069
-0.064434
-0.026381
-0.000994
-0.064490
-0.000994
-0.026404
0.062518
-0.039097
0.011708
0.049799
0.062462
-0.064450
-0.013690
-0.051794
0.176693
0.049716
0.062357
-0.039000
0.037012
-0.089697
0.087709
-0.064346
0.075022
0.024332
-0.064322
-0.039010
-0.013669
0.049696
-0.077040
-0.026356
-0.064426
-0.000994
0.049754
-0.000994
0.075080
-0.140509
-0.013687
0.087821
-0.077117
0.049761
0.024374
0.037045
0.087709
-0.051672
-0.039020
-0.089776
0.075109
-0.026356
0.011687
-0.051730
0.062421
-0.102479
0.037074
-0.102543
-0.013695
0.011707
-0.013695
0.049799
-0.064490
-0.204453
0.062631
-0.000994
0.011726
-0.000994
-0.013715
-0.064620
-0.051924
0.024474
0.011737
0.024464
0.011732
-0.192065
0.037249
0.024493
-0.013737
-0.026485
0.011752
-0.000994
0.062712
-0.013732
-0.000994
-0.000994
0.011744
0.024477
-0.000994
0.011739
-0.026462
0.024474
-0.013727
0.024470
-0.000994
-0.013726
-0.039199
0.011742
-0.000994
0.024474
0.037196
0.024457
-0.013719
0.024454
-0.013718
-0.026446
-0.026453
0.037191
0.011731
0.011729
-0.013718
-0.026446
-0.013723
0.011734
-0.000994
0.011732
0.024454
-0.026443
-0.039179
-0.000994
0.037191
0.024454
-0.051898
-0.013724
0.049916
-0.013719
-0.064644
0.011739
0.011737
-0.013726
0.011737
-0.000994
-0.026459
0.011739
-0.013727
0.024470
-0.013726
0.011737
-0.000994
0.011736
-0.013724
-0.000994
-0.000994
0.024464
-0.026453
0.011736
0.011734
-0.013723
0.011734
-0.000994
-0.000994
0.011732
0.024454
0.075312
-0.026423
-0.013711
-0.039155
-0.013718
-0.000994
0.037171
0.049870
-0.039140
-0.013713
0.011724
-0.000994
-0.000994
0.011723
-0.039150
-0.000994
0.011726
0.037157
0.011719
0.049845
-0.013702
0.037123
-0.039111
-0.000994
-0.013703
-0.013705
-0.013706
-0.026423
0.011721
-0.140952
0.075371
-0.013718
-0.051904
0.024464
-0.013723
-0.026456
0.088093
-0.090081
0.024467
-0.000994
-0.064660
0.037210
0.024467
0.037186
-0.013719
0.024454
-0.000994
0.024448
-0.000994
-0.000994
0.011724
0.075283
-0.026414
-0.026420
-0.000994
-0.000994
-0.013710
0.011721
0.024432
0.024425
-0.000994
0.024419
0.075206
0.037084
0.163844
-0.039010
0.024351
-0.077050
-0.013676
0.011687
-0.039044
-0.013681
0.011692
0.049735
0.011684
0.011682
-0.026349
-0.000994
0.024361
0.011681
-0.051704
0.037041
0.011681
-0.013669
0.024354
-0.000994
0.011678
-0.000994
-0.077050
0.011686
-0.026356
0.024367
0.037036
0.037021
-0.013665
0.011676
-0.026336
0.037016
-0.013663
0.037007
0.011670
-0.000994
-0.000994
0.011668
0.024325
0.087574
0.062221
-0.076857
-0.051602
-0.026308
0.049626
0.011657
0.074878
0.011646
-0.076857
0.011654
0.049581
0.024284
-0.026272
-0.089518
0.011657
-0.013645
-0.102260
0.062309
-0.026311
-0.038981
0.150866
-0.000994
0.062213
0.125300
0.125141
-0.064042
-0.000994
0.062053
-0.013601
-0.051436
-0.026225
0.074677
-0.000994
0.011612
0.049415
-0.064010
-0.026212
0.087239
0.024201
-0.038790
0.024204
0.011603
-0.063994
-0.064034
0.074649
-0.013597
-0.026205
-0.013602
0.011614
-0.051436
0.036839
0.036825
-0.051423
-0.038832
-0.013610
0.036849
0.011617
0.011615
0.011614
-0.013602
-0.038828
-0.038842
0.024239
0.011620
-0.000994
-0.013609
-0.013610
0.011622
0.024233
-0.127193
-0.000994
-0.051518
-0.000994
0.011639
-0.013628
-0.000994
0.024271
-0.013626
-0.000994
-0.051538
-0.026276
-0.064225
-0.013645
-0.013647
0.011658
0.062245
0.011649
-0.038928
0.049581
0.024284
-0.038914
0.011647
-0.013636
0.011647
0.049555
0.049530
-0.013623
-0.013625
0.011636
0.036887
-0.038875
0.036887
0.024252
0.049479
-0.013610
-0.013612
-0.000994
0.011623
0.011622
-0.026228
-0.000994
0.011623
-0.064098
0.024252
0.011626
-0.051487
-0.000994
-0.000994
0.049498
-0.064114
-0.038885
-0.000994
0.062149
-0.038875
0.049511
0.036868
0.011623
-0.013612
0.011623
-0.000994
-0.026231
-0.000994
-0.026237
0.024249
-0.038861
-0.026247
0.062125
0.011625
-0.000994
-0.000994
-0.000994
0.011623
0.024236
-0.000994
-0.013609
-0.038847
0.036858
0.049453
-0.064058
0.099888
0.062006
-0.063994
0.087195
0.061950
0.011590
-0.000994
0.024169
-0.000994
0.087028
-0.026136
-0.076456
0.011587
0.087028
0.024141
0.011571
-0.038695
-0.038709
0.074420
-0.139298
-0.026161
0.011590
-0.051340
-0.177406
-0.064074
0.087306
-0.139787
-0.064146
0.100029
-0.000994
-0.076752
-0.026260
-0.051544
-0.114825
-0.076953
-0.013660
-0.039000
0.011676
-0.026336
-0.178569
-0.026388
0.113226
0.075080
0.024351
-0.102414
-0.013679
0.049735
-0.039039
0.087754
0.075013
0.074955
0.062253
-0.038938
-0.076924
-0.000994
0.049632
-0.064281
0.087596
0.049594
-0.152835
-0.203808
-0.013684
0.125829
-0.026346
0.024357
-0.064386
0.151078
0.100259
-0.051608
0.011662
-0.089619
0.049658
-0.038981
0.074965
0.024313
0.011657
0.112793
-0.013631
0.011642
-0.038909
0.036920
-0.000994
-0.026269
0.062181
0.112621
0.049460
-0.026218
-0.026225
0.137693
-0.038799
-0.000994
-0.038813
0.049428
-0.013597
0.049409
0.150063
-0.026155
-0.101699
-0.038785
-0.051404
0.062014
-0.152280
-0.026231
-0.013615
0.036863
0.049460
-0.089306
-0.127289
0.150540
-0.013613
-0.076742
-0.051525
-0.038909
0.049555
0.036901
-0.064161
0.074802
-0.051518
0.036901
0.074754
-0.038861
0.188197
-0.064018
-0.076675
-0.000994
-0.064106
0.087351
-0.026228
0.036853
0.036839
0.049428
0.036806
-0.139664
0.036844
0.074639
0.036801
0.137466
0.061879
-0.051290
-0.000994
-0.013572
-0.000994
-0.013574
-0.013575
0.011587
-0.026158
-0.013578
0.024172
-0.000994
0.024166
0.011584
0.024157
0.011579
-0.013567
0.011579
0.011577
0.011576
-0.013564
-0.013566
-0.000994
-0.000994
-0.013567
-0.013569
-0.000994
-0.026148
-0.000994
-0.000994
0.011584
-0.013572
0.011584
-0.000994
-0.000994
-0.000994
-0.000994
0.024157
-0.000994
-0.000994
-0.013569
-0.026148
-0.000994
-0.000994
-0.000994
-0.013574
-0.000994
-0.000994
0.011585
-0.000994
0.011584
-0.000994
-0.013572
0.011584
-0.000994
-0.000994
-0.026152
-0.000994
-0.000994
-0.026158
-0.000994
-0.063931
0.011596
-0.026177
-0.000994
-0.000994
0.024188
-0.026177
-0.000994
0.036777
0.011593
0.011591
-0.013580
0.049339
-0.038742
-0.013580
-0.000994
-0.013582
END
