y[]
-0.011282
0.000877
0.013036
0.000877
0.000877
-0.023442
0.025196
0.000877
-0.023442
0.000877
-0.011285
0.000877
0.000877
0.061671
-0.023436
-0.011282
0.000877
0.000877
0.013036
-0.011282
0.000877
0.013036
0.000877
-0.011282
-0.011283
0.000877
0.013037
0.037349
-0.011279
0.000877
0.000877
0.025187
0.000877
-0.023433
0.000877
0.013033
0.025184
0.013029
0.000877
0.013027
0.025173
-0.023418
0.025173
-0.023418
0.037318
-0.023415
0.000877
-0.023421
0.013027
-0.023424
-0.011276
-0.059909
0.073817
0.000877
-0.023430
-0.047755
0.013037
-0.023445
0.025199
0.037349
-0.023436
0.000877
-0.047767
0.025202
0.013037
-0.035608
0.171028
0.013020
0.134348
0.073604
-0.011240
0.085669
-0.083915
0.037225
-0.011237
-0.096093
0.025128
0.000877
0.000877
-0.023374
-0.011251
0.000877
-0.047649
0.000877
0.037274
-0.011254
0.025137
-0.071921
-0.011261
-0.011262
0.170698
-0.144666
-0.144878
0.073781
0.049450
0.049427
-0.120541
0.134429
0.037269
0.025131
0.025125
0.061472
0.012992
0.037212
-0.011233
0.025096
-0.011232
-0.035458
-0.023354
0.037221
0.000877
0.025099
0.025093
0.097683
-0.023315
0.025070
-0.047514
-0.023327
0.025081
-0.035431
-0.023336
0.025090
-0.011229
0.000877
-0.023339
0.025093
0.000877
0.000877
0.049292
-0.035431
-0.023336
-0.023342
0.037203
-0.011230
0.073499
-0.011223
0.049268
-0.023315
-0.047526
0.012980
0.000877
0.025079
-0.011223
-0.011224
0.000877
0.025079
-0.011223
0.000877
-0.023327
0.037181
-0.023324
0.037177
-0.023321
0.000877
-0.035431
-0.083894
-0.156746
0.110028
0.000877
-0.047619
0.122075
-0.011236
0.012990
-0.083946
-0.120423
0.025149
-0.096246
-0.047720
0.037327
-0.023421
-0.072053
-0.084276
0.013046
0.025211
0.000877
0.013042
0.013040
0.073825
0.025181
-0.035581
0.049486
0.000877
0.013026
-0.096352
0.073808
0.037323
-0.132821
0.098130
-0.035581
0.061634
0.013024
-0.023418
0.000877
0.037318
-0.011268
0.122266
0.000877
-0.011255
0.000877
-0.120526
0.013024
-0.035568
-0.059895
-0.059932
-0.084317
-0.157534
0.049646
0.025253
-0.060072
-0.011317
-0.011319
-0.157805
0.171755
0.000877
-0.121148
-0.023546
0.061923
-0.047957
0.049711
-0.047957
-0.084640
-0.011346
0.123037
0.013085
0.025288
0.098462
-0.023510
0.000877
0.049646
0.073985
0.025235
0.025229
-0.011298
0.013052
0.025223
0.025217
-0.011292
0.013046
0.025211
-0.023457
0.025211
0.013042
-0.035621
0.013045
0.025208
-0.059961
0.025217
0.013045
0.061693
-0.364576
-0.121238
0.000877
-0.096922
0.074236
0.049753
-0.023558
0.074164
-0.011334
0.000877
-0.011335
-0.047987
-0.023564
-0.035795
0.000877
0.000877
0.000877
-0.011350
-0.011352
0.000877
0.013106
0.000877
0.049777
0.013098
0.025315
0.037523
-0.060206
-0.023567
-0.060259
0.000877
-0.023588
0.074254
0.049765
0.000877
-0.011343
-0.035791
-0.011349
0.000877
0.013103
0.013101
0.000877
0.000877
-0.023573
0.000877
0.013103
-0.048035
-0.060296
0.013115
0.013113
-0.023597
-0.011362
-0.023606
-0.023612
0.025366
-0.011366
0.025363
0.025357
-0.023603
0.013118
0.000877
0.000877
0.013116
0.000877
-0.023603
0.013118
0.025354
-0.011361
0.013115
0.000877
0.000877
-0.011361
-0.011362
0.013116
0.049819
0.013109
0.000877
0.000877
-0.011355
0.013109
0.013107
0.000877
0.013106
-0.011352
0.000877
0.000877
0.037559
-0.011349
0.000877
-0.011350
0.000877
0.013104
-0.011350
-0.011352
0.013106
-0.011352
0.013106
0.000877
0.025330
-0.023576
0.000877
-0.011352
0.000877
0.025333
-0.011350
0.000877
0.000877
0.000877
-0.011352
0.000877
0.000877
0.025333
0.000877
0.025327
0.013100
-0.011346
-0.023573
0.000877
0.000877
0.000877
-0.011350
0.013104
-0.011350
0.025330
-0.011349
0.013103
0.000877
-0.011349
-0.011350
-0.060281
0.037577
0.000877
0.013107
0.025333
0.013103
-0.023576
0.013104
0.000877
-0.011350
0.000877
0.025330
0.000877
0.000877
0.013101
-0.035800
0.000877
0.000877
0.037554
-0.011347
0.000877
-0.011349
0.037550
-0.011346
0.013100
0.000877
-0.011346
0.013100
0.000877
0.013098
-0.011344
0.013098
0.013097
0.000877
0.000877
0.000877
-0.023564
-0.023570
0.025324
0.000877
-0.011346
0.013100
-0.011346
0.000877
0.013100
0.013098
0.025315
-0.023561
-0.011344
0.000877
0.025318
-0.011343
0.000877
-0.048017
0.013103
0.025324
-0.023570
0.013101
0.000877
0.025321
0.013097
-0.011343
0.037532
-0.011340
-0.011341
0.025312
0.013092
-0.060214
0.013098
-0.035791
-0.023576
-0.084755
0.086509
-0.060281
-0.011359
-0.072571
0.037608
-0.023609
0.000877
-0.011368
0.000877
0.000877
-0.011369
-0.023621
-0.048136
0.062140
-0.023624
0.000877
0.086604
-0.048100
0.000877
0.049855
-0.023609
0.000877
-0.023615
-0.023621
0.074353
-0.011365
0.013119
-0.035854
-0.035867
0.000877
0.037622
-0.048118
0.049873
-0.011369
0.013124
-0.048118
0.013128
-0.011374
0.037626
-0.023621
0.013127
0.025372
0.074326
0.025348
0.013110
0.000877
0.037568
-0.035813
0.013109
0.000877
0.025336
0.037554
-0.035800
-0.011352
-0.011353
-0.035822
0.025345
0.000877
-0.011356
0.037572
-0.060289
0.025348
-0.023594
0.000877
0.000877
0.000877
0.013113
-0.035836
-0.060341
0.025369
-0.011368
-0.048118
0.013128
0.013127
-0.035876
0.013130
-0.011375
-0.023633
0.037640
0.013128
0.000877
0.049867
-0.035863
0.000877
0.037617
0.013121
-0.011366
-0.011368
0.000877
0.000877
0.037608
0.000877
0.098760
0.000877
0.013106
-0.048047
0.062028
-0.023579
-0.011353
0.013107
-0.023585
-0.035827
-0.011361
0.037586
0.000877
0.013110
-0.035827
0.025348
0.000877
-0.035831
0.000877
-0.035845
-0.048106
0.025372
0.025366
-0.072607
-0.072661
0.086667
0.049867
0.025363
-0.011365
-0.011366
0.037604
0.025354
-0.035840
0.025357
0.000877
-0.011362
0.025354
0.000877
-0.011361
0.159850
-0.084692
0.062006
0.110814
-0.011332
-0.047975
0.074146
0.159443
-0.096672
0.000877
-0.023525
-0.035737
0.013083
-0.035746
-0.035760
0.025303
0.122918
-0.060124
-0.072374
-0.035769
-0.072455
0.000877
0.013103
0.135261
-0.035755
-0.084650
-0.035800
-0.035813
0.013109
0.025336
-0.023582
-0.060296
0.062050
0.062013
-0.023573
0.098641
0.013091
-0.011337
0.049723
0.000877
0.037496
0.000877
0.074075
-0.047915
-0.035733
0.037487
-0.023528
0.013080
0.000877
-0.035737
0.025288
0.000877
0.000877
-0.011328
-0.023537
-0.023543
0.086321
0.000877
-0.060147
-0.060184
0.037518
0.061916
-0.023534
0.013083
0.122858
0.013067
-0.035697
0.000877
-0.011317
-0.035715
-0.023525
0.025279
0.000877
-0.072347
0.013085
0.000877
-0.011331
0.025291
0.037487
-0.011325
0.013079
-0.047939
-0.035751
0.013088
0.000877
-0.121298
-0.023576
0.049777
-0.035795
0.049771
-0.109167
0.074254
-0.011349
-0.011350
0.025330
0.037545
-0.011344
0.000877
-0.011346
-0.048029
-0.035818
0.000877
-0.035831
-0.048088
0.025363
0.049831
0.037577
0.000877
0.000877
0.025336
0.013104
0.000877
-0.035809
-0.084776
0.013118
-0.035849
0.025363
-0.097102
-0.011377
-0.097210
0.000877
0.062193
-0.011383
-0.035912
-0.072742
0.148062
0.049891
0.000877
-0.048136
0.000877
-0.048160
0.062170
0.123351
0.037590
0.000877
0.000877
-0.035836
0.025354
-0.097066
-0.023624
0.062118
0.000877
0.037604
-0.011363
0.013118
0.037590
0.000877
0.000877
0.000877
-0.011359
0.013113
-0.011359
0.000877
-0.011361
0.013115
0.000877
0.000877
END
