y[]
-0.015373
0.012547
-0.001413
-0.015373
0.012547
0.012545
-0.001413
-0.015371
-0.015373
-0.015375
-0.015377
0.040472
0.040454
0.026489
0.068307
-0.043240
0.012531
0.012529
-0.029299
-0.015359
-0.015361
-0.029315
0.026489
-0.015363
0.026485
-0.029311
-0.015365
-0.057240
-0.015375
0.026508
-0.015373
-0.001413
0.012547
0.012545
-0.001413
-0.001413
0.026496
-0.029323
0.012543
0.040442
-0.057224
-0.029330
0.110210
-0.071163
-0.029327
0.040454
0.068327
-0.113020
-0.071231
0.235769
0.096087
-0.084979
0.221273
0.206906
-0.056922
0.026345
-0.070824
0.054119
-0.015293
0.067969
0.026326
0.012454
-0.029149
-0.056907
-0.001413
-0.001413
-0.015291
0.026342
0.012461
-0.056922
0.012467
-0.084723
-0.001413
-0.043094
-0.015311
-0.001413
0.095829
-0.001413
-0.015299
0.012473
-0.015299
0.012473
-0.056969
0.026369
0.040245
0.026349
-0.043060
-0.001413
-0.056969
-0.015307
-0.029206
-0.001413
-0.029214
-0.015316
-0.084874
0.040326
-0.001413
0.040309
0.040291
-0.043117
-0.015318
0.109775
0.012477
-0.001413
-0.015303
0.054135
-0.070853
0.040256
-0.043083
0.026369
-0.029195
0.095789
-0.015293
0.026345
-0.029172
0.012467
0.026342
-0.001413
-0.015289
-0.029172
0.054096
-0.015288
-0.001413
-0.001413
-0.029168
-0.029175
0.026349
-0.043060
0.040233
-0.001413
-0.001413
-0.015293
0.026345
0.012463
0.012461
0.067930
-0.015278
0.012452
-0.015278
0.026315
-0.001413
-0.015276
0.026311
0.012446
0.012444
-0.029129
-0.029137
0.012450
0.012448
-0.001413
0.012446
-0.029133
-0.029141
0.012452
-0.029145
0.054042
-0.029137
0.095587
0.012436
0.012434
-0.001413
-0.042961
0.012438
-0.015264
-0.015266
0.012440
0.040135
-0.001413
-0.015261
-0.001413
-0.029114
0.012438
-0.015264
-0.001413
-0.015266
0.012440
-0.029122
0.012442
-0.001413
-0.001413
0.012440
-0.015266
-0.015268
-0.029129
0.012446
-0.001413
-0.015272
-0.015274
0.012448
-0.029137
-0.001413
-0.001413
-0.043013
0.012456
-0.015282
-0.029156
0.054065
0.012452
-0.098507
-0.015291
0.067959
0.012456
-0.015282
0.054050
0.026307
0.012444
-0.015270
-0.001413
-0.001413
0.012444
-0.001413
0.012442
0.026292
-0.001413
-0.001413
-0.001413
-0.001413
-0.001413
-0.001413
-0.001413
0.012436
-0.015263
0.012436
-0.001413
-0.001413
-0.001413
-0.001413
0.012434
-0.015261
0.026280
0.095453
0.040072
0.012411
0.012410
-0.029060
-0.001413
-0.015240
-0.056738
0.026253
-0.001413
-0.015245
-0.001413
-0.001413
0.012419
-0.001413
0.026246
-0.015241
-0.001413
-0.015243
-0.001413
-0.015245
0.012419
-0.001413
-0.001413
-0.015245
-0.001413
-0.001413
-0.001413
-0.015247
0.026253
-0.001413
-0.015245
-0.015247
-0.001413
-0.001413
-0.015249
-0.001413
-0.001413
-0.015251
0.012425
-0.001413
-0.001413
-0.015251
0.012425
-0.015251
0.012425
-0.001413
-0.029091
-0.001413
-0.001413
0.012427
-0.001413
0.012425
-0.001413
-0.001413
-0.001413
-0.001413
-0.001413
-0.015251
0.012425
-0.001413
0.012423
-0.001413
0.026253
-0.001413
-0.001413
-0.015245
-0.001413
0.012419
-0.015245
0.012419
-0.001413
-0.001413
-0.001413
-0.001413
-0.001413
-0.015245
-0.001413
-0.001413
-0.029083
-0.001413
0.012423
-0.015249
-0.001413
-0.001413
0.012423
-0.001413
-0.015249
-0.001413
-0.001413
-0.001413
-0.001413
-0.001413
-0.001413
-0.001413
-0.001413
-0.001413
-0.001413
-0.001413
-0.015251
0.012425
-0.001413
0.012423
-0.015249
0.012423
0.012421
-0.015247
0.012421
-0.001413
-0.001413
-0.001413
0.012419
-0.001413
-0.015245
-0.001413
0.026249
-0.015243
0.012417
-0.001413
0.012415
-0.001413
-0.015241
-0.001413
0.012415
-0.015241
-0.015243
0.012417
0.012415
0.012413
-0.015240
-0.015241
-0.015243
-0.001413
0.026246
-0.015241
-0.001413
-0.001413
0.012415
-0.001413
-0.001413
0.012413
-0.001413
-0.029068
-0.001413
-0.001413
0.026242
-0.001413
0.012411
-0.015238
-0.001413
-0.001413
-0.015240
-0.015241
-0.015243
0.026246
-0.001413
-0.001413
-0.001413
-0.001413
-0.001413
-0.001413
-0.015241
0.012415
-0.001413
-0.001413
-0.001413
-0.001413
-0.015241
-0.001413
-0.001413
0.012415
-0.029072
-0.015245
-0.001413
-0.001413
-0.015247
-0.001413
-0.001413
-0.001413
-0.001413
-0.029087
0.026261
0.012421
-0.015247
0.012421
0.012419
0.012417
0.026242
-0.015240
-0.001413
0.026238
-0.029064
-0.056738
0.026253
-0.042915
-0.015251
0.012425
-0.015251
0.012425
-0.042933
0.026269
-0.015253
-0.029099
0.012431
0.012429
0.026265
0.012423
-0.015249
0.026257
-0.015247
-0.042927
0.040101
0.012421
-0.015247
0.026253
-0.029079
-0.001413
-0.015249
-0.015251
-0.001413
-0.029095
0.040107
-0.001413
-0.015251
0.012425
0.026257
-0.015247
-0.015249
-0.029091
0.012427
-0.001413
-0.001413
0.012425
-0.015251
0.012425
-0.001413
-0.001413
-0.001413
-0.042933
-0.001413
0.012429
-0.029099
0.026272
-0.001413
-0.015255
-0.001413
-0.042950
-0.001413
-0.001413
-0.001413
0.012434
-0.001413
-0.015261
-0.001413
0.026280
0.026272
0.026265
-0.056776
-0.029106
0.040124
-0.070651
0.040135
-0.001413
0.026276
-0.015257
-0.015259
-0.001413
-0.015261
-0.001413
-0.015263
-0.001413
-0.001413
0.026284
0.012433
-0.001413
-0.015259
-0.001413
-0.001413
-0.015261
-0.001413
0.026280
-0.001413
-0.001413
0.026272
-0.015255
0.040107
-0.001413
0.012423
-0.001413
-0.001413
-0.015249
0.012423
-0.001413
0.012421
-0.001413
-0.015247
-0.015249
-0.001413
0.012423
-0.015249
-0.001413
-0.029091
0.040101
-0.001413
-0.001413
0.026253
0.012417
0.012415
0.012413
-0.001413
-0.001413
-0.001413
-0.001413
-0.015240
0.026238
-0.001413
-0.001413
-0.029064
-0.015241
-0.001413
-0.001413
-0.001413
0.040066
0.026230
-0.001413
0.012406
-0.029053
-0.001413
0.040043
-0.029049
-0.001413
-0.029057
0.012410
-0.056715
-0.015243
-0.001413
0.067719
-0.015236
-0.015238
0.026234
0.040043
0.081448
-0.015219
-0.015220
-0.029034
-0.015226
-0.015228
-0.015230
-0.029053
-0.056715
-0.015243
-0.001413
-0.042915
0.026257
-0.015247
0.053912
-0.015241
-0.001413
-0.015243
-0.001413
0.067719
0.040043
-0.029049
-0.029057
0.012410
0.040043
-0.029049
0.012406
0.040032
-0.029041
0.012402
0.040020
0.026200
-0.029026
-0.015222
-0.029037
-0.001413
-0.001413
-0.001413
-0.001413
-0.029045
0.012404
-0.015230
0.026219
-0.015228
0.040026
-0.056669
-0.015232
-0.029057
-0.001413
0.040049
0.012404
-0.029049
-0.015234
-0.001413
-0.029060
0.026234
0.012408
-0.001413
0.026223
0.012402
-0.015228
-0.001413
-0.029049
0.026223
-0.015230
0.026219
-0.042864
-0.015234
0.026226
0.012404
0.012402
-0.015228
0.053836
-0.001413
0.026200
-0.029026
-0.029034
0.012398
-0.001413
0.012396
-0.001413
-0.056662
0.026215
-0.042858
-0.029053
-0.001413
0.012408
-0.001413
-0.001413
-0.029057
0.012410
0.012408
-0.070536
-0.015243
-0.001413
0.012417
0.012415
0.026238
0.026230
-0.001413
-0.015234
0.026226
-0.029053
0.012408
-0.001413
-0.056708
-0.001413
0.012413
0.026234
-0.042887
0.012413
0.040055
-0.001413
-0.029057
-0.015238
-0.001413
-0.056730
-0.015247
0.026253
-0.001413
-0.001413
-0.042915
0.040089
0.012417
0.026242
-0.029068
-0.015243
-0.015245
0.067729
-0.015238
-0.015240
0.012413
-0.001413
0.012411
0.026230
-0.001413
-0.029057
0.026230
-0.015234
0.012408
-0.001413
-0.001413
-0.015234
-0.001413
-0.001413
-0.001413
-0.029060
0.012411
-0.015238
0.012411
-0.001413
0.040049
0.012404
0.012402
-0.001413
0.012400
-0.001413
-0.001413
0.012398
-0.015224
0.012398
-0.015224
-0.001413
-0.001413
-0.015226
-0.001413
END
