y[]
-0.011696
0.016431
-0.011696
-0.124295
-0.025802
0.002368
-0.053994
0.016461
0.058721
0.016451
-0.011716
0.016451
-0.011716
0.002368
-0.039895
0.030544
-0.011720
-0.054002
0.030556
0.016459
0.044630
0.086839
-0.068020
-0.039889
0.016455
-0.025809
-0.039913
-0.011730
-0.011732
0.030564
-0.011730
0.002368
-0.068149
0.030580
-0.025845
0.016475
0.058777
-0.011732
0.016467
-0.025833
-0.039949
0.044684
0.002368
-0.011736
0.002368
0.030572
-0.025837
0.002368
-0.011738
0.030576
0.030568
-0.011732
0.044660
0.016461
0.030548
0.072785
0.002368
0.016445
-0.011710
0.086803
-0.011700
-0.068001
0.016445
0.016443
0.016441
-0.011706
0.072716
-0.011698
-0.025770
-0.025778
-0.039865
0.016447
0.058666
0.016437
0.002368
0.030501
0.016431
0.002368
-0.025762
0.002368
0.044559
0.044541
0.030473
0.100675
0.016404
0.016402
0.016400
0.002368
-0.011665
-0.053781
-0.011674
-0.011676
0.002368
-0.011678
0.002368
-0.039782
0.016419
0.030465
-0.039782
-0.039800
-0.011692
-0.039824
-0.039841
0.002368
0.002368
0.030509
0.030501
-0.053907
0.002368
0.002368
-0.068020
-0.011716
-0.011718
0.002368
0.016453
0.002368
0.016451
0.199329
-0.110134
-0.082092
-0.110356
-0.138716
0.072934
0.058785
-0.025837
-0.039955
-0.308543
0.016521
0.073104
-0.153319
-0.238716
0.101708
-0.253278
0.073446
-0.026058
-0.011848
0.030797
-0.026062
0.116036
0.073345
0.016557
0.059105
0.030724
-0.054354
-0.026005
-0.068600
-0.040237
-0.040255
-0.097156
-0.054548
-0.040340
0.002368
-0.154384
0.059396
-0.011887
0.030874
0.045112
-0.083139
0.045130
0.002368
0.030866
-0.040383
-0.026143
-0.040413
-0.097525
0.016644
0.030914
-0.069015
-0.140551
-0.026241
0.030976
0.045264
-0.097754
0.102489
-0.083445
-0.040566
0.045301
0.116768
-0.011925
0.073811
0.016650
0.002368
-0.097654
0.088106
0.002368
-0.026204
0.016654
0.030935
-0.011915
-0.126268
0.002368
-0.112114
-0.069250
0.073985
0.016685
-0.011950
-0.112246
-0.011968
-0.054997
0.002368
-0.083740
0.131502
-0.055005
-0.098113
0.074150
-0.011985
-0.112526
-0.098272
0.103007
0.059831
-0.026360
-0.026368
0.059831
0.059798
-0.055063
0.059798
0.045418
0.059740
-0.055005
-0.026331
-0.026339
0.074119
0.002368
-0.141187
-0.011999
0.045462
-0.155735
0.074263
-0.026385
0.002368
-0.127120
0.016763
-0.040826
0.031165
0.002368
0.016763
-0.069632
0.175079
-0.026397
-0.012018
-0.069590
0.031157
0.088686
0.045499
-0.069528
0.016751
0.045505
-0.055153
-0.112774
-0.084075
0.002368
0.074408
0.016769
0.059955
-0.040820
-0.012032
-0.012034
-0.040851
-0.084125
-0.026480
0.060054
-0.012051
0.016786
0.045611
-0.026459
0.016782
0.031190
0.088785
0.045549
-0.012024
0.002368
-0.012026
-0.012028
0.002368
0.002368
0.016763
-0.012028
0.045549
0.016757
-0.055203
0.031157
-0.012026
0.045542
0.016755
0.002368
0.002368
0.002368
0.016753
0.045511
-0.012012
0.002368
0.045499
0.002368
-0.012008
0.016743
-0.026385
0.002368
0.016745
0.031116
-0.012005
-0.026385
0.002368
0.016745
-0.026389
0.016747
-0.069549
0.002368
0.016755
0.016753
-0.026405
0.016755
-0.012020
0.016755
0.002368
0.016753
0.002368
0.045511
0.045493
0.016738
0.016736
0.016734
-0.011999
-0.012001
0.002368
0.002368
0.031103
-0.026368
0.031103
0.002368
-0.055112
0.016740
-0.055137
-0.012014
0.031128
0.016745
0.031116
0.002368
0.031107
0.016734
-0.026368
0.031103
0.002368
0.031095
0.074150
-0.011985
-0.026343
0.031078
-0.026343
-0.026352
0.031087
0.016724
-0.011989
0.002368
-0.026352
0.002368
-0.055096
-0.026376
-0.040764
0.045499
-0.012008
-0.012010
-0.012012
0.045499
0.016740
0.016738
0.002368
0.016736
0.002368
0.002368
0.002368
-0.098258
0.031128
0.016745
0.002368
0.045486
-0.055129
0.002368
0.016745
-0.012010
-0.012012
-0.040782
0.045517
-0.040782
0.016753
0.016751
-0.012016
0.031132
0.045499
-0.026385
0.031120
-0.026385
0.002368
0.031120
-0.012008
0.002368
0.045486
-0.012003
-0.040758
-0.012012
-0.012014
0.031128
0.031120
0.002368
0.059847
0.016732
0.016730
-0.011995
0.016730
0.002368
-0.011995
0.016730
-0.011995
0.002368
0.002368
-0.040733
0.002368
0.031103
0.002368
0.002368
0.002368
0.016732
-0.026364
0.002368
-0.026372
-0.012005
-0.040764
0.002368
-0.055170
-0.069601
-0.026434
0.016769
-0.084075
0.016780
0.016778
0.016776
0.088773
-0.012028
0.059938
0.002368
-0.055203
0.074325
-0.012020
-0.012022
0.016757
0.045524
0.031128
0.016745
-0.012010
0.031120
-0.040764
0.002368
0.002368
0.045499
0.016740
0.016738
-0.026376
-0.012008
0.002368
0.002368
0.031116
0.016738
0.002368
-0.026376
-0.026385
0.002368
0.002368
0.031120
0.031111
0.045468
0.002368
0.016730
-0.026360
0.031095
-0.055096
0.045468
0.016730
-0.026360
0.031095
-0.026360
-0.040739
0.031107
-0.012001
0.031103
0.016732
0.016730
-0.011995
0.016730
0.059798
0.016720
-0.026339
0.002368
0.002368
-0.011989
-0.026352
0.016728
0.031083
0.016722
-0.026343
-0.026352
-0.011995
0.031091
0.045437
0.031070
0.016716
0.031058
0.002368
0.016710
-0.055013
-0.026335
0.016720
0.002368
0.002368
0.002368
0.016718
0.002368
-0.069405
0.016726
-0.011991
0.016726
0.002368
-0.011991
-0.011993
-0.026360
-0.040739
-0.040758
0.016745
-0.012010
0.002368
-0.026393
-0.012016
0.002368
0.002368
0.002368
0.031132
-0.026397
0.016751
0.002368
0.016749
0.045499
-0.012008
-0.069539
0.016753
0.031132
0.016747
0.002368
0.016745
0.059855
-0.069497
0.031120
-0.012008
0.074222
0.002368
-0.026368
-0.040751
0.002368
0.045486
0.002368
-0.012003
0.016738
-0.026376
-0.012008
0.002368
0.016743
0.031111
-0.012003
0.002368
-0.012005
-0.040764
-0.012014
0.002368
0.002368
0.002368
-0.026401
0.074274
0.016743
0.045480
-0.026372
0.016738
0.074191
0.031083
0.059773
-0.040683
0.045418
0.002368
0.059740
0.031041
0.002368
-0.069333
0.059732
-0.054997
-0.026327
0.131428
0.002368
-0.011964
0.031029
0.059666
-0.011954
-0.040609
-0.011962
-0.026298
0.088340
-0.054939
0.016697
-0.040628
-0.011968
0.059699
0.045344
-0.011956
-0.040616
0.016697
-0.026294
-0.069322
-0.126804
-0.055096
0.059831
0.031087
0.188841
0.159882
-0.026253
-0.011946
-0.097883
0.031021
0.088278
-0.069220
0.045326
-0.040591
-0.155305
0.016712
0.045388
0.088352
0.088278
0.016679
-0.040572
-0.026269
-0.026278
-0.097955
0.016705
-0.054997
0.031054
-0.011975
0.059723
0.145613
0.073914
0.002368
-0.083494
0.016683
-0.026265
-0.054923
0.016693
0.016691
0.031008
0.016685
0.088229
0.002368
-0.011938
0.016673
0.016671
0.059559
-0.040523
0.045258
0.045240
0.102332
-0.011907
-0.040468
-0.069066
0.030947
0.016654
0.002368
0.002368
0.002368
0.088045
-0.040462
-0.026196
0.045209
-0.040474
0.016650
0.030927
0.059461
-0.040450
0.002368
-0.011909
0.045191
-0.011905
0.016640
0.016638
0.045167
-0.083249
-0.069036
-0.054792
0.059527
-0.011919
0.002368
0.045222
0.030927
0.016644
-0.040468
-0.040487
0.030939
0.002368
-0.040493
0.002368
-0.154944
0.002368
-0.040579
-0.069250
0.102618
-0.026265
0.016685
0.102532
-0.026241
0.002368
-0.040560
0.088204
0.030963
0.002368
-0.040529
0.045264
-0.011929
0.045252
0.073801
0.030927
-0.054759
-0.011919
0.045222
-0.054775
0.088070
-0.011911
-0.011913
0.030927
-0.040474
0.030931
-0.083347
0.073801
-0.040487
-0.083396
-0.169380
0.102589
END
