y[]
0.025679
-0.010124
0.001810
0.001810
0.001810
0.013744
-0.010124
-0.034000
0.001810
0.013748
-0.022068
0.013749
-0.010130
-0.010131
0.013751
0.013749
0.025685
0.001810
0.013745
-0.010126
0.013745
-0.010126
0.001810
0.013745
0.001810
0.037607
-0.033988
-0.010126
0.001810
-0.010127
-0.045951
0.025693
0.013749
0.001810
-0.022071
0.025690
-0.010130
0.013749
0.001810
-0.010130
0.001810
0.025687
-0.034009
0.001810
0.025690
0.013748
-0.010128
-0.010130
-0.010131
-0.045969
-0.010138
0.037650
-0.010136
0.025699
-0.010134
-0.057931
0.037658
0.037646
0.025693
0.013749
0.001810
0.013748
-0.034009
-0.034022
0.001810
0.025699
0.001810
-0.010134
0.001810
-0.034030
0.073477
0.001810
-0.022074
0.001810
0.013752
0.013751
0.001810
-0.045963
0.001810
0.025699
-0.010134
0.001810
0.037637
-0.010131
0.013751
-0.010131
0.001810
-0.010133
0.001810
0.013752
-0.022077
0.037637
-0.022074
0.013752
-0.022077
0.001810
-0.010136
-0.010137
0.025702
-0.010136
0.013755
0.013754
-0.022079
0.001810
0.001810
-0.010137
0.001810
0.025702
0.001810
-0.022082
0.049588
-0.045969
0.001810
-0.010138
0.025705
0.001810
-0.010137
-0.022088
0.025707
0.013756
-0.022085
0.001810
0.001810
0.001810
0.013758
-0.010138
0.001810
0.025705
0.001810
-0.010137
-0.010138
0.025705
0.025699
0.013752
0.013751
0.049559
0.001810
-0.034000
-0.034013
0.001810
0.001810
0.001810
-0.010134
0.013754
0.001810
0.001810
-0.010134
-0.010136
0.061522
0.013748
0.013746
0.013745
0.049537
0.025665
0.001810
0.049503
-0.010111
-0.010113
0.001810
-0.010114
-0.022042
-0.045912
0.025673
-0.057860
-0.237225
-0.046066
0.097538
-0.117865
0.013784
0.025753
-0.034108
0.025756
-0.105994
-0.106110
0.073769
0.049754
-0.082108
0.013802
0.049766
0.193404
-0.022119
0.037701
0.001810
-0.010153
-0.022119
0.181139
-0.022082
0.061529
0.025687
0.061479
-0.129510
-0.081847
-0.141765
-0.082038
-0.046135
-0.034164
-0.010184
-0.190290
-0.034250
0.097940
0.049840
-0.082259
0.109885
-0.046210
-0.034220
0.001810
0.073856
0.097791
0.049766
0.013795
0.169454
0.001810
0.013774
0.025733
-0.093918
-0.058067
-0.022151
0.001810
-0.070107
0.133617
-0.070064
-0.034146
0.097664
-0.118023
-0.022174
-0.022180
-0.094206
0.061830
0.061794
0.025793
0.025788
-0.082138
0.037796
0.109691
-0.034138
0.013794
0.013792
-0.034142
0.013795
-0.058132
0.061751
-0.034151
0.097676
-0.034129
-0.058117
-0.022171
-0.142196
0.049835
-0.010194
0.037818
-0.022194
-0.046215
-0.034224
0.061859
0.061823
0.001810
-0.034194
0.025814
-0.010191
0.061801
-0.022183
0.073769
-0.046158
0.073752
0.001810
0.025779
0.013792
0.049725
-0.022145
0.001810
-0.010170
-0.010171
-0.046129
0.001810
0.037766
-0.022160
-0.010177
0.121613
0.097549
-0.034082
-0.034095
0.073606
0.121355
0.001810
-0.010138
0.001810
-0.045997
-0.057981
0.013771
-0.010151
-0.093930
0.061658
0.013775
-0.141868
0.037749
-0.094056
0.025785
0.013795
0.025776
0.013791
0.037744
0.013785
0.013784
0.001810
-0.010164
0.061665
-0.022128
0.013779
0.013778
0.001810
0.025742
-0.046060
0.025747
0.073589
0.049634
-0.010144
-0.069943
0.037693
0.013768
0.037676
0.025713
-0.022094
-0.010144
0.097401
0.001810
0.001810
0.001810
0.013752
0.001810
0.013751
0.013749
-0.010130
-0.022074
0.013752
0.001810
0.013751
0.001810
-0.022074
0.013752
0.013751
-0.022074
0.013752
-0.057917
0.037650
0.001810
-0.045980
0.025707
0.025702
-0.045980
0.025707
0.037646
0.001810
-0.034026
0.001810
0.001810
-0.010138
0.001810
0.037650
0.001810
-0.022082
0.013756
0.025699
-0.010134
0.001810
0.001810
0.001810
0.013754
0.001810
-0.022079
0.025699
0.013752
0.001810
0.001810
-0.010133
0.001810
-0.022079
0.001810
0.001810
0.001810
0.001810
-0.010137
0.001810
0.001810
0.013756
0.013755
-0.022082
0.001810
0.001810
0.001810
0.001810
0.013756
-0.022085
0.025705
0.013755
0.001810
-0.010136
0.013755
0.013754
0.025693
0.073426
0.061451
-0.022042
0.001810
0.001810
-0.022048
0.025668
0.013736
-0.010117
0.013736
-0.010117
0.013736
-0.022045
0.001810
-0.022051
0.061451
0.025656
-0.022037
-0.010116
0.013735
-0.010116
0.037581
-0.010113
0.025653
-0.022034
-0.022040
0.013735
-0.010116
0.013735
0.001810
-0.022042
0.013736
-0.010117
-0.022048
-0.010121
0.037599
-0.010118
-0.010120
0.013739
-0.022051
0.013741
-0.010121
0.001810
0.013741
0.013739
0.001810
0.037590
-0.033971
0.001810
-0.010120
0.013739
0.001810
0.001810
0.025665
-0.010117
0.013736
-0.010117
-0.033979
0.013741
0.025668
-0.022048
-0.010121
0.001810
0.025670
0.001810
0.001810
0.001810
-0.022051
0.001810
-0.010123
0.013742
0.001810
-0.010123
0.037603
0.013738
-0.010118
0.025665
0.001810
0.001810
-0.010117
-0.010118
0.025665
0.001810
-0.022045
-0.033983
-0.010124
0.001810
-0.010126
0.001810
0.013745
0.013744
0.001810
0.025673
-0.010121
-0.022057
0.013744
-0.010124
-0.010126
0.013745
0.001810
0.001810
-0.010126
0.013745
0.001810
-0.010126
0.001810
0.013745
0.001810
0.001810
-0.010126
0.013745
-0.034000
-0.010130
-0.010131
-0.045969
-0.022088
-0.010141
0.025710
0.013758
-0.010138
0.001810
-0.010140
-0.010141
0.025710
-0.022091
0.025710
-0.010140
-0.010141
0.001810
0.013761
-0.022094
-0.010144
0.001810
0.001810
0.001810
0.001810
-0.010146
-0.046026
0.025730
0.001810
-0.046037
-0.022122
0.037706
0.025733
0.001810
0.013769
0.013768
-0.034069
-0.046049
0.001810
0.001810
0.001810
0.001810
-0.022128
-0.022134
-0.034116
0.037736
0.013782
-0.010163
0.037723
0.001810
0.025745
0.049662
0.001810
0.001810
-0.034078
-0.022122
0.025742
-0.022122
-0.022128
0.013779
-0.010160
0.037714
0.013775
0.013774
0.001810
-0.022119
-0.022125
0.037710
-0.022122
0.001810
-0.022128
-0.046083
-0.010167
0.037736
-0.022140
-0.010167
-0.010168
-0.022151
0.037749
-0.022148
-0.010171
0.001810
0.025770
0.025765
-0.034125
0.001810
0.013789
0.001810
0.013788
0.001810
0.013786
0.013785
-0.010166
0.001810
0.025759
0.025753
-0.022134
-0.034116
0.001810
0.001810
-0.010168
-0.010170
0.001810
0.001810
0.001810
0.013789
-0.010170
0.001810
0.001810
0.013789
0.025765
0.013785
-0.010166
0.037731
0.001810
0.001810
-0.034112
0.013785
-0.010166
0.001810
-0.010167
-0.022148
-0.010171
0.025770
0.001810
0.001810
0.001810
0.001810
0.013788
0.013786
0.001810
0.013785
-0.010166
0.013785
0.013784
0.001810
0.013782
-0.010163
-0.010164
-0.010166
0.013785
-0.010166
0.013785
0.001810
0.001810
0.049697
0.001810
0.025745
-0.034095
-0.034108
0.037727
-0.034108
-0.022142
0.013786
0.001810
0.001810
0.013785
-0.022142
0.001810
-0.022148
0.013789
-0.022151
0.013791
-0.082088
-0.046163
0.097733
0.073692
-0.177993
-0.154281
0.037852
-0.070288
0.061895
0.001810
-0.094344
0.001810
-0.058333
0.025871
-0.130601
-0.010236
0.098137
-0.022263
-0.106591
-0.094646
0.050049
-0.070558
0.050061
0.086193
0.013859
-0.070506
0.074125
-0.022290
-0.022295
-0.010245
0.074116
-0.010238
-0.022290
-0.070523
-0.082645
-0.070637
-0.022351
-0.119080
0.086448
0.001810
-0.010277
-0.119139
-0.022398
0.098603
-0.034477
0.038096
0.013902
-0.034473
-0.095007
0.062331
-0.058712
-0.010299
0.013918
-0.046634
-0.070900
0.135070
-0.010298
0.050230
0.013911
0.001810
-0.010292
0.050207
0.001810
0.001810
END
