y[]
-0.024044
0.000000
-0.012024
-0.012026
0.000000
-0.012027
0.000000
-0.012029
-0.012030
0.000000
0.012030
-0.024062
0.000000
0.000000
0.000000
0.000000
-0.012033
0.012033
0.012032
0.000000
0.012030
0.024056
-0.012027
0.024053
-0.024053
0.012027
0.000000
-0.012027
0.012027
0.000000
-0.024056
-0.024062
0.072167
0.000000
0.012023
-0.024047
0.000000
0.000000
-0.036082
0.000000
0.000000
-0.012030
0.024059
0.024053
0.000000
0.000000
-0.024053
0.000000
-0.012029
0.024056
-0.036086
0.000000
0.000000
0.024059
0.012027
-0.024056
0.012029
0.012027
-0.012027
0.012027
0.012026
-0.048112
0.012030
0.000000
0.000000
0.012029
-0.012029
0.012029
0.000000
0.012027
0.012026
-0.036082
0.036082
0.000000
-0.012026
0.024050
0.036064
-0.012020
0.024038
0.000000
-0.012019
0.012019
0.012017
-0.012017
0.024033
-0.024033
0.000000
-0.012019
0.012019
0.000000
0.000000
0.012017
-0.024036
-0.048088
-0.036082
-0.060165
0.000000
0.024070
-0.036108
0.000000
-0.024079
0.036116
-0.036116
0.024079
0.000000
0.036108
-0.036108
0.024073
0.000000
-0.024073
0.000000
-0.036121
0.012042
0.012040
-0.048170
-0.024093
-0.012049
0.000000
-0.036155
0.084342
-0.012045
0.012045
-0.024091
-0.024096
-0.048210
0.048210
0.000000
0.024096
-0.024096
0.060230
-0.048181
0.036138
-0.036138
0.036138
0.000000
0.000000
-0.036138
0.012047
0.000000
0.036134
-0.012043
0.000000
0.012043
0.012042
0.000000
-0.036129
0.036129
0.048152
0.036099
0.000000
-0.060172
0.000000
0.024073
-0.012036
-0.036116
0.000000
0.024079
0.000000
-0.036121
-0.024088
-0.012046
0.012046
0.000000
0.000000
0.012045
-0.024091
0.036134
0.000000
-0.024088
-0.036142
0.012049
0.000000
0.012047
0.012046
0.000000
-0.048193
0.000000
0.012050
0.000000
-0.012050
0.036147
-0.048199
-0.024108
0.024108
0.024102
0.000000
0.012049
0.000000
0.000000
0.000000
0.048181
-0.012043
0.024085
0.000000
0.036116
-0.036116
0.000000
0.024079
0.036108
0.000000
0.024064
-0.048135
-0.012037
0.048141
-0.060179
0.024076
0.000000
-0.012037
0.012037
-0.012037
0.084231
-0.024059
0.084180
0.048071
0.000000
0.060056
0.000000
-0.048042
-0.024030
-0.012017
-0.048083
-0.012024
0.168209
0.036008
0.035995
-0.035995
-0.072029
-0.072081
0.000000
-0.048083
0.048083
-0.072133
-0.024056
0.060129
-0.048100
-0.024059
0.096200
-0.048088
-0.156447
0.012043
0.084261
0.024062
-0.048129
0.012034
0.048123
0.036077
-0.012024
-0.036082
0.024056
0.012026
-0.024053
-0.048123
0.084200
0.060100
0.012016
0.000000
0.012014
-0.024030
0.048054
-0.036038
0.012014
-0.012014
0.000000
0.000000
0.036038
-0.072089
-0.060114
0.024050
0.048083
0.012017
0.012016
0.024027
0.000000
0.072046
0.000000
0.000000
-0.024010
-0.012007
0.012007
0.036012
-0.024007
-0.024012
-0.060056
0.000000
0.012014
0.000000
0.036034
0.012008
0.000000
0.036017
0.012003
0.000000
0.000000
-0.036012
-0.012007
-0.024018
-0.024024
-0.048065
-0.048088
0.024047
0.000000
0.012021
-0.060121
0.024053
-0.048112
0.000000
0.048112
-0.024053
0.036077
-0.024050
0.000000
0.048094
-0.012021
0.048077
0.036043
0.000000
-0.012013
-0.012014
-0.048071
0.000000
0.024038
0.036047
-0.048065
0.000000
0.048065
0.000000
-0.048065
0.024036
-0.012017
-0.024038
0.036056
0.012016
0.036038
0.024018
0.060020
0.012000
-0.024001
0.012001
-0.012001
0.024001
0.047985
0.000000
0.059948
-0.023975
-0.035973
-0.035986
-0.011998
-0.084029
0.024015
-0.036025
0.036025
0.012006
0.000000
0.036008
-0.012001
0.024001
0.000000
-0.036004
0.036004
0.011998
0.000000
0.000000
0.011997
0.011995
0.023987
0.000000
0.000000
0.059941
-0.083928
0.023987
-0.023987
-0.023992
0.000000
-0.011998
0.011998
-0.011998
0.000000
0.000000
-0.012000
-0.012001
-0.012003
0.000000
0.000000
0.012003
0.000000
0.012001
-0.024004
0.012003
0.012001
0.000000
0.000000
0.023998
-0.011998
-0.012000
0.012000
0.023995
0.011995
0.011994
0.000000
0.000000
0.011993
0.000000
0.000000
0.000000
0.000000
0.000000
0.000000
0.000000
-0.011993
0.011993
0.000000
0.035969
0.011987
-0.023975
0.011988
0.035956
0.071874
0.011974
0.000000
-0.023949
0.011975
0.000000
-0.011975
0.000000
0.000000
-0.023955
-0.011980
0.000000
0.023958
0.011977
0.023949
0.000000
-0.011974
0.000000
-0.023952
0.000000
0.011977
0.023949
0.000000
-0.011974
-0.011975
0.000000
0.011975
-0.011975
-0.011977
0.000000
0.011977
0.000000
0.011975
-0.011975
0.047893
0.071796
0.011961
0.023918
0.011957
-0.023915
-0.011960
-0.011961
-0.011962
-0.011964
0.011964
-0.011964
0.000000
0.000000
0.023926
0.047835
-0.011957
0.000000
0.000000
0.011957
-0.011957
0.023912
-0.011955
0.011955
-0.023912
0.000000
0.011957
0.023909
-0.035866
-0.011958
-0.011960
0.011960
-0.083747
0.023935
-0.035904
-0.035917
0.035917
0.000000
0.000000
0.047870
0.047847
0.023915
0.023909
-0.023909
-0.023915
0.000000
-0.011960
0.059784
-0.023909
0.023909
0.083637
0.000000
-0.011944
-0.023892
-0.011948
0.023895
0.011945
0.000000
0.011944
0.011942
0.000000
-0.011942
0.000000
0.011942
0.000000
-0.011942
0.035823
0.011938
-0.023878
0.011940
-0.011940
-0.011941
0.011941
-0.011941
0.000000
0.000000
0.000000
-0.047778
0.011947
-0.035844
-0.011951
0.000000
-0.011952
0.023903
0.023898
-0.023898
0.000000
0.000000
-0.047813
-0.023915
0.011958
0.035866
0.023903
0.000000
-0.059769
-0.011958
0.011958
0.000000
0.000000
0.023912
-0.011955
-0.023915
0.000000
-0.011960
0.000000
0.023918
0.011957
0.011955
0.000000
-0.047830
-0.023923
0.000000
0.011962
0.011961
0.011960
0.011958
0.000000
0.011957
0.023909
0.000000
0.059748
-0.011947
-0.011948
0.011948
-0.035849
0.011951
-0.011951
0.011951
-0.071727
0.000000
-0.011960
0.000000
0.000000
0.035874
-0.047835
-0.011962
0.000000
-0.023929
-0.023935
0.035900
-0.011965
0.047853
0.000000
0.011960
-0.011960
-0.023923
0.035883
-0.059812
0.035892
-0.035892
0.035892
-0.011962
0.011962
0.011961
-0.059819
-0.035909
0.000000
-0.023946
-0.011975
0.000000
0.011975
0.035917
-0.023943
-0.011974
0.023946
0.011971
-0.011971
-0.035922
0.000000
-0.011977
-0.011978
-0.011980
0.011980
0.000000
-0.071899
0.011987
-0.059948
0.023984
0.011990
-0.035973
0.000000
0.000000
0.000000
-0.011994
0.000000
0.011994
0.000000
-0.011994
-0.023992
0.035986
0.000000
0.023984
0.023978
0.000000
0.011987
-0.011987
0.011987
-0.047956
-0.011993
0.000000
0.047962
-0.023978
0.023978
0.000000
0.011987
-0.011987
-0.011988
0.011988
0.000000
0.011987
0.011985
-0.011985
0.000000
0.000000
-0.011987
0.000000
0.011987
0.035952
-0.011983
0.000000
0.011983
0.023961
0.011978
0.023952
-0.023952
0.000000
0.000000
0.000000
-0.023958
0.011980
-0.011980
0.011980
0.000000
0.047904
-0.047904
0.000000
0.023955
-0.023955
-0.011980
0.011980
-0.011980
-0.035948
-0.023972
-0.047962
0.000000
0.023984
0.000000
0.000000
0.035965
-0.119933
0.059984
-0.071986
-0.024007
0.083998
-0.144040
-0.024027
0.000000
0.000000
-0.024033
-0.012019
-0.036064
0.024044
-0.012021
-0.048100
0.012027
0.048094
0.048071
-0.084140
0.024047
0.024041
0.072089
0.000000
-0.036038
0.060056
0.012007
0.012006
-0.012006
0.000000
-0.060049
-0.012014
0.012014
-0.036047
0.024033
0.024027
-0.024027
-0.060093
0.012021
END
