y[]
0.000698
-0.023163
0.000698
0.000698
0.000698
0.024558
-0.011232
0.012627
0.000698
0.024553
0.000698
-0.023157
0.000698
-0.011232
-0.047035
0.048430
-0.011233
-0.035104
0.024567
0.012630
-0.011235
0.012630
0.000698
0.012629
0.012627
0.000698
0.000698
-0.011232
0.012627
-0.011232
-0.011233
0.024558
-0.011232
-0.011233
0.000698
0.012629
0.000698
-0.011233
0.000698
-0.011235
0.012630
0.000698
-0.011235
0.000698
0.012630
-0.011235
-0.011236
0.012632
-0.011236
0.012632
0.000698
-0.011236
0.000698
0.012632
-0.011236
0.012632
-0.011236
0.012632
-0.011236
0.024564
0.024558
0.060325
0.000698
-0.011225
0.000698
0.000698
-0.011226
0.012622
-0.023151
0.000698
0.000698
0.000698
0.000698
-0.011229
-0.011230
0.000698
0.012626
0.000698
0.024550
0.000698
0.012622
0.000698
0.000698
0.000698
0.000698
-0.047006
-0.023163
0.000698
-0.023169
0.012632
0.012630
0.000698
0.024558
0.000698
0.012626
-0.023160
0.000698
-0.011233
0.012629
0.024556
-0.011230
-0.023163
0.012629
0.000698
0.000698
0.000698
0.012627
-0.011232
0.000698
0.000698
0.000698
0.000698
-0.011233
0.024558
-0.011232
0.000698
0.012627
0.012626
0.000698
0.000698
0.012625
-0.011229
0.000698
-0.011230
0.000698
0.000698
-0.011232
0.000698
0.024556
0.000698
0.012625
-0.023157
-0.023163
-0.023169
0.000698
0.000698
0.000698
0.012632
0.012630
-0.023169
-0.058993
0.012639
0.012637
0.048442
0.000698
0.000698
0.000698
-0.011236
-0.058993
-0.070978
0.048488
0.036525
-0.011243
-0.011245
0.096197
0.024558
0.024553
0.036470
0.048374
-0.011219
0.036444
0.000698
0.000698
-0.023132
0.012613
-0.011218
-0.011219
-0.058908
0.012622
0.000698
0.000698
-0.011226
0.000698
-0.011228
-0.011229
0.000698
0.024550
0.000698
0.036465
-0.035070
0.048385
0.036448
-0.023134
0.000698
-0.023140
0.012617
0.000698
-0.011222
0.012617
0.024533
0.060261
0.024513
-0.011209
-0.023120
0.012608
0.036418
0.036406
-0.011203
-0.023109
0.000698
0.000698
0.000698
-0.035023
0.024513
-0.011209
0.012605
-0.035027
0.012608
-0.046950
0.012612
0.048340
-0.011211
0.000698
-0.035036
-0.035048
-0.035061
0.024539
0.024533
0.024527
0.048340
-0.011211
0.012606
0.000698
-0.023120
0.000698
0.000698
0.024516
0.024510
0.024504
0.012599
-0.011203
-0.023109
0.000698
-0.011208
-0.035027
-0.011213
0.024519
-0.011212
0.012608
0.000698
-0.023123
0.000698
-0.011215
0.024521
-0.058872
-0.035061
0.000698
0.024539
0.048362
0.036431
0.012606
-0.035031
-0.011215
-0.011216
-0.070816
-0.023151
-0.011229
-0.035091
-0.011235
0.012630
-0.070918
-0.011243
0.036517
0.012635
-0.011239
0.036504
0.012630
-0.035104
-0.094836
-0.023200
0.024595
0.012644
0.072348
0.036504
-0.023171
0.060360
0.024553
0.060310
0.000698
-0.046989
0.024544
0.036457
-0.023140
0.012617
-0.106630
0.024558
0.036478
0.000698
-0.023154
0.024550
0.024544
-0.070859
-0.023166
0.012630
0.072263
0.024541
-0.046995
-0.058950
0.048419
0.131814
-0.023129
0.012612
0.000698
0.048340
0.000698
-0.023120
0.000698
0.012608
-0.011212
-0.035040
0.000698
0.000698
-0.035053
-0.011222
0.048368
0.000698
0.048345
-0.023123
-0.058879
0.012616
0.012615
-0.023137
0.012616
0.036444
-0.046967
-0.011222
-0.023146
-0.035078
0.012625
-0.047018
-0.082859
-0.011245
-0.011246
0.036525
-0.011243
0.000698
-0.070978
0.024595
0.024590
-0.070995
0.048499
0.036534
0.000698
-0.082939
0.036551
0.024593
0.000698
-0.023197
-0.035155
-0.083009
-0.023231
-0.047178
0.048573
0.012663
0.036585
0.012657
-0.023223
-0.023229
0.084415
-0.011258
0.012653
-0.059093
-0.023229
0.012662
0.048539
-0.011260
-0.106990
-0.059179
0.000698
0.024653
-0.035237
0.036632
-0.059200
0.012680
0.036637
0.000698
0.012675
0.036619
0.000698
-0.023249
0.000698
0.000698
0.036615
0.012667
0.072485
0.024616
-0.023220
-0.047155
0.012663
-0.047172
-0.131062
0.024667
0.000698
0.012680
0.048613
-0.023257
0.024653
-0.023257
-0.023263
-0.035254
0.000698
-0.035267
-0.035280
-0.023295
0.060668
0.012687
-0.023283
0.012689
-0.023286
0.036671
0.000698
0.000698
0.000698
0.000698
0.012686
0.000698
0.000698
-0.023280
-0.011293
0.000698
0.012689
-0.011293
0.012689
0.000698
0.000698
0.012687
0.000698
0.000698
0.024673
-0.011289
-0.023280
0.012687
0.000698
0.012686
0.000698
0.000698
-0.011290
0.000698
0.012686
0.000698
0.000698
-0.011290
0.000698
0.000698
0.000698
0.000698
-0.011292
0.012687
0.000698
0.000698
0.012686
-0.011290
-0.011292
0.000698
0.000698
0.012687
-0.011292
0.000698
0.000698
0.012687
0.000698
-0.011292
0.012687
0.000698
0.012686
0.024670
0.000698
-0.011288
0.000698
-0.011289
0.012685
0.000698
0.000698
-0.011289
0.000698
0.012685
0.000698
0.000698
0.024667
0.000698
-0.011286
0.000698
0.000698
0.000698
0.012682
0.000698
-0.011286
-0.011288
0.000698
-0.011289
0.024670
-0.023274
0.000698
-0.023280
0.012687
0.012686
0.000698
0.012685
-0.023277
0.012686
-0.011290
0.000698
0.000698
0.000698
0.012686
0.000698
0.000698
0.000698
-0.011290
0.012686
-0.011290
0.012686
-0.011290
0.000698
-0.011292
-0.011293
0.012689
0.000698
0.000698
0.000698
0.000698
0.000698
0.000698
0.000698
0.012687
-0.011292
0.000698
-0.011293
0.000698
0.000698
0.012689
0.000698
0.000698
-0.011293
-0.011295
0.000698
0.000698
0.000698
-0.011296
0.012692
-0.011296
0.012692
0.012690
-0.023289
0.000698
0.000698
0.000698
-0.011298
0.000698
0.000698
0.000698
0.000698
-0.011299
0.000698
0.024690
-0.023295
-0.011301
0.000698
0.000698
0.000698
0.000698
0.000698
0.012696
-0.011301
-0.011302
0.000698
0.000698
0.000698
0.000698
0.000698
-0.011303
0.012699
0.000698
0.000698
0.000698
0.000698
0.024696
0.024690
0.012692
-0.011296
0.012692
0.000698
0.012690
-0.011295
0.012690
-0.011295
-0.035289
0.000698
0.000698
-0.011301
0.012696
-0.011301
0.012696
0.000698
0.024690
0.000698
-0.011298
0.000698
-0.011299
0.024690
0.012692
0.000698
-0.011296
0.000698
0.012692
-0.011296
0.012692
0.000698
-0.011296
0.036675
-0.011293
0.000698
0.000698
0.000698
-0.011295
0.000698
-0.023292
0.012693
-0.023295
0.012695
-0.011299
-0.011301
0.012696
-0.011301
0.000698
0.036688
-0.011298
0.024687
-0.011296
0.012692
-0.023292
-0.011299
0.000698
-0.023300
0.000698
0.012698
0.012696
-0.011301
0.012696
0.000698
0.024690
0.000698
0.000698
0.036675
0.012687
0.072606
0.000698
-0.023266
0.000698
0.012680
0.024658
-0.011282
-0.023266
0.000698
0.000698
0.012680
-0.023269
-0.011288
0.000698
0.000698
0.012683
0.000698
-0.023274
0.012685
-0.011289
0.000698
0.012685
0.000698
0.000698
0.000698
-0.023277
0.012686
0.012685
-0.023277
0.000698
0.000698
0.000698
0.000698
0.024673
0.036650
0.012679
0.060582
-0.035228
0.012675
0.012673
0.000698
-0.011278
0.000698
0.012673
-0.023254
-0.011280
0.012676
-0.023260
-0.023266
0.000698
0.012680
0.000698
-0.023269
0.012682
0.000698
0.012680
0.012679
0.000698
-0.023266
0.000698
-0.035258
-0.023280
-0.047275
0.024687
0.000698
-0.011296
0.012692
0.000698
-0.011296
-0.023295
-0.011301
-0.011302
0.024696
-0.011301
0.012696
0.024690
-0.023295
0.000698
-0.023300
-0.059323
0.000698
0.048717
-0.011305
0.024702
0.048688
0.012692
0.012690
0.000698
0.000698
0.012689
-0.011293
0.012689
END
