y[]
-0.000389
-0.000389
-0.015489
-0.045702
0.029823
0.014714
-0.000389
-0.015491
-0.000389
-0.000389
-0.000389
-0.015493
0.014716
0.014714
0.014711
0.014709
0.014707
-0.000389
0.014705
-0.000389
-0.015482
-0.000389
-0.000389
-0.015484
0.014707
-0.015484
0.029800
0.014702
-0.030573
0.014705
-0.015482
0.014705
-0.000389
-0.030577
0.044891
-0.000389
-0.000389
-0.015480
-0.000389
-0.000389
-0.000389
-0.015482
-0.015484
0.014707
-0.015484
0.029800
-0.015482
-0.015484
-0.015486
0.014709
-0.030586
-0.000389
0.014711
-0.000389
0.014709
-0.030586
-0.000389
-0.000389
-0.000389
-0.000389
-0.000389
-0.015491
0.029814
0.014709
0.014707
-0.015484
-0.000389
0.014707
-0.000389
0.014705
-0.000389
0.014702
-0.000389
0.029786
-0.030564
0.014700
-0.000389
0.014698
-0.015475
0.029782
-0.000389
0.029773
-0.015468
-0.000389
-0.030555
0.014695
0.014693
-0.015471
-0.000389
-0.000389
-0.030559
-0.030568
0.029791
-0.015477
0.014700
-0.000389
-0.030568
0.014702
-0.000389
0.014700
-0.000389
-0.000389
0.014698
-0.000389
-0.000389
-0.000389
0.014695
-0.000389
-0.000389
-0.015473
-0.000389
-0.000389
0.014695
-0.000389
-0.015473
-0.000389
-0.000389
0.014695
-0.000389
-0.000389
-0.015473
0.029777
-0.000389
-0.030555
-0.015475
-0.000389
-0.000389
-0.015477
0.014700
-0.000389
-0.015477
0.014700
0.014698
-0.000389
-0.000389
-0.000389
-0.000389
-0.000389
0.014695
-0.000389
-0.015473
0.014695
-0.000389
-0.015473
0.014695
-0.015473
-0.000389
-0.015475
-0.000389
0.014698
-0.000389
-0.000389
0.014695
-0.030559
-0.000389
0.014698
0.014695
-0.015473
0.014695
0.014693
-0.030555
-0.030564
-0.000389
-0.045668
-0.000389
-0.000389
-0.015486
-0.015489
-0.015491
0.014714
-0.000389
0.014711
-0.000389
-0.030591
-0.000389
-0.030600
-0.015498
0.029827
-0.045716
-0.000389
0.014723
-0.000389
0.014720
-0.000389
0.029823
-0.015493
0.014716
-0.000389
0.029814
-0.000389
-0.015489
-0.000389
-0.000389
-0.030596
-0.000389
-0.030605
-0.015500
-0.060857
0.029850
-0.060876
-0.000389
-0.076049
-0.030669
-0.000389
0.045028
0.045007
-0.076060
0.029887
0.045007
-0.030650
-0.030660
0.014748
-0.000389
0.014746
-0.015523
0.029878
0.029868
-0.015516
0.044987
-0.000389
-0.045764
0.014739
-0.000389
0.044980
-0.015509
0.060080
0.014723
0.014720
-0.030609
0.014723
-0.000389
-0.000389
-0.060848
-0.030632
-0.015514
-0.000389
-0.076049
0.029882
-0.015523
0.029878
0.029868
0.014736
-0.045771
-0.015521
0.014743
0.014741
0.014739
-0.000389
-0.015516
0.029864
-0.000389
0.014734
-0.030637
0.044980
-0.045757
-0.030646
0.014741
0.014739
0.014736
0.029855
-0.030632
0.014734
-0.000389
-0.015512
-0.030641
0.014739
0.014736
-0.000389
0.014734
-0.000389
-0.000389
-0.015512
-0.000389
-0.000389
0.029855
-0.000389
-0.000389
-0.000389
-0.030632
-0.000389
0.044973
0.014727
-0.015505
0.014727
-0.015505
-0.000389
-0.000389
-0.015507
0.014730
-0.000389
-0.000389
0.029841
0.075146
-0.015491
-0.045709
0.014720
0.014718
-0.015496
0.014718
0.014716
0.044911
-0.030586
0.029809
-0.000389
0.014707
-0.045682
-0.030596
-0.000389
0.090205
-0.015482
0.014705
-0.015482
0.029795
-0.030573
0.029795
-0.015480
-0.000389
-0.045675
-0.000389
-0.015489
0.029809
0.014707
-0.030582
0.014709
0.029800
-0.015482
0.044884
0.059943
-0.015468
-0.000389
0.135245
0.044782
-0.045559
-0.000389
-0.030514
-0.075741
-0.045627
0.074998
-0.045614
-0.090900
0.044877
-0.121143
0.060007
-0.075889
0.060016
-0.181712
-0.015514
0.014736
0.014734
0.090301
0.044925
-0.000389
-0.030596
0.029818
-0.045702
-0.045723
0.060053
0.120384
-0.060757
0.075066
-0.030564
-0.030573
0.029795
0.029786
0.090082
0.044816
-0.015455
-0.015457
-0.090846
-0.015473
-0.000389
-0.000389
0.014695
-0.060739
-0.000389
-0.015482
-0.000389
-0.000389
-0.000389
0.029795
-0.015480
0.059961
0.014693
-0.000389
-0.015471
-0.000389
-0.075832
0.059970
-0.015475
0.014698
0.029777
-0.075821
0.044877
0.014695
-0.030559
-0.030568
0.029791
-0.000389
-0.000389
-0.000389
0.075020
0.014686
-0.000389
-0.015464
-0.015466
-0.045634
0.044857
0.029764
0.014684
-0.075775
0.014693
0.014691
-0.000389
-0.015468
-0.000389
-0.015471
0.014693
0.014691
0.014689
-0.030546
-0.000389
0.014691
0.014689
0.029759
-0.000389
-0.015461
-0.000389
0.014684
0.029750
-0.030527
-0.045614
0.014689
-0.015466
-0.000389
0.014689
-0.015466
-0.015468
-0.000389
-0.000389
-0.000389
-0.000389
0.014691
0.044836
-0.015461
-0.000389
-0.015464
0.014686
-0.000389
0.014684
-0.000389
0.014682
-0.015459
-0.015461
-0.000389
0.029754
-0.015459
-0.015461
-0.015464
0.029759
0.029750
0.014677
0.029736
-0.015450
-0.045586
0.014679
0.029741
-0.015452
0.120057
0.044741
-0.015430
-0.015432
0.044734
-0.135819
0.089918
-0.030482
0.014659
0.029700
-0.030477
-0.015436
-0.000389
-0.000389
-0.015439
0.014661
-0.000389
-0.000389
-0.000389
0.014659
-0.000389
-0.000389
-0.000389
-0.000389
-0.000389
-0.000389
-0.000389
-0.015436
-0.000389
-0.015439
0.059798
0.014652
-0.045518
-0.030487
-0.000389
-0.000389
-0.000389
0.014661
-0.000389
-0.000389
-0.015439
-0.015441
-0.000389
0.014664
-0.000389
0.014661
-0.015439
-0.015441
-0.000389
-0.000389
-0.000389
-0.000389
-0.000389
-0.015443
-0.000389
-0.000389
0.014666
-0.000389
-0.000389
0.014664
-0.000389
0.014661
-0.000389
-0.015439
0.014661
-0.000389
-0.000389
-0.015439
-0.015441
-0.015443
-0.000389
0.014666
-0.015443
0.014666
-0.000389
-0.000389
0.029714
-0.000389
0.014659
-0.015436
-0.015439
-0.000389
-0.000389
-0.000389
0.014661
-0.000389
-0.030491
0.029714
-0.000389
-0.015439
-0.000389
0.014661
0.014659
-0.000389
-0.000389
-0.015436
-0.015439
-0.000389
-0.030496
0.029718
-0.015441
0.029714
-0.015439
-0.000389
-0.015441
-0.000389
0.014664
-0.000389
-0.000389
0.014661
-0.000389
-0.000389
0.014659
-0.015436
0.014659
-0.000389
-0.000389
-0.015436
-0.015439
-0.000389
0.014661
-0.000389
0.014659
-0.000389
-0.030487
0.029709
-0.015436
-0.000389
0.014659
-0.015436
0.014659
-0.015436
0.029705
-0.000389
-0.000389
0.044734
-0.000389
-0.015427
0.014650
0.029682
-0.045498
0.029686
-0.000389
-0.015425
0.014648
0.014646
-0.000389
0.059726
0.044673
-0.000389
-0.000389
-0.015407
-0.015409
0.029650
-0.000389
0.029641
0.014623
-0.000389
-0.000389
0.014621
-0.000389
0.059626
-0.015389
0.014612
-0.060404
0.014618
-0.015396
0.029623
-0.015394
-0.015396
-0.015398
-0.015400
-0.000389
-0.000389
-0.000389
-0.000389
-0.015403
0.014625
-0.000389
-0.015403
-0.030423
-0.000389
0.014630
-0.015407
-0.000389
-0.000389
-0.015409
0.029650
-0.015407
0.014630
-0.015407
-0.000389
-0.030432
-0.000389
-0.000389
0.014634
-0.000389
-0.015412
-0.015414
0.029659
-0.030437
0.029659
-0.015412
-0.015414
-0.000389
0.014636
-0.000389
0.014634
-0.000389
0.014632
0.014630
-0.030428
-0.000389
-0.030437
-0.000389
-0.000389
0.014636
-0.015414
-0.000389
-0.000389
-0.000389
-0.000389
-0.000389
-0.015416
-0.000389
-0.015418
-0.000389
-0.000389
-0.000389
-0.000389
-0.000389
-0.015421
-0.030459
0.014648
-0.000389
-0.045505
-0.000389
-0.015432
0.059771
-0.000389
-0.030464
-0.015430
-0.090682
0.044768
-0.030491
-0.015443
-0.000389
0.029718
-0.030496
0.014666
-0.015443
0.014666
-0.000389
-0.075684
0.044795
-0.045573
-0.000389
0.014675
-0.000389
0.014673
0.044782
-0.015443
-0.015446
-0.000389
-0.015448
-0.000389
-0.000389
0.014670
0.014668
-0.000389
END
