y[]
-0.014341
0.012695
-0.000823
-0.014341
0.012695
0.026208
-0.027854
-0.027861
-0.000823
-0.000823
0.012697
0.026211
-0.000823
-0.014339
-0.000823
-0.014341
0.026211
0.012692
-0.027854
0.012693
0.026204
-0.014335
0.012690
-0.000823
0.012688
-0.027846
0.012690
0.012688
-0.014334
-0.000823
-0.014335
0.012690
0.012688
-0.014334
0.039704
0.026186
0.012679
-0.054840
-0.027843
-0.000823
-0.000823
-0.000823
0.026197
0.012684
-0.027839
-0.000823
-0.000823
-0.000823
-0.000823
-0.041361
0.012692
-0.027854
-0.014341
-0.000823
0.012695
-0.014341
0.026211
-0.000823
0.012692
-0.000823
-0.000823
-0.000823
-0.000823
-0.000823
-0.014337
-0.041377
-0.000823
-0.000823
-0.000823
-0.014345
-0.000823
0.012699
0.012697
-0.000823
-0.000823
-0.014343
-0.000823
0.012697
-0.014343
-0.014345
-0.000823
-0.000823
0.012699
-0.027868
-0.000823
-0.000823
-0.000823
-0.000823
-0.000823
0.012701
-0.014346
-0.000823
0.039742
-0.000823
-0.000823
-0.000823
-0.000823
-0.000823
-0.000823
-0.014343
-0.000823
0.012697
-0.000823
0.012695
-0.014341
0.012695
-0.014341
0.012695
-0.000823
-0.000823
-0.014341
-0.000823
-0.000823
0.012695
-0.000823
0.012693
0.012692
0.039709
-0.014332
-0.000823
-0.014334
-0.014335
0.039709
-0.014332
-0.000823
-0.000823
-0.014334
-0.000823
0.012688
-0.014334
-0.000823
-0.000823
-0.027850
-0.014339
-0.014341
-0.014343
-0.027868
0.026222
-0.000823
-0.000823
0.039731
-0.000823
-0.000823
0.012692
-0.014337
-0.000823
-0.000823
-0.014339
0.012693
-0.000823
-0.014339
0.012693
-0.014339
0.012693
0.012692
-0.027854
-0.014341
-0.027864
-0.000823
0.012699
0.026215
-0.014341
0.026211
-0.014339
-0.027861
-0.027868
-0.027875
0.066795
-0.041388
0.039742
0.026211
0.012692
-0.000823
-0.014337
-0.000823
0.039715
-0.027846
-0.027854
0.026208
-0.027854
-0.014341
0.012695
-0.000823
-0.014341
0.012695
-0.014341
-0.000823
-0.000823
0.012695
-0.027861
-0.014345
0.026219
-0.014343
0.012697
-0.000823
-0.000823
-0.014343
-0.041394
-0.014350
0.026230
-0.027875
0.026230
0.039742
-0.014343
-0.000823
-0.014345
-0.000823
0.012699
-0.000823
-0.000823
-0.014345
-0.014346
-0.000823
-0.014348
0.039748
0.012697
-0.014343
-0.027868
-0.027875
-0.014352
0.012706
-0.041415
-0.000823
0.039770
-0.000823
0.026230
-0.027875
-0.014352
0.039759
-0.000823
-0.014348
-0.000823
-0.014350
0.066795
-0.000823
-0.000823
-0.000823
0.012695
-0.014341
-0.027864
0.039737
0.012693
-0.027857
0.012695
0.039720
0.012688
-0.000823
-0.000823
0.012686
-0.014332
-0.000823
0.026193
-0.000823
0.039688
0.012677
0.039666
-0.000823
-0.000823
-0.014317
0.012672
-0.014317
-0.014319
0.026168
-0.014317
0.039655
-0.014314
0.026157
0.080072
-0.000823
-0.014301
0.026131
-0.014299
0.066540
-0.014292
0.026113
-0.041230
-0.000823
-0.014295
0.026120
-0.000823
-0.041240
0.026124
-0.027770
0.026124
0.012648
-0.000823
-0.041240
0.012652
-0.014297
-0.000823
-0.000823
-0.027777
-0.041268
-0.054775
-0.000823
-0.027810
0.147515
0.012652
-0.068213
-0.027792
-0.027799
-0.108800
-0.000823
0.080171
-0.000823
0.039649
-0.041295
0.093587
0.012657
-0.027784
-0.108741
0.080127
0.039628
0.012657
0.093485
0.012642
-0.027755
0.079953
-0.014281
-0.054673
-0.027759
0.039578
-0.014288
-0.014290
0.079953
0.012633
-0.027737
0.039546
-0.000823
-0.027733
-0.027741
-0.054680
0.039573
0.039557
-0.041202
0.053013
-0.041197
-0.027748
-0.014288
-0.054702
0.026120
0.026113
-0.041230
-0.068204
0.026135
0.039600
-0.000823
0.106892
-0.014281
-0.014283
-0.014285
0.012639
-0.095093
-0.041251
0.053078
0.039584
0.012642
-0.041224
0.026113
-0.054702
0.079985
0.053013
-0.041197
0.012637
0.039546
-0.014277
0.026084
-0.000823
0.066413
-0.027712
0.012623
0.079811
-0.027694
-0.014261
-0.014263
-0.000823
0.026055
-0.000823
-0.000823
-0.014261
0.039486
0.012610
0.026037
0.039454
0.012599
-0.054521
0.039454
-0.000823
-0.000823
-0.027672
-0.041110
0.026037
-0.027683
0.026037
-0.000823
-0.000823
0.012604
0.039448
-0.000823
-0.027668
-0.054536
-0.000823
0.012608
0.012606
-0.014252
-0.000823
-0.054557
-0.000823
-0.000823
-0.000823
0.012614
0.039475
0.012606
-0.014252
0.052883
0.012599
-0.014245
-0.000823
-0.000823
-0.000823
-0.014247
-0.027676
-0.054550
0.012612
-0.027694
-0.014261
-0.041148
0.012621
0.066368
-0.054572
-0.027708
-0.068068
-0.027733
0.039540
-0.054644
-0.027744
0.066467
-0.014277
0.039535
-0.000823
-0.000823
-0.000823
0.012626
-0.014272
-0.027726
0.039530
0.012624
-0.014270
0.026070
-0.027715
-0.027723
0.012628
-0.014274
-0.014275
-0.041192
0.079898
-0.000823
-0.000823
0.012624
-0.000823
0.012623
0.026062
-0.014265
-0.000823
0.012619
-0.000823
-0.000823
-0.000823
-0.000823
-0.000823
0.026055
0.026048
0.039470
-0.014252
-0.027687
0.026041
-0.000823
-0.000823
0.039459
0.012601
-0.014247
-0.014248
0.012603
-0.027676
0.012604
-0.027679
-0.000823
-0.000823
-0.014254
-0.027690
0.039475
-0.014254
-0.000823
0.039465
0.012603
-0.014248
-0.014250
0.012604
-0.014250
0.012604
-0.014250
0.012604
0.012603
-0.027676
-0.014252
-0.000823
-0.000823
-0.000823
-0.000823
-0.014254
-0.014256
-0.000823
0.012610
0.026037
-0.014252
-0.000823
-0.000823
-0.000823
-0.014254
0.012608
-0.000823
0.012606
-0.014252
0.012606
-0.014252
-0.000823
-0.000823
-0.000823
-0.000823
-0.014254
0.012608
-0.000823
-0.000823
-0.014254
-0.041126
-0.000823
-0.000823
0.026048
-0.014257
-0.000823
-0.000823
-0.000823
-0.000823
0.012612
0.026041
0.012606
-0.000823
-0.027683
-0.000823
0.012608
-0.041121
-0.000823
-0.054579
0.026059
-0.000823
-0.027705
0.012619
-0.014265
-0.000823
-0.000823
-0.014266
0.012621
0.012619
-0.014265
0.012619
-0.000823
-0.014265
0.012619
-0.000823
-0.014265
0.012619
-0.014265
-0.000823
-0.000823
0.026059
-0.014263
-0.000823
-0.000823
0.012617
0.012615
-0.014261
-0.014263
0.012617
0.012615
0.012614
-0.027697
0.012615
-0.014261
-0.014263
-0.000823
-0.014265
-0.000823
0.012619
-0.000823
-0.000823
-0.000823
0.012617
0.012615
-0.014261
0.026052
-0.000823
-0.000823
-0.000823
-0.000823
-0.027697
0.012615
-0.000823
-0.000823
0.012614
-0.000823
0.012612
-0.027694
-0.000823
-0.000823
0.012614
-0.000823
-0.014259
-0.000823
0.026048
-0.014257
-0.014259
-0.014261
-0.000823
0.026052
-0.000823
-0.000823
-0.014259
-0.000823
-0.000823
0.012614
-0.000823
-0.014259
-0.000823
-0.000823
0.012614
-0.000823
-0.014259
0.012614
-0.000823
-0.000823
-0.014259
-0.000823
-0.000823
0.012614
-0.000823
-0.000823
-0.014259
-0.000823
0.012614
-0.000823
-0.000823
-0.014259
-0.014261
0.012615
-0.027701
-0.000823
-0.000823
-0.000823
0.012617
-0.014263
0.012617
-0.014263
0.012617
-0.014263
-0.000823
-0.000823
-0.000823
-0.000823
-0.000823
0.012617
-0.014263
-0.014265
0.012619
-0.000823
-0.000823
0.012617
0.026052
-0.000823
-0.014259
-0.014261
-0.000823
-0.000823
-0.000823
-0.000823
-0.000823
-0.000823
-0.000823
-0.000823
-0.014263
-0.000823
-0.000823
-0.000823
-0.000823
-0.000823
-0.000823
-0.000823
-0.000823
-0.014265
-0.014266
0.012621
-0.014266
0.012621
-0.027712
0.012623
-0.000823
0.012621
-0.000823
-0.014266
-0.000823
-0.000823
-0.000823
0.012621
-0.000823
-0.014266
0.012621
-0.000823
-0.014266
0.012621
0.026059
-0.000823
0.012615
-0.000823
-0.000823
-0.000823
-0.014261
0.012615
-0.000823
-0.000823
0.026048
-0.014257
0.012612
-0.000823
-0.014257
-0.014259
0.012614
0.012612
-0.014257
END
