y[]
0.011181
0.120768
-0.025348
-0.086251
0.072068
0.047681
0.108451
-0.001005
0.084045
-0.001005
-0.073900
-0.037472
-0.037486
-0.013168
-0.074015
-0.061888
-0.001005
-0.013186
-0.025371
-0.086334
-0.013201
-0.049803
0.072184
0.023379
-0.025389
-0.025395
-0.001005
0.023385
0.059945
0.059908
0.035525
0.035511
-0.025348
0.023338
-0.037521
-0.049714
0.011175
0.035525
-0.001005
-0.037535
-0.013184
-0.061925
-0.013193
0.023370
-0.049762
0.011187
-0.025389
0.047758
0.059915
0.035529
-0.013181
-0.025362
-0.013186
-0.013187
0.035538
-0.013184
0.023353
-0.074095
0.011181
-0.013190
-0.001005
0.011181
0.035543
0.072050
0.084158
0.011155
0.023311
-0.013162
-0.001005
-0.001005
0.023308
-0.001005
0.047604
-0.013155
-0.025309
0.047598
-0.037455
-0.001005
0.035445
-0.025303
-0.025309
0.047598
-0.049608
-0.037472
0.011152
-0.001005
-0.001005
-0.037481
-0.049661
-0.074033
0.035516
-0.049702
-0.013183
-0.001005
-0.061917
0.023365
-0.001005
0.011178
0.011176
-0.001005
0.072050
-0.049702
0.035520
-0.049708
0.023350
0.035516
-0.061880
0.047698
0.072006
-0.025336
0.011161
-0.001005
-0.001005
0.071961
0.035458
-0.037468
0.023305
-0.025315
-0.025321
0.023311
-0.086137
-0.037512
-0.013177
-0.061888
0.059878
-0.049708
0.023350
0.023344
-0.049708
-0.025365
-0.001005
-0.013187
-0.025374
-0.001005
-0.037570
-0.013196
-0.001005
-0.001005
-0.025392
-0.013201
0.011191
-0.001005
-0.013201
0.011191
0.011189
0.023379
-0.001005
-0.001005
0.011185
0.011184
-0.001005
-0.025383
0.023373
0.011182
0.011181
-0.013190
-0.001005
-0.001005
-0.001005
-0.001005
-0.001005
-0.001005
-0.013192
-0.001005
-0.013193
0.011184
-0.013193
0.011184
-0.013193
-0.001005
0.011184
-0.001005
0.011182
-0.001005
-0.013192
-0.001005
0.011182
-0.013192
0.023368
-0.001005
-0.001005
-0.001005
-0.025377
0.011182
0.011181
0.011179
0.011178
-0.001005
-0.001005
-0.025371
-0.001005
-0.013190
-0.013192
0.011182
-0.013192
0.023368
-0.001005
0.023362
-0.001005
-0.001005
0.011176
-0.013186
0.011176
0.011175
-0.013184
-0.013186
-0.013187
0.023359
-0.013186
0.023356
-0.013184
-0.001005
-0.037552
-0.001005
-0.013190
-0.001005
-0.001005
-0.001005
-0.001005
0.011181
-0.001005
-0.001005
0.011179
-0.001005
-0.001005
-0.013189
-0.025377
-0.001005
-0.013193
0.011184
0.023368
-0.013190
0.011181
-0.001005
-0.013190
0.011181
-0.013190
0.011181
-0.001005
0.011179
-0.001005
-0.001005
-0.001005
0.011178
-0.001005
-0.001005
-0.001005
-0.001005
-0.001005
0.011176
0.011175
-0.001005
-0.001005
0.011173
-0.001005
-0.001005
-0.013183
0.011173
0.011172
-0.013181
-0.001005
-0.013183
-0.001005
-0.001005
0.011173
-0.001005
-0.013183
-0.001005
0.011173
-0.001005
0.011172
-0.013181
0.011172
-0.013181
0.011172
-0.013181
-0.001005
-0.001005
-0.001005
-0.001005
-0.001005
-0.001005
-0.025362
0.023353
-0.001005
-0.013183
-0.001005
0.011173
-0.001005
0.023347
-0.013180
0.023344
-0.001005
-0.001005
0.011167
-0.001005
-0.001005
-0.001005
-0.001005
-0.025351
-0.013180
-0.025360
-0.001005
0.023350
0.011170
-0.001005
0.011169
-0.001005
-0.013178
0.011169
-0.013178
-0.013180
0.011170
0.023341
0.023335
-0.001005
0.011163
-0.001005
-0.001005
-0.001005
0.011161
-0.013171
0.011161
0.059804
-0.013164
0.011154
0.011152
-0.001005
0.011151
-0.013161
0.011151
-0.001005
-0.013161
-0.013162
-0.001005
-0.025324
0.023314
-0.001005
-0.001005
-0.025324
0.023314
0.011152
-0.037481
0.023314
-0.025324
-0.037495
0.023323
-0.025333
-0.001005
-0.013171
-0.001005
-0.013173
0.023329
-0.025339
0.011163
0.011161
-0.025339
0.035494
0.035480
-0.001005
0.120517
-0.025297
-0.013153
0.011144
-0.001005
-0.001005
0.011142
0.023285
-0.013149
-0.001005
-0.013150
-0.037450
0.011145
-0.013155
0.011145
0.023291
-0.025300
-0.001005
-0.025306
0.011147
-0.001005
-0.013156
-0.013158
-0.001005
-0.049631
-0.013165
0.011155
-0.013165
0.023314
-0.013164
-0.001005
-0.001005
-0.001005
0.011154
-0.013164
-0.025327
-0.013168
-0.037503
-0.025345
-0.001005
-0.037526
-0.013181
-0.013183
-0.061917
0.023365
-0.001005
0.023359
-0.013186
0.035534
0.035520
0.011167
-0.013177
-0.001005
-0.013178
-0.013180
-0.013181
0.011172
-0.025360
-0.001005
0.035525
-0.001005
-0.013180
-0.001005
0.011170
-0.013180
0.011170
-0.001005
0.035511
0.023332
0.011161
-0.013171
-0.013173
-0.013174
-0.001005
-0.013176
0.071997
0.035476
-0.001005
-0.025324
-0.001005
-0.025330
0.011158
0.035476
-0.013164
0.023311
0.023305
0.011148
-0.037468
0.011151
-0.001005
-0.037477
0.011154
-0.037486
-0.013168
-0.013170
0.011160
0.035480
-0.001005
-0.001005
-0.025327
-0.037499
0.023326
-0.001005
-0.049673
-0.037521
0.011169
0.011167
-0.001005
-0.001005
-0.013177
-0.013178
0.035511
0.035498
-0.001005
-0.001005
-0.037508
-0.037521
-0.013180
-0.001005
0.023344
-0.013178
-0.025357
-0.013183
0.096378
0.023326
0.084107
-0.013159
0.023302
-0.073944
0.035471
-0.086137
0.023326
0.035480
0.071926
0.035440
0.096118
0.035392
-0.025268
-0.025274
-0.013142
0.047533
-0.001005
-0.061681
0.023270
0.023264
-0.037410
-0.001005
-0.049566
0.035418
-0.001005
0.035405
-0.025277
-0.001005
0.071793
0.011123
0.035370
0.011117
0.011116
-0.001005
-0.025247
-0.001005
-0.001005
0.023238
-0.037371
-0.037384
0.035374
-0.013130
-0.025259
-0.013134
0.023252
0.011121
0.023243
-0.013128
-0.013130
0.023243
-0.001005
0.011117
-0.013127
-0.025253
0.011120
-0.001005
-0.001005
-0.001005
-0.013130
0.023243
-0.013128
0.023240
-0.049502
-0.037393
-0.013137
0.011127
-0.001005
-0.013137
0.023258
-0.001005
-0.013136
0.011126
0.023252
0.011121
0.023243
-0.001005
0.011117
-0.001005
-0.013127
0.011117
-0.025250
0.035361
0.035348
0.047445
-0.001005
-0.013115
0.023214
-0.013114
0.035317
-0.025218
-0.013114
-0.013115
-0.037344
0.023223
0.023217
-0.001005
-0.025227
-0.001005
-0.013118
-0.001005
-0.001005
0.035330
0.011104
-0.013114
-0.001005
-0.013115
0.023214
-0.013114
0.011104
0.011102
0.107895
0.011088
-0.013098
0.023179
-0.013096
-0.013098
0.011088
-0.013098
-0.001005
-0.001005
-0.025195
-0.001005
-0.025200
-0.049413
0.011099
-0.001005
0.011098
-0.013108
-0.049431
0.011104
-0.001005
0.023208
-0.037327
-0.013115
-0.013117
0.011107
0.059531
-0.013109
-0.013111
0.023205
-0.001005
0.011098
0.011097
0.011095
0.023191
-0.013102
-0.013103
0.011094
-0.013103
0.011094
-0.025203
0.011095
0.011094
-0.013103
0.011094
0.011092
-0.001005
-0.001005
-0.013102
0.011092
-0.037300
-0.001005
-0.001005
0.023194
-0.013103
-0.013105
-0.001005
-0.001005
0.011095
0.011094
-0.001005
-0.013103
-0.001005
0.011094
-0.001005
-0.001005
0.011092
-0.001005
-0.013102
0.011092
-0.001005
-0.001005
-0.001005
0.011091
-0.013100
-0.001005
0.011091
-0.001005
0.011089
-0.013099
0.011089
-0.001005
-0.025195
-0.013102
0.011092
-0.013102
0.011092
-0.013102
0.023188
-0.013100
0.011091
0.011089
-0.001005
0.011088
-0.001005
-0.013098
-0.001005
-0.001005
-0.001005
-0.001005
0.011088
-0.001005
-0.013098
-0.001005
-0.001005
-0.001005
-0.013099
-0.013100
0.011091
-0.013100
0.011091
-0.013100
0.023185
-0.013099
-0.001005
0.011089
-0.001005
-0.001005
0.011088
-0.001005
-0.013098
-0.013099
-0.001005
-0.001005
0.011089
-0.001005
-0.013099
-0.001005
0.011089
-0.001005
-0.013099
-0.001005
0.011089
-0.013099
0.011089
-0.013099
0.011089
-0.013099
-0.013100
-0.001005
-0.001005
-0.001005
END
