y[]
0.052884
-0.027692
0.012593
0.012591
-0.014263
-0.014265
0.012593
-0.041129
0.012597
-0.000836
0.012595
-0.000836
-0.027700
0.052884
-0.000836
0.026013
0.039424
0.066229
-0.027656
0.025985
-0.014245
-0.067909
0.039414
0.066211
0.079561
-0.041026
0.052748
0.012555
-0.041015
-0.067838
-0.000836
0.025970
0.092929
-0.027617
0.025945
0.012552
-0.041005
0.039333
-0.000836
0.012550
0.012548
0.025927
0.066040
-0.040956
-0.014213
-0.027595
0.039301
-0.040972
0.025924
-0.014215
0.039295
-0.014211
-0.014213
-0.000836
0.012541
0.025913
0.012536
-0.000836
-0.040956
0.012539
-0.081114
0.052690
-0.054362
-0.000836
-0.014222
0.025934
0.025927
0.012543
-0.000836
-0.040978
0.025927
-0.000836
0.012543
-0.000836
0.025916
0.025909
-0.000836
0.079357
-0.040924
0.012529
0.025888
-0.040924
-0.014202
0.012530
0.025891
-0.067667
0.025902
-0.014204
0.039263
-0.054305
0.012534
0.025899
-0.014202
0.025895
-0.067676
0.052640
-0.000836
-0.000836
-0.000836
-0.000836
-0.027570
0.065987
-0.014197
-0.027563
-0.000836
0.039252
0.025881
-0.027552
0.039236
-0.161221
-0.067739
0.066067
-0.027592
-0.027599
-0.014220
0.025931
0.012545
0.012543
-0.014215
-0.014216
-0.000836
0.039301
-0.040972
0.052676
0.039279
-0.054326
-0.027592
0.039295
-0.014211
0.052654
-0.040951
0.039279
0.012532
0.079335
-0.000836
-0.014193
-0.000836
-0.000836
0.039231
0.012516
0.012514
0.039204
0.025849
-0.014177
-0.027524
-0.014183
0.025856
-0.014181
-0.040881
0.025863
0.039199
-0.094275
-0.000836
0.012518
-0.027545
-0.014193
-0.040919
-0.027567
0.025895
-0.027567
0.012530
0.052611
0.025877
-0.000836
0.012518
0.025866
-0.014186
-0.014188
0.012516
-0.027542
-0.014191
-0.014193
-0.014195
-0.000836
-0.000836
-0.000836
0.025881
0.012520
-0.027549
-0.054283
-0.014202
-0.040946
-0.014209
0.012538
0.012536
-0.000836
-0.014208
0.012536
0.025902
-0.014204
-0.000836
-0.027577
0.012536
-0.014208
0.012536
-0.000836
-0.014208
-0.000836
0.012536
-0.000836
-0.014208
0.012536
-0.014208
0.012536
-0.040956
-0.014213
0.012541
0.012539
-0.027588
-0.014215
0.012543
0.025916
-0.000836
-0.000836
0.012538
-0.000836
-0.000836
0.012536
-0.014208
0.012536
-0.014208
0.012536
-0.000836
-0.000836
-0.000836
-0.014208
0.012536
-0.000836
0.025902
-0.014204
0.025899
-0.014202
-0.000836
-0.000836
-0.054319
-0.000836
-0.000836
0.012538
-0.000836
-0.000836
-0.000836
-0.027585
0.012539
-0.000836
0.012538
0.012536
-0.027581
0.012538
-0.000836
-0.000836
-0.014209
-0.000836
-0.000836
0.025909
-0.000836
-0.000836
0.012534
-0.027577
-0.000836
-0.000836
-0.000836
-0.014209
-0.014211
0.012539
0.012538
-0.014209
0.025909
0.025902
-0.000836
-0.000836
-0.014204
-0.040951
0.012538
-0.000836
0.039274
-0.014204
-0.014206
-0.000836
-0.000836
-0.000836
-0.000836
-0.000836
-0.014208
-0.000836
0.012536
-0.014208
0.012536
-0.000836
-0.000836
0.012534
-0.000836
-0.014206
0.039268
0.012529
-0.000836
-0.014200
0.012529
-0.000836
0.039247
-0.014195
-0.014197
-0.000836
-0.000836
-0.000836
0.012525
-0.014197
0.012525
-0.014197
-0.000836
-0.014199
-0.014200
-0.000836
-0.000836
-0.000836
-0.027570
0.012532
0.025895
-0.000836
-0.014200
-0.000836
-0.000836
-0.000836
-0.000836
-0.000836
-0.000836
-0.014202
-0.000836
-0.000836
-0.014204
0.025899
-0.000836
-0.014202
-0.014204
-0.054326
0.025913
-0.014209
-0.000836
-0.000836
-0.014211
-0.000836
-0.027592
-0.000836
-0.014216
-0.027602
0.012548
0.012547
0.025924
-0.000836
-0.000836
-0.000836
0.039290
-0.027585
-0.000836
-0.014213
0.012541
0.012539
-0.000836
0.012538
-0.014209
-0.000836
0.012538
-0.014209
0.025909
-0.000836
-0.014208
-0.014209
-0.000836
-0.000836
-0.000836
0.012538
0.012536
-0.027581
0.039279
0.039263
-0.027567
0.012530
0.052611
0.012521
0.012520
-0.014191
0.012520
-0.014191
-0.054276
-0.000836
-0.000836
-0.000836
0.039247
-0.014195
0.025881
0.025874
0.025866
-0.014186
0.025863
-0.080953
0.039231
-0.027545
-0.000836
-0.014193
-0.027556
-0.014199
0.025888
0.012523
-0.014195
-0.014197
0.012525
0.012523
-0.014195
-0.014197
-0.000836
0.025884
-0.000836
-0.027556
-0.000836
-0.000836
-0.000836
-0.000836
0.012525
-0.014197
0.025884
-0.027556
-0.014199
-0.014200
0.012529
-0.014200
-0.000836
-0.014202
0.012530
-0.000836
-0.000836
-0.000836
0.025891
0.025884
-0.014195
-0.027560
0.012527
-0.000836
-0.014199
-0.027567
-0.000836
0.012530
-0.000836
0.012529
-0.000836
-0.014200
0.012529
-0.000836
-0.000836
-0.000836
-0.000836
-0.027567
0.025895
0.039247
-0.000836
0.025877
-0.000836
-0.027549
-0.000836
-0.027556
-0.000836
0.012525
0.039236
-0.027549
0.012521
-0.014193
0.012521
-0.000836
-0.000836
0.065924
0.065880
-0.040860
-0.000836
0.012507
-0.014179
-0.000836
0.052526
-0.000836
-0.027513
-0.000836
-0.014177
0.012505
0.012504
-0.014175
0.012504
-0.067551
0.012511
-0.014183
0.052540
-0.040865
-0.040881
0.012514
-0.000836
-0.040892
0.039220
-0.040892
0.012518
-0.014190
0.012518
-0.027545
-0.000836
-0.000836
-0.000836
-0.014193
-0.014195
-0.000836
0.025881
0.025874
-0.014190
-0.000836
-0.027549
-0.000836
-0.054283
-0.027570
0.012532
0.039258
0.025884
0.092628
-0.014183
-0.027535
0.039210
0.012509
-0.134365
-0.067667
0.146135
-0.000836
0.012514
-0.027538
0.025866
-0.027538
-0.000836
0.052562
0.052533
-0.000836
-0.000836
-0.040860
-0.027527
0.012511
0.012509
-0.000836
-0.134365
0.039242
0.012520
0.039220
0.145899
-0.040833
-0.014172
0.012500
-0.014172
-0.014174
-0.054205
-0.000836
0.012509
-0.107645
-0.027556
0.039242
-0.000836
0.025874
-0.027545
0.025874
0.039215
-0.014184
0.039204
-0.014181
-0.027531
-0.027538
0.025866
-0.027538
-0.027545
-0.040913
-0.014199
0.052604
-0.000836
-0.014193
-0.000836
-0.000836
0.012521
-0.027552
0.052590
0.012516
-0.014188
-0.014190
0.025870
0.025863
-0.054240
0.025870
-0.000836
0.025863
0.012511
-0.014183
0.025856
0.012507
0.039183
-0.040855
0.012505
-0.000836
-0.014177
-0.027524
-0.014183
-0.014184
-0.014186
0.012514
-0.000836
-0.000836
-0.067605
-0.040919
0.025888
0.025881
0.052576
-0.000836
-0.027538
0.025866
0.012513
-0.040887
-0.040903
0.039231
-0.027545
-0.000836
-0.014193
-0.000836
-0.000836
0.052583
-0.000836
-0.014188
-0.054262
0.012523
0.012521
-0.040913
0.025884
-0.014195
-0.027560
0.025888
-0.067658
0.025899
-0.000836
-0.000836
0.012529
0.025888
-0.014197
0.012525
-0.000836
0.025881
-0.014193
-0.014195
-0.027560
0.039247
-0.027556
0.039242
-0.000836
0.052576
-0.027538
-0.027545
0.025874
-0.000836
-0.014190
0.025870
-0.014188
0.012516
0.012514
0.012513
-0.000836
0.012511
-0.000836
-0.000836
-0.027531
0.012513
-0.014184
0.012513
-0.014184
-0.000836
-0.000836
0.012513
0.025856
0.025849
-0.027520
-0.000836
-0.054226
-0.027542
-0.027549
-0.000836
-0.000836
-0.000836
-0.000836
-0.014195
0.025881
-0.000836
0.025874
-0.027545
-0.000836
-0.000836
0.012520
-0.000836
-0.000836
0.012518
0.012516
-0.000836
-0.000836
-0.014188
-0.000836
-0.027545
0.012520
-0.000836
0.012518
-0.000836
-0.027545
-0.000836
0.025874
-0.000836
-0.000836
-0.014190
-0.000836
-0.000836
-0.000836
-0.000836
0.012518
-0.000836
-0.000836
0.025866
0.012513
-0.027535
-0.000836
0.012514
-0.014186
-0.014188
-0.014190
0.012518
-0.000836
-0.000836
0.039215
-0.000836
0.012511
-0.000836
-0.000836
-0.040881
-0.027542
0.012518
-0.000836
-0.014190
0.025870
END
