y[]
-0.001444
0.014057
-0.016944
-0.001444
-0.001444
-0.016946
-0.016949
-0.063488
0.014071
0.014069
-0.001444
0.029574
-0.016951
0.029569
0.014059
-0.001444
-0.001444
-0.016946
-0.001444
-0.001444
-0.001444
-0.016949
-0.016951
-0.001444
0.014064
0.014061
-0.001444
-0.016949
0.029564
-0.047959
0.029569
-0.001444
-0.016949
0.029564
-0.001444
-0.032451
-0.032461
0.014066
0.029569
-0.078993
0.045093
0.014064
0.014061
-0.078993
0.014071
-0.001444
-0.001444
-0.001444
0.014069
-0.047988
-0.016963
0.014076
0.045101
-0.001444
-0.001444
-0.001444
-0.001444
-0.001444
-0.032471
0.014071
0.029579
0.045072
-0.001444
0.014057
-0.001444
-0.001444
-0.016944
0.014057
0.014054
-0.032442
-0.001444
-0.001444
0.014057
0.014054
-0.001444
-0.016941
-0.001444
-0.001444
-0.047952
-0.016951
-0.016953
-0.016956
-0.001444
-0.001444
-0.063517
0.045115
-0.016961
-0.001444
-0.001444
0.029588
-0.001444
0.014069
-0.016956
0.014069
0.029574
-0.016951
-0.001444
-0.016953
-0.032471
0.029583
-0.001444
-0.016956
0.045086
-0.001444
0.029564
0.060543
-0.016937
-0.032437
-0.001444
-0.016944
0.029555
-0.032442
-0.016946
0.014059
0.014057
-0.001444
0.029550
0.014049
-0.016937
-0.032437
0.014054
-0.001444
-0.001444
-0.001444
0.014052
-0.001444
-0.001444
-0.016939
0.014052
-0.001444
0.014049
-0.063430
-0.001444
-0.016946
-0.001444
0.014059
0.029555
0.014052
-0.001444
0.014049
-0.016937
-0.032437
-0.016944
0.029555
-0.001444
0.014052
0.014049
-0.001444
-0.016937
-0.016939
0.045036
-0.016934
-0.001444
-0.001444
-0.001444
-0.001444
-0.016937
-0.001444
-0.016939
-0.001444
-0.001444
-0.016941
0.014054
-0.016941
-0.032447
0.029559
-0.032447
-0.016949
0.014061
0.060553
-0.032437
-0.016944
0.014057
-0.032447
0.029559
0.029550
0.014049
-0.016937
0.014049
-0.032432
0.014052
-0.063440
0.014059
0.029555
-0.001444
-0.001444
0.014052
-0.016939
0.014052
-0.032437
-0.016944
-0.001444
-0.001444
-0.032451
0.014061
0.029559
-0.032447
-0.001444
-0.001444
0.029559
0.029550
-0.001444
0.014049
-0.016937
0.029540
-0.047923
0.153403
-0.016917
-0.016920
-0.001444
-0.001444
0.044978
0.029492
-0.032379
-0.016915
-0.032394
-0.047887
-0.001444
-0.032418
0.014045
0.029526
-0.094380
0.045036
-0.047923
-0.063449
-0.094525
-0.016966
0.045115
-0.125648
0.014090
0.060668
-0.032495
-0.079113
-0.141402
0.014117
-0.048133
-0.001444
0.060804
0.014112
-0.048118
-0.032572
-0.017011
-0.079319
0.169803
0.185037
0.014081
0.029598
0.014074
-0.032480
-0.063546
-0.048046
-0.048067
0.184921
0.107109
-0.063459
-0.094539
-0.032495
-0.094655
-0.001444
-0.063633
0.060745
-0.016987
-0.094756
0.060774
-0.001444
-0.016994
-0.048111
-0.063700
0.185211
0.045166
-0.016978
-0.079150
-0.016992
0.169457
-0.048024
-0.001444
-0.016975
0.045144
0.076154
-0.016958
-0.001444
-0.016961
-0.172291
0.107311
-0.032504
-0.048053
0.091753
0.014081
0.107159
-0.016951
-0.016953
-0.016956
-0.079041
-0.032499
-0.234671
0.029685
-0.063710
-0.017016
-0.094931
0.014144
-0.017031
0.045311
-0.126171
0.045347
-0.219989
-0.001444
-0.001444
0.076663
0.060998
-0.032659
0.029772
-0.079502
-0.032684
-0.079587
-0.001444
0.076700
-0.017067
0.045420
0.045398
0.216863
-0.032601
-0.001444
0.076432
0.045253
-0.110435
-0.063778
-0.001444
-0.017033
0.076481
0.060852
0.014124
-0.001444
0.029685
0.091884
0.091797
-0.079138
-0.016990
-0.032543
0.014107
-0.094785
0.138536
-0.032533
0.122857
-0.125744
0.045187
-0.001444
0.029632
0.200310
0.045057
-0.078957
-0.063498
0.045101
-0.016956
0.060591
0.014059
0.060543
0.075986
-0.047894
-0.032423
0.045021
-0.047908
0.045021
-0.063401
-0.001444
-0.078945
0.029564
0.076034
-0.016934
0.091464
0.014033
0.106823
-0.001444
0.075818
-0.016891
-0.094179
0.075842
-0.078729
0.060390
0.060352
0.029440
0.121994
0.075628
0.013964
0.029364
-0.001444
-0.032251
0.013961
0.029359
0.013954
-0.032241
-0.001444
-0.001444
-0.047658
-0.016853
0.013966
0.013964
-0.016851
0.044771
-0.016846
-0.001444
-0.001444
-0.016848
-0.016851
-0.016853
-0.016855
-0.016858
-0.001444
0.013971
-0.001444
-0.016858
0.013971
-0.016858
0.013971
-0.001444
-0.001444
-0.001444
-0.001444
-0.001444
-0.001444
0.013968
0.013966
-0.016853
-0.001444
-0.016855
0.029378
-0.001444
-0.016853
0.013966
-0.032265
-0.001444
-0.001444
-0.016858
0.013971
0.013968
0.013966
-0.001444
-0.001444
-0.032265
-0.001444
-0.001444
0.013968
-0.016855
-0.016858
-0.001444
-0.001444
0.013971
-0.001444
-0.001444
-0.016858
0.013971
-0.001444
-0.032274
0.013973
0.013971
0.013968
0.013966
0.044771
-0.001444
-0.001444
0.013956
-0.016844
0.029354
-0.032241
-0.001444
0.013956
-0.001444
0.013954
-0.001444
-0.001444
-0.001444
-0.016841
-0.001444
0.013954
-0.032241
-0.032251
0.029364
0.013956
-0.001444
-0.016844
0.013956
0.013954
-0.001444
-0.001444
-0.016841
0.013954
-0.001444
-0.032241
0.013956
-0.001444
-0.016844
-0.063067
-0.032270
0.013971
-0.001444
-0.016858
-0.001444
-0.001444
0.013971
-0.016858
0.013971
-0.001444
0.013968
0.013966
-0.001444
0.013964
-0.001444
-0.001444
0.013961
-0.001444
0.013959
-0.001444
-0.016846
-0.001444
-0.016848
0.013961
0.013959
0.029354
-0.016841
-0.016844
-0.032251
-0.001444
-0.032260
-0.047686
-0.016863
0.029392
0.013971
-0.001444
-0.032274
-0.016863
-0.016865
-0.016867
-0.016870
0.013983
0.013980
0.029397
0.013973
-0.063124
0.013980
-0.047722
0.013985
-0.001444
0.013983
0.060237
0.091006
-0.001444
-0.063067
0.029373
-0.001444
-0.001444
-0.001444
0.029364
-0.001444
-0.016846
-0.001444
-0.047665
-0.001444
-0.032270
-0.032279
0.044806
-0.016858
0.013971
0.013968
-0.016855
0.013968
0.013966
0.029368
0.013959
-0.001444
0.013956
-0.001444
-0.047651
-0.016851
-0.047679
0.013971
-0.016858
-0.047701
0.044813
-0.093979
-0.047743
-0.001444
0.029425
-0.001444
0.013987
0.013985
-0.016872
-0.047743
-0.032322
0.013997
0.029430
0.013990
0.013987
0.013985
0.044828
-0.016865
0.137263
-0.063067
-0.016855
-0.093965
-0.001444
0.044828
-0.063143
0.013985
0.044828
-0.016865
-0.001444
-0.047722
-0.032308
-0.016879
-0.001444
-0.016882
-0.001444
-0.016884
0.013997
-0.032327
0.029440
0.029430
0.029421
-0.016874
0.044842
-0.001444
-0.032298
0.013985
0.060247
0.013973
-0.063124
-0.016870
0.013983
-0.016870
-0.016872
0.013985
-0.001444
-0.001444
0.013983
0.044821
-0.047708
-0.078598
0.060285
0.013983
0.029402
-0.016865
0.013978
-0.001444
-0.001444
0.013975
0.013973
-0.001444
-0.016860
-0.016863
-0.016865
0.013978
-0.032289
-0.001444
0.013980
0.013978
0.029392
-0.016860
0.029387
0.044785
-0.032260
0.013966
-0.032265
-0.001444
-0.001444
-0.078539
0.013980
-0.032293
-0.047736
0.013990
-0.001444
-0.001444
-0.047751
0.013994
0.029425
0.029416
-0.016872
-0.001444
0.013985
-0.001444
0.013983
0.029402
0.044806
0.029378
-0.001444
-0.032265
-0.032274
0.091021
-0.093908
-0.001444
-0.032284
0.013978
0.029392
-0.001444
-0.001444
-0.016860
0.029387
-0.016858
-0.001444
0.013971
0.029378
0.044771
-0.032251
-0.001444
-0.016851
-0.032265
0.013968
-0.001444
-0.001444
0.029373
-0.001444
0.029364
0.075533
0.060095
-0.001444
0.029311
0.090765
0.059981
0.090623
0.105861
-0.016766
-0.078090
-0.078148
0.013902
0.075249
0.013888
-0.016775
-0.016777
-0.062803
0.090581
0.013886
0.121105
-0.047382
-0.047403
0.029198
-0.001444
0.044502
-0.047389
-0.124068
END
