y[]
0.012831
0.085805
0.000662
0.024975
0.024969
-0.047958
-0.011497
0.024978
-0.035814
0.012822
-0.023660
0.049300
-0.035814
-0.023663
-0.023669
0.012828
-0.023672
0.037161
0.000662
0.000662
0.000662
-0.023669
-0.023675
0.000662
-0.060206
0.025014
0.085846
0.037147
-0.023660
0.000662
0.037143
0.037130
-0.011492
0.000662
-0.133133
-0.060213
0.000662
0.025017
-0.023692
0.049365
-0.035863
0.000662
0.025014
0.000662
0.000662
-0.023690
0.012839
0.012837
-0.011513
-0.011514
0.000662
0.000662
-0.011516
-0.011517
0.012842
-0.023698
0.000662
-0.011520
0.012845
0.037201
0.025014
0.000662
-0.011513
-0.011514
0.025014
0.012836
-0.023687
-0.011514
0.012839
0.012837
0.000662
0.000662
0.012836
-0.048041
0.012840
0.012839
0.000662
0.012837
0.061515
0.037156
-0.011501
0.012825
0.012824
0.000662
0.012822
-0.011498
0.000662
0.012822
0.012821
-0.035819
0.024984
-0.023660
0.024984
-0.023660
-0.023666
-0.011504
0.000662
-0.011506
0.024996
-0.023672
0.012830
-0.023675
-0.011509
-0.011510
0.025005
0.000662
0.000662
0.000662
-0.011509
-0.035859
0.012837
-0.011513
-0.011514
0.012839
0.025011
-0.011511
0.012836
0.000662
-0.011511
-0.011513
0.000662
-0.023692
-0.011517
0.000662
-0.011519
0.000662
0.025023
0.012840
-0.011516
-0.011517
0.000662
-0.023701
-0.011522
0.012846
-0.035894
0.037219
-0.011522
0.000662
0.012846
0.000662
-0.023707
-0.011525
0.049401
-0.023704
0.012846
-0.011522
-0.011523
0.000662
0.012848
-0.011523
0.012848
-0.011523
0.012848
0.000662
0.012846
0.012845
-0.023704
0.000662
0.000662
0.000662
0.000662
0.000662
-0.011523
0.000662
0.025032
-0.011522
0.000662
0.012846
-0.011522
0.000662
0.012846
-0.011522
0.000662
0.000662
0.000662
0.000662
0.000662
0.012846
-0.011522
-0.011523
0.000662
-0.011525
-0.011526
0.000662
0.000662
-0.011528
-0.023722
0.000662
0.000662
0.000662
0.012855
-0.023725
0.025049
-0.011531
0.025046
-0.011529
-0.023725
0.012857
0.000662
-0.023728
0.037245
-0.023725
-0.023731
0.025055
0.037241
0.000662
-0.023722
-0.011532
-0.011534
-0.011535
0.012859
0.012858
0.000662
0.012857
0.000662
0.000662
-0.011532
0.025049
-0.011531
0.000662
0.012855
-0.011531
0.000662
0.012855
-0.011531
0.000662
0.049425
-0.011526
-0.048106
0.012857
0.049425
-0.011526
0.000662
0.000662
-0.011528
-0.023722
0.012855
-0.011531
0.000662
-0.011532
-0.011534
0.000662
0.012858
0.025049
0.000662
0.012854
0.012852
-0.011528
0.000662
0.000662
-0.048112
0.000662
0.012858
0.049431
-0.035912
0.000662
0.000662
-0.011532
-0.011534
0.000662
0.000662
0.000662
0.012858
0.012857
-0.023728
0.012858
0.000662
-0.011534
-0.011535
-0.011537
0.025058
-0.023734
0.037254
-0.011534
0.025052
0.025046
0.012852
0.012851
0.000662
-0.011526
-0.011528
0.000662
0.000662
0.000662
0.000662
0.012852
0.000662
-0.011528
-0.023722
-0.011532
0.012857
0.012855
-0.011531
-0.011532
-0.011534
0.000662
0.012858
0.000662
-0.011534
0.000662
0.025052
0.012855
0.012854
-0.011529
0.000662
-0.011531
0.000662
0.049425
0.012849
0.025032
-0.011522
0.000662
0.012846
-0.023707
-0.011525
0.012849
-0.011525
0.012849
0.000662
0.000662
0.012848
0.000662
0.000662
0.000662
0.000662
0.000662
-0.011523
0.049395
0.037196
0.000662
0.037183
-0.011510
0.000662
-0.048041
0.025017
0.000662
0.025011
0.000662
0.000662
0.000662
0.000662
0.012834
-0.011510
-0.011511
0.000662
0.025008
-0.011510
-0.023687
0.012837
-0.011513
0.000662
0.000662
0.012837
-0.011513
0.025011
0.000662
0.025005
-0.023681
0.025005
-0.023681
-0.011511
-0.023690
0.000662
0.000662
0.012839
0.000662
0.012837
-0.011513
0.000662
-0.023692
-0.011517
0.025020
0.012839
0.012837
0.000662
-0.011513
0.012837
0.000662
0.012836
0.012834
-0.035859
0.049354
0.049330
0.012825
0.037143
-0.084480
0.000662
0.000662
-0.048023
0.085846
-0.084522
-0.023690
-0.035876
-0.011520
-0.011522
-0.011523
0.000662
0.025032
-0.011522
0.098092
-0.023687
0.037183
0.000662
0.025002
-0.035850
-0.048041
0.000662
-0.011517
0.061545
0.000662
0.025005
-0.023681
-0.023687
0.061523
0.000662
-0.035850
0.012834
0.049336
-0.023672
-0.035850
0.000662
0.000662
0.025005
0.012831
0.012830
-0.011506
-0.035850
-0.023687
0.061523
-0.011507
0.061493
0.037143
0.000662
0.024975
0.012816
-0.011492
-0.011494
0.012818
0.000662
-0.011494
0.012818
0.024969
0.024963
0.012811
-0.023636
0.073540
-0.011480
0.024946
0.012802
-0.023619
-0.011480
-0.023627
-0.035783
-0.084429
0.012822
-0.096661
-0.096756
-0.084657
0.012855
-0.023725
0.025049
0.012854
0.000662
0.073779
0.000662
-0.023704
0.037210
0.000662
0.037196
0.061523
-0.048023
-0.011513
-0.035872
-0.023701
0.049383
-0.023695
-0.048071
0.025032
0.000662
-0.011522
0.000662
0.012846
-0.035894
0.012849
0.025032
0.012845
0.000662
-0.048077
0.012849
0.000662
-0.023713
0.025038
0.025032
-0.011522
-0.011523
0.012848
0.000662
-0.011523
0.012848
-0.011523
0.012848
-0.011523
0.000662
0.012848
-0.011523
0.000662
0.000662
-0.011525
0.000662
0.000662
-0.011526
0.012851
-0.023716
-0.011529
0.000662
0.012854
-0.011529
0.000662
0.000662
-0.011531
-0.011532
0.025049
0.000662
-0.011531
0.000662
0.012855
0.000662
0.025043
0.000662
-0.011528
0.000662
-0.011529
0.012854
0.000662
0.012852
0.012851
-0.011526
0.000662
0.012851
0.025035
0.000662
-0.023710
0.000662
0.012849
0.000662
0.000662
0.012848
-0.011523
-0.011525
0.012849
0.012848
-0.011523
0.000662
0.000662
0.000662
0.000662
0.012848
-0.011523
0.000662
0.049395
0.012842
0.012840
0.000662
-0.011516
0.000662
0.000662
0.000662
0.000662
-0.011517
0.000662
0.012842
0.012840
0.000662
0.000662
-0.060243
0.012846
-0.011522
0.025029
0.000662
0.000662
0.012843
-0.023701
0.000662
0.012845
0.000662
0.000662
-0.011520
-0.011522
0.012846
0.000662
0.000662
0.000662
0.000662
0.000662
-0.011522
-0.023710
0.000662
-0.011526
-0.011528
0.000662
-0.011529
0.000662
-0.023725
-0.035930
0.012861
-0.023737
0.000662
-0.023743
0.025067
0.037259
0.000662
-0.011535
-0.011537
0.000662
0.025058
0.012858
-0.011534
0.025052
-0.011532
-0.011534
0.000662
-0.011535
0.000662
-0.011537
-0.011538
0.000662
0.000662
0.000662
0.012862
0.000662
-0.011538
0.012862
0.012861
-0.011537
0.025058
-0.011535
-0.035939
0.000662
0.025064
-0.011538
0.025061
0.000662
0.025055
-0.011534
0.037245
0.012854
0.000662
0.000662
0.025040
-0.011526
-0.023719
-0.011531
-0.011532
0.012857
0.037236
-0.060302
-0.023734
-0.011538
-0.011540
-0.011541
0.012865
-0.011541
-0.035957
-0.035970
0.012874
-0.011550
0.012874
0.012873
0.037285
-0.023752
0.000662
-0.011547
0.049490
0.000662
0.000662
-0.023749
-0.048178
0.012874
0.000662
0.000662
-0.023764
0.012876
-0.011552
0.012876
0.012874
-0.011550
0.000662
-0.035984
0.012879
0.000662
0.012877
0.025088
-0.035979
0.037303
0.000662
0.000662
0.000662
-0.072634
-0.011559
-0.048238
0.012889
0.000662
0.012888
-0.011564
0.037335
0.000662
0.000662
0.000662
-0.023785
0.000662
-0.011564
0.025112
0.012885
0.000662
-0.023785
0.025109
-0.036010
0.025112
0.000662
-0.023788
0.025112
-0.011562
-0.023791
-0.048262
0.049586
-0.011567
-0.023800
-0.011571
0.012895
0.000662
0.025124
-0.011568
0.012892
0.025118
-0.011565
-0.011567
0.000662
END
