y[]
-0.000246
-0.015364
0.014872
-0.015364
-0.015367
-0.000246
0.014875
-0.015367
0.014875
-0.030489
0.014877
0.014875
-0.000246
-0.000246
-0.000246
-0.015367
-0.000246
-0.015369
0.014877
-0.015369
-0.000246
-0.000246
-0.000246
-0.000246
0.029998
0.029988
-0.000246
-0.015362
-0.030485
0.045109
-0.030480
0.014872
0.014870
0.029979
0.045075
0.014856
0.014854
0.014852
-0.000246
-0.015344
0.029947
-0.015341
-0.000246
-0.000246
-0.015344
-0.000246
-0.000246
-0.000246
-0.000246
0.014852
0.014850
0.029938
-0.015337
-0.000246
-0.000246
-0.030435
0.014850
0.014847
-0.000246
-0.000246
-0.030435
0.014850
0.014847
-0.030435
0.014850
-0.045539
0.029952
-0.030444
-0.000246
-0.060669
0.014863
-0.075815
-0.015367
-0.045621
-0.000246
-0.030508
0.030016
-0.030508
-0.000246
-0.000246
-0.075940
0.014898
-0.015389
0.014898
-0.015389
0.030039
-0.000246
-0.030531
0.014898
0.060305
0.014886
-0.030512
0.014888
0.014886
-0.045649
0.014891
-0.075952
-0.060852
0.014909
-0.076044
0.075552
-0.045718
-0.060907
0.045253
-0.015410
-0.076101
0.014930
0.045267
-0.015415
-0.000246
-0.030590
0.030098
-0.121679
0.060489
0.014932
0.030103
-0.015419
0.014927
0.030094
0.090718
-0.000246
-0.000246
-0.015401
-0.030563
0.014914
-0.030567
0.014916
-0.000246
-0.030572
-0.015412
0.030085
-0.045745
-0.000246
-0.000246
-0.000246
-0.000246
-0.000246
-0.030590
-0.000246
-0.015422
-0.015424
0.121113
-0.060907
-0.000246
-0.000246
-0.030590
0.045267
-0.000246
0.030085
-0.030577
-0.015415
0.045253
-0.015410
-0.000246
-0.000246
-0.015412
0.014921
-0.000246
0.060397
-0.000246
-0.000246
-0.000246
-0.015403
-0.045731
-0.060926
0.014927
-0.000246
0.014925
-0.045766
-0.000246
0.014930
-0.015422
-0.015424
-0.015426
-0.000246
-0.076182
-0.000246
-0.030636
-0.015445
-0.015447
-0.015449
-0.045870
0.014964
-0.015456
-0.045891
-0.045911
0.045420
0.091023
-0.000246
-0.000246
-0.045870
-0.015459
0.045385
0.045364
0.030149
-0.045842
0.014955
0.060535
-0.030632
-0.030641
-0.030650
-0.076297
-0.015463
0.045399
-0.030673
0.075805
-0.076297
0.045392
-0.000246
0.014962
0.106145
0.014944
-0.015435
0.014944
0.014941
-0.030623
-0.045828
0.014950
-0.000246
0.030140
0.045316
0.060471
-0.030600
-0.000246
-0.015426
0.014934
0.105951
-0.030577
0.014921
-0.030581
-0.015417
-0.045773
0.030108
0.045267
-0.015415
0.014923
-0.030586
0.090746
0.075517
-0.076009
-0.258271
-0.000246
0.136439
0.045274
-0.030590
0.075598
-0.045745
0.211908
-0.075963
-0.000246
-0.015396
-0.030554
0.014909
0.030057
-0.136682
-0.152060
-0.061036
0.014955
-0.015447
0.060544
0.060507
-0.197829
-0.030678
-0.076367
-0.045946
0.091134
-0.061157
-0.045953
-0.045974
-0.015493
-0.030748
0.030256
0.075968
0.045454
-0.045946
0.030223
0.060665
-0.000246
0.014976
0.060618
-0.045891
0.045399
-0.076332
0.014976
0.151845
0.014950
-0.015442
-0.030646
0.075736
0.030131
-0.076205
-0.015445
-0.015447
-0.015449
-0.015452
0.106145
0.014944
-0.030627
-0.076240
-0.030660
0.045371
-0.091501
-0.015463
0.045399
0.014964
-0.076320
-0.061147
-0.030711
-0.030720
0.075921
-0.030706
0.014985
0.030209
0.014978
-0.045925
-0.061184
0.045461
0.045441
0.060637
0.045392
0.090967
-0.000246
-0.045842
0.045350
0.090884
0.060461
0.060424
-0.030577
0.045247
-0.015408
0.030075
0.060369
-0.045704
0.014909
0.060351
0.030039
0.030030
0.030020
-0.060788
0.030030
-0.000246
-0.106250
-0.000246
-0.015399
-0.060880
0.014916
-0.015408
0.120985
-0.015392
-0.045697
-0.015401
0.045212
-0.030549
-0.106379
-0.015417
0.014925
-0.000246
0.060415
-0.000246
-0.015408
-0.000246
0.060388
0.014907
0.014904
0.030048
-0.000246
-0.045690
-0.015399
-0.030558
-0.045731
-0.000246
-0.106459
-0.030613
0.075655
-0.015422
-0.076159
-0.000246
0.045309
-0.015428
0.075644
-0.060953
0.030112
0.014930
-0.000246
-0.015422
-0.030604
-0.015428
-0.000246
-0.030618
-0.015435
0.014944
-0.000246
-0.000246
-0.000246
0.014941
-0.000246
-0.000246
0.030122
0.014934
-0.030609
-0.045807
-0.000246
-0.030632
0.030140
-0.030632
0.014948
-0.000246
-0.030636
0.014950
0.014948
0.014946
-0.015438
-0.000246
0.014946
-0.000246
-0.015438
-0.000246
0.014946
-0.015438
-0.000246
0.014946
-0.015438
-0.000246
-0.000246
-0.015440
-0.000246
0.014948
-0.000246
-0.045835
0.014953
0.014950
0.030140
-0.000246
-0.000246
-0.030632
0.030140
-0.000246
0.030131
-0.000246
-0.030623
0.030131
0.030122
-0.015428
-0.015431
0.030122
-0.000246
-0.030613
-0.015433
0.045309
-0.000246
0.014934
-0.000246
-0.015426
-0.000246
-0.000246
0.045288
0.014927
0.030094
-0.015415
-0.000246
0.030089
-0.000246
0.030080
-0.000246
0.014914
-0.000246
-0.000246
-0.015405
0.014914
0.014911
0.014909
0.014907
-0.045711
0.014911
0.030062
-0.015399
-0.000246
-0.000246
-0.000246
0.014907
-0.000246
-0.045711
0.014911
-0.000246
0.030062
-0.015399
-0.000246
-0.000246
-0.015401
-0.030563
0.014914
-0.015405
-0.000246
0.014914
-0.030567
-0.076090
0.030098
0.045253
-0.030577
-0.015415
0.014923
0.014921
0.030080
0.014914
-0.000246
-0.000246
-0.015405
-0.015408
-0.060916
-0.015419
-0.000246
-0.000246
0.030098
-0.015417
0.014925
0.014923
-0.000246
-0.000246
-0.000246
0.014921
-0.015412
-0.000246
-0.000246
-0.000246
-0.000246
0.014921
-0.076101
0.045274
0.014923
-0.030586
0.014925
-0.015417
-0.030595
0.030103
0.014925
0.014923
-0.015415
-0.000246
0.014923
-0.015415
0.030089
-0.015412
-0.000246
-0.000246
-0.000246
-0.015415
-0.030590
0.014927
-0.000246
-0.000246
-0.015419
0.014927
-0.015419
-0.030600
-0.000246
-0.000246
0.014932
-0.060972
-0.045814
0.014946
-0.076228
-0.015449
-0.030660
-0.030669
0.030177
-0.000246
-0.015456
0.014964
0.014962
-0.076309
0.030186
-0.030678
0.030186
-0.000246
0.030177
-0.000246
-0.015456
-0.000246
-0.000246
-0.030673
-0.045905
-0.030697
-0.015475
0.014983
0.030205
-0.000246
-0.000246
0.030195
0.014971
-0.045905
0.075840
-0.030673
0.060600
-0.076309
0.060609
-0.030669
0.090995
-0.015447
0.060544
-0.076240
0.060554
-0.045842
0.045350
-0.061045
0.060554
-0.015442
0.030145
-0.015440
-0.015442
0.030145
0.060507
-0.000246
-0.000246
-0.030618
-0.061018
0.014950
-0.015442
-0.015445
-0.030650
0.014957
-0.061073
0.075782
-0.045856
0.014960
0.060554
-0.045842
-0.000246
-0.030655
-0.000246
-0.015454
-0.000246
-0.045884
-0.000246
0.014969
-0.015461
0.045392
0.030168
-0.000246
-0.045870
-0.015459
-0.000246
0.014967
0.060581
0.014955
-0.015447
0.045350
-0.045842
0.030154
0.060526
0.014941
-0.015433
0.014941
-0.015433
-0.030627
-0.061036
0.014955
0.030149
-0.030641
-0.015447
-0.061073
-0.000246
0.014964
0.121353
0.090856
-0.015424
0.030108
0.075598
-0.015410
-0.015412
0.045247
0.030071
0.045212
-0.000246
-0.030549
0.045205
-0.030544
0.045198
0.090581
0.045136
-0.015371
0.075357
-0.030480
0.014872
0.029984
-0.015360
-0.045601
0.014875
-0.045615
0.030002
-0.045621
0.030007
0.014877
-0.030494
-0.015373
-0.015376
-0.015378
-0.015380
0.014888
0.030016
-0.015376
0.030011
-0.030503
-0.000246
-0.060788
0.045164
0.014886
0.060259
-0.030494
0.014879
0.045116
-0.121256
0.014888
-0.015380
-0.030521
-0.060824
-0.000246
0.014902
0.030043
-0.015389
0.030039
-0.136599
-0.030572
0.030080
-0.045738
-0.015415
0.045253
-0.015410
-0.015412
-0.000246
0.105871
-0.151876
0.151384
0.045198
0.060314
0.045150
0.135819
0.120545
END
