y[]
-0.050804
-0.089876
0.040249
0.027226
0.066228
-0.024800
0.014208
-0.024803
-0.011802
0.014211
-0.024810
0.014213
0.027216
0.001205
0.014208
-0.024803
0.053214
0.092155
-0.076748
0.027196
0.118080
0.040133
0.027148
-0.063667
-0.024756
0.001205
-0.024763
0.027172
-0.037749
0.027175
-0.011780
0.014189
-0.076728
-0.011790
0.001205
-0.037789
-0.037804
0.053214
0.027199
-0.089805
-0.011803
0.027219
0.014209
0.040209
0.027199
-0.024790
0.014203
-0.050797
-0.024807
-0.063853
-0.011812
0.001205
0.027236
0.053247
-0.037825
0.001205
0.001205
0.027226
-0.063861
0.027236
0.001205
0.001205
-0.037845
-0.037860
-0.037876
-0.037891
0.053329
0.053302
-0.050892
0.066322
0.066279
0.001205
-0.037835
-0.011812
0.001205
0.027236
0.014218
-0.011809
0.053247
0.027216
0.001205
0.053207
-0.037794
-0.011798
-0.011800
0.014209
-0.024807
-0.050838
-0.037845
0.053268
-0.050858
0.001205
0.040254
0.066254
-0.050831
-0.011809
0.001205
-0.024827
0.014221
0.014220
-0.011810
0.001205
-0.011812
0.027236
0.066254
0.014209
0.001205
0.001205
-0.037815
-0.037830
0.040239
0.001205
-0.011805
0.027223
-0.011803
0.014213
-0.011803
0.040224
0.014208
0.079188
-0.024783
-0.011792
0.001205
0.014201
0.001205
0.014199
0.001205
0.027189
-0.011787
-0.011788
0.014198
-0.011788
0.014198
0.001205
0.053159
-0.011781
-0.011783
0.040163
0.040148
-0.024756
0.014186
0.001205
0.040138
-0.024749
0.014182
0.027155
-0.011770
0.027152
-0.024742
0.040123
-0.011766
0.027145
0.091943
-0.024712
0.053032
0.040057
-0.037648
0.053005
-0.011743
-0.050602
0.014159
-0.011750
-0.037668
0.027121
0.014161
0.014159
0.014157
0.065942
-0.193134
0.169653
-0.089463
0.001205
0.053025
-0.037658
0.078915
-0.011743
0.027098
0.040032
-0.037623
0.027091
0.040022
0.078794
0.001205
-0.024652
-0.063466
0.027078
0.001205
0.027071
-0.076415
0.065892
0.052924
0.001205
0.039977
0.014125
0.078694
0.104430
0.026994
-0.037483
0.014102
-0.011693
-0.050402
0.117281
0.014094
0.065625
-0.063216
-0.011684
0.065634
-0.024562
0.322810
-0.011640
-0.011641
0.065418
0.052546
-0.011628
-0.011630
0.014039
-0.075827
0.039728
-0.063009
0.014051
0.014049
0.039728
-0.024476
0.065394
0.014038
-0.075817
0.039723
0.039708
0.026865
-0.050123
-0.050150
0.001205
-0.011638
-0.037333
-0.063059
0.001205
0.014061
0.001205
0.039763
-0.050209
-0.037373
0.039782
0.001205
-0.050236
0.001205
-0.050262
-0.024539
0.052685
-0.037403
0.065542
-0.037393
-0.011665
-0.024539
0.039817
-0.011665
-0.063166
0.026958
-0.011671
-0.101862
0.052751
-0.050342
0.091393
-0.037438
0.104218
0.039807
0.026931
0.001205
0.091196
-0.024499
0.091139
-0.011638
0.001205
-0.088741
0.065460
0.001205
0.001205
0.014051
-0.011641
-0.037343
-0.037358
-0.075966
-0.011663
0.065526
0.078335
-0.114514
-0.024529
0.104099
-0.140302
0.001205
-0.050302
0.026961
-0.050315
0.014087
-0.050335
0.026978
0.078484
-0.063191
-0.089019
0.039882
0.026981
-0.024572
0.026981
-0.011683
-0.024575
0.014095
-0.024578
-0.024585
-0.153674
-0.050475
-0.115172
0.169261
-0.076325
0.130387
0.104430
0.001205
0.001205
-0.102021
-0.102128
0.001205
-0.076365
0.001205
0.052924
0.039977
-0.063424
0.001205
-0.128178
0.078854
0.065867
-0.128161
0.169348
0.052884
-0.063399
0.039972
0.065783
0.052838
0.001205
0.014109
0.027008
-0.037502
-0.024608
0.052824
-0.011698
0.027008
0.027001
-0.037493
-0.063324
0.001205
0.078634
-0.011696
-0.063324
-0.024618
-0.089229
0.014129
0.039967
0.039952
-0.024625
0.039947
-0.024622
0.065758
-0.050435
-0.011709
-0.024628
0.001205
0.052864
0.014115
-0.115052
-0.102248
0.052944
0.027065
0.014132
0.065817
-0.011714
-0.011716
0.001205
0.065792
0.065750
-0.037517
0.001205
0.052831
0.027008
-0.024598
0.091486
0.001205
0.091405
0.014084
0.014082
-0.011673
-0.011674
-0.063216
-0.050362
-0.024588
-0.024595
0.001205
-0.037507
0.052818
-0.011696
-0.011698
-0.063332
0.104444
-0.011694
0.065683
-0.089077
0.104377
-0.063266
0.065675
-0.050368
-0.050395
-0.192531
-0.128161
-0.089451
-0.037673
-0.076596
-0.063676
-0.141680
0.195997
0.014177
-0.167572
-0.128817
-0.050852
-0.142090
-0.050953
0.131549
0.079330
-0.050872
-0.050899
-0.103084
-0.129310
-0.051049
-0.129548
0.145024
-0.024929
0.144855
0.079472
0.131515
0.066296
-0.024827
-0.076930
0.001205
0.144406
0.001205
0.118217
-0.206912
0.092309
0.001205
-0.050845
0.001205
0.001205
0.014220
-0.089935
0.066313
-0.076930
-0.011824
0.001205
-0.077002
-0.011836
-0.011837
0.027287
0.001205
0.014243
-0.064006
0.001205
-0.037942
-0.011848
-0.103275
-0.024932
-0.090329
0.145005
-0.037993
0.066526
0.027321
-0.077165
-0.011863
0.027338
-0.011861
-0.064151
-0.011871
0.040428
-0.038019
0.014281
-0.234428
0.027414
-0.025004
0.040515
0.053595
0.027390
-0.038075
-0.024990
0.066680
0.053554
-0.024966
0.027376
0.014288
-0.051138
-0.011885
0.001205
0.040469
-0.051151
-0.011889
0.040479
0.027379
-0.011882
0.001205
-0.011883
-0.064262
0.040490
0.066645
0.066603
0.079626
-0.090293
-0.090376
-0.011885
-0.077370
0.001205
0.014305
-0.064313
0.040521
0.001205
-0.038111
0.053622
0.027403
0.014301
0.040485
0.027383
0.027376
0.027369
-0.077309
0.079718
0.027362
-0.011873
-0.024956
0.027366
0.001205
-0.077299
0.040464
0.001205
0.001205
0.040449
0.014283
0.001205
0.079636
-0.011863
0.014272
-0.051076
-0.038024
0.040433
0.053485
-0.011863
0.001205
0.001205
0.001205
0.014272
-0.038003
-0.011868
0.040418
-0.011865
-0.024939
0.014277
-0.024943
-0.024949
0.001205
-0.024956
0.027366
0.001205
-0.011875
0.001205
0.014284
0.040433
0.014277
0.001205
0.001205
0.001205
0.014276
-0.011866
0.014276
0.014274
0.001205
-0.011865
0.001205
0.001205
-0.011866
0.027345
0.001205
-0.011865
0.001205
0.014274
0.014272
0.079575
0.014260
0.014259
0.027308
0.001205
0.001205
0.014254
-0.011844
0.040346
0.053370
-0.011834
-0.011836
0.014245
-0.011836
0.014245
-0.011836
-0.011837
0.001205
0.001205
0.027287
-0.024878
0.014247
-0.024881
0.014248
-0.024885
0.027294
0.001205
0.014247
0.040321
0.079391
-0.011822
0.014231
-0.011822
0.040280
-0.050899
-0.024857
0.027267
-0.024857
-0.011829
-0.063989
0.001205
0.001205
0.040326
0.014242
-0.011832
-0.024874
0.014245
0.105466
0.001205
-0.063946
0.131464
0.053261
0.040229
0.001205
-0.011802
0.001205
0.027216
0.001205
0.053207
0.040189
0.001205
-0.037779
0.001205
-0.011793
0.001205
0.040194
0.066152
-0.050750
0.079127
-0.115701
0.170025
0.014179
0.001205
-0.063684
-0.063726
-0.076768
-0.063819
0.040224
-0.037815
0.105222
-0.024790
0.092155
0.105047
0.027148
-0.115595
0.014189
-0.037754
-0.037769
0.001205
-0.089793
-0.037820
0.105236
0.014201
-0.011792
0.001205
-0.050797
0.079198
0.040178
-0.063760
0.014201
-0.024790
-0.180945
-0.024844
-0.024851
-0.024857
-0.090066
-0.077094
0.066458
-0.024891
0.066432
-0.050974
0.014252
0.040336
-0.024881
-0.064040
-0.064082
0.014265
-0.077186
-0.064168
0.040433
0.001205
-0.024946
-0.024953
0.066586
-0.090340
-0.024966
-0.024973
0.053554
0.027369
0.040438
0.014279
-0.103439
0.053540
-0.024960
0.040449
0.040433
-0.038024
0.014283
-0.064202
-0.064245
-0.011890
-0.103617
0.001205
0.001205
0.014313
-0.011904
-0.116851
-0.011921
0.040577
0.053677
0.001205
END
