y[]
-0.000504
-0.015397
0.029280
0.029271
-0.015391
0.014382
-0.015391
-0.015393
-0.000504
0.029271
-0.015391
0.044149
0.029253
-0.015382
0.014373
0.044115
0.029231
-0.000504
-0.015371
-0.000504
0.014362
-0.000504
-0.015371
0.148062
0.029183
0.029174
-0.015342
-0.015344
-0.000504
-0.000504
-0.015347
-0.000504
0.014338
-0.015347
-0.030195
0.029187
0.014338
-0.015347
0.044016
-0.000504
0.014331
-0.030178
-0.015344
0.029174
0.029165
-0.030173
-0.000504
0.014331
-0.000504
-0.030178
0.014334
-0.000504
0.014331
0.029161
-0.000504
-0.030169
0.014329
-0.030173
0.014331
-0.000504
-0.000504
0.014329
-0.030173
0.014331
-0.000504
0.029161
0.029152
0.029143
-0.015327
0.029139
-0.000504
-0.000504
0.014314
-0.015322
-0.015325
-0.015327
0.014318
0.014316
0.014314
0.014312
-0.059781
-0.030156
0.029147
-0.030156
-0.000504
0.014323
-0.000504
-0.000504
0.029143
-0.015327
-0.015329
0.014320
-0.000504
0.014318
-0.030151
-0.000504
-0.030160
-0.030169
0.014329
0.014327
-0.030169
-0.000504
0.014329
-0.030173
-0.015342
0.014334
-0.000504
0.014331
-0.059860
0.044016
-0.015342
0.044003
0.014327
-0.030169
-0.030178
0.044003
-0.030173
0.088477
0.118014
-0.015311
-0.000504
-0.000504
0.014303
-0.000504
-0.000504
0.029103
-0.015307
0.014299
0.014296
-0.000504
-0.000504
-0.000504
0.014294
-0.000504
0.014292
-0.015300
0.029086
-0.000504
0.029077
-0.015294
-0.000504
-0.000504
-0.030090
-0.000504
-0.000504
-0.000504
-0.000504
-0.000504
-0.015300
-0.015303
-0.000504
-0.015305
0.014296
0.014294
-0.000504
-0.015303
-0.000504
0.014294
-0.015303
-0.015305
0.014296
-0.000504
-0.015305
0.014296
-0.000504
-0.030108
-0.000504
0.014299
-0.015307
-0.000504
0.029099
-0.015305
0.014296
-0.000504
-0.015305
-0.000504
-0.015307
0.029099
-0.000504
0.014294
-0.015303
-0.044912
0.014301
-0.000504
-0.015309
0.014301
-0.000504
-0.015309
-0.000504
-0.000504
-0.000504
-0.015311
0.014303
-0.000504
0.029103
-0.030112
-0.000504
-0.000504
-0.015311
-0.000504
0.014303
-0.015311
-0.000504
-0.015314
-0.000504
-0.000504
-0.000504
-0.015316
0.029117
-0.015314
0.014305
0.014303
0.029103
-0.015307
0.043897
-0.044906
-0.015309
-0.015311
-0.015314
-0.000504
-0.000504
-0.030129
0.014309
-0.000504
-0.000504
-0.015318
-0.000504
-0.015320
0.014312
-0.000504
-0.000504
-0.000504
-0.000504
0.014309
-0.000504
0.014307
-0.015316
-0.000504
-0.015318
0.014309
-0.000504
0.014307
0.014305
-0.000504
-0.000504
-0.000504
-0.000504
-0.044939
0.029121
0.014305
-0.030125
0.014307
-0.000504
-0.000504
0.014305
-0.015314
-0.000504
-0.015316
-0.015318
-0.000504
0.029121
0.014305
-0.000504
-0.000504
-0.015314
-0.015316
0.014307
-0.015316
0.029117
-0.000504
0.014303
-0.000504
-0.000504
-0.000504
-0.044932
-0.000504
-0.000504
0.014307
-0.015316
-0.000504
-0.000504
-0.000504
-0.000504
0.014307
-0.030129
0.029121
-0.000504
-0.015316
0.014307
-0.015316
-0.000504
-0.000504
-0.000504
-0.000504
0.014307
-0.000504
-0.000504
-0.015316
0.029117
-0.000504
-0.015314
0.014305
-0.000504
-0.000504
-0.000504
0.029108
-0.000504
-0.015309
-0.000504
-0.015311
0.029108
-0.030116
-0.015314
-0.015316
-0.015318
0.014309
-0.015318
-0.000504
-0.000504
0.014309
-0.015318
0.014309
-0.015318
0.014309
-0.000504
-0.015318
-0.030138
-0.015325
0.014316
-0.000504
-0.000504
-0.000504
-0.015325
0.014316
0.014314
-0.030143
0.043950
0.029121
-0.015316
-0.030134
-0.000504
0.029125
-0.000504
-0.000504
-0.000504
-0.000504
0.029117
-0.015314
-0.030129
-0.000504
-0.015320
0.058746
-0.030125
-0.015318
0.014309
0.014307
-0.000504
-0.015316
-0.015318
-0.015320
-0.015322
-0.000504
-0.000504
0.014314
-0.030143
-0.015327
0.014318
0.014316
-0.000504
-0.000504
-0.000504
-0.000504
-0.000504
-0.015325
0.014316
-0.030147
-0.015329
0.029143
-0.030151
0.014320
0.014318
-0.015327
-0.000504
-0.044985
-0.015336
-0.000504
-0.015338
0.014329
0.043983
0.014320
-0.000504
-0.030156
0.029147
-0.015329
-0.015331
-0.000504
-0.000504
-0.015333
-0.000504
-0.000504
-0.000504
0.014325
-0.000504
0.014323
-0.000504
0.029143
0.014316
-0.000504
-0.015325
-0.000504
0.014316
0.029130
-0.015320
0.014312
-0.015320
0.014312
-0.000504
-0.000504
-0.000504
0.014309
-0.030134
0.014312
-0.030138
-0.015325
0.014316
0.014314
-0.000504
-0.000504
-0.000504
0.014312
0.014309
-0.000504
-0.000504
0.058729
-0.015309
-0.015311
-0.000504
0.014303
0.014301
0.014299
0.014296
-0.000504
-0.015305
-0.044919
-0.000504
-0.015314
-0.015316
-0.015318
-0.000504
-0.000504
0.058737
-0.015311
-0.000504
-0.044939
0.029121
-0.000504
0.029112
-0.000504
0.014301
-0.000504
-0.030116
-0.000504
-0.030125
-0.000504
-0.000504
0.029117
-0.000504
-0.015314
-0.000504
-0.044945
-0.000504
0.029125
-0.000504
-0.074595
-0.015329
-0.030160
0.029152
0.043963
-0.015325
0.014316
0.029130
0.029121
-0.030129
0.058737
-0.015311
-0.030125
-0.000504
-0.030134
0.014312
0.014309
0.043924
0.014301
0.058694
-0.000504
-0.030099
0.014294
-0.000504
-0.015303
-0.000504
-0.030108
0.029099
-0.030108
-0.059737
0.029117
-0.000504
0.029108
-0.104185
-0.000504
-0.030147
-0.059816
0.029156
0.058790
-0.030147
0.014318
-0.044978
-0.015333
-0.059843
-0.015344
0.029174
0.014331
-0.000504
-0.030178
0.058834
-0.030169
-0.045018
-0.030191
0.029183
-0.000504
-0.030191
-0.059904
0.044049
-0.030204
-0.059931
-0.015366
0.044076
0.044056
-0.030209
0.029200
0.044036
-0.000504
-0.000504
-0.030195
0.014342
-0.030200
0.014345
0.029187
0.014338
-0.000504
-0.000504
0.058843
0.014327
0.014325
0.029147
0.014318
0.014316
0.014314
-0.044965
-0.015329
-0.000504
0.029143
0.014316
-0.074628
0.043976
-0.000504
-0.015329
-0.015331
-0.000504
-0.015333
0.014325
0.014323
0.014320
-0.059816
0.043983
-0.059825
-0.000504
0.014329
0.029156
-0.015333
0.014325
-0.044998
-0.059860
-0.015349
0.044023
-0.000504
0.044003
-0.000504
0.043983
-0.015331
0.014323
-0.030160
-0.045005
-0.030182
-0.030191
-0.030200
-0.030209
0.029200
-0.000504
0.029191
-0.000504
-0.000504
-0.015351
-0.015353
0.029191
0.014340
-0.074749
-0.045077
-0.000504
-0.015366
-0.000504
0.103485
0.014342
0.014340
0.029178
-0.000504
-0.000504
-0.000504
0.029169
-0.000504
-0.000504
-0.000504
0.014329
-0.015338
-0.000504
-0.000504
0.014329
-0.015338
-0.000504
0.014329
-0.015338
-0.000504
-0.015340
0.014331
0.014329
-0.030173
-0.000504
-0.000504
-0.000504
-0.000504
0.014331
-0.000504
0.014329
-0.000504
-0.000504
0.014327
-0.000504
-0.000504
-0.015336
0.014327
-0.000504
-0.000504
-0.000504
-0.000504
-0.000504
-0.000504
-0.000504
-0.000504
-0.000504
-0.015336
0.014327
-0.000504
-0.000504
-0.000504
-0.000504
-0.015336
-0.000504
-0.000504
-0.000504
-0.000504
-0.000504
-0.015338
-0.000504
-0.015340
0.029165
-0.000504
-0.000504
0.029156
0.014323
0.014320
-0.015329
-0.000504
-0.000504
0.014320
-0.000504
0.014318
-0.015327
0.014318
-0.000504
0.014316
-0.015325
-0.000504
-0.000504
0.014316
-0.000504
0.014314
-0.030143
0.014316
-0.015325
-0.015327
-0.030156
-0.000504
0.014323
-0.015331
0.029147
-0.030156
0.029147
-0.030156
-0.000504
-0.000504
0.014323
-0.000504
-0.000504
-0.000504
-0.000504
-0.015331
-0.000504
0.029147
-0.030156
0.014323
-0.015331
-0.000504
-0.000504
-0.000504
-0.015333
-0.015336
-0.000504
-0.000504
-0.015338
-0.000504
-0.000504
-0.030178
0.029169
-0.015340
-0.000504
-0.000504
-0.000504
-0.000504
-0.000504
END
