y[]
-0.000448
-0.000448
0.015284
-0.016179
-0.031919
-0.016187
0.015292
-0.000448
-0.000448
-0.016187
-0.000448
-0.000448
-0.000448
-0.031934
-0.000448
-0.000448
-0.000448
-0.000448
0.015297
-0.016192
-0.016194
-0.000448
0.015299
-0.016194
0.015299
-0.000448
-0.031944
0.015302
-0.016197
-0.000448
-0.000448
-0.000448
0.015302
0.015299
-0.016194
-0.000448
-0.000448
0.015299
-0.016194
0.015299
-0.000448
-0.016194
0.015299
-0.016194
-0.016197
-0.000448
-0.000448
-0.000448
-0.000448
0.015302
-0.000448
-0.016197
-0.016199
-0.000448
0.015304
-0.016199
-0.000448
-0.016202
-0.016204
0.015309
-0.016204
0.015309
-0.000448
-0.000448
-0.000448
0.015307
0.031053
-0.031949
0.015304
-0.000448
-0.000448
-0.000448
0.031049
-0.016194
-0.000448
-0.016197
0.015302
-0.000448
0.015299
-0.016194
0.015299
-0.016194
-0.000448
-0.016197
-0.000448
-0.000448
0.015302
-0.000448
-0.000448
-0.000448
-0.000448
-0.000448
-0.000448
-0.000448
-0.000448
-0.016197
0.015302
-0.016197
0.015302
-0.000448
-0.016197
-0.016199
-0.016202
-0.000448
-0.000448
0.015307
-0.031959
0.015309
0.031058
-0.000448
0.015302
-0.000448
-0.000448
-0.016197
0.015302
-0.016197
-0.016199
-0.000448
-0.000448
-0.016202
0.015307
-0.000448
-0.016202
0.015307
-0.016202
-0.000448
-0.000448
0.015307
-0.000448
0.015304
-0.000448
-0.000448
0.015302
0.015299
-0.000448
-0.016194
0.015299
-0.000448
-0.016194
-0.000448
0.015299
-0.000448
-0.000448
-0.016194
0.015299
-0.016194
0.015299
-0.000448
-0.000448
-0.000448
-0.000448
-0.016194
-0.016197
-0.000448
0.015302
-0.000448
-0.016197
-0.016199
0.031053
-0.016197
-0.000448
0.031049
0.015297
0.015294
0.015292
0.015289
-0.016184
-0.000448
-0.016187
0.015292
-0.000448
-0.016187
0.015292
0.015289
-0.016184
-0.016187
0.015292
-0.016187
0.015292
0.015289
0.015287
-0.000448
-0.016182
-0.016184
-0.016187
-0.000448
-0.031934
-0.000448
-0.016194
0.046785
0.015292
0.031024
0.015284
-0.000448
-0.016179
-0.016182
0.046748
-0.016177
0.015282
-0.016177
-0.031914
-0.063410
0.015297
-0.031939
0.015299
0.015297
-0.016192
-0.016194
0.015299
-0.016194
0.015299
-0.000448
-0.031944
-0.000448
-0.000448
0.015302
-0.031949
-0.000448
-0.016202
-0.016204
0.015309
0.015307
-0.016202
-0.000448
0.015307
-0.000448
0.031053
-0.047703
0.015307
-0.016202
-0.000448
-0.000448
0.015307
0.015304
-0.016199
-0.000448
-0.016202
-0.016204
-0.016207
0.031068
0.046808
-0.016197
0.015302
-0.000448
-0.000448
0.015299
-0.000448
0.031039
-0.016189
-0.047688
0.062535
-0.000448
-0.000448
-0.016189
0.015294
-0.000448
-0.031934
-0.031944
-0.000448
-0.031954
0.031058
-0.016199
-0.016202
0.031058
-0.031954
0.015307
-0.031959
-0.016207
-0.016209
-0.016212
-0.016214
-0.000448
0.031083
-0.000448
-0.000448
-0.000448
-0.000448
-0.016212
0.015317
-0.000448
0.031073
-0.016207
-0.000448
0.015312
-0.000448
-0.016207
-0.000448
-0.000448
0.015312
-0.000448
-0.016207
0.015312
-0.016207
0.015312
-0.016207
0.015312
-0.000448
-0.000448
-0.016207
0.015312
0.015309
0.015307
-0.047718
-0.000448
-0.000448
-0.000448
0.015312
-0.000448
-0.016207
-0.000448
0.015312
-0.000448
0.015309
0.015307
-0.000448
0.046800
-0.016194
-0.000448
-0.016197
0.031049
0.015297
-0.047688
0.031049
0.031039
-0.016189
-0.016192
-0.031944
0.031049
-0.047695
0.031053
-0.016197
-0.000448
-0.000448
-0.000448
0.031049
-0.000448
-0.016194
0.062525
0.015289
-0.205220
-0.000448
0.046845
-0.047740
-0.095100
-0.032018
-0.000448
-0.111023
-0.000448
0.062754
0.015346
0.031133
0.031123
-0.079393
0.031138
-0.000448
-0.047830
-0.032048
0.125895
-0.000448
0.046890
-0.000448
0.062634
-0.016214
0.062604
0.031063
0.015304
-0.047710
0.046815
-0.031954
0.031058
0.031049
-0.016194
-0.047703
-0.000448
0.031058
-0.016199
0.015304
0.015302
-0.000448
0.062525
0.031024
-0.000448
0.031014
-0.000448
-0.000448
0.046726
0.015272
-0.016167
-0.047621
-0.016177
0.015282
0.015279
-0.000448
0.015277
-0.079095
0.031019
-0.016179
-0.016182
-0.000448
-0.000448
0.015287
-0.047658
0.015292
0.046756
0.031009
0.046719
0.030984
-0.000448
0.015265
0.015262
-0.000448
-0.016157
0.030969
-0.047577
0.030974
-0.016157
0.030969
-0.016155
-0.000448
-0.031869
-0.000448
-0.016162
0.015267
-0.016162
-0.016165
0.046696
0.030969
-0.000448
-0.000448
0.030959
-0.016150
-0.047569
-0.079033
-0.016172
-0.063370
0.046748
-0.016177
-0.000448
0.015282
-0.000448
0.031004
-0.000448
-0.016172
-0.047636
0.093907
-0.000448
0.015270
-0.000448
-0.000448
-0.016165
0.015270
-0.016165
-0.016167
-0.063351
0.015282
0.031004
-0.000448
-0.016172
0.030999
-0.063351
0.062455
0.015272
-0.000448
-0.031889
-0.000448
0.046711
0.030979
-0.016160
0.030974
0.030964
0.015255
-0.016150
-0.063281
0.078089
0.030950
0.015247
-0.000448
-0.016142
-0.000448
-0.016145
0.030945
-0.000448
-0.000448
-0.000448
-0.000448
-0.016142
0.015247
-0.000448
-0.000448
0.030935
-0.000448
-0.016138
-0.000448
0.015242
0.015240
0.030920
-0.016130
-0.063203
0.015245
-0.016140
-0.000448
-0.000448
-0.000448
0.015245
-0.000448
0.030930
-0.016135
-0.016138
-0.000448
-0.000448
-0.016140
-0.016142
-0.000448
-0.000448
-0.000448
-0.000448
-0.000448
-0.016145
0.015250
0.015247
-0.016142
-0.000448
-0.000448
-0.000448
-0.000448
-0.000448
-0.000448
0.015247
0.015245
-0.016140
-0.000448
0.015245
0.015242
-0.016138
-0.000448
0.015242
-0.000448
-0.016138
-0.016140
-0.000448
-0.016142
-0.000448
-0.016145
-0.047554
-0.000448
0.030959
-0.000448
-0.000448
-0.016150
-0.000448
-0.000448
-0.016152
-0.000448
-0.000448
0.030959
-0.000448
-0.000448
-0.016150
-0.000448
-0.000448
0.015255
-0.016150
-0.000448
0.015255
-0.000448
-0.000448
-0.000448
-0.000448
-0.016150
-0.000448
-0.000448
-0.000448
0.015255
-0.016150
-0.000448
-0.000448
-0.000448
-0.016152
-0.000448
-0.000448
-0.016155
0.015260
-0.016155
0.015260
-0.000448
-0.000448
-0.000448
-0.000448
-0.000448
-0.000448
-0.000448
0.015257
-0.000448
-0.016152
-0.000448
-0.000448
0.015257
-0.000448
-0.016152
0.015257
-0.000448
0.015255
-0.000448
-0.016150
0.015255
-0.016150
-0.000448
-0.000448
0.015255
-0.000448
-0.000448
-0.016150
-0.000448
-0.016152
0.015257
-0.016152
0.015257
-0.000448
-0.000448
-0.000448
0.015255
-0.000448
-0.016150
-0.000448
-0.000448
-0.016152
0.015257
-0.000448
-0.000448
0.015255
-0.016150
-0.016152
0.015257
-0.016152
0.015257
-0.016152
-0.000448
-0.000448
-0.000448
-0.000448
-0.000448
-0.000448
-0.000448
-0.000448
0.015257
-0.016152
-0.000448
0.015257
-0.016152
0.015257
-0.000448
-0.000448
-0.000448
-0.000448
0.015255
-0.016150
0.015255
-0.000448
-0.016150
-0.000448
-0.000448
-0.016152
-0.000448
0.015257
-0.000448
-0.016152
-0.000448
0.015257
-0.016152
-0.000448
-0.000448
-0.000448
-0.016155
0.015260
-0.000448
0.015257
-0.016152
-0.000448
-0.000448
-0.000448
-0.016155
0.015260
-0.016155
0.015260
-0.000448
-0.000448
-0.000448
0.015257
-0.016152
-0.000448
0.046659
-0.000448
-0.000448
-0.000448
0.015250
-0.016145
-0.000448
-0.000448
-0.000448
-0.000448
0.046637
0.015242
-0.000448
0.015240
-0.063212
0.015247
0.030935
-0.000448
-0.016138
0.015242
-0.000448
0.015240
-0.031825
0.015242
-0.000448
-0.000448
-0.000448
-0.000448
-0.016138
0.030930
0.015237
0.015235
-0.031815
0.015237
0.015235
-0.000448
0.015233
-0.016128
0.030910
-0.016125
0.015230
-0.000448
0.015228
-0.016123
0.015228
-0.016123
-0.031805
END
