y[]
-0.016170
0.062019
0.030730
-0.016158
-0.047430
-0.000529
0.030740
0.030730
-0.063059
0.015107
0.077614
-0.000529
-0.000529
-0.016153
0.015094
-0.000529
-0.031779
-0.000529
0.030721
0.015092
-0.016151
0.015092
-0.000529
-0.016151
-0.000529
0.015092
-0.031775
-0.016156
-0.000529
0.030721
-0.016153
0.015094
-0.031779
0.030721
-0.031779
-0.000529
-0.000529
0.015097
0.015094
-0.031779
-0.000529
0.015097
-0.000529
-0.047415
-0.000529
0.030730
0.015097
-0.016156
-0.016158
-0.031794
-0.063088
-0.078783
-0.000529
-0.000529
0.015126
-0.016185
0.015126
-0.000529
-0.016185
0.015126
-0.000529
0.046423
-0.000529
-0.000529
-0.000529
-0.000529
-0.000529
-0.000529
0.015116
0.015114
-0.016173
0.015114
-0.000529
-0.000529
0.015111
0.015109
-0.016168
-0.000529
-0.000529
-0.047459
-0.000529
-0.016178
-0.000529
-0.000529
-0.031833
0.015124
0.015121
0.015119
0.015116
-0.016175
-0.047482
0.062068
0.015114
0.030750
-0.000529
-0.031809
0.046386
0.015104
-0.000529
0.015102
-0.000529
-0.000529
-0.000529
-0.031794
-0.000529
-0.000529
-0.031804
-0.000529
-0.000529
0.015109
-0.031809
0.015111
-0.031814
-0.016175
-0.016178
-0.047489
-0.000529
0.015126
0.062068
-0.047474
-0.000529
-0.016183
0.046423
0.015116
-0.000529
-0.078783
-0.000529
0.030779
-0.047496
0.030784
-0.031843
-0.016190
-0.016192
-0.000529
0.046452
0.046430
-0.031833
-0.016185
0.062078
-0.078795
0.062088
0.015119
0.030760
-0.000529
0.015111
0.015109
-0.031809
-0.031819
-0.000529
-0.047482
-0.000529
-0.016185
-0.016188
0.030784
0.030774
0.030765
-0.000529
-0.031823
-0.000529
0.030765
-0.047474
-0.063157
0.077748
-0.016180
0.030769
-0.000529
0.030760
-0.047467
0.046408
-0.016173
0.015114
-0.016173
-0.000529
-0.000529
0.015114
-0.016173
-0.000529
-0.000529
0.046393
0.015107
0.030735
-0.031794
-0.000529
-0.000529
-0.000529
0.015104
0.030730
-0.031789
-0.016163
0.030735
0.015099
-0.047423
0.046364
-0.000529
-0.016158
-0.000529
-0.000529
-0.031794
-0.031804
-0.016170
0.015111
0.015109
-0.031809
0.030750
0.015107
-0.031804
0.030745
0.030735
-0.016161
-0.031799
0.015107
0.030735
-0.016161
0.030730
-0.000529
0.046342
0.015089
-0.016148
0.015089
0.155525
-0.016124
0.093001
-0.031697
-0.062893
-0.000529
-0.016126
0.015067
0.015065
-0.000529
-0.016124
0.046247
-0.016119
0.015060
0.015058
-0.031706
0.108547
0.015043
-0.016102
-0.031682
-0.016109
0.030628
-0.031687
-0.000529
0.015050
0.092899
-0.062806
0.077310
-0.000529
0.015031
-0.000529
-0.000529
-0.047218
0.061718
-0.031648
0.015031
0.015029
-0.016088
0.030584
0.061669
0.030555
-0.016071
0.077152
-0.016061
0.015002
0.015000
0.061563
-0.031571
-0.062641
-0.109318
0.046109
0.046087
-0.000529
-0.047146
0.061621
0.030531
0.061563
0.014988
0.046007
0.061486
0.045957
-0.031518
-0.000529
-0.093553
-0.000529
-0.000529
0.014980
0.014978
-0.047059
0.030493
0.045986
0.014971
-0.155640
-0.031581
-0.016059
0.046051
-0.078175
-0.078236
0.030560
0.015012
0.077140
-0.062661
-0.000529
0.046072
0.015000
-0.016059
0.015000
0.030522
0.014992
0.014990
-0.078151
-0.047131
-0.016068
-0.109369
0.046130
-0.000529
0.030565
-0.031624
-0.031634
-0.078332
0.015036
0.077261
-0.000529
-0.000529
0.015021
0.061650
-0.062709
0.015019
-0.031629
0.015021
0.077189
-0.031610
0.092682
-0.000529
-0.031590
-0.000529
0.030531
0.014997
-0.000529
-0.047117
0.015002
0.061573
-0.016051
0.046029
0.061515
-0.062574
0.046007
-0.078103
0.030507
0.030498
-0.016042
-0.031561
-0.124753
-0.062699
0.015017
-0.062728
-0.016085
0.061679
-0.031629
0.030570
0.015017
-0.016076
0.046101
0.030546
0.046065
-0.031590
-0.031600
-0.000529
-0.016068
-0.062709
0.030565
-0.016076
0.015017
0.015014
-0.016073
-0.047175
-0.062757
0.030589
0.061679
0.030560
-0.000529
-0.000529
-0.000529
0.061621
-0.000529
-0.016063
-0.062690
0.015014
-0.031619
0.046101
-0.062709
0.030565
-0.016076
0.015017
-0.031624
-0.047189
0.015026
-0.016085
-0.016088
0.046138
-0.047197
-0.000529
-0.016090
-0.000529
-0.000529
-0.016092
-0.000529
0.015034
-0.016092
-0.000529
-0.000529
-0.016095
0.015036
0.015034
-0.000529
-0.000529
0.030589
-0.016088
-0.016090
-0.047226
0.061727
-0.000529
-0.000529
0.015029
-0.000529
0.015026
0.030575
-0.031634
-0.000529
-0.000529
0.030575
-0.031634
0.015024
-0.000529
0.015021
-0.000529
-0.031634
-0.016085
-0.000529
-0.000529
-0.016088
-0.000529
-0.016090
-0.000529
0.015031
-0.000529
-0.000529
-0.000529
-0.000529
-0.000529
0.015029
-0.000529
-0.031648
0.015031
0.015029
-0.000529
-0.000529
0.015026
-0.016085
-0.078344
0.030604
-0.016095
0.015036
-0.016095
0.015036
-0.031663
0.015038
-0.000529
0.046159
-0.000529
-0.000529
-0.000529
-0.016090
-0.047226
0.030604
-0.031663
0.015038
-0.000529
0.015036
-0.031663
0.015038
-0.016097
0.015038
-0.000529
0.015036
-0.016095
0.015036
-0.031663
-0.000529
0.015038
-0.000529
0.030599
0.015031
-0.000529
-0.016090
0.030589
-0.016088
-0.000529
-0.000529
-0.000529
0.015029
0.030580
-0.000529
-0.031639
-0.000529
0.030580
-0.016083
-0.000529
0.030575
-0.000529
0.061650
0.030546
0.077116
-0.016054
0.030517
-0.000529
-0.047102
0.046044
0.014990
-0.031571
-0.000529
-0.031581
-0.000529
-0.000529
-0.000529
-0.016059
-0.047131
-0.000529
-0.016068
-0.000529
0.046080
-0.016063
-0.031605
0.030546
-0.016066
-0.016068
0.046080
-0.016063
0.015004
-0.016063
-0.000529
0.015004
0.015002
-0.031595
0.030536
-0.016061
-0.000529
-0.016063
-0.062690
-0.000529
0.030555
-0.000529
0.015009
0.077128
-0.000529
-0.000529
-0.000529
-0.016056
-0.016059
-0.016061
-0.016063
0.015004
0.015002
0.015000
0.014997
-0.000529
-0.000529
0.014995
-0.000529
-0.000529
0.014992
-0.000529
-0.062632
-0.016061
0.015002
0.015000
-0.000529
-0.000529
0.014997
0.014995
0.014992
0.014990
-0.000529
-0.016049
0.014990
-0.016049
-0.000529
-0.047102
-0.031590
0.061582
-0.000529
-0.031581
-0.016059
-0.000529
0.030526
-0.047117
-0.016063
-0.031605
-0.000529
-0.000529
0.015009
0.015007
0.015004
0.030531
0.014997
-0.016056
0.014997
-0.016056
0.014997
-0.016056
0.014997
0.046036
0.014988
0.170000
-0.000529
-0.047009
0.014966
-0.031523
-0.047038
0.030478
-0.047045
-0.000529
-0.016039
0.014980
-0.000529
-0.000529
0.030483
-0.000529
0.030473
-0.047038
-0.000529
0.045979
0.014968
-0.031528
-0.031537
-0.062574
0.030498
0.045993
-0.000529
-0.016035
-0.016037
0.014978
-0.078091
-0.016049
0.046022
0.030493
-0.016039
-0.000529
-0.000529
-0.000529
-0.000529
0.030488
-0.031547
-0.000529
-0.031556
0.014985
0.061505
-0.031542
-0.031552
-0.000529
-0.016044
0.077020
0.014973
-0.016032
0.014973
0.045964
-0.000529
-0.031523
-0.000529
-0.031532
0.045971
-0.031528
-0.016032
-0.000529
-0.031542
0.014978
-0.000529
-0.016037
-0.000529
0.014978
-0.000529
-0.093610
-0.047102
0.014997
-0.000529
-0.000529
-0.031585
0.030526
0.014995
0.014992
-0.047102
-0.047124
-0.000529
-0.016066
0.030541
-0.016063
0.015004
-0.062680
0.030551
0.015007
0.046065
-0.000529
-0.016059
0.015000
0.014997
-0.047117
0.015002
0.046051
0.046029
0.014985
-0.016044
0.030498
-0.031556
0.014985
0.030493
-0.031552
0.014983
-0.000529
-0.031556
-0.000529
-0.031566
-0.062632
-0.078211
-0.062719
-0.000529
-0.047197
0.015029
0.046130
-0.016080
-0.016083
0.015024
-0.078320
0.030594
-0.047218
0.030599
-0.062796
-0.047255
-0.000529
END
