y[]
0.064208
0.064166
0.064124
-0.032582
-0.016470
-0.000350
-0.000350
-0.016473
-0.016475
-0.016478
-0.000350
0.031903
0.015772
-0.000350
-0.000350
-0.000350
-0.000350
-0.000350
-0.000350
-0.016473
-0.000350
-0.000350
-0.000350
-0.000350
0.015772
-0.000350
0.015770
-0.016470
-0.000350
-0.000350
-0.000350
-0.000350
0.031887
-0.032587
-0.048725
0.031903
0.015772
-0.016473
0.015772
-0.032598
-0.000350
0.031898
-0.016473
-0.016475
0.015775
0.015772
0.015770
-0.000350
-0.000350
-0.000350
-0.000350
-0.032593
-0.000350
0.031892
-0.000350
0.080211
-0.000350
-0.000350
-0.000350
-0.016457
-0.000350
-0.000350
0.031861
-0.000350
-0.000350
-0.000350
-0.048671
0.031866
0.047955
-0.016449
0.080120
-0.016439
-0.000350
0.047909
-0.000350
-0.016434
-0.000350
-0.000350
-0.000350
0.112181
-0.016418
-0.016421
-0.000350
-0.032499
-0.032510
0.015731
-0.000350
-0.016431
0.015731
-0.000350
-0.000350
-0.000350
-0.016431
0.015731
-0.016431
0.015731
-0.000350
-0.000350
-0.000350
-0.000350
-0.016431
-0.032520
-0.016439
0.015739
0.015736
0.015734
-0.000350
-0.000350
-0.016434
-0.000350
0.031815
-0.000350
-0.000350
-0.016431
0.031809
-0.000350
0.015726
0.031794
0.015718
0.015716
-0.016416
0.031778
-0.000350
-0.000350
0.015710
-0.000350
-0.000350
-0.016410
0.015710
-0.000350
0.015708
-0.016408
-0.016410
0.015710
-0.016410
0.015710
-0.016410
-0.000350
-0.016413
-0.048554
0.015721
0.015718
-0.032489
-0.032499
0.015726
-0.016426
-0.000350
-0.016429
-0.016431
0.015731
0.015728
-0.064679
-0.016439
-0.000350
-0.000350
-0.016441
0.047916
-0.000350
-0.000350
0.015734
0.031809
-0.032510
-0.000350
0.015731
-0.000350
-0.016431
0.015731
-0.016431
-0.000350
-0.000350
0.063959
0.015721
-0.032494
0.015723
-0.032499
0.015726
-0.048585
-0.000350
-0.032520
-0.016439
0.015739
-0.000350
-0.032530
0.015741
-0.000350
-0.000350
0.047909
-0.000350
-0.000350
-0.000350
0.047885
0.031794
0.031784
-0.000350
-0.016416
0.015716
-0.016416
0.031778
-0.000350
-0.016413
-0.016416
-0.016418
-0.048570
0.031799
-0.032499
-0.000350
-0.080768
-0.048632
0.064021
-0.000350
-0.048624
0.015744
-0.064742
-0.016454
0.015754
0.047947
0.015744
-0.016444
-0.000350
0.031835
-0.032535
-0.032546
0.047940
-0.000350
-0.000350
0.031830
-0.016439
0.031825
0.047893
-0.000350
0.047870
-0.016421
-0.016423
0.031794
-0.016421
-0.016423
0.015723
0.031789
-0.000350
0.015716
-0.000350
0.015713
-0.000350
-0.016413
-0.016416
-0.000350
0.047839
-0.048539
-0.016418
0.031784
-0.016416
0.031778
-0.000350
-0.016413
0.015713
0.015710
0.015708
-0.064597
-0.000350
-0.000350
-0.000350
0.015716
-0.016416
-0.000350
-0.000350
-0.000350
-0.000350
-0.000350
-0.000350
0.015716
-0.016416
0.015716
0.031773
0.015708
-0.016408
-0.016410
-0.016413
-0.016416
-0.000350
0.015716
-0.000350
0.031773
-0.032473
-0.000350
-0.000350
-0.000350
-0.016416
-0.064638
0.015726
-0.016426
-0.064679
-0.000350
-0.048624
0.015744
0.031830
-0.000350
0.015736
-0.032525
-0.032535
0.031835
0.015739
0.031820
-0.016434
0.015734
-0.016434
0.015734
-0.000350
-0.000350
0.015731
-0.000350
-0.048601
0.031820
-0.000350
-0.048609
-0.032535
-0.064752
-0.016457
-0.000350
-0.000350
-0.000350
-0.064804
0.015767
0.015765
0.080185
0.015749
0.031841
-0.000350
0.015741
-0.016441
-0.016444
-0.016447
0.112272
-0.225720
-0.048710
-0.048733
0.080276
-0.032593
-0.145570
0.144870
-0.016475
0.031898
-0.226302
-0.000350
-0.016509
-0.097359
0.031997
0.064312
-0.016512
-0.000350
-0.145922
-0.048921
0.015843
-0.016543
0.015843
0.048213
0.064364
-0.032702
0.080510
0.064291
0.015804
-0.048819
0.015809
-0.016509
-0.000350
0.064270
-0.032655
-0.000350
-0.081158
0.031981
0.015812
-0.000350
-0.000350
-0.000350
0.015809
0.096549
-0.000350
0.064197
-0.000350
-0.016483
-0.016486
0.031918
0.015780
0.096377
0.015762
-0.048694
0.047994
0.064073
0.047940
-0.080846
0.031856
-0.000350
-0.000350
-0.016452
0.015752
0.031846
-0.048648
0.015752
0.112290
-0.000350
0.031809
-0.032510
-0.032520
-0.016439
0.031825
-0.064710
-0.000350
-0.000350
-0.000350
0.015744
-0.064742
0.015752
-0.016452
0.047947
-0.032546
-0.016452
0.064041
-0.016444
0.047924
-0.000350
-0.032530
0.080081
-0.032515
-0.000350
-0.032525
0.015739
-0.016439
0.047909
0.015731
0.015728
-0.032510
-0.016434
0.128247
0.031773
0.047816
0.047792
0.047769
-0.032427
-0.000350
0.047762
-0.016385
0.063773
-0.032406
-0.000350
-0.064494
0.031727
-0.000350
-0.032427
0.015690
0.015687
-0.048469
-0.000350
0.015692
-0.016392
-0.000350
-0.016395
0.047777
0.031722
-0.032422
-0.016390
0.047762
-0.016385
0.015685
0.015682
-0.096581
-0.016398
-0.016400
-0.016403
-0.032463
0.015708
-0.000350
-0.000350
0.015705
-0.000350
-0.064586
-0.000350
0.079939
-0.000350
-0.000350
-0.000350
-0.000350
-0.016403
-0.000350
-0.000350
0.015703
0.031748
-0.000350
-0.000350
-0.000350
0.015695
-0.016395
-0.000350
-0.016398
-0.048508
-0.016408
-0.032473
-0.016416
-0.000350
-0.016418
0.031784
-0.000350
-0.000350
-0.000350
-0.000350
-0.000350
-0.016416
-0.000350
-0.000350
-0.000350
-0.016418
-0.000350
-0.000350
-0.000350
0.015718
-0.000350
-0.000350
-0.016418
0.015718
-0.000350
-0.016418
0.015718
-0.000350
-0.000350
-0.000350
-0.000350
-0.000350
-0.016418
-0.000350
-0.000350
-0.000350
-0.000350
-0.016421
0.015721
-0.000350
-0.000350
-0.016421
-0.000350
-0.000350
-0.000350
-0.016423
-0.016426
-0.000350
-0.016429
-0.000350
-0.000350
-0.016431
-0.048609
-0.000350
0.031825
-0.000350
0.015734
-0.000350
-0.048609
0.031825
-0.016436
-0.000350
-0.000350
-0.000350
-0.016439
-0.016441
0.015741
0.015739
-0.000350
-0.032530
-0.000350
-0.000350
-0.016444
-0.000350
-0.016447
-0.000350
-0.000350
0.031841
-0.000350
-0.048640
-0.032556
-0.000350
-0.000350
-0.000350
-0.000350
0.031856
-0.000350
-0.032556
0.015754
-0.016454
0.015754
-0.000350
-0.016454
-0.000350
-0.032567
0.015760
-0.000350
0.031861
0.015752
-0.000350
-0.000350
-0.016452
-0.016454
0.015754
-0.000350
-0.032561
-0.000350
0.031861
-0.000350
-0.000350
-0.000350
-0.000350
-0.000350
-0.000350
-0.016454
-0.000350
-0.016457
0.031861
-0.032561
-0.000350
-0.000350
-0.000350
-0.000350
0.031861
-0.016454
-0.016457
0.015757
-0.016457
0.031861
-0.032561
0.015757
-0.016457
-0.000350
-0.016460
-0.000350
-0.016462
-0.032582
0.015767
0.031877
-0.000350
-0.000350
-0.000350
-0.000350
-0.016462
-0.000350
-0.000350
0.064083
0.047947
-0.032546
-0.000350
0.015749
-0.016449
0.015749
-0.016449
0.015749
-0.000350
-0.000350
0.015747
-0.032546
-0.000350
-0.000350
-0.016452
0.031851
-0.000350
-0.016449
-0.016452
-0.000350
-0.016454
0.031856
-0.016452
0.031851
-0.000350
-0.016449
0.015749
-0.016449
-0.000350
-0.032556
0.015754
-0.016454
-0.000350
-0.000350
-0.000350
-0.016457
-0.000350
0.015757
-0.016457
-0.113171
0.031898
-0.016473
-0.000350
0.064124
0.080185
-0.000350
0.015749
0.031841
0.064000
-0.016434
0.031815
-0.032515
0.047893
0.063938
-0.161148
-0.064742
0.015752
0.064031
-0.048632
-0.064762
-0.048686
0.031877
0.031866
-0.097031
0.048002
-0.000350
0.047979
-0.000350
0.015754
0.047947
-0.048648
-0.048671
-0.000350
-0.000350
-0.000350
-0.032577
0.015765
0.047979
-0.064793
-0.032587
-0.048725
-0.016480
-0.016483
-0.000350
0.015783
-0.032619
0.031918
0.048033
0.015772
0.031887
0.015765
-0.016465
-0.016467
0.031882
0.015762
-0.000350
0.047971
END
