y[]
0.011746
-0.011874
-0.023688
-0.000064
-0.011878
-0.000064
-0.023696
-0.011882
-0.000064
0.023571
0.047189
-0.011875
0.023557
-0.023685
0.047173
0.023546
-0.023674
-0.011871
0.023549
-0.000064
-0.035485
0.011744
0.011743
-0.000064
-0.011871
0.011743
-0.011871
0.011743
0.011742
-0.000064
-0.000064
-0.000064
-0.011870
-0.000064
0.011742
-0.023677
-0.000064
-0.023682
0.023554
-0.023682
-0.011875
0.011747
-0.000064
-0.011875
0.011747
-0.000064
-0.000064
-0.000064
-0.000064
-0.011875
0.011747
0.011746
-0.000064
-0.000064
-0.000064
-0.000064
-0.000064
-0.000064
-0.000064
-0.000064
-0.000064
-0.011874
-0.000064
-0.011875
0.011747
-0.011875
-0.000064
-0.000064
0.011747
-0.011875
-0.000064
0.023557
-0.011874
-0.011875
0.011747
0.011746
-0.011874
0.011746
-0.011874
-0.000064
0.011746
-0.011874
-0.000064
0.011746
-0.000064
-0.000064
0.011744
-0.011873
0.023551
0.011742
-0.000064
-0.011870
0.011742
0.011740
0.047139
-0.011863
-0.011864
-0.000064
-0.023668
-0.000064
-0.000064
-0.000064
0.011739
-0.011867
-0.000064
-0.011868
0.035345
-0.011866
-0.000064
-0.023671
0.011740
-0.011868
0.011740
-0.000064
-0.000064
-0.011868
-0.011870
0.023546
-0.023674
0.011742
-0.000064
-0.011870
-0.000064
-0.000064
-0.000064
-0.000064
0.011742
-0.035485
-0.011874
-0.000064
0.011746
-0.000064
0.011744
-0.011873
-0.011874
-0.000064
0.023554
-0.000064
-0.011873
-0.000064
-0.011874
0.011746
-0.000064
-0.000064
0.011744
-0.011873
-0.000064
-0.000064
-0.011874
-0.011875
0.011747
-0.000064
-0.000064
0.011746
-0.011874
0.011746
-0.000064
0.035357
0.011740
-0.000064
-0.000064
-0.011868
-0.000064
-0.023677
0.011743
-0.011871
-0.000064
0.011743
-0.000064
-0.011871
0.011743
-0.000064
0.011742
-0.000064
-0.000064
-0.000064
-0.023677
-0.000064
-0.000064
0.011743
-0.000064
-0.011871
-0.000064
-0.000064
-0.000064
-0.000064
-0.023682
0.011746
0.011744
-0.023682
-0.011875
0.011747
0.011746
-0.011874
-0.000064
-0.000064
-0.000064
-0.000064
-0.011875
-0.000064
-0.000064
-0.000064
-0.011877
0.035370
0.011744
-0.000064
-0.011873
0.011744
-0.011873
0.035357
0.023543
0.035336
-0.000064
0.082488
0.035295
0.035282
-0.011845
0.011717
-0.000064
-0.000064
-0.023627
-0.011848
-0.011849
-0.000064
-0.011850
-0.011852
0.023510
0.023504
-0.000064
-0.070785
-0.023649
-0.011859
-0.000064
-0.023657
0.082488
-0.011853
-0.035439
-0.011859
-0.035456
0.035328
-0.011860
0.047111
-0.000064
0.023515
-0.000064
-0.011853
-0.023646
-0.011857
0.023521
-0.011856
0.011728
0.011726
0.011725
0.023510
0.023504
-0.000064
-0.023632
0.023504
0.035278
-0.035406
-0.023632
-0.011850
0.023507
0.047061
-0.035406
-0.000064
-0.011848
0.011719
-0.000064
-0.011848
0.011719
-0.000064
0.011718
-0.011846
0.011718
-0.000064
-0.011846
0.011718
0.011717
-0.023627
-0.000064
-0.011848
0.011719
0.011718
-0.000064
-0.011846
-0.000064
-0.023632
0.011721
-0.011849
0.023504
0.023499
-0.011845
-0.000064
-0.000064
0.011717
-0.000064
0.011715
-0.000064
-0.023624
-0.023630
0.023501
-0.011846
0.011718
-0.011846
-0.000064
-0.011848
-0.000064
-0.000064
-0.023635
-0.000064
-0.011852
-0.000064
0.011724
-0.035431
-0.011856
-0.000064
-0.011857
0.011729
-0.000064
-0.011857
0.023521
-0.000064
-0.000064
-0.000064
-0.035444
0.011730
0.011729
0.011728
0.011726
0.011725
-0.000064
-0.011853
-0.000064
0.035299
-0.000064
-0.011850
0.011722
-0.023638
-0.000064
-0.000064
-0.000064
-0.035435
-0.000064
-0.035448
0.011732
-0.011860
0.011732
-0.011860
0.011732
-0.000064
0.023524
-0.000064
-0.000064
-0.011857
-0.000064
-0.000064
-0.011859
-0.011860
-0.023660
-0.011864
-0.035473
0.035345
0.011736
-0.000064
-0.035469
0.035340
-0.000064
0.047122
-0.011859
-0.118086
0.011744
-0.047306
0.023560
0.047167
-0.000064
-0.023677
-0.035494
0.023557
-0.094582
-0.071011
0.059062
-0.000064
0.011757
0.047206
-0.070978
0.035399
-0.023705
0.047212
0.011751
-0.070978
-0.011888
0.035403
0.118069
-0.035489
0.023554
0.011743
0.011742
-0.035485
-0.011874
0.023554
0.011743
0.011742
0.011740
-0.023674
-0.023680
-0.023685
-0.094604
0.047217
0.011753
-0.035519
0.011756
-0.023705
0.023577
-0.035527
0.023579
0.023574
-0.023702
-0.023708
0.011758
-0.011887
0.035399
-0.035527
0.011758
-0.035536
-0.000064
0.011761
0.023582
0.011757
0.023574
-0.000064
-0.023702
-0.000064
0.011756
-0.000064
-0.011884
0.023574
0.023568
0.023563
-0.011877
-0.000064
-0.011878
-0.000064
0.011750
-0.011878
0.011750
-0.000064
-0.023694
-0.000064
-0.023699
0.011754
-0.023702
0.023574
-0.011882
-0.000064
0.011754
-0.011882
-0.000064
0.023571
-0.011881
-0.011882
0.035386
-0.011880
-0.011881
-0.000064
-0.000064
-0.047345
0.023579
0.023574
-0.011882
0.023571
-0.023699
0.011754
-0.000064
0.023568
-0.000064
0.070799
-0.011871
0.011743
0.023546
-0.023674
-0.011871
-0.000064
0.011743
-0.000064
0.011742
0.011740
-0.000064
-0.011868
0.011740
-0.011868
0.023543
-0.023671
-0.023677
-0.000064
-0.023682
0.023554
0.011743
-0.000064
-0.000064
-0.011871
0.023549
-0.000064
0.011740
0.023540
-0.000064
0.023535
0.011733
-0.035460
-0.000064
-0.011866
0.023538
0.023532
-0.000064
-0.023660
-0.011864
-0.000064
-0.000064
0.023535
-0.000064
-0.000064
-0.000064
0.035324
0.023521
-0.023649
-0.000064
-0.023655
0.023526
-0.000064
0.011729
-0.070844
-0.035473
0.011740
-0.023674
0.011742
0.023543
-0.011867
0.011739
-0.000064
-0.011867
0.011739
-0.000064
-0.023671
0.011740
-0.000064
-0.000064
-0.011868
0.023543
-0.000064
-0.000064
-0.000064
-0.000064
-0.000064
-0.011867
0.011739
-0.000064
-0.000064
-0.000064
-0.011867
0.023540
-0.000064
-0.023668
0.011739
-0.000064
-0.000064
0.011737
-0.000064
-0.000064
-0.011866
-0.011867
0.011739
-0.023671
-0.011870
-0.000064
-0.000064
0.011742
-0.011870
0.023546
-0.000064
-0.011868
0.011740
-0.000064
-0.000064
-0.000064
-0.000064
-0.000064
0.023540
-0.023668
-0.000064
-0.000064
-0.011868
-0.000064
-0.000064
-0.023677
-0.023682
-0.011875
-0.011877
-0.000064
-0.000064
-0.035510
0.023568
-0.011880
0.023565
-0.000064
-0.000064
0.011749
-0.011877
-0.023694
0.023565
-0.000064
-0.011878
-0.000064
0.011750
-0.011878
-0.011880
-0.000064
-0.000064
0.023565
-0.000064
-0.011878
-0.000064
-0.000064
0.011750
0.011749
-0.000064
-0.000064
-0.000064
-0.011877
0.011749
-0.023691
0.023563
-0.000064
0.011747
-0.000064
-0.000064
-0.000064
0.023554
0.011743
-0.011871
0.011743
-0.000064
0.035349
-0.011867
-0.000064
-0.000064
-0.011868
-0.000064
-0.000064
-0.000064
0.011740
-0.011868
0.023543
-0.035477
-0.000064
-0.000064
-0.000064
-0.000064
-0.000064
-0.000064
-0.011871
-0.000064
0.011743
-0.000064
-0.000064
0.011742
-0.000064
-0.000064
-0.000064
-0.000064
-0.011870
-0.011871
-0.000064
-0.000064
-0.000064
0.011743
0.011742
-0.000064
-0.011870
-0.000064
-0.000064
-0.011871
-0.000064
0.011743
-0.000064
-0.011871
-0.011873
-0.000064
0.023551
-0.011871
-0.000064
0.023549
-0.000064
-0.011870
-0.000064
-0.011871
-0.011873
0.011744
-0.000064
-0.011873
0.023551
0.047150
-0.023668
-0.059099
0.011746
0.011744
-0.000064
-0.000064
-0.023682
0.011746
-0.000064
-0.000064
-0.011874
-0.011875
-0.000064
-0.011877
-0.000064
-0.011878
-0.035515
-0.000064
-0.011884
-0.035531
0.011760
-0.082860
0.023599
0.011765
-0.000064
-0.000064
0.059062
0.059027
0.011750
0.082595
-0.011868
-0.011870
0.058950
-0.047273
-0.000064
-0.000064
END
