y[]
0.031153
-0.022466
-0.022473
0.004344
0.017753
-0.009066
-0.049312
0.004344
-0.009075
-0.009076
0.017764
0.031178
0.017758
-0.022488
-0.009075
-0.089635
0.017775
-0.022520
0.031207
0.004344
-0.009087
0.138572
-0.035906
-0.022498
0.071435
-0.035906
-0.009076
0.017764
0.004344
0.017762
0.031175
0.017757
0.031164
-0.009066
-0.022480
0.004344
0.017757
-0.009069
0.017757
0.017755
0.017753
0.044561
-0.089522
-0.049333
0.058020
0.017758
-0.009071
0.138410
-0.062667
-0.076128
-0.116486
0.017776
0.071480
-0.049362
0.004344
0.004344
0.084891
0.017762
-0.062766
-0.103125
0.031222
0.058078
0.058049
0.004344
-0.009080
-0.035938
0.004344
-0.062829
-0.049427
-0.022553
-0.049470
-0.036036
0.031265
-0.049507
-0.130409
0.017827
-0.076584
-0.063146
0.098817
0.044805
-0.022629
-0.009145
-0.036134
-0.090168
-0.076737
0.058405
0.058376
-0.022669
-0.022676
0.112379
-0.009154
-0.009156
0.004344
-0.049674
-0.009165
-0.036194
-0.225682
-0.022753
-0.036315
-0.090591
0.017911
0.099265
0.004344
-0.022768
-0.036337
0.017906
0.017904
-0.022779
0.004344
-0.009220
-0.036359
-0.077112
0.017924
-0.022819
0.058662
-0.022812
-0.117947
0.004344
0.072301
0.017930
0.031510
-0.049997
-0.050026
-0.172563
0.004344
-0.063781
0.017972
0.058840
0.031580
0.031573
0.031566
-0.104589
0.072440
-0.009272
0.017959
-0.009272
0.126818
0.004344
0.004344
0.058728
0.058699
-0.036420
0.031521
0.045096
-0.036409
0.004344
-0.050019
-0.077256
-0.036481
-0.063735
-0.009278
-0.050160
0.113321
0.031569
-0.104604
-0.104723
0.045257
-0.050212
0.045263
-0.091161
-0.132250
-0.077702
-0.146249
0.113888
-0.023031
0.100123
0.018019
-0.009332
-0.091435
0.059086
0.018024
0.072720
0.086333
-0.036643
0.045330
0.045313
0.072589
-0.022949
-0.077579
0.031659
-0.269142
0.168525
-0.009328
0.004344
-0.023005
-0.009333
-0.023016
0.018024
0.072720
0.004344
0.059011
-0.009320
0.031670
-0.009319
-0.009320
-0.036660
0.018013
0.018011
-0.009324
0.031677
0.004344
0.004344
-0.009322
0.004344
-0.050339
-0.023009
-0.009335
0.031700
-0.009333
-0.009335
0.004344
-0.009337
0.018024
0.004344
-0.009337
0.004344
0.059056
0.004344
0.004344
0.018017
-0.009330
-0.009332
0.018019
-0.009332
0.018019
-0.009332
0.004344
0.004344
-0.009333
-0.009335
0.018023
-0.009335
-0.023020
0.018026
0.004344
-0.009339
0.018026
-0.023024
0.004344
0.018028
0.004344
-0.009341
0.004344
0.004344
0.004344
0.045392
0.018023
0.018021
0.031692
0.018015
0.018013
-0.009326
0.004344
0.045347
0.018008
0.004344
0.018006
0.004344
-0.009319
0.031666
-0.009317
-0.009319
-0.036654
-0.009326
0.004344
-0.023001
-0.009332
-0.009333
0.031696
0.004344
0.004344
-0.009332
0.018019
0.018017
0.045352
-0.009324
0.018011
-0.009324
0.004344
0.018011
-0.022994
-0.009328
0.045352
0.031674
-0.009320
0.004344
0.004344
-0.009322
-0.009324
-0.009326
0.004344
0.004344
0.031681
0.004344
0.031674
0.004344
0.018006
0.018004
-0.022979
0.004344
0.004344
-0.009320
0.018008
-0.022986
0.018009
-0.009322
0.004344
0.018009
-0.009322
0.004344
0.004344
-0.009324
0.018011
0.004344
0.018009
0.004344
-0.009322
0.018009
-0.022990
0.018011
-0.022994
0.004344
0.045347
-0.022990
0.031677
-0.022990
0.031677
-0.009322
0.004344
0.018009
-0.036660
-0.023001
0.045358
0.004344
0.004344
0.004344
-0.009326
-0.009328
0.018015
0.018013
0.004344
-0.009326
0.018013
0.004344
-0.009326
0.018013
0.004344
-0.009326
0.018013
0.004344
0.004344
-0.009326
0.018013
-0.009326
-0.009328
-0.009330
0.004344
0.004344
-0.009332
0.004344
0.018019
-0.009332
0.004344
0.004344
-0.009333
0.004344
-0.009335
0.004344
0.004344
0.018023
-0.023016
0.018024
-0.009337
0.004344
0.004344
0.018024
0.031700
0.072701
-0.022994
0.045347
0.018008
-0.009320
0.004344
0.018008
0.018006
-0.022983
-0.009322
0.004344
-0.022994
-0.036676
0.004344
-0.009333
0.031696
0.031688
0.031681
0.004344
-0.022994
-0.050353
0.059041
0.031681
0.004344
0.045336
0.086277
-0.022960
0.017996
0.017995
-0.036615
0.045302
0.031640
-0.022953
-0.036615
-0.009313
0.018000
-0.009313
-0.036637
0.004344
-0.050324
0.045347
0.004344
0.031670
-0.022983
0.004344
-0.050331
-0.036682
-0.009335
0.031700
0.031692
0.004344
0.004344
-0.009330
0.018017
-0.009330
0.018017
0.031685
-0.036671
-0.036688
-0.009337
0.004344
0.004344
0.031703
-0.023016
-0.023024
0.004344
0.004344
0.059071
-0.050383
0.018028
0.018026
0.045380
0.031692
-0.023005
-0.036693
0.004344
0.004344
-0.009339
0.018026
-0.023024
0.004344
0.045392
-0.009337
0.004344
0.018024
-0.023020
0.018026
0.018024
-0.036704
-0.023031
0.045403
-0.009341
0.045392
-0.009337
0.018024
-0.050391
-0.009345
0.004344
0.018032
-0.009345
-0.023039
0.018036
-0.009348
-0.009350
-0.023050
0.031737
-0.132699
-0.009371
0.018058
-0.023087
-0.077995
-0.009386
-0.133057
0.031839
0.031831
-0.036891
-0.050662
-0.023170
-0.105789
0.045657
0.073162
0.059364
0.059334
0.045567
0.004344
-0.119376
0.210458
-0.023114
0.018073
0.045521
-0.146724
0.004344
-0.036896
-0.009407
0.031843
-0.078176
0.004344
0.073115
-0.009407
0.073077
-0.078142
0.059342
0.114249
0.045527
-0.036840
-0.009388
-0.023125
-0.023133
0.018083
0.018081
-0.050617
-0.009401
0.004344
-0.023152
0.004344
-0.050669
-0.036936
-0.036953
0.086920
-0.105773
0.004344
0.238198
-0.064380
0.045584
-0.064399
0.265315
0.072907
-0.064220
-0.064267
-0.091790
-0.009397
-0.119410
0.018102
-0.119547
0.059425
-0.160991
0.087045
0.100742
0.114400
-0.050669
0.196757
0.004344
-0.009388
0.100425
-0.091738
-0.009390
0.086716
0.127775
0.141311
-0.023035
-0.050436
-0.036761
0.018047
-0.091619
0.114008
0.113888
0.086423
-0.091422
-0.132624
0.031752
0.004344
-0.050481
0.059168
-0.119054
0.031778
-0.036811
-0.064286
-0.050594
0.073011
-0.091804
0.059296
0.100438
0.059213
-0.023087
0.004344
-0.064267
-0.119274
0.045567
-0.009395
-0.023140
0.045567
0.018081
-0.023133
-0.023140
0.045567
0.059281
0.018073
0.018071
0.031794
-0.078029
-0.064352
0.031827
0.045555
0.004344
-0.105592
-0.133246
0.045640
0.045623
0.004344
-0.050700
-0.023189
0.004344
-0.050745
0.004344
0.004344
0.031892
0.018115
0.059410
0.045623
0.086852
-0.064409
-0.009412
-0.064465
-0.009424
0.004344
0.004344
0.045640
-0.023186
-0.050738
-0.036987
-0.009437
-0.037010
-0.023235
-0.023243
-0.009452
0.031934
-0.009450
-0.037050
-0.050874
-0.023277
-0.064741
-0.050958
0.073466
0.170044
0.004344
-0.092281
-0.037096
0.004344
0.114810
0.031941
-0.037056
0.031945
0.100889
0.059470
0.045669
-0.036982
-0.009435
-0.092162
-0.009450
0.045720
0.114597
-0.133492
0.004344
-0.092255
-0.023273
0.059569
-0.106138
0.004344
0.045789
-0.037101
0.114826
0.031945
0.004344
-0.023258
0.031945
-0.023258
0.031945
0.004344
0.004344
-0.009456
0.004344
-0.023262
0.004344
0.031949
-0.009458
-0.009460
-0.009462
-0.023273
0.004344
0.073371
-0.244378
0.018178
-0.009491
0.018178
-0.023327
0.059676
-0.037153
-0.037170
-0.037187
-0.051058
-0.023369
0.032056
0.045898
0.004344
-0.023357
0.004344
-0.023365
0.018199
-0.009512
0.018199
0.018197
0.045892
-0.009504
0.018191
0.018189
0.018187
0.004344
0.032025
-0.037182
-0.009502
0.004344
0.004344
0.018189
0.059707
0.004344
0.032014
0.004344
-0.023327
-0.051020
0.018187
END
