y[]
-0.011275
0.000666
-0.011277
0.012608
-0.047112
-0.059089
-0.011289
-0.035209
0.024584
0.000666
0.036532
-0.011288
-0.011289
-0.011291
0.000666
0.012623
0.000666
-0.011291
-0.023252
-0.011295
-0.011297
-0.011298
0.012630
-0.011298
0.036553
-0.011295
0.036545
0.000666
-0.023252
0.000666
0.024584
0.012623
0.012621
0.000666
0.024572
-0.011287
-0.011288
0.012620
0.000666
0.000666
0.000666
-0.011288
-0.011289
0.000666
0.000666
0.000666
0.012621
-0.011289
0.000666
0.024575
-0.011288
0.000666
0.012620
0.000666
0.000666
-0.011288
0.000666
0.012620
0.000666
0.000666
0.000666
0.012618
0.000666
0.036515
-0.023232
0.000666
0.024564
0.000666
0.000666
0.024558
0.048433
0.000666
-0.011274
-0.023218
0.012608
0.000666
0.000666
-0.011277
0.024549
-0.011275
-0.011277
-0.011278
0.012610
0.000666
0.000666
0.012608
-0.011277
0.024549
0.000666
-0.011275
0.000666
0.012607
0.024544
0.000666
0.012603
0.000666
0.000666
0.000666
0.012601
0.024532
-0.011267
-0.023203
0.000666
0.000666
-0.011271
0.000666
0.000666
0.000666
0.012603
0.000666
-0.023209
0.012604
0.012603
-0.011271
0.024538
0.000666
0.000666
0.000666
0.012600
0.000666
-0.023203
-0.011271
0.012603
0.012601
-0.011269
0.012601
-0.011269
0.012601
-0.011269
0.000666
0.012601
-0.011269
0.012601
0.000666
0.000666
0.012600
0.024529
0.012595
0.012594
0.024518
-0.023186
0.012593
-0.011261
0.000666
0.000666
-0.011262
0.000666
0.012594
-0.023192
0.012595
0.024521
-0.023189
-0.011264
0.000666
0.024524
-0.011262
0.012594
0.000666
-0.011262
-0.011264
0.012595
-0.035127
0.012598
0.000666
0.000666
-0.035136
0.012601
0.000666
0.000666
0.000666
0.000666
-0.011269
0.000666
0.012601
0.000666
0.000666
0.000666
0.012600
0.000666
0.036459
0.000666
0.012594
-0.011262
-0.023195
0.036455
0.036442
-0.011258
0.012590
0.012588
0.000666
-0.023181
-0.023186
0.000666
0.000666
-0.023192
0.179461
-0.023155
0.012577
-0.023158
-0.011248
-0.011250
-0.011251
0.000666
0.012583
0.012581
0.024492
0.012577
-0.035072
0.012580
-0.011248
0.000666
0.000666
0.024492
0.036395
0.024478
0.000666
0.000666
0.000666
0.012570
0.024470
0.024464
-0.011233
0.036357
0.036344
-0.011225
-0.011227
-0.023124
0.024456
-0.023124
0.012561
0.012560
0.012559
0.048223
-0.023110
0.083856
-0.011214
0.000666
0.000666
-0.046868
0.012552
-0.011220
0.024436
0.036310
-0.034978
0.024430
-0.034983
0.000666
-0.011220
0.000666
0.012552
-0.011220
-0.011221
-0.058791
0.000666
0.024453
-0.046914
0.024458
-0.011230
0.000666
-0.023129
-0.011234
-0.023138
0.024470
-0.011235
0.060158
-0.035025
-0.058847
-0.023149
-0.070814
0.024498
0.012580
-0.070839
-0.058961
0.072214
0.024504
0.000666
0.000666
0.084054
-0.023152
0.012576
0.012574
0.012573
0.012571
0.012570
0.036370
-0.011234
-0.023138
0.000666
-0.023144
-0.035059
0.036391
0.024475
-0.035051
-0.011242
0.012574
-0.035063
-0.011247
-0.011248
0.000666
0.024492
-0.011247
-0.011248
-0.023166
0.024498
0.012580
-0.035080
0.036412
0.048308
0.000666
-0.023152
-0.035072
-0.011250
-0.011251
0.036412
0.024490
0.060200
0.036370
-0.023135
-0.023141
0.012570
0.000666
0.000666
-0.011238
0.024473
-0.011237
0.036370
-0.011234
-0.046947
-0.011241
-0.011242
0.000666
0.000666
0.048291
0.012569
-0.035046
-0.011241
-0.011242
0.024481
0.024475
0.000666
-0.011238
-0.023146
0.024478
0.012570
0.072060
0.000666
0.000666
0.012560
0.000666
-0.011228
0.000666
-0.011230
0.024456
0.000666
-0.035021
0.083915
-0.082583
-0.058840
-0.070788
-0.094686
0.060271
-0.035093
0.107904
-0.082732
-0.035097
-0.047038
0.012594
-0.070925
-0.011271
0.060335
-0.011265
-0.023200
0.072248
-0.023189
0.048370
-0.058968
-0.130654
0.072316
0.000666
0.060335
-0.154549
0.012614
0.048444
-0.035166
0.084253
0.000666
-0.023209
-0.023215
0.084223
0.000666
0.024527
-0.035127
0.060314
-0.023189
-0.023195
-0.047073
0.012603
-0.047090
0.036485
-0.035153
0.036485
-0.023212
-0.071002
-0.071053
-0.011292
-0.023255
0.060457
-0.023246
0.048484
-0.071070
0.024584
0.048484
0.012617
0.024564
-0.047135
-0.023243
0.036527
0.036515
0.000666
-0.011282
0.012614
-0.011282
0.024561
-0.047130
0.000666
-0.011287
-0.011288
0.048473
-0.023235
0.012617
0.036510
0.000666
0.012611
-0.023226
0.084263
0.000666
-0.035153
0.024546
0.012604
-0.023212
0.012605
-0.047101
-0.082981
-0.023246
0.012623
0.000666
0.048478
-0.071062
0.036536
-0.035204
0.024581
-0.095028
0.024598
-0.059175
0.012637
0.048536
0.048513
0.000666
0.036536
0.012620
0.048467
0.036502
-0.023223
-0.011281
-0.011282
-0.011284
-0.023238
0.024569
0.036510
0.000666
-0.023229
0.000666
0.024561
-0.047130
0.012617
0.036510
0.000666
-0.035179
-0.011285
-0.023240
0.000666
0.000666
-0.035204
-0.023255
0.024586
0.000666
0.048490
-0.035200
-0.023252
0.000666
0.012625
0.024581
0.024575
-0.011288
-0.047164
0.048496
-0.011289
-0.011291
0.024578
0.012620
0.000666
0.012618
0.012617
0.000666
0.000666
-0.011285
0.012617
0.000666
-0.011285
0.000666
0.000666
0.000666
0.000666
-0.011287
0.012618
0.012617
-0.011285
0.036515
0.024558
0.000666
-0.011279
0.012611
-0.011279
0.000666
-0.011281
0.000666
0.012613
0.012611
0.012610
-0.023223
0.000666
0.000666
0.000666
0.000666
0.012611
0.000666
-0.011279
0.012611
0.000666
-0.011279
0.000666
0.012611
-0.011279
0.000666
0.000666
0.000666
0.000666
0.024555
-0.023223
-0.011281
0.012613
0.000666
0.012611
0.012610
0.000666
0.012608
-0.011277
0.012608
0.000666
-0.011277
-0.011278
0.000666
-0.023226
0.000666
-0.023232
-0.011285
0.012617
0.012615
0.024561
-0.011281
0.024558
0.000666
0.000666
0.012610
-0.023223
0.012611
0.012610
0.000666
-0.011278
0.012610
0.012608
0.012607
0.012605
-0.011274
0.012605
0.024541
-0.035149
-0.023218
0.000666
0.012608
0.000666
0.012607
0.000666
0.000666
-0.023218
0.000666
0.024549
-0.011275
0.000666
-0.011277
0.000666
-0.023223
0.024555
0.000666
0.024549
0.012605
0.000666
-0.011274
0.000666
0.012605
0.012604
-0.047095
0.024549
-0.011275
-0.011277
0.012608
0.000666
0.000666
-0.011277
0.000666
0.000666
-0.023223
0.012611
0.012610
0.012608
-0.011277
0.000666
0.000666
0.012608
0.000666
-0.011277
0.000666
0.000666
0.012608
-0.011277
0.024549
-0.011275
-0.023220
-0.011279
-0.011281
0.012613
-0.023229
0.012614
0.012613
0.000666
0.000666
0.000666
-0.011281
0.012613
-0.011281
0.012613
0.000666
-0.011281
0.024558
0.012610
0.000666
-0.035170
0.000666
0.000666
0.024558
-0.011279
0.000666
0.000666
0.000666
0.012611
0.000666
-0.011279
0.000666
-0.011281
0.000666
0.000666
-0.011282
0.000666
-0.011284
0.012615
0.012614
0.012613
-0.023229
0.012614
0.012613
0.000666
-0.011281
0.000666
0.000666
0.000666
0.012613
-0.011281
0.024558
0.012610
0.036489
-0.047101
-0.023226
0.024558
-0.011279
-0.011281
0.012613
-0.023229
0.000666
0.012614
0.024558
0.024552
-0.023220
-0.023226
0.024558
0.024552
-0.023220
0.012610
0.024549
0.036480
0.048399
-0.011265
0.072231
0.060264
-0.011251
-0.023172
0.036421
-0.011251
-0.023172
0.024504
-0.023172
0.000666
-0.035102
-0.011259
0.000666
-0.011261
-0.070925
-0.047090
0.024546
-0.011274
-0.035161
0.072308
-0.214414
-0.142978
-0.227193
-0.011341
0.072686
0.000666
END
