y[]
-0.012942
0.026362
-0.026042
0.000160
0.026362
-0.012940
0.013260
0.000160
-0.065358
-0.052285
0.013274
-0.012954
-0.026073
-0.012959
0.013279
-0.026080
0.000160
0.039517
-0.012957
0.039507
0.013272
0.013271
-0.039176
0.105023
-0.065366
-0.012950
0.000160
-0.026066
-0.078559
0.065764
0.013276
0.000160
-0.039192
-0.026083
-0.012964
0.013284
0.000160
0.078869
0.013272
-0.012952
-0.039187
-0.026080
0.039517
-0.012957
0.039507
0.013272
0.157372
-0.039120
0.157187
0.013235
0.117753
-0.078220
-0.012909
-0.052134
0.013236
0.104708
0.091550
0.039302
-0.065084
-0.039007
0.013217
-0.104347
0.052427
0.130708
0.078407
0.013195
-0.025912
-0.052005
0.013204
-0.025929
0.026249
-0.025929
0.013206
0.052325
0.039266
0.130402
0.026188
-0.025868
0.052210
-0.051889
-0.051916
-0.051944
0.013189
0.000160
-0.012868
0.000160
-0.065008
0.078356
0.013187
0.000160
0.013185
0.052243
0.117248
-0.090897
0.065209
-0.012846
-0.012848
0.026175
0.013165
0.026165
-0.064864
-0.038874
0.000160
-0.156131
-0.012875
0.078346
0.000160
-0.025895
0.039240
0.104300
0.013170
0.013168
-0.038869
0.013172
-0.051896
-0.025878
-0.025885
0.000160
-0.051950
0.052271
-0.130167
-0.012882
0.052318
-0.012877
0.013197
0.052291
-0.025902
0.039251
-0.012868
-0.078046
-0.012880
0.052311
0.000160
-0.012875
-0.012877
-0.091146
0.000160
-0.038997
-0.012896
0.000160
-0.078210
0.065473
0.039327
-0.039007
0.013217
0.000160
0.013216
0.013214
-0.012894
0.052366
0.000160
-0.065101
-0.078210
0.052414
0.039332
0.078458
-0.025933
0.013207
0.026249
-0.025929
0.013206
-0.052032
0.091478
0.013199
-0.025919
-0.091170
-0.012894
0.026266
0.013211
-0.025943
0.078448
-0.038976
-0.104279
0.026280
0.013217
0.013216
0.000160
0.039317
0.000160
0.026256
-0.038987
0.039307
-0.065093
0.013214
-0.025950
0.026270
0.000160
0.000160
-0.025950
0.013216
0.013214
-0.025950
0.013216
0.000160
0.013214
0.000160
-0.012894
0.000160
0.000160
0.000160
0.013214
-0.012894
-0.012896
0.013216
-0.012896
0.013216
-0.012896
0.013216
0.013214
-0.012894
0.013214
-0.012894
-0.025953
0.000160
-0.025960
-0.012902
0.000160
-0.012904
0.013224
0.000160
0.013223
0.013221
0.013219
0.000160
0.000160
0.000160
-0.012899
0.000160
-0.012901
0.013221
-0.012901
0.013221
0.013219
0.000160
0.000160
-0.012899
0.000160
0.000160
0.039332
0.013214
0.000160
-0.012894
0.000160
0.013214
0.000160
0.000160
0.039312
-0.012889
0.013209
0.052339
0.000160
-0.038971
-0.012887
0.039296
0.000160
-0.012884
0.013204
-0.012884
-0.012885
0.000160
0.013206
0.013204
0.000160
0.000160
0.026243
0.000160
0.026236
-0.025916
0.000160
-0.038966
-0.012885
0.013206
0.000160
0.000160
0.013204
-0.012884
0.039286
0.013199
0.000160
-0.038961
0.000160
-0.052025
0.013209
-0.025939
-0.012892
-0.012894
0.013214
0.000160
-0.052066
-0.039027
0.013224
0.039342
0.013217
0.013216
0.026266
0.000160
0.026260
-0.025939
-0.012892
0.013212
-0.012892
-0.012894
0.000160
0.013214
0.000160
0.013212
-0.012892
0.026263
-0.012890
0.000160
0.000160
0.000160
-0.025946
0.000160
0.013214
0.013212
-0.025946
0.026266
0.000160
0.000160
0.000160
0.013211
0.039302
0.013204
-0.025929
0.013206
-0.012885
0.013206
0.000160
0.013204
0.000160
0.000160
-0.012884
-0.012885
0.013206
0.000160
0.000160
0.013204
0.000160
-0.012884
0.000160
-0.012885
0.013206
0.000160
0.000160
0.000160
-0.038981
0.026256
0.013206
0.000160
-0.025933
0.026253
0.013204
-0.025929
0.013206
0.013204
0.013202
-0.012882
0.013202
0.013200
0.000160
0.000160
0.039271
0.013194
0.026222
0.013189
0.013187
0.000160
-0.025895
0.026215
0.000160
-0.012867
-0.012868
0.000160
0.000160
-0.025902
-0.012873
0.000160
0.026226
0.026219
-0.012868
-0.012870
0.013190
-0.065008
0.013197
-0.012877
0.013197
-0.051998
0.013202
0.000160
0.026239
-0.025919
0.000160
0.000160
-0.012882
0.039281
0.000160
0.026232
-0.091122
0.013206
-0.012885
0.000160
0.026249
-0.012884
0.000160
-0.025933
-0.065101
0.026270
0.000160
0.039312
-0.012889
-0.025943
-0.025950
0.013216
0.000160
0.000160
0.026266
0.026260
0.026253
0.039286
0.052305
0.000160
0.039251
0.026212
-0.025892
-0.012868
0.000160
0.013189
0.013187
0.065268
0.052216
-0.038880
0.026188
-0.038885
0.052216
-0.025865
-0.025871
-0.012858
0.000160
0.000160
0.013178
0.000160
-0.012858
-0.012860
-0.012862
0.000160
0.013182
-0.038910
-0.012867
0.026212
0.000160
-0.025892
-0.038930
0.013192
0.039245
-0.012867
0.000160
0.013187
0.026209
-0.012863
0.000160
0.026205
0.000160
0.000160
-0.025885
0.026205
0.000160
0.013180
-0.012860
-0.038910
0.013185
0.013183
0.013182
-0.038910
-0.038925
0.013190
-0.012870
0.000160
-0.038941
0.013195
-0.051991
0.026239
0.000160
0.026232
0.000160
0.000160
0.052284
0.000160
0.013187
-0.025895
-0.012870
0.039245
0.013185
-0.064982
0.052277
0.000160
-0.012867
-0.012868
0.000160
0.013189
-0.012868
-0.012870
0.000160
-0.012872
-0.025909
0.052291
0.130368
0.052196
0.013165
0.039164
0.000160
0.013158
0.052135
-0.025824
0.000160
0.000160
-0.012835
-0.051835
-0.025848
-0.051876
0.013172
-0.012851
-0.025868
-0.025875
-0.025882
-0.025888
0.078285
0.052210
0.026175
-0.051876
-0.012853
0.091217
0.013161
0.039154
-0.012836
0.026151
-0.025831
0.026151
-0.038829
-0.025841
-0.012843
-0.090909
0.000160
-0.038895
0.013180
0.039210
0.026185
0.000160
-0.012851
-0.038885
-0.025878
0.039215
0.039200
-0.064914
0.026195
0.000160
0.013175
0.039195
-0.025861
0.013172
0.052189
-0.012845
0.000160
-0.208146
0.000160
-0.130252
-0.117356
0.104626
0.052352
-0.052032
-0.091242
-0.104401
0.078591
-0.012908
-0.117525
0.091705
0.091622
0.000160
-0.039027
-0.025973
0.000160
0.065481
0.000160
-0.091301
0.013231
-0.182990
0.039435
0.039419
-0.078374
-0.012935
0.039440
0.039425
-0.026015
0.065584
0.013240
-0.104525
-0.117741
-0.065401
0.078828
0.052571
0.013259
-0.104675
-0.012952
-0.144187
0.092042
0.000160
0.039512
0.039497
-0.039176
0.052605
-0.012949
0.013269
0.052578
0.065644
0.052516
0.000160
0.000160
0.026328
-0.012923
-0.052189
0.000160
0.039425
0.052489
-0.012920
0.013240
0.013238
0.039383
0.013231
-0.012911
-0.012913
-0.012914
-0.025994
0.065532
-0.117541
0.000160
0.013245
0.026324
-0.026004
-0.012925
-0.078384
-0.039135
0.039455
-0.026035
-0.012940
0.013260
-0.039146
-0.039161
0.052585
-0.052265
0.026376
-0.012947
0.026372
-0.078498
-0.039192
0.013279
0.013277
-0.078570
-0.052361
0.000160
-0.039249
-0.065556
0.026452
-0.039280
-0.026142
0.039610
0.013307
-0.012987
-0.012988
0.144697
-0.052375
0.013296
-0.012976
0.105202
0.013283
0.039517
-0.078570
-0.012968
0.026414
-0.012966
0.013286
0.026407
0.000160
-0.026087
-0.012966
0.013286
0.000160
-0.012966
-0.012968
0.000160
0.013288
0.000160
-0.026097
0.013289
0.052660
-0.012962
0.013283
0.013281
-0.012961
0.013281
-0.026083
0.000160
0.013283
0.026400
0.000160
0.000160
0.000160
0.000160
-0.012959
0.013279
0.000160
0.026393
-0.026073
0.000160
0.000160
0.000160
0.000160
0.000160
0.000160
0.000160
0.000160
0.000160
-0.012959
0.000160
-0.012961
0.013281
0.000160
0.026396
-0.012957
0.000160
0.000160
-0.012959
0.000160
0.000160
0.013279
-0.012959
0.039512
-0.012956
END
