y[]
-0.014820
0.026305
-0.028527
0.012598
-0.001111
0.012596
0.012594
-0.014817
-0.001111
0.012594
-0.001111
-0.028524
-0.001111
-0.014820
-0.014822
-0.014824
-0.001111
-0.001111
-0.001111
-0.001111
-0.001111
-0.001111
-0.001111
-0.001111
-0.001111
-0.014826
-0.014828
0.012605
-0.028546
-0.014832
-0.001111
-0.001111
0.026327
-0.028550
-0.014834
0.040049
-0.014830
-0.001111
-0.014832
0.012609
0.012607
-0.001111
-0.001111
0.012605
-0.028546
-0.014832
-0.001111
0.012609
-0.001111
0.012607
-0.001111
-0.001111
0.026320
-0.014826
-0.001111
-0.001111
0.053736
-0.001111
-0.028531
-0.014824
0.012601
0.012599
-0.001111
-0.014822
0.012599
-0.001111
-0.001111
-0.014822
0.026308
-0.001111
-0.028531
0.026308
-0.001111
-0.014820
-0.001111
-0.001111
-0.042250
0.053736
0.012596
0.026297
-0.042227
-0.001111
-0.001111
-0.001111
0.012596
-0.014819
0.012596
0.012594
0.012592
0.012590
-0.028516
0.026293
0.012588
-0.001111
0.012586
0.012584
0.012583
0.012581
-0.001111
0.012579
0.012577
-0.014800
-0.001111
-0.028494
0.012581
-0.028497
0.026275
-0.001111
0.026267
0.012575
-0.014798
-0.001111
0.012575
-0.001111
-0.001111
0.039937
-0.014792
-0.001111
-0.001111
-0.014794
0.026252
-0.014792
-0.028479
0.012573
-0.014796
0.012573
0.026252
-0.042160
0.012573
0.039931
0.012566
-0.014789
-0.014790
0.012568
-0.014790
0.026245
-0.042148
0.026248
-0.028471
-0.001111
0.012569
-0.042160
0.012573
-0.001111
0.012571
-0.001111
0.026248
-0.014790
-0.014792
-0.001111
0.012569
-0.001111
-0.014792
0.012569
0.012568
0.012566
0.053578
0.012556
0.053541
0.067162
0.012538
-0.014761
0.012538
0.012536
0.026177
-0.001111
0.012530
-0.014753
0.012530
-0.028397
-0.001111
0.012532
-0.014755
0.012532
0.012530
-0.028397
-0.014757
0.012534
-0.014757
-0.014759
-0.014761
0.039830
-0.014757
-0.014759
-0.001111
-0.014761
0.039830
-0.001111
-0.014757
-0.001111
-0.001111
-0.001111
-0.001111
-0.028408
0.012538
-0.001111
-0.042064
0.039841
-0.014761
-0.014762
0.012540
0.012538
-0.014761
-0.001111
-0.001111
0.026185
-0.028408
-0.014762
-0.001111
-0.014764
0.026192
-0.014762
0.053481
-0.055704
0.012540
0.026185
-0.001111
0.012534
0.012532
0.026170
-0.001111
-0.001111
-0.014751
0.012528
0.012526
-0.001111
-0.014749
-0.028393
-0.042047
0.026181
-0.014757
-0.014759
-0.001111
0.026181
-0.028404
-0.001111
0.026181
-0.014757
0.039819
-0.014753
-0.042047
0.026181
-0.028404
-0.014761
0.039830
0.012532
-0.028400
-0.014759
0.012536
0.012534
0.026174
-0.042042
0.039819
0.026166
0.026159
-0.042020
-0.001111
-0.001111
0.026163
-0.014747
-0.042031
-0.014755
-0.001111
-0.001111
0.026174
-0.014753
-0.001111
-0.014755
-0.014757
0.026177
-0.014755
-0.001111
0.026174
0.012528
-0.001111
0.012526
-0.001111
0.053422
-0.014742
-0.028378
-0.001111
-0.001111
-0.001111
-0.001111
0.026155
-0.014744
-0.014746
-0.001111
-0.014747
0.012525
-0.001111
-0.014747
-0.014749
0.012526
-0.028389
0.012528
0.012526
0.053422
-0.001111
0.026144
-0.041997
0.026148
0.012515
-0.001111
0.012513
-0.014736
-0.001111
-0.001111
-0.001111
-0.001111
-0.001111
0.012513
0.026133
-0.028356
0.026133
-0.014733
-0.001111
0.012510
-0.001111
-0.001111
0.012508
-0.028352
0.026129
-0.014731
-0.001111
0.053355
-0.014725
-0.001111
0.012502
-0.001111
-0.014725
0.012502
-0.014725
0.026114
-0.028337
-0.014727
0.012504
0.012502
-0.014725
0.026114
0.012499
-0.028333
-0.001111
-0.014725
-0.014727
-0.028348
0.012508
0.026122
-0.014727
0.026118
-0.001111
-0.001111
-0.014725
0.039724
-0.014721
-0.001111
-0.028337
0.026114
-0.001111
-0.001111
-0.001111
0.012499
0.012497
-0.014720
0.012497
-0.001111
0.012495
-0.014718
-0.055555
0.012502
-0.014725
0.012502
-0.001111
-0.014725
-0.014727
0.012504
-0.014727
0.039730
-0.041953
0.012504
-0.001111
-0.001111
0.012502
-0.001111
-0.001111
-0.001111
-0.001111
0.012501
-0.014723
-0.001111
-0.001111
0.012501
-0.014723
-0.001111
-0.001111
-0.014725
-0.001111
-0.028345
-0.028352
0.012510
-0.014733
0.012510
0.012508
0.012506
-0.014729
0.012506
-0.001111
-0.028348
-0.001111
-0.001111
0.012508
-0.014731
0.012508
-0.001111
-0.014731
0.012508
-0.028352
-0.001111
-0.014734
0.026133
0.026125
-0.014729
-0.001111
-0.001111
-0.001111
-0.001111
-0.014731
-0.001111
-0.001111
-0.014733
0.012510
-0.014733
-0.001111
-0.028359
-0.001111
-0.001111
-0.014738
-0.001111
-0.014740
-0.001111
0.012517
-0.014740
-0.001111
-0.028374
-0.001111
0.012521
-0.001111
-0.001111
0.012519
-0.028374
-0.001111
-0.001111
0.012521
-0.014744
0.012521
-0.001111
-0.001111
-0.001111
-0.014744
0.039780
0.012515
-0.001111
-0.001111
-0.001111
-0.001111
0.026137
-0.001111
-0.001111
-0.014734
-0.001111
-0.001111
-0.001111
-0.001111
-0.001111
-0.001111
-0.014736
0.026137
-0.001111
-0.014734
0.012512
-0.028359
0.012513
-0.014736
0.012513
-0.001111
-0.001111
-0.001111
0.012512
-0.001111
-0.001111
-0.001111
-0.001111
-0.001111
0.012510
-0.014733
-0.001111
-0.001111
0.012510
-0.014733
-0.001111
-0.001111
-0.001111
-0.001111
-0.001111
-0.001111
-0.001111
0.012510
-0.001111
-0.001111
-0.001111
-0.001111
-0.014733
0.012510
-0.014733
-0.001111
-0.001111
-0.001111
-0.001111
-0.001111
-0.001111
-0.014734
0.012512
-0.014734
-0.001111
-0.001111
-0.001111
-0.001111
-0.001111
-0.001111
-0.014736
0.012513
-0.001111
0.012512
-0.014734
0.012512
-0.001111
-0.014734
0.012512
-0.001111
0.012510
-0.001111
-0.014733
0.012510
-0.001111
0.012508
-0.001111
-0.001111
-0.001111
-0.001111
0.012506
0.012504
-0.014727
0.012504
0.012502
-0.001111
-0.001111
-0.001111
-0.001111
-0.014725
0.012502
-0.001111
-0.001111
0.012501
-0.001111
-0.001111
-0.001111
-0.001111
-0.069190
-0.001111
-0.001111
-0.001111
-0.001111
-0.001111
-0.001111
0.012508
-0.014731
-0.014733
-0.014734
-0.001111
-0.001111
-0.014736
0.012513
-0.014736
0.026137
-0.001111
-0.001111
-0.014734
0.012512
0.012510
0.012508
0.012506
-0.001111
-0.055592
-0.001111
-0.014736
-0.014738
-0.001111
0.012515
-0.001111
-0.014738
-0.001111
-0.014740
-0.001111
0.012517
0.012515
0.012513
0.012512
0.012510
-0.001111
-0.001111
0.012508
0.012506
-0.028348
-0.014733
0.012510
-0.001111
-0.001111
-0.001111
-0.014733
-0.001111
-0.001111
-0.014734
0.012512
-0.001111
0.012510
0.012508
-0.028352
-0.001111
-0.028359
-0.001111
0.012513
-0.001111
-0.001111
-0.014736
-0.001111
-0.001111
-0.001111
-0.014738
-0.028371
-0.001111
-0.014744
-0.001111
-0.014746
-0.001111
-0.001111
-0.001111
0.026155
0.012519
-0.001111
0.012517
-0.001111
-0.001111
-0.001111
-0.014740
0.012517
0.026140
-0.001111
-0.001111
0.012512
-0.001111
0.012510
-0.014733
0.026129
-0.001111
-0.014731
0.012508
0.012506
-0.028348
0.012508
-0.014731
-0.001111
-0.001111
-0.001111
-0.014733
-0.001111
0.012510
-0.001111
0.026125
-0.001111
-0.014729
0.012506
-0.001111
-0.014729
0.012506
-0.001111
0.039730
-0.028337
-0.001111
0.012502
0.012501
-0.001111
-0.001111
0.053318
-0.001111
-0.014716
-0.001111
-0.001111
-0.028326
-0.001111
0.012497
-0.001111
-0.001111
-0.001111
-0.001111
-0.041942
0.012501
-0.001111
0.012499
-0.014721
0.012499
0.012497
0.012495
-0.014718
0.012495
-0.014718
-0.001111
0.026099
-0.001111
-0.001111
-0.014716
0.012493
0.053288
0.012484
-0.001111
0.012482
0.012480
-0.041892
-0.028308
0.012488
-0.014710
-0.014712
0.039685
-0.014709
0.012486
-0.014709
-0.028311
0.039685
END
