y[]
0.022393
-0.013573
-0.001585
0.034375
-0.049535
-0.001585
-0.001585
-0.073553
0.058392
0.022396
-0.001585
0.022390
-0.085523
-0.049581
-0.061613
0.034436
0.010419
0.058414
-0.037580
-0.001585
0.034410
0.010410
-0.061577
-0.001585
0.010416
0.070392
0.046371
-0.001585
0.034367
-0.001585
-0.013568
-0.001585
-0.001585
-0.013569
-0.049535
-0.025569
-0.037571
-0.049587
-0.001585
-0.001585
-0.109674
0.034457
0.046451
0.010420
-0.001585
0.082413
-0.001585
0.010409
-0.013579
-0.025577
-0.013583
0.010413
0.010412
-0.013582
0.010412
-0.001585
0.010410
0.022401
0.118262
-0.025543
0.010395
-0.025546
0.010396
-0.013566
-0.001585
-0.025552
0.022381
0.034354
-0.037524
-0.001585
0.010396
0.034350
0.010390
-0.013560
-0.037520
-0.001585
-0.001585
-0.037533
0.034362
0.010395
0.010393
-0.037524
-0.025552
-0.013570
0.034367
0.010396
-0.025549
-0.001585
0.010397
-0.001585
0.070280
0.010387
0.046290
0.022344
-0.013549
-0.001585
0.022341
0.022335
0.058191
0.082042
-0.001585
0.093903
-0.049318
-0.013522
-0.013523
-0.001585
0.070023
-0.001585
-0.001585
-0.013516
-0.001585
-0.061262
-0.109093
0.022315
0.022310
-0.109157
-0.085332
-0.037498
0.046296
-0.001585
0.046273
-0.085352
-0.061462
-0.013565
-0.037533
0.010399
-0.025554
0.058327
0.046319
-0.025534
0.082212
-0.013552
0.034311
-0.073390
-0.001585
0.058256
0.201606
0.022293
0.058084
-0.013516
-0.001585
0.010346
0.022273
-0.001585
-0.013513
0.046119
-0.049289
-0.001585
-0.049312
0.010349
-0.025454
-0.013522
0.058084
0.022273
-0.025443
-0.037382
0.046142
-0.037378
0.046136
0.010342
-0.037370
0.010345
0.022270
0.010340
-0.061226
-0.049323
0.010352
-0.001585
0.046148
0.022273
-0.013513
-0.001585
-0.001585
0.034195
-0.013510
-0.025440
0.010343
0.022267
-0.001585
0.034182
-0.013506
-0.013508
0.058013
-0.025420
-0.001585
-0.013505
-0.025429
0.010337
-0.001585
0.022256
0.022250
-0.037340
0.034170
-0.001585
0.022244
-0.049250
0.010333
0.022247
-0.013500
0.069886
0.057935
0.010315
-0.013485
-0.013486
-0.001585
-0.001585
-0.001585
-0.001585
0.057907
0.034093
-0.025369
-0.013479
-0.001585
-0.013481
-0.013482
-0.001585
0.010312
-0.013482
0.034102
-0.001585
-0.001585
-0.013479
-0.001585
0.010309
-0.037272
-0.001585
-0.001585
-0.001585
0.057886
-0.001585
-0.037263
-0.025378
0.034102
-0.001585
-0.013479
0.034093
0.022193
0.022188
-0.037246
-0.084844
-0.025386
0.010316
0.022213
-0.013483
-0.013485
0.034110
-0.025380
0.022210
-0.001585
-0.072988
-0.001585
-0.037306
-0.001585
0.022230
0.034127
-0.001585
-0.061112
-0.001585
-0.013495
0.010325
-0.013495
-0.013496
0.010326
0.010325
-0.001585
0.010323
-0.013493
-0.001585
-0.001585
-0.001585
-0.025406
0.010326
0.010325
-0.001585
0.034136
0.034123
-0.025389
-0.001585
-0.001585
-0.013489
0.010319
-0.001585
-0.001585
-0.013489
-0.001585
-0.013491
-0.001585
-0.001585
0.010320
-0.013491
-0.001585
0.022224
-0.001585
-0.001585
-0.001585
0.010318
0.010316
-0.013486
-0.001585
-0.001585
-0.001585
-0.001585
-0.013488
0.010318
-0.013488
0.010318
-0.001585
-0.013488
-0.013489
-0.001585
-0.001585
-0.001585
0.010319
-0.001585
-0.001585
-0.025395
-0.049221
-0.001585
-0.001585
-0.013498
0.034148
-0.025406
0.010326
0.010325
-0.013495
-0.013496
0.022236
0.010323
-0.037314
-0.001585
-0.013498
0.010327
0.010326
0.010325
-0.025406
0.034144
-0.025403
-0.025409
0.010327
-0.013498
-0.001585
-0.001585
-0.001585
-0.001585
-0.001585
0.010327
-0.001585
-0.001585
-0.013498
0.010327
-0.025412
-0.001585
-0.001585
0.010329
0.010327
-0.013498
0.010327
-0.013498
-0.013499
0.010329
-0.013499
0.010329
0.010327
-0.001585
0.010326
-0.001585
-0.001585
-0.013496
-0.013498
-0.001585
0.010327
-0.025412
0.010329
-0.001585
0.010327
0.010326
-0.025409
-0.001585
-0.013499
-0.013500
-0.001585
0.010330
-0.001585
-0.001585
0.010329
-0.013499
0.010329
-0.013499
0.022241
-0.001585
-0.001585
-0.013498
-0.001585
-0.001585
0.010327
-0.001585
-0.001585
0.010326
-0.013496
-0.001585
0.010326
-0.013496
0.010326
-0.001585
0.010325
-0.013495
-0.013496
-0.001585
0.010326
-0.001585
-0.001585
-0.001585
-0.013496
0.010326
-0.001585
-0.025409
0.010327
-0.013498
0.010327
-0.001585
-0.001585
-0.013498
-0.001585
0.010327
-0.013498
0.010327
-0.001585
-0.001585
-0.001585
-0.013498
-0.001585
-0.049250
0.034165
-0.013500
0.010330
-0.013500
-0.013502
0.022247
-0.001585
0.034153
-0.001585
-0.001585
-0.001585
0.069852
-0.049204
-0.001585
-0.013493
-0.001585
-0.025406
-0.025412
-0.037336
0.010333
-0.013503
0.010333
-0.001585
-0.013503
-0.013505
0.010335
-0.025426
-0.061212
-0.001585
-0.001585
-0.013515
0.010345
0.046119
0.081843
-0.013499
0.010329
-0.049250
-0.037348
-0.037361
-0.061240
0.034212
0.010345
-0.037378
-0.109041
-0.049381
-0.025491
0.058170
-0.013533
-0.037438
0.022318
0.022313
-0.001585
-0.001585
-0.085252
0.034281
0.022318
0.010364
-0.013535
-0.049398
-0.013542
0.010372
0.022324
0.010367
-0.013538
-0.001585
-0.085292
-0.013549
-0.085372
0.034332
0.070211
-0.001585
0.010376
0.058198
0.082052
0.010357
-0.013528
0.010357
-0.025471
-0.001585
-0.001585
0.081992
0.093846
-0.025434
0.010340
-0.025437
-0.025443
-0.001585
0.010345
-0.025446
0.105743
-0.013505
-0.037353
-0.001585
0.046102
-0.025426
-0.025432
-0.001585
-0.049295
0.010345
0.022270
-0.037370
0.022273
-0.025443
-0.037382
0.034212
-0.025449
-0.013519
-0.049335
-0.001585
-0.001585
-0.001585
0.022293
-0.001585
-0.025463
0.022293
-0.001585
0.022287
-0.001585
-0.001585
0.010349
-0.025454
-0.001585
-0.037400
0.022293
-0.001585
0.010352
0.022284
0.034208
-0.025446
-0.120974
-0.001585
0.022304
0.022298
0.022293
-0.013523
0.022290
-0.001585
-0.001585
-0.025460
0.022290
0.010350
-0.001585
0.010349
0.034208
0.010343
0.010342
-0.061233
0.010347
-0.001585
-0.013518
-0.025454
-0.013522
-0.025463
0.034229
-0.001585
0.022284
-0.013519
-0.025457
-0.001585
-0.001585
0.034221
-0.001585
-0.001585
0.010347
-0.037387
0.034217
-0.013518
-0.013519
0.046142
0.010343
0.034191
0.010337
0.022256
0.022250
0.046068
-0.025409
-0.073090
0.081833
0.010326
0.046045
0.022222
0.010316
0.105462
-0.061042
-0.037276
-0.049193
0.022222
-0.025392
-0.096869
-0.001585
0.046068
-0.001585
0.046045
0.022222
-0.001585
-0.061112
0.057942
-0.013488
-0.001585
0.010318
-0.049204
-0.001585
-0.049227
0.022239
-0.001585
0.093653
-0.049193
0.010319
-0.025395
-0.001585
-0.013492
0.010322
0.034127
0.034114
-0.037284
0.046011
0.034097
-0.013478
-0.025375
-0.025380
-0.013485
0.105462
0.271461
-0.060879
-0.025313
-0.025318
0.010282
-0.025321
0.069606
-0.013447
0.010277
0.010275
-0.025307
0.010277
0.010275
-0.025307
0.010277
0.128801
0.033945
0.022095
-0.001585
-0.001585
-0.025265
0.010256
0.010254
0.022089
-0.001585
-0.025259
-0.001585
-0.001585
-0.001585
-0.013424
-0.037111
0.033941
-0.001585
-0.037111
0.010258
-0.013429
-0.013430
-0.025279
-0.013434
-0.001585
0.022112
-0.001585
0.022106
0.010258
0.010257
0.010256
-0.025268
0.022098
0.010254
-0.025265
-0.001585
0.022095
0.010253
-0.060788
-0.013430
-0.001585
-0.001585
0.010260
-0.060823
0.010265
0.010264
-0.001585
-0.013434
-0.013436
0.045808
-0.001585
-0.001585
0.022103
-0.001585
0.045775
0.045752
0.010246
0.022072
-0.037073
-0.060760
-0.001585
0.033924
-0.048934
-0.048956
0.045786
-0.001585
-0.072650
-0.025285
END
