y[]
0.013514
-0.024446
-0.011795
0.026171
-0.011793
0.000861
0.013515
0.000861
0.076753
0.000861
0.000861
0.000861
-0.011783
0.000861
-0.024433
0.000861
0.013509
-0.011787
0.026155
-0.024433
0.000861
-0.024439
-0.037102
-0.011796
0.013519
0.013517
0.000861
0.026168
-0.024446
0.013515
0.013514
0.000861
0.013512
-0.011790
0.013512
-0.011790
0.013512
0.038805
-0.011785
-0.049740
-0.024449
-0.062442
0.000861
0.038848
0.038833
-0.011795
0.064124
0.076724
-0.049708
0.000861
0.000861
0.101973
-0.024407
-0.011775
0.038766
-0.037044
-0.011777
0.013499
0.013498
0.000861
-0.037054
0.000861
-0.011780
0.026142
0.038771
-0.037049
0.000861
-0.125609
0.038819
-0.011790
0.000861
-0.087741
-0.100494
-0.113287
0.026239
0.051597
0.000861
0.038896
-0.011816
-0.011817
-0.062554
-0.011827
-0.138813
0.064373
0.000861
0.013559
0.038944
-0.024526
0.038939
-0.011830
0.038930
0.026232
0.013544
-0.011822
0.013544
0.013543
0.064245
-0.011812
-0.024491
0.026213
0.089542
-0.011803
-0.011804
0.000861
0.038853
0.000861
-0.011801
0.013523
0.013522
0.013520
-0.011798
0.038833
0.000861
-0.049772
-0.011801
0.038843
0.000861
-0.062450
-0.024475
0.051526
0.038843
0.038829
-0.024449
-0.024455
-0.011799
-0.011801
-0.037135
0.013528
0.013527
0.000861
-0.024471
0.000861
0.038857
0.013523
0.000861
-0.011801
0.000861
0.000861
0.013523
0.038838
-0.024455
-0.151172
-0.037183
-0.049887
0.038925
0.013546
0.013544
-0.049881
0.038920
-0.024510
-0.011827
0.051603
-0.049881
0.000861
0.013549
-0.100687
0.038954
0.000861
0.051629
-0.037212
0.051623
-0.062595
0.038939
-0.062611
-0.037241
0.064357
-0.126171
0.026281
0.038978
0.000861
-0.024549
-0.100842
0.064438
0.026281
-0.037270
-0.024568
-0.062740
-0.050049
-0.037338
0.000861
0.000861
0.000861
0.013596
0.013594
0.013593
0.000861
0.000861
-0.011870
0.013593
0.013591
0.013589
-0.011867
0.026316
0.000861
0.013586
-0.024591
0.000861
-0.011867
0.026316
0.000861
0.000861
0.013586
0.000861
0.000861
0.000861
0.000861
0.000861
0.000861
0.026306
0.000861
-0.011861
-0.024587
0.013586
0.000861
-0.011864
0.000861
-0.011866
0.000861
0.000861
0.000861
0.000861
0.000861
0.000861
0.000861
0.013588
0.000861
0.000861
0.000861
-0.011866
0.000861
0.013588
0.000861
-0.011866
0.013588
0.000861
0.013586
0.000861
-0.011864
0.000861
0.013586
-0.011864
0.013586
0.000861
-0.024591
0.026313
0.000861
0.013585
-0.011862
0.000861
-0.011864
0.013586
-0.011864
0.000861
-0.011866
0.000861
0.000861
0.000861
-0.011867
0.013589
0.000861
0.000861
0.000861
0.026313
0.000861
0.000861
0.000861
0.000861
0.013585
0.013583
0.013581
0.000861
0.013580
0.000861
0.000861
-0.011857
0.000861
0.000861
0.013580
-0.011857
0.000861
0.000861
-0.011859
0.000861
0.013581
0.000861
-0.011859
0.000861
0.026300
-0.011857
0.000861
0.000861
0.000861
0.013580
-0.011857
0.013580
0.000861
0.000861
0.000861
-0.024578
0.000861
0.013581
0.000861
0.000861
-0.011859
0.000861
0.013581
-0.011859
0.000861
0.000861
0.013581
0.000861
0.000861
-0.024581
0.013583
0.000861
0.000861
-0.011861
0.000861
0.000861
-0.011862
0.000861
-0.011864
0.000861
0.013586
0.013585
-0.011862
0.013585
0.000861
0.000861
-0.011862
0.013585
0.013583
0.000861
0.000861
0.000861
0.000861
0.013581
0.000861
0.000861
-0.011859
0.013581
-0.011859
0.013581
0.000861
-0.011859
0.000861
0.026300
-0.011857
0.000861
-0.011859
0.000861
0.000861
0.013581
0.000861
0.000861
0.000861
-0.011859
0.013581
0.026297
-0.011856
0.000861
0.000861
0.000861
0.000861
0.000861
0.000861
-0.011857
0.000861
0.013580
0.000861
-0.011857
0.026297
0.000861
0.000861
-0.024574
0.026297
-0.011856
0.000861
-0.011857
0.000861
0.013580
0.013578
-0.011856
0.013578
0.013577
0.000861
-0.011854
0.026290
0.038993
0.013568
0.026271
-0.011843
-0.049971
-0.011851
0.026284
0.026277
0.000861
-0.011846
0.026274
-0.024552
-0.024558
-0.011851
0.013573
-0.024565
-0.011854
-0.011856
0.000861
0.013578
0.013577
-0.024571
-0.011857
0.026297
0.000861
-0.024574
-0.011859
0.026300
0.013578
0.013577
-0.011854
-0.011856
0.013578
0.013577
-0.011854
0.013577
-0.011854
0.000861
0.013577
-0.011854
0.026290
-0.011853
0.013575
-0.024568
0.013577
-0.011854
-0.011856
0.013578
0.013577
0.051706
-0.037270
0.038993
0.000861
-0.011848
0.026277
-0.011846
0.013568
-0.024555
0.013570
-0.011848
0.000861
0.026277
0.000861
0.000861
-0.037266
-0.011851
-0.011853
0.000861
0.013575
0.000861
0.000861
-0.011853
0.000861
0.013575
-0.011853
0.000861
0.000861
0.051706
-0.011848
0.000861
-0.011849
0.000861
0.000861
0.000861
0.013572
0.026277
0.000861
0.000861
0.000861
0.000861
0.013567
-0.011845
0.000861
-0.011846
0.026274
-0.011845
0.000861
0.077071
-0.011836
0.038949
-0.011833
0.013556
-0.011833
0.000861
-0.011835
-0.011836
0.026255
-0.011835
0.013557
0.013556
0.013554
-0.011832
0.000861
0.013554
-0.037222
-0.011836
0.000861
-0.011838
-0.037246
-0.062683
0.013573
0.013572
0.254733
-0.024497
0.038896
0.013536
-0.011814
0.026210
-0.024487
-0.062538
0.026226
0.000861
0.026219
-0.024497
0.000861
-0.024503
-0.049887
0.051610
-0.037198
0.038920
0.038906
0.000861
-0.024500
0.114937
-0.049823
0.000861
-0.024491
0.013538
-0.062538
0.026226
0.038896
-0.087909
0.000861
-0.164208
-0.113577
0.000861
-0.011862
0.064462
0.000861
-0.024574
0.013580
0.064430
-0.037275
0.013575
0.013573
-0.049997
0.064430
-0.126317
-0.011866
-0.151986
0.013607
0.039090
0.051810
-0.037348
-0.037363
-0.113898
-0.024659
0.026381
0.039129
0.026365
0.077333
-0.024623
0.013604
0.064551
-0.011874
-0.011875
-0.011877
0.000861
-0.050107
-0.011885
0.013607
-0.075640
-0.024652
-0.011898
-0.050192
0.039153
-0.011901
0.000861
-0.024669
-0.037446
0.128494
-0.011895
-0.024656
-0.011900
0.115650
-0.024636
-0.011890
-0.011891
0.013614
0.077343
0.000861
-0.024626
0.026349
0.051817
-0.037353
0.000861
0.013601
-0.011878
-0.037368
-0.050133
0.026362
-0.011888
0.000861
-0.011890
-0.062918
0.039134
-0.011895
-0.024656
0.013620
0.064633
0.051849
-0.050127
0.000861
0.064592
-0.037372
0.026352
-0.011883
-0.011885
0.026352
0.153669
-0.100985
0.179024
0.000861
0.140624
0.102384
-0.062579
-0.024526
-0.088045
0.013567
0.051668
-0.037241
-0.024549
-0.037266
0.026281
-0.049984
-0.075455
-0.088248
0.077246
0.000861
-0.037324
-0.050075
-0.062845
0.077304
-0.024613
-0.011878
0.026339
0.089982
0.013586
0.000861
-0.037319
0.039041
0.051745
0.064430
-0.037275
0.026287
-0.011851
-0.050004
0.013580
0.000861
0.000861
0.000861
-0.024578
-0.037309
0.000861
0.026310
-0.024587
0.026310
0.026303
-0.011859
-0.011861
-0.011862
0.000861
0.013585
-0.011862
0.013585
0.000861
0.000861
0.013583
0.000861
0.000861
0.000861
0.000861
0.000861
-0.011861
0.013583
0.000861
-0.011861
0.013583
-0.011861
0.000861
-0.011862
-0.011864
0.013586
0.000861
0.000861
-0.011864
0.013586
0.000861
0.000861
0.000861
0.000861
0.000861
0.013585
-0.011862
0.000861
0.000861
0.000861
0.000861
0.000861
-0.011864
0.013586
0.000861
-0.011864
0.013586
0.000861
0.000861
0.000861
0.000861
-0.011864
0.013586
-0.011864
0.000861
0.000861
0.000861
-0.011866
0.000861
0.000861
-0.011867
-0.037333
END
