y[]
0.011957
0.023861
0.000048
-0.011857
-0.071414
0.035786
0.011958
-0.035685
0.023872
0.011958
0.023864
-0.011858
-0.011860
0.011957
-0.011860
0.000048
0.011957
0.000048
-0.059507
-0.083389
0.047736
-0.035715
-0.023801
0.035820
0.000048
0.011970
0.023886
0.023881
-0.047622
0.023886
-0.011870
-0.035715
0.023892
-0.023795
-0.023801
0.023898
0.023892
-0.071499
0.000048
0.035829
0.023895
-0.035723
0.035820
0.023889
0.023884
0.011964
0.000048
0.000048
-0.023784
0.000048
0.011965
0.000048
-0.011868
0.023881
-0.011867
0.011964
0.035786
0.000048
0.011958
0.011957
0.011955
-0.011858
0.011955
0.035761
0.011950
0.011948
0.000048
0.000048
0.000048
0.047634
0.035722
-0.011841
0.023827
0.011936
-0.011839
0.000048
-0.035621
-0.011844
0.000048
0.011941
0.000048
-0.011844
-0.011846
-0.023744
0.011945
0.011944
0.000048
0.023835
-0.023738
-0.011847
-0.011848
0.011945
-0.047548
-0.011854
-0.011856
0.011953
-0.011856
0.011953
0.000048
0.011951
-0.011854
0.011951
0.000048
-0.011854
0.011951
-0.023758
0.023855
0.000048
-0.035664
-0.047588
0.000048
-0.083369
-0.011874
0.035812
-0.023792
-0.023798
-0.011877
0.000048
-0.011878
-0.035740
0.000048
-0.035753
0.047781
-0.011883
-0.011884
0.000048
0.047770
0.023901
-0.035732
-0.071551
0.011985
-0.083539
0.035880
-0.011894
0.023932
0.011988
0.000048
0.035859
-0.011887
0.035850
0.083536
-0.035723
-0.107344
-0.035775
-0.107498
0.023958
-0.119554
-0.035860
0.119694
-0.011910
-0.059764
-0.023886
0.131620
0.035901
-0.059714
0.035910
0.083676
-0.035783
0.059761
-0.059664
0.023938
0.155189
-0.047661
-0.035749
-0.083529
0.035876
0.035863
-0.035766
0.011988
-0.035775
0.000048
-0.059685
-0.035809
0.047855
-0.059714
0.023958
0.071742
0.083626
0.047775
0.000048
0.023903
0.047741
-0.047644
0.011974
0.047736
0.011967
0.011965
0.011964
0.083417
-0.023764
0.000048
-0.035681
0.000048
0.059590
-0.023764
-0.011860
-0.011861
0.011958
0.000048
0.023864
0.000048
0.023858
0.011951
0.011950
-0.035659
-0.011857
-0.035676
0.011958
0.035769
0.011953
0.000048
0.047651
0.000048
0.011945
0.023838
0.000048
-0.035638
-0.011850
0.000048
0.000048
0.047634
0.011941
-0.059429
-0.011851
0.011948
0.059526
-0.095133
-0.011856
-0.011857
-0.011858
0.011955
-0.023767
0.071477
-0.011853
-0.035664
0.011954
0.035756
0.023847
-0.071363
0.023858
0.011951
-0.011854
-0.023761
0.059562
-0.035655
0.023852
-0.023755
0.000048
-0.047576
0.023864
0.011954
0.011953
0.035752
0.047634
0.011941
-0.023738
0.000048
0.047617
-0.023733
0.059491
-0.059394
0.023830
-0.023733
0.023830
0.011937
0.000048
0.035705
-0.023721
0.023818
0.000048
-0.095065
0.023835
0.047605
-0.035617
0.023827
-0.023730
0.035714
0.000048
-0.083191
0.071401
-0.023730
0.023827
-0.023730
0.000048
0.071367
-0.023719
-0.023724
0.000048
0.000048
0.023821
-0.011837
0.000048
-0.011839
0.011936
0.011934
-0.011837
0.000048
0.000048
0.000048
0.000048
-0.011839
-0.035621
-0.047531
0.000048
0.011945
0.000048
0.011944
0.000048
0.000048
0.000048
-0.011847
0.000048
-0.011848
0.011945
0.011944
0.000048
0.000048
0.000048
0.000048
0.000048
0.000048
0.011943
0.000048
-0.011846
0.011943
-0.011846
0.011943
-0.011846
0.000048
0.011943
0.000048
-0.011846
0.011943
-0.011846
-0.011847
-0.011848
0.011945
0.000048
0.000048
0.000048
-0.011848
0.011945
0.000048
0.023838
0.000048
-0.011846
-0.011847
0.000048
0.011944
0.011943
0.011941
-0.011844
0.023833
0.011938
-0.011841
0.000048
0.000048
0.000048
0.000048
0.000048
0.000048
-0.011843
0.000048
0.011940
0.000048
-0.011843
0.011940
-0.011843
0.000048
-0.011844
0.011941
0.000048
0.000048
-0.011844
0.000048
0.000048
0.011941
0.000048
-0.011844
0.000048
0.011941
-0.011844
0.000048
0.011941
0.000048
0.011940
0.000048
0.011938
-0.011841
0.023827
0.000048
0.000048
-0.011840
0.000048
0.000048
0.000048
-0.011841
0.023827
-0.023730
-0.023736
0.023833
0.000048
0.011938
0.011937
0.000048
-0.023730
0.023827
0.000048
-0.011840
-0.011841
0.000048
-0.023736
0.011941
0.000048
-0.023738
0.023835
-0.011844
0.011941
0.011940
-0.035630
0.011943
0.000048
0.000048
0.000048
0.000048
0.000048
-0.011846
0.011943
0.000048
0.000048
0.000048
0.011941
0.000048
0.000048
0.000048
0.011940
0.000048
0.000048
0.000048
0.000048
0.000048
0.011938
0.000048
0.000048
0.000048
0.000048
0.000048
0.000048
0.000048
0.000048
0.011937
-0.011840
0.011937
0.000048
-0.011840
0.011937
0.000048
0.011936
-0.035617
0.023827
0.023821
-0.011837
-0.011839
0.011936
0.011934
0.011933
-0.011836
0.000048
0.000048
0.000048
0.000048
0.000048
0.000048
0.023816
-0.011834
0.000048
0.011931
0.000048
0.000048
-0.023719
-0.035613
0.011937
0.000048
0.000048
0.000048
0.000048
0.000048
0.011936
0.000048
-0.023727
-0.023733
0.011940
0.023827
0.023821
-0.023724
-0.059408
0.035727
0.035714
-0.023727
0.047594
0.083199
-0.011826
0.011923
-0.035579
0.035676
-0.047457
0.011927
0.011926
-0.035587
0.023807
0.023801
-0.023704
-0.023710
0.023807
-0.059359
-0.023724
0.011936
0.011934
-0.011837
0.011934
-0.047503
-0.011843
0.000048
0.047605
0.011934
0.011933
-0.011836
0.011933
0.011931
-0.011834
-0.011836
0.023816
0.035689
0.000048
-0.023710
-0.011833
-0.023719
0.000048
-0.011837
0.000048
0.023818
-0.011836
0.011933
-0.011836
-0.011837
0.000048
0.011934
-0.011837
0.011934
-0.035613
-0.047520
-0.023744
-0.011850
0.000048
-0.011851
-0.011853
0.023850
0.011947
0.000048
0.000048
-0.023750
0.011948
0.000048
0.011947
0.000048
-0.011850
0.035739
0.000048
0.035727
-0.023736
0.000048
0.000048
-0.011846
0.011943
-0.023741
-0.011848
0.000048
0.000048
0.011945
-0.047548
-0.035664
0.023858
-0.059486
0.011958
-0.011861
0.035773
-0.011858
0.000048
0.011955
0.011954
-0.011857
0.011954
0.000048
0.000048
0.000048
-0.035672
0.023864
0.011954
0.000048
0.000048
-0.011857
-0.023767
0.023864
0.011954
-0.047582
-0.011863
-0.011864
-0.011865
0.000048
0.000048
0.000048
0.190502
0.011940
0.000048
0.118884
0.071282
-0.059309
-0.083112
0.047577
-0.023713
0.178122
-0.035541
-0.023685
-0.011820
-0.035566
0.011921
0.059392
-0.023685
0.106804
-0.011808
0.000048
0.011905
-0.177940
-0.023707
-0.047480
-0.083181
-0.059443
0.071435
-0.047537
-0.023753
0.035748
0.023841
-0.095156
0.095253
-0.071346
0.107121
0.000048
0.000048
0.000048
-0.047525
0.047622
0.107007
-0.011830
-0.071253
0.023821
0.047577
0.000048
-0.059366
0.047583
0.059434
0.000048
0.047532
-0.011820
0.011917
-0.059309
-0.011827
0.023799
-0.035579
0.000048
-0.011830
0.023804
0.023799
-0.047457
0.047554
0.000048
0.011921
0.011920
0.035655
0.000048
-0.011819
0.000048
0.011916
-0.023688
-0.023693
0.000048
0.000048
0.000048
0.023790
0.000048
0.011917
0.011916
0.023779
-0.035549
-0.035562
0.011920
0.011919
-0.023693
0.000048
-0.011824
-0.023702
0.000048
-0.011829
0.011926
-0.023707
0.011927
0.000048
-0.023710
0.047560
0.000048
-0.035583
-0.011832
-0.023716
0.000048
0.011931
-0.011834
-0.011836
-0.059394
-0.023738
-0.047542
0.000048
-0.011853
-0.011854
0.000048
0.035752
-0.023753
0.000048
0.011950
-0.023755
0.071443
-0.023744
0.023841
-0.035642
-0.023753
0.023850
-0.035655
-0.107139
0.023878
END
