y[]
0.088399
-0.046220
-0.001354
-0.016314
0.088373
0.088292
-0.061109
-0.046193
0.073368
-0.001354
-0.076075
-0.016305
-0.001354
-0.001354
0.028546
0.013593
-0.001354
0.013591
-0.031245
0.118156
0.028501
0.013571
0.013568
0.028484
-0.016271
0.013564
-0.135692
0.043446
-0.090973
-0.076098
0.028551
-0.031258
0.058446
-0.016300
0.058419
-0.016294
-0.046187
0.028537
0.073334
0.013577
0.103101
0.058285
0.043352
-0.016254
0.058232
0.013537
-0.001354
0.028421
-0.046020
0.013537
0.013535
-0.001354
-0.016242
-0.046033
0.043326
0.013535
-0.060922
0.013542
0.028430
-0.016245
0.043312
0.013531
0.013528
-0.031120
-0.031129
0.013535
-0.001354
-0.016242
0.028421
-0.001354
-0.016240
-0.060922
-0.031151
-0.016256
0.043346
0.013542
-0.046046
-0.001354
-0.001354
-0.031160
0.028453
-0.016256
0.043346
-0.031151
0.013546
0.013544
-0.016251
0.013544
-0.001354
0.013542
0.028430
0.013535
-0.016242
-0.031138
-0.075853
-0.001354
-0.001354
-0.016260
-0.016262
0.013555
0.043359
0.013546
-0.031156
-0.046073
0.102960
-0.031147
-0.001354
0.013544
0.013542
-0.046046
-0.001354
0.058232
-0.031142
0.028435
0.102836
0.162154
0.043193
0.043173
0.132108
-0.060648
-0.031014
-0.031023
0.072803
-0.031010
-0.031019
-0.031027
-0.016194
0.028324
0.013482
0.028311
-0.120066
0.072858
-0.031032
0.013486
0.117288
-0.060657
0.043127
-0.001354
-0.045834
-0.090375
0.058002
-0.045867
-0.090441
0.013500
-0.016207
0.028351
0.013495
-0.001354
-0.060763
-0.016211
0.013504
-0.016211
-0.001354
-0.016214
0.028364
-0.016211
0.013504
0.013502
0.028351
-0.135093
0.028382
-0.031089
-0.031098
-0.165105
-0.254953
0.177724
-0.001354
-0.001354
-0.001354
0.028461
0.221977
-0.075742
0.028408
0.043273
-0.001354
-0.031102
-0.016231
0.013524
-0.045993
0.058161
-0.031107
0.073012
0.013513
0.028373
-0.016216
-0.001354
-0.001354
0.013508
0.043219
-0.031067
-0.031076
0.043226
0.013502
-0.001354
-0.001354
-0.031067
-0.031076
-0.060824
0.028386
-0.016223
0.043246
0.043226
-0.060798
0.028373
-0.001354
0.087773
0.028337
0.013489
0.028324
-0.001354
-0.001354
-0.031032
-0.001354
-0.001354
-0.016196
-0.031045
-0.075620
0.043213
-0.001354
0.013497
-0.001354
0.043186
-0.045894
-0.001354
-0.001354
-0.016205
-0.016207
0.028351
0.013495
-0.016203
0.028342
0.043173
0.028320
-0.031027
0.013484
-0.016192
-0.016194
0.013486
0.028320
0.028311
0.043127
0.028289
-0.001354
0.013464
-0.030992
0.013467
-0.001354
-0.001354
-0.016174
-0.016176
-0.001354
0.013469
0.013467
-0.001354
-0.001354
0.013464
-0.001354
-0.016172
-0.001354
-0.001354
-0.016174
0.013467
-0.001354
-0.001354
-0.016174
0.102342
-0.016161
0.013453
-0.001354
-0.016161
-0.001354
-0.001354
-0.001354
-0.001354
-0.045788
-0.016170
0.013462
-0.001354
0.043081
-0.016163
-0.016165
-0.030983
-0.001354
-0.016172
-0.001354
-0.016174
-0.016176
-0.016178
0.013471
-0.001354
0.013469
-0.001354
-0.001354
-0.016176
-0.001354
-0.001354
-0.001354
-0.016178
0.013471
-0.001354
-0.001354
-0.001354
-0.001354
-0.016178
0.013471
-0.016178
-0.016181
-0.031014
0.013478
-0.016185
-0.001354
-0.001354
-0.001354
-0.001354
0.013478
-0.001354
0.013475
-0.016183
-0.001354
-0.001354
-0.001354
-0.031019
0.013480
-0.001354
-0.001354
0.043134
-0.001354
0.013471
0.013469
-0.090322
-0.001354
-0.001354
-0.001354
0.013480
-0.001354
0.013478
0.028302
-0.031010
-0.001354
0.028302
0.013471
-0.045834
0.013475
-0.031014
-0.001354
0.013478
0.043127
-0.031005
0.013473
-0.001354
-0.045841
0.057958
-0.075499
-0.031027
-0.016194
0.028324
-0.075565
-0.001354
0.013493
0.013491
0.028329
-0.045881
-0.031049
-0.001354
0.028342
0.028333
-0.045887
-0.001354
0.013493
0.043173
-0.016194
-0.016196
0.043167
-0.001354
-0.016192
-0.016194
0.013486
-0.001354
-0.016194
0.013486
0.028320
-0.001354
0.057967
0.043114
0.013464
-0.060639
-0.001354
0.028293
-0.016176
0.057923
-0.030988
0.013464
-0.001354
0.013462
-0.045808
-0.001354
-0.016176
0.028289
-0.045821
-0.016181
0.013473
0.013471
0.013469
-0.001354
-0.031001
-0.001354
0.013471
-0.031005
0.043120
-0.001354
-0.016176
-0.001354
0.013469
0.013467
-0.016174
-0.001354
-0.045828
0.013473
0.013471
-0.016178
-0.016181
-0.001354
0.028298
-0.045834
0.013475
-0.016183
0.013475
-0.001354
0.013473
-0.001354
-0.001354
-0.001354
0.013471
-0.016178
-0.031010
0.028302
-0.016181
-0.001354
-0.016183
0.013475
0.028298
0.013469
-0.031001
0.013471
-0.001354
0.013469
0.013467
-0.030997
0.028289
0.013464
-0.001354
-0.001354
-0.001354
-0.016172
-0.030997
-0.016178
-0.016181
-0.045848
-0.016189
-0.016192
0.013484
-0.031032
-0.016196
-0.016198
0.013491
-0.031045
0.013493
-0.001354
-0.060754
0.013500
-0.001354
-0.001354
0.028346
0.013493
0.013491
-0.016198
-0.031049
-0.001354
0.043186
0.043167
-0.001354
-0.045874
-0.031045
-0.001354
-0.045907
-0.045927
0.028364
0.013502
0.028351
-0.031058
0.028351
0.072869
0.057985
0.028302
0.028293
-0.016176
0.057923
-0.030988
0.102327
0.087430
0.028223
-0.045723
0.057800
-0.060508
-0.001354
-0.001354
-0.045742
-0.016154
-0.016156
0.028250
-0.001354
-0.016154
-0.075389
0.013458
-0.030979
-0.001354
-0.045808
-0.045828
0.013473
0.043114
0.057906
-0.030979
0.028272
0.013456
0.028258
0.013449
0.013447
-0.090190
-0.001354
0.013458
0.057870
-0.045769
0.087456
0.102158
-0.016135
0.072529
0.028184
-0.030891
0.042950
-0.030887
0.057704
0.013405
0.013403
0.057652
-0.016102
0.057626
-0.045585
0.042878
0.042858
-0.001354
0.013379
-0.001354
-0.030822
-0.016091
-0.016093
-0.001354
0.028123
-0.016091
0.013384
-0.001354
-0.001354
-0.001354
0.042845
-0.030817
-0.030826
0.013384
0.042845
0.013375
-0.030813
-0.104530
-0.016102
-0.030857
0.072387
-0.030844
-0.001354
0.013392
0.013390
-0.001354
-0.060342
-0.001354
0.042891
-0.045598
0.013397
-0.001354
0.042884
-0.001354
0.042865
0.013381
-0.001354
-0.016089
-0.016091
0.028119
0.013379
-0.016087
-0.016089
0.013381
-0.030826
-0.016093
-0.001354
-0.030839
-0.001354
0.013390
0.013388
-0.045585
-0.001354
-0.001354
0.028136
-0.089849
0.013401
-0.001354
0.042897
-0.119400
0.013410
-0.016117
0.057687
-0.016111
0.042910
0.057635
-0.060342
-0.016106
-0.001354
-0.016108
0.013401
-0.060386
-0.016117
0.072442
0.087129
0.087051
0.028097
0.042806
-0.016072
0.013364
-0.016072
0.042793
0.013358
0.013355
-0.045488
0.013360
-0.016067
-0.030787
0.013364
-0.001354
0.028075
0.013358
-0.001354
0.013355
-0.001354
-0.001354
-0.001354
-0.001354
0.013353
-0.798641
-0.090335
-0.016192
-0.031036
0.087667
-0.090375
0.043167
0.028315
-0.045861
0.028320
-0.001354
-0.016189
-0.031032
-0.016196
0.013489
-0.045887
-0.016203
-0.060771
-0.045940
0.013511
-0.001354
-0.016218
-0.016220
0.058099
-0.031076
0.072935
0.028346
0.013493
0.013491
-0.001354
-0.016198
0.028333
-0.016196
0.013489
-0.016196
0.013489
0.013486
0.013484
-0.016192
0.043153
0.028307
-0.016183
0.028302
0.043114
-0.030997
0.013469
-0.016176
-0.016178
0.072748
-0.001354
-0.045808
-0.001354
-0.031001
-0.060675
-0.016189
-0.045874
0.072836
0.072781
-0.016176
-0.016178
-0.016181
-0.016183
-0.016185
0.013478
-0.075532
0.028324
0.043147
-0.016185
-0.031023
0.072803
-0.001354
-0.031010
-0.001354
-0.001354
-0.016185
0.013478
0.028302
0.028293
0.028285
0.013462
-0.016170
-0.016172
0.057906
-0.001354
-0.030979
-0.016170
END
