y[]
0.010719
0.022972
0.010715
0.022963
-0.013788
-0.013789
0.022963
-0.013788
0.047452
-0.001538
-0.013783
-0.026033
-0.001538
-0.001538
0.022957
-0.013785
0.010709
-0.026033
-0.001538
0.010710
0.010709
0.010707
-0.001538
-0.001538
-0.001538
-0.038278
0.010710
-0.013786
0.022957
-0.013785
-0.001538
0.010709
0.035193
-0.001538
-0.001538
0.010703
0.010701
-0.013777
-0.001538
0.022939
-0.013776
-0.001538
0.010700
-0.001538
-0.013776
-0.001538
-0.013777
-0.001538
-0.001538
0.022939
-0.013776
0.010700
-0.001538
0.010698
-0.013774
-0.001538
0.010698
0.035161
0.035148
-0.013765
-0.001538
-0.013767
-0.001538
-0.001538
-0.001538
0.010691
-0.013767
-0.013768
-0.001538
0.022921
-0.013767
-0.001538
-0.001538
-0.013768
-0.013770
0.010694
-0.001538
-0.026003
-0.001538
-0.001538
-0.001538
0.047386
-0.013767
-0.013768
0.010692
-0.013768
-0.001538
-0.001538
0.047374
-0.001538
-0.038220
-0.001538
-0.001538
0.010691
-0.001538
-0.013767
0.010691
0.022915
-0.013764
0.010688
-0.001538
-0.025991
0.022915
0.035130
0.059546
-0.013752
-0.038188
-0.025979
0.022903
-0.001538
-0.001538
-0.025979
-0.001538
-0.001538
-0.001538
-0.001538
-0.001538
-0.001538
-0.001538
-0.001538
0.010683
-0.013759
0.035121
-0.025976
0.010682
-0.025979
0.010683
0.047332
-0.038188
-0.001538
-0.001538
0.022897
-0.001538
-0.025973
-0.001538
-0.001538
-0.013758
-0.013759
-0.001538
-0.025985
0.010686
-0.013762
0.022909
0.010683
-0.013759
0.022903
-0.001538
-0.013758
-0.050432
0.010688
0.047350
-0.001538
-0.013758
0.022900
0.010679
0.010677
0.010676
0.071713
0.047266
0.022855
-0.013734
-0.013735
0.022855
0.071606
-0.111274
0.083823
-0.001538
0.047207
-0.025907
-0.013725
-0.062495
0.010656
0.010655
0.010653
-0.025922
-0.025928
0.035045
0.035032
-0.001538
-0.001538
0.010649
-0.001538
-0.001538
0.010647
-0.038099
0.022837
-0.025913
-0.025919
0.022843
-0.013728
-0.001538
0.010652
0.022837
-0.001538
0.035014
-0.013721
-0.001538
0.022825
-0.013719
-0.001538
-0.001538
0.010643
-0.038086
-0.025910
-0.025916
0.022840
-0.013726
-0.025919
0.035032
-0.001538
-0.025916
-0.001538
0.010652
-0.025919
-0.025925
-0.001538
-0.025931
-0.001538
-0.025937
0.022861
-0.001538
0.022855
0.035041
-0.025922
0.022846
-0.025922
0.022846
-0.025922
0.010655
-0.001538
-0.001538
-0.001538
0.010653
0.047213
-0.013724
-0.001538
-0.013725
0.047201
-0.013721
0.095880
0.010633
-0.050229
0.022811
0.010634
0.022802
-0.025878
-0.001538
-0.013710
-0.013712
-0.001538
0.010636
0.010634
0.047136
0.034952
-0.001538
0.010622
-0.050188
0.010627
-0.013703
-0.038041
0.022799
-0.013706
0.156526
-0.001538
0.034903
-0.086588
0.168489
0.143969
-0.001538
0.022693
-0.025769
0.034806
0.010574
0.022681
-0.001538
-0.001538
-0.013647
0.046888
-0.037855
-0.037869
0.022684
-0.049988
-0.001538
-0.001538
-0.001538
-0.001538
0.022690
-0.049999
0.022696
0.022690
0.010574
-0.001538
0.010572
0.022678
0.046876
-0.001538
0.046853
-0.037829
-0.013638
0.046853
-0.013634
0.022652
-0.049923
0.058940
-0.013631
-0.025728
-0.001538
-0.013635
0.022655
0.010556
0.046824
-0.001538
-0.013626
-0.013628
-0.013629
-0.001538
-0.013631
-0.025728
-0.013635
-0.013637
-0.037842
-0.025748
0.022672
0.034766
-0.037842
-0.001538
0.010565
0.046859
0.010558
-0.037829
0.010560
0.010559
0.022652
-0.013632
-0.025731
-0.049941
-0.074186
-0.013651
0.022687
0.046894
0.034771
-0.001538
0.022660
-0.013637
-0.001538
-0.001538
-0.001538
0.010560
0.022655
-0.001538
0.022649
0.046818
-0.013625
-0.001538
-0.025716
-0.001538
0.010552
-0.025719
0.022643
-0.001538
-0.037812
0.010555
0.034731
0.034718
-0.001538
0.034705
-0.001538
-0.001538
0.010540
-0.049859
0.046783
0.058830
0.022599
-0.025675
0.010531
-0.025678
0.022602
0.034661
0.046707
-0.025658
-0.025663
0.010525
0.010524
-0.025663
-0.025669
-0.061892
0.022608
-0.001538
0.082927
-0.013600
-0.061870
-0.001538
0.034665
-0.001538
-0.025672
0.010530
0.022593
0.010525
0.046701
-0.037715
-0.122224
-0.061935
-0.061972
0.046812
-0.025710
0.022634
0.010546
-0.001538
-0.025707
-0.025713
0.010550
-0.001538
0.010549
-0.013625
-0.001538
-0.001538
-0.013626
-0.013628
-0.001538
-0.013629
0.010553
-0.037816
-0.086238
0.034771
-0.001538
0.022660
-0.001538
-0.001538
-0.001538
-0.013637
-0.001538
-0.013638
-0.001538
0.022660
-0.001538
-0.001538
-0.013637
-0.001538
-0.013638
-0.001538
0.010562
-0.013638
0.010562
-0.013638
-0.001538
-0.001538
-0.001538
-0.013639
0.022663
-0.001538
-0.001538
-0.013638
-0.013639
0.010563
-0.013639
0.010563
-0.001538
0.022660
-0.001538
-0.013637
0.022657
0.010558
-0.001538
-0.001538
0.010556
-0.013632
-0.037829
-0.025739
0.022663
0.010560
0.022655
-0.013634
0.010558
0.010556
-0.001538
-0.001538
-0.001538
-0.013632
-0.001538
-0.013634
-0.013635
-0.013637
-0.001538
-0.013638
-0.025742
0.010565
0.010563
-0.001538
-0.001538
-0.001538
-0.001538
-0.013639
-0.037851
-0.001538
-0.001538
-0.013645
0.034779
0.010565
-0.013641
-0.001538
-0.013642
-0.013644
-0.001538
-0.001538
-0.001538
-0.013645
0.022675
-0.013644
0.010568
0.022669
-0.013641
-0.001538
-0.001538
-0.025748
-0.001538
-0.001538
0.022672
-0.001538
-0.001538
0.034766
-0.013638
0.010562
0.010560
-0.013637
0.010560
-0.013637
-0.013638
-0.001538
-0.001538
0.010562
-0.013638
-0.001538
0.010562
0.022657
-0.025734
-0.013638
-0.001538
0.034757
-0.013635
-0.013637
-0.001538
0.034753
-0.001538
0.034740
-0.013629
-0.001538
-0.001538
-0.013631
-0.001538
-0.025728
-0.001538
-0.001538
0.010558
-0.001538
-0.001538
-0.025731
-0.013637
0.010560
0.022655
0.010556
-0.001538
-0.001538
-0.001538
0.022646
-0.037816
-0.001538
-0.001538
0.010556
-0.001538
-0.025728
-0.013635
0.010559
-0.013635
-0.001538
-0.013637
0.022657
-0.013635
-0.001538
-0.013637
0.010560
-0.025736
-0.001538
-0.013639
-0.013641
-0.013642
0.010566
0.010565
-0.001538
-0.013641
-0.013642
-0.001538
-0.025751
-0.001538
-0.013647
0.010571
0.022675
0.010566
-0.001538
0.010565
0.010563
-0.013639
-0.001538
-0.013641
0.010565
0.022663
-0.013638
-0.013639
0.022663
0.010560
-0.001538
-0.001538
-0.001538
-0.013637
-0.001538
0.010560
-0.025736
0.034757
-0.001538
-0.001538
-0.001538
0.022652
-0.025728
0.022652
0.022646
-0.013629
-0.049917
0.034749
0.010555
0.010553
-0.013629
-0.001538
-0.001538
-0.013631
0.046824
0.034718
-0.037794
0.046800
0.010543
-0.001538
-0.001538
-0.037785
0.022628
-0.013620
-0.037794
0.034718
-0.037794
0.034718
0.022625
-0.013619
0.010543
-0.025701
-0.025707
-0.037803
-0.001538
-0.013629
-0.025725
0.022649
-0.049917
0.022655
-0.025731
0.010559
-0.049935
-0.013641
-0.013642
-0.001538
-0.013644
0.022672
-0.013642
-0.001538
-0.001538
0.010566
-0.013642
0.010566
-0.013642
-0.025751
-0.013647
-0.001538
-0.013648
-0.013650
-0.025766
-0.062133
0.010584
-0.025783
0.022707
-0.013660
-0.025786
-0.001538
-0.001538
-0.001538
0.022710
0.022704
-0.037904
-0.025789
0.034837
-0.013661
-0.013663
0.022710
-0.025786
-0.001538
-0.001538
-0.001538
0.034832
-0.013660
-0.013661
-0.001538
-0.013663
-0.013664
-0.013666
-0.001538
-0.001538
0.022716
-0.025792
0.022716
0.022710
0.010584
0.022701
-0.025778
-0.001538
-0.001538
-0.001538
-0.001538
0.034819
-0.001538
0.022693
0.010575
0.034793
0.022675
-0.013644
-0.049976
-0.013651
0.010575
0.034793
-0.062096
-0.025772
-0.025778
-0.001538
0.010582
END
