y[]
-0.000336
-0.013390
-0.000336
-0.000336
0.025770
-0.013388
-0.000336
0.012716
-0.013388
-0.000336
-0.000336
-0.000336
-0.000336
-0.000336
-0.000336
-0.000336
-0.000336
-0.000336
-0.000336
-0.000336
-0.000336
0.012716
-0.013388
0.012716
-0.013388
-0.000336
-0.000336
0.012716
-0.013388
0.025767
-0.000336
-0.000336
-0.026439
0.025767
0.025760
-0.013383
-0.013385
-0.000336
-0.013387
-0.000336
-0.000336
-0.013388
-0.013390
-0.000336
0.025770
-0.013388
-0.013390
-0.000336
-0.000336
-0.013392
-0.000336
-0.000336
-0.000336
0.012720
-0.013392
0.012720
-0.000336
-0.026449
0.025777
-0.000336
-0.013392
-0.013393
-0.000336
0.012721
0.012720
-0.000336
-0.013392
-0.000336
-0.013393
-0.000336
-0.000336
0.038831
0.012716
-0.000336
0.012714
-0.000336
-0.013387
-0.039498
0.012720
0.025770
-0.000336
-0.026442
0.025770
-0.000336
-0.000336
-0.000336
-0.000336
-0.013388
0.012716
-0.039498
0.025774
0.012716
0.025763
-0.013385
-0.000336
0.012713
-0.013385
-0.013387
-0.000336
0.012714
-0.000336
-0.013387
-0.000336
-0.013388
0.038816
-0.026436
0.012714
0.012713
-0.000336
-0.013385
0.012713
-0.000336
0.012711
-0.000336
-0.013383
0.025757
-0.013382
-0.000336
-0.013383
0.038800
-0.000336
-0.000336
-0.013380
-0.013382
-0.026432
-0.013387
-0.000336
0.012714
0.012713
-0.013385
-0.000336
-0.013387
-0.000336
0.012714
-0.000336
-0.013387
-0.013388
-0.000336
0.012716
-0.026442
0.012718
-0.013390
0.012718
-0.000336
-0.000336
0.012716
-0.000336
0.012714
0.012713
0.012711
-0.000336
-0.000336
-0.000336
-0.000336
-0.000336
-0.013383
0.025757
-0.013382
-0.000336
-0.000336
-0.000336
0.012709
-0.000336
-0.000336
-0.000336
0.012708
0.012706
0.012704
-0.026419
-0.026425
0.012709
-0.000336
-0.000336
-0.000336
-0.000336
-0.013382
-0.000336
-0.000336
-0.000336
-0.000336
-0.000336
-0.000336
-0.013383
-0.000336
0.012711
-0.000336
0.012709
-0.052528
-0.000336
-0.000336
-0.013388
0.012716
0.012714
0.025760
-0.000336
0.012709
-0.000336
-0.013382
-0.000336
-0.039483
-0.013388
0.012716
-0.000336
-0.039498
-0.000336
0.012720
0.012718
0.038816
0.012711
-0.026432
-0.026439
-0.026446
0.077972
0.012709
-0.026429
-0.026436
0.064900
-0.013380
-0.013382
0.051836
-0.000336
0.012703
0.012701
0.025733
0.038754
-0.052460
-0.000336
-0.000336
0.025729
-0.000336
-0.000336
-0.013368
-0.026405
-0.000336
-0.013373
0.012701
-0.000336
0.064823
-0.000336
-0.013365
-0.000336
-0.000336
0.012692
-0.013365
0.025719
-0.013363
0.025716
-0.026388
-0.000336
-0.039427
-0.013370
0.025729
0.012694
-0.000336
-0.013366
-0.000336
0.051774
-0.000336
-0.013361
-0.013363
0.012691
-0.000336
-0.013363
0.012691
-0.039421
-0.013368
-0.013370
0.012697
0.051781
-0.013363
-0.039427
0.012696
-0.026402
-0.065529
-0.026425
-0.052535
0.025767
0.025760
-0.013383
-0.000336
-0.000336
-0.000336
0.012711
0.012709
-0.000336
0.012708
-0.000336
-0.000336
-0.013380
-0.013382
-0.026432
0.025760
-0.013383
-0.000336
-0.000336
-0.000336
-0.000336
-0.013385
-0.026439
0.064908
-0.026429
0.038800
0.012706
0.012704
-0.013376
-0.000336
0.025743
0.038770
0.025726
-0.000336
-0.000336
0.025719
-0.013363
0.012691
0.012689
-0.039416
-0.013366
0.012694
0.038744
-0.000336
0.012687
0.025706
-0.026378
-0.013359
-0.039416
-0.039432
0.025729
-0.013368
0.025726
-0.000336
0.012692
-0.013365
-0.013366
-0.013368
-0.026405
0.038765
-0.000336
0.025723
0.051761
-0.039406
0.012689
0.077779
-0.039386
0.025699
0.012679
0.051707
-0.065394
-0.026371
-0.026378
0.012686
-0.000336
0.012684
-0.000336
0.012682
-0.013354
-0.013356
-0.000336
-0.013358
-0.000336
-0.013359
-0.013361
-0.013363
-0.000336
-0.000336
0.012691
-0.000336
-0.000336
0.012689
-0.026388
-0.000336
0.155873
-0.026354
-0.026361
-0.026368
0.025695
-0.000336
0.038698
-0.013346
-0.000336
-0.000336
-0.000336
-0.013348
-0.000336
-0.000336
0.012675
-0.013348
-0.000336
-0.013349
-0.000336
-0.000336
-0.000336
-0.000336
0.012677
-0.013349
0.012677
-0.026364
-0.000336
0.012679
-0.000336
-0.026368
-0.000336
-0.000336
-0.013354
-0.000336
-0.013356
0.012684
-0.000336
-0.013356
-0.000336
-0.000336
0.012684
-0.000336
0.025699
0.025692
-0.013349
-0.000336
0.012677
-0.013349
-0.000336
0.012677
-0.013349
-0.000336
0.012677
-0.000336
-0.000336
0.012675
-0.013348
-0.000336
-0.013349
-0.000336
0.012677
0.012675
0.012674
0.012672
-0.000336
0.012670
-0.013343
0.012670
-0.000336
-0.000336
0.012669
-0.013341
0.012669
0.012667
-0.026344
-0.000336
0.012669
-0.000336
-0.000336
-0.013341
0.012669
-0.000336
-0.013341
-0.000336
-0.000336
0.012669
-0.000336
-0.000336
0.012667
-0.000336
-0.000336
-0.013339
0.012667
-0.000336
-0.000336
0.012665
-0.000336
-0.000336
0.012664
-0.000336
0.012662
-0.000336
-0.000336
-0.000336
-0.000336
-0.000336
-0.000336
0.012660
0.012659
-0.000336
-0.000336
-0.000336
-0.000336
-0.013331
-0.013332
-0.000336
-0.013334
-0.000336
-0.000336
-0.000336
-0.000336
-0.013336
0.012664
-0.013336
0.012664
-0.013336
0.012664
-0.000336
-0.000336
-0.000336
0.012662
-0.000336
-0.013334
-0.000336
-0.000336
0.012662
-0.013334
-0.000336
-0.000336
0.012662
-0.013334
-0.000336
-0.013336
0.012664
-0.000336
-0.013336
0.012664
-0.013336
-0.000336
0.012664
-0.013336
0.012664
-0.013336
-0.013337
0.012665
-0.000336
-0.000336
-0.000336
0.012664
-0.000336
-0.013336
-0.013337
0.012665
-0.000336
-0.000336
-0.000336
-0.013337
0.025665
-0.000336
-0.026337
-0.013339
0.012667
-0.000336
-0.000336
-0.000336
0.038663
-0.013334
-0.013336
0.012664
-0.013336
-0.000336
0.012664
-0.000336
-0.013336
-0.013337
-0.000336
0.012665
-0.013337
0.012665
-0.000336
0.012664
-0.013336
-0.026341
-0.000336
-0.013341
-0.013343
-0.000336
-0.000336
0.012670
0.012669
-0.013341
-0.026351
0.025678
-0.000336
-0.000336
-0.026351
0.025678
-0.013343
0.012670
0.012669
-0.000336
0.012667
0.025665
-0.026337
-0.026344
0.012669
0.012667
0.012665
-0.013337
-0.013339
-0.013341
-0.013343
0.012670
-0.013343
0.025675
-0.000336
0.012667
-0.000336
-0.013339
0.012667
-0.013339
-0.013341
-0.000336
0.012669
-0.000336
-0.000336
-0.000336
-0.000336
0.012667
-0.013339
-0.013341
0.012669
-0.013341
0.012669
-0.013341
-0.000336
0.012669
0.025668
-0.026341
-0.000336
-0.000336
-0.013341
0.012669
-0.000336
-0.000336
0.025668
0.012664
-0.000336
0.012662
0.012660
-0.000336
0.012659
0.012657
-0.013329
-0.013331
-0.013332
-0.000336
-0.013334
-0.000336
-0.026337
-0.000336
-0.000336
-0.000336
-0.013339
-0.000336
-0.000336
0.012667
-0.000336
-0.013339
0.012667
-0.000336
-0.026344
-0.000336
-0.013343
-0.000336
0.012670
-0.013343
-0.000336
-0.000336
-0.000336
0.012670
-0.013343
0.025675
0.012667
-0.013339
-0.013341
0.012669
-0.013341
0.012669
-0.000336
-0.000336
0.012667
-0.026344
0.025672
-0.000336
0.025665
-0.026337
-0.000336
-0.026344
-0.000336
0.025672
-0.013339
-0.000336
0.012667
-0.000336
-0.026344
0.012669
0.012667
-0.000336
-0.013339
0.012667
0.012665
-0.026341
0.025668
0.012664
0.012662
-0.000336
-0.000336
-0.000336
-0.026334
-0.039345
-0.039360
0.051693
-0.052365
-0.013348
-0.065419
-0.039406
0.064772
-0.013354
-0.039401
-0.065478
-0.065521
-0.091666
0.012716
0.025763
0.038800
0.025746
-0.026419
-0.039472
0.051842
0.025743
-0.039457
0.051822
-0.000336
-0.039452
-0.000336
-0.013378
-0.052521
0.038805
-0.039478
0.077932
-0.000336
0.051808
0.077830
0.038724
-0.013354
-0.013356
END
