y[]
-0.035853
-0.024006
-0.059605
0.011577
-0.012155
0.035304
0.023433
-0.059605
-0.000289
0.011577
0.070877
-0.000289
-0.000289
0.011567
0.011565
-0.047716
0.023427
-0.000289
-0.000289
-0.059591
-0.000289
0.011574
0.035292
0.011568
-0.024006
0.011570
0.011568
-0.024006
-0.024011
-0.047750
-0.000289
-0.000289
-0.000289
0.011578
-0.012156
0.011578
0.011577
-0.035891
-0.047778
0.011585
-0.000289
-0.000289
-0.012164
-0.012165
-0.000289
-0.000289
0.023461
-0.012164
0.011585
0.011584
-0.012162
-0.000289
0.011584
0.011582
0.011581
-0.000289
-0.012159
0.011581
-0.000289
0.011580
0.011578
-0.012156
0.011578
-0.000289
-0.024025
0.011580
-0.012158
-0.000289
0.011580
-0.012158
0.035313
-0.012155
0.023441
0.047155
-0.000289
-0.035870
-0.024017
0.023438
-0.000289
-0.012152
-0.000289
0.035296
0.011570
-0.035870
-0.035883
0.011577
0.011575
-0.000289
0.011574
-0.012152
0.011574
-0.000289
-0.000289
0.023433
-0.012149
-0.000289
-0.000289
0.011571
-0.000289
-0.000289
-0.012149
-0.000289
0.011571
-0.035874
-0.000289
-0.000289
-0.000289
-0.000289
-0.012154
0.011575
-0.000289
0.011574
-0.000289
-0.012152
-0.000289
0.011574
-0.012152
-0.000289
0.011574
0.011573
-0.000289
-0.000289
-0.000289
-0.012151
0.011573
-0.000289
-0.000289
-0.000289
-0.000289
0.011571
0.011570
-0.012148
0.011570
-0.000289
-0.000289
-0.024008
-0.012151
0.011573
-0.000289
0.023430
-0.000289
-0.000289
-0.000289
-0.000289
-0.012148
0.023427
0.011567
0.023419
-0.000289
-0.023997
-0.012145
-0.024006
-0.000289
-0.012149
0.011571
-0.012149
-0.000289
-0.000289
0.011571
-0.012149
0.011571
-0.024011
-0.012152
-0.000289
-0.000289
-0.000289
-0.000289
0.023436
-0.035878
-0.000289
-0.000289
-0.000289
-0.012155
-0.000289
-0.000289
-0.000289
-0.012156
-0.000289
-0.000289
-0.024028
-0.012161
-0.024036
-0.035921
-0.000289
-0.000289
0.023467
-0.012166
-0.000289
-0.035929
-0.024056
-0.000289
-0.000289
-0.000289
-0.000289
-0.000289
-0.000289
-0.012175
0.023481
0.011594
0.023472
0.023467
-0.000289
-0.012166
0.011588
-0.012166
0.011588
0.011587
0.059069
0.035309
-0.035887
-0.035900
0.035321
-0.000289
-0.012158
0.011580
0.035309
0.011574
-0.012152
-0.035887
0.011578
0.047166
0.035287
-0.035866
-0.024014
-0.047756
-0.012159
-0.024034
-0.000289
-0.000289
0.047194
0.011578
0.011577
0.035300
-0.024014
-0.000289
-0.000289
0.011574
0.011573
-0.000289
0.011571
-0.071472
0.035309
0.011574
0.011573
0.047144
0.070818
-0.000289
-0.000289
0.011557
0.011556
-0.000289
-0.000289
0.023396
-0.012131
0.035233
0.023385
-0.012126
0.011547
0.023379
-0.023958
-0.000289
0.011546
-0.000289
-0.035798
-0.012128
0.011550
-0.000289
-0.012128
-0.012130
-0.012131
-0.000289
-0.000289
-0.023977
-0.035832
-0.000289
-0.012140
-0.000289
-0.023994
0.011564
0.011563
-0.012141
-0.023997
-0.000289
-0.024003
-0.000289
0.011568
-0.047728
-0.059619
0.094621
-0.047733
-0.035887
0.011578
0.070885
-0.024008
0.011571
0.023427
-0.000289
-0.012147
-0.012148
-0.000289
-0.000289
0.023427
0.047127
-0.000289
-0.023994
0.011564
0.023413
-0.012140
-0.000289
-0.012141
-0.000289
0.011563
-0.000289
-0.012141
-0.000289
-0.000289
-0.000289
-0.023997
-0.012145
0.011567
-0.047722
0.035287
0.035275
-0.012142
-0.000289
0.035266
-0.035845
-0.012144
-0.000289
-0.012145
0.035275
0.011563
-0.000289
-0.000289
0.011561
-0.012140
-0.012141
-0.023997
-0.047722
0.058998
0.011564
0.047110
0.035245
-0.012133
-0.012134
0.011556
0.011554
-0.023977
-0.000289
0.023399
0.011553
-0.059513
0.047093
-0.023977
0.011556
0.082585
-0.023961
-0.023966
0.011550
-0.059499
-0.071388
-0.000289
-0.083301
-0.024020
0.059026
0.011570
-0.012148
0.070843
0.035258
-0.023986
-0.142587
0.059026
0.011570
0.023424
0.023419
-0.000289
-0.012142
0.035266
0.023408
-0.012137
-0.000289
-0.012138
0.011560
-0.035841
0.035262
-0.035841
0.047110
-0.000289
-0.059541
0.035266
-0.000289
-0.000289
0.023408
0.023402
0.011554
-0.012133
-0.000289
0.023396
0.011551
-0.023972
0.035233
-0.023969
0.023391
0.035220
-0.023961
0.011547
-0.035803
-0.012130
-0.035819
-0.000289
0.023399
0.023393
-0.000289
0.011550
0.035220
-0.012124
0.035212
-0.035790
0.011546
0.047037
-0.000289
0.023365
-0.012116
0.023363
-0.035769
-0.000289
-0.047615
-0.000289
-0.023961
-0.012127
0.023385
-0.023963
0.023385
-0.000289
-0.023963
-0.000289
0.011549
0.011547
0.023379
0.023374
-0.012120
0.023371
-0.023949
-0.000289
-0.000289
-0.023955
-0.023961
0.011547
0.035212
0.023371
-0.059450
0.011546
0.023377
-0.012121
-0.000289
-0.023958
-0.012126
-0.000289
0.023382
-0.012124
-0.023963
-0.000289
0.023385
-0.012126
0.047048
-0.023955
-0.023961
0.023382
-0.047638
0.047059
0.011544
-0.071312
-0.059513
0.011558
-0.023986
0.047099
-0.071379
0.011563
0.035258
0.011557
0.011556
-0.012134
-0.023983
0.047093
-0.035824
-0.000289
0.011557
-0.012135
0.070767
-0.035811
0.023393
-0.000289
-0.000289
-0.023972
0.023393
-0.012130
0.011551
0.011550
-0.023969
-0.000289
0.011551
0.011550
-0.000289
-0.000289
-0.012128
0.011550
0.011549
-0.000289
-0.012127
0.023385
0.011546
-0.012124
-0.000289
-0.000289
0.011546
-0.000289
0.011544
-0.000289
-0.023958
-0.023963
0.035220
0.011544
-0.012123
-0.000289
-0.012124
-0.000289
-0.012126
-0.012127
-0.000289
-0.012128
-0.000289
-0.000289
-0.000289
-0.000289
-0.000289
-0.000289
0.023388
-0.000289
0.011547
0.011546
0.011544
-0.000289
-0.000289
-0.000289
-0.000289
0.011543
0.011542
-0.035786
0.011544
0.011543
-0.012121
-0.012123
0.011544
-0.000289
-0.012123
-0.012124
-0.000289
-0.012126
-0.000289
0.011547
-0.012126
0.011547
-0.012126
-0.000289
-0.000289
-0.000289
-0.012127
-0.000289
-0.000289
0.011549
-0.000289
-0.035807
0.035228
-0.000289
0.011547
-0.000289
-0.012126
-0.012127
-0.012128
0.011550
-0.000289
0.011549
0.011547
-0.000289
-0.000289
-0.023963
-0.012128
0.023388
-0.023966
0.023388
-0.000289
-0.000289
0.011547
-0.012126
0.011547
-0.000289
-0.012126
0.011547
-0.012126
0.011547
-0.000289
-0.012126
0.011547
-0.000289
-0.000289
-0.000289
0.011546
-0.012124
-0.000289
-0.000289
-0.000289
0.011546
-0.012124
-0.012126
0.023382
-0.000289
-0.000289
-0.012124
-0.000289
0.011546
-0.000289
-0.000289
-0.000289
-0.012124
0.011546
-0.012124
0.011546
-0.012124
-0.000289
-0.012126
-0.000289
0.011547
-0.000289
-0.000289
-0.012126
-0.000289
-0.000289
0.011547
-0.000289
-0.012126
-0.000289
-0.000289
-0.012127
0.011549
-0.000289
0.011547
-0.000289
-0.000289
-0.000289
-0.000289
-0.000289
-0.000289
-0.000289
0.011546
-0.000289
-0.000289
-0.000289
-0.000289
-0.000289
-0.000289
-0.012124
0.011546
-0.012124
0.011546
-0.012124
0.011546
-0.012124
-0.000289
0.035212
-0.012121
-0.000289
-0.012123
-0.000289
-0.012124
-0.000289
-0.012126
0.011547
-0.000289
-0.012126
-0.000289
-0.012127
-0.000289
-0.000289
-0.000289
0.011549
0.011547
-0.000289
-0.000289
0.011546
-0.000289
0.035207
0.035195
-0.071270
-0.012124
-0.000289
0.023379
0.011543
0.011542
-0.012120
0.011542
-0.012120
0.023371
-0.059450
0.011546
0.023377
0.023371
-0.000289
0.023365
-0.023944
0.035191
-0.012114
0.035182
-0.012112
0.046992
0.011528
-0.023924
-0.047576
-0.130444
-0.000289
0.011550
-0.035811
0.011553
-0.106918
0.058963
0.035245
-0.000289
-0.000289
-0.047671
0.047093
-0.023977
-0.023983
-0.000289
0.011558
0.035245
0.070742
0.023377
0.035199
END
