y[]
-0.015635
-0.015637
-0.015640
-0.000668
-0.015642
-0.000668
0.014305
-0.015642
-0.015644
-0.015646
-0.000668
0.029285
0.014305
-0.000668
-0.000668
-0.000668
0.014303
-0.000668
-0.015640
0.014303
-0.015640
-0.000668
0.029272
-0.000668
-0.000668
0.029263
-0.000668
-0.015633
-0.000668
0.014296
-0.015633
-0.000668
-0.000668
-0.030604
-0.000668
-0.000668
-0.000668
-0.000668
0.014300
-0.000668
-0.000668
-0.000668
0.014298
0.014296
-0.000668
-0.000668
-0.015633
0.014296
-0.000668
-0.000668
-0.000668
0.014294
-0.000668
-0.000668
0.014292
0.029245
0.044185
-0.015617
0.014280
-0.030568
-0.015622
0.014285
-0.000668
-0.000668
-0.000668
0.029231
0.014278
-0.045515
-0.030577
-0.015626
-0.015628
0.014292
-0.000668
-0.015628
0.014292
0.014289
-0.015626
0.014289
-0.015626
-0.000668
0.044198
-0.015622
0.014285
-0.000668
0.029231
-0.000668
-0.000668
-0.030568
-0.000668
-0.000668
-0.015622
0.044185
-0.030568
0.029231
0.029222
0.029214
-0.015608
-0.000668
-0.015611
0.029214
0.014269
0.029200
0.163449
-0.030488
0.029151
-0.015577
-0.030492
-0.000668
-0.000668
-0.000668
-0.000668
-0.000668
0.044064
-0.000668
-0.015577
0.014240
0.029142
-0.000668
0.014234
-0.000668
-0.000668
-0.030475
-0.030484
0.014240
0.014238
-0.045395
0.029151
-0.015577
-0.015579
-0.015582
0.029156
-0.015579
-0.000668
-0.000668
-0.000668
-0.015582
-0.015584
-0.000668
0.014247
0.014245
0.014242
-0.015579
0.014242
-0.015579
0.014242
-0.000668
0.044051
-0.030479
-0.000668
0.014238
0.014236
-0.000668
-0.015573
0.014236
-0.015573
-0.000668
0.014236
-0.000668
-0.015573
-0.000668
0.014236
-0.000668
-0.000668
-0.000668
0.014234
-0.000668
0.029129
-0.000668
-0.030466
-0.015570
-0.000668
-0.000668
-0.015573
0.014236
0.014234
-0.000668
0.029129
-0.000668
0.029120
-0.030457
0.044011
-0.015559
0.043998
-0.000668
0.043978
-0.015548
0.014211
0.014209
-0.000668
-0.015546
-0.015548
-0.000668
-0.000668
-0.030435
0.014216
-0.000668
0.014214
0.014211
-0.000668
0.014209
-0.000668
-0.015546
-0.030430
-0.030439
0.029102
0.014214
-0.000668
-0.015551
0.029093
-0.000668
-0.015548
-0.045321
-0.015557
-0.015559
0.029111
0.014218
0.014216
-0.000668
-0.015553
-0.015555
0.014218
0.014216
0.014214
-0.000668
-0.000668
-0.015551
-0.015553
-0.119822
-0.015573
0.073831
-0.030461
0.058909
-0.000668
0.073753
0.029085
-0.075068
0.058855
-0.045308
0.043971
0.014207
-0.015544
-0.060192
0.014216
0.043971
0.014207
0.043945
-0.000668
0.014198
-0.000668
-0.015535
0.029062
0.029054
-0.060121
0.029062
-0.000668
0.014194
-0.000668
-0.030395
-0.015535
-0.000668
0.029062
-0.030399
-0.015537
-0.000668
-0.000668
-0.000668
-0.000668
-0.015539
-0.030417
-0.000668
-0.045308
-0.030439
-0.045341
-0.045361
0.014231
0.029124
0.014225
-0.015562
0.029116
-0.015559
0.029111
0.029102
-0.000668
-0.015553
-0.015555
0.029102
0.014214
-0.045321
-0.000668
0.014218
0.014216
0.029093
-0.045315
-0.000668
0.014216
-0.045328
0.029107
0.014216
0.029093
0.029085
-0.030422
0.014209
-0.030426
-0.000668
-0.045321
0.014218
0.088604
0.029071
-0.015537
0.014200
-0.030408
0.014203
-0.030413
-0.000668
0.014205
0.014203
-0.015539
0.014203
-0.015539
0.014203
-0.000668
-0.000668
-0.015539
-0.000668
-0.030417
0.043951
-0.015539
-0.045295
0.043958
-0.000668
-0.015542
0.029076
-0.075046
-0.015551
-0.000668
0.043971
-0.015546
0.014209
-0.000668
-0.000668
0.029080
-0.030417
0.043951
0.029067
-0.000668
-0.045275
0.029071
-0.045281
0.014205
0.043938
0.014196
0.029054
-0.015528
-0.000668
0.014191
-0.015528
-0.015531
-0.000668
-0.030399
0.043925
-0.030395
-0.015535
-0.015537
0.118220
-0.045235
-0.000668
-0.015528
-0.015531
-0.015533
0.043918
-0.000668
0.014189
0.014187
-0.000668
-0.015524
-0.015526
-0.015528
0.014191
-0.000668
-0.000668
-0.015528
0.014191
0.014189
-0.000668
-0.000668
-0.015526
0.014189
-0.045248
0.014194
-0.015531
-0.000668
0.029054
-0.015528
-0.000668
-0.000668
0.014191
-0.000668
-0.030391
-0.000668
-0.015533
-0.000668
-0.000668
0.043918
-0.015528
-0.000668
-0.015531
-0.000668
-0.015533
0.014196
-0.015533
-0.015535
0.014198
-0.000668
-0.015535
-0.000668
-0.000668
-0.000668
0.014198
0.014196
-0.015533
-0.000668
0.014196
-0.015533
-0.030404
0.014200
-0.015537
-0.000668
0.014200
-0.000668
-0.015537
-0.015539
-0.015542
0.029076
-0.015539
-0.015542
-0.000668
-0.000668
0.014205
-0.000668
-0.015542
-0.000668
-0.000668
-0.000668
0.014205
-0.000668
-0.000668
-0.015542
-0.030422
0.014209
0.014207
-0.000668
-0.000668
-0.000668
-0.030422
-0.015548
0.029089
0.177691
-0.045228
-0.030386
-0.000668
-0.030395
0.014196
0.014194
-0.000668
-0.000668
0.014191
-0.045255
-0.000668
0.014196
-0.030399
-0.000668
0.014198
-0.000668
0.029058
-0.015531
-0.030399
-0.015537
-0.015539
-0.015542
0.029076
-0.000668
0.014200
-0.000668
-0.000668
-0.000668
-0.000668
0.043925
0.014191
0.014189
-0.030386
-0.015531
-0.030399
-0.015537
-0.000668
-0.030413
0.014205
-0.015542
-0.015544
-0.000668
-0.000668
0.014207
-0.015544
-0.000668
-0.000668
-0.015546
0.029085
0.014205
-0.000668
0.014203
-0.015539
-0.000668
-0.015542
-0.000668
-0.000668
0.014205
0.014203
0.014200
-0.000668
-0.000668
-0.000668
-0.000668
-0.000668
-0.000668
-0.000668
-0.015537
-0.000668
-0.000668
-0.030413
0.014205
-0.015542
0.014205
-0.015542
-0.000668
-0.000668
-0.000668
-0.000668
-0.000668
0.014205
-0.015542
-0.000668
-0.000668
-0.000668
-0.000668
0.029076
-0.015539
0.014203
-0.015539
-0.000668
-0.015542
-0.000668
0.014205
-0.015542
0.014205
-0.000668
0.029071
-0.015537
0.014200
0.014198
-0.000668
-0.030404
-0.000668
-0.000668
-0.000668
-0.000668
-0.030413
-0.030422
-0.000668
0.014209
-0.000668
-0.015546
0.014209
-0.030426
-0.000668
-0.000668
-0.000668
0.014211
-0.000668
0.014209
0.014207
-0.015544
-0.015546
0.014209
-0.000668
-0.015546
0.014209
-0.030426
-0.000668
-0.000668
0.088577
-0.000668
-0.030408
-0.015542
0.014205
-0.000668
-0.000668
-0.000668
-0.030417
0.014207
-0.000668
-0.015544
-0.000668
0.029080
-0.015542
0.014205
0.029071
-0.000668
0.043925
-0.015531
-0.000668
-0.030399
0.014198
0.014196
-0.000668
-0.000668
-0.030399
0.014198
0.014196
0.029054
-0.000668
0.058749
-0.000668
-0.030373
-0.015524
-0.030386
0.029049
-0.000668
-0.000668
0.029040
-0.045235
-0.015528
-0.015531
-0.000668
0.014194
-0.000668
-0.030395
-0.000668
-0.015535
0.029062
-0.000668
-0.015533
-0.000668
-0.060148
0.014205
-0.015542
0.043945
-0.015537
-0.015539
-0.000668
0.029071
0.014198
-0.015535
-0.030408
0.058802
0.029054
-0.015528
0.029049
-0.030386
-0.015531
-0.015533
0.029058
-0.000668
-0.015531
0.014194
0.029049
-0.030386
-0.000668
-0.000668
0.029049
-0.000668
-0.015526
-0.000668
-0.000668
-0.045255
0.014196
0.029054
-0.015528
-0.045262
0.014198
0.014196
-0.015533
0.014196
-0.060139
-0.015542
-0.030422
-0.000668
0.014209
0.014207
-0.000668
0.014205
-0.030417
0.029080
-0.015542
0.029076
-0.000668
0.014200
-0.030408
-0.030417
-0.000668
-0.000668
-0.000668
-0.000668
0.029080
-0.015542
-0.000668
0.029076
-0.000668
-0.000668
-0.000668
-0.000668
-0.015539
-0.000668
-0.015542
-0.015544
-0.000668
-0.015546
-0.030430
-0.000668
0.043971
0.043951
-0.030413
0.073675
0.029054
-0.045255
0.043918
-0.045255
-0.000668
-0.060148
-0.104843
0.029107
0.073731
0.029076
-0.030413
-0.060183
0.029093
-0.060201
-0.000668
-0.030448
END
