y[]
-0.028089
-0.001856
0.011262
-0.014973
0.024377
0.011258
-0.014970
-0.028089
0.011262
-0.028092
-0.014976
-0.014978
0.011267
-0.001856
0.011265
-0.001856
-0.001856
-0.001856
-0.014976
0.024384
-0.001856
-0.028096
0.011265
-0.014976
-0.014978
-0.014980
-0.014982
0.024394
-0.001856
-0.041234
0.024398
-0.001856
-0.014982
-0.001856
-0.001856
-0.028113
-0.225319
-0.015016
-0.028182
-0.041358
-0.054550
0.077175
0.011310
-0.054529
-0.015028
-0.054564
0.011324
-0.001856
-0.001856
-0.041400
-0.015040
-0.081001
0.024533
-0.067841
-0.081095
-0.015068
0.130192
-0.041452
-0.041468
0.064155
-0.094283
0.064173
-0.015058
-0.015060
-0.028269
0.037761
0.011346
0.050936
-0.015051
0.024533
0.037714
0.037699
-0.067788
-0.041436
0.024533
0.011336
-0.015047
-0.015049
0.011338
0.011336
0.050894
-0.015040
-0.001856
-0.041420
-0.028241
0.011338
0.011336
0.037709
-0.028230
-0.001856
-0.015046
0.011334
-0.028237
0.024526
-0.028237
-0.015049
0.011338
-0.001856
-0.001856
0.024526
-0.028237
-0.001856
-0.001856
-0.015049
0.011338
0.011336
-0.001856
-0.001856
-0.054633
-0.001856
0.064112
0.011333
0.011331
-0.028230
0.011333
-0.001856
0.037699
0.024505
-0.015035
-0.001856
-0.015037
0.024505
-0.041400
-0.015040
-0.067806
-0.015051
0.024533
-0.028244
-0.001856
0.011340
-0.028248
-0.015054
0.024540
-0.001856
0.011340
0.011338
-0.001856
-0.015049
0.024530
-0.015047
-0.028244
0.050915
-0.041431
-0.028248
-0.028255
-0.028262
-0.001856
-0.015061
0.024554
-0.001856
0.024547
0.011343
-0.001856
0.024536
-0.001856
0.011338
0.024526
-0.054626
-0.001856
0.037725
-0.001856
-0.067832
-0.001856
-0.028258
-0.001856
-0.015060
-0.107550
-0.028297
0.051019
0.011359
-0.001856
0.011357
-0.081158
0.024585
-0.015075
0.037798
-0.001856
-0.001856
-0.001856
0.011359
0.024568
0.011353
0.064164
-0.001856
0.103685
-0.028230
0.024519
0.050873
0.024498
0.037662
-0.041374
0.011319
0.037657
-0.015025
-0.001856
-0.041374
-0.041389
-0.015037
0.037683
-0.041394
0.011326
0.024502
0.024495
-0.015030
-0.015032
-0.015034
0.037673
0.011317
-0.028203
0.011319
-0.028206
-0.001856
0.011320
0.024491
-0.015028
-0.041384
0.011322
0.011320
0.037662
-0.001856
0.037647
-0.001856
-0.028189
0.037641
0.050783
0.037605
-0.015008
-0.015009
-0.015011
-0.028171
-0.001856
0.024460
0.090195
-0.015001
-0.001856
0.024432
-0.014999
-0.041296
-0.001856
0.011293
0.024436
-0.015001
-0.028151
0.077009
0.195034
0.076792
0.037445
-0.001856
-0.028054
-0.014958
0.037445
-0.054260
0.011248
0.037445
0.024336
0.024329
-0.054232
-0.014954
-0.054267
0.037455
0.024343
0.089785
0.011229
-0.054205
0.011234
-0.001856
-0.028037
-0.001856
-0.001856
0.063585
0.011227
-0.014939
0.011227
0.050459
0.037363
-0.041074
0.024292
-0.001856
-0.106486
-0.028030
0.024319
-0.028030
-0.014946
0.024322
-0.028034
0.011234
-0.067322
-0.028054
0.050535
0.024329
-0.041136
-0.028051
0.024339
-0.001856
-0.041151
-0.028061
-0.146109
0.037507
-0.028096
0.181679
-0.001856
0.063611
-0.145939
-0.041187
0.181558
-0.119726
-0.001856
0.011248
-0.041172
0.011251
-0.080524
0.050596
-0.093665
0.011265
-0.028099
0.037507
0.103035
0.116015
0.011232
0.063559
-0.041100
0.076617
-0.080328
0.024309
-0.054191
-0.001856
0.115861
-0.001856
0.089606
-0.041043
-0.041059
0.011214
-0.014925
0.050411
-0.001856
0.011207
0.011205
-0.014917
0.024264
-0.041038
-0.014920
-0.027989
-0.001856
-0.014925
0.076535
-0.001856
-0.001856
-0.027979
-0.054123
0.011214
0.050405
-0.054116
-0.001856
0.011212
-0.027993
-0.054150
-0.014934
0.011222
0.011220
-0.014932
0.024295
-0.001856
-0.028006
0.037368
-0.014928
-0.001856
-0.001856
-0.001856
0.011217
0.011215
0.037347
0.050391
0.115599
0.063338
0.037240
0.089308
0.102230
-0.027867
-0.066913
0.024172
0.024166
0.050167
0.011146
-0.001856
-0.001856
-0.014857
-0.027864
0.011149
0.011147
0.024145
-0.001856
-0.014855
-0.053871
-0.001856
-0.027874
0.011154
0.037164
0.037148
0.037133
-0.027847
-0.014854
0.011142
0.024135
-0.014850
-0.027850
-0.001856
0.024139
-0.027850
-0.053865
-0.027870
0.024159
-0.014862
-0.014864
-0.001856
0.024159
-0.001856
0.011149
0.037148
0.037133
0.076076
0.011127
-0.027823
0.011129
0.011127
0.011125
0.050052
-0.040784
0.024098
0.024091
0.011115
-0.040774
-0.040789
-0.040804
-0.040819
-0.040834
-0.001856
-0.014852
0.024135
-0.001856
-0.001856
-0.014850
-0.001856
-0.001856
-0.001856
-0.001856
-0.014852
-0.001856
0.011141
-0.014852
-0.001856
0.011141
-0.001856
-0.014852
-0.014854
0.141029
0.101933
-0.027793
0.075935
-0.027779
-0.014820
-0.001856
0.011109
-0.001856
-0.014820
-0.001856
-0.027789
-0.014825
-0.040774
-0.001856
-0.001856
-0.001856
-0.001856
-0.001856
0.011119
-0.014830
-0.001856
-0.001856
-0.001856
0.011119
-0.001856
-0.014830
-0.001856
0.037062
-0.040774
0.037062
0.011114
-0.014825
-0.001856
-0.001856
-0.014827
-0.001856
0.011115
-0.001856
-0.014827
-0.001856
0.024085
-0.014825
-0.040774
-0.001856
-0.014832
-0.001856
-0.001856
0.011120
-0.014832
-0.001856
-0.001856
0.011120
-0.001856
-0.014832
-0.001856
0.011120
-0.014832
-0.001856
0.011120
-0.001856
-0.001856
0.011119
-0.001856
-0.001856
-0.014830
-0.027810
0.011122
-0.040794
-0.027823
-0.014842
-0.001856
-0.014844
-0.027836
0.011136
0.011134
0.011132
-0.001856
0.037098
-0.014839
0.011127
0.011125
0.011124
-0.014835
0.024101
0.011120
-0.001856
0.011119
-0.014830
-0.001856
0.011119
-0.001856
0.011117
-0.001856
-0.001856
0.011115
-0.014827
0.011115
-0.001856
-0.001856
0.011114
-0.001856
-0.001856
-0.001856
-0.001856
-0.001856
0.011112
-0.001856
-0.014823
0.011112
-0.014823
-0.027796
0.011115
-0.001856
0.011114
-0.001856
-0.001856
-0.014825
-0.014827
-0.001856
-0.001856
-0.014828
0.011117
-0.027803
-0.001856
-0.001856
-0.001856
-0.001856
-0.001856
-0.001856
0.011119
-0.001856
0.024088
-0.001856
-0.014827
-0.001856
-0.001856
-0.001856
0.011115
-0.014827
-0.001856
-0.001856
0.037052
-0.001856
-0.001856
-0.014823
-0.014825
-0.001856
0.011114
-0.014825
0.011114
0.011112
-0.014823
-0.027796
-0.001856
-0.001856
-0.001856
0.024085
-0.001856
-0.014825
-0.014827
0.011115
-0.001856
-0.001856
0.011114
-0.001856
-0.001856
0.011112
-0.001856
-0.001856
-0.001856
-0.001856
-0.001856
-0.014823
-0.014825
-0.001856
0.011114
-0.001856
-0.014825
-0.014827
0.011115
-0.001856
0.011114
-0.001856
-0.014825
-0.001856
0.024081
-0.014823
0.011112
-0.027793
-0.001856
0.024081
-0.053736
0.011117
-0.027803
-0.001856
0.050032
-0.040769
-0.001856
-0.014830
-0.014832
0.011120
0.037062
0.024081
-0.040764
0.024085
0.011112
-0.014823
0.037042
0.037027
-0.001856
-0.001856
0.037012
0.036997
-0.001856
-0.053662
-0.014812
0.037007
-0.014808
-0.014810
-0.027769
0.024058
-0.027769
-0.001856
0.024058
-0.027769
-0.001856
0.011102
0.011100
-0.001856
-0.001856
0.011099
0.011097
-0.001856
0.011095
0.011093
-0.014805
-0.001856
-0.014807
-0.014808
0.024048
-0.001856
-0.014807
-0.014808
0.011097
0.011095
-0.001856
-0.001856
0.011093
-0.001856
-0.001856
-0.001856
-0.027756
0.024044
-0.027756
-0.001856
0.024044
-0.014805
-0.014807
-0.001856
-0.014808
0.024048
-0.001856
0.011093
-0.001856
-0.014805
0.036987
-0.014802
0.024034
0.011087
-0.001856
-0.014798
0.024028
-0.001856
-0.040683
0.036972
-0.027739
-0.001856
0.036967
-0.027736
0.036962
0.024014
-0.027726
END
