y[]
0.011504
-0.025459
0.011505
-0.000817
-0.000817
-0.000817
0.036140
-0.000817
0.011499
-0.000817
-0.000817
-0.013133
0.011499
0.036122
0.048414
-0.050048
0.048414
0.011487
0.072975
-0.037706
0.011481
0.011480
-0.037710
-0.050029
-0.000817
-0.000817
-0.037742
0.023802
0.023796
-0.000817
-0.013122
-0.025432
0.011492
-0.000817
-0.050060
-0.037765
-0.025456
-0.050114
-0.013145
0.073130
0.011502
-0.000817
0.060756
-0.037756
0.097657
-0.050041
0.085311
-0.000817
0.048366
-0.013110
-0.025408
0.023774
-0.050005
0.011483
-0.025417
0.023784
0.023777
0.023771
0.036054
0.036041
-0.000817
-0.037674
-0.037688
0.048341
0.011469
-0.037679
-0.013107
-0.013109
0.023765
0.011472
-0.074572
-0.000817
-0.013115
-0.000817
0.011481
-0.013115
-0.000817
0.023777
-0.013113
0.023774
0.011477
0.036054
0.011471
-0.025393
-0.013107
0.023762
-0.000817
0.023756
-0.000817
0.023750
0.011465
-0.013098
0.011465
-0.000817
-0.013098
0.023744
-0.013096
0.011463
-0.000817
-0.025378
-0.025384
0.023750
0.023744
-0.013096
0.023741
-0.013095
-0.037660
0.036027
-0.025378
0.011465
-0.013098
-0.013099
0.011466
-0.025384
-0.000817
-0.000817
-0.013102
-0.000817
-0.000817
-0.000817
-0.000817
0.011469
-0.013102
-0.000817
-0.025393
0.023759
0.023753
0.036027
-0.000817
-0.000817
-0.013096
0.011463
0.011461
-0.013095
0.023738
0.023732
-0.013090
-0.037647
-0.025378
-0.013099
0.023747
-0.037665
-0.013102
-0.000817
-0.037683
0.036050
-0.062268
0.072921
-0.037679
0.011472
0.134260
-0.062193
-0.000817
0.085099
0.011451
-0.049896
-0.062200
0.011463
0.023738
0.023732
0.035995
0.011451
-0.000817
0.011449
-0.037620
0.085036
0.035955
-0.049848
-0.025342
-0.000817
-0.037615
-0.013086
-0.000817
0.072776
-0.025342
-0.049884
0.023720
0.035977
-0.025345
-0.025351
0.060507
0.011443
-0.013077
0.060469
0.048185
0.011430
0.023672
-0.025306
-0.025312
0.072650
-0.025300
-0.025306
-0.049812
-0.037579
0.035946
-0.025324
-0.000817
-0.000817
-0.074373
0.060484
-0.037593
-0.037606
0.035973
-0.000817
0.048215
0.011437
0.011436
-0.037579
0.023693
-0.000817
-0.025327
0.035946
0.035932
-0.013065
0.011431
-0.111104
-0.000817
-0.000817
-0.013078
0.011445
-0.025342
0.035968
-0.013077
0.011443
0.023699
-0.000817
-0.074382
0.011448
0.023708
-0.074409
-0.037633
-0.025369
-0.062223
-0.000817
0.048311
-0.025378
0.011465
-0.049951
-0.049975
-0.013110
0.048347
0.023756
0.060589
-0.000817
-0.000817
-0.013095
-0.013096
0.036018
0.011458
0.023729
-0.037638
0.011458
-0.025369
0.011460
0.036004
0.011454
-0.025360
-0.025366
0.011458
-0.013092
0.023732
-0.000817
0.035995
-0.074454
0.060552
-0.025360
-0.037642
-0.013095
0.023738
0.072812
0.048239
0.011443
0.048209
0.048185
-0.049818
0.011436
-0.000817
-0.000817
-0.013069
-0.025327
0.023693
-0.013071
0.011437
0.035937
-0.013066
-0.062087
0.035950
-0.037584
-0.000817
-0.000817
-0.049860
-0.025348
-0.000817
-0.013084
-0.049903
0.036000
0.011452
0.023717
-0.037620
-0.000817
-0.013087
0.023723
0.011451
-0.000817
-0.000817
0.035977
0.023705
-0.025339
-0.098964
0.023729
0.011454
-0.013087
-0.013089
0.023726
-0.062185
-0.049939
0.023747
-0.013098
-0.000817
-0.013099
0.011466
0.011465
0.011463
0.023738
-0.025372
-0.000817
-0.025378
0.011465
0.011463
0.011461
0.011460
-0.000817
0.011458
-0.000817
0.011457
-0.025366
-0.013093
0.011460
-0.013093
-0.000817
0.011460
-0.025372
-0.000817
0.011461
0.011460
-0.000817
0.011458
-0.000817
-0.000817
-0.000817
-0.025369
-0.000817
0.023735
-0.025369
-0.013095
0.011461
-0.000817
-0.025375
-0.000817
-0.000817
0.036018
-0.013093
-0.000817
-0.000817
0.011460
-0.037651
0.011463
-0.000817
-0.025378
0.011465
-0.013098
0.011465
-0.025381
-0.013101
-0.013102
0.011469
-0.013102
-0.013104
-0.037688
0.011475
-0.037697
-0.013113
0.011480
0.011478
-0.000817
-0.013112
-0.013113
-0.025414
-0.050029
0.011489
0.036090
0.011483
-0.013116
0.023780
0.011480
0.011478
-0.025408
0.011480
-0.025411
-0.013116
0.023780
0.011480
-0.000817
-0.000817
-0.000817
-0.000817
-0.000817
0.023771
-0.000817
0.011475
-0.013109
-0.000817
-0.013110
0.023768
0.023762
-0.013106
-0.013107
0.011474
0.011472
-0.000817
-0.025396
0.011474
-0.037692
0.011477
-0.000817
0.011475
-0.013109
-0.013110
0.023768
-0.013109
-0.025405
0.011478
-0.013112
0.011478
0.023768
-0.000817
-0.013109
0.011475
-0.025402
-0.000817
0.023768
0.011474
-0.025399
0.011475
-0.000817
-0.000817
0.011474
-0.013107
-0.000817
-0.013109
-0.000817
-0.000817
-0.025405
-0.000817
-0.013113
0.011480
-0.000817
-0.000817
-0.000817
-0.000817
-0.013113
0.011480
-0.013113
0.036068
-0.000817
0.023765
0.011472
-0.000817
-0.025396
-0.025402
0.011477
-0.000817
-0.025405
-0.013113
0.011480
-0.000817
-0.000817
-0.000817
-0.000817
0.011478
-0.025408
-0.000817
-0.013115
-0.013116
-0.000817
0.023780
-0.000817
-0.000817
-0.000817
-0.013115
0.011481
-0.013115
0.011481
0.011480
-0.013113
-0.013115
-0.000817
0.011481
-0.013115
-0.000817
0.036072
-0.037706
0.023777
-0.025411
-0.000817
-0.013116
0.011483
-0.013116
0.023780
0.011480
-0.013113
-0.000817
-0.000817
-0.013115
-0.000817
-0.013116
0.011483
-0.000817
-0.000817
-0.025417
0.036081
-0.000817
-0.050017
-0.037733
0.036100
0.072975
-0.025408
0.072939
-0.013106
0.011472
-0.049981
-0.025408
-0.013115
0.085237
0.023756
-0.013102
0.036036
0.011465
0.085110
-0.013087
-0.037638
-0.025372
-0.025378
-0.013099
-0.025387
0.134244
-0.013087
0.060522
0.035968
-0.000817
0.011442
-0.062125
0.023711
0.035964
0.048203
-0.000817
0.084910
0.072605
-0.037521
-0.025294
-0.000817
-0.049788
-0.013063
-0.000817
0.023675
0.023669
-0.013059
-0.013060
-0.025309
-0.013065
0.023678
-0.037561
-0.025321
-0.025327
-0.000817
0.011439
-0.000817
0.023690
-0.000817
-0.049836
-0.000817
-0.000817
0.023696
-0.025330
0.011440
-0.049854
-0.025345
-0.000817
0.011448
-0.000817
-0.037615
-0.000817
0.011451
-0.013084
0.011451
0.011449
0.023711
-0.000817
0.023705
-0.013077
-0.000817
0.011443
0.023699
-0.000817
0.011439
-0.025330
-0.000817
-0.000817
-0.013075
-0.013077
0.023702
-0.013075
-0.013077
-0.049872
-0.062170
-0.062208
-0.013099
-0.013101
-0.037679
0.060612
-0.049957
-0.000817
-0.000817
0.060605
-0.025381
-0.000817
0.011466
-0.000817
0.023744
-0.025378
0.011465
0.011463
-0.013096
-0.000817
0.036018
-0.025372
-0.000817
-0.037660
0.023747
0.060567
0.060529
-0.000817
0.023711
0.011445
0.035959
-0.000817
0.035946
-0.037579
0.072695
-0.062072
-0.062110
-0.062148
-0.000817
-0.111307
0.011466
-0.013099
0.048305
-0.025375
0.060567
-0.025366
-0.123652
0.060620
0.060582
-0.000817
-0.013093
-0.111375
0.023762
-0.025396
0.036050
-0.037683
0.023762
0.011471
0.036036
0.011465
-0.000817
0.011463
0.072830
0.048251
0.048227
0.011440
-0.013074
-0.000817
-0.000817
0.011440
0.011439
-0.025330
-0.013075
-0.013077
-0.013078
0.023705
0.048209
-0.062103
-0.037606
0.023711
-0.025345
0.011448
0.060484
-0.049854
-0.037611
-0.000817
0.011449
-0.062163
0.023726
0.023720
0.011449
0.023711
-0.000817
-0.086691
-0.000817
-0.000817
0.035995
-0.013086
0.048251
-0.000817
0.035968
-0.025339
-0.025345
-0.000817
0.023711
-0.013080
0.097247
-0.025324
0.023690
0.060424
0.023669
-0.025303
-0.000817
0.011427
-0.025306
0.011428
-0.013062
-0.049812
0.023684
0.011431
0.023675
0.011427
-0.037552
END
