y[]
-0.013531
0.001139
0.001139
0.015810
0.001139
-0.013531
0.015810
-0.013531
0.015810
-0.013531
0.015810
-0.013531
0.001139
0.015810
0.030473
0.030465
-0.028186
0.015803
0.001139
-0.028191
0.015805
0.001139
0.001139
-0.013527
0.015805
0.001139
-0.028195
0.001139
0.001139
0.001139
0.001139
0.001139
0.001139
0.001139
0.001139
0.001139
0.001139
0.001139
0.015807
-0.013529
0.001139
0.015807
-0.013529
0.001139
0.015807
0.015805
0.001139
-0.013527
0.045131
0.001139
0.015799
0.001139
0.015797
0.001139
0.001139
0.001139
0.001139
0.001139
-0.013518
0.030452
0.001139
-0.013516
0.015795
0.015792
0.001139
0.001139
-0.013514
0.015792
0.001139
0.001139
-0.013514
0.015792
-0.013514
0.001139
-0.013516
0.001139
-0.013518
0.015797
-0.013518
0.015797
0.001139
-0.013518
-0.028182
0.001139
0.030461
0.030452
0.001139
0.001139
0.001139
0.015792
0.001139
0.030439
-0.042814
-0.013516
-0.028178
0.001139
0.001139
-0.072191
0.001139
0.015810
0.001139
-0.028203
0.045150
0.001139
0.015805
0.030465
-0.042852
0.001139
-0.028199
0.015810
0.030473
0.030465
0.001139
0.015799
0.015797
0.059747
0.001139
0.015786
0.015784
0.001139
0.001139
0.001139
0.001139
-0.013505
-0.013507
-0.013510
0.001139
0.001139
0.001139
-0.013512
0.001139
0.001139
-0.042826
0.015797
-0.013518
-0.013520
0.001139
0.001139
0.015799
0.001139
-0.013520
-0.042852
-0.013529
0.015807
0.030469
-0.042859
0.015807
0.015805
0.001139
0.001139
-0.013527
0.015805
0.015803
0.015801
-0.013522
0.015801
0.001139
0.001139
0.001139
0.001139
0.001139
0.015799
-0.013520
0.015799
-0.013520
0.001139
0.001139
0.001139
0.001139
-0.028186
0.001139
0.030465
-0.013522
-0.013525
0.001139
0.015803
-0.028191
-0.013529
0.001139
0.001139
-0.013531
-0.013533
0.015812
-0.028208
-0.057581
-0.042923
0.015829
-0.013550
-0.028247
0.030525
0.015829
-0.028242
-0.013555
0.015833
-0.013555
-0.028255
-0.116525
0.015855
-0.028294
0.030573
0.001139
0.001139
0.001139
0.015853
0.001139
0.015851
0.001139
-0.013572
0.030560
0.001139
0.001139
-0.028281
0.001139
-0.043008
0.015857
0.015855
0.059980
-0.028277
0.030555
-0.042988
-0.013574
-0.028294
-0.013581
-0.013583
0.045299
0.015855
0.015853
0.059971
-0.028272
0.074652
0.001139
-0.072374
0.030551
-0.072406
-0.043014
0.030577
0.001139
-0.043021
-0.043040
-0.028324
0.015872
-0.057806
-0.013602
0.001139
-0.087356
0.074891
0.030625
0.001139
0.030616
-0.072569
-0.028359
0.074869
0.001139
-0.043092
0.001139
0.030629
-0.013605
-0.043105
-0.028368
-0.072667
-0.087500
0.045469
0.015911
-0.057962
-0.043210
0.015925
0.015922
0.030699
0.001139
-0.028420
0.030699
0.030690
0.015911
0.030677
-0.013628
0.045436
0.015901
-0.057919
0.015907
-0.057945
0.089753
-0.072700
0.030681
0.001139
0.074956
0.001139
0.030651
-0.013615
0.030647
-0.028368
0.015894
-0.028372
0.030651
0.001139
-0.028372
0.015896
0.030647
0.001139
-0.028368
0.001139
0.015894
0.030642
0.045377
-0.013605
-0.013607
0.045371
-0.028346
0.001139
-0.087369
0.001139
0.001139
0.001139
-0.013620
0.060162
0.015890
0.001139
0.001139
-0.028364
0.001139
0.001139
0.030642
0.074858
0.045345
-0.013594
0.030603
0.045319
-0.013585
-0.028316
0.030594
-0.013587
-0.013589
0.001139
0.001139
-0.043060
-0.057823
-0.013607
-0.013609
0.045377
-0.043099
0.045377
-0.013605
0.001139
-0.028355
0.060119
0.060084
0.015870
-0.013592
-0.057806
0.030616
0.001139
-0.013598
-0.057832
0.045371
-0.013602
-0.072602
0.030642
-0.072634
0.045410
0.015892
0.060128
0.015881
0.015879
0.015877
-0.057823
0.001139
0.001139
0.001139
-0.028355
0.001139
-0.072634
-0.013622
-0.028390
-0.013628
-0.013631
0.030677
0.001139
0.001139
0.015905
-0.028394
0.015907
0.015905
0.001139
0.001139
-0.013626
0.015905
0.001139
0.001139
0.001139
-0.013626
0.001139
0.001139
0.045430
-0.013622
-0.013624
0.015903
0.015901
-0.013622
0.015901
0.015898
-0.013620
-0.013622
0.001139
0.001139
0.001139
-0.013624
0.001139
0.001139
0.001139
0.001139
0.001139
0.001139
0.015903
-0.013624
0.001139
-0.013626
0.015905
-0.013626
0.001139
0.001139
0.001139
0.001139
0.001139
0.001139
-0.013628
0.015907
0.001139
-0.013628
0.001139
0.001139
0.001139
0.001139
0.001139
-0.013631
0.001139
0.001139
0.001139
0.001139
0.001139
0.001139
-0.013633
-0.057971
0.001139
-0.028429
0.015925
-0.013646
0.015925
0.001139
0.001139
0.015922
0.001139
0.001139
0.001139
0.001139
0.001139
0.001139
-0.028429
-0.013648
0.001139
0.015927
0.015925
0.015922
0.001139
-0.028429
0.001139
0.015925
0.015922
-0.028429
0.001139
-0.013648
0.001139
0.001139
0.001139
0.001139
-0.013650
0.001139
0.015929
0.001139
-0.013650
0.001139
0.001139
0.015929
0.001139
0.001139
0.001139
-0.013650
0.015929
-0.013650
0.001139
0.015929
0.001139
-0.013650
0.001139
0.001139
0.001139
0.001139
0.001139
0.001139
0.001139
-0.013653
0.001139
0.001139
-0.013655
0.001139
0.015933
-0.013655
0.015933
0.001139
0.001139
0.001139
0.001139
0.001139
-0.013655
0.015933
0.015931
0.001139
0.001139
-0.013653
0.001139
0.001139
0.001139
0.001139
0.001139
0.001139
0.015931
-0.013653
0.015931
0.001139
0.001139
-0.013653
0.015931
0.001139
-0.013653
0.001139
0.001139
0.015931
0.001139
0.001139
0.001139
-0.013653
0.015931
0.001139
-0.013653
0.015931
0.015929
0.001139
-0.013650
0.030716
0.001139
-0.013648
0.015927
-0.013648
0.001139
0.001139
0.015927
0.001139
0.001139
0.015925
0.001139
0.001139
0.030703
0.001139
0.001139
0.030694
0.015914
0.001139
-0.013635
-0.013637
0.015916
0.001139
-0.013637
0.015916
0.015914
-0.013635
0.015914
0.001139
-0.013635
0.015914
-0.028412
0.015916
0.015914
-0.013635
0.001139
0.001139
0.030686
-0.013633
0.015911
-0.057962
0.030694
0.060223
-0.013628
0.060197
-0.043151
0.001139
0.001139
0.001139
0.001139
-0.057945
0.030686
0.030677
0.001139
-0.043171
-0.013635
0.001139
0.001139
0.015914
-0.028412
-0.043203
-0.028433
0.015927
-0.013648
0.045495
0.001139
0.001139
0.045475
0.015914
0.001139
0.001139
0.030681
0.001139
-0.013631
0.015909
0.001139
-0.043177
-0.013637
0.030690
0.015911
0.030677
-0.013628
-0.013631
-0.028407
0.001139
0.015914
-0.043190
0.001139
0.015918
0.001139
-0.013639
0.015918
-0.013639
-0.043210
0.001139
0.001139
0.001139
0.030708
-0.013644
0.015922
0.001139
-0.013644
-0.013646
0.001139
0.001139
0.015925
0.015922
0.001139
0.045475
0.015914
-0.013635
0.030686
0.001139
-0.013633
0.001139
0.015911
-0.013633
-0.013635
0.001139
0.001139
0.001139
0.015914
-0.028412
0.015916
-0.043197
0.015920
0.030694
-0.013637
0.001139
0.015916
0.015914
0.001139
0.030681
0.001139
-0.028403
-0.028412
-0.013639
-0.043210
0.030708
-0.013644
-0.013646
0.015925
-0.058015
0.015931
0.015929
0.001139
0.015927
0.045488
0.001139
0.030694
0.001139
0.001139
0.001139
0.001139
0.015914
-0.013635
0.015914
0.001139
-0.013635
-0.013637
-0.013639
0.001139
0.015918
0.015916
0.045456
0.045436
0.045416
0.030647
-0.028368
0.030647
0.001139
0.001139
-0.013613
0.001139
0.001139
0.015892
-0.072645
0.030660
-0.028381
-0.043157
-0.043177
0.030686
0.089726
-0.102220
0.015911
-0.043184
0.015916
-0.043197
-0.043216
0.001139
-0.028442
END
