y[]
0.064860
0.013051
-0.077595
-0.051728
0.000106
0.051939
0.000106
0.000106
0.026012
0.026006
-0.025795
0.051899
0.090679
0.013038
-0.012827
0.051825
0.000106
0.064718
-0.012814
-0.077444
0.000106
-0.064565
0.013043
0.064768
0.013033
-0.051614
0.013038
0.025965
0.051805
0.090516
-0.012805
0.000106
-0.012807
0.064651
0.064609
-0.025691
-0.012795
0.051698
0.000106
0.000106
-0.012790
0.013001
0.013000
0.012998
-0.012787
0.012998
-0.012787
0.025889
0.000106
0.000106
0.000106
-0.038572
-0.038587
-0.025698
0.000106
0.013008
0.000106
0.000106
0.000106
0.000106
0.025905
-0.025694
0.000106
-0.012797
0.000106
0.013008
0.000106
-0.012797
0.013008
-0.012797
0.013008
0.000106
-0.051514
0.000106
0.000106
-0.012804
-0.012805
0.013016
0.013015
0.013013
-0.038622
-0.012807
0.013018
0.025925
-0.038627
0.013018
0.013016
-0.012805
0.013016
-0.012805
0.013016
0.000106
-0.012805
0.000106
0.000106
-0.012807
0.000106
0.025929
0.000106
-0.012805
0.025925
-0.012804
0.013015
0.000106
0.000106
0.025919
0.013010
-0.025704
0.013011
-0.012800
0.000106
-0.012802
0.000106
0.000106
-0.012804
0.000106
-0.012805
-0.012807
0.013018
-0.012807
0.000106
-0.012809
0.000106
0.013020
0.000106
-0.012809
0.038843
-0.012805
-0.012807
0.013018
0.000106
0.000106
-0.025721
0.013020
0.000106
0.025929
0.000106
0.000106
-0.012805
-0.012807
0.000106
0.013018
0.013016
-0.012805
0.000106
-0.012807
-0.012809
0.013020
-0.012809
0.000106
0.000106
-0.012810
0.025935
-0.012809
0.025932
-0.012807
0.000106
0.000106
0.000106
0.000106
0.000106
0.013018
-0.012807
0.013018
0.000106
0.013016
-0.025718
0.013018
-0.012807
0.013018
0.013016
0.000106
0.000106
-0.012805
0.000106
0.013016
0.000106
0.013015
0.013013
0.000106
-0.012802
0.013013
-0.012802
0.013013
-0.012802
0.000106
0.013013
0.000106
0.000106
0.000106
0.000106
0.000106
-0.012802
0.000106
-0.012804
0.000106
0.000106
-0.012805
0.000106
0.013016
0.013015
0.000106
0.051725
0.013006
0.013005
0.013003
0.064568
0.025879
0.012990
0.038748
0.077345
-0.025635
-0.051394
0.012983
-0.025651
0.077355
0.012975
-0.038507
0.038718
-0.102894
-0.012777
0.012988
-0.103001
-0.025688
0.013003
-0.038592
-0.077334
-0.012807
0.025929
0.013015
0.013013
0.013011
0.013010
-0.012799
-0.012800
0.000106
0.000106
0.000106
0.025915
-0.025704
-0.025711
0.000106
-0.025718
-0.038642
-0.012814
-0.051587
0.013031
-0.012820
0.077635
0.038848
-0.064473
0.013025
-0.090363
0.051812
-0.012819
-0.064540
0.090597
0.000106
0.000106
0.000106
-0.025741
0.038873
0.038858
0.013020
-0.025724
0.038848
-0.077394
-0.025741
0.000106
-0.051607
-0.038697
0.025975
0.038898
-0.038687
0.000106
-0.012829
-0.077534
0.064809
0.000106
-0.038712
-0.012837
0.025989
0.013045
-0.038717
0.038928
0.025979
0.000106
0.013040
0.000106
0.000106
-0.012829
0.025972
-0.012827
-0.025764
0.051839
0.025962
0.025955
-0.090398
-0.025768
0.025979
0.077685
-0.038677
0.013035
0.025959
-0.025748
0.000106
-0.025754
0.000106
0.000106
-0.012827
0.000106
0.000106
0.038898
-0.012824
-0.012825
-0.025761
0.000106
0.025972
0.025965
-0.012824
0.000106
-0.012825
0.025965
0.051805
0.038863
-0.038652
0.000106
0.013026
0.013025
-0.025734
0.038863
0.000106
0.025935
0.000106
-0.025724
0.013021
-0.012810
-0.064498
-0.025748
0.025959
0.025952
-0.012817
-0.025744
0.038878
0.013026
0.013025
0.038853
-0.025724
0.038848
0.013016
0.000106
-0.064465
-0.064506
0.025955
0.013028
0.000106
0.064692
-0.012809
-0.012810
0.000106
0.025935
-0.012809
0.025932
0.051738
-0.012800
0.000106
-0.012802
-0.064456
-0.038652
0.155044
0.038803
0.077455
-0.038562
-0.012787
-0.064381
0.025905
0.000106
0.000106
-0.025694
0.025905
-0.051501
0.038813
-0.012795
-0.012797
-0.038612
-0.103214
-0.051594
0.000106
0.090562
0.077575
0.116197
0.051659
-0.038557
0.051652
-0.077224
-0.012789
-0.064390
-0.038612
-0.025714
-0.051554
0.090492
0.116197
-0.051474
0.051685
-0.064373
0.064584
-0.025681
-0.012790
-0.077304
0.025915
0.038808
0.000106
0.051685
0.000106
-0.051474
0.051685
-0.012787
-0.038582
0.051685
0.128938
-0.012770
0.051599
0.000106
-0.012765
-0.038517
-0.025651
0.025862
0.051599
0.025842
-0.051375
0.025849
-0.025638
-0.025644
-0.012772
-0.051421
0.012990
0.012988
-0.025661
-0.038557
0.012995
0.012993
-0.103040
-0.090235
-0.025721
0.000106
0.013020
0.064651
-0.038617
-0.051547
-0.103280
-0.038692
-0.012830
0.000106
-0.038712
-0.116437
0.116648
-0.025781
0.103612
-0.051634
0.051845
0.038893
0.000106
-0.038682
-0.025761
-0.038707
-0.051668
-0.090562
-0.051742
-0.051768
-0.012867
0.103840
-0.025818
0.026029
0.064885
-0.025801
-0.116558
0.039008
-0.038797
-0.051789
-0.038833
0.013087
0.090926
0.013073
-0.012862
-0.025835
-0.051795
0.039034
-0.090750
0.116905
-0.064766
-0.077796
-0.025875
0.078028
0.039044
0.000106
0.052000
0.064935
-0.129596
0.064977
0.039008
0.103773
-0.051715
0.038973
-0.038762
-0.064708
0.051959
0.038978
-0.116558
-0.038813
0.039024
0.064935
-0.129596
-0.051822
0.000106
0.013090
-0.051843
-0.103872
-0.064935
0.013117
0.052135
-0.012899
-0.051930
0.117148
0.039089
0.026086
0.078007
-0.051822
0.026073
-0.025862
0.052033
-0.025855
0.000106
0.013087
-0.012876
-0.012877
0.000106
-0.038853
0.000106
0.013093
-0.012882
0.000106
-0.012884
-0.012886
0.013097
0.000106
-0.012886
-0.012887
0.052067
0.077997
0.013082
-0.012871
0.000106
0.026056
0.000106
0.000106
0.000106
0.000106
-0.012869
0.000106
0.000106
0.013080
-0.012869
0.000106
0.013080
0.000106
0.013078
0.013077
-0.012866
0.000106
0.039013
0.013071
0.000106
-0.025828
0.000106
0.000106
-0.038808
-0.012869
-0.012871
0.000106
0.026056
-0.012869
0.026053
-0.090739
0.013088
0.000106
0.052020
-0.025848
-0.012874
-0.025858
0.039049
0.026059
-0.038828
0.026063
-0.051816
0.000106
0.013088
0.000106
-0.038848
0.013092
0.013090
0.000106
-0.025865
-0.012882
0.000106
0.013093
-0.025872
0.000106
-0.077867
0.013105
0.000106
0.013103
0.013102
0.013100
-0.012889
-0.012891
0.026096
0.000106
0.026090
-0.051870
0.026096
-0.012889
0.013100
0.013098
-0.012887
0.000106
0.039079
0.000106
-0.012884
-0.090869
-0.012898
0.052108
-0.012892
0.000106
-0.012894
-0.012896
0.039105
-0.025892
0.026103
-0.025892
0.052094
-0.012889
0.026093
0.013097
-0.025879
0.000106
0.013098
-0.012887
0.000106
0.000106
-0.012889
0.013100
-0.012889
0.013100
-0.012889
0.013100
0.013098
0.000106
0.026086
0.000106
0.039064
-0.012879
0.013090
0.000106
-0.038853
0.065028
0.026063
0.000106
-0.025852
0.013085
-0.012874
0.013085
0.000106
0.026059
-0.012871
0.000106
0.000106
0.000106
-0.038833
-0.012877
0.013088
0.013087
0.000106
-0.012876
-0.012877
0.000106
-0.025865
-0.012882
0.013093
-0.038863
-0.025882
0.013100
0.065053
0.000106
-0.012881
-0.012882
-0.012884
0.013095
0.013093
-0.012882
0.013093
0.000106
0.000106
-0.012882
0.026080
0.077987
-0.038828
0.000106
0.000106
-0.012876
0.000106
0.000106
0.013087
-0.012876
0.026066
-0.012874
0.026063
-0.025852
0.039039
0.000106
-0.025848
-0.012874
0.000106
-0.025858
0.013088
0.000106
0.052020
-0.025848
-0.012874
0.026063
0.000106
0.013082
-0.012871
0.000106
0.013082
0.051993
0.000106
0.026039
END
