y[]
-0.058050
0.063760
-0.033683
-0.009327
0.015038
0.039394
-0.106801
0.015045
0.002855
0.015044
0.015042
-0.021520
-0.094706
0.027254
-0.045949
0.051660
0.002855
-0.021544
-0.021550
0.051660
-0.009344
-0.021547
0.015057
-0.009347
0.002855
-0.119245
0.002855
0.027287
-0.009360
0.015070
0.027281
0.039483
0.015062
0.015060
-0.033764
0.027269
0.027263
0.015057
0.002855
-0.033755
-0.033768
0.015064
-0.009354
-0.204931
0.100691
0.002855
0.063954
-0.033799
-0.033813
-0.058288
0.015087
-0.046080
0.051791
0.051767
-0.046056
-0.021610
-0.021616
0.064021
0.015084
-0.009373
-0.046074
-0.033858
0.027332
-0.095088
-0.107446
-0.009408
-0.021676
0.064171
-0.033930
0.015118
0.064149
0.027362
-0.009397
0.002855
-0.009399
0.113089
-0.033876
0.076304
0.002855
-0.033862
0.039573
-0.021622
0.027332
-0.033862
-0.021631
0.039582
-0.021628
0.051815
0.039559
0.027317
0.051761
0.112806
0.002855
-0.045997
0.015070
0.100523
0.015057
-0.021550
0.027260
0.088226
-0.009336
-0.021532
0.015050
0.039429
0.051600
-0.009329
0.063760
-0.058050
0.039403
-0.009326
0.027216
0.002855
0.063731
-0.021490
-0.070217
0.027219
-0.033692
-0.058087
-0.021532
-0.045937
-0.107015
-0.021577
0.100547
-0.045979
0.002855
-0.009357
0.051695
-0.021562
-0.009356
0.002855
0.051689
-0.021559
0.076080
0.063835
-0.021532
-0.009341
0.027245
0.002855
-0.045931
0.063835
-0.033728
-0.094765
0.002855
0.002855
0.002855
-0.033777
-0.009359
-0.082683
-0.082756
0.027323
-0.046086
0.015093
-0.107338
0.076331
0.015096
0.064036
-0.009378
0.015088
0.015087
-0.033844
-0.046098
-0.009387
0.015097
-0.070620
-0.058416
0.051875
0.076340
0.027338
-0.033871
-0.033885
-0.021646
0.051851
0.064066
0.039564
-0.021616
-0.046104
-0.033880
0.064073
-0.095112
0.039604
-0.181025
-0.132205
-0.218547
0.089014
0.125811
0.002855
0.064277
0.039690
-0.033979
0.015135
0.015133
0.002855
-0.009423
-0.021706
-0.009428
0.051977
0.015132
-0.021700
0.002855
0.002855
0.101039
0.198934
0.027338
-0.046116
-0.033889
0.015105
0.039595
0.002855
0.002855
0.002855
-0.009390
0.002855
-0.033889
-0.021649
-0.033912
0.015112
-0.021661
0.002855
0.015114
0.027368
0.015109
0.002855
0.027359
0.027353
-0.021643
0.002855
0.039600
-0.009391
0.002855
0.002855
0.015102
0.002855
0.015100
0.002855
0.015099
-0.009388
0.002855
0.015099
0.002855
0.002855
0.015097
0.002855
0.002855
0.015096
0.027332
-0.009382
-0.009384
-0.009385
-0.033876
-0.009391
-0.021643
-0.009396
0.002855
-0.009397
0.064103
-0.058393
-0.033912
-0.033925
0.027377
-0.046194
0.015120
-0.046212
-0.033961
-0.009420
-0.009421
-0.132288
0.027440
0.002855
-0.034025
-0.034038
-0.083283
0.052086
-0.107948
0.002855
-0.157411
0.027528
0.052183
-0.058808
0.027525
0.076829
0.039822
-0.009465
-0.009467
0.039817
-0.009464
0.002855
0.002855
0.039808
0.039794
-0.021769
-0.009459
-0.034097
0.052122
-0.009459
0.076720
0.002855
0.015161
-0.058687
0.027477
-0.034079
-0.157352
0.039849
0.039835
0.015179
-0.034120
-0.009473
0.039835
-0.021797
0.015182
0.027504
-0.034120
-0.034134
-0.046485
0.002855
0.052195
-0.046485
-0.256580
-0.046637
0.064717
0.052317
-0.021873
0.015220
0.027580
-0.046601
0.002855
-0.009513
-0.046631
-0.059037
0.002855
0.002855
0.027617
0.015234
-0.009523
0.002855
0.002855
0.002855
0.064733
-0.021891
0.039972
-0.009516
-0.034267
-0.059045
-0.071476
0.040028
0.040014
-0.009529
0.052385
0.052360
-0.009519
0.002855
0.027602
-0.034267
-0.034280
0.002855
-0.083848
-0.059122
0.002855
0.002855
0.027651
0.040037
0.015246
0.015245
0.015243
-0.059099
0.002855
0.027641
0.015246
-0.009536
0.027635
0.040014
-0.034303
-0.021925
-0.034326
0.064817
-0.121107
-0.096425
0.027685
-0.046810
0.114566
0.002855
0.002855
0.002855
-0.021959
-0.121307
-0.021996
-0.046865
0.015288
-0.034447
0.002855
0.089871
0.040125
-0.009566
0.127002
-0.220720
-0.096672
-0.159088
-0.022082
0.027793
-0.084454
-0.084530
0.040315
0.002855
0.102681
-0.109455
0.115166
0.102581
0.027771
-0.022061
0.015314
-0.022064
-0.071939
-0.047039
0.090153
0.052706
-0.034530
-0.022076
-0.034554
0.002855
0.052731
0.052706
-0.022067
0.077603
0.015308
0.089980
0.015295
-0.046915
0.002855
-0.022039
0.002855
-0.009594
-0.022048
-0.059431
-0.059469
-0.009614
-0.009616
0.002855
0.065195
0.027780
-0.034535
0.077622
-0.022061
0.015314
-0.046989
0.040241
-0.034530
-0.022076
-0.059501
0.077678
-0.009611
0.002855
0.002855
0.065172
-0.022067
-0.047008
0.015323
0.040250
0.015317
0.002855
-0.009607
0.065149
-0.046977
-0.034535
0.027784
-0.059477
0.002855
-0.022089
-0.109469
0.015342
0.015340
-0.134567
-0.034656
0.002855
0.040367
0.052849
0.002855
-0.034638
0.015354
-0.097182
0.002855
0.052887
0.015359
-0.034661
0.052874
-0.197370
0.002855
0.052949
0.040409
-0.034699
0.027893
0.027887
0.065406
0.015361
0.027861
0.077836
-0.047126
0.015353
-0.009642
-0.022145
0.040353
0.040339
0.065297
0.015339
-0.022114
0.027824
-0.022114
-0.022120
0.040315
0.002855
0.015339
0.015337
-0.022110
-0.009630
0.027824
-0.034600
-0.034614
0.015347
-0.072117
-0.059664
0.002855
0.015362
-0.009652
-0.047189
-0.034694
0.140467
-0.059672
0.040376
-0.009650
0.015361
0.065359
-0.022142
0.015354
-0.072164
-0.172408
0.115560
-0.084793
-0.210324
0.002855
0.128310
0.190743
0.052899
-0.059703
-0.034699
-0.222765
-0.172980
0.078251
0.166018
-0.047320
0.128247
0.027915
0.065477
-0.122427
0.040456
-0.122537
-0.059900
-0.072503
0.040541
-0.097673
0.178713
-0.085035
0.103295
-0.160410
-0.110331
-0.047491
-0.097913
0.015457
-0.123232
0.015471
0.028082
0.103700
-0.009745
-0.060169
0.103674
0.015450
0.053220
-0.009734
0.090944
-0.009724
0.065736
0.002855
-0.047447
0.065729
0.040560
-0.034850
-0.085178
-0.009727
-0.034902
0.028028
0.103484
-0.072607
-0.034897
0.103497
-0.085201
0.103484
-0.047447
0.090867
-0.122899
0.002855
0.040598
0.078298
0.053119
0.115857
-0.022245
-0.009697
0.078147
-0.034784
0.002855
-0.009694
0.078128
0.040470
0.040456
0.052968
0.040423
-0.122427
-0.034760
-0.059868
0.078119
0.002855
-0.034769
0.115687
-0.047276
-0.009682
0.002855
0.002855
0.015392
0.065516
-0.022204
-0.084903
-0.110090
0.065618
-0.097584
0.103295
-0.034798
-0.009699
0.015409
0.140847
0.027924
0.002855
-0.047289
-0.122615
-0.047377
-0.034836
0.040546
-0.009707
-0.034840
0.040551
-0.059979
0.027993
-0.022283
0.053125
-0.173201
0.040608
0.002855
-0.072664
0.053208
0.015439
-0.022315
-0.047504
0.015447
0.065792
0.078327
0.065705
0.002855
0.153533
0.040489
0.178294
0.040409
0.065414
0.065375
0.052843
0.190086
0.065188
0.127404
0.015302
-0.022039
0.052637
0.015297
0.002855
0.002855
0.002855
0.002855
0.002855
0.002855
0.002855
0.002855
0.002855
0.015295
-0.022027
0.015297
-0.022030
0.027740
0.052606
0.065009
-0.009573
-0.009574
0.002855
0.027712
0.015281
-0.021999
0.015283
-0.009573
-0.009574
0.015285
0.002855
-0.009574
0.002855
0.027712
-0.009573
0.015283
0.027706
0.015278
0.015277
0.027694
-0.009563
-0.046834
0.015280
0.002855
0.015278
0.015277
-0.021989
0.027700
0.002855
-0.009566
-0.021993
-0.009571
0.015281
-0.009571
0.002855
-0.022002
0.002855
-0.022008
0.027718
0.040139
-0.046859
0.064994
-0.046853
-0.034442
-0.009580
END
