y[]
-0.017826
-0.045445
0.051203
0.023579
0.009775
0.009773
0.009772
0.051135
0.106201
0.037280
-0.100421
0.064843
0.037274
-0.004023
-0.004023
-0.100408
0.051066
-0.100448
0.009758
-0.114322
0.023564
0.009768
0.009766
-0.017811
0.133775
-0.031567
0.064824
-0.127981
-0.031590
-0.017809
0.051112
-0.141916
0.078736
-0.059187
-0.155883
0.078839
-0.169814
-0.031681
0.023636
0.023629
0.009800
0.051249
-0.128426
0.023636
0.092723
0.244322
-0.004023
-0.017803
0.216242
-0.169175
-0.059134
-0.045376
0.188815
-0.031548
-0.155548
-0.017809
-0.072983
-0.004023
-0.031620
0.023575
-0.045422
0.147691
-0.045376
0.133757
-0.031563
-0.169426
0.064929
0.078656
0.092350
-0.031548
0.078531
-0.045291
-0.100382
0.147357
0.078452
-0.155277
-0.031548
0.064777
-0.072822
-0.045325
-0.017794
-0.004023
0.147357
-0.059043
-0.031544
0.051013
-0.045297
-0.004023
-0.004023
-0.072850
0.078565
0.188417
0.119494
-0.127539
-0.127691
0.050960
0.311543
-0.127386
-0.017739
0.174145
0.091783
0.091691
-0.072380
0.118987
-0.140709
0.009655
0.105327
-0.291320
0.064457
-0.127319
0.132964
-0.223291
-0.141310
0.174414
0.009690
-0.209911
-0.072746
0.037217
0.147045
-0.045200
-0.168903
0.078452
-0.210336
0.174807
-0.059013
-0.114094
0.037269
-0.127947
-0.100514
0.064910
0.147461
-0.183074
0.064881
-0.183271
-0.059241
-0.086907
0.134080
0.009777
0.023571
0.009772
-0.128238
0.161563
0.119987
-0.004023
-0.100461
0.161244
0.023495
0.023488
-0.045291
-0.072841
-0.031563
-0.141840
0.023556
0.188815
-0.210648
-0.031605
-0.086815
0.078770
-0.031613
0.009773
0.023564
0.078690
0.119919
-0.004023
0.064767
0.050975
0.147066
-0.127623
-0.072756
0.078452
-0.017763
-0.072756
0.064711
-0.017765
-0.017767
0.023465
-0.114018
0.147191
-0.182754
-0.196860
0.009764
0.051104
0.023529
-0.059134
0.009758
0.023533
-0.128083
0.023560
0.023552
-0.017809
0.078668
-0.045359
0.064862
-0.155632
-0.100621
-0.045450
-0.004023
-0.114581
0.078908
-0.128444
0.037468
0.368623
0.216151
0.215667
0.119341
0.187575
0.077978
-0.017685
-0.346184
-0.045161
-0.155007
-0.127725
0.366628
0.037076
-0.154800
-0.086361
0.092032
-0.031457
0.201556
-0.086203
0.119223
0.201050
0.173367
-0.004023
-0.058570
-0.140523
-0.004023
-0.031345
-0.086035
-0.223051
-0.031435
0.078192
-0.004023
-0.017720
0.009675
-0.004023
-0.031420
-0.031427
0.023382
-0.017724
0.009679
-0.004023
0.009677
-0.004023
-0.017722
0.064457
0.023356
-0.058787
0.173853
-0.017694
-0.031371
0.023326
-0.017696
-0.031375
0.078012
0.036969
-0.031349
-0.031356
0.036975
-0.031352
-0.004023
-0.004023
-0.004023
-0.017690
-0.004023
0.050637
-0.004023
0.009638
-0.017683
-0.017685
0.050615
-0.072324
-0.031356
-0.031364
0.009649
-0.017694
0.091639
0.023292
0.009632
0.036930
-0.044975
-0.004023
0.009630
0.009628
-0.044981
-0.004023
-0.072324
0.036964
-0.058675
-0.017690
0.077956
-0.017681
-0.017683
0.023296
-0.004023
-0.004023
-0.004023
-0.045003
-0.072361
0.091639
-0.058675
0.023307
0.077922
0.009628
0.023274
-0.058623
-0.031334
0.050592
0.036919
-0.004023
0.023263
0.009617
-0.017662
-0.031308
-0.017668
-0.058623
-0.072315
0.023300
-0.072343
-0.113432
0.023341
0.009656
-0.086124
-0.031405
0.050735
-0.017709
0.078068
-0.058742
-0.031394
-0.072483
0.009673
-0.004023
-0.017718
0.037059
0.023356
0.023349
-0.058772
0.037042
-0.045087
0.009668
0.050720
0.064363
0.009649
0.009647
0.009645
0.132552
-0.044975
0.077866
-0.044959
0.023270
0.036902
-0.004023
-0.004023
0.023251
0.145851
-0.031256
-0.085766
-0.058556
-0.126831
-0.085979
-0.004023
0.036964
-0.004023
0.091547
-0.031319
0.036919
0.050540
0.023248
-0.044931
0.064148
-0.058556
-0.072231
0.009623
-0.017668
0.023266
0.023259
0.091404
-0.072175
-0.004023
-0.099514
0.105103
-0.085856
-0.085923
0.023285
-0.085967
-0.004023
-0.017687
0.091586
-0.099631
-0.058697
-0.031371
-0.031379
-0.031386
-0.017707
-0.004023
0.009662
-0.004023
0.037020
-0.031382
-0.017705
-0.031394
-0.017711
-0.004023
-0.017713
0.009668
-0.031405
0.064419
-0.004023
-0.017707
0.064382
-0.017700
0.023330
-0.017698
-0.004023
-0.045059
-0.004023
-0.004023
-0.058765
0.009666
-0.058787
0.037054
0.009666
0.132758
0.009645
0.146199
0.023266
-0.058608
0.023274
-0.031319
-0.017673
-0.058645
0.064251
0.009627
-0.058630
-0.004023
-0.140672
0.132627
-0.017679
0.009634
0.118802
0.159510
0.009593
-0.153897
0.091378
0.064065
0.077621
0.077555
0.036741
-0.099164
-0.085644
-0.072091
-0.017642
-0.113044
0.036874
0.023233
-0.085811
-0.004023
0.091391
0.118518
0.063991
-0.031222
0.023177
-0.058429
-0.044847
-0.031248
0.091235
0.023177
0.050355
0.104644
-0.004023
-0.126280
0.023159
0.036736
0.023140
-0.167110
-0.004023
0.036774
-0.112851
0.036802
0.036785
-0.017623
-0.044836
0.104777
0.036747
-0.112777
0.091144
-0.004023
0.050318
-0.017605
0.023140
0.036708
-0.017597
-0.071925
-0.031196
-0.004023
0.009565
0.009564
-0.085566
-0.044819
-0.031230
-0.004023
0.077577
-0.072017
0.023181
-0.017623
0.023177
0.023170
0.009571
-0.044808
0.023170
-0.017618
0.091106
-0.017607
-0.044786
0.077488
-0.031185
0.009560
0.023137
-0.004023
-0.031182
0.063862
0.077378
0.131497
0.023059
-0.017563
-0.044654
-0.044670
-0.004023
-0.017575
-0.044692
-0.044709
0.023103
-0.004023
-0.044714
0.023107
-0.044720
0.063797
0.009536
0.009534
-0.044698
-0.004023
-0.058282
-0.044736
-0.031174
0.090976
-0.031156
-0.058311
-0.044758
-0.071953
-0.044803
-0.044819
0.009578
0.023174
-0.044819
0.036774
0.077521
-0.017609
0.036730
0.267238
0.063678
-0.044637
0.023056
-0.004023
-0.085279
0.050156
0.023056
-0.044643
-0.031112
-0.058223
-0.085378
0.009541
-0.099009
0.009552
0.036691
0.063797
-0.058275
0.118003
-0.017574
-0.058245
-0.071842
-0.099047
0.036713
-0.071925
-0.017609
-0.071980
-0.017620
-0.017621
0.091131
-0.139984
-0.031237
-0.044858
0.091235
0.009578
0.050362
-0.017616
-0.044814
0.104717
0.145302
-0.017588
0.023107
-0.004023
0.023100
0.009536
-0.058267
0.009541
-0.085434
0.009551
0.050252
-0.017588
-0.031160
-0.044742
0.077400
-0.004023
0.090886
-0.017575
0.131424
0.252821
-0.085060
0.009488
-0.004023
0.077004
0.049959
0.063413
0.009459
-0.084940
-0.017515
-0.044511
0.036466
0.036450
-0.057989
-0.139066
-0.004023
-0.004023
-0.031053
0.063540
0.009485
0.009483
0.049980
-0.071531
-0.004023
0.063486
0.022968
0.009470
-0.044506
0.009474
-0.004023
0.036455
-0.017513
-0.004023
-0.004023
-0.071503
0.022975
-0.031020
-0.058040
0.036493
-0.071558
-0.098649
-0.017548
-0.004023
-0.085213
-0.031101
0.050127
-0.071714
0.050134
0.104203
-0.085180
0.077135
-0.017544
0.009499
0.023015
-0.017541
0.023012
-0.031057
-0.017542
-0.031068
0.009501
0.050053
-0.017539
0.185039
-0.044506
0.063440
-0.031002
-0.017515
0.036450
0.063395
0.009455
-0.017501
0.009455
-0.057945
0.009461
0.063367
-0.030973
0.009454
0.063331
-0.004023
-0.030959
0.036379
-0.084841
0.103722
-0.017484
0.049813
0.009432
0.036330
0.049755
-0.044353
-0.071277
-0.030937
0.022892
-0.111723
-0.030966
0.022921
0.009446
0.130567
0.036319
-0.057815
0.009428
0.076644
0.009416
-0.071231
-0.098191
0.009436
-0.084798
0.103664
0.036330
-0.017472
-0.004023
0.036319
0.009421
-0.017466
-0.017468
-0.004023
-0.004023
0.009423
-0.004023
-0.004023
0.022863
0.304640
END
