y[]
0.001613
0.013548
-0.022259
-0.046148
0.037436
-0.010327
-0.046160
-0.010334
0.025505
-0.058128
-0.046205
0.025525
-0.010342
0.013568
0.025519
0.013564
-0.010338
0.025513
0.037453
-0.010332
-0.034232
-0.010338
0.025513
-0.010337
-0.022291
0.013565
0.025513
0.013561
-0.010335
0.049397
0.013555
-0.010330
0.013555
-0.022273
0.013557
0.025496
0.013552
-0.022268
0.049368
-0.058085
0.013555
0.001613
-0.010330
0.001613
-0.010331
0.001613
0.001613
0.013557
-0.010331
0.001613
0.013557
0.013555
0.001613
0.001613
0.001613
0.001613
-0.010330
0.001613
0.013555
0.001613
-0.010330
0.013555
0.013554
0.001613
0.001613
0.001613
0.001613
0.013552
-0.010327
0.013552
-0.022268
0.001613
0.013554
0.001613
-0.010328
0.001613
0.013554
0.001613
0.001613
0.013552
0.001613
0.001613
-0.010327
0.001613
-0.010328
0.001613
0.001613
0.013554
-0.010328
0.001613
0.001613
0.001613
0.001613
-0.010330
0.013555
-0.022273
0.001613
0.013557
0.001613
0.085180
-0.010321
0.013547
-0.010321
0.013547
-0.010321
0.013547
0.001613
0.001613
0.001613
0.001613
0.049334
0.001613
-0.010315
0.001613
0.013541
0.013540
0.061225
-0.010307
-0.010308
0.001613
0.013534
-0.010308
-0.010310
0.001613
0.013535
0.001613
-0.022234
0.013537
-0.010311
-0.010312
-0.022242
-0.022248
0.001613
-0.034189
0.037415
0.001613
0.013544
-0.010318
0.001613
0.001613
-0.010320
0.013545
0.001613
0.013544
0.001613
0.013543
-0.010317
0.001613
-0.010318
-0.010320
-0.010321
0.001613
0.001613
0.013547
-0.010321
0.001613
0.001613
-0.010322
0.013548
0.001613
-0.010322
-0.010324
-0.010325
0.025488
-0.022262
-0.034210
0.001613
0.013555
-0.046165
0.037449
-0.046171
0.013561
0.025505
-0.010332
-0.022282
-0.010337
0.001613
0.013562
-0.010337
0.025511
-0.022285
0.001613
-0.022291
0.013565
-0.010340
0.025516
0.001613
0.001613
0.001613
0.001613
0.001613
0.001613
-0.010338
-0.010340
-0.022296
-0.022302
0.013571
0.013570
0.013568
0.001613
0.001613
-0.010342
0.025522
-0.022296
-0.010344
0.013570
0.013568
-0.022299
-0.058192
0.013577
0.001613
-0.022316
-0.022322
0.049477
0.013575
-0.010350
0.013575
0.025533
-0.010347
0.013572
0.013571
0.001613
0.001613
-0.010345
-0.034270
-0.010351
-0.034287
-0.178082
0.049563
0.001613
0.001613
0.049540
0.049517
-0.034313
0.001613
0.001613
0.025565
-0.010362
-0.010364
0.037539
0.097352
0.001613
0.025533
-0.022308
-0.022313
-0.034287
0.013581
0.061432
-0.034274
0.025539
0.073357
-0.022296
-0.010344
-0.022305
-0.022311
-0.058221
0.025551
-0.022325
0.013582
0.013581
0.037509
0.013575
-0.022313
-0.022319
0.001613
0.001613
0.025545
-0.046257
0.037517
-0.010354
-0.058242
-0.118205
0.049557
-0.034343
0.049552
0.013594
-0.010368
-0.010370
-0.010371
-0.034348
-0.034360
0.049575
-0.010375
0.025588
0.013598
0.013597
0.001613
-0.010371
0.001613
-0.022359
0.025585
0.001613
-0.010372
0.013598
0.013597
0.013595
0.001613
0.001613
0.001613
-0.010370
0.037556
0.013591
0.025565
0.049500
0.001613
-0.010357
-0.022331
0.013585
-0.022333
-0.010362
0.001613
0.001613
0.025562
0.013585
0.013584
-0.010358
0.025554
0.049477
0.025536
0.013572
-0.010347
0.025531
0.001613
-0.046228
-0.010351
-0.010352
-0.034292
0.013582
-0.010357
-0.022331
0.013585
0.001613
0.037522
0.025545
0.001613
-0.010352
-0.034292
0.037517
0.001613
-0.034292
-0.046280
0.025562
0.037526
0.013581
-0.010355
0.025548
-0.022322
0.001613
-0.058249
-0.010364
0.013590
-0.010364
0.025565
0.013587
-0.046291
0.001613
-0.022348
0.001613
0.013594
0.013593
0.001613
0.013591
-0.010365
0.001613
0.025568
0.001613
0.025562
-0.010361
0.037530
-0.022331
-0.034313
-0.022345
0.037547
0.013588
-0.022339
-0.010365
0.037543
0.001613
0.001613
-0.118205
0.001613
0.001613
0.025588
0.001613
0.013598
-0.046337
-0.046360
-0.142445
0.037647
-0.142601
-0.046505
0.061756
-0.022440
-0.070581
-0.058588
0.085884
-0.010422
-0.058581
0.158042
0.037677
0.025648
0.037655
-0.046447
-0.010406
-0.046476
-0.022440
0.061734
0.025651
-0.106606
0.025672
-0.070581
-0.022463
-0.046557
-0.070685
-0.022498
-0.022504
-0.022510
-0.094936
0.049899
0.098115
0.025724
-0.046615
-0.034573
0.073972
-0.094877
-0.022524
0.025750
-0.034595
-0.082923
0.013694
-0.034634
0.013697
0.049934
0.001613
-0.034626
-0.034639
-0.046743
0.025794
0.037873
0.074094
0.001613
-0.022542
0.025767
0.025762
0.001613
-0.022536
-0.058785
0.013695
0.025773
0.049916
0.025756
0.049881
0.025738
0.037790
0.085976
-0.046586
-0.022495
-0.022501
0.049835
0.001613
0.001613
0.013665
-0.010439
0.061857
-0.046580
0.025712
0.085915
0.013650
0.025683
-0.046533
0.037725
-0.046539
-0.046562
0.001613
0.061828
-0.082699
0.025709
0.134039
0.121849
-0.058487
0.037677
-0.082557
-0.022449
0.145896
0.037651
0.241536
0.037552
0.193069
-0.034257
-0.082134
0.049477
0.037496
-0.130021
-0.010362
-0.070269
0.001613
0.037560
-0.010368
-0.118277
-0.106411
0.073642
-0.082426
-0.070476
-0.166798
-0.034512
-0.022478
0.025703
0.097917
-0.010420
-0.010422
-0.046539
0.037729
0.157966
-0.082547
0.001613
0.061734
0.013633
-0.082557
0.001613
0.073763
0.121747
-0.022402
-0.022408
0.085662
-0.130495
-0.178817
-0.191205
0.025735
0.013672
-0.046632
0.061916
-0.034564
-0.010449
-0.010451
-0.010452
-0.034591
-0.010458
0.049887
0.013678
0.025738
0.001613
0.001613
0.013673
0.025730
-0.010445
-0.046632
0.013676
0.025735
0.025730
-0.046626
0.049852
0.037777
0.001613
-0.010440
0.001613
0.001613
0.013666
-0.010440
-0.010442
0.001613
0.001613
0.013668
0.001613
0.001613
0.013666
0.001613
-0.022495
0.013668
0.001613
0.001613
0.001613
0.001613
-0.010442
-0.010443
0.025724
0.013666
0.001613
0.001613
0.013665
0.001613
0.001613
0.013663
-0.010437
0.037760
-0.010435
0.001613
0.001613
0.013660
-0.034534
0.013663
0.001613
-0.010437
0.037760
0.013659
-0.010433
0.001613
0.001613
0.025703
-0.010432
0.001613
-0.010433
0.025703
0.001613
0.001613
-0.010432
0.001613
0.001613
0.001613
0.013657
-0.010432
-0.010433
-0.022483
0.025709
-0.034534
0.025712
-0.022486
0.013663
-0.022489
0.025715
0.013662
0.025706
-0.022481
0.013660
0.013659
0.025701
-0.046568
-0.010436
0.001613
-0.034543
0.037768
-0.010437
0.037760
-0.010435
0.001613
-0.022486
0.013663
0.001613
-0.046597
-0.010443
-0.022504
0.001613
0.037786
0.001613
0.001613
0.025721
0.025715
-0.022489
-0.034551
0.025724
-0.010442
0.013668
-0.022498
0.001613
-0.010445
0.001613
0.001613
0.037781
0.001613
-0.022498
0.037777
0.001613
0.001613
0.001613
0.001613
0.025715
0.001613
0.013662
0.025706
0.013657
0.025698
0.001613
-0.022472
0.001613
0.037738
-0.022469
0.025695
-0.022469
0.001613
0.025695
-0.022469
0.013655
0.013653
0.001613
-0.034512
0.013656
0.001613
-0.010430
-0.010432
0.001613
0.049782
0.001613
0.013652
0.001613
0.025686
0.001613
-0.022460
-0.034508
-0.010430
0.013656
-0.034521
-0.022483
0.025709
0.001613
-0.010435
-0.010436
-0.022489
0.001613
-0.022495
0.013668
-0.022498
0.037777
0.025715
-0.022489
0.025715
-0.046597
0.013668
-0.010442
-0.022501
-0.010446
-0.010448
-0.022513
0.037799
-0.058704
-0.022524
0.025750
-0.010455
-0.058748
-0.046702
-0.058814
0.013701
0.049951
-0.010470
0.062010
0.037834
0.025753
0.013681
-0.094970
END
