y[]
0.011390
0.023342
-0.012521
-0.000567
-0.024479
-0.024484
-0.012528
-0.072363
-0.072414
0.011412
-0.012545
0.023388
-0.012543
0.011410
-0.036501
-0.048500
-0.012553
-0.012555
-0.060529
-0.012564
-0.156657
0.047487
0.011443
0.035454
-0.036588
-0.024588
-0.000567
0.035463
-0.000567
-0.000567
-0.000567
-0.012575
0.011442
0.011440
-0.012574
0.023446
-0.000567
0.071436
-0.000567
0.011429
-0.012562
0.035415
0.011424
-0.012558
-0.012559
0.023417
-0.000567
-0.000567
-0.072535
-0.012566
-0.012568
0.011435
-0.024571
0.059432
-0.048563
0.047429
0.023423
-0.024556
-0.012564
0.095368
0.011419
0.011417
-0.000567
-0.000567
-0.024536
-0.012553
-0.012555
0.011422
-0.000567
-0.000567
-0.024545
-0.012558
-0.024553
-0.024559
0.011430
0.011429
0.023420
0.023414
0.011422
0.035389
-0.060501
-0.012558
0.011424
0.035398
-0.012553
-0.132517
0.011436
-0.012569
0.023437
0.011433
0.023429
-0.012564
0.035420
0.023417
-0.000567
-0.036544
-0.036557
0.011432
-0.012565
-0.084595
-0.036601
0.023457
0.011443
0.035454
0.023440
0.047429
0.179214
0.059288
-0.048448
0.083210
-0.060400
-0.096375
-0.072483
0.035398
-0.096501
0.035420
-0.108565
-0.096663
-0.120817
-0.012600
0.047557
0.071575
0.059511
-0.036609
-0.048644
0.011455
0.059519
-0.120773
0.011461
-0.072751
0.047562
0.035515
0.047522
0.071523
-0.012578
-0.000567
0.023454
-0.048615
-0.060659
0.035493
0.047493
0.059475
0.179343
0.059332
-0.036501
-0.036514
-0.024539
-0.000567
-0.024545
0.047383
-0.000567
-0.072500
0.047395
0.023406
0.011417
-0.036523
0.023406
0.011417
-0.000567
0.011416
-0.000567
0.035372
0.047332
0.023374
-0.036480
-0.000567
-0.024516
-0.000567
0.035355
0.011404
0.095150
0.035303
-0.012522
-0.012523
-0.060372
0.035321
-0.012528
-0.000567
-0.012529
-0.012531
-0.024499
-0.000567
-0.000567
-0.024504
-0.000567
0.023371
-0.072397
0.011409
0.023380
-0.000567
-0.012539
0.047315
-0.000567
-0.012535
-0.048454
0.023380
0.023374
-0.000567
-0.072406
0.047332
0.011404
-0.000567
-0.048459
0.023383
-0.000567
-0.012541
-0.000567
0.011407
0.011406
0.011404
-0.048459
0.035355
0.011404
-0.012538
-0.036488
-0.000567
-0.084434
0.035385
0.011414
0.011413
0.011412
-0.024525
0.083261
0.083190
-0.024490
-0.012531
-0.012532
0.035325
0.011394
-0.000567
-0.024490
-0.000567
-0.036463
-0.012535
0.083180
-0.024487
-0.012529
-0.024496
0.035325
-0.024493
-0.012532
-0.036471
-0.012538
-0.048465
0.119136
0.011396
0.023354
0.011391
-0.000567
0.011390
-0.000567
0.023342
-0.000567
-0.012521
-0.000567
-0.000567
0.011387
-0.024476
0.011389
-0.024479
-0.000567
0.011390
-0.000567
0.011389
0.011387
-0.012521
-0.000567
0.023340
-0.000567
0.011384
-0.048379
-0.000567
-0.012523
-0.012525
0.011391
0.023345
-0.012522
0.011389
-0.000567
-0.012522
-0.000567
0.011389
-0.012522
0.011389
-0.012522
0.011389
-0.012522
0.011389
-0.000567
-0.000567
-0.000567
-0.012522
-0.000567
-0.012523
-0.012525
-0.036450
0.011396
0.011394
-0.012528
-0.000567
-0.000567
-0.000567
-0.012529
0.011396
-0.012529
-0.000567
-0.000567
0.023357
-0.000567
-0.012528
-0.024493
-0.000567
-0.012532
-0.000567
-0.000567
-0.000567
-0.000567
0.011399
-0.012532
-0.000567
0.011399
-0.024499
-0.000567
-0.000567
-0.012535
0.071221
-0.012528
-0.012529
0.011396
-0.000567
0.011394
-0.012528
-0.012529
0.011396
0.011394
-0.000567
-0.000567
0.023351
-0.012525
-0.000567
-0.012526
-0.024490
-0.012531
0.011397
-0.000567
-0.000567
-0.000567
-0.012531
-0.000567
-0.000567
-0.012532
0.011399
-0.000567
-0.024499
0.011400
-0.000567
-0.000567
-0.000567
0.011399
-0.000567
-0.012532
-0.000567
0.011399
-0.000567
-0.000567
0.023360
0.023354
-0.000567
-0.000567
-0.012526
-0.012528
-0.000567
-0.000567
-0.000567
-0.012529
-0.012531
-0.000567
0.011397
0.011396
-0.012529
-0.012531
0.011397
-0.000567
-0.000567
-0.000567
-0.000567
0.011396
-0.012529
-0.012531
0.011397
0.011396
-0.000567
-0.000567
-0.000567
-0.000567
0.011394
-0.012528
0.011394
-0.012528
-0.000567
0.011394
-0.012528
-0.000567
-0.000567
0.011394
-0.012528
-0.000567
-0.000567
-0.000567
-0.000567
-0.000567
-0.000567
-0.000567
0.011394
-0.012528
-0.000567
0.011394
-0.012528
-0.000567
-0.000567
-0.000567
-0.000567
0.011394
-0.012528
-0.012529
-0.012531
0.023360
-0.012529
-0.000567
-0.000567
-0.000567
-0.012531
-0.000567
-0.000567
-0.000567
-0.024499
-0.012535
-0.024507
-0.000567
-0.012539
-0.000567
-0.000567
-0.000567
0.011406
0.011404
-0.000567
-0.000567
0.011403
-0.000567
-0.000567
0.023368
0.011399
-0.024499
-0.000567
-0.012535
-0.024507
-0.012539
-0.000567
0.011406
-0.024513
0.023380
-0.000567
-0.036488
0.047326
-0.000567
-0.012538
0.035342
0.011400
0.023362
-0.000567
-0.024496
-0.012533
0.023365
0.035321
-0.024490
-0.000567
0.011396
-0.024493
0.011397
-0.024496
0.011399
-0.000567
-0.000567
0.011397
-0.024496
-0.000567
0.011399
0.023360
0.023354
0.071161
0.071109
0.023314
-0.060279
0.047206
-0.012508
0.023314
0.023308
0.047166
-0.036364
-0.012502
-0.012503
-0.000567
-0.012505
-0.012506
-0.000567
-0.012508
-0.012509
0.023317
-0.000567
-0.000567
-0.000567
0.011373
0.011371
0.023305
-0.000567
-0.012502
-0.036381
-0.000567
-0.012508
-0.024453
0.011377
-0.000567
0.023317
0.011373
0.023308
0.059096
-0.012496
0.023291
0.011360
0.023283
-0.036343
-0.000567
-0.000567
-0.012495
0.023288
0.011359
-0.012492
-0.012493
0.011360
-0.024422
-0.000567
-0.012496
-0.000567
-0.000567
-0.024430
0.035226
-0.012496
0.011363
-0.024427
-0.024433
0.011367
0.047155
-0.024424
0.011363
-0.000567
-0.012496
0.011363
-0.000567
-0.000567
-0.036360
-0.012501
0.023300
0.011364
-0.012498
0.035222
0.011360
0.059046
-0.024407
-0.000567
-0.036338
-0.000567
-0.024422
0.047138
-0.024416
0.023283
0.011356
-0.012489
-0.036343
-0.012495
0.023288
-0.000567
-0.024422
-0.000567
0.011362
0.011360
0.011359
-0.000567
-0.000567
0.047121
0.070921
-0.024390
-0.024396
-0.012483
-0.036326
0.011354
-0.000567
-0.000567
-0.048260
0.047126
-0.000567
0.082841
0.047064
0.011337
-0.024376
-0.024382
0.094660
-0.036266
-0.012469
-0.036283
-0.024385
0.011343
-0.000567
0.011342
0.011340
-0.024382
0.023249
-0.000567
0.035145
-0.095827
0.035167
0.011342
0.011340
0.047047
-0.024371
-0.000567
0.011336
-0.012469
0.011336
-0.012469
0.035137
-0.024368
-0.012469
-0.024376
-0.012474
-0.012475
0.011342
-0.048208
-0.048231
0.047098
-0.012481
0.023260
-0.072063
-0.036334
0.011357
-0.000567
0.035197
-0.000567
-0.000567
0.035184
-0.000567
0.047081
-0.012476
0.035158
-0.024382
-0.024388
-0.000567
-0.000567
0.023254
-0.000567
0.011342
-0.036296
0.035163
-0.024385
-0.060137
-0.000567
0.047092
0.011344
-0.012478
-0.000567
0.023254
-0.012476
0.023251
0.023246
-0.000567
-0.000567
0.023240
-0.024373
0.011337
0.047035
-0.000567
0.011330
-0.012464
0.047013
0.094524
-0.036215
0.023200
-0.000567
0.011315
-0.012448
-0.024334
0.011318
-0.012451
-0.024339
0.011320
-0.000567
0.011319
0.035082
0.011313
-0.024328
0.011315
-0.000567
-0.000567
-0.059988
-0.000567
0.011320
0.011319
-0.048118
0.035099
0.035086
0.023195
-0.012447
0.046945
-0.012442
-0.024322
-0.024328
-0.012450
0.035078
-0.036211
0.011316
-0.024334
-0.048118
0.023212
-0.000567
-0.000567
-0.036236
0.058876
-0.012452
-0.012454
-0.036236
-0.060044
-0.024368
-0.048186
0.047052
-0.000567
-0.012469
-0.000567
-0.036283
END
