y[]
-0.000153
0.012362
-0.000153
-0.012668
0.012362
-0.000153
0.012361
-0.012666
0.012361
-0.000153
-0.000153
0.012359
-0.000153
-0.012664
-0.000153
-0.000153
-0.000153
-0.012666
0.012361
-0.000153
-0.000153
-0.000153
0.012359
-0.012664
-0.000153
-0.000153
-0.000153
0.012359
-0.000153
-0.000153
-0.000153
-0.000153
0.024866
-0.012661
-0.000153
-0.000153
-0.000153
-0.000153
-0.000153
-0.000153
-0.000153
-0.012663
-0.012664
-0.000153
-0.000153
0.012359
-0.012664
0.012359
-0.000153
0.012357
-0.012663
-0.000153
-0.000153
0.024866
-0.012661
-0.012663
0.012357
-0.000153
-0.000153
-0.000153
-0.012663
-0.000153
0.012357
-0.025175
0.012359
-0.000153
-0.000153
-0.000153
-0.000153
-0.012664
-0.000153
0.012359
0.012357
-0.012663
0.024866
-0.000153
-0.000153
-0.000153
-0.000153
-0.012661
0.024863
0.012353
-0.012658
0.012353
-0.000153
0.012351
0.012350
0.012348
0.012346
0.012345
0.037331
0.012339
-0.000153
0.037312
0.062258
-0.037594
-0.000153
-0.012636
-0.000153
-0.000153
-0.012638
-0.012639
-0.037622
0.024829
-0.025134
-0.000153
0.024829
-0.000153
-0.000153
-0.000153
0.012336
-0.012641
0.012336
-0.000153
-0.025131
0.012337
0.012336
-0.000153
-0.012641
0.024822
-0.012639
-0.025131
-0.000153
-0.012644
-0.000153
-0.000153
-0.012646
-0.000153
-0.012647
-0.025147
-0.012652
0.024844
-0.012650
0.024841
-0.012649
0.024838
-0.000153
-0.050140
-0.012654
-0.000153
0.012348
0.024844
-0.012650
-0.012652
0.012346
0.024841
-0.000153
-0.037646
0.024844
0.012343
0.024835
-0.012646
0.012340
0.024829
-0.000153
-0.012643
-0.000153
0.037312
-0.012639
-0.000153
0.012334
-0.012639
-0.012641
0.024822
-0.000153
-0.000153
-0.037618
0.012337
-0.012643
-0.000153
-0.012644
0.037317
0.012334
-0.000153
-0.000153
0.012332
-0.000153
-0.025125
-0.012641
-0.012643
-0.000153
-0.012644
0.012339
-0.037632
0.037326
-0.000153
-0.037632
0.024835
-0.000153
-0.012646
0.012340
-0.000153
-0.050134
-0.000153
-0.025153
0.012348
-0.025156
0.012350
-0.012655
-0.000153
-0.000153
-0.000153
-0.025162
0.012353
-0.037674
-0.000153
0.037368
0.012351
-0.000153
-0.000153
-0.012657
-0.000153
0.024854
-0.000153
-0.012655
-0.012657
0.012351
-0.075200
0.024869
-0.037688
0.024872
-0.025178
-0.050222
-0.062774
-0.000153
-0.000153
0.012375
-0.012680
-0.000153
-0.012682
-0.100441
-0.037787
0.087638
-0.000153
-0.000153
-0.037768
0.037462
-0.025228
0.024922
0.024916
0.012379
0.012378
-0.025215
0.024910
0.037429
-0.012679
-0.000153
0.037420
0.037406
-0.000153
-0.000153
0.012364
0.012362
0.037382
-0.025175
0.024869
-0.012663
-0.012664
0.037378
0.037364
0.049847
-0.000153
0.024838
-0.025143
-0.012650
0.024841
-0.000153
-0.012649
0.024838
0.024832
-0.037632
-0.012649
-0.012650
-0.025153
0.012348
-0.025156
0.012350
-0.012655
0.012350
-0.012655
-0.025162
-0.000153
-0.000153
-0.012660
-0.025172
0.037373
-0.000153
-0.000153
0.012353
0.037354
-0.037660
0.012351
-0.000153
-0.012657
0.012351
-0.012657
-0.000153
-0.012658
-0.025168
-0.025175
0.037378
-0.012661
-0.000153
-0.012663
0.012357
-0.000153
-0.012663
-0.000153
-0.012664
0.012359
-0.000153
-0.000153
0.012357
-0.000153
0.024863
-0.000153
0.012353
-0.012658
-0.012660
-0.012661
0.012356
-0.000153
0.012354
-0.025168
-0.012663
-0.000153
-0.012664
-0.025181
0.024875
-0.000153
-0.012666
0.012361
-0.000153
-0.000153
0.037378
-0.062711
-0.000153
0.024875
-0.000153
0.024869
-0.000153
-0.025175
0.012359
-0.012664
-0.000153
0.024869
0.062375
-0.025159
0.012351
0.024850
-0.000153
0.012346
0.012345
0.037331
-0.000153
-0.050134
-0.000153
-0.012652
0.012346
-0.012652
-0.012654
-0.000153
0.012348
-0.025156
0.012350
-0.012655
-0.037669
0.012354
-0.012660
-0.012661
-0.000153
-0.000153
0.012356
-0.000153
-0.000153
0.012354
-0.000153
-0.012660
0.012354
0.062359
-0.025153
-0.012655
0.024850
0.012346
-0.037655
0.012350
0.012348
-0.000153
-0.000153
0.012346
-0.012652
-0.000153
-0.012654
-0.000153
-0.000153
-0.000153
-0.000153
-0.000153
-0.000153
0.012348
-0.000153
-0.012654
-0.000153
-0.000153
-0.000153
-0.000153
0.012348
-0.012654
-0.000153
0.012348
-0.012654
0.012348
-0.025156
0.024850
-0.000153
-0.000153
-0.000153
-0.000153
-0.000153
-0.000153
-0.000153
-0.000153
-0.000153
-0.000153
-0.000153
-0.000153
-0.000153
-0.000153
-0.000153
0.012346
-0.012652
-0.000153
-0.000153
-0.000153
0.012346
-0.000153
-0.000153
-0.000153
-0.000153
-0.000153
-0.000153
-0.000153
-0.000153
-0.012652
0.012346
-0.000153
-0.012652
-0.000153
-0.000153
-0.000153
-0.000153
-0.000153
0.037340
-0.000153
-0.012649
-0.000153
-0.000153
0.012343
0.012342
-0.000153
-0.000153
-0.012647
-0.000153
-0.000153
-0.000153
-0.012649
-0.000153
-0.000153
0.012343
-0.000153
-0.000153
-0.012649
-0.000153
0.012343
-0.000153
-0.000153
-0.012649
0.012343
-0.000153
-0.000153
-0.000153
-0.000153
-0.012649
0.012343
-0.000153
-0.000153
-0.000153
-0.000153
-0.000153
0.012342
-0.000153
-0.000153
-0.012647
-0.000153
-0.000153
-0.000153
-0.000153
-0.000153
-0.000153
-0.012649
0.012343
-0.000153
-0.012649
0.012343
-0.000153
-0.000153
-0.000153
-0.000153
-0.000153
-0.000153
-0.000153
-0.000153
-0.000153
-0.012649
0.012343
-0.000153
-0.000153
0.024835
-0.012646
-0.000153
-0.012647
0.012342
-0.000153
0.012340
-0.025140
-0.000153
-0.000153
-0.000153
-0.000153
0.012342
-0.000153
0.012340
-0.012646
0.012340
-0.000153
-0.012646
-0.000153
0.012340
-0.012646
-0.012647
-0.000153
0.012342
-0.012647
-0.000153
0.012342
-0.000153
0.012340
-0.000153
-0.000153
-0.012646
-0.000153
-0.012647
-0.000153
-0.012649
-0.012650
0.012345
-0.012650
-0.000153
-0.000153
0.012345
-0.000153
-0.037650
-0.000153
0.012348
-0.000153
0.012346
-0.012652
-0.000153
-0.000153
-0.025156
-0.012657
-0.012658
-0.012660
0.024860
-0.012658
-0.000153
-0.000153
0.024857
-0.025162
0.024857
0.037350
0.012345
-0.025150
0.024844
0.012343
-0.012649
-0.000153
-0.000153
-0.012650
0.012345
-0.000153
-0.037650
0.012348
-0.000153
-0.012654
-0.012655
-0.000153
-0.012657
-0.025165
-0.000153
0.012354
-0.012660
0.012354
-0.000153
-0.012660
-0.000153
-0.012661
-0.062719
0.049904
-0.000153
-0.000153
0.012357
-0.000153
0.024863
-0.012660
0.024860
-0.025165
-0.012661
0.024863
-0.000153
0.012353
-0.000153
-0.000153
-0.012658
-0.000153
-0.000153
0.012353
-0.000153
-0.000153
-0.000153
0.012351
-0.012657
0.012351
0.012350
0.024847
-0.012652
0.024844
0.012343
-0.000153
0.012342
0.012340
-0.000153
-0.012646
-0.000153
-0.012647
0.024835
-0.000153
-0.012646
0.012340
-0.012646
-0.025143
-0.000153
-0.012650
-0.012652
-0.000153
0.012346
-0.000153
-0.012652
0.012346
-0.012652
-0.012654
0.012348
-0.012654
0.012348
-0.000153
-0.012654
-0.012655
0.012350
-0.012655
-0.025162
0.024857
0.012350
0.024847
-0.000153
0.012345
-0.025150
-0.012654
0.012348
0.012346
-0.000153
-0.012652
-0.000153
-0.000153
-0.000153
0.012346
-0.000153
-0.000153
-0.037655
-0.000153
-0.000153
-0.012657
-0.012658
0.024857
-0.025162
-0.000153
-0.000153
-0.025168
0.012356
-0.000153
-0.000153
0.012354
-0.000153
0.012353
-0.000153
-0.000153
-0.000153
-0.012658
-0.000153
0.012353
0.012351
-0.000153
-0.025162
0.012353
0.012351
-0.000153
0.012350
-0.012655
0.024850
-0.012654
-0.012655
0.012350
-0.000153
-0.012655
0.024850
-0.000153
-0.012654
-0.000153
-0.000153
-0.000153
-0.012655
0.012350
-0.000153
-0.000153
-0.000153
-0.000153
-0.012655
0.012350
END
