y[]
-0.013546
-0.000409
0.012727
-0.013546
0.012727
-0.013546
-0.000409
-0.000409
-0.000409
-0.000409
-0.000409
-0.000409
-0.000409
-0.000409
-0.000409
0.012727
-0.013546
0.012727
-0.013546
-0.013547
0.012729
-0.013547
0.012729
0.012727
-0.000409
-0.000409
0.012725
-0.013544
0.012725
-0.000409
-0.000409
-0.000409
-0.000409
0.012724
-0.013542
-0.000409
0.012724
-0.013542
-0.000409
0.012724
-0.000409
-0.026677
-0.000409
-0.000409
-0.000409
-0.000409
-0.000409
0.012725
-0.013544
-0.013546
-0.013547
-0.000409
-0.013549
-0.013551
-0.000409
-0.000409
-0.000409
-0.000409
-0.000409
-0.000409
0.012732
0.012730
-0.000409
-0.000409
-0.000409
-0.013549
-0.000409
-0.000409
0.012730
-0.013549
0.025868
0.012727
-0.000409
-0.000409
-0.013546
-0.000409
-0.000409
-0.000409
-0.026687
-0.000409
0.012730
-0.000409
-0.013549
-0.000409
0.012730
0.012729
0.012727
-0.000409
-0.000409
0.025858
-0.013542
-0.026680
0.012727
0.038989
-0.000409
-0.026673
0.012724
0.012722
-0.013540
-0.000409
-0.000409
0.025851
-0.000409
0.012718
0.038963
-0.013532
-0.000409
0.012713
-0.000409
0.025831
-0.013528
0.012710
-0.013528
-0.000409
-0.000409
-0.000409
-0.000409
0.012710
-0.000409
-0.013528
-0.000409
-0.013530
-0.013532
-0.000409
-0.000409
-0.013534
-0.013535
-0.000409
0.012717
-0.013535
-0.000409
0.025841
0.012713
-0.000409
-0.013532
-0.000409
-0.000409
0.012713
-0.000409
0.012711
-0.000409
0.012710
0.012708
-0.026646
-0.000409
0.012710
-0.013528
-0.013530
-0.013532
-0.000409
-0.000409
-0.000409
-0.000409
-0.000409
-0.000409
-0.000409
-0.013534
0.012715
-0.013534
-0.013535
0.025841
-0.013534
-0.026663
0.025844
-0.013535
-0.000409
-0.026666
-0.000409
-0.013540
-0.013542
-0.000409
0.012724
-0.000409
-0.013542
0.012724
-0.013542
-0.013544
-0.000409
-0.013546
0.025862
-0.000409
-0.013544
0.038989
0.012720
-0.026670
0.012722
0.012720
0.038969
-0.000409
-0.013534
0.012715
-0.052917
0.025848
-0.000409
-0.000409
0.012717
0.025837
-0.013532
0.012713
-0.026656
-0.000409
-0.000409
0.012715
-0.013534
0.025837
-0.013532
-0.000409
-0.013534
0.052077
-0.039772
-0.026659
0.091436
-0.000409
0.012705
-0.000409
-0.000409
0.012703
-0.079108
0.052063
-0.039761
0.038943
-0.013525
0.038932
0.038917
0.025800
0.012693
-0.013511
-0.000409
0.038891
-0.000409
-0.013508
-0.039715
0.025796
-0.000409
-0.000409
0.012691
-0.026611
0.025793
-0.013509
0.025789
-0.000409
-0.000409
-0.013508
0.012689
-0.013508
-0.026611
-0.052834
0.025806
-0.026625
-0.013520
0.012701
0.012699
-0.000409
0.012698
-0.013516
-0.052855
0.025817
-0.000409
0.012701
-0.000409
-0.013520
-0.013521
-0.013523
0.025817
0.025810
0.012698
-0.026625
-0.000409
-0.013520
-0.065987
-0.000409
-0.013530
0.025831
0.012708
0.038932
-0.026635
0.012705
0.025813
-0.000409
-0.039746
-0.013525
0.025820
-0.039756
-0.000409
0.012708
-0.000409
-0.000409
0.038932
-0.000409
-0.013521
-0.013523
-0.000409
-0.013525
-0.026646
-0.013530
0.038948
-0.000409
0.012706
0.025817
-0.013521
0.038922
-0.013518
-0.013520
0.012701
-0.026632
0.012703
0.012701
-0.026632
0.012703
-0.000409
0.025810
0.012698
-0.000409
-0.000409
-0.052848
0.012703
-0.000409
-0.000409
-0.000409
-0.013521
0.012703
0.025810
-0.000409
-0.000409
0.012698
0.012696
-0.013515
0.012696
-0.000409
0.038896
0.012689
-0.013508
0.012689
-0.000409
0.012687
-0.026604
-0.000409
-0.013509
0.038886
0.025779
-0.000409
0.012682
-0.000409
-0.013501
-0.052793
0.051974
-0.026598
0.012686
0.012684
-0.026598
0.012686
-0.013504
0.025779
0.012682
-0.013501
-0.000409
-0.013503
0.025776
-0.000409
-0.013501
-0.000409
-0.000409
0.012682
-0.013501
-0.000409
-0.013503
-0.000409
0.012684
-0.000409
-0.000409
-0.013503
-0.013504
-0.000409
-0.000409
-0.026604
0.012689
-0.013508
-0.013509
0.012691
0.012689
-0.013508
-0.000409
-0.000409
0.012689
-0.000409
-0.000409
-0.013508
-0.000409
-0.000409
0.025786
-0.013506
-0.000409
-0.000409
-0.000409
0.012687
-0.000409
-0.013506
0.012687
-0.000409
-0.000409
0.012686
-0.000409
-0.013504
0.012686
-0.013504
-0.000409
0.012686
-0.000409
-0.000409
-0.000409
-0.013504
-0.000409
-0.013506
0.012687
-0.000409
-0.000409
0.012686
-0.000409
-0.013504
-0.000409
-0.000409
0.012686
-0.000409
-0.013504
0.012686
-0.013504
0.012686
0.012684
-0.013503
-0.000409
0.012684
-0.013503
0.012684
-0.000409
-0.000409
-0.000409
-0.000409
-0.013503
-0.000409
0.012684
0.012682
0.025769
-0.013497
-0.000409
-0.000409
-0.000409
-0.000409
-0.013499
0.012681
-0.000409
-0.026591
-0.000409
0.012682
0.012681
-0.000409
-0.013499
-0.000409
-0.013501
-0.000409
-0.000409
0.012682
-0.000409
-0.000409
0.012681
-0.013499
0.012681
-0.013499
-0.000409
-0.000409
-0.013501
-0.000409
-0.013503
-0.000409
0.012684
-0.000409
-0.013503
0.012684
-0.013503
-0.000409
0.012684
-0.000409
-0.013503
-0.013504
-0.000409
0.012686
-0.000409
-0.013504
0.012686
-0.000409
-0.000409
-0.013504
0.025779
0.012682
-0.013501
0.012682
-0.013501
-0.000409
0.012682
-0.013501
0.012682
-0.000409
-0.000409
-0.000409
-0.000409
-0.000409
0.012681
-0.013499
-0.000409
-0.000409
-0.000409
-0.000409
0.012681
-0.000409
-0.013499
-0.000409
0.012681
-0.000409
0.012679
-0.013497
-0.000409
-0.013499
0.012681
0.012679
-0.000409
-0.000409
-0.000409
0.012677
0.012675
0.025755
-0.000409
-0.013491
-0.013492
0.012674
0.012672
0.012670
0.012669
-0.026567
-0.013491
0.025752
-0.000409
-0.026570
-0.013492
0.025755
0.012670
-0.000409
0.012669
-0.000409
0.012667
-0.000409
-0.000409
-0.000409
-0.000409
-0.013485
-0.039648
-0.039663
0.012677
-0.000409
0.012675
-0.000409
-0.000409
-0.000409
-0.013494
-0.013496
-0.013497
-0.000409
-0.000409
-0.013499
0.025769
-0.013497
-0.000409
0.025765
-0.026584
0.038850
-0.013494
-0.026584
-0.026591
0.012682
-0.013501
-0.000409
0.012682
0.025769
-0.013497
-0.000409
-0.000409
-0.013499
-0.000409
-0.000409
-0.000409
-0.000409
-0.000409
0.038855
-0.000409
-0.000409
0.012675
-0.000409
-0.000409
-0.000409
0.012674
-0.000409
-0.000409
0.012672
-0.013491
-0.026577
0.012675
-0.013494
-0.000409
-0.000409
0.012675
-0.000409
-0.000409
-0.000409
0.012674
-0.026577
0.012675
0.012674
0.025752
-0.000409
-0.000409
0.012669
0.025741
-0.013484
0.025738
-0.000409
0.012662
-0.013480
-0.000409
0.012662
-0.000409
-0.013480
0.025731
-0.000409
0.012658
-0.013477
-0.000409
-0.000409
0.012658
-0.000409
0.025721
-0.000409
-0.013474
-0.013475
0.012657
-0.026543
-0.000409
-0.000409
-0.000409
-0.026550
0.025731
-0.000409
0.012658
-0.000409
-0.013477
-0.000409
-0.000409
-0.039622
-0.000409
-0.013484
0.012665
-0.013484
0.012665
-0.013484
0.012665
-0.000409
-0.000409
-0.000409
-0.013484
-0.013485
-0.000409
0.012667
0.012665
-0.000409
0.012663
0.012662
-0.000409
-0.026553
0.012663
-0.026557
-0.000409
-0.000409
-0.026563
-0.026570
-0.052752
-0.013499
0.038855
-0.000409
-0.013496
-0.039679
-0.026598
-0.013506
0.012687
-0.013506
0.025782
-0.000409
0.012684
0.012682
-0.000409
0.012681
-0.026591
-0.000409
-0.039694
0.038876
-0.052793
-0.039715
0.025796
0.025789
0.025782
0.025776
0.051940
-0.026580
-0.065867
-0.039705
-0.052827
0.012698
0.038901
-0.118388
0.052043
-0.039746
-0.013525
-0.013527
0.078269
0.012698
-0.013516
-0.000409
-0.000409
-0.039741
-0.013523
-0.039761
-0.013530
0.052063
-0.000409
0.052036
-0.026628
0.065126
-0.000409
0.012693
0.038886
-0.000409
END
