y[]
-0.268538
-0.071356
-0.216566
0.139683
0.099959
-0.005484
0.034029
0.204987
0.033930
0.269980
0.020711
0.203831
-0.227895
0.151564
-0.097065
0.073019
-0.018564
-0.097089
0.112278
0.373032
0.436477
-0.083335
-0.148369
0.461382
-0.238645
-0.161227
0.007504
0.150239
0.214709
-0.277558
0.020460
0.305317
0.214083
-0.250915
0.059161
0.136589
-0.031300
0.071945
0.097662
-0.082834
-0.018381
0.033203
-0.069971
-0.095836
0.097768
0.110548
-0.031257
-0.044156
-0.108683
-0.005484
-0.031300
0.033238
0.033223
-0.018385
-0.044196
-0.031300
0.059045
0.033213
0.020306
-0.005484
0.033188
0.084693
0.007392
-0.056997
-0.134383
0.058986
-0.005484
-0.031267
0.007408
0.007407
0.007405
-0.031264
-0.005484
-0.018376
0.033188
0.007403
-0.005484
-0.005484
-0.018371
0.007403
-0.005484
0.007402
-0.031257
-0.031264
0.007407
-0.031267
-0.005484
-0.069971
0.071895
-0.018376
-0.018378
-0.018380
0.007412
-0.005484
0.020302
-0.069963
-0.044191
0.007420
-0.005484
0.059011
0.033193
-0.005484
-0.005484
0.123332
-0.082754
0.007398
0.020276
0.251751
-0.069731
-0.082635
0.033099
0.033084
-0.159845
-0.005484
-0.018358
-0.108537
0.046056
-0.005484
-0.069913
0.033178
0.033163
0.046023
0.033128
-0.018353
0.058845
-0.069813
-0.005484
-0.018355
0.033124
0.058829
0.007374
-0.031201
0.007375
-0.108404
0.058854
0.045956
0.033079
0.097278
-0.031165
0.045870
-0.082526
-0.005484
-0.095441
0.084473
0.135714
-0.043973
0.033005
-0.082476
-0.056845
0.033039
0.033024
0.020180
-0.043983
-0.031158
-0.056852
-0.069731
0.007369
0.033064
-0.056885
-0.044052
0.020230
0.058771
-0.069739
0.084461
-0.031174
0.007362
-0.031178
0.007364
-0.056885
-0.018338
-0.044057
-0.134168
0.007392
-0.031237
-0.057011
0.058920
-0.018362
-0.031244
0.020276
0.058887
-0.044102
0.020263
-0.031231
0.007390
-0.018358
0.033133
-0.031227
-0.018358
0.007390
-0.005484
-0.044111
-0.031244
-0.005484
-0.044136
-0.057044
0.007408
-0.005484
0.007407
0.033178
-0.005484
0.020283
-0.044136
-0.031261
-0.018375
0.033183
-0.031261
-0.031267
0.020299
-0.057057
0.020306
-0.031274
-0.031281
-0.005484
-0.018385
0.059003
-0.057070
0.058995
0.007407
0.020292
0.020286
-0.044141
0.046056
-0.005484
-0.031251
0.007400
-0.121501
0.033203
0.020299
-0.005484
-0.044161
0.033193
-0.031267
-0.082873
-0.095847
-0.005484
-0.031317
0.033263
-0.005484
-0.018398
0.149375
0.084740
-0.005484
0.033158
0.046016
-0.005484
0.045989
0.174465
0.033034
-0.095383
0.007364
0.071567
-0.108233
0.007365
0.033054
-0.031174
-0.056885
-0.069772
0.020236
0.110175
0.071548
-0.043992
0.007354
0.404458
0.007300
-0.056628
-0.107851
0.032916
0.071272
0.109539
-0.043810
-0.005484
0.058385
0.045582
-0.043781
-0.069345
-0.056602
0.007298
-0.018266
-0.005484
-0.056628
0.020091
0.045647
0.032847
0.020062
-0.005484
0.032823
-0.094889
0.058385
-0.069353
0.045615
-0.018256
0.020059
-0.056576
0.262459
0.007257
0.032730
0.058174
-0.145585
-0.043727
0.096466
-0.018222
-0.030965
-0.030971
-0.005484
0.032745
-0.018225
-0.069215
-0.018235
-0.069264
-0.082073
0.007285
0.032813
0.020039
-0.018245
-0.018246
-0.043781
0.032813
0.096570
0.020013
0.007262
0.032745
-0.005484
0.019994
-0.056446
-0.056472
-0.018235
-0.069264
-0.005484
-0.018245
0.032793
-0.031001
0.083796
-0.056491
-0.005484
0.020023
-0.005484
-0.056504
-0.056530
-0.082103
-0.005484
-0.069378
0.135028
-0.069329
-0.043810
-0.094970
0.020091
-0.069435
-0.018279
-0.043879
0.122442
0.071193
0.045602
-0.056570
-0.056596
0.020075
-0.043825
0.020078
-0.069402
-0.069443
-0.018281
-0.043884
-0.056707
-0.031105
0.096962
0.045700
-0.005484
-0.018277
-0.069476
-0.018287
0.045719
0.096844
0.071193
-0.031037
0.109451
0.007278
0.020036
0.007274
-0.018242
0.083785
0.121905
-0.081898
-0.018225
-0.018227
0.045478
-0.018222
0.007254
-0.069190
-0.056478
-0.005484
0.058255
0.070949
-0.030955
0.058182
-0.081888
-0.005484
0.185416
0.108882
-0.005484
-0.272541
-0.005484
-0.043693
-0.183987
0.071056
0.070998
-0.184033
0.058320
0.134742
0.032725
-0.132905
0.147402
-0.005484
0.058149
-0.005484
-0.056388
-0.171100
0.223757
-0.005484
0.083524
-0.018195
0.070755
0.146820
-0.018167
0.057915
0.032536
-0.005484
0.057851
0.121066
-0.119372
0.083107
-0.157402
0.007185
-0.030823
0.108491
-0.119459
0.007186
-0.005484
-0.106891
-0.005484
-0.068916
-0.030868
0.108693
0.057891
0.045187
0.019842
-0.119502
0.133854
-0.056130
0.146376
0.120890
-0.056015
-0.056040
0.045072
-0.030759
0.045059
-0.030753
0.019784
0.057659
-0.005484
-0.030737
0.082872
-0.081213
-0.093907
0.070312
0.108102
0.120572
-0.093706
0.082738
-0.093706
-0.005484
0.019730
0.082716
0.007110
0.019699
-0.068452
-0.005484
-0.068492
0.019724
-0.018087
0.032321
-0.194651
-0.005484
0.007138
0.095437
-0.144277
-0.005484
-0.005484
0.082861
0.044964
0.007124
0.032330
-0.081127
-0.018097
-0.018098
-0.106456
-0.245702
0.108375
-0.094030
-0.335057
-0.005484
-0.018182
-0.005484
0.184811
-0.043514
-0.145051
0.045290
-0.310517
0.007244
-0.005484
-0.477514
0.032872
-0.184604
-0.274767
0.186935
0.058573
0.007323
0.148067
-0.082230
0.045686
0.007305
0.415623
0.045439
0.286821
-0.094356
-0.107149
0.134278
0.387344
0.045091
-0.030768
-0.043423
0.285012
0.170927
0.032278
0.019683
-0.018067
-0.043241
0.132889
0.032221
-0.030619
-0.080927
0.007094
0.032240
-0.018057
0.007089
-0.030632
0.032235
-0.005484
-0.018056
0.032226
-0.005484
-0.055767
0.007089
0.019657
0.007084
-0.018052
-0.080927
0.019670
-0.068381
0.019680
0.044824
0.007089
-0.030632
-0.030638
-0.018063
-0.005484
-0.005484
-0.018065
0.007097
-0.005484
-0.005484
-0.030648
-0.005484
0.007099
-0.043237
-0.018071
0.019689
-0.005484
-0.005484
-0.005484
0.007100
-0.005484
0.019680
-0.030648
-0.018068
0.007100
0.007099
-0.030651
0.032264
-0.018065
0.007097
-0.018065
-0.068413
0.057445
-0.005484
0.032254
-0.005484
0.019667
-0.005484
0.019661
-0.018056
0.007087
0.007086
-0.005484
0.044780
0.082417
-0.030591
-0.005484
0.044723
0.007064
-0.005484
-0.055685
0.007069
-0.043146
-0.018041
0.019629
-0.080842
-0.005484
0.007080
0.044755
-0.055723
-0.018048
-0.018049
0.007081
-0.018049
-0.005484
-0.043189
0.044786
-0.068326
-0.118699
-0.018071
-0.030663
0.070035
0.069978
-0.018057
-0.080956
0.007099
-0.043237
0.007102
-0.068429
-0.030673
-0.106303
-0.018094
0.057548
-0.005484
0.032316
0.019708
0.032292
0.032278
-0.055837
-0.055862
-0.030682
-0.068508
0.120524
-0.093673
-0.005484
-0.018089
-0.005484
-0.131619
-0.005484
0.019756
-0.131747
-0.005484
-0.005484
0.032411
-0.005484
0.007145
0.007143
-0.005484
-0.030740
-0.005484
-0.005484
-0.005484
-0.068651
0.045053
-0.030749
0.045040
-0.043375
-0.018117
0.007149
0.007148
-0.018116
-0.005484
0.019778
-0.005484
-0.018114
-0.018116
0.007148
-0.005484
0.007146
-0.005484
-0.005484
-0.030746
-0.005484
-0.005484
-0.018117
0.007149
0.019778
0.145955
0.007126
-0.055932
0.019743
0.095361
-0.106329
0.007127
-0.030708
0.032349
-0.182163
0.032402
-0.068635
-0.056034
0.019794
0.007153
0.045047
-0.018114
0.019775
0.095488
-0.018100
0.007132
0.044964
-0.018094
-0.055938
-0.068587
0.032383
-0.018105
-0.018106
0.032378
-0.005484
0.007133
-0.018102
0.070197
0.007124
-0.043313
-0.030711
-0.018100
0.032359
-0.030711
0.070178
-0.081146
END
