y[]
-0.000016
-0.000016
-0.023960
0.059832
-0.011983
-0.000016
0.011950
-0.000016
0.011949
-0.023948
-0.023954
0.023922
0.011950
0.023913
-0.023945
-0.035921
-0.023960
-0.000016
-0.023965
-0.000016
-0.011993
-0.023974
-0.023980
0.035927
-0.035959
0.047905
0.011961
-0.000016
-0.011993
0.035910
0.023927
-0.011987
-0.000016
0.023924
0.011952
-0.011984
0.011952
-0.011984
-0.000016
0.011952
-0.023954
-0.000016
-0.000016
0.047854
0.011948
-0.011980
-0.000016
-0.000016
-0.000016
-0.000016
-0.011982
0.011949
-0.000016
-0.000016
-0.000016
-0.011982
-0.000016
0.011949
-0.000016
0.011948
0.011946
-0.023943
-0.000016
-0.011982
0.011949
0.011948
-0.000016
-0.000016
0.011946
-0.000016
-0.000016
-0.011979
-0.011980
-0.011982
0.023913
-0.000016
-0.023945
0.011949
0.011948
0.011946
0.011945
-0.023940
0.011946
-0.011979
0.011946
0.011945
-0.011977
-0.000016
0.023904
-0.011976
-0.011977
0.035862
0.023896
-0.000016
-0.011972
-0.000016
-0.000016
-0.023931
0.011942
-0.011974
-0.000016
-0.000016
-0.000016
-0.011976
0.011943
-0.011976
0.011943
-0.000016
-0.000016
0.011942
-0.000016
-0.000016
0.011940
0.011939
-0.011972
-0.011973
-0.000016
-0.000016
-0.000016
-0.011974
0.011942
-0.011974
-0.000016
-0.000016
0.023899
-0.011973
-0.000016
-0.000016
-0.000016
-0.011974
0.011942
-0.000016
0.011940
-0.000016
-0.000016
-0.011973
-0.000016
0.011940
-0.000016
0.011939
0.011938
-0.000016
-0.000016
-0.000016
-0.000016
-0.011970
0.011938
-0.000016
-0.000016
0.011936
-0.000016
-0.000016
-0.011969
-0.011970
-0.000016
-0.000016
0.023890
-0.011969
-0.000016
-0.000016
-0.023925
-0.000016
0.011939
-0.011972
-0.000016
0.011939
-0.011972
-0.011973
-0.000016
-0.000016
-0.000016
-0.000016
-0.000016
-0.000016
-0.000016
-0.011974
-0.000016
0.011942
-0.011974
0.011942
-0.000016
-0.000016
-0.023934
-0.000016
-0.000016
-0.000016
-0.000016
-0.000016
-0.000016
-0.000016
-0.023940
-0.011980
0.011948
0.011946
-0.011979
-0.011980
0.011948
-0.000016
0.011946
-0.023943
-0.000016
0.011948
-0.023945
-0.023951
-0.000016
0.011952
0.011950
-0.000016
0.023913
0.011946
-0.011979
-0.000016
-0.000016
0.011946
-0.035908
0.011949
0.023910
0.011945
-0.011977
-0.011979
-0.000016
-0.011980
0.011948
-0.011980
0.011948
-0.011980
-0.011982
0.035875
-0.011979
0.011946
-0.011979
-0.011980
-0.023948
0.011950
-0.000016
-0.000016
0.011949
0.023910
0.035862
-0.023934
0.047813
0.011938
0.011936
0.035832
0.023876
0.023870
-0.023903
-0.047806
0.011933
0.011932
-0.011964
0.011932
0.023876
-0.000016
-0.047806
0.035828
-0.000016
-0.035861
-0.011967
0.011935
0.011933
-0.011966
0.023881
-0.000016
0.095518
-0.000016
-0.000016
0.011919
0.035781
-0.011947
0.023844
0.023839
-0.000016
0.023833
-0.011940
-0.035797
0.011912
0.023836
-0.011942
-0.000016
-0.011943
-0.023874
0.011913
-0.000016
0.023839
0.011909
-0.023868
0.035760
-0.011940
-0.023868
0.011911
0.011909
-0.011942
0.011909
0.011908
-0.035792
-0.011944
-0.011946
0.011913
0.011912
0.011911
-0.023871
0.011912
0.035760
-0.000016
0.011906
0.011905
-0.035784
-0.000016
-0.000016
0.023830
0.059575
-0.047686
-0.000016
-0.023860
-0.000016
-0.011940
-0.011942
0.035756
0.023825
-0.023857
0.011905
0.011903
-0.023857
-0.000016
-0.011939
0.023827
-0.000016
-0.035784
-0.011942
0.023833
-0.011940
-0.023868
0.023836
-0.011942
-0.000016
0.023833
0.011906
-0.011939
-0.011940
-0.000016
0.011908
0.011906
0.011905
-0.023860
-0.000016
-0.011940
-0.000016
-0.000016
-0.011942
-0.000016
-0.000016
-0.023871
0.011912
-0.000016
-0.011944
-0.000016
-0.000016
-0.000016
-0.023877
-0.011949
0.011916
-0.000016
0.011915
-0.000016
0.011913
-0.000016
-0.011946
-0.000016
-0.000016
-0.000016
0.011913
-0.023877
-0.000016
-0.011949
-0.000016
-0.023885
-0.023891
-0.000016
0.011922
0.011920
-0.011953
-0.000016
-0.000016
-0.011954
-0.000016
0.023859
-0.000016
0.023853
-0.023885
-0.000016
0.011919
-0.023888
0.011920
0.011919
-0.011952
0.023853
0.011916
-0.011949
-0.023885
-0.011953
0.023856
-0.000016
0.023850
-0.011949
-0.011950
0.011918
-0.011950
-0.011952
0.011919
-0.000016
-0.000016
0.023850
0.011915
-0.011947
0.023844
-0.011946
0.023842
0.023836
-0.011942
0.011909
-0.000016
-0.000016
-0.000016
-0.011942
-0.000016
0.011909
-0.000016
0.011908
-0.011940
-0.000016
-0.000016
-0.011942
-0.011943
-0.011944
-0.023877
0.011915
0.023842
-0.023874
-0.000016
-0.000016
0.011913
-0.000016
-0.000016
-0.023877
-0.011949
-0.000016
-0.011950
0.023850
-0.011949
0.011916
0.023844
-0.011946
-0.000016
-0.023880
0.011916
-0.011949
0.023847
-0.011947
-0.000016
0.011915
-0.011947
-0.000016
-0.000016
-0.000016
0.011915
-0.000016
-0.011947
0.011915
-0.000016
-0.000016
-0.011947
-0.000016
0.011915
-0.000016
-0.000016
-0.000016
0.023842
-0.023874
0.011913
-0.000016
-0.000016
-0.023877
-0.011949
0.011916
-0.000016
0.011915
-0.000016
-0.023880
-0.000016
0.035777
-0.023877
-0.000016
-0.011949
0.023847
-0.000016
-0.000016
-0.000016
0.011913
-0.011946
-0.059686
-0.011954
-0.000016
-0.023897
-0.023903
-0.000016
0.023870
0.011925
-0.011957
-0.047795
-0.000016
0.011930
0.011929
-0.011962
-0.000016
-0.000016
0.023873
-0.000016
-0.035852
-0.000016
0.023876
0.011928
-0.000016
-0.000016
-0.011960
0.011928
0.011926
-0.011959
0.011926
-0.011959
-0.011960
-0.000016
-0.035856
-0.023917
-0.000016
-0.000016
0.011935
-0.000016
0.011933
0.011932
-0.011964
-0.023917
-0.000016
0.023884
-0.011966
-0.011967
-0.000016
-0.011969
-0.011970
-0.000016
-0.011972
0.011939
-0.000016
-0.011972
0.011939
-0.000016
-0.000016
0.023890
0.011935
-0.000016
0.011933
-0.011966
-0.000016
-0.011967
0.011935
-0.000016
-0.000016
0.011933
-0.000016
-0.011966
-0.011967
-0.000016
0.011935
0.011933
-0.011966
0.023881
-0.000016
-0.000016
-0.000016
-0.000016
-0.000016
-0.000016
-0.000016
-0.000016
-0.000016
-0.011964
-0.000016
-0.000016
-0.011966
-0.000016
-0.011967
0.011935
-0.000016
0.011933
-0.000016
-0.000016
0.011932
-0.011964
-0.011966
-0.000016
-0.011967
-0.011969
-0.047840
-0.047863
-0.035916
-0.000016
-0.000016
0.023919
0.011949
-0.047886
0.011953
-0.035929
-0.000016
-0.023965
-0.071898
0.023950
-0.000016
0.011965
0.011963
0.023939
0.011959
-0.000016
0.023930
-0.047915
0.035910
0.011956
-0.000016
-0.000016
0.011955
-0.035934
0.011958
-0.047920
-0.035959
0.035927
-0.011996
0.011963
0.011962
-0.000016
0.023936
0.011958
-0.000016
-0.035942
-0.011994
-0.059929
0.047917
-0.023980
-0.012000
0.095815
-0.083864
-0.000016
-0.047961
0.035944
0.047911
-0.047943
-0.095940
0.023973
0.023967
0.035949
-0.023991
-0.023997
0.071909
0.035927
-0.047943
-0.012002
-0.047972
-0.012009
-0.048001
0.059961
-0.000016
0.047940
-0.012003
-0.023994
0.023962
-0.000016
0.023956
-0.023988
0.011971
0.023953
0.083831
-0.059900
0.011963
-0.011996
-0.000016
-0.000016
-0.011997
-0.047955
0.059903
0.023942
0.011961
0.035905
0.011955
-0.000016
0.035888
-0.023951
-0.011986
0.011953
-0.000016
0.011952
0.023916
-0.000016
-0.000016
-0.011982
0.023913
0.023907
0.035858
-0.011973
-0.047857
-0.011980
-0.011982
0.023913
-0.035912
0.011950
0.011949
0.011948
-0.035912
-0.000016
0.023916
0.023910
-0.011979
0.011946
-0.059843
-0.000016
-0.000016
0.059810
-0.023943
-0.011982
0.035875
-0.000016
-0.011979
0.011946
-0.023943
-0.011982
-0.000016
-0.011983
-0.023954
0.023922
-0.011984
END
