y[]
0.013243
0.053388
-0.013526
-0.026912
0.013239
-0.000145
0.013237
-0.026912
-0.000145
-0.013531
-0.000145
0.013241
-0.013531
-0.000145
-0.013533
-0.000145
0.026629
0.040002
0.080101
0.013223
0.013221
0.039943
-0.026869
-0.013510
-0.000145
-0.040250
-0.067021
0.039986
-0.000145
-0.013520
-0.026901
0.013234
-0.040287
-0.000145
0.013237
0.013235
-0.000145
-0.000145
-0.026908
-0.013529
-0.013531
-0.053707
-0.026937
0.013251
0.013250
0.013248
0.066794
0.039997
0.093456
-0.093747
-0.040287
-0.053693
-0.013537
0.066794
0.026618
-0.147431
-0.026948
-0.053772
0.080284
0.040045
-0.295249
-0.161479
-0.053981
-0.027074
0.040245
0.013315
-0.053996
0.067163
0.094010
0.026740
-0.013587
0.201292
-0.026980
-0.094124
0.026715
0.080392
-0.026984
0.040110
-0.053822
-0.080715
0.053575
-0.013573
0.040131
0.013277
0.026693
-0.080682
-0.080747
0.053597
0.026715
0.053553
0.080348
0.080284
0.040045
0.026639
0.120296
0.053338
-0.013513
-0.000145
0.106749
-0.066941
-0.080359
-0.026898
-0.013524
-0.013526
0.066740
-0.040271
0.039980
0.066695
-0.026876
-0.040255
-0.013519
-0.026898
-0.026905
0.026614
-0.013524
-0.000145
-0.053678
-0.040314
-0.013538
0.026639
-0.040325
-0.040341
0.040050
0.040034
-0.053721
-0.053750
0.066856
0.093582
-0.013529
-0.013531
-0.013533
-0.000145
-0.040319
0.066803
0.053381
-0.026905
-0.107255
0.066812
-0.026923
-0.067120
0.026650
-0.053743
-0.026955
-0.040373
-0.013558
0.080305
0.053452
-0.013542
0.080208
0.040007
-0.000145
-0.026912
0.053381
0.039980
-0.000145
-0.013519
-0.000145
-0.000145
0.053338
-0.026883
-0.040266
-0.013522
-0.040287
0.080122
-0.053650
-0.053678
0.026625
0.039997
-0.013524
-0.026908
0.013237
-0.053686
0.013243
0.040007
-0.013528
0.026618
0.066731
-0.040266
0.093444
0.026578
0.079983
-0.013495
0.053245
-0.053536
0.039900
0.013200
0.053217
0.026525
-0.000145
-0.040153
0.013193
-0.013483
-0.013485
-0.013487
-0.000145
-0.000145
0.013196
0.013194
-0.000145
0.013193
-0.000145
0.013191
-0.000145
-0.013481
0.013191
-0.000145
-0.000145
-0.000145
-0.013481
-0.000145
-0.026823
-0.000145
-0.000145
0.026532
0.026525
-0.026815
-0.000145
-0.000145
-0.000145
-0.000145
-0.013483
0.013193
-0.000145
-0.013483
-0.000145
-0.013485
-0.013487
-0.000145
-0.000145
-0.000145
0.013196
-0.000145
-0.000145
-0.000145
-0.000145
-0.000145
-0.000145
0.013194
-0.000145
-0.013485
0.026532
-0.026823
-0.000145
-0.013487
0.013196
-0.026830
-0.013490
-0.000145
-0.026840
0.013203
-0.013494
0.013203
-0.013494
-0.013495
0.013205
-0.013495
-0.000145
-0.000145
0.013205
-0.000145
-0.000145
-0.000145
-0.000145
-0.000145
-0.013495
0.013205
0.013203
-0.013494
0.013203
-0.013494
-0.000145
0.013203
-0.000145
-0.013494
-0.000145
-0.000145
-0.013495
-0.013497
-0.013499
-0.000145
0.013209
-0.000145
-0.013499
-0.000145
-0.000145
-0.013501
-0.013503
-0.000145
-0.000145
-0.000145
-0.013504
0.026571
-0.013503
0.013212
-0.013503
-0.000145
-0.000145
-0.000145
-0.000145
0.053274
0.013205
0.013203
-0.000145
-0.000145
-0.026844
0.013205
-0.000145
-0.000145
-0.013495
-0.000145
-0.000145
0.013205
0.013203
-0.000145
0.013201
0.013200
0.013198
0.013196
0.026532
-0.013483
-0.000145
-0.000145
0.013193
-0.013483
0.053195
-0.040148
-0.000145
0.026525
-0.013479
0.039852
0.013184
-0.040137
-0.000145
-0.000145
-0.000145
-0.026815
0.013191
-0.000145
-0.013481
-0.013483
-0.000145
-0.000145
-0.000145
-0.000145
-0.000145
0.013193
0.026525
-0.026815
-0.013483
0.026529
0.013189
-0.013479
-0.013481
-0.000145
-0.013483
0.013193
-0.013483
0.013193
-0.013483
-0.000145
0.026529
-0.013481
0.013191
-0.026819
-0.000145
-0.013485
-0.000145
-0.000145
-0.000145
-0.013487
-0.000145
-0.000145
-0.000145
-0.013488
-0.013490
-0.013492
0.013201
-0.000145
-0.000145
0.013200
0.013198
-0.026833
-0.013492
0.026546
-0.013490
-0.000145
-0.013492
-0.000145
-0.000145
0.013201
0.013200
-0.000145
-0.013490
-0.000145
-0.000145
-0.000145
0.053224
-0.000145
-0.026826
-0.026833
0.039884
-0.000145
-0.013487
0.026536
-0.040169
-0.000145
-0.000145
0.013198
0.053209
-0.013481
-0.000145
0.013191
0.053181
-0.000145
-0.000145
0.013182
-0.000145
0.013180
-0.026798
-0.000145
-0.026805
0.013185
-0.000145
-0.026808
-0.013479
-0.026819
-0.000145
0.026529
-0.000145
-0.000145
-0.026819
0.026529
-0.013481
0.013191
0.013189
-0.013479
0.026521
-0.026812
-0.000145
-0.000145
0.026521
-0.013478
0.013187
-0.013478
-0.000145
-0.000145
-0.000145
-0.000145
-0.000145
-0.013479
-0.000145
-0.013481
-0.013483
0.026529
-0.000145
-0.000145
-0.000145
0.039852
-0.000145
-0.013476
0.013185
-0.026808
-0.026815
-0.000145
-0.000145
-0.000145
-0.053507
0.039879
0.013193
-0.000145
0.013191
-0.000145
-0.013481
-0.013483
-0.013485
0.026532
-0.000145
0.013191
-0.013481
-0.000145
-0.000145
-0.000145
-0.000145
0.013191
-0.000145
-0.000145
-0.026819
0.026529
-0.000145
0.013189
0.013187
-0.000145
0.013185
0.013184
-0.026805
0.013185
-0.000145
-0.026808
0.013187
0.013185
-0.026808
0.026518
-0.053479
-0.040164
-0.120297
0.039922
-0.000145
-0.000145
-0.013499
-0.026858
0.013212
-0.040223
0.026575
0.026568
-0.026858
-0.026865
-0.026873
0.026582
0.026575
-0.026865
-0.120474
-0.013524
0.053359
-0.000145
-0.026894
0.039975
0.026593
0.106735
-0.066932
-0.000145
-0.000145
-0.040239
0.053309
-0.066968
0.039954
-0.040244
-0.013515
-0.013517
0.026596
0.039954
0.093356
-0.080284
0.146727
0.159833
-0.040116
0.093095
-0.013460
0.093020
-0.040063
0.053075
0.026454
0.039740
0.066296
-0.026716
-0.013433
0.013143
-0.000145
-0.026723
0.026433
0.013141
-0.040010
-0.013437
-0.013439
-0.013440
-0.000145
0.026443
-0.093237
0.013159
0.026458
-0.000145
0.053039
-0.026734
-0.040042
0.066340
0.053011
0.039703
-0.066568
0.013143
-0.000145
0.013141
-0.026720
-0.013435
0.039719
0.052983
0.026408
0.013129
-0.026695
-0.026702
0.026412
0.026405
0.026398
0.013124
-0.039957
-0.000145
-0.013419
-0.026699
0.013132
0.013131
-0.039978
0.052961
-0.039973
0.013132
-0.000145
0.026405
-0.000145
0.026398
-0.039962
0.013129
-0.053252
-0.039994
-0.000145
-0.013432
-0.053308
-0.013440
0.026443
-0.000145
0.026436
-0.013435
-0.066621
-0.000145
-0.053358
-0.026762
-0.066719
0.026489
0.039794
-0.026769
-0.026776
0.093033
-0.000145
-0.053379
0.039783
-0.026762
-0.093361
0.026497
-0.026787
-0.013469
-0.026798
-0.093485
0.039868
-0.066843
-0.053536
-0.013497
0.053252
-0.000145
0.013200
-0.053536
0.106607
-0.013483
0.026529
-0.066843
-0.066888
-0.066932
-0.066977
-0.040266
0.039975
-0.067021
0.026611
-0.107212
-0.026930
0.053417
-0.093897
0.040045
0.080187
0.026618
0.039986
0.053338
-0.013513
0.053316
-0.066977
0.093406
-0.000145
-0.080327
0.013223
-0.013513
-0.013515
0.013225
0.080036
-0.026865
0.013216
-0.000145
-0.026869
-0.013510
0.053302
0.026568
-0.000145
-0.000145
-0.000145
-0.000145
-0.000145
-0.000145
-0.026858
-0.053593
-0.000145
-0.013512
-0.000145
-0.000145
-0.000145
-0.000145
-0.000145
0.013221
-0.000145
-0.026880
-0.013515
-0.040266
-0.013522
-0.026905
0.013235
-0.000145
-0.000145
-0.000145
-0.026908
0.026618
-0.013526
0.013235
-0.013526
-0.000145
0.013235
0.013234
0.039980
-0.000145
-0.000145
-0.000145
-0.000145
-0.013519
-0.000145
-0.000145
-0.000145
-0.000145
-0.000145
-0.000145
-0.000145
-0.013520
0.013230
0.013228
-0.000145
-0.013519
-0.000145
END
