y[]
-0.026750
0.027079
0.000164
0.000164
0.000164
-0.013292
0.000164
-0.013294
0.000164
0.000164
0.027079
0.000164
0.000164
0.027071
0.013615
-0.013286
-0.013288
-0.013290
0.013619
-0.026746
-0.013294
-0.013295
0.027082
0.000164
-0.013294
0.013622
-0.040215
-0.013299
0.027090
0.013624
0.107778
-0.013281
0.013610
0.040490
0.013603
0.000164
-0.013274
-0.013276
-0.026721
-0.013281
0.053935
-0.040161
0.013608
0.000164
0.000164
0.000164
0.013606
0.013604
-0.013276
-0.013277
-0.013279
-0.013281
0.000164
0.013610
0.000164
0.000164
-0.013281
0.000164
0.013610
0.000164
-0.013281
-0.013283
0.013612
-0.013283
-0.026735
0.027064
-0.013285
-0.040193
0.000164
0.027071
0.000164
-0.013288
-0.013290
0.027071
-0.013288
-0.013290
0.027071
-0.013288
0.000164
0.000164
0.013617
0.000164
-0.026743
-0.013292
0.000164
-0.013294
0.000164
0.000164
-0.013295
0.000164
-0.026761
0.013628
-0.013299
0.013628
0.000164
0.000164
0.027086
0.013622
-0.013294
-0.026757
0.000164
0.000164
0.000164
0.000164
0.013626
-0.013297
0.013626
-0.040226
0.013630
0.013628
0.013626
0.000164
-0.026761
-0.013301
0.013630
0.013628
-0.013299
-0.013301
0.013630
0.013628
0.027086
0.013622
0.027075
0.053964
0.027053
0.000164
0.000164
0.013606
0.027043
0.013601
0.000164
-0.026710
0.013603
0.027035
0.013597
-0.013268
0.000164
0.000164
0.027028
0.040446
-0.013261
0.000164
-0.013263
0.013592
0.000164
-0.040123
-0.013268
0.027028
0.000164
0.000164
0.027021
0.013590
0.053848
0.013581
-0.013252
0.013581
-0.026670
-0.013256
0.000164
0.000164
0.053834
0.040398
-0.026656
-0.040080
-0.013254
-0.040101
-0.026688
0.000164
0.040441
-0.013259
0.000164
-0.040118
-0.040134
0.013599
0.027028
0.013594
0.040441
0.000164
-0.026685
0.013590
0.013588
-0.026685
-0.026692
0.000164
-0.026699
0.027028
0.000164
-0.053570
0.000164
-0.026714
0.027043
0.013601
-0.013272
0.000164
0.013601
-0.013272
-0.013274
0.013603
0.027035
-0.026706
0.040468
-0.013268
0.027028
-0.026699
0.000164
0.000164
0.000164
0.000164
0.040457
0.040441
-0.013259
-0.013261
0.000164
-0.013263
0.000164
0.000164
0.000164
-0.053563
-0.026710
-0.013276
-0.013277
0.000164
0.013606
0.027043
0.000164
0.000164
0.000164
0.013601
0.040463
0.000164
-0.013267
0.000164
0.013595
0.013594
-0.013265
-0.013267
0.000164
0.013595
0.000164
0.027021
-0.026692
0.013594
-0.013265
0.013594
-0.026696
-0.026703
-0.013272
0.000164
-0.013274
-0.013276
0.000164
0.027043
-0.013274
0.013603
0.013601
0.013599
0.000164
0.053885
0.000164
0.000164
-0.013263
0.013592
0.013590
0.027010
-0.013258
-0.013259
-0.026688
-0.013265
0.027021
-0.013263
0.013592
-0.026692
-0.013267
0.067301
0.013586
0.013585
0.026999
0.000164
0.040403
-0.066909
-0.080383
-0.134226
0.053942
-0.080513
-0.053657
0.121222
-0.053621
-0.026739
-0.134461
-0.134643
0.000164
0.013653
-0.040308
-0.053824
0.027162
0.000164
0.027155
-0.107842
0.000164
-0.148535
0.027217
0.013688
-0.013359
0.067764
-0.026870
-0.094513
0.094842
-0.053926
-0.026892
-0.148776
-0.026940
-0.026947
0.013721
0.013719
-0.013390
0.095009
-0.040472
0.081421
0.013701
-0.040450
-0.040467
0.067874
0.000164
-0.026914
-0.013377
-0.067573
0.000164
-0.013388
0.040818
-0.026936
0.040812
0.027254
0.040785
-0.013374
-0.040461
-0.054029
0.067901
-0.026925
0.013710
0.013708
-0.081125
-0.067628
0.027287
-0.026958
0.000164
-0.013400
-0.054110
0.013736
0.040867
0.013728
0.027287
0.000164
0.095035
0.013710
-0.026929
0.000164
0.027257
-0.040478
0.000164
0.040807
-0.040478
0.027261
0.054336
0.054306
-0.040439
0.040768
0.054277
-0.013361
-0.013363
-0.013365
0.013693
0.040741
-0.040412
0.081300
0.067727
-0.040368
-0.026866
-0.026874
0.040719
-0.094488
0.040741
-0.026885
0.040735
0.081256
-0.040373
-0.026870
-0.040401
0.081278
0.040697
0.081180
-0.053839
0.027170
-0.094385
0.000164
-0.040384
-0.013355
0.013684
0.027199
-0.094488
-0.026896
0.027224
0.000164
0.040741
0.081267
0.094702
0.094612
0.013650
-0.026808
0.000164
-0.040308
0.013657
-0.013328
-0.080829
0.027170
-0.067362
-0.053890
-0.013354
0.000164
0.000164
0.027199
0.013679
-0.040384
0.040713
0.000164
-0.026866
-0.040395
0.013686
0.013684
0.040713
0.000164
0.013677
0.013675
-0.013346
-0.013348
0.013677
0.013675
0.000164
0.000164
0.013673
-0.026855
0.040691
-0.053875
-0.026866
0.027195
-0.013350
0.000164
0.000164
0.013679
0.013677
0.013675
-0.026859
-0.026866
0.013681
-0.013352
0.013681
0.013679
0.000164
0.013677
-0.013348
0.040697
0.013672
0.000164
-0.013343
0.013672
0.013670
0.000164
0.013668
0.000164
0.013666
0.013664
-0.026837
0.000164
0.000164
0.000164
0.000164
0.013666
-0.013337
-0.026844
0.000164
0.013670
0.013668
-0.013339
-0.013341
-0.013343
0.000164
0.000164
0.000164
0.027177
0.000164
0.013668
-0.013339
0.000164
0.000164
-0.013341
0.000164
-0.013343
-0.013345
0.027180
0.027173
-0.013339
0.000164
-0.026848
0.013672
-0.013343
0.013672
0.040675
0.000164
0.000164
-0.013337
-0.013339
0.013668
-0.013339
-0.026848
0.013672
-0.013343
-0.026855
-0.040379
0.013681
0.000164
0.000164
0.000164
0.013679
0.000164
0.000164
-0.013350
0.013679
0.040697
-0.013345
-0.013346
0.027184
-0.053882
0.027191
0.000164
-0.013348
0.013677
0.000164
0.000164
0.013675
0.000164
0.000164
0.000164
0.027180
0.013670
-0.026848
0.000164
0.000164
0.027177
-0.013341
0.000164
0.013670
0.013668
0.013666
-0.013337
0.013666
-0.026841
0.000164
0.013668
0.054160
-0.013332
0.013661
-0.026830
0.013662
-0.026833
0.054153
0.000164
0.027148
0.000164
-0.026819
0.000164
0.027148
-0.040313
0.040642
0.000164
-0.013326
0.027144
0.000164
0.000164
0.000164
-0.013324
0.013653
-0.013324
0.000164
-0.026819
-0.026826
0.000164
-0.013334
0.013662
0.013661
0.000164
-0.013332
0.000164
-0.013334
0.027159
-0.013332
0.027155
0.000164
0.000164
0.000164
0.000164
-0.040324
0.013662
-0.026833
0.000164
-0.013337
0.013666
-0.013337
0.000164
-0.013339
0.000164
-0.013341
0.000164
-0.013343
0.000164
0.000164
-0.067399
0.000164
-0.026874
-0.013357
0.000164
0.013686
0.040719
0.000164
0.013679
0.000164
0.000164
0.040697
-0.013345
-0.040373
0.000164
0.013679
0.000164
0.013677
0.027184
0.000164
-0.026855
0.000164
-0.013348
0.013677
0.000164
0.000164
-0.013348
-0.013350
-0.013352
-0.013354
-0.013355
0.013684
-0.040401
0.013688
0.000164
0.000164
0.013686
0.000164
-0.040406
0.081289
0.054211
0.054182
0.027162
0.000164
0.027155
-0.053824
-0.013337
-0.013339
0.040669
0.013662
-0.026833
-0.013337
0.040664
-0.053839
0.000164
-0.013341
-0.013343
-0.026855
0.013675
-0.053890
0.054218
0.013673
0.040680
0.027166
0.000164
-0.026837
-0.026844
-0.026852
0.040686
0.027170
0.013664
0.040653
0.013657
0.000164
-0.013328
-0.026826
0.000164
0.013661
0.000164
0.027151
-0.013328
0.000164
-0.040324
-0.013335
0.000164
0.013664
0.013662
0.000164
0.000164
0.000164
0.000164
-0.013334
0.040653
-0.013330
-0.013332
-0.026833
0.013664
0.000164
0.013662
0.013661
0.027151
0.013655
-0.040313
0.000164
-0.026830
0.013662
0.000164
0.013661
-0.013332
0.027155
0.027148
0.027140
0.040615
0.000164
0.013644
0.054066
-0.026783
0.000164
-0.013312
0.000164
0.013641
-0.013312
0.040588
END
