y[]
0.174687
0.047710
0.022345
-0.155169
0.123823
0.022345
-0.104420
0.111090
-0.193223
-0.079191
-0.041117
0.073219
0.047781
0.047755
-0.015687
-0.079152
-0.206356
0.022442
0.073287
0.035122
0.111278
-0.041079
-0.003000
0.060456
0.123791
0.110974
-0.053640
0.098253
0.085512
-0.066215
0.009646
-0.040944
-0.015651
0.009651
-0.028304
-0.066287
-0.003000
0.047633
-0.053633
-0.040992
-0.079027
-0.015677
-0.003000
0.022352
-0.003000
0.009673
-0.028349
-0.003000
-0.003000
-0.015677
-0.003000
-0.003000
-0.015678
-0.003000
-0.041045
0.022364
-0.028365
0.009683
0.009681
-0.053736
0.009686
-0.003000
0.035049
0.009680
-0.003000
0.022355
-0.003000
0.009675
0.047684
-0.003000
-0.003000
-0.003000
-0.015669
-0.003000
-0.015670
0.009670
-0.003000
-0.003000
-0.015670
-0.015672
-0.003000
0.009672
-0.015672
-0.003000
-0.015674
-0.003000
-0.003000
0.009673
-0.015674
-0.003000
-0.028352
-0.015678
-0.003000
-0.028362
0.009681
-0.028365
0.022364
-0.015682
-0.003000
-0.015683
-0.015685
-0.015687
0.022371
0.035044
0.009678
-0.028358
-0.015682
-0.003000
-0.003000
-0.003000
0.022361
0.022355
-0.015677
-0.003000
-0.003000
-0.003000
-0.028358
0.060383
-0.015674
0.022345
-0.003000
-0.028346
0.009673
-0.028349
0.009675
-0.028352
0.009676
-0.003000
-0.015677
0.009676
-0.028355
-0.015680
-0.015682
-0.003000
-0.003000
-0.003000
0.035039
-0.003000
0.022352
-0.028352
-0.015678
-0.003000
-0.015680
0.009680
-0.003000
-0.015680
0.022358
0.009676
-0.015677
-0.003000
-0.003000
-0.003000
-0.003000
-0.003000
-0.003000
-0.003000
0.009676
0.022348
0.009672
-0.015672
-0.015674
0.009673
0.009672
-0.003000
0.009670
-0.015670
0.009670
-0.015670
-0.003000
0.009670
-0.003000
-0.015670
-0.015672
-0.003000
-0.003000
-0.015674
0.009673
-0.003000
-0.003000
-0.003000
-0.003000
0.009672
0.009670
-0.003000
-0.015670
-0.003000
-0.015672
-0.015674
-0.028352
0.009676
-0.028355
0.009678
-0.003000
0.022352
-0.015675
-0.003000
-0.003000
0.009675
-0.015675
-0.003000
0.009675
-0.003000
-0.015675
-0.003000
-0.003000
-0.003000
-0.003000
-0.003000
0.009675
0.009673
-0.003000
-0.003000
-0.003000
-0.003000
0.022342
-0.015670
-0.003000
0.009670
-0.015670
-0.003000
-0.015672
-0.003000
-0.003000
-0.015674
0.009673
-0.003000
0.009672
-0.015672
-0.003000
-0.015674
-0.003000
0.009673
0.009672
0.009670
0.009668
0.009667
0.047652
-0.015661
-0.028326
-0.003000
-0.003000
0.009664
-0.003000
-0.015664
-0.028333
0.022332
-0.003000
-0.028333
-0.003000
-0.003000
0.047658
-0.003000
-0.015662
-0.028329
0.034991
0.022319
0.022313
0.009654
-0.028310
-0.003000
-0.003000
-0.003000
-0.003000
-0.028317
-0.015661
0.022319
0.034967
0.009652
0.072882
-0.028288
0.034929
0.047550
-0.028272
0.072796
-0.003000
-0.003000
-0.040891
-0.015634
-0.028272
-0.015638
-0.028281
0.009641
0.034914
-0.015637
-0.028278
-0.066223
-0.040953
-0.040968
0.034967
-0.015654
-0.003000
0.034958
-0.066271
-0.003000
-0.015659
-0.066319
-0.028339
-0.041021
-0.091771
0.009686
-0.129936
0.060488
-0.003000
0.035073
-0.066464
-0.015698
0.035088
-0.028391
-0.053800
-0.130113
-0.041166
0.047884
-0.015719
0.073287
-0.003000
-0.003000
0.035122
-0.053833
-0.015712
0.035131
-0.003000
-0.015709
0.022416
-0.003000
-0.079268
0.047852
0.009709
-0.003000
-0.015709
-0.142905
-0.041190
-0.028468
-0.066699
0.098898
-0.003000
-0.003000
-0.053936
0.047936
-0.003000
0.022458
-0.028458
-0.079414
0.022478
0.009736
-0.053956
0.009741
-0.066723
0.009748
-0.054001
0.022504
-0.003000
0.035243
-0.003000
-0.015746
0.009746
0.009744
0.047962
0.073394
-0.015729
0.009728
-0.028458
0.022458
0.009726
0.009725
-0.028452
0.047897
0.022439
-0.041161
0.047877
-0.066601
0.009723
0.111438
0.073219
-0.015699
-0.066520
-0.028420
0.047832
-0.053833
-0.079297
0.022439
0.124097
0.022400
0.035088
-0.053787
0.022397
-0.015698
0.035088
-0.028391
0.035083
0.085804
-0.003000
0.161713
-0.028323
-0.003000
0.034982
0.047620
0.085523
-0.154803
-0.078988
-0.142461
-0.053762
0.035073
0.098458
-0.053717
0.009681
0.060383
0.073007
-0.066335
0.060335
0.009662
0.098240
-0.104240
-0.040992
-0.015667
0.009667
0.047652
-0.066319
-0.028339
0.035006
0.034991
0.085591
0.136056
-0.091468
-0.028291
0.060215
0.009638
0.047537
0.009630
-0.066167
-0.066207
0.022287
-0.003000
-0.028288
0.072844
-0.003000
-0.040915
0.047550
0.123262
-0.040862
-0.028250
0.022249
-0.028250
0.072729
-0.003000
-0.028237
-0.003000
-0.003000
-0.003000
-0.066120
0.047498
0.047473
0.034838
-0.015611
0.034828
0.034814
-0.028208
0.009605
-0.028211
0.034814
-0.028208
-0.028215
0.009608
-0.003000
0.009606
-0.003000
-0.015607
0.022211
0.034805
-0.015600
0.022198
0.148057
0.072443
-0.003000
-0.028142
0.022141
-0.015570
0.009570
-0.003000
0.022135
0.059810
-0.040682
0.034681
0.059771
0.072273
-0.028085
-0.015545
-0.015546
0.034634
-0.015543
-0.015545
-0.053195
-0.078339
-0.053258
-0.003000
-0.015569
-0.028142
0.022141
0.022135
-0.028135
0.022135
0.034691
-0.065826
-0.153944
-0.078557
-0.053403
-0.116500
0.097895
-0.003000
0.034809
-0.003000
0.034795
-0.003000
-0.053397
0.047397
-0.003000
-0.103819
-0.028221
0.022220
0.097819
-0.028195
-0.015600
0.022198
0.085144
-0.028176
0.047346
-0.015584
0.059905
0.059865
-0.015570
-0.040719
0.009574
-0.028151
0.047295
-0.003000
-0.053296
0.022151
-0.015575
0.022148
0.034710
-0.003000
-0.015569
-0.003000
-0.003000
-0.028142
0.022141
-0.015570
-0.003000
-0.028145
0.034714
-0.040715
-0.003000
-0.040729
-0.003000
0.009578
-0.028157
-0.015581
0.009581
0.009579
-0.015580
0.009579
-0.003000
-0.003000
-0.003000
-0.003000
0.009578
0.009576
-0.015576
0.047295
0.009570
0.034700
-0.040700
0.009568
-0.015569
-0.028142
0.009571
-0.015572
0.009571
-0.003000
-0.003000
-0.015572
0.009571
-0.003000
-0.003000
-0.015572
-0.003000
-0.003000
0.009571
-0.003000
0.009570
0.034700
0.009563
-0.028129
-0.003000
-0.003000
0.009565
-0.103566
-0.003000
-0.015578
-0.003000
0.022154
-0.015576
0.009576
-0.015576
-0.003000
0.009576
-0.003000
-0.015576
-0.003000
0.022151
-0.003000
-0.003000
-0.028151
0.059865
-0.003000
0.009568
-0.003000
0.009567
0.009565
0.022125
-0.003000
0.009560
-0.003000
-0.003000
0.009559
-0.003000
-0.015559
0.009559
0.009557
-0.015557
-0.003000
0.047220
0.009551
-0.003000
0.009549
-0.003000
-0.015550
-0.003000
-0.028104
-0.015554
-0.015556
-0.003000
-0.015557
0.022113
0.009554
-0.040667
-0.003000
-0.003000
0.047220
-0.003000
-0.003000
-0.003000
0.009551
0.009549
0.022094
0.009544
-0.015545
0.009544
-0.015545
-0.003000
-0.003000
0.009544
-0.028091
0.009546
-0.003000
0.009544
-0.015545
-0.003000
0.009544
-0.003000
-0.015545
-0.015546
-0.015548
0.009548
0.009546
-0.015546
-0.015548
0.009548
0.009546
-0.003000
-0.028094
-0.053207
-0.003000
-0.003000
-0.053233
0.022119
-0.028120
0.009560
-0.003000
0.009559
0.009557
-0.003000
-0.003000
-0.003000
-0.003000
0.009556
0.072301
0.059708
0.134819
0.109619
-0.040526
-0.003000
0.134526
-0.003000
0.059449
0.096838
-0.052907
-0.040446
-0.003000
-0.015485
-0.052956
0.059441
0.009483
-0.003000
0.059395
0.009474
0.059348
0.084222
0.121471
0.034311
-0.077636
-0.040339
-0.003000
0.084102
0.034306
0.021863
-0.052733
0.059162
0.096379
0.133485
-0.164321
-0.027842
-0.027848
0.083940
-0.089941
-0.040283
0.059131
-0.027848
END
