y[]
-0.022277
-0.022283
-0.034094
-0.010488
-0.010490
-0.022302
0.013130
-0.010492
0.013130
-0.069570
0.048583
0.001319
0.013132
0.013130
-0.034119
0.013133
0.001319
0.001319
0.013132
-0.034123
-0.034136
-0.010502
-0.057807
0.024974
-0.034165
0.024976
0.024971
-0.010506
-0.034165
0.036803
-0.081497
0.024988
0.036811
0.001319
0.084086
-0.318303
0.025030
0.001319
0.155302
0.048651
-0.034178
-0.010516
0.036820
0.024979
-0.010511
-0.081526
0.013158
-0.010520
0.143297
0.107670
0.001319
0.024937
0.083939
-0.034081
0.001319
0.072107
-0.022272
0.001319
-0.022277
-0.034086
0.013122
0.036719
0.024912
-0.034073
0.024915
0.013115
0.024907
-0.057661
-0.034086
0.024923
0.024918
-0.022280
0.036715
-0.034077
0.001319
-0.010483
-0.069519
0.036744
-0.022297
0.013127
-0.128651
0.001319
-0.057814
-0.034178
-0.046030
-0.010522
0.072342
0.013151
-0.010513
0.001319
-0.034186
0.048656
-0.069695
0.001319
-0.034207
-0.034220
-0.034232
0.048718
0.060536
-0.081595
0.096072
0.001319
-0.069737
-0.010529
-0.010530
-0.022383
0.072409
0.001319
0.072358
0.013154
-0.022353
0.013155
0.001319
0.036820
0.024979
-0.022341
-0.046018
0.001319
0.001319
0.013155
-0.034195
0.060501
-0.034186
0.036824
-0.034186
-0.010519
0.036828
0.013153
-0.010515
0.001319
0.072300
0.001319
0.001319
0.001319
0.013144
0.072241
-0.045957
0.036778
0.036765
0.001319
-0.022311
-0.045957
0.013140
-0.010502
0.036778
-0.034140
0.001319
-0.010504
0.001319
-0.022330
-0.034165
0.060452
0.001319
-0.010505
0.001319
0.013143
-0.010505
-0.045990
-0.081526
0.036832
0.013154
0.001319
-0.010516
0.024988
0.036811
0.013147
-0.046002
0.024982
-0.010512
-0.022347
0.013153
-0.022350
0.060480
0.048623
-0.010505
0.013143
-0.022330
0.095882
0.024946
-0.010494
0.001319
-0.010495
0.001319
0.001319
0.001319
0.001319
0.001319
-0.010497
0.001319
0.001319
0.001319
0.001319
0.013134
-0.010497
0.036761
-0.010494
-0.010495
-0.010497
0.001319
-0.010498
0.013136
-0.010498
0.024951
0.001319
-0.022313
-0.010499
0.001319
-0.010501
0.013139
-0.010501
0.036774
-0.022316
0.001319
0.001319
0.013137
-0.010499
0.024954
-0.010498
0.024951
0.001319
0.001319
-0.010497
-0.010498
0.001319
0.013136
-0.010498
0.013136
-0.010498
0.001319
0.001319
-0.010499
0.013137
0.001319
0.001319
0.001319
-0.010499
0.013137
0.001319
0.001319
-0.010499
-0.010501
-0.010502
0.024960
-0.010501
-0.010502
0.013140
0.001319
0.001319
-0.010502
0.001319
-0.010504
-0.010505
0.013143
0.001319
0.013141
-0.010504
0.001319
-0.010505
-0.010506
0.001319
0.013144
-0.010506
-0.010508
0.001319
0.001319
0.001319
0.001319
0.001319
0.013146
-0.010508
0.013146
0.001319
0.001319
0.001319
0.001319
0.001319
0.013144
0.001319
0.001319
0.013143
0.001319
0.013141
-0.010504
0.001319
-0.010505
0.024965
-0.010504
0.013141
-0.010504
0.001319
0.001319
0.001319
0.001319
0.013141
0.001319
0.013140
-0.010502
0.013140
0.001319
0.001319
-0.010502
0.001319
-0.010504
0.013141
0.001319
0.001319
-0.022327
0.001319
0.001319
0.001319
0.024965
0.001319
-0.022327
0.001319
0.001319
-0.010506
-0.045996
-0.022347
-0.010516
0.013154
0.013153
0.036811
-0.010511
-0.010512
0.001319
0.001319
0.013150
0.001319
-0.010512
0.001319
0.013150
-0.010512
0.024979
-0.010511
-0.022344
0.001319
0.001319
0.001319
0.001319
0.013151
-0.010513
0.001319
0.001319
0.001319
0.013151
-0.010513
-0.010515
-0.022353
-0.010519
0.001319
-0.057891
-0.010527
0.048695
0.001319
0.001319
0.001319
0.001319
-0.010523
0.001319
-0.010525
0.025004
0.036837
-0.022358
-0.010522
0.013160
0.013158
0.001319
0.013157
-0.034199
-0.022367
0.036845
-0.022364
0.001319
0.025002
0.013158
0.024993
-0.022355
-0.022361
0.036837
-0.046041
0.060515
0.024988
0.013151
-0.010513
-0.010515
0.024985
-0.010513
0.024982
-0.046013
-0.022355
-0.046046
0.072358
0.024988
-0.022350
-0.010518
-0.022358
-0.022364
0.001319
-0.022369
-0.081634
-0.010537
-0.057983
-0.058018
-0.022426
0.036934
0.013188
-0.022420
0.001319
0.013189
-0.141216
-0.022457
0.013207
0.048859
0.013200
-0.010563
0.013200
-0.022445
0.001319
-0.046227
0.036980
0.036967
0.025078
0.001319
-0.058088
-0.010567
-0.058131
0.001319
-0.034368
0.025111
0.048887
0.036980
-0.022454
0.025092
0.025086
0.036959
-0.046204
0.001319
-0.010565
-0.022454
-0.022459
0.036984
0.025089
-0.070008
0.013210
0.025097
0.025092
0.001319
-0.022454
0.060740
0.013199
-0.034325
-0.034338
0.001319
-0.034351
-0.010574
0.036993
0.001319
0.025094
0.001319
0.060733
-0.010561
-0.022445
-0.010565
-0.010567
-0.010568
-0.022459
0.025097
0.001319
-0.022459
-0.034359
0.025106
0.013210
0.025097
0.060740
-0.034330
-0.010567
-0.046238
-0.022468
0.036997
0.060754
0.013202
-0.010564
0.025083
0.025078
-0.022440
0.048830
0.036938
-0.022426
0.001319
-0.058067
0.048830
0.025066
0.025061
0.013188
-0.010550
-0.034296
0.001319
0.025063
-0.069932
0.013198
0.025072
-0.022434
0.013196
0.013195
0.060677
0.001319
-0.034292
0.131829
-0.046119
0.013181
0.013179
0.001319
-0.010541
-0.010543
-0.022409
0.001319
-0.010547
0.001319
0.001319
0.036912
-0.010544
-0.034279
0.001319
-0.046164
-0.010555
0.013193
-0.010555
-0.117502
0.013207
-0.105728
0.203423
0.060684
-0.081802
-0.034325
-0.034338
0.120126
0.096263
0.001319
0.143566
-0.022375
0.013167
0.001319
-0.010529
-0.046086
0.013172
-0.022389
-0.046114
-0.046136
-0.129299
-0.022448
-0.034342
0.084509
0.060698
0.001319
-0.058060
0.072569
-0.046176
-0.034317
0.001319
-0.129454
0.037001
-0.141487
0.025134
0.144091
0.025094
-0.058131
-0.010575
0.060775
0.072620
-0.117545
-0.058166
-0.034389
0.001319
0.037027
0.013219
-0.153489
0.037065
0.048961
0.037035
0.048921
-0.046283
0.001319
-0.022491
0.048932
-0.034389
0.013223
0.037023
-0.058194
-0.010588
0.013226
-0.022496
0.060846
0.037018
-0.022479
0.013219
-0.070101
0.060839
0.013219
-0.046289
-0.010587
-0.034406
-0.010592
-0.070178
0.001319
-0.082159
0.072875
-0.070237
-0.058351
-0.070331
-0.022576
0.025214
0.037150
-0.034513
0.001319
0.001319
0.072969
-0.022559
0.025197
-0.082278
0.001319
0.037155
-0.034517
0.013266
-0.010628
0.061038
-0.022565
-0.010625
0.025205
0.120665
-0.046402
0.060967
0.013244
-0.022533
-0.046402
-0.010615
-0.046431
0.025197
0.013256
0.049052
-0.010612
-0.058358
0.072926
-0.046414
0.037121
0.025180
0.037099
-0.022533
-0.010609
-0.034474
0.037112
-0.106099
-0.022567
0.013263
-0.010625
0.037146
-0.082298
0.037163
-0.010628
0.037155
0.013261
-0.046459
0.037155
-0.070366
0.037168
0.049097
0.108737
0.096705
0.001319
0.013236
0.025148
0.013231
0.025140
-0.034415
0.013231
0.013230
0.001319
-0.010592
0.001319
0.001319
-0.010594
0.013231
0.001319
-0.010594
0.013231
0.025140
-0.010591
0.013229
-0.034415
0.013231
0.025140
0.001319
0.001319
-0.010591
-0.010592
0.001319
0.001319
0.013230
-0.010592
0.001319
0.001319
0.001319
0.025140
-0.022502
0.037048
0.001319
0.001319
0.001319
-0.010589
0.001319
0.001319
-0.010591
0.013229
-0.010591
0.001319
-0.058251
0.013236
0.001319
0.001319
0.013234
0.001319
0.001319
0.001319
0.013233
-0.010595
0.013233
0.001319
-0.010595
0.025145
0.001319
0.001319
0.001319
-0.010594
-0.034427
0.025151
-0.022513
0.037065
0.013231
END
