y[]
-0.013013
-0.082872
-0.027006
0.056856
-0.054954
0.028907
-0.124915
-0.139086
-0.139282
0.099134
-0.097233
-0.027120
0.085137
0.000951
0.014975
0.028993
0.000951
-0.013070
0.028989
0.000951
0.071013
-0.069112
0.057004
0.014959
0.000951
-0.041081
-0.013064
0.000951
0.000951
-0.055127
-0.013074
0.057036
0.057004
0.000951
0.000951
-0.013060
-0.013062
0.000951
0.014963
0.014961
-0.013060
0.000951
0.000951
-0.013062
-0.041099
0.028985
0.000951
0.000951
-0.013066
0.000951
0.000951
0.000951
-0.055135
0.000951
0.014975
-0.027100
0.057044
0.000951
0.014969
-0.041110
0.014973
0.014971
-0.013070
0.014971
0.014969
0.014967
0.014965
-0.013064
0.014965
0.000951
0.014963
-0.013062
0.014963
0.000951
0.014961
-0.013060
0.000951
0.014961
-0.027072
0.000951
0.000951
-0.027080
0.000951
0.000951
0.000951
0.014967
0.014965
0.014963
-0.013062
0.000951
0.000951
0.000951
0.000951
-0.013064
0.000951
-0.027084
0.028985
-0.013066
0.014967
0.014965
0.000951
0.000951
-0.027080
0.000951
0.014967
-0.013066
-0.013068
0.000951
0.000951
0.000951
-0.013070
0.000951
0.043006
0.014965
0.000951
-0.013064
0.000951
0.014965
0.000951
-0.013064
-0.013066
0.000951
0.014967
-0.013066
0.000951
0.014967
0.000951
0.014965
-0.041099
-0.027092
-0.013074
0.000951
-0.027104
-0.013080
0.014981
-0.013080
-0.013082
-0.027120
-0.027127
0.029029
-0.041169
0.014993
0.014991
0.014989
-0.013087
-0.069269
-0.041205
-0.041223
0.000951
0.057178
0.000951
0.000951
-0.027159
0.015006
0.015004
-0.027159
-0.083426
0.029084
0.000951
-0.055324
0.029092
0.015018
0.015016
0.029076
0.015010
-0.013109
-0.027175
0.071249
0.029056
0.029048
0.029040
0.000951
-0.055237
0.043094
0.000951
0.029037
-0.041181
0.014997
0.029037
-0.013091
-0.027139
0.029040
0.000951
0.014993
-0.055229
0.029044
0.029037
-0.013091
0.029033
-0.027131
0.029033
0.043059
0.000951
0.000951
0.000951
-0.013084
0.014985
0.000951
-0.013084
0.000951
0.014985
-0.055198
0.014991
-0.013089
0.014991
-0.013089
0.029029
0.014987
-0.069249
-0.013095
0.043082
0.000951
0.000951
0.000951
0.000951
0.000951
0.014991
0.000951
-0.013089
0.000951
0.000951
-0.083331
-0.041217
0.029064
-0.041223
0.057178
0.043100
0.014997
-0.041193
0.015000
-0.027151
-0.069338
0.015012
-0.083449
0.071289
-0.055316
0.029088
0.043142
0.029068
-0.013107
-0.013109
-0.027175
0.043136
0.029064
-0.027163
0.029064
-0.027163
0.000951
-0.055300
-0.111646
-0.027218
0.000951
0.057281
0.029104
-0.013125
-0.041288
0.043189
0.043171
0.015020
-0.069417
-0.055380
-0.097704
0.029147
0.015046
-0.027242
-0.013149
0.000951
-0.126034
0.000951
0.000951
-0.069666
-0.027310
0.043338
0.029199
0.057424
0.015064
0.029171
-0.041383
0.057392
-0.013157
0.015058
-0.013157
0.015058
-0.027266
-0.041389
0.043291
-0.055507
-0.013169
0.029187
0.085613
0.029155
-0.041360
0.000951
-0.041377
0.000951
-0.013163
-0.027282
-0.069666
-0.041443
-0.098038
0.085804
-0.098052
-0.055667
0.071717
-0.027350
-0.055675
-0.013211
0.015112
0.071727
0.015100
-0.041503
0.057552
0.085792
-0.013185
0.015086
0.113961
-0.027290
-0.083819
0.057472
0.000951
-0.013177
-0.013179
0.057456
0.043309
-0.013167
-0.083795
-0.083867
0.015092
0.043362
-0.083891
0.000951
-0.041497
0.000951
-0.055675
-0.027374
-0.013215
-0.041557
-0.055755
0.043483
0.043465
-0.041563
0.100122
-0.013211
-0.041545
0.000951
-0.041563
-0.027402
-0.084156
0.142754
0.043453
-0.041551
0.029287
0.029279
0.000951
0.071737
0.000951
-0.013203
-0.013205
0.015106
-0.027362
0.057568
0.114089
-0.098038
0.000951
0.015098
0.128186
0.043326
0.071537
-0.027278
-0.041407
-0.055555
0.198579
-0.111932
0.127935
0.000951
0.015050
-0.069566
0.029163
-0.055483
-0.027278
-0.112044
0.000951
0.029211
0.000951
0.015078
0.071557
-0.097913
0.071577
0.226621
0.000951
0.057289
-0.055387
-0.069517
0.198134
0.113452
0.043106
-0.069319
0.071220
-0.111504
0.015014
0.000951
0.043130
0.155456
-0.055206
-0.027139
-0.041199
0.057146
-0.027143
0.057130
-0.083331
-0.013103
-0.013105
0.029060
0.155412
0.057059
-0.041128
0.057052
0.028989
-0.083189
-0.013080
0.000951
-0.027116
-0.041164
0.043065
-0.097343
-0.027151
0.000951
-0.027159
0.029060
0.057146
0.043077
-0.041175
0.029037
0.085161
-0.083260
0.014991
-0.055221
-0.111488
0.071239
0.015002
0.015000
-0.097440
0.057186
0.029056
-0.013101
0.029052
0.029044
-0.027143
0.000951
0.113279
-0.041158
0.127222
0.028989
0.042994
0.014961
0.028966
0.042959
0.056934
-0.041034
-0.013048
-0.055064
-0.027068
0.042976
-0.013056
0.000951
0.028962
0.014953
0.000951
0.000951
0.070934
0.000951
0.042917
0.028919
0.000951
-0.152971
-0.027061
0.000951
-0.097150
-0.013072
0.000951
-0.041128
-0.097302
0.071141
0.029013
-0.139440
-0.013099
0.043094
0.043077
0.014989
-0.041169
-0.083343
0.015004
0.000951
-0.027159
-0.069358
0.043142
-0.013111
-0.111615
0.029104
0.071299
0.057194
0.085256
0.000951
-0.041193
-0.083390
-0.041246
0.000951
0.000951
-0.027191
0.000951
0.015022
0.000951
0.000951
0.000951
0.015020
-0.013119
-0.013121
0.000951
-0.013123
0.015024
0.029092
0.000951
0.113437
-0.027159
0.015006
0.000951
0.071200
-0.027143
0.113279
0.000951
0.043041
-0.013078
0.000951
-0.041146
0.043047
0.071072
-0.027092
-0.013074
0.014975
0.028993
-0.027092
-0.013074
0.014975
0.000951
-0.013074
0.028997
0.000951
0.000951
0.028989
-0.013068
0.000951
-0.013070
-0.027096
-0.013076
-0.027108
0.014981
-0.027112
-0.013084
-0.013085
-0.013087
-0.027131
0.043071
-0.013087
-0.013089
0.029029
-0.013087
0.029025
-0.013085
0.014987
-0.027124
-0.013089
0.000951
0.000951
-0.013091
-0.013093
0.000951
0.043077
-0.041175
-0.027143
-0.013099
-0.013101
-0.027159
-0.041229
-0.013113
-0.027183
-0.013119
0.015020
-0.013119
-0.027195
0.015024
0.071289
0.029072
-0.013109
0.000951
0.015010
-0.041235
0.029076
-0.027175
0.000951
0.029076
0.057178
0.000951
-0.041217
0.029064
0.015004
0.029052
-0.013099
0.015000
0.029044
0.029037
-0.013091
-0.013093
0.029037
0.000951
0.000951
0.029029
-0.013087
-0.041175
0.014995
0.029033
0.014989
-0.013087
-0.041175
-0.055245
0.057146
-0.013095
0.043082
0.000951
0.000951
0.000951
-0.013091
0.014993
-0.055229
0.000951
-0.013099
0.057138
0.014993
0.029029
-0.013087
-0.013089
-0.027135
0.000951
0.029037
0.014991
-0.027131
0.000951
-0.013093
0.014995
0.000951
0.000951
0.014993
-0.013091
-0.041187
-0.013099
0.015000
-0.027151
0.000951
-0.013103
0.015004
0.015002
0.000951
0.015000
0.029044
0.000951
0.000951
-0.013095
-0.027147
0.000951
0.000951
0.000951
-0.013101
-0.013103
0.000951
-0.055284
-0.013113
-0.069398
0.000951
-0.027203
-0.027211
-0.013133
0.000951
0.000951
0.000951
-0.013135
0.043201
-0.013131
-0.013133
-0.013135
0.000951
0.015036
0.015034
-0.027218
0.029120
-0.027218
0.029120
0.043189
-0.013127
0.000951
-0.013129
0.000951
0.015030
0.029104
0.015024
0.000951
0.015022
0.000951
0.029088
0.000951
0.015016
-0.027183
-0.069417
0.057249
0.000951
0.057217
0.043130
0.029060
0.141380
0.014983
0.029009
-0.069210
-0.013087
-0.027131
-0.195845
0.043154
0.000951
0.043136
0.029064
-0.069348
-0.055324
0.029092
-0.027191
0.113468
0.000951
0.015006
-0.013105
-0.013107
-0.013109
END
