y[]
-0.013240
-0.013241
0.152499
-0.025965
0.024997
-0.025965
0.012258
-0.000484
-0.000484
0.024994
0.024987
0.012249
0.012248
-0.013215
-0.013217
0.037711
-0.025945
-0.051426
0.024991
-0.000484
-0.025958
-0.013223
0.024994
-0.025961
0.050465
-0.064174
0.050472
-0.013220
0.012253
0.088626
0.164795
-0.038601
0.024929
-0.025897
-0.000484
-0.000484
0.012224
-0.000484
-0.025900
-0.025906
-0.000484
-0.025913
0.037658
-0.038625
-0.000484
-0.013201
0.037662
-0.000484
-0.038630
0.012233
0.024945
-0.025913
0.037658
-0.025910
0.050362
-0.013193
-0.000484
0.024932
-0.013191
0.012224
0.024926
0.012219
-0.013186
-0.000484
-0.025893
-0.025900
-0.000484
-0.013194
0.012227
-0.038620
0.024942
-0.000484
0.012227
-0.000484
-0.000484
-0.013194
-0.013196
0.012228
-0.025910
-0.000484
0.012230
0.037648
-0.013193
0.012225
-0.000484
-0.013193
-0.000484
-0.013194
-0.013196
0.012228
-0.000484
-0.000484
-0.000484
-0.000484
-0.000484
-0.013196
0.012228
0.012227
0.024932
-0.038610
-0.013196
-0.013197
-0.000484
-0.013199
-0.000484
0.024945
0.012228
0.037643
-0.000484
-0.000484
-0.038610
0.012227
0.012225
-0.025903
-0.051342
-0.000484
-0.000484
-0.013202
-0.000484
0.012235
-0.076820
-0.038674
-0.000484
0.012248
-0.013215
0.037706
-0.038674
-0.000484
-0.013217
0.012249
-0.064166
0.024994
0.012253
0.012251
-0.013219
0.012251
0.024981
-0.013215
-0.013217
-0.000484
-0.013219
0.024984
0.063158
-0.013209
-0.076868
-0.038698
0.050465
0.037711
0.126727
-0.013197
-0.089525
-0.000484
0.012241
0.101259
-0.051342
-0.038644
0.012238
-0.025929
0.024962
-0.102304
0.012249
-0.013217
0.012249
0.050433
-0.051400
0.075881
-0.000484
0.024958
-0.025926
-0.051387
0.012245
0.037691
-0.000484
0.050394
0.012232
-0.000484
-0.000484
0.024942
-0.013196
0.037648
0.037633
-0.025893
-0.000484
0.012222
-0.000484
-0.051316
-0.013196
0.063061
-0.038606
-0.025906
-0.038630
-0.064093
0.012241
-0.000484
-0.013209
0.037687
0.024955
0.012233
0.024945
-0.025913
-0.000484
-0.025919
0.037667
-0.025916
0.024949
-0.013199
0.012232
-0.025916
-0.025923
0.012236
-0.051374
-0.000484
0.012241
0.012240
-0.013207
0.024962
0.012236
0.037667
-0.025916
-0.000484
0.024949
-0.025916
-0.025923
0.050387
0.012230
0.012228
0.024936
-0.038615
0.024939
0.012225
0.024929
0.012220
0.024920
-0.000484
-0.013185
-0.000484
0.050310
-0.051277
0.024916
0.012214
-0.025881
0.012215
0.012214
-0.038581
-0.000484
0.012217
0.050303
0.050278
-0.000484
-0.025861
0.037580
-0.000484
-0.013170
-0.013172
-0.038557
0.037590
-0.000484
0.024891
-0.000484
0.151627
0.024846
-0.013148
-0.013149
0.037508
0.012177
-0.013144
-0.000484
0.037493
0.050130
0.050104
-0.000484
0.012159
-0.000484
-0.025771
-0.063731
-0.038451
0.012174
0.024826
0.037469
0.075379
0.012155
-0.000484
0.012153
0.012151
-0.013119
0.075303
-0.013111
-0.000484
-0.038374
0.024778
0.024772
-0.013111
-0.013112
-0.000484
-0.025746
-0.000484
0.024778
-0.000484
-0.000484
-0.000484
-0.000484
-0.000484
-0.000484
-0.240732
0.024833
0.088073
-0.013130
-0.038432
-0.000484
-0.025791
-0.038456
0.012175
-0.000484
0.024830
-0.013140
-0.000484
0.037479
-0.013136
-0.025794
-0.025800
0.012175
-0.013143
0.012175
-0.000484
-0.000484
-0.000484
-0.000484
-0.000484
-0.000484
-0.013143
0.012175
-0.013143
0.012175
-0.013143
0.012175
0.012174
-0.025800
0.012175
-0.000484
0.024830
0.012170
-0.000484
-0.013138
-0.025797
0.012174
0.012172
-0.025797
0.012174
0.024826
0.012169
0.012167
-0.013135
-0.000484
-0.000484
-0.000484
0.037465
0.012162
-0.000484
0.012161
-0.013128
0.012161
-0.025775
0.012162
-0.000484
0.012161
0.012159
0.012158
-0.013125
0.037436
-0.038403
-0.013127
-0.013128
-0.013130
0.012162
-0.000484
-0.000484
-0.000484
0.012161
-0.025775
-0.000484
0.024807
-0.025775
-0.000484
-0.000484
-0.038432
0.024817
-0.013133
0.012166
-0.000484
-0.013133
0.012166
-0.000484
-0.000484
-0.013133
0.012166
-0.013133
-0.000484
-0.000484
-0.025787
-0.000484
0.024820
-0.000484
-0.013135
-0.000484
0.012167
-0.013135
0.024817
-0.013133
-0.000484
-0.000484
0.012166
-0.000484
-0.000484
0.024810
-0.025778
0.024810
-0.025778
-0.000484
-0.000484
0.024810
-0.013130
-0.000484
-0.000484
-0.000484
-0.000484
-0.013132
0.024810
-0.013130
-0.000484
-0.013132
-0.013133
-0.013135
0.012167
0.012166
-0.013133
-0.000484
-0.013135
-0.000484
-0.000484
0.024817
-0.013133
-0.000484
-0.013135
-0.000484
-0.013136
0.012169
0.012167
-0.000484
-0.013135
-0.000484
0.012167
0.024814
-0.013132
0.012164
-0.000484
-0.013132
-0.000484
-0.000484
-0.000484
-0.000484
-0.000484
0.012164
-0.013132
-0.000484
-0.000484
-0.000484
-0.013133
-0.000484
-0.000484
0.012166
-0.000484
0.012164
-0.000484
-0.000484
-0.000484
-0.000484
-0.000484
-0.000484
0.024807
-0.000484
-0.000484
0.012159
-0.025771
0.012161
-0.000484
0.024801
-0.000484
-0.013125
-0.000484
-0.000484
0.012158
-0.000484
0.024794
-0.000484
-0.000484
0.024788
0.012150
-0.051027
0.037426
-0.038394
0.012155
0.012153
0.012151
-0.013119
0.012151
-0.025755
0.037421
-0.000484
0.024778
-0.000484
-0.025746
0.062660
0.012140
-0.000484
-0.038360
-0.000484
0.012143
-0.000484
-0.025739
-0.025746
0.062660
-0.000484
-0.025736
0.012143
-0.025739
-0.000484
-0.013114
-0.013116
-0.088951
-0.013128
0.087995
-0.025755
0.012153
-0.025759
0.050060
-0.051027
-0.013124
-0.013125
0.024798
0.037426
-0.000484
-0.025755
0.012153
0.012151
0.037412
-0.025746
-0.000484
0.037407
0.012143
-0.000484
0.024766
0.024759
-0.000484
0.012135
0.012134
-0.025720
-0.013104
-0.000484
-0.038355
-0.013111
-0.000484
-0.051008
0.012150
-0.051027
0.012155
0.012153
0.012151
-0.013119
-0.025759
0.037426
0.062668
-0.025739
-0.000484
-0.063651
-0.013122
-0.000484
-0.025765
-0.025771
0.012161
-0.000484
-0.025775
0.012162
-0.038427
0.024814
0.012162
0.024804
-0.038418
-0.025781
0.012166
-0.000484
-0.000484
-0.025784
-0.000484
-0.000484
-0.025791
0.012170
0.024820
0.012166
0.037455
-0.013128
-0.013130
0.024807
-0.000484
-0.025775
0.012162
0.012161
-0.000484
0.037441
0.012155
-0.051046
0.024801
0.012156
0.037426
-0.013119
-0.000484
-0.025759
-0.013124
0.024794
0.012153
-0.013120
0.012153
-0.025759
-0.013124
0.012156
0.012155
0.037421
0.050034
-0.025739
0.012145
-0.000484
-0.013112
0.024772
-0.000484
-0.025739
0.062644
-0.050982
0.062636
0.125636
-0.025695
-0.063539
0.024743
0.024737
0.012124
0.075131
0.037302
-0.050868
-0.088717
-0.000484
-0.050938
-0.013101
0.049977
-0.025711
-0.025717
0.012134
-0.139364
0.075293
0.075236
-0.000484
-0.050957
-0.063611
0.075264
-0.114127
-0.038394
-0.038408
-0.000484
0.012159
-0.000484
-0.000484
0.050072
0.024785
-0.013117
-0.051033
0.012156
0.037426
0.037412
0.024772
-0.000484
-0.051002
-0.013117
-0.025755
0.050053
0.024775
-0.038374
0.012148
-0.013116
0.024778
-0.063651
0.012153
-0.101622
-0.013133
0.062747
-0.038418
0.024807
-0.038422
-0.000484
-0.013133
-0.051097
0.012172
-0.063779
0.050156
0.024826
-0.025794
0.012172
0.012170
-0.051110
-0.000484
0.050143
0.012169
-0.025791
-0.013140
0.012172
-0.025797
-0.000484
0.024830
-0.025797
-0.013143
0.012175
0.012174
0.012172
-0.025797
-0.025803
-0.051142
-0.051168
-0.025835
-0.013162
0.075562
-0.013154
0.012187
0.037517
0.050162
-0.203221
-0.076616
-0.140211
0.228059
-0.076607
-0.254646
0.113969
END
