y[]
-0.015103
0.029126
-0.029845
0.014384
-0.015103
-0.029854
0.014389
0.029130
-0.029849
-0.029858
-0.044624
0.014397
-0.029876
0.043911
0.014393
0.029139
-0.015108
-0.000360
0.058620
-0.029845
0.014384
0.014382
0.014380
-0.015099
-0.015101
0.058594
-0.000360
-0.029832
0.014378
-0.000360
-0.015097
0.029113
-0.000360
-0.000360
-0.015095
0.029109
-0.000360
0.014371
0.058542
-0.015082
0.014363
-0.029806
-0.015086
-0.044552
0.029104
-0.015090
-0.015093
0.014373
-0.029828
0.014376
-0.000360
-0.015095
-0.059322
-0.015106
0.014386
0.014384
-0.044598
-0.000360
0.014389
-0.015108
-0.000360
-0.029862
0.043891
-0.000360
-0.000360
-0.044611
-0.015114
-0.015116
-0.059409
-0.088999
0.029196
0.014415
-0.015134
-0.000360
0.058725
0.014406
-0.059435
0.029183
-0.059453
-0.000360
-0.015138
0.088280
-0.015127
-0.029902
-0.015134
-0.029915
-0.059496
0.014428
-0.029937
-0.015151
-0.000360
-0.000360
0.058795
-0.000360
-0.029932
0.014428
-0.044728
0.029222
-0.000360
0.043996
0.043976
-0.000360
-0.000360
-0.000360
-0.044696
0.014421
-0.074286
-0.015151
0.014432
-0.044742
-0.000360
-0.044761
0.014443
-0.000360
0.058830
-0.015154
0.014434
0.029222
-0.015149
-0.029945
0.044016
0.029213
0.029204
-0.015140
0.029200
-0.000360
-0.000360
-0.000360
-0.000360
0.014417
-0.000360
-0.015136
-0.015138
-0.015140
-0.000360
-0.044715
-0.029941
-0.000360
-0.029950
-0.000360
-0.015158
-0.000360
0.014439
0.058812
-0.015149
-0.000360
-0.015151
0.029222
-0.000360
-0.000360
-0.000360
-0.000360
-0.029941
0.029222
-0.015149
-0.015151
-0.000360
0.014432
-0.015151
0.014432
0.014430
-0.000360
0.014428
-0.015147
-0.015149
-0.000360
-0.000360
-0.000360
-0.015151
-0.000360
0.014432
-0.000360
-0.000360
-0.000360
-0.015151
-0.015154
-0.029954
0.014439
-0.015158
-0.000360
-0.029963
-0.015165
-0.000360
-0.015167
-0.000360
0.014448
-0.000360
-0.015167
0.014448
-0.000360
0.014445
0.014443
-0.044774
0.014448
0.029248
-0.000360
0.014441
0.014439
0.014437
-0.000360
-0.015156
-0.000360
-0.015158
-0.000360
-0.015160
-0.000360
0.014441
-0.015160
-0.000360
0.014441
-0.015160
0.014441
-0.015160
0.014441
0.029235
0.014434
-0.029950
0.014437
-0.015156
-0.015158
-0.000360
-0.015160
-0.015162
-0.000360
0.014443
-0.015162
0.014443
0.014441
0.014439
-0.000360
0.014437
-0.000360
-0.015156
0.014437
-0.015156
-0.000360
-0.000360
-0.000360
-0.000360
-0.000360
-0.000360
0.029231
-0.015154
-0.000360
0.014434
-0.015154
-0.000360
0.044016
-0.015149
0.014430
-0.000360
-0.015149
-0.000360
0.014430
-0.015149
-0.000360
-0.000360
-0.000360
-0.015151
-0.000360
-0.015154
-0.000360
-0.000360
-0.015156
0.014437
-0.000360
-0.015156
-0.015158
-0.000360
-0.000360
0.014439
-0.015158
-0.029963
0.029244
-0.015160
-0.000360
-0.000360
-0.000360
-0.000360
-0.000360
-0.000360
-0.015162
-0.015165
-0.000360
0.029248
-0.015162
-0.000360
0.014443
-0.015162
-0.000360
-0.000360
-0.000360
-0.000360
-0.000360
0.014443
-0.000360
-0.015162
0.014443
-0.015162
-0.015165
-0.029976
0.029257
-0.015167
-0.000360
0.014448
-0.000360
0.014445
0.014443
-0.000360
-0.000360
-0.015162
0.029244
-0.015160
-0.015162
-0.000360
0.029244
-0.000360
-0.029963
-0.000360
0.014443
-0.000360
0.014441
-0.015160
-0.000360
-0.015162
-0.000360
0.014443
-0.000360
-0.015162
0.014443
-0.000360
0.029239
0.029231
-0.015154
-0.015156
0.044022
0.044003
-0.029932
-0.000360
-0.000360
-0.029941
-0.000360
-0.015154
-0.000360
-0.000360
-0.044755
0.073621
-0.000360
-0.000360
-0.029945
-0.059557
-0.000360
-0.029972
0.014448
-0.015167
0.044055
-0.029967
0.014445
-0.015165
-0.015167
0.014448
-0.015167
0.044055
-0.059584
-0.000360
0.029257
0.014445
-0.029972
0.029252
0.014443
0.029239
-0.000360
-0.000360
-0.000360
-0.000360
0.029231
-0.044748
-0.000360
-0.000360
-0.029963
-0.015165
-0.000360
0.029248
-0.044774
-0.000360
0.029252
-0.029972
-0.000360
-0.000360
0.014448
0.058847
-0.000360
-0.029959
0.014441
-0.000360
-0.000360
0.029235
-0.015156
-0.000360
-0.059566
0.014445
0.029244
-0.000360
-0.029963
-0.015165
0.044049
-0.015160
-0.000360
-0.000360
-0.000360
-0.000360
-0.000360
0.014441
0.014439
-0.000360
-0.015158
-0.015160
0.029239
-0.000360
-0.044761
0.058838
-0.044755
0.029239
-0.015158
0.014439
0.014437
0.044016
0.029213
-0.015145
-0.029937
-0.029945
0.014434
0.014432
-0.015151
-0.000360
0.029222
0.043996
-0.015143
0.014423
-0.000360
-0.000360
-0.015143
0.014423
-0.015143
-0.015145
0.043990
-0.015140
-0.015143
0.029204
-0.000360
0.043970
-0.000360
-0.000360
-0.029910
0.014417
-0.000360
-0.015136
0.029191
-0.015134
-0.000360
0.058725
-0.029897
-0.000360
-0.015132
0.014413
-0.044683
0.014417
-0.000360
0.014415
-0.015134
-0.015136
0.103030
0.014402
0.014399
0.014397
0.014395
0.014393
-0.015112
0.073381
0.029122
-0.044585
-0.015106
-0.000360
0.029130
0.029122
-0.000360
0.014378
-0.000360
0.029109
-0.015093
0.014373
-0.015093
-0.000360
-0.015095
0.058568
-0.044552
-0.000360
-0.029832
-0.000360
-0.000360
-0.015099
0.029117
-0.015097
-0.015099
0.029117
0.029109
-0.015093
-0.029832
-0.029841
0.029122
0.014378
0.014376
-0.000360
0.014373
-0.015093
-0.059313
0.029122
-0.000360
-0.015099
-0.000360
0.014380
-0.000360
-0.000360
-0.000360
0.014378
-0.000360
-0.000360
-0.029836
-0.000360
-0.000360
-0.000360
0.043852
-0.029832
0.029113
-0.000360
-0.015095
-0.000360
-0.029836
0.014380
0.029113
-0.000360
0.014373
-0.015093
0.043833
-0.015088
0.043820
0.029082
-0.029802
-0.015084
-0.015086
-0.015088
-0.000360
-0.015090
0.014371
0.029095
-0.000360
-0.015086
0.014367
-0.029815
-0.000360
0.014369
0.014367
-0.000360
-0.000360
0.014365
-0.015084
0.029087
-0.015082
0.029082
-0.029802
-0.015084
0.029087
-0.015082
-0.029810
-0.015088
0.014369
0.029091
-0.000360
-0.015084
0.029087
-0.000360
-0.000360
0.014360
-0.029802
0.029082
-0.015080
-0.015082
-0.015084
-0.000360
0.029087
-0.029806
0.014365
-0.000360
-0.000360
-0.015084
0.014365
-0.000360
-0.015084
-0.015086
-0.000360
-0.029819
-0.015093
0.014373
-0.000360
0.029100
0.014367
-0.015086
-0.000360
-0.000360
0.043813
-0.015082
0.014363
-0.000360
-0.015082
0.029082
0.029074
-0.000360
-0.015075
-0.015077
0.029074
0.014354
-0.000360
0.014352
-0.000360
-0.000360
-0.000360
-0.015071
-0.000360
-0.000360
-0.000360
-0.000360
0.014352
-0.015071
-0.015073
-0.000360
0.014354
-0.015073
-0.015075
-0.015077
-0.000360
-0.000360
0.014358
-0.000360
-0.015077
-0.000360
0.014358
-0.000360
-0.000360
-0.015077
0.014358
-0.000360
-0.000360
0.014356
-0.000360
-0.015075
-0.000360
-0.000360
-0.000360
0.014356
-0.000360
-0.000360
-0.015075
0.014356
-0.000360
-0.015075
0.014356
-0.000360
-0.000360
-0.000360
-0.000360
-0.000360
-0.000360
-0.015075
0.014356
0.014354
-0.015073
-0.015075
0.014356
-0.000360
0.014354
-0.000360
0.043768
-0.015067
-0.000360
-0.000360
-0.000360
-0.015069
-0.000360
-0.000360
-0.000360
-0.000360
-0.000360
-0.000360
-0.000360
-0.000360
-0.015071
-0.000360
-0.000360
0.014352
-0.015071
0.014352
-0.000360
-0.000360
0.014350
-0.000360
-0.000360
0.014347
0.014345
-0.015064
0.014345
-0.000360
0.014343
-0.000360
-0.000360
-0.015062
0.014343
-0.015062
0.014343
-0.000360
-0.015062
0.014343
-0.000360
-0.000360
-0.000360
-0.000360
-0.000360
-0.000360
0.014341
-0.029763
0.014343
-0.015062
-0.000360
-0.000360
0.014343
-0.000360
-0.000360
-0.015062
END
