y[]
-0.041963
-0.013953
0.014068
0.000057
0.000057
0.000057
0.000057
-0.013953
0.000057
0.014068
-0.013953
0.000057
0.000057
0.000057
0.028076
-0.013952
0.000057
0.000057
0.014066
-0.013952
0.000057
0.014066
-0.013952
0.014066
0.000057
-0.013952
0.014066
-0.027962
0.014068
0.000057
-0.013953
0.000057
0.014068
-0.027966
0.000057
0.000057
0.028080
0.000057
0.000057
0.028072
0.000057
0.000057
0.000057
0.000057
0.000057
0.000057
0.000057
0.014062
0.000057
0.000057
0.000057
0.000057
0.014060
0.000057
0.014058
0.000057
-0.027946
0.000057
0.014060
0.000057
0.014058
0.000057
-0.027946
0.000057
-0.027954
-0.013952
0.042077
0.000057
-0.013948
-0.013950
-0.027962
0.014068
0.042077
0.000057
-0.027954
0.000057
0.000057
-0.013952
0.014066
-0.013952
0.014066
0.000057
-0.027962
0.000057
0.028076
-0.027962
0.000057
0.014068
0.000057
0.000057
0.000057
0.000057
0.000057
-0.013953
-0.013955
0.014069
0.028076
0.000057
0.014064
0.014062
0.000057
-0.027954
0.014064
-0.013950
-0.013952
0.028072
-0.013950
0.014064
-0.013950
0.000057
0.000057
0.056072
-0.013944
0.000057
0.014058
0.000057
0.000057
0.014056
-0.013942
0.000057
-0.041951
0.000057
0.000057
0.014062
-0.013948
-0.027958
0.014066
0.028068
0.000057
0.000057
0.000057
-0.027954
0.098062
0.028041
-0.027927
-0.013938
-0.013940
0.042041
0.000057
0.042024
-0.013930
-0.013932
-0.013934
-0.027931
-0.013940
0.014054
0.014052
-0.013938
-0.041939
0.014058
0.000057
0.014056
-0.013942
0.014056
0.000057
0.000057
-0.027942
-0.013946
0.028060
0.014056
-0.027942
0.000057
0.000057
0.014058
-0.027946
0.014060
0.000057
0.000057
0.014058
-0.041951
0.042065
-0.027946
0.014060
-0.027950
0.014062
-0.027954
0.014064
0.000057
0.028064
-0.055965
0.028072
-0.013950
0.042071
-0.041957
-0.041975
-0.041992
-0.042010
0.014081
0.000057
0.000057
0.000057
-0.027993
0.042130
-0.027990
0.000057
-0.027997
0.042136
-0.013967
0.014081
0.014079
-0.013965
0.000057
0.014079
0.000057
-0.027990
0.028104
0.000057
0.000057
0.056127
-0.013957
0.028084
-0.013955
0.028080
-0.013953
0.014068
0.000057
-0.013953
0.000057
-0.013955
0.014069
-0.013955
0.000057
0.042089
0.014064
0.000057
-0.013950
0.000057
0.000057
0.000057
0.000057
-0.027962
-0.013955
-0.013957
0.014071
0.014069
-0.013955
0.014069
0.042083
0.042065
-0.027946
0.014060
0.014058
-0.013944
0.098021
0.000057
0.042012
0.000057
-0.013926
0.014040
0.000057
-0.013926
0.028021
0.041989
0.014030
-0.027892
0.028006
-0.041869
0.014034
-0.013920
-0.027903
0.028017
-0.013922
0.014036
0.028009
-0.055856
0.083914
-0.027888
-0.083824
0.014042
-0.055895
0.069992
-0.027911
-0.055903
0.014050
0.083973
-0.083859
0.056009
0.014040
0.055970
-0.027895
0.014034
0.028006
0.209423
-0.013887
-0.041787
-0.027849
-0.041816
-0.167611
0.028021
0.000057
0.014036
0.055954
-0.027888
0.000057
0.028002
-0.027888
-0.027895
0.028009
0.041971
0.014024
-0.041851
0.000057
-0.013916
-0.013918
0.014032
0.069904
-0.013908
-0.013910
0.041954
-0.027872
-0.027880
-0.013914
-0.027892
0.014032
0.028002
0.014026
-0.027884
0.014028
0.027994
0.041948
-0.027868
0.000057
-0.013908
0.000057
0.027986
0.014019
0.000057
-0.041834
-0.013910
-0.027884
0.027998
-0.041857
-0.013918
0.000057
0.028006
-0.041869
0.014034
-0.013920
-0.027903
0.028017
0.014034
-0.027899
0.014036
0.000057
-0.013922
-0.027907
0.000057
-0.013928
0.014042
0.014040
0.014038
0.014036
-0.013922
0.041989
0.014030
0.014028
-0.027888
0.000057
-0.027895
-0.013922
-0.111847
0.070012
-0.153908
-0.013952
-0.168199
0.042148
0.084185
0.014071
0.056095
-0.041969
0.000057
-0.013955
-0.070035
-0.013967
-0.140294
0.014101
0.042177
0.042159
0.000057
-0.084165
-0.013987
0.014101
-0.070183
-0.056170
-0.126570
0.056355
0.014127
0.000057
-0.028084
0.112575
-0.042122
0.070346
-0.126499
-0.028088
0.028202
0.070385
0.112480
-0.056139
-0.042110
-0.042128
0.042242
0.084374
-0.028041
0.056245
-0.013987
0.014101
-0.056131
0.028155
0.000057
0.000057
0.028147
0.014099
-0.028029
0.014101
0.000057
0.000057
0.014099
-0.013985
0.000057
0.000057
0.014099
0.000057
0.000057
-0.013985
0.000057
-0.028033
-0.056146
0.028163
0.000057
0.014107
0.042195
-0.013987
0.014101
0.000057
-0.013987
0.000057
-0.028037
0.014105
0.014103
0.000057
-0.013989
-0.013991
0.014105
0.014103
0.000057
-0.013989
0.000057
0.028147
-0.042081
-0.013993
0.000057
0.014107
0.014105
-0.013991
-0.013993
-0.013995
0.014109
-0.028049
0.014111
0.042207
0.042189
0.000057
0.000057
-0.042075
0.000057
0.000057
0.014103
0.000057
0.000057
-0.013989
0.000057
0.000057
0.014103
0.014101
0.000057
-0.013987
-0.013989
0.000057
-0.013991
0.000057
-0.013993
0.028155
0.000057
0.000057
-0.013991
-0.070212
0.014115
0.000057
0.000057
0.028167
0.000057
-0.028053
-0.014001
0.000057
-0.014003
-0.014005
0.028178
0.000057
0.014115
0.014113
-0.013999
0.014113
-0.013999
0.028167
-0.013997
-0.028057
0.014115
0.014113
0.000057
-0.013999
-0.014001
-0.014003
0.028175
0.000057
-0.014001
0.000057
0.000057
0.000057
0.014115
-0.014001
0.000057
0.000057
-0.014003
0.014117
-0.014003
0.028175
0.000057
0.014113
0.000057
-0.013999
0.000057
0.000057
0.000057
0.000057
0.000057
0.000057
0.000057
-0.014001
-0.014003
-0.028068
0.014121
0.000057
-0.014007
-0.028076
-0.014013
0.014127
0.000057
0.000057
-0.014013
0.014127
0.000057
0.000057
-0.014013
-0.028088
0.000057
0.014131
0.014129
0.014127
-0.014013
-0.014015
0.000057
0.000057
-0.014017
0.014131
-0.014017
0.028202
-0.014015
0.000057
0.000057
0.014129
0.000057
0.000057
0.000057
0.000057
0.000057
0.000057
0.014127
0.042254
0.000057
0.000057
0.000057
0.000057
0.000057
0.000057
0.014119
0.014117
-0.028064
0.000057
0.000057
0.014119
0.000057
0.000057
-0.014005
0.014119
0.000057
-0.014005
0.014119
-0.014005
0.000057
0.000057
0.000057
0.000057
0.000057
0.014119
0.000057
0.000057
0.000057
0.000057
0.028175
0.014113
0.028163
0.000057
0.000057
0.000057
0.000057
0.000057
-0.013995
-0.028053
0.014113
-0.098375
-0.028084
0.000057
0.014129
0.028194
0.014123
0.000057
0.000057
-0.014009
0.014123
-0.028076
0.042254
-0.014007
0.014121
0.000057
0.000057
0.014119
0.014117
0.014115
0.028167
-0.013997
0.014111
-0.042110
0.014115
0.014113
0.028163
0.000057
0.028155
0.042189
0.000057
0.014097
-0.013983
0.056205
0.000057
0.000057
0.000057
0.028119
0.000057
-0.013973
0.028115
0.000057
0.000057
-0.013971
-0.013973
0.000057
0.014087
0.042136
0.000057
0.000057
0.028100
0.014075
-0.013961
-0.013963
0.000057
0.014077
0.014075
-0.013961
0.014075
0.000057
-0.013961
0.000057
0.000057
0.028092
-0.027978
0.014075
0.014073
-0.027978
0.014075
0.000057
0.000057
0.000057
0.014073
0.000057
-0.013959
-0.013961
0.014075
-0.027982
0.014077
-0.027986
-0.027993
-0.013971
0.000057
0.000057
0.000057
0.028111
0.000057
0.000057
-0.013969
0.000057
0.000057
0.000057
0.000057
0.000057
0.000057
-0.013971
0.000057
0.014085
0.000057
0.014083
0.014081
0.014079
0.000057
0.014077
0.000057
0.014075
0.028088
0.028080
-0.027966
0.014069
-0.013955
0.014069
0.014068
0.056079
0.000057
-0.027950
0.000057
0.000057
-0.027958
END
