y[]
-0.023392
0.023873
-0.023392
-0.011578
0.023876
0.000241
0.023870
0.000241
0.012053
0.000241
0.000241
-0.011572
0.000241
0.023865
0.000241
-0.011571
0.000241
0.000241
0.012052
-0.011571
0.000241
-0.011572
0.023865
0.000241
0.000241
0.000241
0.000241
-0.011571
0.000241
0.000241
0.012052
-0.011571
0.000241
0.000241
0.000241
0.000241
0.012052
0.000241
0.012051
0.000241
-0.011569
0.000241
0.012051
-0.011569
0.023859
-0.011568
0.000241
0.000241
-0.023380
0.023862
0.000241
0.000241
0.000241
0.012049
-0.023378
0.012051
0.000241
-0.011569
0.023859
-0.011568
0.000241
0.012049
-0.011568
-0.011569
0.000241
0.000241
0.000241
0.000241
-0.011571
0.035670
0.000241
-0.011568
-0.011569
0.000241
0.000241
0.000241
0.000241
-0.011571
0.012052
0.023859
-0.011568
0.000241
0.012049
0.000241
0.000241
-0.011568
0.059269
0.000241
0.012042
0.000241
-0.011561
0.000241
-0.011562
0.000241
0.012044
0.000241
0.000241
0.000241
0.012042
0.000241
0.012041
-0.023361
0.012042
0.012041
-0.023361
0.000241
0.000241
0.012042
0.023839
0.000241
0.000241
-0.011558
0.012039
0.000241
0.000241
0.000241
-0.023358
0.012041
0.000241
0.000241
0.012039
-0.011558
0.000241
0.012039
-0.011558
0.035633
0.012035
0.012034
-0.011552
-0.035147
0.035628
-0.011554
0.012035
0.000241
0.000241
-0.035147
-0.023358
0.012041
0.023837
-0.035155
0.012041
0.012039
0.012038
-0.011557
0.000241
-0.011558
-0.011559
-0.035168
0.035649
-0.011561
0.023842
-0.023361
0.012042
-0.046974
-0.011566
0.023853
-0.023372
0.012048
0.023851
0.023845
0.012041
0.012039
-0.035160
-0.023367
0.000241
-0.023372
-0.011568
0.035662
0.012045
-0.023369
-0.011566
0.000241
0.000241
0.000241
0.012048
0.000241
-0.023375
-0.035193
0.023865
-0.011571
-0.011572
0.023865
0.000241
0.000241
0.000241
0.023859
-0.023378
0.000241
-0.023383
0.000241
0.000241
-0.035206
-0.011578
0.000241
0.000241
0.012059
0.000241
0.000241
0.000241
0.000241
0.012058
0.000241
0.012056
0.000241
-0.035210
0.023876
0.012056
0.012055
0.000241
-0.011573
0.000241
0.012055
0.000241
-0.035206
0.035687
0.023865
-0.023383
0.023865
0.000241
0.000241
0.000241
-0.011571
0.012052
0.000241
0.023859
0.012048
-0.011566
0.012048
0.000241
-0.011566
-0.011568
-0.023380
0.000241
-0.035201
0.023870
-0.011573
-0.011575
0.035683
0.012052
0.000241
0.012051
0.023856
0.012046
0.000241
0.035649
-0.011561
-0.023367
0.035649
-0.023364
0.023845
-0.011561
0.000241
0.000241
0.012042
-0.011561
0.023842
0.012039
-0.011558
0.000241
-0.023361
0.000241
0.000241
-0.023367
-0.011565
0.035654
-0.023367
-0.011565
-0.058809
0.012053
0.012052
0.000241
-0.023383
-0.035206
-0.035218
0.035700
-0.047041
0.023884
0.000241
0.000241
0.012060
-0.011579
-0.011580
0.035700
0.023873
0.023867
0.059283
-0.046990
0.023859
-0.035189
0.012052
0.035666
0.000241
0.035654
-0.035172
0.035654
0.000241
-0.023367
0.094636
-0.035147
0.012038
-0.023355
0.000241
-0.129637
0.012055
-0.011573
-0.023392
-0.023397
0.035695
-0.023394
-0.023400
-0.058885
-0.023420
0.071205
-0.035235
-0.023417
0.035725
0.000241
-0.035243
0.059374
0.023884
0.035695
-0.023394
0.023876
-0.058857
0.000241
-0.011583
0.000241
-0.035239
0.035721
0.012065
0.023884
-0.035227
0.012065
0.000241
0.012063
-0.011582
0.000241
-0.011583
-0.023411
-0.023417
-0.070765
0.000241
0.000241
0.023915
0.035742
-0.011592
-0.035264
0.023912
0.012074
-0.011593
0.000241
0.023907
-0.011592
0.023904
-0.023422
0.023904
-0.011590
-0.011592
0.000241
-0.011593
0.012074
-0.023428
-0.011596
0.012077
0.047572
0.012070
0.012069
0.000241
-0.011587
0.012069
-0.023417
0.012070
0.000241
0.023895
0.035712
0.000241
0.000241
-0.011582
0.000241
-0.011583
0.012065
0.000241
0.000241
-0.011583
-0.011585
0.023890
0.012063
-0.011582
0.012063
-0.011582
0.023884
-0.023403
-0.011583
0.000241
0.000241
0.118416
0.000241
-0.011571
-0.023386
0.023867
0.000241
-0.011572
-0.011573
0.023867
-0.047018
0.000241
-0.023397
0.012060
0.012059
-0.011578
0.023876
0.023870
-0.011573
0.023867
0.023862
-0.047007
0.023867
-0.023386
0.035679
0.000241
-0.023383
0.012053
0.000241
-0.023386
-0.011575
0.000241
0.000241
-0.011576
0.023873
0.035679
0.012051
0.035662
-0.023372
0.000241
0.023853
-0.023372
0.035658
-0.011564
-0.023372
-0.023378
0.012051
0.023856
0.000241
0.000241
0.000241
0.000241
0.000241
0.000241
0.000241
0.035654
-0.011562
0.000241
0.000241
0.000241
0.000241
-0.023369
0.012046
-0.011565
-0.011566
0.000241
0.000241
-0.011568
0.012049
0.000241
0.000241
0.000241
0.000241
0.012048
0.000241
0.000241
0.000241
0.000241
0.012046
-0.035181
0.000241
-0.023380
0.012052
0.012051
0.000241
-0.011569
0.012051
-0.011569
0.000241
0.000241
0.012051
0.000241
0.000241
0.000241
0.000241
0.000241
0.023856
-0.011566
-0.023378
0.012051
0.000241
-0.011569
0.023859
0.000241
0.012048
0.000241
-0.011566
0.012048
-0.011566
-0.011568
0.000241
0.000241
0.000241
0.012049
0.000241
-0.023378
0.000241
0.012051
-0.011569
0.000241
-0.011571
0.012052
-0.011571
-0.011572
-0.011573
-0.011575
0.000241
0.000241
0.000241
0.012056
-0.011575
0.012056
0.000241
0.000241
-0.011575
0.000241
0.000241
0.000241
0.000241
0.000241
0.000241
0.000241
0.000241
-0.011576
0.023873
-0.011575
0.000241
0.000241
0.012056
0.000241
-0.011575
0.012056
0.000241
0.012055
0.000241
0.000241
-0.011573
-0.011575
0.012056
-0.011575
0.012056
0.012055
-0.011573
0.000241
-0.011575
0.023870
-0.011573
0.000241
-0.011575
0.012056
0.012055
0.000241
-0.011573
0.000241
-0.011575
0.012056
-0.011575
0.012056
-0.011575
0.000241
0.012056
0.023867
-0.023386
0.000241
0.000241
0.012055
0.000241
0.000241
-0.011573
0.000241
0.000241
0.012055
0.000241
0.012053
-0.011572
0.000241
-0.011573
0.000241
0.000241
0.000241
0.000241
-0.011575
0.000241
0.000241
0.000241
0.012056
0.000241
0.000241
0.000241
-0.011575
0.012056
-0.011575
-0.011576
-0.023397
0.000241
0.000241
0.000241
-0.011580
0.000241
0.000241
0.012062
0.012060
-0.023400
0.000241
0.000241
-0.011582
-0.023408
0.023890
0.000241
-0.023408
0.012066
0.012065
0.000241
0.012063
-0.011582
0.000241
0.000241
0.012063
0.000241
0.000241
-0.011582
0.023884
0.012060
0.012059
-0.011578
0.000241
0.035691
-0.011575
-0.023394
0.023876
0.059304
-0.023380
-0.011572
0.000241
0.000241
0.000241
-0.023389
0.000241
0.012056
-0.023392
-0.035218
0.000241
-0.011582
0.035704
-0.011579
0.000241
0.012060
0.012059
0.000241
-0.011578
0.023876
0.000241
-0.011576
-0.011578
-0.011579
-0.011580
0.023881
0.000241
-0.011579
-0.023403
0.012063
-0.011582
-0.011583
-0.011585
0.000241
0.012066
-0.011585
0.000241
-0.011586
0.000241
0.023893
0.035708
0.012060
0.000241
0.000241
0.000241
0.012059
-0.023397
-0.023403
0.000241
0.000241
-0.129898
-0.035281
-0.094546
0.118710
0.012080
-0.011599
-0.047130
-0.035302
-0.023462
0.071331
0.000241
-0.011604
0.047612
-0.011600
0.012081
0.012080
-0.011599
-0.023442
0.035763
-0.023439
0.012081
0.023918
-0.011597
-0.011599
0.023918
0.000241
-0.023436
0.035754
0.000241
0.012076
0.012074
0.000241
0.012073
-0.035260
-0.011596
0.071238
-0.023420
0.000241
-0.023425
-0.011594
0.000241
0.000241
END
