y[]
-0.001971
0.084051
0.034873
-0.051099
-0.038833
-0.051141
-0.051165
0.096394
-0.026553
-0.014264
0.071767
0.096261
-0.014244
0.010303
-0.001971
0.071640
-0.051038
0.059360
-0.026499
-0.001971
0.034819
0.022548
-0.051014
-0.038769
0.010297
-0.051050
0.010302
-0.001971
-0.014243
0.034841
0.010297
0.022560
0.034814
0.083808
0.022524
-0.038715
-0.050984
0.022539
-0.026480
0.034792
0.047025
0.010274
-0.001971
-0.014216
0.047001
0.059210
0.059173
0.059135
0.010246
-0.063069
0.059128
0.034671
0.046863
-0.050805
0.010240
-0.038607
-0.026403
-0.026409
0.046899
-0.038621
0.010248
0.034675
-0.001971
0.022452
0.010239
-0.075249
0.022461
-0.001971
-0.087509
0.022476
-0.014193
0.034693
-0.026412
-0.063099
-0.026433
0.010261
-0.050906
-0.038688
0.010270
-0.050942
-0.075473
-0.014226
-0.063271
-0.014235
0.010294
-0.001971
-0.087855
-0.051081
0.096225
0.083871
-0.001971
-0.026490
-0.001971
0.071568
0.059270
-0.038711
0.047013
-0.001971
0.071460
0.034724
0.034711
0.010254
-0.075338
0.059173
-0.136536
-0.038702
0.095949
0.034724
0.022485
-0.099830
0.095889
0.108007
-0.014184
-0.038621
-0.050858
-0.014196
-0.014198
0.071370
-0.112002
-0.026439
0.022497
0.046947
0.034702
0.107966
0.083452
0.046810
-0.001971
0.010221
0.046780
0.010213
0.083276
-0.001971
0.034541
-0.014140
0.010198
0.034528
-0.014135
-0.001971
0.010194
0.022354
-0.001971
-0.099306
0.058875
0.143908
0.034466
0.058727
-0.014107
0.070827
-0.062632
0.010164
-0.038381
-0.014110
0.010169
-0.014110
0.010169
-0.014110
0.034444
-0.001971
-0.001971
0.010164
-0.026243
-0.014109
-0.001971
-0.001971
-0.026251
-0.026257
0.022316
-0.001971
-0.001971
0.010170
-0.014112
0.010170
-0.014112
-0.001971
-0.026257
0.010173
0.022313
-0.026254
-0.014115
0.010173
-0.001971
0.010172
-0.001971
-0.001971
-0.050550
-0.014119
0.046614
-0.038407
-0.026269
0.022328
-0.014119
0.010178
-0.001971
0.010176
0.010175
-0.026263
-0.001971
0.022322
0.010173
-0.014115
-0.001971
-0.001971
0.022316
-0.001971
0.010170
-0.014112
-0.014113
0.010172
-0.001971
-0.001971
-0.014113
-0.014115
-0.026263
0.010176
-0.014118
-0.001971
-0.038420
0.010181
-0.014122
0.010181
-0.014122
-0.026278
0.010184
-0.001971
-0.014125
0.010184
-0.001971
0.034484
0.010178
-0.001971
-0.014119
-0.014121
-0.014122
0.010181
-0.014122
-0.001971
-0.001971
0.022331
-0.026272
-0.001971
-0.001971
-0.001971
0.010181
-0.001971
-0.014122
-0.001971
-0.014124
0.010182
-0.014124
-0.026281
0.010185
-0.026284
0.010187
0.010185
0.010184
-0.001971
-0.001971
-0.014125
-0.001971
0.022337
-0.001971
-0.001971
-0.001971
0.022331
-0.014121
-0.001971
0.010179
-0.001971
-0.014121
-0.014122
-0.014124
-0.001971
0.010182
-0.014124
-0.001971
0.010182
-0.001971
-0.026278
-0.001971
-0.001971
0.010184
-0.026281
-0.001971
-0.001971
-0.001971
-0.001971
-0.014128
0.010187
0.010185
-0.001971
-0.026284
-0.014129
0.010188
-0.001971
-0.001971
-0.001971
-0.014129
0.010188
-0.001971
-0.001971
0.010187
0.022340
-0.001971
-0.001971
-0.001971
-0.001971
0.010182
-0.001971
0.010181
-0.014122
-0.001971
0.010181
-0.001971
-0.026275
-0.014125
-0.014127
-0.014128
-0.014129
-0.014131
0.034506
-0.001971
-0.014128
-0.026290
-0.001971
-0.001971
-0.001971
-0.001971
0.010190
-0.026293
-0.026299
0.022357
-0.050632
-0.001971
-0.001971
0.010197
0.010196
-0.026305
-0.014140
0.058860
-0.026299
0.058838
-0.026290
0.010190
-0.014131
-0.050627
-0.038478
-0.001971
-0.014143
0.071040
-0.014135
-0.038474
-0.014141
-0.001971
0.034537
-0.001971
0.010196
0.010194
0.010193
-0.001971
0.010191
-0.001971
-0.014132
-0.001971
-0.014134
-0.014135
0.010194
-0.014135
-0.001971
-0.001971
0.010194
-0.001971
0.010193
-0.001971
-0.026299
0.022357
-0.001971
-0.001971
-0.026299
0.010194
0.022354
0.010190
-0.001971
0.010188
0.010187
-0.001971
0.022340
0.010182
0.046626
-0.026266
0.034470
-0.014116
0.022319
0.046591
-0.014109
0.022304
0.010164
0.022295
-0.001971
-0.001971
0.022289
0.058654
-0.038341
-0.001971
0.058639
-0.014090
-0.050461
0.010154
-0.026222
-0.014099
-0.014100
0.010159
-0.026231
-0.001971
0.022289
-0.001971
-0.014100
-0.001971
-0.038367
0.022295
-0.026237
0.034426
-0.014101
0.010160
-0.001971
0.252436
0.070598
0.191289
-0.086476
0.142852
-0.014031
-0.146811
0.022184
-0.014047
-0.038209
-0.026137
-0.001971
0.046356
-0.014050
0.010109
0.010107
0.070467
-0.050257
-0.014046
-0.001971
0.022178
-0.001971
-0.001971
-0.062354
-0.038218
-0.014056
-0.001971
-0.014057
0.010116
-0.001971
0.022198
-0.001971
-0.001971
0.034272
-0.026131
-0.001971
0.022190
0.010107
-0.050292
-0.014055
-0.062412
-0.001971
-0.014063
-0.074557
-0.014074
0.046432
-0.014069
-0.026172
-0.038284
-0.014078
-0.062529
0.058588
0.058551
0.058514
0.010122
0.046385
0.010115
0.022196
0.058419
-0.159061
0.082647
-0.086588
0.022213
-0.122948
-0.062514
-0.026198
-0.001971
0.034369
0.058566
-0.062507
0.082770
-0.074601
0.010138
0.143220
-0.038249
-0.110883
-0.062529
-0.038323
-0.014091
0.010150
0.022266
0.058595
0.082760
-0.098811
-0.026195
-0.098929
-0.014097
-0.001971
0.034404
-0.062602
-0.014101
-0.038372
-0.038385
-0.086989
0.034475
0.095152
-0.014106
0.010164
-0.062661
0.070854
-0.111227
-0.038416
0.107326
-0.038390
0.022310
-0.062683
0.058742
0.070836
-0.001971
0.022286
0.046526
0.010150
0.058610
-0.062551
-0.001971
-0.026213
-0.038345
-0.001971
0.070765
-0.026210
-0.026216
0.094976
-0.014084
-0.086804
-0.062610
0.082914
-0.038341
0.022278
0.058624
-0.001971
-0.026204
0.094929
0.022239
0.022234
-0.026175
0.046432
0.010126
-0.038266
0.010129
0.022225
0.082667
-0.026146
0.010118
-0.086619
0.022222
0.046397
-0.001971
-0.014060
-0.014062
-0.050350
0.070589
0.034290
-0.001971
0.022196
-0.014053
0.022193
-0.026134
0.058427
0.046321
0.058361
0.010091
0.010090
-0.038157
-0.038170
0.022163
-0.050245
0.058368
-0.134765
0.034263
-0.038205
-0.026134
-0.014055
-0.001971
0.010113
-0.062405
-0.050344
0.034312
0.022210
-0.014060
0.010119
0.010118
0.046368
0.022190
-0.038214
0.022193
-0.014052
-0.026137
-0.026143
-0.026149
-0.014062
-0.001971
-0.038253
-0.050368
-0.001971
-0.026178
-0.001971
-0.001971
-0.014076
0.010135
-0.014076
0.010135
-0.014076
-0.014078
0.010137
-0.001971
-0.001971
0.034342
-0.001971
-0.001971
-0.014074
-0.001971
-0.014075
-0.001971
-0.050403
-0.001971
-0.014082
0.022251
-0.001971
-0.001971
-0.001971
-0.014081
0.010140
0.034351
-0.001971
-0.014076
0.022239
-0.001971
-0.001971
-0.014075
-0.014076
-0.001971
-0.014078
-0.001971
-0.001971
-0.014079
0.010138
-0.014079
-0.014081
0.022248
0.010137
-0.001971
0.010135
-0.001971
-0.026184
-0.026190
-0.014082
-0.014084
0.010142
-0.086793
-0.001971
0.034391
-0.001971
-0.001971
-0.038332
0.010151
0.010150
-0.001971
-0.001971
-0.014091
0.046502
-0.014087
0.010145
0.058588
0.022242
0.010134
0.010132
-0.026178
-0.001971
-0.001971
0.010134
0.034334
-0.026172
0.010131
-0.014072
-0.001971
-0.038284
0.022239
-0.014075
-0.086742
0.010144
-0.001971
0.010142
-0.001971
-0.038314
-0.014088
-0.001971
-0.001971
0.022263
-0.014087
-0.001971
-0.014088
0.034378
-0.014085
-0.014087
-0.038328
0.010150
0.046497
-0.001971
-0.014085
-0.001971
-0.001971
-0.014087
-0.001971
-0.014088
-0.001971
-0.001971
-0.014090
-0.014091
-0.001971
-0.001971
0.010150
0.010148
0.010147
END
