y[]
-0.025163
-0.025170
0.106941
0.014463
0.001261
-0.064768
-0.078031
-0.170754
-0.025230
-0.051741
-0.144638
0.160412
0.001261
-0.171165
-0.065136
-0.118365
-0.145143
-0.158697
-0.065464
0.241261
0.001261
-0.105335
0.347282
0.094216
0.200160
0.001261
0.292266
-0.038372
0.212454
0.448571
0.066873
-0.024979
-0.130042
0.316097
-0.129801
0.223963
-0.116579
-0.129835
-0.051226
-0.116935
-0.025024
0.014404
0.014402
0.027538
0.106303
-0.103782
-0.130197
-0.143543
-0.064629
0.132995
-0.077760
-0.051454
-0.077864
0.212120
0.001261
0.185398
-0.011881
-0.077625
0.106427
0.040669
0.132511
0.001261
-0.024976
-0.143163
-0.064455
-0.011888
0.158927
0.040638
-0.182635
0.224519
-0.011859
0.001261
0.066839
0.092998
0.092914
0.014347
-0.077284
0.092890
-0.155869
-0.024952
0.106069
-0.182226
0.093046
0.145324
0.171251
-0.064086
0.053541
-0.011807
0.053521
0.157878
0.001261
-0.050918
0.040397
-0.037876
0.053439
-0.116179
0.040422
-0.090141
-0.037937
0.027394
0.131826
0.079518
0.014297
-0.168353
0.014318
0.040422
-0.024846
0.014315
0.209893
-0.142127
-0.011785
0.014306
0.027346
0.027340
0.027333
0.027326
-0.063916
0.040371
0.053385
0.014287
-0.024795
0.144480
0.040285
0.105251
-0.037723
-0.024737
0.131181
-0.024710
0.014247
0.014245
0.001261
-0.037698
-0.011729
0.053209
-0.076672
-0.219878
-0.181221
0.040392
-0.155357
0.053493
0.183861
-0.037840
0.014296
-0.233635
0.040448
-0.050993
0.210111
-0.129220
0.014316
-0.050972
-0.077140
0.144948
-0.103219
-0.037947
0.027401
-0.011809
0.014330
-0.064103
0.027411
0.014333
0.040469
-0.011807
-0.011809
-0.024883
0.105795
0.079590
0.053446
-0.011783
0.066462
0.001261
-0.090034
0.040397
0.027343
0.027336
0.053391
-0.037835
0.027326
-0.024805
0.014294
-0.024808
-0.011776
0.001261
-0.024818
0.014301
-0.024822
0.053419
0.105495
-0.050843
0.040341
0.001261
-0.063882
-0.011773
0.040356
-0.037835
-0.024812
0.053398
0.001261
-0.050877
-0.037861
0.027343
-0.037866
0.027346
-0.077017
-0.011792
-0.037907
-0.011799
-0.064061
0.014328
0.014326
-0.037942
0.014330
-0.011809
0.001261
-0.011811
-0.077202
0.001261
-0.037994
-0.077294
0.105986
-0.103465
0.001261
0.053637
-0.024924
-0.024931
-0.051144
0.053665
0.066727
0.079764
-0.011819
0.014340
-0.077243
-0.038014
-0.024931
-0.024938
0.092926
-0.024921
0.092866
-0.024904
0.027425
-0.129630
0.014357
-0.011836
-0.090465
0.053685
-0.051164
0.001261
0.027476
0.014366
-0.024952
-0.024959
0.027480
-0.051185
0.040597
0.014369
0.014368
-0.024955
0.053685
-0.103616
0.040602
-0.024966
-0.011855
-0.051219
-0.051247
-0.011871
-0.038143
-0.038159
0.066951
0.001261
0.014393
-0.025007
-0.064438
-0.038179
-0.011890
0.040706
-0.051336
-0.077687
0.014423
-0.051399
0.027594
-0.038242
-0.038257
-0.025093
0.093469
-0.038247
0.119736
0.014416
-0.038211
0.027576
0.040721
-0.117168
-0.051420
0.001261
0.001261
-0.011914
0.093445
-0.117278
0.027614
0.027608
-0.038263
0.040784
-0.025086
0.027608
-0.025086
0.053948
-0.038252
0.119752
0.053878
-0.025045
0.014414
0.001261
0.014412
0.001261
0.040706
0.066968
-0.038159
0.014402
-0.038169
0.014405
0.001261
-0.011884
-0.025035
-0.090827
-0.025066
-0.011905
-0.064594
0.027608
0.027601
0.001261
-0.038252
0.053941
-0.011907
-0.077780
0.014438
0.067124
-0.051427
-0.130579
0.106746
-0.051468
0.040810
0.001261
0.027618
0.001261
0.119783
0.014421
0.001261
-0.038226
0.040747
0.040732
-0.011895
0.053871
-0.038195
-0.064533
-0.025069
0.119689
-0.051357
-0.077718
-0.077780
0.238196
-0.038190
-0.090851
-0.077760
-0.117387
-0.038320
0.040841
-0.130735
0.120065
-0.130753
0.067289
-0.064768
0.120080
0.159468
-0.051447
0.040794
-0.104197
-0.051510
-0.038336
-0.064768
-0.223563
-0.051713
-0.038488
0.001261
0.067499
-0.064978
-0.078283
-0.025268
0.226531
-0.051699
-0.038477
0.014508
-0.011987
0.054241
0.054213
0.001261
0.014494
-0.104658
-0.144560
0.027789
-0.065074
0.107375
0.080773
0.027751
-0.078231
-0.025251
0.054276
-0.118063
-0.091645
0.067631
0.014529
-0.065101
-0.012017
-0.025300
-0.091757
0.014554
0.120822
-0.038577
-0.078463
-0.012033
0.094278
-0.091757
-0.012035
-0.105165
-0.025364
0.134310
0.067719
0.001261
0.094228
0.014535
-0.118269
0.014549
-0.025318
-0.025325
0.054424
0.054395
0.027817
0.001261
0.147198
-0.025258
-0.038530
0.041051
-0.012001
-0.065074
0.001261
0.041067
-0.025275
0.041062
0.054304
-0.078315
0.120600
0.001261
-0.065022
-0.025265
-0.038540
-0.118238
-0.065189
0.014554
0.041130
0.041114
0.027821
0.027814
-0.025293
0.107432
0.001261
-0.012005
-0.038546
-0.078400
-0.038593
0.027832
-0.105066
-0.025339
0.001261
0.014561
-0.038646
0.027867
0.067745
-0.331607
0.081250
-0.105406
0.014600
-0.105506
0.014613
-0.292897
-0.146143
0.175442
0.108298
-0.092391
0.014645
0.054779
0.054751
-0.025481
-0.025488
-0.079029
0.054794
-0.146025
-0.025542
-0.132860
0.121977
0.268998
0.094800
0.054672
0.054644
0.187877
0.147644
-0.131807
-0.131984
-0.105463
-0.145671
-0.186056
0.068199
0.135004
0.214879
-0.305959
0.081496
0.174883
0.281093
-0.078612
-0.132002
0.267608
-0.185108
0.081175
0.041194
-0.078622
-0.065357
0.014588
0.027909
-0.212130
-0.078878
-0.078943
-0.092391
0.014645
0.054779
-0.079029
-0.079093
0.228761
-0.105734
0.054772
-0.065634
0.201809
-0.025456
0.054686
-0.132358
-0.012111
-0.025488
-0.012117
0.068128
-0.065607
0.014638
-0.172781
0.041451
0.001261
-0.132770
0.014672
0.028077
0.068271
-0.119391
-0.092680
-0.106209
-0.200556
-0.079580
0.162877
-0.227773
-0.106702
-0.025748
-0.025756
0.136268
0.189965
0.122383
-0.025643
0.028164
0.068487
0.055010
-0.065930
0.095315
-0.213851
0.108874
0.202725
0.001261
0.095138
-0.079201
0.014675
-0.119537
-0.012170
-0.039043
0.041564
-0.119699
0.135651
0.162291
0.054880
-0.092592
0.121912
-0.012138
-0.012140
-0.025546
-0.025553
0.054880
0.081636
-0.012131
0.001261
-0.012133
-0.025531
-0.159641
0.054923
-0.213562
0.068442
-0.039043
0.014697
0.296404
-0.119375
0.121896
0.068217
0.108298
0.214993
0.001261
0.054622
-0.038758
0.174559
-0.065357
-0.252293
0.108098
-0.359775
0.028049
0.148467
0.134897
0.041317
-0.065509
0.081378
0.067976
-0.252496
-0.052244
0.215107
-0.078878
0.068047
-0.052165
-0.012100
0.041338
0.307989
0.107728
-0.078580
-0.131949
0.041242
-0.038721
0.027917
0.014586
0.027906
0.001261
0.067843
0.041189
-0.051981
0.001261
-0.065331
0.027902
-0.012059
-0.012061
-0.372472
-0.065625
-0.065669
-0.025524
-0.038930
-0.226790
-0.025603
0.095252
0.068343
-0.052402
0.095151
0.135237
0.108313
-0.012115
-0.038876
-0.052280
0.108313
0.001261
0.041376
0.041359
-0.012104
-0.078964
0.041381
0.001261
-0.012111
-0.079007
-0.025510
-0.012127
-0.052309
0.068217
-0.038908
0.028041
0.041418
0.041402
-0.012118
0.028016
-0.038876
0.121622
-0.025474
-0.012109
0.054729
-0.025470
0.041354
0.001261
-0.105691
0.121573
0.068038
-0.012092
0.041311
0.094650
0.067914
0.081186
-0.158654
-0.078793
0.027952
0.041285
0.041269
0.027924
0.041242
0.054544
0.027892
-0.025371
0.067825
-0.051988
0.014575
0.001261
0.027885
-0.025364
-0.052009
-0.012061
-0.025388
-0.038726
0.014591
-0.078750
-0.012081
0.001261
-0.038774
-0.038790
-0.038806
0.081378
0.041295
0.054615
0.027927
0.014591
-0.025403
END
