y[]
-0.043503
0.062009
-0.162265
0.009271
0.101636
-0.017123
-0.069909
0.035658
-0.017128
-0.083141
-0.096421
-0.030374
-0.003933
0.114997
-0.003933
-0.030349
0.062096
0.022466
0.075223
0.101511
0.075077
0.061861
0.022373
0.114356
-0.017069
-0.017071
0.035476
0.061714
0.074787
0.009181
-0.003933
-0.082642
-0.043310
0.022321
-0.030186
-0.030193
-0.056474
0.035476
-0.069623
-0.095971
0.009221
-0.003933
0.035518
0.088058
0.061723
0.009193
0.009192
-0.043310
0.048568
0.087877
0.074694
-0.082559
-0.121989
-0.017059
-0.003933
0.101027
-0.017047
-0.056405
0.022307
-0.043295
-0.017057
-0.003933
0.074787
-0.017048
-0.056412
0.022311
0.009186
0.100958
-0.082590
0.022293
-0.056392
0.127163
0.257745
-0.017000
0.074447
-0.056179
0.061371
0.178692
-0.069117
0.048219
-0.030005
-0.003933
0.009104
0.061227
0.022119
-0.043013
0.009096
-0.056057
-0.043044
-0.043059
0.074304
-0.003933
0.009101
0.269380
-0.003933
0.074020
0.035021
0.047982
-0.029886
0.022021
0.086853
-0.081744
-0.042861
0.086876
0.034960
-0.068762
-0.146706
-0.055901
0.061023
0.048002
-0.042881
0.035016
0.112822
0.099735
-0.003933
0.009018
0.021964
-0.029829
-0.003933
0.034910
-0.003933
0.047834
-0.016872
0.034880
-0.003933
-0.003933
-0.003933
0.009001
0.009000
0.008998
-0.094483
-0.029819
-0.003933
0.009011
-0.042770
-0.042785
0.047867
-0.016880
-0.029833
0.009018
0.021964
0.047841
-0.016873
-0.016875
-0.029823
-0.003933
0.021957
0.034890
0.164124
-0.003933
-0.042690
0.047740
0.021894
0.060604
-0.016837
-0.120144
-0.042700
0.047754
-0.042695
-0.042710
0.021920
0.021914
0.008988
-0.029776
-0.016857
-0.029786
-0.029793
0.047780
-0.003933
-0.055646
0.034855
0.008993
0.008991
-0.055639
-0.016863
-0.016865
-0.016867
-0.029806
0.060738
-0.042730
0.009001
0.009000
0.008998
0.034850
-0.016858
-0.068586
-0.068628
0.009010
0.009008
0.047814
-0.042740
-0.016872
-0.042760
0.009011
-0.003933
0.034890
-0.003933
-0.029813
0.034885
0.009003
-0.042745
-0.003933
-0.016873
-0.003933
0.009008
-0.068653
-0.016882
0.009017
-0.003933
-0.042785
0.034920
0.021961
0.021954
-0.003933
-0.029819
0.009011
-0.029823
0.034900
-0.029819
-0.042775
-0.016884
-0.016885
0.009020
-0.016885
-0.029843
-0.029849
-0.003933
-0.055786
-0.029870
-0.003933
-0.042851
0.009042
0.022011
-0.003933
0.022004
-0.016900
-0.029873
-0.029880
0.022014
0.047941
0.021994
-0.016895
-0.003933
-0.003933
-0.029863
-0.003933
-0.016900
0.009035
0.047921
0.009027
0.009025
0.086723
0.009011
0.009010
0.021947
-0.016872
0.009006
-0.016872
0.021944
-0.016870
-0.016872
-0.081603
-0.003933
-0.029836
0.086700
0.021947
-0.042755
0.009010
-0.016875
-0.042770
-0.029833
-0.003933
0.034915
-0.003933
-0.016880
0.009015
0.073717
-0.029809
-0.003933
-0.003933
-0.055706
-0.003933
0.021957
-0.068670
-0.055753
-0.055780
-0.029866
0.009035
-0.068788
-0.055847
-0.016915
0.035011
-0.016912
-0.003933
-0.055867
-0.042901
0.035036
0.009054
0.022035
0.009048
-0.042881
-0.107869
-0.003933
0.022062
-0.029927
0.048049
-0.068914
-0.042942
-0.055969
0.061108
0.009070
-0.016936
0.022072
-0.003933
-0.081966
0.009077
0.048090
-0.003933
0.009069
0.022065
0.035051
0.035036
0.073959
-0.016910
-0.042876
0.086912
-0.146725
-0.016924
-0.081916
-0.003933
-0.042947
-0.016941
0.100085
0.061023
0.073959
-0.003933
0.022018
-0.133752
0.009057
-0.042906
-0.055921
-0.016934
-0.003933
-0.029940
0.087065
-0.029924
0.061032
0.035026
0.009050
0.022028
0.034996
0.034980
-0.003933
0.022001
0.009032
-0.029863
-0.055813
-0.016907
-0.003933
-0.107788
0.138841
0.034970
-0.120687
0.073919
-0.055827
-0.029890
-0.081845
-0.029917
0.035041
-0.003933
0.022041
-0.016919
0.086935
-0.042866
0.073919
-0.003933
0.034970
0.009032
-0.003933
0.009030
0.034945
-0.029849
0.021984
0.034930
0.034915
-0.042780
0.009018
-0.029836
-0.068720
-0.003933
-0.016895
-0.003933
-0.016897
0.060872
-0.016890
0.034935
0.060813
-0.029826
0.047847
0.073687
0.021927
-0.003933
-0.029793
-0.003933
-0.055672
0.021941
-0.003933
0.034865
0.073617
0.008986
-0.029772
0.008988
0.060646
-0.029759
-0.055606
0.008988
-0.029776
-0.081502
-0.003933
0.034860
-0.029793
-0.029799
0.021934
0.008998
-0.068603
0.034875
-0.042740
-0.003933
-0.003933
-0.081593
0.009015
-0.055733
-0.003933
0.009020
-0.029839
0.034925
0.021964
-0.029829
-0.003933
-0.003933
0.073737
-0.107506
0.125517
-0.094530
-0.016882
0.009017
-0.068695
0.073777
0.073717
-0.003933
0.009003
0.034865
0.060696
-0.042705
-0.016860
-0.029793
0.073627
-0.081492
-0.016865
-0.042740
-0.042755
0.125417
0.060679
-0.120264
-0.107452
-0.172381
-0.029873
-0.003933
0.073868
0.021987
-0.068746
-0.029870
-0.159696
-0.003933
-0.003933
-0.107910
0.164975
0.022028
0.086876
-0.029870
-0.042851
0.099815
-0.107681
0.022014
0.022008
-0.042846
0.242261
-0.042765
-0.081643
0.034930
-0.068712
0.060847
-0.120566
-0.107721
-0.055867
0.022038
0.022031
0.009047
-0.081835
0.112897
-0.055840
0.047975
0.086841
-0.003933
-0.016895
-0.003933
0.047908
-0.003933
-0.146558
0.047955
0.009035
0.151548
-0.029829
0.047854
0.021951
-0.029816
0.021951
-0.016873
-0.016875
0.047827
-0.042750
-0.055713
-0.029833
-0.003933
0.034915
-0.081643
-0.003933
0.047881
-0.081663
-0.016894
-0.055793
0.047928
0.060855
0.047867
-0.016880
-0.042785
0.034920
0.034905
0.021951
-0.042760
0.021954
0.086618
-0.029796
0.021931
0.008996
0.047767
0.047740
-0.016848
0.034810
0.086407
0.008966
0.060538
-0.055506
0.021857
0.021850
-0.029716
0.021850
-0.016823
0.008958
-0.029716
-0.003933
0.021850
0.086256
-0.003933
0.021821
-0.042565
-0.029696
-0.029703
-0.003933
-0.016820
-0.003933
-0.003933
0.008955
-0.003933
-0.042600
-0.094214
-0.016837
0.047674
-0.003933
0.099200
0.073347
-0.029686
0.047567
0.060405
-0.081143
0.008940
-0.016805
0.008940
-0.003933
0.021807
-0.106933
0.073327
0.034675
0.098948
0.073158
-0.029623
0.008913
0.008912
0.085932
0.047382
-0.003933
-0.016759
-0.003933
-0.029590
0.085840
0.008885
-0.042392
0.008889
0.008887
-0.042397
0.021712
0.034521
-0.003933
-0.016749
-0.003933
-0.080866
0.008894
0.021715
-0.080895
0.047382
-0.042416
-0.016764
-0.003933
0.008899
-0.003933
-0.003933
0.008897
0.008895
-0.003933
-0.003933
-0.003933
0.034541
-0.042407
-0.016761
0.008895
-0.029590
-0.016764
0.021728
0.008895
0.085817
0.034507
0.034492
-0.003933
-0.029547
-0.042367
0.021692
-0.042372
-0.016749
-0.003933
-0.029570
0.008887
0.008885
0.021698
0.008880
-0.029561
0.021695
-0.016746
-0.003933
-0.003933
-0.003933
-0.003933
-0.003933
-0.003933
-0.029564
-0.003933
-0.016751
-0.029574
0.021708
0.008885
-0.016751
0.021702
-0.029567
-0.016752
0.008887
-0.016752
0.034521
-0.016749
-0.042392
0.008889
0.021705
-0.042392
-0.029580
0.008892
-0.042411
0.021722
0.034536
-0.003933
-0.029577
-0.016757
-0.003933
0.021715
0.008889
-0.003933
0.034521
-0.003933
0.008882
0.021692
0.034492
0.034477
-0.055149
0.008874
-0.016739
0.021679
-0.016738
-0.016739
-0.016741
-0.016743
-0.003933
-0.016744
0.034497
-0.016741
0.008876
-0.016741
-0.029554
0.008879
0.021685
0.021679
-0.042352
-0.003933
0.008876
-0.003933
-0.016741
-0.042367
0.008880
-0.042377
-0.016751
-0.003933
0.047330
0.021689
-0.003933
-0.003933
-0.016743
0.008877
-0.003933
-0.003933
-0.016743
-0.003933
END
