y[]
-0.012480
0.011137
0.011136
0.011134
-0.012477
0.022939
0.011132
0.011130
0.046521
-0.047863
-0.012473
0.022930
-0.036076
-0.024281
0.011134
0.011133
-0.000671
0.034733
-0.000671
-0.024273
-0.012474
-0.012476
-0.024284
0.011136
0.011134
-0.012477
0.011134
-0.000671
0.011133
-0.012476
0.022936
-0.000671
-0.012474
-0.000671
-0.012476
-0.012477
-0.000671
0.011134
0.011133
-0.012476
0.022936
-0.000671
-0.012474
-0.000671
0.011132
-0.012474
0.011132
-0.012474
-0.012476
-0.000671
-0.000671
0.022936
-0.012474
-0.000671
-0.000671
0.022933
-0.012473
-0.012474
0.011132
-0.012474
-0.012476
0.022936
-0.000671
-0.000671
-0.000671
0.011130
-0.024276
-0.000671
-0.000671
0.022933
0.011129
-0.012471
-0.012473
-0.000671
0.034729
-0.000671
-0.012470
0.034721
0.034708
-0.024256
0.022914
0.011119
-0.012462
0.011119
-0.012462
-0.000671
-0.012463
-0.000671
-0.000671
-0.000671
-0.036055
0.022919
-0.000671
0.011122
-0.000671
-0.012464
-0.012466
-0.000671
-0.000671
0.011123
-0.012466
-0.036063
0.046515
0.011122
-0.012464
-0.012466
-0.012467
-0.000671
-0.012469
0.022922
-0.000671
0.011123
-0.012466
0.081861
-0.000671
0.011114
-0.000671
-0.000671
-0.012456
0.022897
-0.012455
-0.012456
-0.059616
0.058274
0.034679
0.034667
0.034654
-0.047774
0.011107
-0.036009
0.022889
0.011107
0.011105
0.011104
0.093480
0.058128
-0.024187
-0.012431
-0.000671
-0.000671
0.022847
0.034596
-0.035938
0.022842
-0.000671
-0.035943
0.011087
0.011086
-0.012428
0.022842
0.022836
0.011080
-0.012423
-0.047691
0.058100
-0.024176
0.046332
-0.000671
-0.000671
0.022822
-0.024165
0.034567
-0.000671
0.034555
0.011068
-0.000671
-0.000671
-0.047636
0.011072
-0.024159
-0.000671
-0.024165
0.046310
-0.000671
0.011071
-0.035901
-0.000671
0.022817
-0.000671
-0.000671
-0.000671
-0.000671
-0.000671
0.022811
0.011068
-0.000671
-0.000671
0.011067
-0.024148
-0.012412
0.011069
-0.000671
-0.012412
-0.012413
-0.024159
0.011073
0.011072
-0.000671
0.022811
-0.000671
0.011068
-0.012410
-0.024154
0.022811
-0.024154
-0.035905
-0.000671
0.011075
0.022817
-0.012415
-0.000671
-0.059408
-0.024176
-0.012426
0.022836
-0.012424
-0.047697
0.022844
0.011084
-0.000671
0.034588
-0.024176
0.011082
0.011080
-0.012423
0.046327
-0.000671
-0.000671
0.034563
-0.012415
0.022814
0.034546
-0.024148
-0.000671
-0.000671
0.011068
-0.012410
-0.035897
0.022814
-0.012413
-0.012415
-0.000671
-0.024162
-0.024167
-0.000671
-0.047680
-0.000671
-0.000671
0.034588
0.011079
0.046316
-0.000671
0.022814
0.022808
0.081464
-0.059333
0.022797
-0.047614
-0.024151
-0.035901
0.022817
-0.024159
-0.012417
-0.000671
-0.000671
-0.035918
0.046321
-0.000671
0.011073
-0.000671
0.011072
-0.000671
-0.000671
-0.000671
-0.000671
-0.012415
-0.012416
-0.000671
-0.000671
0.011073
-0.012416
-0.000671
0.011073
-0.000671
0.022814
-0.012413
-0.024159
-0.012417
-0.000671
-0.000671
0.011075
-0.000671
-0.000671
-0.000671
0.011073
-0.000671
-0.012416
-0.000671
-0.012417
0.011075
-0.000671
-0.000671
-0.012417
0.011075
0.011073
-0.000671
-0.000671
-0.012416
-0.000671
0.011073
-0.000671
-0.012416
0.011073
-0.000671
-0.012416
0.011073
-0.024162
-0.000671
-0.024167
0.011078
-0.000671
-0.000671
-0.012420
-0.035926
0.011082
0.022831
-0.000671
-0.024173
0.034579
-0.035922
0.022831
-0.000671
-0.000671
0.011078
-0.000671
-0.000671
0.011076
-0.024167
0.011078
-0.012420
0.011078
-0.012420
-0.000671
-0.000671
-0.012421
0.011079
0.011078
-0.012420
-0.000671
-0.012421
-0.012423
0.022831
0.011078
-0.012420
0.011078
-0.000671
0.011076
-0.000671
-0.000671
-0.012419
0.011076
-0.012419
0.011076
-0.012419
0.011076
-0.000671
-0.000671
-0.000671
-0.000671
-0.000671
0.011075
0.022817
-0.000671
-0.012415
-0.012416
-0.000671
-0.000671
0.011073
-0.000671
0.011072
-0.012415
0.022814
-0.000671
0.011069
-0.000671
0.034542
-0.012408
-0.012409
-0.012410
-0.000671
0.011068
-0.000671
-0.000671
-0.012410
-0.000671
-0.012412
-0.000671
0.011069
-0.012412
0.011069
-0.000671
-0.000671
-0.000671
-0.012412
0.011069
-0.000671
-0.000671
-0.000671
-0.000671
0.011068
-0.000671
-0.000671
-0.000671
0.011067
-0.012409
-0.000671
-0.000671
-0.012410
0.022806
-0.012409
-0.012410
0.011068
-0.000671
-0.000671
-0.000671
-0.012410
0.011068
-0.000671
-0.000671
0.022803
0.022797
-0.000671
-0.000671
-0.000671
-0.012405
-0.024143
0.022800
-0.000671
-0.012406
-0.000671
-0.000671
-0.000671
0.011064
-0.000671
-0.012406
0.011064
-0.000671
-0.012406
-0.012408
-0.012409
-0.000671
-0.000671
0.011067
0.022800
-0.000671
-0.000671
-0.024143
-0.000671
-0.000671
-0.012409
0.011067
0.011065
-0.000671
-0.012408
-0.000671
-0.000671
-0.000671
0.011065
-0.000671
-0.012408
0.011065
-0.000671
-0.024145
-0.000671
0.034538
-0.012406
-0.047625
0.011069
-0.012412
-0.000671
-0.000671
-0.012413
0.022811
-0.000671
-0.012412
-0.000671
-0.000671
-0.024156
-0.035909
0.011076
-0.000671
-0.012419
0.011076
0.011075
0.011073
-0.000671
-0.000671
-0.000671
-0.000671
-0.012416
-0.000671
-0.000671
-0.000671
0.011073
-0.012416
-0.000671
-0.000671
-0.000671
-0.012417
0.011075
-0.000671
0.011073
-0.024162
-0.012419
-0.012420
-0.000671
0.011078
-0.012420
-0.000671
0.011078
0.022822
0.011073
-0.012416
-0.012417
-0.012419
-0.000671
-0.000671
-0.000671
-0.000671
-0.000671
-0.000671
-0.024170
-0.012423
-0.000671
-0.000671
-0.024179
0.034588
-0.012423
0.011080
0.011079
-0.012421
-0.012423
-0.012424
-0.012426
0.011083
-0.000671
-0.024181
0.022839
-0.012426
0.011083
-0.000671
-0.000671
-0.012426
-0.012427
0.011084
-0.000671
0.011083
0.022833
-0.012423
-0.000671
0.011080
0.046321
-0.012417
0.011075
-0.000671
-0.012417
-0.000671
0.046305
-0.012413
-0.024159
-0.000671
0.011073
-0.000671
-0.000671
-0.012416
-0.012417
-0.024167
0.034571
-0.012417
-0.012419
-0.000671
0.011076
0.058045
-0.035897
0.011072
-0.000671
-0.000671
0.011071
-0.012413
-0.000671
-0.000671
0.011071
-0.012413
-0.024159
-0.153478
-0.024201
-0.024206
-0.024212
0.022869
-0.000671
0.011097
-0.024209
0.034633
0.011094
-0.012437
-0.024206
-0.024212
-0.000671
0.011100
0.011098
0.011097
-0.012439
0.011097
0.011096
-0.012438
0.046388
-0.083039
0.093457
0.058114
0.011082
-0.035934
0.011084
0.011083
-0.059457
0.058114
-0.024181
-0.000671
0.034592
0.011080
0.011079
-0.024173
0.011080
-0.024176
-0.047697
-0.012431
0.034604
-0.000671
-0.000671
0.046343
0.022828
0.011076
-0.000671
-0.035918
-0.012423
0.022831
-0.000671
0.011078
-0.000671
-0.035922
-0.000671
-0.059450
0.011087
-0.094778
0.022864
-0.000671
0.011094
-0.035972
0.046393
-0.059505
0.011098
0.022864
-0.012438
0.011096
-0.000671
-0.035976
0.046399
0.022855
-0.024198
0.034617
-0.024195
-0.012435
0.022855
-0.000671
-0.000671
-0.024198
0.011093
0.011091
-0.012434
0.022853
-0.000671
0.034604
0.011084
-0.000671
-0.012427
-0.000671
-0.012428
-0.000671
-0.000671
-0.000671
0.011086
0.022839
0.081570
-0.035909
0.034567
-0.047658
-0.012421
-0.012423
0.022831
0.011078
-0.000671
0.011076
-0.012419
-0.000671
-0.000671
0.011076
0.011075
-0.024165
0.022822
-0.012417
0.011075
-0.047664
0.011079
-0.071193
0.034596
-0.012426
0.011083
-0.012426
0.011083
-0.012426
0.022836
0.022831
-0.000671
-0.000671
-0.035926
0.011082
-0.024179
0.022836
-0.000671
-0.012424
-0.000671
0.011082
-0.012424
-0.012426
0.034588
-0.012423
0.022831
-0.000671
END
