y[]
-0.050211
0.037720
-0.062784
-0.062823
-0.012542
0.050330
-0.037685
-0.050280
0.050349
-0.050280
0.000034
0.050349
0.012609
0.012607
-0.012539
-0.050274
-0.012547
0.012615
0.037768
0.113149
-0.037657
0.062844
-0.050211
0.050279
0.062805
0.000034
0.037678
-0.075267
-0.012522
-0.025082
-0.025088
0.025157
0.000034
-0.062784
0.075411
0.050254
-0.012518
0.050235
-0.125515
0.012596
0.012595
-0.062784
-0.075400
-0.025123
-0.037714
0.037782
-0.050299
-0.050325
0.113306
-0.037709
-0.050312
-0.075533
0.012633
0.012631
0.050406
-0.113337
-0.012571
-0.050401
0.063074
-0.037785
-0.063030
-0.075695
0.075763
0.037877
-0.088288
0.012656
-0.012588
0.012656
-0.113624
0.050565
0.088401
-0.025206
-0.088355
-0.050509
-0.012606
0.000034
0.151607
0.037891
0.037877
-0.025193
-0.012582
0.000034
0.037877
-0.012579
0.012647
0.025255
-0.063030
0.000034
0.025264
-0.012580
0.012648
0.000034
0.025258
0.000034
-0.063038
0.025267
0.000034
0.000034
0.050482
0.012642
-0.012574
-0.063030
-0.037823
-0.037838
0.012660
0.025280
0.025274
-0.012585
0.000034
0.012653
0.012652
0.050488
0.012644
-0.063030
0.000034
0.000034
-0.075695
0.012660
-0.012591
-0.012593
-0.050490
0.075811
0.012658
0.025277
0.063114
-0.025193
0.025261
-0.012579
-0.025196
-0.037823
-0.012588
0.025277
0.012653
0.025267
-0.037818
0.012653
-0.037828
0.025277
0.000034
0.025271
0.025264
0.050475
-0.037795
0.025255
0.000034
-0.037799
0.012647
-0.012579
-0.012580
-0.050439
0.012655
0.025271
0.025264
-0.012580
0.025261
0.000034
-0.012579
-0.012580
0.025261
-0.025193
0.000034
0.025261
-0.012579
0.012647
0.000034
-0.012579
-0.025196
0.012650
0.000034
-0.025199
-0.012585
-0.012587
0.012655
0.000034
0.050501
-0.025196
0.012650
-0.012582
0.012650
-0.012582
-0.012583
-0.012585
0.000034
0.025271
0.025264
0.012647
0.000034
-0.025193
-0.012582
0.000034
-0.025203
0.000034
0.050501
-0.025196
0.012650
0.025261
-0.025193
0.025261
-0.012579
0.012647
0.000034
0.000034
0.000034
-0.012579
0.000034
0.000034
0.000034
-0.012580
0.012648
0.025258
0.012644
0.012642
-0.012574
0.012642
0.025245
-0.012571
-0.012572
-0.012574
0.012642
-0.025183
0.012644
0.000034
0.000034
0.025248
0.075639
0.000034
0.012629
0.037810
-0.025148
0.025217
-0.012556
-0.012558
-0.025155
0.012629
0.000034
-0.012561
0.037815
-0.012558
0.000034
0.000034
-0.012560
0.012628
0.000034
-0.012560
0.012628
0.000034
-0.012560
0.012628
-0.025155
0.000034
-0.025161
-0.012566
-0.012568
0.012636
0.037829
-0.012563
0.000034
0.000034
0.012631
0.000034
-0.025161
0.000034
0.012633
0.000034
0.000034
0.050412
-0.012558
-0.025155
0.037815
0.037801
0.025204
-0.025136
0.000034
-0.012553
-0.050331
-0.012561
-0.012563
-0.037766
0.012636
0.025233
0.000034
-0.138636
0.063090
0.037848
-0.037780
0.025245
-0.037785
0.012642
-0.025183
0.037858
-0.063014
0.100891
0.100790
-0.025145
0.000034
0.050387
0.000034
0.075515
0.025182
-0.037690
-0.025123
-0.025129
-0.037723
0.037791
-0.062903
0.000034
-0.062942
-0.012566
0.050425
-0.025158
0.113349
-0.012550
-0.012552
0.100676
-0.025117
0.037758
-0.025114
0.037753
0.000034
-0.062839
0.037763
-0.062855
-0.025133
-0.012552
0.075525
0.012610
-0.012542
0.012610
-0.062863
-0.012550
-0.012552
0.000034
-0.050325
0.062979
-0.025139
0.025207
-0.050318
-0.025152
0.000034
-0.012561
-0.037761
0.012634
0.025229
0.000034
0.075582
0.037787
0.000034
0.050349
0.012609
0.000034
-0.012541
0.012609
-0.012541
0.000034
0.125710
-0.012526
0.012595
-0.037652
0.000034
0.012598
0.000034
0.037715
-0.037647
0.062828
-0.037638
-0.037652
-0.012531
0.062844
0.012591
0.000034
-0.025082
-0.012526
0.100474
0.000034
0.012582
-0.012514
0.050216
-0.012509
-0.025057
0.000034
-0.037614
0.025134
-0.025066
0.012585
-0.025069
-0.025076
0.012590
-0.012522
-0.012523
0.000034
0.000034
-0.012525
-0.025088
0.012596
0.062821
-0.025076
-0.037643
0.037711
0.012590
-0.037638
-0.012526
0.012595
-0.025088
-0.025095
-0.025101
0.037734
-0.037666
0.012602
-0.062823
0.025182
0.025176
0.000034
-0.050255
0.012609
0.025179
-0.025110
0.050317
0.012601
-0.025101
-0.012536
0.000034
0.000034
-0.012537
-0.037690
-0.025123
-0.025129
0.012617
-0.151061
0.088201
0.025210
-0.075514
-0.012563
-0.050369
0.025239
0.075610
0.025213
-0.075523
0.050412
-0.100747
-0.025177
-0.050407
0.126090
-0.113409
0.025255
0.012642
0.025245
0.125995
-0.025145
0.163587
0.012604
-0.012536
0.000034
0.000034
-0.201300
-0.214328
0.000034
0.025277
0.100942
-0.012574
-0.012575
0.100866
-0.037766
0.025236
0.113363
-0.037728
0.062963
0.075496
0.012606
0.025172
-0.050249
0.025179
0.000034
-0.050261
0.025185
0.025179
0.062868
0.000034
0.050273
-0.037643
-0.025092
-0.012531
-0.037671
0.037739
0.012599
-0.037666
-0.012536
0.062868
0.000034
-0.050230
0.025169
0.000034
-0.075390
0.012609
-0.025117
-0.100633
-0.075533
0.025229
0.000034
0.000034
-0.037761
0.000034
0.000034
-0.037775
0.037844
0.037829
-0.012563
-0.050369
0.000034
0.012637
-0.025174
0.075639
0.000034
0.037815
-0.012558
-0.037752
-0.025164
0.063018
0.100726
-0.025129
0.025198
0.050342
-0.025117
0.012610
0.000034
0.062892
-0.050249
-0.025117
0.025185
-0.088022
-0.012552
0.050368
0.050342
-0.050274
-0.075476
-0.012556
0.025213
-0.012555
0.037796
0.012618
0.000034
0.000034
0.012617
-0.025133
0.025201
0.000034
-0.125863
-0.025164
-0.025171
0.012637
-0.012569
-0.012571
0.025242
0.075620
-0.012560
0.037810
0.012623
-0.025145
0.000034
0.037801
-0.025142
0.000034
-0.025148
0.000034
0.151034
0.037749
0.000034
0.037734
0.025160
-0.050223
-0.012534
0.012602
0.012601
0.012599
-0.012531
0.037725
-0.012528
-0.012530
-0.025098
0.012601
0.012599
0.000034
-0.025098
0.037730
0.000034
0.000034
0.000034
0.000034
0.012596
-0.012528
0.000034
0.000034
0.012596
-0.012528
-0.012530
-0.037666
0.000034
0.000034
-0.012536
-0.012537
0.012606
0.012604
-0.025107
0.000034
0.012606
0.025172
0.000034
-0.025104
-0.012537
0.000034
-0.012539
-0.012541
-0.012542
-0.012544
0.012612
0.000034
0.012610
-0.025120
0.012612
0.025185
0.000034
-0.012541
0.025182
-0.012539
-0.025117
0.025185
-0.025117
0.012610
0.000034
-0.012542
0.037758
0.012606
0.012604
0.012602
0.012601
0.012599
0.037720
0.062813
0.138008
-0.025038
-0.012504
-0.012506
0.000034
0.000034
-0.025051
-0.012511
-0.012512
0.000034
-0.012514
-0.025066
0.025134
0.000034
0.000034
0.000034
0.000034
0.025128
-0.012512
0.000034
0.037668
-0.025054
0.000034
0.012579
0.000034
0.025119
-0.025051
0.000034
-0.025057
0.012580
-0.012512
0.000034
-0.012514
0.012582
0.000034
0.000034
0.012580
0.000034
0.000034
0.000034
0.000034
0.037663
0.000034
-0.012507
-0.012509
0.000034
0.000034
0.000034
-0.012511
-0.025060
0.025128
-0.012512
-0.012514
0.012582
0.000034
-0.012514
0.000034
0.000034
-0.012515
0.012583
0.000034
-0.012515
-0.037624
0.012588
-0.025076
-0.037643
-0.025092
-0.012531
0.037725
-0.012528
0.012596
0.000034
0.012595
0.025150
-0.012523
-0.012525
-0.012526
-0.050223
-0.012534
0.050298
0.025157
0.000034
0.025150
0.012590
-0.025079
-0.025085
-0.012528
-0.012530
0.012598
0.000034
-0.025095
-0.012533
0.012601
-0.025101
0.012602
-0.012534
0.012602
0.000034
0.050292
0.000034
END
