y[]
0.044083
0.013874
0.028964
-0.016317
0.013869
-0.016317
-0.001224
-0.001224
-0.031417
-0.001224
-0.001224
-0.001224
-0.016324
-0.001224
-0.031431
-0.016331
0.013883
-0.001224
-0.001224
-0.016331
-0.001224
-0.001224
-0.001224
0.013883
0.013880
-0.016329
-0.001224
0.013880
0.044076
-0.001224
-0.001224
-0.031422
-0.031431
0.013880
0.028978
-0.016324
-0.001224
-0.016327
-0.016329
-0.016331
0.013883
0.013880
-0.001224
-0.016329
0.013880
0.013878
-0.031431
-0.001224
0.044083
-0.016324
0.013876
-0.001224
-0.001224
0.013874
-0.016322
0.013874
-0.001224
0.013871
-0.016320
-0.001224
-0.001224
-0.001224
-0.001224
-0.001224
-0.001224
-0.001224
-0.001224
-0.001224
-0.001224
-0.001224
-0.016322
-0.031427
-0.001224
0.013878
0.013876
-0.001224
-0.031427
0.028978
0.013874
-0.016322
-0.016324
0.013876
0.013874
0.028964
-0.031413
-0.001224
0.013871
-0.031417
0.013874
0.044055
-0.016315
-0.016317
-0.016320
-0.016322
-0.001224
-0.031427
0.013878
-0.001224
-0.001224
-0.016327
-0.001224
-0.001224
-0.046545
0.013885
-0.001224
0.013883
0.044083
-0.016324
-0.001224
-0.001224
0.013876
-0.031427
-0.001224
0.013878
-0.001224
-0.031431
0.028983
-0.016327
0.028978
0.013874
-0.046524
-0.016329
-0.001224
-0.001224
-0.016331
-0.016333
-0.031449
0.044110
0.059190
-0.016324
-0.031431
-0.016331
-0.001224
-0.016333
-0.016336
-0.001224
0.028996
-0.016333
-0.001224
-0.016336
0.028996
-0.016333
-0.001224
0.074299
-0.031427
0.028978
-0.016324
0.013876
-0.001224
0.013874
0.089314
0.028937
-0.046470
-0.001224
0.028942
-0.016306
-0.016308
-0.001224
-0.031399
-0.016315
-0.001224
-0.001224
0.013867
0.013864
-0.031404
-0.031413
-0.001224
-0.016322
-0.001224
0.059153
-0.031408
-0.001224
-0.001224
-0.046518
0.028974
-0.001224
-0.016322
-0.016324
-0.001224
0.044069
0.013869
0.013867
-0.016315
-0.031413
0.013871
-0.001224
0.028960
-0.016315
0.028955
0.028946
-0.046483
0.013864
-0.031404
-0.001224
-0.016317
-0.031417
0.013874
-0.001224
-0.046524
-0.001224
0.044076
-0.046524
-0.016329
-0.046552
-0.001224
-0.016338
0.013889
0.013887
-0.001224
-0.107052
-0.001224
-0.031481
0.044158
0.013899
0.059244
-0.016338
0.013889
0.059208
-0.031436
0.013883
-0.061665
-0.001224
0.013889
0.028996
-0.031445
-0.001224
-0.001224
-0.016338
-0.061702
0.013899
0.013896
-0.016345
-0.031472
0.059263
0.044117
0.013885
-0.016333
-0.076804
0.059244
-0.031454
-0.001224
-0.061711
-0.137454
0.119878
-0.031486
-0.182987
0.044248
-0.061858
-0.046724
-0.031569
0.150406
0.059363
-0.092120
-0.031541
0.059400
-0.137681
0.013947
0.074597
-0.016384
-0.001224
0.180539
-0.046634
-0.001224
0.029051
-0.092078
-0.016375
-0.001224
0.013926
-0.152831
0.044282
-0.061904
-0.122694
0.029157
0.029148
-0.016409
-0.077183
-0.107664
0.044407
-0.092507
0.013995
-0.092576
-0.031693
0.105377
-0.001224
0.120467
-0.001224
0.013977
-0.062042
-0.001224
0.150751
0.029143
-0.016407
-0.016409
0.013961
0.044317
-0.031582
-0.031592
-0.001224
0.029143
-0.001224
0.029134
-0.031582
-0.031592
0.029143
-0.061968
0.059520
0.059483
-0.001224
-0.001224
-0.046751
-0.031587
-0.046786
-0.001224
-0.001224
0.013965
-0.046800
0.135440
-0.016400
0.029125
-0.001224
0.059446
0.089712
0.044213
0.059327
0.074413
0.074356
-0.016336
-0.076816
-0.031477
-0.031486
0.029038
-0.001224
0.029028
-0.016349
0.104604
-0.091927
0.059254
-0.076827
0.089492
0.028996
0.013883
-0.091900
0.029010
-0.091955
0.104620
-0.076816
0.013899
0.074356
0.044096
0.059171
-0.091831
-0.031445
-0.016338
-0.046579
0.104572
-0.046552
0.044103
0.059180
-0.001224
-0.001224
-0.031422
-0.001224
0.013876
-0.061638
-0.016333
0.013885
0.013883
-0.001224
-0.061665
0.059217
0.044083
-0.016324
-0.106988
-0.061711
-0.061748
-0.137536
0.104812
-0.016365
0.044192
-0.076930
-0.122473
0.013940
0.074562
-0.092175
0.013940
-0.001224
-0.031555
-0.016393
-0.016395
0.029116
-0.016393
-0.001224
0.013945
0.044268
-0.001224
-0.016386
-0.001224
-0.001224
-0.001224
-0.016388
0.013940
-0.016388
-0.031559
0.029111
0.013940
0.029097
0.013933
0.089671
0.013917
-0.001224
0.013915
-0.016363
0.013915
0.013912
-0.001224
0.059299
-0.001224
-0.001224
-0.001224
-0.001224
-0.016352
0.029028
-0.001224
-0.016349
0.029024
-0.016347
-0.001224
-0.016349
-0.001224
-0.016352
0.013903
0.013901
-0.016349
-0.001224
0.013901
-0.016349
-0.001224
-0.001224
-0.016352
-0.001224
-0.016354
-0.016356
0.013908
-0.001224
-0.016356
-0.016359
-0.001224
-0.016361
0.013912
-0.001224
-0.001224
0.013910
-0.016359
0.013910
-0.016359
-0.001224
-0.001224
-0.001224
-0.001224
0.029042
0.013906
0.013903
-0.016352
-0.016354
0.029033
-0.016352
-0.001224
0.013903
-0.001224
-0.016352
-0.001224
-0.001224
0.013903
-0.016352
0.029028
-0.016349
-0.001224
0.029024
-0.001224
-0.016347
-0.001224
-0.016349
0.013901
-0.016349
0.013901
0.029019
0.013894
0.029006
-0.016338
-0.016340
0.029006
-0.001224
-0.001224
0.013887
-0.031449
0.029001
-0.031449
0.013889
-0.001224
-0.001224
-0.001224
0.013887
-0.016336
-0.031454
-0.001224
-0.031463
-0.001224
-0.016347
-0.016349
-0.001224
0.044144
0.029010
0.013889
0.028996
-0.001224
-0.016333
0.013885
-0.016333
0.013885
-0.016333
-0.001224
-0.001224
-0.001224
0.013885
-0.001224
-0.001224
0.044090
-0.016327
-0.001224
-0.001224
-0.001224
-0.001224
-0.016329
-0.001224
-0.001224
-0.001224
-0.001224
0.013880
0.013878
-0.001224
-0.001224
-0.001224
-0.001224
-0.001224
-0.016327
0.013878
0.044069
-0.016320
-0.016322
-0.001224
0.028969
0.028960
-0.001224
0.013864
-0.046497
-0.001224
-0.001224
0.013869
-0.001224
-0.016317
-0.001224
0.013869
-0.016317
-0.001224
0.013869
-0.031413
-0.001224
-0.001224
0.013871
-0.016320
-0.001224
0.013871
-0.001224
-0.001224
0.013869
-0.001224
-0.001224
0.013867
0.013864
-0.001224
-0.016313
0.013864
-0.016313
-0.001224
-0.016315
-0.001224
0.013867
-0.016315
0.013867
-0.001224
-0.016315
-0.001224
-0.001224
0.044042
-0.031399
0.013864
-0.061592
-0.001224
-0.076736
0.028987
0.028978
0.013874
0.074230
-0.046490
0.028955
0.028946
-0.016308
0.013860
0.013858
0.013855
0.059071
0.013844
0.059026
0.028887
-0.031336
-0.001224
-0.016283
-0.016286
0.013837
0.013835
0.119167
-0.016265
-0.016267
-0.001224
-0.016270
-0.016272
0.028869
-0.031318
0.043912
-0.016267
-0.016270
-0.001224
-0.016272
-0.001224
-0.001224
0.013824
-0.001224
-0.016272
-0.001224
0.013824
0.013821
0.013819
-0.016267
0.013819
0.028855
-0.016263
-0.016265
-0.016267
0.013819
-0.016267
0.013819
0.013817
0.058917
0.013805
-0.061357
-0.016263
0.028851
-0.001224
-0.016261
0.013812
-0.001224
0.028842
-0.031290
0.043872
0.043851
-0.016247
-0.001224
-0.016249
-0.061347
0.043872
0.013803
0.043844
-0.001224
0.073845
-0.031245
-0.001224
-0.001224
-0.031254
-0.016243
0.028810
-0.001224
0.028801
0.013785
-0.031245
-0.001224
-0.031254
-0.031263
0.013796
0.028810
0.013790
-0.001224
-0.031254
-0.016243
-0.001224
-0.001224
-0.031268
-0.001224
-0.031277
0.013803
-0.031281
0.013805
-0.001224
0.028828
-0.001224
0.013799
0.028815
-0.016243
0.013794
-0.121435
0.013810
-0.016258
-0.016261
-0.001224
-0.016263
-0.046354
0.089015
0.013808
-0.061366
0.028851
-0.016261
0.028846
-0.001224
0.058890
0.178902
0.058746
-0.061194
0.013772
-0.031218
0.013774
-0.001224
0.013772
-0.001224
-0.031218
0.043763
0.058728
0.043716
0.043696
END
