y[]
0.065879
0.012301
0.039066
-0.041239
-0.041255
-0.001086
-0.041271
0.052490
-0.001086
-0.014478
0.052468
0.039061
-0.001086
-0.001086
0.012292
-0.001086
0.052411
0.052382
-0.041185
-0.027828
-0.041212
-0.014465
0.092528
-0.014454
-0.014456
0.012284
-0.014456
-0.067963
-0.014467
-0.014469
0.012296
0.039050
-0.001086
0.025662
0.025655
-0.027828
0.025655
-0.027828
-0.041212
-0.014465
-0.014467
0.039050
0.025662
-0.027835
0.025662
-0.041212
0.012291
0.119226
0.038986
0.065665
-0.107910
0.012273
0.025627
-0.001086
0.025619
0.025612
0.012260
-0.014433
-0.027785
0.092328
-0.001086
0.012251
-0.041105
-0.001086
-0.081172
-0.014440
0.038970
0.012262
0.025605
-0.027778
-0.041137
0.025616
0.025609
-0.027781
-0.001086
-0.001086
-0.001086
-0.027789
-0.001086
-0.014440
0.025619
0.012264
0.012262
0.038948
0.038932
-0.027764
0.025591
0.052247
-0.014417
0.038900
-0.041073
-0.001086
-0.014419
-0.014421
-0.014422
0.078903
-0.001086
-0.014413
-0.001086
-0.001086
-0.001086
0.038890
-0.027735
0.012239
-0.001086
-0.014412
0.012239
-0.014412
-0.001086
-0.001086
0.012239
-0.014412
0.012239
-0.001086
0.025559
-0.001086
-0.027732
-0.081065
-0.014422
-0.027764
-0.001086
0.025591
-0.001086
-0.027764
0.038927
0.012248
0.052233
-0.001086
-0.001086
0.025563
-0.001086
-0.041062
0.038890
-0.001086
0.012235
0.065496
-0.027714
0.025541
0.012225
0.052141
-0.001086
-0.027696
0.025524
-0.001086
-0.001086
-0.014390
0.012218
0.012216
-0.014389
-0.014390
-0.027700
-0.041020
-0.014401
-0.001086
-0.041041
0.012234
-0.014406
0.025552
0.025545
0.052155
-0.027703
-0.027710
-0.014401
-0.001086
-0.014403
-0.001086
-0.001086
-0.094351
0.052219
0.052190
-0.027721
0.052176
-0.054349
0.078796
0.038831
-0.041004
-0.041020
-0.001086
0.012227
-0.054349
-0.001086
-0.041052
0.065514
-0.054363
0.052190
-0.001086
0.025541
-0.027714
0.012228
0.025538
-0.080980
-0.041057
-0.001086
-0.067740
0.012248
-0.081118
0.118938
-0.014415
0.158743
0.025527
-0.014392
0.052126
-0.001086
0.131822
-0.040940
-0.054250
0.038789
-0.067554
-0.040988
0.105282
-0.094153
-0.001086
-0.054306
0.052133
-0.001086
-0.014389
0.012216
-0.080927
0.065452
-0.027696
0.038826
0.012214
0.038805
-0.040977
0.078680
-0.001086
-0.001086
0.012202
-0.027664
0.012204
-0.027668
0.025495
0.025488
-0.001086
0.065319
0.038736
-0.001086
-0.027633
-0.014362
-0.014364
-0.001086
-0.014366
0.078563
0.025449
-0.093992
0.012191
0.025463
0.025456
-0.014357
0.012184
-0.001086
-0.040903
0.038730
0.025449
0.091733
0.012167
-0.001086
-0.027594
0.012168
0.012167
-0.014339
-0.014341
-0.001086
-0.001086
-0.027601
-0.014346
0.012174
-0.027608
0.065205
0.012167
0.065152
-0.014331
0.051880
-0.080546
0.025407
-0.014332
-0.014334
0.038651
-0.001086
0.012156
-0.001086
0.051866
0.012147
-0.027555
0.025383
-0.027555
-0.080536
0.012160
-0.067333
-0.027597
-0.014345
-0.014346
-0.040877
-0.001086
-0.040893
-0.001086
0.065249
-0.067421
-0.014359
-0.001086
0.038725
0.012181
0.051964
-0.027608
-0.014350
-0.093980
0.012189
-0.001086
0.118317
-0.067404
-0.014355
-0.054179
-0.014364
0.052013
-0.040908
0.025463
-0.040914
-0.067501
0.038768
0.012195
-0.001086
-0.027650
-0.054235
0.025492
0.025485
-0.001086
-0.054235
-0.001086
0.012204
-0.014376
-0.001086
-0.040967
0.012209
0.025499
0.078627
0.038746
-0.040919
-0.001086
0.038746
0.012188
0.038725
-0.001086
-0.014355
-0.027629
-0.014360
-0.027640
0.012191
-0.001086
-0.001086
-0.014364
-0.040930
-0.054235
-0.014378
0.038783
0.025485
-0.027657
0.038768
0.038752
-0.001086
0.012189
0.012188
-0.080757
-0.001086
-0.001086
0.012197
0.025474
-0.027647
0.025474
-0.014366
0.025471
0.065275
-0.107286
-0.001086
0.025474
-0.014366
-0.054221
0.025485
0.012197
-0.001086
0.012195
-0.001086
0.012193
-0.040930
0.025478
0.038746
-0.014362
0.025463
0.025456
-0.027629
-0.014360
-0.014362
0.025463
-0.027636
0.052006
0.012182
-0.014355
-0.014357
-0.001086
0.038720
-0.001086
-0.014353
-0.001086
0.012181
0.038704
-0.040877
0.025442
0.051950
-0.014343
0.038678
0.038662
-0.027583
-0.027590
-0.001086
0.012167
0.025414
-0.040840
-0.027597
-0.014345
-0.014346
0.012174
0.012172
-0.054130
0.012177
-0.093968
-0.027640
0.012191
0.118332
0.065196
-0.080630
-0.001086
0.078458
0.025414
-0.040840
0.065161
0.104818
-0.001086
0.012144
0.078258
-0.027527
-0.001086
-0.001086
-0.053989
-0.027548
0.025376
-0.001086
0.025369
-0.027541
0.012142
-0.093722
-0.001086
0.012153
-0.001086
0.012151
-0.040803
-0.054066
0.012161
-0.054088
0.038667
0.038651
-0.001086
0.051873
-0.014324
0.012151
-0.027562
-0.001086
0.038625
0.051838
-0.001086
-0.014315
0.012142
-0.014315
-0.054017
0.038615
-0.027552
0.012147
0.051831
0.012139
-0.014311
-0.001086
-0.001086
-0.001086
0.012139
-0.014311
0.012139
0.012137
-0.014309
-0.014311
-0.001086
-0.001086
-0.001086
-0.014313
0.012140
0.012139
0.012137
-0.001086
-0.001086
-0.001086
-0.001086
-0.001086
-0.001086
0.012135
0.025351
-0.001086
0.012130
0.012128
-0.014301
-0.027520
0.012132
0.012130
-0.001086
0.012128
-0.001086
-0.001086
0.012126
-0.014299
0.012126
-0.014299
0.012126
-0.014299
-0.027517
0.025344
-0.027517
-0.001086
-0.027524
0.025351
-0.040745
-0.027534
0.051803
0.012132
0.012130
0.012128
0.012126
-0.001086
-0.001086
-0.014299
0.025337
-0.014297
-0.001086
0.012125
-0.001086
-0.001086
0.012123
-0.014296
-0.040724
0.025341
-0.014299
-0.014301
0.012128
-0.014301
-0.014303
-0.027524
-0.014308
-0.027534
-0.001086
-0.001086
0.012139
-0.001086
-0.040766
0.038594
-0.040766
-0.001086
-0.001086
-0.001086
0.012142
0.012140
-0.001086
0.025362
-0.040761
-0.001086
-0.027545
-0.001086
-0.001086
0.012144
0.012142
0.012140
-0.040772
-0.067263
0.012153
-0.027566
-0.001086
-0.001086
0.038630
-0.014324
0.051852
-0.001086
0.025372
-0.001086
0.025365
-0.001086
-0.027538
-0.014315
-0.001086
-0.027548
0.012146
0.012144
0.038594
-0.027538
-0.054010
0.025379
-0.040787
-0.001086
-0.040803
-0.054066
0.091610
0.012149
-0.080525
0.025400
-0.014329
-0.001086
-0.054074
0.118095
-0.001086
-0.027559
-0.040808
0.051873
-0.054045
-0.001086
0.118032
-0.279251
-0.120537
0.052020
-0.133906
0.025492
0.144967
-0.001086
-0.027626
0.065249
0.065205
-0.001086
0.065161
-0.001086
-0.040829
-0.093881
0.012175
-0.093955
-0.014360
-0.027640
-0.107370
0.012205
0.065346
-0.133994
-0.001086
-0.080916
0.038836
0.038821
0.012212
0.038799
-0.014380
-0.027679
0.038799
-0.027675
-0.027682
-0.014387
-0.027693
0.105297
-0.027671
-0.027679
-0.014385
0.012212
-0.054292
0.078711
-0.001086
-0.014382
0.012209
-0.094190
0.038826
0.038810
-0.001086
0.012209
-0.014382
-0.001086
-0.014383
-0.054292
0.065416
0.038794
-0.040967
-0.054285
0.105282
-0.027668
-0.014380
0.038789
0.158255
-0.067448
0.038736
0.038720
-0.027622
0.038715
-0.014352
0.025442
-0.054151
-0.014357
0.025453
-0.001086
0.012181
0.012179
-0.027619
-0.014355
-0.027629
0.025456
-0.054179
-0.040924
0.025474
-0.054214
-0.067536
-0.027679
-0.054292
-0.027700
-0.014396
0.065443
0.025513
-0.027686
-0.027693
0.025520
-0.040999
-0.001086
0.025524
-0.027696
-0.001086
-0.147568
0.038884
0.025552
0.025545
0.025538
0.025531
0.025524
-0.014390
0.012218
0.038815
0.105240
0.065310
-0.040919
-0.014367
0.038752
-0.001086
-0.014364
-0.014366
-0.080799
END
