y[]
0.029652
-0.185312
0.029699
0.106465
-0.047095
0.152408
-0.001037
0.136862
0.029581
0.060172
0.182365
0.044761
-0.001037
0.014224
-0.092640
-0.016313
0.029511
0.090552
-0.046821
-0.062115
0.105825
0.029474
0.029465
-0.031539
-0.046807
0.014222
-0.107899
0.014236
-0.031586
0.060050
0.029492
-0.001037
0.044740
-0.046814
0.014224
-0.031562
0.136252
0.029446
-0.001037
-0.001037
0.075130
-0.031497
-0.092473
-0.077297
0.029474
-0.001037
-0.016292
-0.016294
0.044726
-0.001037
-0.077321
-0.092654
0.090580
-0.031567
-0.031576
0.029502
-0.001037
0.060013
-0.001037
-0.001037
-0.046821
-0.001037
-0.001037
-0.001037
-0.001037
-0.092668
-0.062171
0.029534
0.090622
0.014231
0.014229
-0.016303
0.029492
0.014224
-0.031562
0.029488
-0.001037
0.014222
-0.016296
-0.001037
-0.077367
-0.001037
0.014233
0.014231
-0.001037
0.044754
-0.062097
-0.077414
-0.001037
0.014243
0.029516
0.044775
-0.062125
0.014238
0.014236
-0.062143
-0.001037
-0.062181
0.075386
-0.016317
-0.077472
-0.077531
-0.077589
0.075515
0.014266
0.060153
-0.001037
-0.031628
0.044845
-0.031623
0.090692
0.044796
0.014236
0.075293
-0.031562
0.014226
0.044740
-0.077344
0.029492
-0.046835
0.121044
-0.031544
-0.001037
-0.062078
-0.001037
0.090510
0.029460
-0.001037
-0.077297
0.044726
0.029460
0.059929
0.059892
0.029413
0.029404
-0.016257
-0.107639
0.014199
-0.061994
-0.016282
-0.016285
-0.001037
-0.001037
-0.001037
-0.001037
0.029455
-0.001037
-0.016282
0.014208
0.014206
-0.016280
-0.001037
-0.016282
-0.016285
-0.001037
-0.001037
-0.016287
-0.001037
-0.016289
-0.168963
0.014240
-0.092738
0.044824
-0.016322
-0.001037
-0.031614
-0.016329
-0.001037
0.044831
-0.001037
0.029530
-0.001037
-0.001037
-0.001037
-0.001037
-0.016320
-0.001037
0.029525
0.014240
-0.031595
-0.001037
0.014243
-0.016317
0.014243
-0.001037
-0.031600
0.029525
0.014240
0.014238
-0.001037
-0.016313
-0.016315
0.014240
0.029511
0.029502
-0.001037
-0.001037
-0.016306
0.014231
-0.001037
-0.001037
0.044754
-0.016299
-0.001037
-0.016301
0.014226
-0.001037
0.044740
-0.001037
0.014217
-0.001037
0.014215
-0.001037
-0.016289
-0.001037
-0.001037
-0.001037
-0.016292
-0.001037
-0.016294
0.014219
0.014217
-0.031548
-0.001037
-0.016296
-0.016299
-0.001037
-0.001037
-0.001037
0.029483
0.044726
0.029460
0.014208
0.014206
-0.001037
-0.016280
-0.001037
0.029446
-0.016278
-0.001037
-0.001037
-0.016280
-0.001037
0.014206
-0.001037
0.014203
-0.016278
0.014203
-0.016278
0.014203
0.044670
-0.016271
-0.031511
0.014201
-0.016275
0.014201
-0.031516
0.014203
-0.001037
-0.001037
-0.001037
-0.046765
-0.001037
-0.016285
0.029455
-0.001037
-0.001037
0.014206
-0.001037
0.014203
-0.001037
-0.001037
-0.001037
0.029437
0.014196
-0.001037
-0.001037
-0.001037
-0.016271
-0.001037
-0.001037
-0.016273
-0.016275
-0.016278
0.014203
-0.001037
-0.001037
0.014201
-0.031516
0.014203
-0.016278
0.014203
-0.001037
-0.016278
0.014203
-0.001037
0.014201
0.014199
-0.001037
-0.031511
0.029437
-0.001037
-0.031511
-0.001037
-0.001037
0.014201
-0.031516
0.029441
-0.016275
0.029437
-0.016273
-0.001037
-0.001037
-0.016275
0.044670
-0.046745
-0.016278
0.029441
-0.016275
-0.001037
0.014201
-0.001037
-0.016275
-0.016278
0.014203
-0.016278
-0.001037
0.014203
0.059901
-0.001037
-0.001037
-0.001037
-0.001037
0.029418
-0.016264
0.044635
-0.016259
0.014185
0.014182
-0.016257
0.014182
0.014180
-0.031474
0.029400
-0.001037
0.014178
-0.001037
-0.001037
-0.001037
-0.001037
-0.001037
-0.061911
-0.001037
0.059836
0.014175
-0.001037
-0.016250
0.059799
-0.046661
-0.016250
0.014175
-0.031465
-0.001037
0.029390
-0.046682
-0.016257
-0.046710
-0.001037
0.059855
0.014180
-0.016254
0.059818
-0.016247
0.029381
0.029372
0.044559
0.014157
-0.122655
0.059790
-0.001037
0.014164
-0.016238
-0.031446
-0.001037
0.014168
-0.001037
0.014166
-0.001037
-0.016241
0.029367
0.029358
-0.016234
-0.016236
0.029358
-0.001037
0.014157
-0.016231
0.029349
-0.016229
-0.016231
-0.046633
-0.001037
-0.016241
0.029367
-0.016238
0.014164
-0.016238
-0.001037
0.014164
-0.001037
-0.016238
0.044559
0.014157
-0.001037
-0.031428
-0.001037
0.029353
-0.016231
-0.031432
-0.016238
-0.016241
0.014166
-0.016241
-0.001037
0.029367
-0.031442
0.029367
-0.016238
0.029363
0.014159
-0.016234
-0.001037
-0.031437
-0.001037
0.014164
-0.016238
-0.001037
0.029363
0.014159
0.029349
-0.016229
0.059716
-0.016222
-0.016224
-0.001037
-0.061809
0.029353
-0.016231
-0.001037
-0.031432
-0.016238
-0.016241
0.014166
0.014164
-0.001037
-0.016238
0.014164
-0.016238
-0.016241
0.014166
0.014164
0.029358
-0.107461
-0.046682
-0.016257
0.014182
-0.001037
-0.016257
-0.001037
-0.001037
-0.016259
-0.001037
-0.001037
-0.016261
0.014187
-0.016261
-0.016264
0.120710
0.074980
-0.001037
-0.001037
-0.031437
0.044559
-0.001037
0.165971
-0.016208
-0.061744
0.044497
-0.016213
0.014138
-0.001037
-0.122507
0.044531
-0.107396
-0.092292
-0.107606
-0.001037
0.120747
-0.107590
-0.001037
0.029418
-0.138159
-0.001037
-0.046786
-0.016292
-0.001037
0.075211
0.029446
0.075130
0.014189
0.014187
0.044621
-0.001037
0.090218
0.044559
-0.046633
0.044559
-0.001037
-0.016234
0.044545
-0.107428
0.014168
0.044566
-0.001037
0.074922
-0.031414
0.044524
-0.001037
-0.092181
0.029353
-0.001037
0.029344
-0.107412
-0.016243
-0.001037
0.029372
-0.016241
0.044566
0.074922
-0.031414
-0.001037
0.014152
-0.061809
0.014159
0.029349
0.044524
-0.001037
-0.016222
0.014148
-0.001037
-0.001037
0.014145
-0.031405
-0.061800
-0.031432
-0.001037
0.014162
-0.046640
-0.016243
0.014168
-0.016243
-0.046668
-0.016252
-0.016254
-0.046703
0.044628
-0.001037
0.014180
-0.031474
-0.046710
-0.001037
0.044635
0.029400
-0.016254
-0.016257
-0.016259
-0.061948
-0.046745
0.029437
-0.001037
0.044656
-0.001037
-0.061966
0.029432
0.044649
-0.001037
-0.001037
-0.031493
0.014192
-0.046731
-0.061994
0.029446
-0.016278
-0.016280
-0.001037
0.075153
0.014194
0.014192
-0.001037
0.014189
-0.061957
-0.031511
0.075130
0.059855
0.014180
0.029390
0.014173
-0.031460
-0.016252
-0.046696
0.105467
-0.031455
-0.061901
-0.001037
0.014182
-0.031479
-0.046717
-0.001037
0.059864
0.029400
-0.016254
-0.016257
-0.001037
0.014182
-0.061929
-0.061966
-0.001037
0.014199
0.044656
0.029413
0.029404
-0.016257
-0.016259
-0.001037
0.014185
-0.031483
-0.001037
-0.001037
-0.001037
-0.016264
-0.001037
0.014189
-0.001037
-0.016264
-0.001037
-0.001037
-0.001037
0.014189
-0.001037
-0.001037
0.014187
-0.016261
-0.001037
0.014187
-0.031488
-0.001037
-0.001037
-0.001037
-0.031497
-0.001037
-0.001037
-0.001037
0.014194
0.014192
-0.031497
-0.001037
-0.001037
0.014194
-0.001037
0.014192
-0.001037
0.029413
-0.016261
-0.031493
0.029418
-0.016264
-0.001037
-0.001037
0.014189
-0.016264
-0.001037
0.014189
-0.016264
-0.001037
-0.001037
-0.001037
-0.001037
-0.016266
-0.001037
0.014192
-0.001037
-0.016266
-0.001037
0.014192
-0.016266
-0.016268
-0.016271
-0.001037
-0.031511
-0.001037
-0.016278
0.044677
-0.001037
0.014196
-0.016271
-0.001037
-0.016273
0.029432
0.014194
-0.001037
-0.016268
0.014194
-0.001037
-0.001037
-0.016268
-0.001037
-0.001037
-0.001037
-0.001037
-0.016271
-0.016273
0.014199
0.029427
0.014192
0.014189
-0.001037
-0.016264
-0.001037
-0.001037
0.029413
-0.016261
-0.016264
-0.016266
-0.001037
0.014192
-0.001037
-0.016266
END
