y[]
0.001595
-0.025593
0.042376
-0.011996
-0.025593
0.015191
0.042370
0.001595
-0.011994
0.015185
0.015183
0.015181
-0.039168
-0.011996
0.001595
-0.011998
0.015189
-0.011998
0.015189
-0.011998
0.015189
-0.025593
0.001595
0.042376
0.015185
0.028769
0.001595
-0.011991
0.001595
0.001595
0.001595
0.001595
0.001595
0.055929
0.001595
0.015174
-0.011983
0.028751
0.001595
0.015170
0.001595
0.042309
0.001595
0.015163
0.028725
-0.052671
0.001595
0.015165
-0.025545
0.001595
0.001595
0.015167
0.015165
0.015163
0.015161
-0.025538
0.001595
-0.011974
0.001595
-0.011976
0.001595
0.015167
-0.039124
0.001595
0.015170
-0.025556
0.001595
0.015172
-0.011981
0.015172
0.001595
0.028744
0.001595
0.001595
0.001595
0.001595
0.015167
0.015165
-0.011974
0.001595
0.001595
0.015165
-0.120596
-0.134348
-0.039224
0.028810
-0.039229
0.001595
0.001595
-0.012016
-0.012018
0.028821
-0.012016
0.001595
0.015207
0.028814
-0.025623
-0.025630
0.015209
0.015207
0.001595
0.001595
0.001595
-0.012016
0.001595
0.001595
0.001595
-0.025634
0.001595
-0.012022
0.015213
0.001595
0.001595
-0.012022
-0.025645
-0.080171
-0.012039
-0.134849
0.015248
-0.012057
0.028899
-0.025708
-0.025716
-0.012063
0.069869
0.001595
-0.012056
-0.053027
0.042565
0.001595
-0.039374
0.028910
0.042554
0.028892
0.001595
0.001595
-0.012052
0.001595
0.001595
0.001595
-0.012054
0.001595
0.001595
0.015245
-0.012054
0.042537
0.001595
0.001595
-0.012050
0.001595
0.015241
-0.012050
0.015241
0.001595
0.015239
-0.012048
0.015239
0.001595
0.001595
0.001595
0.097048
0.001595
0.015224
0.001595
0.001595
-0.025664
0.028855
0.001595
-0.039296
-0.052952
0.001595
0.001595
-0.012046
-0.012048
-0.012050
0.001595
0.028884
0.028877
-0.012044
-0.012046
-0.012048
0.001595
-0.025697
0.001595
0.015243
0.015241
0.001595
0.015239
0.001595
0.015237
0.015235
0.015233
-0.012042
0.001595
0.001595
0.015233
0.015231
0.015230
0.001595
0.001595
0.001595
0.001595
-0.012039
0.015230
-0.025675
0.015231
-0.012041
0.001595
0.001595
-0.052967
-0.012050
0.015241
0.001595
0.015239
0.001595
0.015237
0.028873
0.028866
-0.039313
0.042504
0.042487
-0.012033
0.069720
-0.025649
-0.025656
0.042470
0.028836
0.042442
0.015207
-0.025630
0.015209
0.001595
0.015207
0.015206
-0.039240
-0.025638
0.042442
-0.012018
-0.052878
-0.012028
-0.039285
-0.025667
-0.039313
-0.012044
0.015235
0.028869
-0.012041
0.001595
0.028866
-0.012039
0.015230
0.001595
0.056114
0.001595
0.001595
0.001595
-0.039290
0.015226
0.001595
0.001595
-0.012035
-0.012037
0.015228
-0.012037
0.028858
0.015224
-0.025664
0.015226
0.001595
0.001595
-0.025667
0.028858
0.028851
0.001595
0.001595
-0.025660
0.001595
0.001595
-0.012035
-0.012037
0.015228
-0.012037
0.001595
-0.080238
-0.012050
0.042526
0.001595
0.028873
0.001595
-0.012042
0.015233
-0.012042
-0.012044
0.001595
0.001595
-0.012046
-0.039341
-0.053012
-0.025719
0.042565
0.001595
-0.039374
0.069869
0.001595
0.028892
-0.012052
0.015243
0.015241
0.028881
-0.052982
0.042532
0.015237
-0.012046
0.015237
0.015235
-0.012044
0.001595
0.001595
0.001595
0.001595
0.015235
0.001595
0.015233
0.001595
0.001595
0.015231
-0.012041
0.028866
0.001595
-0.012039
0.015230
-0.025675
0.001595
-0.066613
0.083440
0.001595
-0.025679
-0.025686
0.001595
-0.012048
-0.148606
-0.053079
0.001595
-0.080473
0.069990
0.015269
0.028937
0.028929
-0.025738
0.042593
-0.025734
-0.012072
0.056255
0.015256
-0.244575
0.042666
-0.025783
-0.135410
0.083821
0.083753
-0.012093
-0.012095
0.001595
-0.039486
-0.066912
0.111184
-0.094288
-0.080664
-0.012121
0.001595
-0.025843
0.097598
-0.012114
-0.012115
-0.039548
-0.039565
-0.012129
0.070197
0.015310
-0.066996
0.042756
0.015312
-0.121921
0.015327
-0.025870
0.015329
-0.053350
-0.053380
0.056571
0.001595
0.042807
0.056518
0.083923
-0.025839
0.029030
-0.012121
0.001595
-0.039565
0.015318
-0.025851
0.015319
0.029038
0.029030
-0.067006
0.015319
0.015318
0.015316
0.056458
-0.066987
0.001595
-0.025851
-0.025858
-0.012134
0.029053
0.001595
-0.025862
-0.053342
-0.039628
-0.039645
0.001595
0.084058
0.056533
0.056503
-0.025854
0.015321
0.001595
-0.053319
-0.053350
0.056540
-0.080833
-0.025896
0.084047
-0.039622
-0.108400
0.070357
-0.012153
0.042835
-0.012149
-0.039650
-0.039667
0.056609
-0.053418
0.015352
-0.012161
-0.067213
0.029125
-0.094790
0.042915
0.015365
-0.025945
0.001595
0.015367
0.015365
0.015363
-0.012172
0.042892
0.001595
0.029117
0.042864
-0.053433
0.029113
0.015352
-0.025919
0.015353
-0.025922
0.001595
0.042869
0.001595
0.029102
0.056586
0.029079
0.015335
-0.025885
0.015336
0.056540
-0.067091
-0.012147
-0.012149
0.029083
-0.012147
0.029079
-0.012146
0.015336
0.029072
0.125145
-0.067025
-0.025866
0.083956
-0.025851
0.015319
-0.012129
0.029042
0.083889
0.042717
-0.039526
0.042717
-0.012110
0.015301
-0.025817
-0.012114
0.029011
0.001595
0.001595
-0.012112
0.015303
0.015301
0.015299
0.001595
0.028996
-0.012104
0.001595
0.015295
-0.039509
-0.012110
-0.012112
0.001595
0.029008
-0.025817
0.001595
-0.012114
0.015304
0.015303
0.029004
0.015297
0.001595
0.001595
-0.012106
-0.012108
-0.025817
0.001595
0.015303
0.001595
0.015301
0.015299
0.015297
0.001595
-0.012106
-0.053229
0.029011
0.029004
0.001595
0.015297
-0.012106
0.028996
0.015293
0.001595
0.001595
0.015291
-0.012100
0.001595
0.001595
0.001595
0.015291
0.001595
-0.025798
0.001595
0.015293
0.001595
-0.025802
-0.053222
0.015303
0.015301
0.015299
0.001595
0.015297
-0.012106
0.028996
0.015293
0.001595
0.001595
-0.025802
0.001595
0.042689
-0.012100
0.001595
0.001595
-0.012102
-0.012104
0.015295
0.028989
0.042672
0.015284
-0.012093
0.001595
0.001595
0.001595
0.001595
0.015284
-0.012093
0.015284
-0.012093
-0.012095
0.015286
-0.012095
0.001595
0.015286
0.042655
0.001595
0.028959
0.001595
-0.012085
0.015276
-0.012085
0.001595
0.001595
0.015276
0.001595
0.001595
0.015274
0.001595
-0.025764
-0.012087
-0.012089
0.001595
0.001595
0.001595
-0.025779
-0.012095
0.015286
0.001595
0.001595
0.028970
0.001595
0.001595
0.001595
-0.012091
0.015282
0.001595
-0.012091
-0.025783
0.001595
0.015286
0.015284
0.001595
0.001595
0.001595
-0.012093
0.001595
0.001595
-0.025787
-0.039492
-0.012104
-0.025809
-0.039526
-0.094420
-0.039582
0.001595
0.001595
0.042773
0.029038
-0.025847
0.015318
0.001595
-0.025851
0.015319
0.001595
0.001595
-0.012129
0.001595
0.015319
0.001595
0.001595
0.029038
0.015314
0.029027
0.015308
0.042722
-0.012112
0.015303
-0.012112
0.015303
-0.025821
0.001595
0.029011
0.001595
0.001595
0.001595
0.001595
0.001595
0.001595
0.001595
-0.012112
0.015303
-0.012112
0.042711
0.015297
0.015295
-0.012104
-0.012106
-0.012108
0.001595
0.001595
0.001595
0.001595
-0.012110
0.001595
0.015301
0.015299
-0.012108
0.015299
0.028996
-0.025806
0.001595
-0.012108
-0.012110
0.001595
-0.012112
0.015303
-0.012112
0.015303
-0.012112
-0.012114
0.056420
-0.012108
-0.012110
0.015301
-0.012110
-0.066959
-0.012121
-0.067015
-0.039594
0.001595
-0.012138
0.015329
-0.025873
0.001595
0.029064
-0.053350
0.001595
-0.012146
-0.025892
0.042824
0.001595
-0.053380
0.015342
-0.053402
0.001595
END
