y[]
-0.048754
0.029866
0.095334
0.003657
-0.048720
0.003657
-0.048747
-0.035664
0.016766
0.029869
0.042963
-0.022545
-0.035659
-0.035674
0.003657
0.016769
-0.035685
-0.022579
0.016776
0.003657
-0.009462
0.016776
-0.048830
-0.061990
-0.022614
0.003657
0.016793
0.003657
-0.009479
-0.035762
-0.022631
0.056226
0.029931
-0.009479
0.056192
-0.048878
0.016793
-0.009479
0.016793
0.029924
0.016788
0.016786
-0.009472
-0.009474
-0.022610
-0.022617
0.082459
-0.048871
0.043055
0.029914
-0.048864
0.029921
0.082407
-0.035711
0.003657
-0.022597
0.016785
-0.022600
0.056164
-0.035721
0.029911
0.003657
0.003657
0.003657
-0.048857
-0.022610
0.003657
0.056185
-0.035736
0.043050
0.069278
0.095454
0.029869
-0.061887
0.029880
-0.009454
0.003657
0.082294
-0.022549
0.082253
-0.009438
-0.009440
0.003657
0.003657
-0.009442
-0.022545
-0.022552
0.003657
-0.009450
-0.061904
0.042999
0.016767
0.003657
-0.009454
0.003657
-0.009455
0.003657
-0.022573
0.016773
-0.009459
-0.022579
-0.048837
0.043030
-0.009466
-0.022593
0.016783
0.016781
0.029900
-0.009464
-0.022590
0.016781
0.029900
-0.009464
0.029897
0.043004
0.029880
-0.009454
-0.009455
0.016769
0.069192
-0.048768
0.029873
-0.009450
-0.061904
-0.048823
0.003657
0.003657
-0.061981
0.003657
0.029917
0.029911
-0.048857
-0.035747
0.003657
0.029928
0.043050
-0.009472
0.056164
0.003657
-0.009467
-0.022597
0.029911
-0.035726
0.016786
0.043035
0.016779
-0.009466
-0.035721
0.016785
0.029907
-0.035721
0.016785
0.016783
-0.035726
0.016786
0.016785
0.003657
-0.022600
-0.009474
0.069295
0.003657
-0.048850
-0.009474
0.043045
0.003657
-0.009471
0.134856
0.003657
-0.022569
0.016771
0.003657
-0.048809
-0.022586
0.029900
-0.061964
-0.009472
0.003657
-0.009474
-0.009476
-0.022614
0.016793
-0.009479
0.016793
0.029924
0.016788
0.003657
-0.009474
0.029917
-0.062007
0.029928
0.029921
0.043040
0.016781
0.016779
0.056130
-0.061938
0.003657
-0.022593
-0.048864
0.043050
0.003657
0.016785
0.029907
-0.035721
0.003657
-0.075145
0.016795
0.056192
-0.048878
0.056192
-0.062016
0.016795
0.029928
0.069304
-0.061990
-0.035752
0.266090
0.069158
0.003657
0.029845
-0.009436
-0.061835
-0.101220
-0.075073
0.082387
-0.101330
0.016786
0.056157
-0.114508
-0.009481
0.056199
0.121775
0.082325
0.029866
-0.074990
0.003657
0.069201
0.003657
-0.009448
0.056068
0.003657
0.016755
-0.114291
0.029880
0.147759
0.003657
-0.035623
0.042937
0.108328
0.003657
-0.061750
0.108287
0.029797
0.042855
-0.061681
0.082058
-0.087816
0.016730
-0.009416
0.016730
0.042865
-0.048624
-0.009418
0.029804
0.055931
0.029784
-0.100891
0.016731
-0.009418
-0.048658
0.003657
0.003657
0.042896
0.042880
-0.009416
-0.009418
0.003657
-0.009419
0.029808
-0.022494
-0.061750
0.069063
-0.009421
-0.074846
-0.061810
-0.009442
-0.009443
-0.022549
0.003657
-0.009448
-0.009450
0.042973
0.069149
0.003657
-0.022535
0.042942
0.056013
0.003657
-0.061792
-0.022535
0.016754
0.003657
-0.009440
0.056034
-0.035623
0.029845
-0.048727
0.029852
0.042937
0.016747
0.029832
0.029825
-0.022511
-0.048699
-0.074929
0.095334
0.029835
-0.022521
0.042921
-0.061792
-0.009438
0.016752
0.016750
-0.061827
0.003657
-0.035654
-0.075011
0.056109
-0.114399
0.095490
0.029880
0.108479
-0.416291
-0.127939
0.043154
0.161489
-0.088382
0.003657
-0.114803
0.082646
0.227121
-0.075156
-0.062068
0.003657
0.003657
0.108796
0.016791
0.174249
0.003657
-0.088164
0.069252
-0.153844
-0.009479
-0.062050
-0.141051
-0.141261
0.253838
-0.167452
0.003657
-0.273370
-0.062415
0.148958
0.201455
-0.154550
0.095975
0.109059
-0.009512
-0.114944
0.122257
-0.022687
-0.049051
0.030014
-0.313091
-0.181577
-0.089089
0.096403
0.149227
-0.062485
0.109463
0.030091
-0.115351
-0.075761
0.016898
0.016896
-0.261455
0.070001
-0.142358
0.016940
-0.129251
0.189679
-0.009619
-0.182390
0.030256
-0.102783
-0.142883
0.176817
0.016965
-0.036271
0.110097
0.070124
-0.249154
-0.009667
0.123505
0.110068
0.030242
-0.022928
0.149788
-0.049457
-0.009626
-0.102670
-0.129410
0.083518
0.016961
0.136600
-0.022918
0.109913
-0.115889
0.056806
0.043500
0.030210
0.070010
-0.075971
0.070018
-0.062704
0.030207
-0.115873
-0.195878
0.110125
0.083434
-0.049520
0.136547
-0.115936
0.016952
-0.009638
0.030246
-0.022932
0.136530
0.056757
-0.062722
-0.022907
-0.129269
0.003657
-0.089496
-0.009658
-0.102924
-0.103038
-0.023035
0.150373
0.003657
-0.009672
-0.049676
-0.036362
-0.023031
-0.076450
-0.049783
-0.063184
0.043767
0.123889
-0.116576
-0.023081
0.043761
0.137222
0.057033
-0.076418
-0.023049
0.017011
0.043708
-0.036394
-0.076493
-0.009708
-0.076568
-0.063246
-0.009729
0.017043
0.030424
0.003657
0.097284
0.150608
0.017005
-0.076461
0.043724
-0.076493
0.030381
-0.103281
-0.063237
0.083924
0.110580
-0.036426
-0.076557
-0.049855
0.097284
0.190648
-0.063085
0.070399
0.043681
0.043665
-0.009677
0.030324
-0.009676
0.043649
-0.023003
0.003657
0.016988
0.016986
-0.049669
-0.009679
0.003657
0.003657
-0.009681
-0.023024
0.097009
0.030313
0.003657
-0.022999
-0.049676
0.043660
-0.023010
0.003657
0.043654
-0.009674
0.056969
0.003657
0.003657
-0.022996
0.056955
-0.022988
0.003657
-0.049655
0.003657
0.016988
0.016986
-0.009672
0.056962
-0.022992
0.016982
-0.036324
0.016986
0.030309
-0.022996
0.043633
0.070248
-0.022974
0.003657
0.030288
-0.009658
0.056905
0.016965
0.016963
-0.009649
-0.022960
-0.009654
0.030277
0.003657
0.016965
0.003657
0.096761
0.030242
-0.009635
0.070098
0.003657
0.030221
0.003657
0.003657
-0.022907
-0.022914
0.003657
-0.036213
0.030239
0.030231
0.016942
0.016940
-0.022911
0.096612
-0.062731
-0.009626
-0.009628
-0.009629
0.016943
0.016942
-0.062784
0.016949
-0.049520
-0.009642
-0.009644
0.003657
-0.022949
0.003657
0.003657
-0.022957
0.056877
0.016957
0.003657
0.003657
-0.009644
0.030256
-0.022942
0.030256
-0.009642
0.030253
-0.022939
-0.022946
-0.009647
0.030263
-0.022949
0.003657
0.003657
0.030263
-0.116127
0.003657
0.016973
0.030285
-0.036287
0.016973
0.003657
0.043596
0.030274
0.056870
0.030253
-0.009640
0.016954
0.003657
-0.036239
0.030256
-0.009642
-0.022946
0.030260
-0.009644
0.056848
0.083391
-0.009628
0.030224
0.043495
-0.022900
0.016936
0.003657
0.003657
-0.009622
-0.009624
0.003657
0.016938
-0.022907
0.016940
0.030217
0.043484
0.003657
0.016929
-0.022889
-0.049457
0.083317
0.003657
-0.009615
-0.009617
-0.036176
-0.022907
0.003657
-0.022914
0.056792
-0.022907
-0.009628
0.003657
0.056785
-0.076046
0.056799
0.030217
-0.009622
0.003657
-0.009624
0.016938
0.003657
0.016936
-0.022904
-0.009626
0.083328
0.030200
-0.022886
0.003657
0.003657
0.016929
-0.009615
-0.009617
-0.009619
0.056750
-0.009614
0.003657
-0.076003
-0.009626
-0.036202
0.043516
-0.036202
-0.022925
0.070098
0.030221
0.030214
-0.022900
-0.036192
0.016942
-0.009628
0.043505
-0.009624
-0.022911
-0.036208
-0.022928
0.096674
-0.195771
0.110068
-0.129375
-0.009656
0.056898
0.003657
0.043569
0.136583
0.043500
-0.155812
-0.022946
-0.142785
-0.089645
0.030324
0.096934
0.016975
0.003657
-0.009661
-0.089620
0.043644
0.030306
-0.169688
-0.023038
-0.210161
-0.009722
-0.224057
-0.023167
0.057298
-0.130499
0.003657
-0.171016
0.097749
-0.103884
-0.050157
END
