y[]
0.000051
0.000051
-0.012501
0.025155
-0.012500
0.000051
-0.037611
0.012607
-0.012505
0.012607
0.012605
0.012604
0.037699
0.037685
-0.012492
0.000051
-0.025040
0.025142
-0.012494
0.012596
0.000051
-0.025040
0.012597
0.000051
0.000051
-0.012495
0.025142
0.037676
-0.025030
-0.025037
0.012596
0.012594
0.012593
0.025129
-0.025027
0.025129
-0.050112
-0.012494
-0.012495
-0.012497
0.012599
-0.012497
-0.037602
0.050252
0.000051
-0.050150
0.000051
0.000051
-0.037616
0.000051
0.050271
0.062790
0.050214
0.012588
0.050183
-0.012479
-0.025015
-0.062641
-0.050131
-0.025049
0.000051
-0.025056
-0.113007
-0.012519
0.000051
0.100566
-0.050194
-0.050219
0.100566
0.012608
0.012607
0.062806
0.000051
0.000051
0.012597
0.000051
0.012596
0.012594
0.025133
0.000051
0.012590
0.000051
-0.100300
-0.025052
0.012604
-0.025056
-0.037621
-0.037635
-0.012514
-0.025084
-0.037663
-0.012524
0.037770
-0.050244
0.012627
-0.037682
-0.088049
0.025231
0.012638
0.012637
0.025218
0.000051
0.025212
-0.050276
0.000051
-0.025122
-0.012538
0.000051
0.025227
0.025221
-0.012533
-0.025122
0.025224
0.000051
0.025218
-0.012531
0.000051
0.025215
0.012631
0.000051
0.000051
-0.012528
0.012631
0.025205
-0.037682
0.025208
-0.037687
-0.025116
0.012635
0.025215
-0.012530
-0.012531
-0.012533
0.000051
0.012635
0.000051
0.050372
0.000051
0.025202
0.025196
-0.012520
-0.012522
-0.025100
0.037775
-0.025097
-0.025103
0.000051
-0.025109
0.000051
0.025212
0.025205
-0.037682
0.062932
0.025193
-0.025090
0.037761
-0.025087
-0.037668
0.000051
0.000051
-0.037682
0.037785
0.037770
-0.037668
-0.025103
0.012629
0.000051
-0.012527
-0.025109
-0.012531
0.000051
-0.037706
0.012638
-0.025125
0.000051
-0.012539
0.062988
-0.012533
0.000051
-0.012535
0.025221
0.000051
0.000051
-0.012533
0.062956
-0.025106
-0.037697
0.062956
-0.012527
0.062924
0.100566
0.000051
0.050271
0.012602
-0.087839
-0.025075
-0.062791
0.000051
-0.050251
0.138320
0.062838
0.012604
-0.087850
0.138147
0.062759
-0.087751
0.012599
-0.062704
0.037709
0.062782
0.100339
0.037633
0.025098
-0.024996
-0.075127
-0.025021
-0.012487
0.062727
-0.062625
0.050195
-0.050093
0.037662
0.062704
0.025101
-0.050055
-0.037545
0.062704
0.075183
-0.050030
0.000051
0.075164
0.000051
0.187586
-0.062422
0.099989
0.012536
-0.037409
-0.024930
0.012543
-0.074921
0.000051
0.000051
-0.024952
0.050051
-0.062453
-0.012454
0.025060
0.012553
-0.024955
0.012555
0.037553
0.012549
0.025042
0.000051
-0.012443
0.025039
0.025032
-0.074911
0.025045
0.025039
-0.024936
0.012546
0.025035
0.037516
0.037502
0.062438
-0.062336
-0.037400
-0.012436
-0.137406
0.012555
0.000051
-0.112540
-0.062555
-0.012475
0.050145
0.000051
0.012571
0.012569
0.025082
0.025076
-0.024974
0.012564
0.000051
-0.100099
0.037619
-0.012470
0.012572
-0.037517
-0.025002
-0.025008
-0.037550
-0.062649
-0.012494
-0.037592
-0.062720
-0.062759
0.000051
0.000051
0.075419
0.012607
0.012605
0.000051
0.050252
-0.050150
-0.062735
-0.075345
0.150786
0.037699
0.062767
0.037662
0.012585
-0.012483
0.125317
-0.024990
-0.024996
0.075173
0.112629
-0.012451
-0.062484
0.000051
-0.112611
0.050139
-0.024990
-0.024996
0.187751
0.062539
-0.062437
0.037549
-0.049949
-0.037465
0.000051
-0.012457
0.012560
0.025064
0.000051
0.037558
-0.024952
-0.037465
0.025064
0.000051
0.025057
0.012552
-0.012450
-0.087498
-0.024977
0.012566
0.000051
0.037586
0.012560
-0.024968
0.000051
-0.012461
0.012563
0.000051
0.012561
0.012560
0.000051
-0.012457
0.000051
-0.012459
0.050082
0.000051
0.000051
0.037558
0.000051
-0.037456
-0.012454
0.012557
0.025057
-0.012451
-0.049974
0.000051
-0.012459
-0.037489
0.012566
-0.037498
0.012569
0.000051
-0.012467
0.000051
0.000051
-0.024990
-0.012472
0.000051
0.000051
0.000051
-0.037526
0.012579
-0.012476
0.000051
-0.012478
0.000051
-0.012479
-0.037550
0.000051
0.000051
-0.012486
-0.012487
0.000051
-0.050118
0.037680
-0.037578
-0.062696
0.025155
0.025148
0.000051
-0.075260
-0.037626
0.037728
-0.100451
-0.012519
0.025189
0.025183
-0.025081
0.000051
0.113095
-0.025059
-0.037626
0.000051
0.000051
-0.037640
-0.012516
0.037747
0.037732
-0.050194
-0.012514
0.012616
-0.025081
0.050309
-0.012511
-0.012513
0.037737
0.025167
-0.037626
-0.050206
0.012618
-0.012516
-0.025087
0.000051
0.037756
-0.012516
0.037747
0.000051
-0.012513
-0.012514
-0.037654
-0.012520
0.037761
0.000051
-0.012517
0.025186
0.025180
0.000051
0.012613
0.012612
0.000051
0.012610
0.012608
-0.012506
-0.012508
0.000051
-0.025071
0.012613
0.012612
0.025167
0.012607
-0.012505
0.037714
0.100415
-0.012489
0.025129
0.012588
-0.012486
0.000051
-0.075203
0.000051
0.000051
-0.012497
0.025145
-0.012495
-0.050150
0.075343
-0.050137
0.000051
-0.012500
0.000051
0.025152
0.025145
0.012596
-0.012494
0.050220
-0.012489
-0.037578
-0.037592
0.012601
-0.012498
-0.062720
-0.037630
0.037732
0.012608
0.025161
0.012604
-0.037611
-0.012506
0.000051
0.000051
-0.012508
-0.012509
0.000051
-0.012511
-0.012513
0.025177
0.012612
0.025167
0.000051
0.050265
-0.037607
-0.037621
0.025167
-0.037626
-0.025075
-0.050219
-0.025093
0.025196
-0.062822
0.012629
0.037775
0.000051
0.037761
-0.062806
-0.025103
0.037780
-0.025100
0.050347
-0.037668
-0.062846
-0.025119
-0.025125
0.025227
0.050385
0.000051
0.037785
-0.100603
-0.050314
-0.050339
0.037846
0.037832
-0.012541
0.113323
-0.050276
0.000051
-0.050301
0.050404
-0.062893
-0.050333
0.012650
0.000051
-0.025147
0.025250
0.000051
0.088196
0.000051
0.062964
-0.050276
0.050378
0.050353
-0.050251
0.025205
0.012626
-0.012524
-0.062846
0.000051
-0.088071
0.025237
-0.037730
0.012646
-0.012544
-0.012546
-0.025147
0.000051
-0.075582
0.012661
0.037870
0.000051
-0.025160
-0.088238
0.025285
0.012665
0.037885
-0.037782
0.012664
0.025272
0.025265
0.012656
0.063051
-0.062949
0.012654
-0.012552
-0.012554
-0.012555
0.012657
0.025259
0.063043
0.050416
-0.025128
0.037818
-0.037716
-0.025135
0.000051
0.037827
0.050397
-0.037706
0.000051
-0.012538
0.012640
0.050391
-0.025116
0.025218
-0.025116
-0.037711
0.075561
0.075504
0.138233
0.025155
0.062782
-0.100338
-0.037621
0.000051
0.012610
0.012608
-0.037626
0.037728
0.012607
0.000051
-0.025062
-0.037630
0.012613
0.087941
-0.012500
0.037699
-0.025046
0.000051
0.000051
-0.025052
-0.025059
0.025161
-0.037616
-0.100464
0.000051
0.050321
-0.012514
-0.012516
0.000051
0.025183
0.000051
0.037737
0.062830
0.062790
-0.025040
-0.025046
0.000051
0.050239
-0.138027
0.012612
-0.100477
0.000051
-0.050251
0.037780
0.062901
-0.075373
0.000051
-0.025103
-0.025109
-0.012531
-0.037706
-0.037720
0.113323
-0.188806
-0.012552
-0.025160
0.151223
0.100705
-0.012525
-0.138392
-0.037739
-0.037754
0.113423
-0.062917
-0.062957
0.000051
0.025259
-0.037763
0.063067
-0.126021
-0.063044
-0.012573
0.063155
0.025281
-0.012563
-0.113549
-0.037844
-0.012584
0.000051
0.050582
-0.075754
0.025326
0.088463
0.113609
0.037875
0.012656
-0.062989
0.012662
0.100883
-0.075563
-0.075620
0.126139
0.000051
0.075627
-0.075525
-0.037758
-0.012555
0.025262
0.063051
-0.062949
0.188932
0.012631
-0.037692
-0.037706
-0.037720
0.125901
0.050347
0.012621
-0.037663
0.050334
0.050309
0.037728
END
