y[]
0.013930
-0.014866
-0.000468
-0.000468
0.013930
-0.000468
-0.014866
0.013930
0.013928
-0.014864
0.013928
-0.014864
0.013928
-0.000468
-0.000468
-0.014864
0.028321
-0.000468
0.013924
-0.000468
-0.014860
-0.000468
0.013924
-0.000468
-0.000468
-0.000468
-0.014860
0.013924
-0.000468
-0.014860
-0.000468
-0.014862
-0.029262
0.013930
-0.000468
-0.000468
-0.000468
-0.000468
0.028321
-0.014862
-0.014864
0.013928
-0.014864
0.013928
-0.000468
0.013926
-0.000468
-0.000468
-0.000468
-0.000468
-0.014862
0.013926
-0.000468
-0.000468
-0.000468
-0.000468
-0.000468
-0.000468
-0.000468
-0.000468
0.013924
-0.000468
-0.000468
-0.000468
-0.000468
-0.014860
0.013924
-0.000468
-0.000468
-0.000468
-0.000468
-0.000468
0.013921
-0.000468
-0.000468
0.013919
-0.014856
0.013919
-0.000468
0.013917
-0.014853
-0.000468
-0.000468
-0.000468
-0.000468
-0.000468
-0.000468
-0.029245
-0.000468
0.013921
-0.000468
-0.000468
-0.000468
-0.000468
-0.014858
-0.014860
-0.000468
-0.014862
-0.000468
0.013926
-0.000468
-0.000468
-0.000468
-0.000468
-0.000468
-0.000468
-0.000468
-0.029257
-0.000468
-0.014866
0.057111
-0.014860
-0.000468
-0.000468
0.042700
0.013917
-0.014853
0.028301
-0.014851
-0.000468
-0.000468
0.013915
-0.014851
-0.014853
0.013917
-0.000468
-0.014853
-0.014856
-0.014858
-0.000468
0.013921
-0.000468
-0.000468
0.013919
-0.014856
0.013919
-0.000468
-0.000468
-0.029245
0.013921
-0.000468
-0.000468
0.013919
-0.043637
-0.000468
-0.000468
0.028313
-0.000468
-0.000468
0.013919
-0.000468
-0.014856
-0.000468
-0.014858
0.013921
-0.000468
-0.000468
0.013919
-0.000468
-0.000468
-0.014856
-0.000468
-0.000468
-0.014858
-0.000468
-0.000468
0.013921
-0.014858
-0.000468
-0.000468
-0.000468
-0.000468
-0.000468
0.013921
-0.014858
-0.014860
-0.000468
0.028313
-0.000468
-0.014858
-0.000468
-0.000468
-0.000468
0.013921
-0.014858
-0.014860
-0.014862
0.013926
-0.000468
-0.000468
-0.000468
-0.000468
0.013924
-0.000468
-0.000468
0.042694
-0.014853
-0.014856
-0.000468
-0.000468
-0.000468
0.013919
0.028301
-0.000468
0.013913
0.013911
-0.000468
-0.000468
-0.014847
-0.000468
-0.029233
0.028296
-0.000468
-0.058005
0.042688
0.042669
-0.014845
-0.000468
0.028284
0.042645
0.013899
0.028259
-0.043562
0.056987
-0.029191
0.071325
0.071273
0.042552
-0.014806
-0.043494
0.028218
0.028210
-0.043488
-0.014812
-0.000468
0.042558
0.013870
-0.014806
0.028206
-0.029142
0.013870
-0.014806
0.013870
-0.014806
0.013870
-0.000468
0.056863
0.013860
-0.000468
-0.029125
0.071160
-0.029113
0.013855
0.056806
0.142573
0.013825
-0.029056
0.056699
0.028103
0.042374
-0.000468
0.042355
0.099382
-0.043249
0.085075
-0.057489
-0.071790
-0.043285
0.042349
-0.000468
-0.000468
-0.086121
-0.043322
-0.057635
-0.114901
-0.043414
-0.229826
0.171600
0.085455
0.013845
0.013843
-0.029093
0.013845
-0.115032
0.013860
-0.014796
-0.057799
-0.014806
0.071201
-0.014798
0.042515
0.071129
-0.014783
-0.000468
-0.014785
0.071099
-0.000468
0.028144
0.042435
-0.000468
-0.043371
-0.000468
-0.000468
-0.000468
-0.100647
0.013849
-0.014785
0.028165
0.042466
-0.072035
0.013849
-0.000468
-0.029105
-0.014790
0.013853
-0.043439
0.013858
0.013855
0.013853
-0.000468
0.013851
-0.014788
0.071109
0.028148
-0.029084
-0.000468
0.028148
-0.000468
-0.029084
-0.000468
0.013841
-0.014777
-0.014779
0.042460
0.013837
-0.000468
-0.000468
0.042435
-0.014767
0.042423
-0.000468
-0.029060
0.028124
-0.000468
-0.043359
0.028128
0.042411
-0.014759
-0.000468
-0.057652
-0.029072
-0.043390
0.028148
0.013837
0.042435
-0.000468
0.013829
-0.000468
0.128113
-0.014747
0.013810
-0.000468
-0.043310
0.028095
0.013810
0.028083
-0.000468
-0.000468
0.056610
-0.029003
-0.029011
0.013804
-0.000468
0.028071
-0.043279
-0.043298
0.028087
-0.043304
0.028091
-0.057595
-0.043334
0.056683
0.013815
-0.071902
-0.000468
-0.029056
0.028120
-0.014761
0.042404
-0.043341
0.028116
-0.029052
0.013825
-0.014761
0.013825
0.013823
-0.014759
0.013823
0.013821
0.013819
-0.000468
-0.000468
-0.014755
-0.000468
-0.000468
0.013819
-0.014755
-0.000468
-0.086231
-0.043377
0.013837
-0.000468
-0.000468
0.013835
-0.000468
-0.000468
-0.000468
-0.014771
0.028136
-0.014769
-0.000468
-0.000468
-0.000468
-0.014771
0.013835
-0.014771
0.013835
-0.014771
0.013835
-0.014771
0.028136
-0.014769
0.013833
-0.014769
0.028132
-0.014767
-0.000468
0.013831
-0.014767
-0.000468
-0.000468
-0.000468
-0.000468
-0.000468
-0.000468
-0.000468
0.013831
-0.000468
-0.000468
-0.000468
-0.000468
-0.000468
0.013829
-0.014765
-0.029068
-0.014771
0.013835
-0.014771
-0.000468
0.013835
-0.000468
-0.014771
-0.043390
-0.000468
-0.000468
-0.000468
0.042453
-0.029080
-0.014777
0.013841
-0.014777
-0.000468
0.013841
-0.000468
-0.014777
0.013841
-0.000468
-0.000468
0.013839
-0.000468
-0.014775
0.013839
-0.014775
-0.014777
0.013841
-0.014777
-0.000468
-0.000468
-0.000468
0.028148
0.013837
-0.014773
0.056740
-0.014767
0.013831
-0.029068
-0.000468
-0.000468
-0.000468
-0.000468
-0.000468
-0.000468
-0.000468
-0.000468
0.013833
-0.000468
-0.000468
-0.000468
-0.000468
0.013831
-0.000468
-0.014767
-0.014769
0.013833
-0.014769
0.013833
-0.057685
0.013839
-0.057709
-0.000468
-0.000468
-0.000468
0.013845
-0.014781
0.013845
-0.029097
0.028161
-0.014781
-0.014783
-0.000468
0.028161
-0.000468
-0.029097
0.013847
-0.043420
0.013851
-0.043433
0.013855
-0.000468
-0.014792
-0.029121
-0.000468
-0.029130
-0.000468
-0.000468
-0.000468
-0.014802
0.013866
-0.029138
-0.029146
0.028210
-0.014806
-0.000468
-0.014808
0.013872
0.013870
-0.014806
0.028206
-0.000468
-0.000468
-0.029142
-0.000468
-0.014808
-0.000468
-0.000468
-0.000468
-0.029154
0.013876
-0.014812
-0.014814
0.013878
0.013876
-0.000468
-0.014812
-0.000468
-0.000468
-0.000468
-0.000468
-0.000468
-0.014814
0.013878
-0.029162
0.013880
0.028222
-0.014812
0.013876
0.013874
-0.000468
-0.029154
-0.000468
-0.014814
-0.000468
-0.014816
-0.000468
-0.000468
-0.014818
0.013882
-0.043525
-0.000468
-0.057906
0.056970
0.042589
-0.057882
0.042595
-0.014820
-0.000468
-0.043537
-0.014829
-0.043562
0.013899
0.042620
0.028247
-0.029183
-0.029191
-0.000468
0.028255
-0.043556
-0.043575
-0.057972
-0.000468
0.013911
0.013909
-0.043606
0.013913
-0.029233
-0.000468
-0.029241
-0.000468
0.042688
0.042669
-0.014845
0.013909
-0.000468
0.028280
-0.014841
-0.000468
0.013905
0.013903
0.013901
0.013899
0.013897
0.013895
-0.014831
-0.000468
-0.000468
0.013895
0.042608
-0.029183
-0.000468
-0.000468
-0.000468
-0.043556
-0.014835
-0.000468
-0.029208
-0.000468
-0.000468
0.028272
-0.000468
-0.000468
-0.000468
-0.043581
0.028276
-0.014839
-0.029216
0.028280
-0.029216
-0.000468
-0.014845
0.042657
-0.057972
-0.000468
0.013911
-0.014847
0.013911
-0.014847
0.013911
0.013909
-0.029224
-0.014849
0.028292
-0.000468
0.028284
0.042645
0.056987
-0.029191
0.013895
-0.043562
0.028263
-0.014833
-0.000468
0.042620
-0.029191
-0.014833
-0.014835
-0.000468
-0.000468
-0.057956
0.028280
-0.014841
-0.000468
0.057011
0.013897
0.028255
-0.029191
-0.000468
0.013895
-0.014831
-0.014833
0.013897
0.028255
-0.000468
0.028247
-0.043544
-0.014831
0.013895
0.028251
-0.000468
0.028243
-0.029179
-0.029187
-0.014831
0.056970
-0.000468
0.013886
0.013884
0.028230
0.013878
-0.043513
0.028230
-0.014816
0.013880
-0.043519
0.056929
0.013876
-0.029158
-0.014816
END
