y[]
-0.010857
0.105987
0.015106
-0.023819
0.041054
-0.036792
0.041054
-0.023816
0.002131
0.002131
0.002131
-0.023823
-0.023829
0.002131
-0.023836
-0.049824
-0.023856
-0.036863
0.054120
0.015124
-0.062850
0.054120
0.002131
0.028115
0.015121
0.028105
-0.023843
0.002131
-0.036842
-0.075862
0.015134
-0.049891
0.015139
-0.062926
0.054181
-0.023890
-0.075973
-0.115140
-0.023948
0.080348
-0.023934
-0.036980
-0.010909
0.002131
0.015172
0.028207
-0.010906
-0.010907
0.080338
-0.023931
0.002131
0.002131
-0.036975
-0.036990
-0.037005
-0.023968
0.041278
-0.063122
-0.089294
-0.010936
-0.050156
-0.010945
0.041355
0.041339
0.015197
-0.037072
0.028268
0.028261
0.015194
0.054364
-0.023982
0.028244
0.054337
0.002131
-0.010918
0.028227
-0.050068
-0.037036
0.028244
0.002131
0.015185
0.054330
0.080378
0.028200
0.015163
-0.036969
-0.063071
0.028217
0.041247
-0.010906
0.041237
0.028193
-0.010899
-0.036969
-0.010906
-0.023948
0.067316
0.002131
-0.063054
0.028210
0.054269
-0.010901
-0.036975
-0.010907
-0.102239
-0.010923
0.015185
0.106502
-0.036995
0.002131
0.067333
0.197482
-0.102008
0.041196
0.093224
0.067147
-0.049878
0.171061
-0.062808
-0.036853
-0.010867
-0.049878
0.002131
0.041140
-0.049884
0.041145
-0.075912
0.015143
-0.010880
-0.141107
-0.050006
0.262548
0.222954
0.092917
0.092834
-0.036731
-0.088607
-0.192586
0.093046
-0.010852
-0.127790
-0.167019
-0.102103
0.015166
-0.089151
-0.076177
0.002131
-0.089306
-0.089390
-0.010950
-0.168082
0.120002
0.067555
0.015211
-0.076372
0.237456
-0.010928
0.119602
0.119464
-0.154343
-0.010919
0.002131
0.171656
-0.076075
0.028207
-0.115263
-0.128468
-0.010938
0.158851
-0.154588
-0.024013
0.041344
-0.024009
0.041339
0.093557
-0.206965
0.067521
0.119724
0.067401
0.080399
-0.050040
0.041263
0.002131
0.184542
0.054187
0.015141
-0.010879
0.132153
-0.062859
-0.114957
0.015148
0.119204
0.002131
0.274770
0.002131
-0.153571
-0.062816
0.080063
-0.023839
-0.010857
0.002131
-0.101832
-0.010872
0.041135
0.041120
-0.101873
0.028142
0.041135
-0.023870
-0.114957
-0.062977
-0.063020
0.028197
-0.115217
0.106447
0.028193
-0.036964
0.197457
0.041151
0.028136
-0.206094
0.119311
-0.010882
-0.010884
-0.010885
0.119220
-0.049891
-0.023890
0.015143
-0.049925
0.002131
-0.049952
-0.010894
-0.023924
-0.023931
0.041222
-0.010897
-0.115201
-0.023961
-0.102307
0.002131
0.093521
-0.037026
0.041288
-0.037026
0.028237
-0.076208
-0.076269
-0.063250
-0.024033
0.093676
-0.089414
-0.076403
0.028316
-0.010960
-0.076454
-0.024078
0.015237
-0.102759
0.093916
0.028340
-0.089630
-0.050342
-0.116033
-0.037288
-0.037304
-0.037319
-0.050493
-0.195458
0.147068
0.015297
0.146840
-0.182079
-0.261617
0.015335
0.160443
-0.050611
0.015319
-0.063827
-0.011066
-0.024268
0.015332
0.028527
-0.011066
-0.011067
0.015330
0.002131
-0.024268
0.015332
0.054916
-0.037454
-0.315120
0.041843
-0.183324
-0.037654
0.015395
0.002131
0.055168
-0.077434
-0.104054
0.015411
-0.024429
0.028692
-0.024429
0.015412
0.095050
0.028663
-0.037670
0.028667
-0.117335
-0.051011
0.068554
0.002131
0.055238
0.015404
0.015402
-0.011139
-0.037691
-0.011146
0.028685
0.002131
0.015405
-0.050976
0.015411
0.028685
0.015405
-0.011143
0.028678
0.002131
0.015402
0.028667
0.041922
0.015391
0.028646
0.002131
0.015386
-0.024380
0.002131
0.002131
0.041895
-0.024376
-0.011125
0.002131
0.002131
0.028642
0.002131
-0.024380
0.015388
-0.037643
-0.011130
0.015393
0.028649
0.015388
0.002131
0.015386
-0.064160
0.028653
0.028646
-0.011125
0.002131
0.015388
0.002131
0.015386
0.002131
0.015384
0.015382
0.002131
0.028628
0.002131
0.002131
0.002131
0.015377
-0.011115
-0.064125
0.041890
0.002131
0.015381
0.028625
-0.011115
0.015377
-0.024362
-0.024369
0.015382
-0.037628
0.002131
-0.024383
-0.037654
0.002131
-0.011134
0.028660
0.002131
0.002131
0.015393
-0.024394
-0.011134
0.028660
0.002131
0.002131
0.002131
0.002131
0.002131
0.002131
0.002131
0.002131
0.002131
0.002131
-0.011132
-0.037670
0.015400
0.015398
0.002131
0.015396
-0.024401
0.015398
0.002131
0.015396
0.002131
-0.011134
-0.037675
-0.011141
0.015404
0.002131
-0.011141
0.002131
0.015404
0.002131
0.002131
0.028671
0.002131
-0.024408
0.015402
0.002131
0.002131
0.015400
0.002131
0.002131
0.015398
0.002131
0.002131
0.002131
0.002131
0.002131
0.002131
0.002131
0.002131
0.002131
0.002131
0.002131
0.002131
-0.011136
-0.011138
0.002131
0.015400
0.015398
0.015396
0.002131
-0.011134
0.015396
0.002131
-0.011134
0.028660
0.015393
-0.024394
-0.064213
0.055210
0.015396
0.002131
0.002131
-0.011134
0.041922
0.002131
0.028649
0.002131
-0.011127
0.015389
0.015388
0.015386
0.015384
0.015382
0.028628
-0.011116
-0.037622
0.055132
-0.037617
0.028632
0.068352
0.015370
0.002131
0.028604
-0.011104
0.041832
-0.011101
0.015363
-0.024334
0.015365
0.015363
-0.011101
-0.090541
0.002131
0.002131
0.055097
0.028604
0.015365
0.028593
-0.011099
0.002131
0.041816
0.041801
0.028569
-0.024306
0.041785
-0.050744
0.028572
0.015349
0.028562
0.054971
0.134110
0.002131
0.002131
0.028506
-0.011055
0.015318
0.041680
0.054839
-0.024219
0.054825
-0.050563
0.015307
0.002131
0.054818
-0.103271
0.028492
0.041660
0.002131
-0.076941
0.041675
0.002131
-0.037413
0.002131
0.041675
0.002131
-0.050597
-0.063819
0.068081
0.041680
0.015311
-0.037413
0.002131
0.028496
0.002131
0.015311
0.041660
-0.011043
-0.063767
0.015314
-0.011052
0.028496
0.068012
0.028471
0.041628
0.002131
0.002131
0.041613
0.054749
-0.050487
0.041597
-0.024178
0.028440
-0.011022
0.002131
-0.050500
0.002131
0.002131
0.002131
0.015292
-0.011029
-0.037361
-0.011036
-0.063732
0.054825
0.015300
0.015299
0.015297
-0.024202
-0.011038
0.028468
0.028461
-0.024198
-0.011036
-0.011038
-0.024212
0.041644
0.028464
-0.011034
-0.024205
0.054797
0.015293
-0.024195
0.041618
-0.011029
0.054763
0.041587
0.041571
0.002131
0.002131
0.015274
0.028412
-0.050438
-0.037314
0.002131
0.041576
-0.024164
-0.037324
0.002131
0.028437
-0.024174
0.015285
-0.037335
-0.050514
-0.024202
0.015299
0.002131
-0.103257
0.278538
0.028416
0.159694
-0.168573
-0.076754
-0.076816
-0.155951
-0.142997
0.068125
0.028516
0.081245
0.081183
-0.116469
-0.037434
-0.103451
-0.037491
-0.130057
0.107895
-0.063958
-0.130179
-0.024352
0.121250
-0.011097
-0.103759
0.015374
-0.183422
0.108204
0.121329
0.002131
0.147624
0.028562
0.068177
0.147279
0.041680
-0.142959
-0.011069
-0.103535
-0.024303
-0.077213
0.081475
0.121029
-0.156431
0.226687
-0.011064
-0.156347
0.068195
0.002131
0.107742
0.068081
0.028499
-0.103382
0.002131
0.015326
-0.156326
0.107798
-0.063897
0.081360
-0.050681
0.147298
0.002131
0.068046
0.002131
0.146992
0.107353
0.054701
0.028406
0.015266
0.080902
-0.129189
0.002131
-0.089895
0.054728
-0.024164
-0.011019
0.094146
0.002131
0.002131
-0.063585
-0.103104
-0.155930
0.015313
0.120685
-0.076889
0.015306
0.186390
-0.011019
0.081006
-0.024153
-0.037309
-0.063637
0.002131
-0.142710
0.067994
-0.063732
-0.116532
0.041701
-0.050632
0.094449
0.120701
-0.076899
-0.011047
-0.050597
0.054860
-0.011048
0.068012
0.041639
-0.103257
0.002131
-0.050604
-0.037439
-0.063854
0.028530
-0.011067
0.054916
END
