y[]
0.000839
-0.058483
0.012707
0.036433
-0.011024
0.095705
0.095615
-0.011003
0.000839
0.012681
0.036357
0.000839
0.000839
0.000839
0.000839
-0.010998
0.012677
-0.010998
0.000839
0.000839
0.000839
-0.011000
0.012679
0.000839
0.000839
0.012677
-0.010998
-0.011000
-0.011001
-0.022846
0.012683
0.012681
-0.011003
0.000839
0.012681
-0.022846
0.000839
0.000839
-0.011005
0.012684
0.000839
-0.011005
0.000839
0.012684
-0.011005
-0.011007
0.024531
-0.011005
0.000839
0.000839
-0.011007
0.000839
0.012686
0.012684
-0.011005
0.000839
0.000839
0.000839
0.000839
0.000839
0.000839
0.000839
0.000839
0.000839
0.012684
-0.022852
0.000839
0.024531
0.000839
-0.011005
-0.011007
0.000839
0.012686
0.012684
-0.011005
0.012684
-0.011005
0.012684
-0.022852
0.012686
0.000839
0.000839
0.012684
-0.011005
0.012684
0.012683
0.000839
0.024522
-0.011001
0.012680
0.012679
0.000839
0.000839
0.000839
0.000839
0.000839
-0.011000
0.012679
-0.022840
-0.011003
0.012681
0.000839
0.000839
0.012680
0.012679
-0.011000
-0.022843
0.012681
0.012680
-0.011001
0.000839
0.012680
0.012679
-0.011000
-0.011001
-0.022846
-0.022852
0.012686
0.000839
0.012684
0.000839
-0.058399
0.000839
-0.011012
0.012691
0.000839
-0.011012
0.000839
0.012691
0.000839
-0.022866
0.012693
-0.011014
-0.011015
0.000839
0.012694
0.012693
0.024542
-0.011011
0.000839
0.012690
0.000839
0.000839
0.024536
0.000839
0.000839
0.000839
-0.011008
0.012687
-0.022857
0.000839
0.000839
0.012689
0.000839
0.000839
0.000839
0.000839
0.000839
-0.011010
0.000839
0.012689
-0.011010
0.012689
0.000839
0.000839
-0.011010
0.000839
-0.022863
0.012691
0.000839
0.000839
-0.011012
0.000839
0.000839
0.012691
-0.011012
0.012691
-0.022866
0.012693
-0.011014
0.012693
-0.011014
0.000839
0.000839
0.000839
0.012693
0.000839
0.000839
0.000839
0.000839
0.000839
0.000839
0.000839
0.000839
0.000839
0.036391
0.000839
0.000839
-0.022860
-0.011012
-0.011014
0.000839
0.012693
0.000839
0.000839
-0.011014
0.012693
0.000839
0.036391
0.012687
0.012686
0.000839
-0.011007
-0.011008
0.024533
-0.011007
0.024531
-0.034699
-0.011010
0.000839
-0.011011
0.024539
0.012687
-0.034708
-0.011012
-0.022868
0.000839
0.071946
0.000839
-0.034708
-0.070293
0.071972
0.012690
-0.046571
0.012694
0.000839
0.000839
0.012693
0.048238
0.024531
-0.034699
0.024533
0.012684
0.000839
-0.022852
0.000839
0.024531
0.000839
-0.011005
0.012684
0.024525
0.012680
-0.022843
0.000839
0.036361
0.012677
0.012676
-0.010997
0.000839
-0.010998
-0.011000
-0.022843
0.012681
0.000839
0.012680
-0.034687
-0.011005
0.024528
0.000839
-0.022849
-0.022854
-0.011010
0.000839
0.024536
0.012686
0.012684
-0.011005
-0.011007
-0.034708
0.000839
0.000839
0.024539
-0.011010
0.024536
-0.011008
-0.011010
0.000839
0.000839
0.000839
0.000839
0.000839
0.000839
0.012689
0.012687
-0.011008
-0.022860
0.012690
0.012689
-0.011010
0.012689
0.000839
0.024533
0.000839
0.000839
0.000839
-0.022854
-0.011010
0.000839
-0.011011
-0.011012
0.012691
-0.011012
-0.034725
0.000839
-0.094060
0.012707
0.012705
-0.011026
0.048295
0.036416
0.012696
-0.022874
-0.034741
0.012701
-0.011022
0.000839
0.012701
-0.011022
0.000839
-0.058490
0.000839
0.024576
-0.058511
-0.070428
0.012721
0.060225
-0.082311
0.024604
0.036475
-0.106106
0.012728
-0.130012
0.012742
0.036539
0.012736
0.012735
0.024626
-0.022947
-0.153913
0.012752
-0.034902
0.072311
-0.082548
-0.070691
0.000839
0.024689
0.048521
0.036586
-0.022990
0.000839
0.191316
0.000839
0.000839
0.084059
-0.046706
0.131535
0.036454
-0.117925
0.060240
-0.011038
-0.070453
-0.058610
-0.034847
-0.082479
0.024652
-0.058702
-0.034902
0.060402
-0.094478
-0.034928
0.096191
0.036573
0.024655
0.024649
0.072234
-0.058652
0.084118
-0.082439
0.012741
0.036535
-0.106284
0.072268
0.072217
0.084049
-0.058589
0.012728
-0.046723
-0.011055
0.012734
0.024624
-0.022945
0.012732
-0.058638
-0.022962
-0.082509
-0.034902
0.024669
0.024663
-0.011072
0.012751
0.024657
0.036556
-0.046785
0.024655
-0.070623
-0.034911
-0.046848
-0.058802
-0.046899
-0.046922
0.012782
0.036658
-0.070811
-0.035005
-0.046973
0.012795
0.072541
-0.070862
0.060594
0.048618
0.048595
0.000839
-0.023035
0.072447
0.024697
-0.034949
-0.082718
-0.034992
0.060552
-0.011100
0.036654
0.012775
0.024706
-0.011093
-0.046905
0.024714
0.000839
0.036641
0.048555
0.024689
0.108091
0.012749
0.024655
0.000839
0.084148
-0.058660
-0.213651
0.120057
0.155611
-0.130105
-0.082578
0.036598
0.143748
0.048430
0.060296
-0.046723
0.072175
-0.046712
0.072158
0.095851
0.000839
0.024578
-0.058518
-0.011036
-0.034796
0.000839
-0.058582
0.036496
-0.070487
-0.118152
0.060353
-0.082489
0.107963
-0.046757
0.024640
0.060317
-0.082439
0.024640
0.036530
-0.011056
0.107849
-0.046706
-0.082420
-0.011060
-0.034868
-0.058702
0.060381
0.036547
-0.022964
-0.022970
-0.034885
-0.011072
-0.046819
0.084227
-0.034890
-0.034902
0.012755
0.000839
-0.022993
0.012756
0.000839
0.012755
0.036577
-0.011072
-0.011073
-0.011075
0.000839
-0.011076
0.012755
0.000839
-0.011076
0.000839
0.012755
0.036577
-0.011072
-0.011073
-0.022990
0.000839
0.024669
-0.011075
0.000839
-0.022993
-0.011079
0.000839
0.012758
0.000839
-0.011079
0.024675
0.000839
-0.011077
0.012756
-0.034915
0.012759
0.000839
0.000839
0.000839
0.000839
0.000839
0.000839
0.000839
-0.011080
0.000839
0.012759
-0.011080
0.000839
0.000839
0.024677
0.000839
0.012756
-0.022996
0.012758
0.000839
0.000839
-0.046842
0.012762
0.036598
0.024672
0.024666
0.000839
0.012751
0.024657
0.048459
0.000839
-0.022967
0.012744
0.000839
-0.022970
-0.011067
0.012746
0.012745
0.000839
0.024646
-0.011063
0.012742
0.012741
0.012739
-0.011060
-0.022964
-0.011065
0.000839
0.000839
-0.011066
0.012745
0.036547
0.048430
-0.082459
-0.011066
-0.011067
0.012746
0.012745
-0.022973
0.000839
-0.011069
-0.022981
0.000839
0.012751
-0.046814
0.012755
-0.011076
0.000839
0.012755
-0.011076
0.012755
0.012753
0.000839
-0.011075
0.000839
0.000839
0.012753
0.000839
-0.022990
0.012755
0.000839
0.000839
0.000839
0.012753
-0.011075
0.012753
0.000839
-0.022990
0.000839
0.000839
0.000839
0.012755
0.000839
0.024666
0.000839
-0.011073
-0.011075
0.024666
0.000839
0.000839
-0.011073
0.000839
0.012752
-0.011073
0.012752
0.000839
0.012751
-0.011072
0.012751
-0.011072
-0.011073
0.000839
-0.011075
0.012753
-0.022990
0.000839
-0.034915
0.012759
0.000839
0.000839
-0.023001
0.012761
0.000839
0.012759
-0.011080
0.000839
-0.023004
0.000839
0.000839
-0.011084
0.012763
0.000839
-0.023010
-0.011087
0.012766
0.000839
0.000839
0.000839
0.012765
0.000839
0.000839
0.012763
0.000839
-0.011084
0.012763
-0.011084
0.012763
0.060438
0.000839
0.012755
0.000839
0.036577
-0.058730
0.036586
-0.046825
0.012758
0.024672
-0.011076
-0.022996
0.000839
0.048504
0.000839
0.012752
0.024660
0.000839
-0.022981
0.012751
-0.022984
0.000839
0.024663
0.024657
0.024652
-0.046791
0.000839
-0.058730
-0.011079
-0.011080
-0.034928
0.048527
-0.023001
0.012761
-0.094569
-0.023027
-0.034971
0.000839
0.060516
0.036628
-0.023018
0.012769
0.036620
0.000839
0.024686
-0.070717
-0.023024
-0.011094
END
