y[]
0.051617
0.026849
0.063946
0.138028
-0.158563
-0.084518
0.051604
0.014472
-0.196043
-0.022696
0.039290
-0.022693
0.064069
0.002099
0.088792
0.051604
-0.084550
-0.097021
-0.084711
0.064115
-0.022702
-0.035114
-0.109625
0.026938
-0.122155
-0.060086
-0.097477
0.064347
0.101614
-0.010334
0.039397
-0.035198
0.002099
-0.047652
-0.060124
-0.110001
0.139094
0.076745
-0.035216
0.039415
-0.035216
-0.022785
0.039425
0.014538
-0.035221
-0.072583
-0.085101
0.051938
0.076810
-0.047701
-0.035267
0.027012
0.064354
0.014546
0.089180
0.026966
0.126339
0.002099
0.002099
-0.060001
0.026944
-0.035170
-0.010327
0.076634
0.002099
-0.084862
-0.010330
0.002099
-0.097391
0.101590
0.039383
0.051789
-0.084873
0.225591
0.039300
0.051678
0.014490
-0.059870
-0.010299
-0.047510
-0.059947
0.014512
0.039327
-0.047541
0.002099
0.088954
0.014501
0.076477
-0.010293
-0.047485
0.026895
0.014495
-0.059893
-0.010304
-0.084765
0.014513
0.076550
-0.122016
0.026935
-0.097279
0.026953
-0.022754
-0.010330
-0.022764
-0.035207
0.051838
-0.022767
-0.010336
0.039401
0.014530
0.101491
0.026932
-0.072416
-0.060039
-0.035202
0.014535
0.039397
-0.060070
-0.047664
0.026984
0.002099
-0.060124
-0.110001
-0.097651
-0.135220
0.039569
-0.110351
0.039597
-0.122947
-0.022929
0.077165
-0.160614
-0.085625
0.014636
-0.048057
-0.060632
-0.010451
-0.048120
0.089967
0.027190
-0.010445
-0.035544
0.002099
-0.010451
0.002099
0.014650
-0.010451
0.002099
0.002099
0.014650
0.027197
0.027190
-0.010445
-0.010447
0.002099
-0.073211
-0.010458
-0.010459
-0.010461
-0.073296
0.052370
0.002099
0.002099
0.039786
-0.023023
0.039781
0.140143
-0.010442
-0.035535
-0.010448
0.002099
-0.010450
0.002099
0.002099
-0.010451
-0.023007
-0.035572
0.052326
0.039752
-0.023001
-0.048120
-0.023020
0.052332
-0.023014
0.014657
-0.010458
0.052319
0.014650
0.002099
0.014649
-0.023001
0.039748
0.077353
0.027172
0.052225
-0.010429
-0.010431
-0.022966
0.014633
0.002099
0.014632
-0.010433
0.014632
0.002099
0.039686
-0.022957
0.014628
0.027153
0.014624
0.002099
-0.048007
0.002099
0.027156
0.002099
-0.022957
0.002099
-0.022963
0.002099
0.014632
0.002099
0.014630
-0.022963
0.039691
0.014627
0.002099
-0.022957
-0.010431
0.002099
0.027159
-0.010429
0.002099
0.027156
0.014625
-0.022954
0.014627
0.002099
0.014625
0.027146
0.002099
0.002099
0.014621
0.014619
0.002099
0.014617
0.027131
-0.010415
0.052150
0.014608
0.002099
0.014607
0.027109
-0.047926
-0.010411
0.014610
0.052125
0.002099
0.014602
-0.022907
-0.010406
0.014605
-0.010406
0.002099
0.014605
0.002099
0.002099
0.002099
-0.035422
0.014608
0.002099
-0.010409
0.002099
0.014608
0.014607
0.027109
-0.010404
0.039607
-0.010401
-0.022907
-0.022913
0.014607
0.002099
-0.010408
-0.010409
-0.010411
-0.010412
0.002099
0.002099
-0.022929
0.002099
0.077165
0.002099
0.014605
-0.022913
0.014607
0.002099
0.002099
-0.022916
0.002099
0.014608
0.002099
-0.010409
-0.022922
0.002099
-0.010414
0.002099
0.052143
0.002099
-0.022919
-0.010412
-0.047963
-0.010420
-0.010422
0.027140
0.002099
0.002099
0.014617
0.027131
-0.022932
-0.047982
0.039663
-0.022941
0.014621
0.002099
-0.022944
-0.022951
0.014625
0.127272
0.002099
-0.035436
-0.010415
-0.010417
0.052156
0.002099
-0.010412
-0.010414
-0.022932
0.014616
0.027128
0.014611
0.039625
0.002099
0.027109
0.027103
-0.047913
0.052112
-0.010401
-0.022907
0.052106
0.014597
0.014596
0.052068
0.014588
-0.010389
0.014588
0.002099
0.052037
-0.035351
0.027068
0.002099
-0.022869
0.014585
-0.060342
-0.010393
0.027084
0.002099
0.027078
0.039555
0.027062
0.076950
0.002099
0.051969
-0.010365
-0.035305
0.014569
0.027034
0.014564
0.002099
-0.010365
0.014564
0.064401
-0.010358
-0.035281
0.014561
0.027019
-0.035281
-0.010364
0.002099
0.014563
0.051938
0.027009
0.002099
0.027003
0.014549
-0.010350
0.002099
-0.060171
0.051919
0.014550
-0.022804
0.002099
-0.022810
-0.047739
-0.047763
-0.022841
0.014571
0.027037
-0.010369
0.089343
-0.010359
-0.060217
0.039494
0.002099
-0.085177
-0.035328
0.002099
0.014577
0.014575
-0.035333
-0.010381
0.014580
0.064479
-0.010373
-0.010375
0.002099
0.014574
0.064448
0.002099
0.039490
-0.010362
0.002099
0.027022
0.002099
-0.060217
-0.035309
-0.010373
-0.010375
0.002099
0.002099
0.039518
0.014569
-0.022841
0.027040
0.002099
-0.010370
-0.010372
0.002099
0.051975
-0.035305
0.039504
-0.022835
-0.010370
-0.010372
-0.010373
-0.047807
0.064479
0.002099
-0.022847
0.014574
0.027043
0.027037
-0.010369
-0.010370
-0.010372
0.027040
0.051962
-0.060233
-0.097713
-0.010384
0.002099
0.002099
0.002099
-0.010386
0.014585
-0.022872
-0.047863
0.114480
-0.010381
0.039536
0.064463
0.039499
-0.022832
0.101788
-0.010356
0.027009
-0.072648
0.051938
0.126586
0.039415
0.039401
-0.022767
0.026966
-0.122294
-0.072611
0.126586
-0.060124
-0.110001
0.101751
-0.172355
-0.035323
0.076931
-0.097688
0.014578
0.101875
-0.097676
-0.210255
-0.060444
0.052137
0.014605
-0.047932
-0.085516
-0.148276
0.002099
-0.123387
0.127586
0.139953
0.164772
-0.047926
-0.098026
-0.160818
-0.035535
-0.136013
0.140212
-0.048101
-0.198956
-0.010480
0.039833
-0.123734
-0.123893
-0.048342
0.165941
-0.111301
-0.073572
-0.187330
0.040014
0.128378
-0.124179
0.014735
-0.124323
0.002099
0.077972
0.153672
0.115628
0.014706
-0.023115
0.115514
-0.161763
0.077762
0.077704
0.140560
0.077543
-0.098504
-0.060829
0.153062
0.165385
-0.123481
0.077467
-0.048139
-0.010464
0.127665
0.152570
-0.073107
0.039710
-0.098227
-0.048101
-0.023010
-0.173846
0.002099
0.014677
0.165467
-0.010458
-0.148711
-0.035639
-0.048240
0.115328
0.077514
-0.048171
-0.023045
-0.085956
-0.098631
0.190886
-0.048209
0.002099
0.002099
0.002099
-0.060821
0.002099
-0.060861
-0.035696
0.052490
-0.035691
0.228629
0.203029
-0.022995
-0.173736
0.115172
0.064862
-0.073221
-0.110987
-0.199260
0.090244
0.002099
-0.035667
0.014690
0.052446
0.077571
-0.023051
0.090100
-0.035606
0.014669
-0.111087
-0.060837
0.077619
-0.010483
-0.060837
-0.174334
0.014712
0.140735
0.077638
0.002099
-0.035662
0.027276
0.065012
-0.098580
-0.035682
-0.161783
0.027330
0.065147
0.077704
0.039880
0.014690
-0.186925
0.027323
0.002099
-0.023124
-0.060988
0.027339
-0.010520
-0.023143
0.002099
0.052579
0.002099
0.039942
0.027320
0.065123
-0.010502
-0.073543
0.002099
0.065139
0.077695
0.014693
-0.035686
0.014696
0.002099
-0.023096
-0.010501
0.002099
-0.010502
-0.010504
0.027304
-0.010502
0.039900
0.052477
0.002099
0.039866
-0.035667
0.002099
0.002099
0.027279
0.014687
0.002099
0.065012
0.039828
-0.010475
-0.035634
0.002099
-0.023064
0.002099
-0.010485
0.027266
-0.010483
-0.035658
-0.023080
0.014690
-0.010491
0.002099
-0.010493
0.065044
0.014684
-0.010485
0.002099
-0.023074
0.090178
0.027250
-0.010475
0.027247
0.014671
0.014669
0.002099
0.002099
0.002099
0.002099
0.002099
0.027235
0.002099
0.027228
-0.048164
0.014668
-0.010469
-0.023042
-0.010474
0.052382
-0.060758
0.014674
0.014673
0.002099
-0.010474
0.014673
0.002099
0.052376
0.002099
-0.023036
0.002099
0.002099
-0.035615
0.039814
0.039800
-0.048171
-0.035620
0.002099
0.002099
0.014674
-0.048209
0.014679
0.039828
-0.023051
0.002099
0.014676
END
