y[]
0.259654
-0.056128
-0.030897
-0.094071
0.006989
0.044883
0.070100
-0.043515
-0.144616
-0.043582
-0.005648
0.006998
-0.068895
0.044953
-0.030945
-0.018299
-0.043611
-0.132294
0.095682
0.007011
0.108211
-0.056236
0.133408
0.082741
-0.081406
0.032238
-0.043534
-0.056185
0.032257
0.070119
-0.043524
0.019604
-0.018274
-0.056166
0.057495
0.082686
0.082608
0.019554
-0.018248
-0.056064
-0.005648
0.195863
0.145219
-0.030777
0.044603
-0.068466
-0.043358
0.069757
0.182617
-0.043273
-0.080940
-0.030758
-0.030764
-0.068466
-0.018216
-0.005648
-0.018218
-0.030793
-0.144056
0.019531
0.019525
0.044679
-0.118920
-0.056032
-0.005648
-0.018248
-0.005648
0.120281
0.057257
-0.055969
0.019516
0.006931
-0.055975
0.082408
-0.055956
-0.030812
0.019516
-0.018229
0.057241
-0.093704
0.032100
0.019509
0.082352
-0.055925
-0.005648
0.019493
-0.018218
-0.131434
0.019522
0.019516
0.006931
0.069795
0.608350
-0.105636
0.031859
-0.030651
0.256573
-0.005648
-0.130430
-0.080592
-0.018144
0.119243
-0.168036
-0.143260
0.194452
-0.005648
-0.318481
0.006884
-0.156137
-0.055861
0.069663
0.182381
-0.030698
-0.445044
0.145219
-0.018212
-0.055918
0.057186
0.232761
-0.068332
0.232343
-0.143363
0.069493
0.281870
0.056747
-0.043080
-0.068066
0.169024
0.118931
-0.043006
0.143699
-0.192366
-0.018108
0.006812
0.031723
0.031710
-0.030552
0.019255
-0.105299
0.056646
0.031710
-0.018099
0.006803
0.019249
-0.005648
-0.005648
-0.130197
0.069100
0.019255
-0.043006
0.006806
-0.005648
-0.005648
0.031705
-0.018097
-0.005648
-0.005648
-0.005648
-0.018099
-0.005648
0.031700
-0.005648
-0.018096
-0.005648
-0.005648
-0.005648
-0.030548
0.006803
0.019249
-0.018096
-0.018097
-0.005648
-0.018099
0.006803
-0.018099
-0.005648
-0.030555
-0.005648
-0.018104
-0.018105
-0.005648
0.006809
0.006808
-0.018104
0.006808
0.019259
0.031700
-0.018096
0.031691
-0.005648
-0.042987
0.019246
-0.042992
-0.005648
-0.018099
-0.005648
-0.018101
0.006804
-0.018101
-0.005648
-0.005648
0.019255
-0.005648
0.019249
-0.005648
-0.005648
0.019243
-0.005648
-0.018093
-0.005648
0.006797
0.031677
-0.030530
-0.018091
-0.030539
-0.018096
-0.005648
0.031691
-0.018093
-0.005648
-0.005648
0.031682
-0.005648
-0.018090
-0.030536
0.006797
-0.030539
-0.018096
0.019246
-0.030542
-0.018097
-0.018099
0.019252
-0.030548
0.044147
0.006797
-0.030539
-0.018096
-0.018097
-0.030552
0.006804
0.006803
-0.018099
0.019252
-0.005648
-0.005648
-0.005648
0.006800
-0.030545
0.019249
-0.005648
-0.005648
-0.018096
0.006800
0.019243
-0.018093
-0.018094
-0.018096
0.019246
-0.005648
-0.018094
-0.018096
-0.005648
0.006800
-0.018096
0.006800
-0.005648
-0.018096
-0.018097
0.006801
-0.018097
0.006801
-0.018097
0.006801
-0.030548
0.006803
-0.043006
-0.005648
0.006806
-0.018102
-0.030561
0.019265
-0.030561
0.006809
-0.018105
0.006809
-0.043024
-0.030573
-0.005648
0.006815
-0.030576
-0.030583
0.006820
-0.005648
-0.030586
-0.005648
0.006822
0.019286
0.019280
0.019274
-0.018108
-0.030573
-0.005648
-0.018113
-0.043052
0.019290
0.019283
-0.030580
0.019283
0.006815
-0.005648
0.006814
0.019271
0.031719
-0.018102
0.019259
-0.018101
-0.005648
-0.005648
0.019255
-0.005648
-0.018099
-0.018101
0.006804
-0.005648
-0.005648
-0.005648
0.006803
-0.005648
-0.080377
0.019268
0.019262
-0.018102
-0.030561
0.006809
0.031714
0.069035
0.056545
-0.067841
0.019234
0.031663
0.131040
0.192839
0.180076
-0.042765
-0.117082
-0.030428
0.105814
-0.117110
0.056291
-0.092373
-0.080044
0.019157
0.081120
-0.067617
0.031538
-0.067633
-0.005648
-0.030453
0.031557
-0.030450
-0.030456
0.118329
-0.067617
-0.018047
0.019147
0.068701
-0.005648
0.081023
-0.018025
0.068591
0.006720
-0.005648
-0.030385
0.056183
0.043790
-0.067449
0.006715
0.006714
0.006712
-0.042733
0.080862
0.191810
0.031332
-0.030300
-0.091977
-0.042669
0.080713
-0.092009
-0.030336
-0.005648
-0.092105
0.031414
0.056092
0.043716
0.043692
0.031341
0.043649
-0.030294
0.228241
0.055811
-0.017937
0.043498
-0.017932
-0.079385
0.031227
-0.042523
-0.030239
0.006648
-0.005648
0.018940
0.006644
-0.042528
0.018940
-0.017941
-0.017943
-0.042542
-0.005648
-0.005648
-0.054861
0.043565
-0.030251
-0.030257
-0.042573
-0.017960
-0.005648
-0.005648
-0.042592
-0.005648
-0.005648
-0.017966
-0.030288
-0.005648
0.018992
-0.017967
-0.030291
0.055947
0.006666
-0.030279
-0.017966
0.031300
-0.030279
0.006668
0.006666
0.018976
-0.017960
0.018973
0.080479
-0.017947
-0.042555
0.018958
0.006653
0.006651
-0.017947
-0.054861
-0.030263
0.018967
-0.042573
0.043583
-0.054879
-0.042587
-0.017964
0.006668
-0.042601
-0.042614
-0.005648
0.006676
0.031314
0.055925
0.006662
-0.054897
0.018979
0.031282
0.006659
0.031264
0.031250
-0.005648
0.006648
0.043522
0.006641
-0.017937
-0.042523
0.080373
-0.042505
-0.017937
-0.005648
0.018928
0.043486
-0.017929
-0.116247
-0.091754
-0.030263
0.129662
-0.005648
-0.005648
-0.079431
0.068135
-0.005648
0.043510
0.153949
-0.054728
-0.030197
0.031173
0.116991
0.006608
-0.042420
-0.042433
-0.042447
-0.005648
-0.079286
-0.042487
0.043468
-0.091617
-0.091691
0.043528
0.031218
-0.054806
0.092644
-0.005648
-0.079358
-0.005648
-0.140924
0.018961
-0.153395
-0.030294
0.018998
0.055940
0.043595
0.068171
0.018946
0.031232
-0.116329
-0.042569
0.006660
0.068171
0.018946
0.006647
-0.030239
-0.005648
0.080395
0.080321
0.031173
-0.030194
-0.030200
0.055720
0.043420
0.006615
-0.054710
0.018886
-0.054722
-0.067024
0.092536
-0.005648
-0.042456
0.080215
-0.042438
0.006617
0.067908
-0.017904
0.055615
0.043336
-0.017892
-0.005648
0.043318
-0.042370
-0.054632
-0.017898
-0.030152
-0.030158
0.043366
-0.005648
0.104545
0.006588
-0.017884
0.006588
0.031051
-0.017880
-0.017881
-0.017883
-0.042361
0.031065
-0.030122
0.006590
-0.005648
-0.005648
-0.042366
-0.054626
-0.042397
-0.030155
-0.005648
0.031110
0.043342
-0.054638
-0.042406
0.006606
-0.079196
-0.005648
0.043390
-0.005648
0.031114
0.006603
-0.042406
-0.079205
0.018877
0.092391
0.055578
-0.030134
0.043318
0.079984
-0.005648
0.031029
0.067666
-0.030080
-0.030086
-0.042316
-0.017874
0.079900
0.006567
-0.005648
0.018778
0.043186
0.067558
-0.054446
-0.017851
0.140693
0.030904
0.140426
0.055153
0.030815
0.103661
-0.042071
-0.029938
0.006497
0.067194
-0.066346
0.067185
0.030749
-0.017779
-0.005648
0.018612
-0.029908
0.006483
0.006481
-0.029908
0.042866
-0.017774
-0.005648
0.030727
-0.029896
-0.029902
0.006480
-0.090574
0.018624
0.030749
-0.017779
0.006483
-0.017779
-0.005648
-0.029914
-0.005648
0.006486
-0.017782
0.006486
0.006484
-0.017780
-0.017782
-0.017783
0.006487
-0.042058
-0.005648
-0.017788
0.018630
-0.029926
0.006492
0.006490
-0.005648
-0.005648
-0.017786
0.006490
-0.005648
-0.005648
-0.017786
0.006490
-0.029926
-0.005648
0.006492
-0.005648
-0.017788
-0.029932
0.018636
-0.005648
0.006492
-0.005648
-0.017788
-0.005648
-0.017789
-0.005648
-0.017791
0.006494
-0.029935
0.006496
-0.005648
-0.017792
0.006496
0.006494
-0.005648
0.006493
-0.005648
-0.017789
0.018633
-0.017788
-0.005648
-0.017789
-0.005648
0.006493
0.006492
-0.017788
-0.005648
-0.005648
0.006492
0.006490
-0.017786
-0.005648
0.018627
-0.017785
-0.017786
0.018627
-0.005648
-0.005648
0.006487
0.006486
-0.017782
0.006486
-0.017782
-0.005648
-0.005648
-0.005648
END
