y[]
-0.013217
-0.000516
-0.000516
0.012185
-0.000516
0.012183
0.012182
-0.013214
0.012182
-0.013214
-0.000516
0.024878
0.012178
-0.013210
-0.025910
0.012182
-0.038614
-0.000516
0.012185
0.012183
-0.000516
-0.000516
-0.013215
0.024881
-0.013214
-0.013215
0.012183
0.012182
-0.025913
0.012183
-0.000516
-0.000516
-0.000516
0.050265
0.012175
-0.038594
0.012178
-0.000516
0.012177
0.012175
-0.000516
-0.013207
-0.000516
-0.013209
-0.000516
-0.000516
0.012177
-0.000516
-0.025903
0.012178
0.012177
-0.013209
0.012177
0.012175
-0.000516
-0.013207
-0.000516
-0.013209
-0.000516
0.012177
-0.013209
-0.000516
-0.000516
0.012177
-0.000516
-0.000516
-0.000516
-0.000516
-0.000516
-0.000516
-0.000516
-0.000516
-0.013209
-0.025906
-0.013214
0.012182
-0.000516
-0.013214
0.012182
-0.000516
-0.000516
-0.013214
0.012182
-0.000516
-0.013214
-0.000516
-0.000516
-0.000516
-0.000516
0.012182
-0.025913
0.012183
0.012182
-0.013214
0.012182
-0.013214
0.012182
-0.000516
0.012180
-0.000516
-0.000516
-0.013212
-0.000516
0.012180
-0.000516
-0.025910
0.012182
-0.025913
-0.000516
-0.000516
-0.000516
0.012183
0.012182
-0.000516
-0.000516
-0.000516
-0.025913
-0.013217
0.012185
-0.000516
-0.000516
-0.000516
-0.000516
-0.000516
0.075655
0.037548
0.012169
-0.000516
0.012167
0.024845
-0.013196
-0.000516
0.012164
0.012162
-0.000516
-0.000516
-0.013194
0.037514
-0.000516
0.024829
-0.000516
-0.025861
-0.000516
-0.000516
0.024829
-0.025861
-0.038546
0.024839
-0.000516
-0.063915
-0.013201
0.024852
-0.000516
-0.025884
-0.000516
-0.025890
-0.025897
0.024865
0.037543
-0.051265
-0.051290
-0.000516
0.024874
-0.000516
-0.000516
-0.013210
-0.038609
-0.025919
0.062980
-0.013212
0.012180
-0.000516
-0.025910
0.037572
-0.025906
0.037567
0.012175
-0.000516
-0.000516
-0.013207
-0.013209
-0.025906
0.012180
-0.013212
-0.025913
-0.013217
0.012185
0.012183
0.037572
-0.000516
-0.000516
0.012177
-0.013209
-0.013210
-0.000516
-0.000516
0.075626
-0.013202
-0.000516
-0.000516
-0.013204
0.012172
-0.013204
-0.000516
-0.051284
0.012178
0.024868
-0.013207
-0.013209
0.012177
0.012175
-0.000516
-0.025900
0.012177
-0.013209
0.012177
0.012175
-0.000516
-0.000516
0.050233
0.012167
0.012166
-0.000516
-0.013197
-0.025884
-0.000516
-0.000516
-0.000516
-0.025890
-0.000516
0.012172
0.012170
0.024852
-0.013199
-0.013201
-0.038580
-0.063988
0.037572
-0.013210
0.012178
0.024868
-0.038594
-0.025910
0.024878
-0.000516
-0.013212
0.024874
-0.013210
-0.000516
0.024871
-0.013209
-0.000516
-0.000516
0.037558
0.024858
-0.013202
-0.000516
0.012170
-0.000516
0.024852
-0.025884
0.012169
-0.000516
0.037529
0.024839
-0.013193
-0.000516
0.012161
-0.000516
0.088176
-0.000516
-0.000516
-0.025848
-0.013185
-0.013186
0.024823
-0.000516
-0.013185
-0.000516
-0.025858
-0.051219
0.012162
-0.000516
0.024836
-0.089275
0.037533
0.062867
-0.089264
-0.013201
-0.152858
-0.076774
-0.064109
0.075791
-0.013230
0.024910
-0.076813
-0.025961
-0.025968
-0.064174
0.024952
-0.000516
-0.089682
-0.013261
0.050452
0.063158
-0.064190
0.024958
-0.025990
0.037693
-0.013251
0.075868
0.012209
0.012207
-0.000516
0.012206
-0.025961
-0.013241
0.024933
-0.000516
0.063077
0.024910
-0.051374
-0.025955
0.101200
-0.025935
0.075723
0.062972
0.024868
-0.013207
-0.000516
-0.013209
-0.025906
-0.025913
0.037577
0.012178
-0.025906
-0.013214
-0.013215
0.012183
0.012182
-0.000516
-0.025913
-0.038623
-0.000516
-0.000516
-0.000516
0.012188
-0.013220
-0.038638
0.024900
0.012190
-0.025929
0.037601
-0.000516
0.024887
0.024881
-0.013214
0.012182
0.012180
-0.025910
0.012182
-0.013214
0.037572
-0.000516
0.037558
-0.000516
-0.000516
0.075588
-0.013196
0.012164
0.088198
0.012151
0.088108
-0.000516
0.012138
-0.051142
-0.000516
-0.013177
0.012145
-0.013177
0.024804
-0.025836
0.012145
0.024800
0.012140
-0.038488
-0.038503
-0.013181
-0.013183
0.012151
-0.000516
-0.025852
-0.025858
-0.000516
0.012156
-0.051213
0.050181
0.012154
0.037485
-0.038517
0.037485
0.012148
-0.000516
-0.038512
0.037480
-0.051181
0.037485
-0.038517
0.024820
0.012149
-0.025848
-0.000516
0.012151
0.012149
-0.025848
-0.013185
0.024820
-0.000516
-0.038522
-0.000516
-0.038536
0.024833
-0.000516
-0.013189
0.024829
-0.013188
0.012156
-0.000516
-0.013188
-0.013189
-0.000516
-0.038546
0.037514
-0.000516
-0.000516
-0.000516
-0.000516
-0.000516
-0.013191
-0.000516
-0.013193
0.012161
-0.013193
0.012161
-0.000516
0.012159
-0.025868
0.012161
-0.000516
0.012159
0.012157
0.012156
0.012154
-0.000516
-0.000516
-0.000516
-0.000516
-0.013186
-0.000516
-0.000516
0.012154
-0.013186
-0.000516
-0.000516
-0.000516
-0.000516
-0.000516
0.012154
-0.000516
-0.000516
-0.013186
0.012154
-0.013186
0.012154
-0.000516
-0.013186
0.012154
-0.013186
0.012154
-0.013186
0.012154
-0.013186
-0.000516
0.012154
-0.013186
-0.000516
-0.000516
0.012154
-0.025858
0.012156
-0.000516
0.012154
-0.025858
0.012156
-0.025861
-0.000516
0.012157
-0.000516
-0.000516
0.012156
-0.013188
-0.000516
0.024826
-0.000516
-0.000516
-0.013186
0.012154
-0.000516
-0.000516
-0.000516
-0.013186
0.012154
-0.025858
0.012156
-0.025861
0.037500
-0.013186
-0.000516
-0.000516
-0.000516
-0.000516
-0.013188
-0.000516
-0.000516
0.024826
-0.013186
-0.000516
-0.000516
-0.000516
-0.000516
-0.025861
-0.013191
-0.013193
-0.000516
0.012161
-0.013193
-0.000516
-0.000516
-0.000516
-0.000516
-0.000516
-0.000516
-0.000516
-0.013194
-0.000516
0.012162
-0.013194
-0.000516
-0.013196
-0.000516
-0.000516
-0.013197
0.012166
0.012164
-0.013196
0.012164
-0.000516
-0.000516
0.024839
-0.013193
-0.000516
-0.000516
-0.013194
-0.000516
-0.000516
-0.000516
-0.000516
-0.000516
-0.000516
-0.000516
-0.000516
-0.000516
-0.013196
-0.000516
0.012164
-0.013196
0.012164
-0.000516
0.012162
-0.000516
-0.013194
0.012162
-0.000516
-0.000516
0.024836
-0.013191
0.012159
-0.000516
-0.013191
0.012159
0.012157
-0.000516
-0.000516
-0.013189
-0.000516
0.012157
-0.000516
-0.013189
-0.000516
-0.000516
0.012157
-0.000516
-0.013189
0.024829
-0.025861
-0.000516
-0.000516
0.012157
-0.000516
-0.000516
-0.000516
-0.000516
-0.000516
-0.000516
-0.000516
-0.000516
-0.000516
-0.013189
-0.000516
0.012157
-0.025865
-0.000516
-0.000516
-0.000516
-0.013193
-0.000516
-0.013194
-0.000516
-0.013196
0.037519
-0.013193
-0.000516
-0.000516
-0.000516
0.012161
-0.013193
-0.000516
-0.000516
0.037509
0.024826
-0.025858
0.024826
-0.000516
-0.013186
-0.038536
0.012159
-0.038546
0.037514
-0.025868
0.012161
-0.000516
-0.025871
-0.013196
0.024842
-0.013194
-0.013196
-0.000516
-0.013197
-0.025884
-0.063964
-0.051303
0.012183
-0.000516
-0.000516
-0.000516
-0.025916
-0.000516
-0.000516
-0.000516
0.012185
0.037577
-0.025910
-0.000516
-0.025916
0.012185
0.024881
0.024874
0.012177
0.024865
-0.000516
0.012172
-0.000516
-0.013204
0.012172
-0.025893
0.012174
-0.013206
-0.013207
-0.000516
0.024865
-0.013206
-0.000516
-0.000516
-0.000516
-0.038594
0.024871
0.037553
0.050220
-0.013197
-0.038570
0.012170
0.012169
-0.013201
0.012169
-0.013201
0.012169
0.012167
0.012166
0.012164
-0.000516
0.024839
0.012159
0.012157
0.024826
0.024820
-0.000516
-0.000516
-0.013183
-0.000516
-0.013185
-0.000516
0.012153
0.037480
0.037466
0.024797
0.024791
0.012135
-0.013167
0.012135
-0.025820
0.024788
-0.000516
-0.000516
-0.000516
-0.038474
0.012138
0.012137
END
