y[]
0.023721
0.000144
-0.023433
0.011933
0.000144
0.011932
-0.011644
0.023718
0.000144
0.000144
0.000144
0.000144
-0.011642
0.011930
0.011929
0.000144
0.000144
-0.011641
0.000144
0.000144
-0.011642
0.000144
0.000144
-0.011644
0.000144
0.000144
0.000144
0.000144
0.000144
0.011932
-0.011644
-0.011645
0.000144
0.011933
0.000144
0.000144
-0.023435
0.023723
-0.011645
0.011933
-0.011645
0.011933
0.000144
-0.011645
0.000144
0.000144
0.011933
0.000144
-0.011645
0.000144
0.000144
-0.011646
0.000144
-0.011648
-0.011649
0.011937
-0.011649
0.000144
0.000144
-0.011650
0.000144
0.000144
0.000144
0.000144
0.011939
-0.011650
0.011939
-0.011650
0.023732
-0.011649
0.000144
0.000144
0.000144
0.011937
0.000144
0.000144
0.000144
0.000144
-0.011649
0.011937
0.000144
0.000144
0.000144
0.000144
0.000144
0.000144
-0.011649
0.000144
0.011937
0.000144
-0.011649
0.000144
0.000144
-0.011650
0.011939
-0.023446
-0.011653
0.011941
0.000144
0.011940
-0.011652
0.000144
0.011940
0.000144
0.011939
-0.023446
0.011940
-0.023449
0.000144
0.000144
-0.023455
0.011944
-0.011656
-0.023460
0.011947
0.000144
0.011946
0.000144
-0.023460
0.011947
0.000144
-0.011659
0.000144
0.000144
0.011947
-0.011659
0.035549
0.011943
-0.011655
0.023740
-0.011653
0.000144
-0.023455
0.011944
-0.011656
-0.011657
-0.011659
-0.035273
-0.023474
0.011954
0.000144
0.023760
0.000144
-0.023471
-0.023477
0.000144
0.000144
-0.023483
0.011958
0.035578
-0.035290
0.011957
-0.011669
-0.011670
0.023771
0.000144
0.011955
-0.023480
-0.011670
0.035582
-0.023480
0.011957
0.035574
0.000144
0.023757
0.000144
0.035553
-0.035265
-0.011662
0.011950
0.047353
-0.023458
-0.023463
0.035553
-0.011657
0.011946
0.035540
-0.058856
0.035549
0.023740
-0.011653
0.000144
-0.011655
-0.058870
0.011950
-0.011662
-0.011663
0.000144
-0.023474
0.047375
0.011948
0.011947
-0.023463
-0.011662
0.011950
0.011948
0.011947
0.023746
-0.011656
0.000144
0.000144
0.023743
0.000144
-0.023455
0.000144
0.011944
0.023740
0.011940
-0.011652
0.011940
-0.011652
-0.023452
0.011943
-0.011655
0.023740
-0.035252
0.011944
0.000144
0.011943
0.011941
0.000144
-0.023452
-0.035260
0.035549
0.023740
0.023735
-0.023446
0.000144
-0.035252
0.000144
0.000144
-0.023460
-0.011660
0.011948
0.000144
0.000144
-0.011660
-0.035277
-0.035290
0.023768
0.000144
-0.058926
0.011961
0.011959
0.023771
-0.023483
0.000144
0.011958
0.011957
-0.011669
-0.023485
-0.023491
0.035595
0.000144
0.000144
-0.011671
0.035586
0.035574
0.023757
-0.047087
-0.035294
0.023771
0.000144
-0.023483
-0.011671
0.035586
-0.011669
0.000144
0.011957
0.011955
0.011954
-0.011666
0.023762
0.011951
0.000144
0.000144
0.000144
0.023754
0.011947
0.070932
-0.047042
-0.011656
0.059131
0.000144
-0.129672
-0.047104
-0.129903
-0.011687
0.000144
0.023804
0.023799
0.000144
-0.011683
0.059263
0.059228
-0.070761
0.011965
-0.035323
-0.082662
0.011978
-0.106409
0.059354
0.011982
0.059312
-0.023519
0.023807
-0.011687
0.059284
-0.035336
0.047448
-0.082652
0.023807
0.023801
0.035620
0.094684
0.011955
0.000144
0.000144
-0.058926
0.011961
0.035586
0.000144
-0.047115
0.000144
0.011961
-0.011673
-0.165438
-0.011694
0.023818
-0.011692
-0.023533
0.035658
0.035645
-0.023522
0.023810
0.023804
0.035624
-0.047165
0.071100
0.023785
0.000144
-0.023497
-0.094475
-0.023525
-0.011692
0.035649
0.000144
0.023807
0.035628
-0.023511
0.011972
-0.023513
0.023801
0.059263
0.000144
-0.035323
-0.023508
0.035620
-0.047160
-0.011685
0.035628
0.000144
0.011969
-0.047165
0.071100
0.000144
0.023785
0.000144
-0.023497
0.011965
0.011964
0.047409
-0.035302
-0.011674
-0.011676
0.011964
0.000144
0.023779
0.000144
-0.023491
0.071033
0.011954
0.035565
0.059152
-0.035256
-0.011659
0.035549
-0.011656
0.011944
-0.011656
-0.011657
0.011946
0.011944
-0.011656
0.000144
0.059131
0.000144
-0.023446
-0.011653
0.011941
0.000144
-0.035252
-0.023460
-0.011660
-0.011662
0.023754
0.011947
0.011946
0.000144
-0.023460
0.035549
0.011943
-0.011655
0.011943
0.035532
-0.035244
0.011941
0.011940
0.047314
-0.011646
0.047297
0.035494
0.023704
-0.011635
0.000144
0.000144
0.000144
0.011923
0.000144
-0.011635
0.000144
0.011923
0.000144
0.000144
0.011922
-0.035194
0.011925
-0.011637
0.023704
-0.046981
0.000144
0.000144
0.000144
0.000144
0.000144
0.000144
0.000144
0.000144
0.011927
0.000144
0.000144
0.011926
-0.011638
-0.011639
0.011927
0.000144
0.000144
-0.011639
0.000144
0.000144
0.011927
-0.011639
0.011927
-0.023424
0.000144
-0.011642
0.011930
-0.011642
0.011930
0.011929
0.000144
-0.011641
0.011929
0.000144
0.000144
0.000144
0.011927
-0.023424
0.011929
0.011927
-0.011639
0.023710
-0.011638
0.000144
0.000144
0.000144
0.011926
0.000144
0.000144
0.000144
0.000144
0.011925
0.000144
0.000144
0.011923
0.000144
-0.011635
0.000144
0.000144
0.000144
0.011923
0.000144
-0.011635
0.000144
0.000144
0.011923
-0.011635
0.000144
0.000144
0.000144
0.000144
0.000144
0.000144
0.000144
-0.011637
0.000144
-0.011638
-0.035210
-0.011644
0.011932
-0.011644
0.011932
0.000144
0.000144
-0.011644
0.011932
-0.011644
0.000144
0.011932
-0.011644
0.011932
0.000144
-0.011644
0.000144
0.011932
-0.011644
0.000144
0.000144
-0.011645
0.000144
0.011933
0.000144
0.000144
0.011932
-0.011644
0.000144
0.000144
0.011932
0.000144
0.000144
-0.011644
0.011932
0.000144
0.000144
0.000144
0.000144
0.000144
0.011930
-0.023430
0.000144
0.011932
0.000144
0.000144
0.011930
0.000144
0.000144
0.000144
0.000144
0.011929
0.000144
-0.011641
0.023712
0.000144
0.000144
0.000144
-0.011639
0.000144
0.011927
-0.011639
0.011927
0.000144
0.000144
-0.011639
0.011927
0.011926
-0.035206
0.023712
0.000144
0.000144
0.011926
-0.011638
0.000144
-0.011639
0.000144
0.000144
0.000144
0.000144
0.011927
-0.023424
0.011929
0.000144
0.000144
0.000144
-0.023427
-0.023433
0.000144
0.000144
-0.023438
0.000144
0.000144
-0.011649
0.011937
-0.011649
0.000144
0.011937
0.000144
0.000144
0.000144
0.000144
-0.011649
0.000144
-0.011650
-0.011652
0.000144
-0.011653
0.000144
0.011941
-0.011653
-0.011655
-0.035260
-0.023466
-0.011663
-0.035286
-0.011669
-0.047121
-0.023497
0.011965
-0.011677
0.035603
-0.023494
-0.035323
-0.082662
0.023810
-0.023522
0.047470
0.035624
0.011968
0.035607
0.059221
-0.023483
0.000144
-0.011671
-0.141750
0.011976
0.047459
0.023793
-0.023505
-0.023511
0.023799
0.047437
-0.035323
0.011968
-0.035332
0.011971
-0.011683
0.011971
0.011969
0.011968
0.011966
0.023785
0.000144
-0.035319
0.023788
0.000144
0.000144
0.000144
0.000144
-0.023499
0.023788
-0.011677
0.011965
-0.035323
-0.058996
0.035632
-0.011684
0.000144
0.047448
-0.011680
0.000144
0.023790
-0.023502
0.023790
0.000144
0.035603
0.000144
0.011961
-0.011673
0.011961
0.023774
0.047386
0.023757
0.011948
-0.011660
0.011948
0.059145
0.094473
-0.035219
0.035507
-0.011642
-0.023433
0.000144
0.023721
-0.023433
-0.011646
0.000144
0.000144
0.000144
-0.011648
0.000144
-0.011649
-0.011650
0.011939
-0.047042
-0.023458
0.023746
-0.023458
0.023746
0.000144
0.023740
0.000144
-0.035252
-0.023460
0.000144
0.035549
-0.023458
-0.011659
0.011947
END
