y[]
0.014140
0.029453
-0.016495
0.014135
0.014133
-0.001180
-0.031808
-0.001180
-0.001180
0.457256
0.029308
0.014061
-0.001180
-0.016420
-0.001180
0.014061
-0.031663
0.059777
-0.046894
0.014061
-0.016420
0.105454
-0.016406
-0.062109
0.029289
0.044507
-0.016406
-0.031640
-0.001180
0.029280
-0.001180
-0.016409
-0.016411
-0.001180
-0.031649
0.014056
-0.031654
0.029294
-0.001180
-0.016416
-0.001180
0.014056
-0.016416
0.014056
-0.031654
0.014058
-0.001180
-0.016418
-0.001180
-0.031663
0.029303
-0.016420
0.014061
-0.031663
0.029303
0.029294
-0.001180
0.014054
-0.001180
0.029280
-0.016409
0.014049
-0.016409
0.029276
-0.031635
0.014049
-0.001180
-0.001180
-0.001180
0.029271
0.014042
-0.001180
0.014040
-0.016399
-0.031626
-0.001180
0.014044
-0.016404
-0.001180
0.014044
-0.001180
-0.001180
-0.001180
-0.001180
0.014042
-0.016402
-0.001180
-0.001180
-0.001180
0.029262
-0.016399
-0.001180
0.014040
-0.001180
-0.001180
-0.031621
-0.046859
0.029276
-0.016406
-0.001180
-0.001180
-0.016409
0.029276
-0.016406
-0.001180
-0.046873
-0.001180
-0.046894
0.029299
-0.001180
0.014056
-0.001180
-0.016416
-0.001180
-0.001180
0.014056
-0.016416
-0.001180
0.029289
-0.001180
0.014051
-0.001180
0.014049
0.014047
-0.001180
-0.001180
-0.001180
0.044486
-0.016399
0.014040
-0.001180
-0.001180
-0.001180
-0.016399
-0.001180
-0.001180
-0.001180
0.029257
0.044458
-0.016390
-0.016392
-0.031612
-0.001180
-0.001180
-0.001180
0.014037
-0.016397
0.014037
-0.001180
-0.001180
-0.016397
0.014037
-0.016397
0.014037
-0.016397
-0.001180
-0.001180
0.014037
-0.001180
0.014035
-0.016395
-0.031617
-0.001180
-0.001180
-0.016402
0.014042
0.014040
0.014037
-0.001180
-0.001180
-0.016397
-0.016399
0.014040
-0.016399
-0.016402
0.014042
-0.016402
-0.001180
0.029262
-0.016399
0.059684
-0.016392
0.014033
0.014030
-0.016390
0.014030
-0.031603
-0.001180
-0.001180
0.014033
0.029238
-0.001180
-0.001180
-0.016388
-0.016390
-0.001180
-0.031607
-0.016397
0.014037
-0.016397
-0.016399
0.059684
0.029238
-0.001180
-0.046811
0.014033
0.029238
-0.001180
0.029229
-0.016383
0.044423
-0.061989
0.029229
0.014021
0.074791
-0.061952
-0.016379
0.014019
-0.001180
-0.031580
-0.031589
0.029229
-0.001180
0.029220
-0.001180
0.029211
-0.031570
-0.016379
0.014019
-0.016379
0.044409
0.014012
-0.001180
-0.001180
0.044382
0.014003
-0.016362
-0.001180
-0.001180
-0.001180
-0.001180
0.029183
-0.016360
-0.016362
-0.016365
-0.001180
-0.001180
-0.001180
-0.016367
-0.001180
-0.001180
-0.016369
-0.001180
-0.016372
-0.016374
0.014014
-0.001180
-0.001180
0.029201
-0.001180
-0.046755
0.014014
-0.001180
-0.016374
0.044396
0.014007
-0.016367
-0.001180
-0.001180
-0.001180
-0.016369
0.014010
0.014007
0.014005
0.014003
-0.001180
-0.016362
0.014003
0.014000
-0.031543
0.014003
-0.016362
-0.016365
0.029188
-0.016362
0.014003
-0.001180
-0.016362
0.029183
-0.001180
-0.001180
-0.001180
-0.001180
0.013998
-0.001180
-0.016358
-0.001180
0.013998
-0.001180
-0.001180
0.029169
0.044326
-0.077035
-0.077093
0.044375
0.029178
-0.016358
0.029174
-0.001180
-0.001180
0.013994
-0.016353
0.013994
-0.016353
0.013994
0.013991
-0.031524
-0.001180
-0.001180
-0.001180
0.013994
-0.001180
-0.001180
-0.001180
-0.016353
0.013994
-0.016353
-0.031533
-0.001180
0.013998
-0.016358
-0.031543
0.014003
0.014000
-0.016360
-0.016362
-0.001180
0.029183
-0.001180
-0.001180
-0.016360
-0.061924
-0.001180
-0.001180
0.014010
-0.046755
0.014014
0.014012
-0.001180
-0.001180
-0.001180
-0.001180
-0.016372
0.029201
-0.001180
-0.001180
-0.001180
0.014007
-0.001180
-0.001180
-0.001180
0.014005
0.014003
0.014000
-0.016360
0.029178
-0.016358
0.029174
0.013994
-0.016353
0.013994
0.013991
-0.001180
-0.001180
-0.016351
-0.001180
-0.001180
0.013991
-0.046700
-0.046721
0.029183
0.013998
0.013996
-0.031533
0.089853
-0.031515
-0.046700
0.029169
-0.016353
0.013994
-0.031529
-0.016358
-0.016360
-0.001180
0.014000
-0.031543
-0.016365
-0.016367
-0.016369
0.014010
-0.016369
-0.001180
-0.001180
-0.016372
-0.001180
0.014012
-0.001180
-0.016372
0.014012
-0.001180
0.029197
-0.001180
-0.016367
-0.031561
0.029201
-0.001180
-0.001180
-0.001180
-0.001180
0.029192
-0.001180
-0.046741
-0.016372
-0.001180
-0.001180
-0.016374
0.044396
-0.016369
0.014010
-0.016369
0.014010
0.014007
0.029188
0.014000
-0.001180
-0.001180
-0.016360
-0.001180
-0.001180
-0.016362
-0.001180
-0.016365
-0.001180
-0.001180
0.014005
-0.001180
0.014003
0.014000
-0.016360
-0.001180
-0.001180
0.014000
-0.016360
0.014000
-0.001180
-0.016360
-0.001180
-0.016362
-0.016365
0.014005
-0.001180
0.014003
-0.016362
0.014003
-0.016362
-0.001180
0.014003
-0.001180
-0.001180
0.014000
-0.001180
0.013998
-0.001180
-0.016358
-0.016360
0.014000
-0.016360
-0.016362
-0.001180
0.014003
0.014000
-0.016360
-0.001180
-0.016362
0.014003
-0.001180
-0.016362
-0.016365
-0.001180
0.014005
0.014003
-0.016362
0.014003
-0.001180
-0.001180
-0.016362
0.014003
0.014000
-0.001180
-0.001180
-0.001180
0.029174
0.029165
-0.001180
-0.001180
0.013989
-0.001180
-0.001180
-0.001180
-0.016349
-0.016351
-0.001180
-0.001180
0.013991
-0.001180
-0.031524
0.013994
-0.001180
-0.001180
-0.001180
-0.001180
-0.001180
-0.001180
-0.001180
-0.001180
-0.031529
0.013996
-0.001180
-0.031533
-0.016360
0.014000
-0.031543
0.014003
0.029178
-0.001180
-0.001180
-0.001180
0.029169
-0.001180
-0.001180
0.013991
-0.016351
-0.001180
0.029160
-0.016349
0.013989
-0.001180
-0.001180
-0.001180
-0.001180
-0.001180
-0.001180
-0.001180
-0.001180
0.013987
-0.031515
0.029155
0.013984
-0.016344
0.029146
-0.031506
-0.016346
0.013987
-0.001180
-0.001180
-0.001180
-0.016346
0.013987
-0.001180
-0.001180
-0.001180
-0.001180
-0.001180
-0.001180
-0.001180
-0.031515
-0.001180
-0.001180
-0.061878
0.013998
0.013996
-0.016355
-0.016358
0.013998
-0.031538
0.044354
0.029165
-0.046700
0.044340
0.013989
-0.046693
-0.001180
-0.001180
0.029165
0.013989
-0.001180
0.013987
-0.031515
-0.001180
0.029155
-0.031515
-0.031524
0.044333
-0.016349
0.013989
-0.001180
-0.016349
-0.077058
0.014000
0.013998
-0.016358
-0.001180
0.013998
-0.001180
-0.001180
-0.107474
-0.122797
-0.001180
-0.046825
0.211651
-0.077139
-0.077197
-0.031603
-0.031612
0.105292
-0.031589
-0.001180
0.059629
0.014017
-0.031575
0.014019
-0.001180
-0.046783
-0.001180
-0.031593
0.044437
-0.077220
-0.016395
0.029248
-0.016392
-0.001180
0.014033
0.014030
0.014028
0.029229
-0.001180
0.044416
0.014014
-0.001180
0.044389
0.014005
0.014003
-0.001180
-0.001180
-0.016362
-0.031552
-0.016369
0.029197
-0.031556
-0.001180
0.014010
-0.031561
-0.016374
-0.001180
-0.001180
-0.016376
0.014017
-0.001180
0.029206
-0.001180
0.044382
-0.122723
-0.046797
0.029234
-0.001180
0.014024
-0.031589
0.044430
-0.046790
-0.031598
0.044444
-0.001180
0.044423
-0.016379
0.029215
-0.046776
-0.062007
0.074848
-0.046790
-0.001180
0.029229
0.014021
-0.001180
-0.016381
0.029220
0.059592
-0.001180
-0.016369
0.029197
0.014005
-0.016365
0.014005
-0.061933
0.059574
0.014003
-0.001180
-0.001180
-0.001180
-0.046734
0.014007
-0.001180
-0.001180
0.014005
-0.001180
0.105050
-0.016349
0.029155
0.059463
-0.076989
-0.031520
-0.016353
-0.016355
-0.031538
0.044354
-0.061896
-0.061933
0.074756
-0.046734
0.105082
-0.016353
-0.092268
-0.046755
-0.031575
-0.031584
0.014024
0.014021
0.074791
END
