y[]
-0.015244
0.030239
0.015075
0.030225
0.030216
0.045348
-0.000082
-0.015223
0.015059
-0.000082
-0.015223
0.015059
-0.000082
-0.000082
-0.000082
-0.000082
0.015057
-0.000082
-0.000082
-0.015221
-0.030367
0.015061
0.015059
0.045328
-0.015217
0.015052
-0.030353
0.015054
-0.000082
-0.015219
-0.015221
-0.000082
-0.000082
-0.045513
0.015064
-0.000082
-0.015228
0.030207
0.060469
0.015050
-0.000082
0.015047
-0.045478
-0.000082
-0.000082
-0.015219
-0.000082
-0.000082
0.015054
-0.030358
0.015057
-0.000082
0.015054
-0.015219
-0.000082
0.030189
0.045307
0.060405
-0.015201
-0.000082
-0.015203
-0.000082
0.015038
-0.015203
0.045273
-0.000082
0.015031
0.015029
-0.000082
0.015027
-0.090772
-0.030330
-0.015210
-0.000082
-0.000082
-0.030344
-0.015217
0.060441
0.015043
0.030161
-0.015203
-0.015205
0.030161
-0.015203
-0.030330
0.015043
-0.060597
0.075555
0.015038
-0.000082
0.015036
-0.015201
0.030152
-0.030317
-0.000082
-0.000082
0.015036
-0.000082
-0.015201
-0.030326
-0.015207
0.015043
-0.045465
-0.015214
-0.015217
0.045314
-0.045478
-0.015219
0.030189
0.045307
-0.000082
0.015043
-0.015207
-0.015210
0.030170
0.030161
-0.060578
-0.030344
-0.000082
0.015050
0.015047
0.015045
0.015043
-0.030335
-0.000082
0.015045
-0.030339
-0.000082
-0.015214
-0.030353
0.015054
-0.030358
0.030193
-0.015219
0.030189
0.015050
-0.015214
-0.000082
-0.000082
-0.030353
-0.000082
0.015054
0.030184
-0.015214
-0.015217
-0.030358
-0.090964
-0.015237
-0.000082
0.015073
0.030221
-0.015233
-0.000082
-0.030390
-0.000082
-0.075892
-0.000082
-0.000082
-0.045595
-0.000082
0.045431
-0.015251
-0.060780
-0.030445
-0.045644
-0.030468
0.045493
-0.000082
0.015105
0.015103
-0.000082
-0.000082
0.090979
-0.015253
-0.015256
-0.000082
-0.045616
-0.000082
-0.000082
-0.030450
-0.000082
0.015103
0.075808
0.045424
0.030244
0.090841
0.075624
-0.060642
0.075612
-0.015217
-0.000082
-0.000082
-0.015219
-0.030362
-0.000082
-0.015226
-0.015228
0.015064
-0.045526
0.030216
-0.045533
-0.045554
0.015077
0.030230
0.015070
0.030216
0.015064
-0.015228
0.045348
0.015057
-0.000082
-0.000082
0.015054
-0.015219
-0.045506
-0.015228
-0.075846
0.045383
0.060505
-0.045520
0.015066
0.030207
-0.015226
0.030202
-0.030367
-0.106151
0.030235
-0.015240
-0.091074
0.015089
-0.015253
-0.015256
0.060597
-0.030417
-0.030427
0.045431
0.030248
0.045396
-0.060725
0.015082
0.045396
-0.045561
0.030239
0.030230
0.045369
0.090758
-0.030353
-0.030362
-0.015226
-0.000082
0.060478
-0.015219
-0.045506
-0.000082
-0.030376
-0.000082
-0.015233
-0.015235
-0.000082
0.015070
-0.015235
-0.000082
-0.015237
-0.015240
-0.030404
-0.106280
-0.030445
-0.106425
-0.000082
0.015116
-0.000082
-0.015281
-0.015283
0.015119
-0.015283
0.015119
-0.030487
-0.000082
-0.015288
0.075923
-0.060882
-0.000082
-0.060919
0.030341
0.015126
0.030327
-0.015286
0.015121
-0.000082
-0.060910
-0.045727
0.045562
-0.015295
0.015130
-0.000082
-0.015295
-0.045734
-0.060984
0.030373
-0.030538
-0.000082
-0.000082
-0.106749
0.015163
-0.061076
0.060912
-0.030575
0.015165
-0.000082
0.030406
0.045632
-0.000082
-0.091532
0.076131
-0.015320
0.015156
0.045618
0.045597
-0.000082
0.015140
0.015137
-0.015302
0.045569
-0.015297
-0.015299
0.015135
-0.015299
0.045562
-0.000082
0.030336
-0.030501
0.045542
0.091103
-0.121681
-0.076157
0.030355
-0.060965
0.015142
-0.060993
0.045604
0.045583
-0.106668
-0.015318
0.030387
-0.061030
0.015158
0.030392
0.015151
-0.061030
0.015158
-0.045810
-0.045831
-0.030593
0.091423
0.106568
-0.030542
-0.061030
0.076097
-0.106749
-0.122127
0.030443
0.030433
-0.045859
-0.122257
-0.045936
0.091605
0.015191
-0.030631
0.015193
0.015191
-0.045908
-0.061216
0.061052
0.091549
-0.030617
-0.000082
0.091493
-0.015339
-0.000082
-0.030603
-0.030612
0.045709
0.060940
-0.000082
-0.045845
0.030429
0.137102
0.030378
-0.061011
0.015154
0.030382
-0.076261
-0.045817
0.045653
-0.061067
0.015167
0.015165
0.106584
0.076039
0.015135
-0.000082
-0.015299
-0.076203
0.060819
-0.000082
-0.000082
0.045569
-0.015297
0.045556
-0.030505
-0.030514
0.030350
0.030341
-0.060937
-0.015302
-0.000082
0.015137
-0.060974
-0.061011
0.030387
0.015149
0.015147
0.045590
0.015137
0.015135
-0.000082
-0.060965
0.045583
-0.015302
0.060782
0.030336
-0.000082
0.045528
0.045507
-0.015276
0.015112
-0.015276
0.030304
-0.030468
0.030304
-0.060863
-0.045692
0.045528
0.015116
-0.030482
-0.000082
-0.000082
0.045514
-0.015279
-0.015281
-0.000082
0.030313
-0.030477
0.091075
0.075819
-0.030436
-0.015263
-0.015265
-0.000082
-0.015267
-0.076041
0.015114
0.015112
0.060671
-0.000082
-0.030454
-0.000082
0.030290
-0.076030
0.045493
-0.000082
0.045472
0.045452
-0.030436
-0.000082
-0.000082
-0.076007
0.030294
-0.030459
-0.000082
-0.060863
-0.000082
-0.000082
-0.106538
0.060763
-0.015290
0.030331
0.030322
0.015116
0.060690
0.121351
-0.000082
0.045417
0.045396
-0.060725
0.090868
0.045362
-0.000082
-0.030376
-0.015233
-0.000082
-0.000082
-0.000082
0.015068
-0.000082
-0.000082
-0.015233
-0.000082
-0.000082
-0.000082
-0.015235
0.015070
-0.000082
-0.000082
0.060505
0.015059
0.030193
-0.015219
0.090703
-0.000082
-0.015207
0.060405
-0.015201
0.030152
-0.045437
0.015038
-0.000082
-0.000082
0.015036
-0.015201
-0.000082
0.060377
0.030134
0.030125
-0.030289
-0.000082
-0.045410
0.015029
-0.000082
-0.015194
-0.000082
0.015029
-0.000082
-0.015194
-0.000082
0.015029
-0.045423
-0.015201
-0.000082
-0.015203
0.030157
0.015034
-0.015198
0.030147
-0.121056
-0.015214
0.015050
-0.075765
0.015059
-0.045513
0.045348
-0.015223
-0.045520
-0.015233
0.015068
0.015066
-0.000082
-0.015230
-0.015233
-0.030390
-0.000082
-0.015240
-0.015242
-0.030408
0.030244
-0.030408
-0.015249
-0.015251
-0.045602
0.060607
0.075727
-0.045561
0.015080
0.030235
0.015073
-0.000082
-0.000082
0.030221
0.060496
-0.030367
0.060478
0.030184
-0.015214
0.045307
-0.015210
-0.090895
0.060469
0.015050
-0.000082
-0.000082
-0.000082
0.045300
-0.000082
0.015041
-0.030330
-0.015210
-0.045478
-0.000082
0.015052
-0.000082
-0.045492
-0.030367
-0.000082
0.015061
-0.000082
0.030198
-0.000082
-0.000082
-0.015221
-0.000082
0.015057
-0.015221
0.015057
0.015054
0.015052
-0.015217
0.015052
-0.030353
-0.015221
0.015057
-0.015221
-0.000082
-0.045513
0.045348
-0.015223
-0.000082
0.015059
0.015057
-0.000082
0.030189
-0.015217
0.015052
-0.015217
-0.000082
-0.000082
-0.015219
0.015054
-0.000082
0.030184
0.015047
-0.015212
0.015047
-0.015212
0.030175
0.015043
-0.015207
0.015043
-0.000082
-0.030335
0.015045
-0.000082
-0.000082
0.015043
-0.000082
-0.015207
0.015043
-0.000082
-0.000082
-0.015207
-0.030339
-0.000082
0.015047
-0.015212
0.045300
-0.000082
-0.000082
-0.015207
0.015043
-0.015207
-0.000082
-0.015210
-0.000082
-0.000082
-0.015212
0.015047
-0.015212
-0.030349
-0.030358
0.015057
-0.015221
-0.015223
-0.000082
-0.000082
-0.075823
0.015070
-0.000082
0.015068
-0.000082
-0.015233
-0.015235
-0.000082
-0.015237
0.015073
-0.000082
0.015070
-0.000082
0.030216
-0.015230
0.060496
-0.030367
0.015061
-0.045520
-0.030385
0.030221
0.030212
-0.000082
0.030202
0.045328
0.045307
-0.000082
-0.000082
-0.000082
-0.000082
-0.090881
-0.000082
0.045328
-0.060633
0.030198
-0.060652
0.075624
-0.000082
-0.030358
-0.030367
0.015061
-0.030372
-0.045533
0.015070
END
