y[]
0.000134
0.024887
-0.036997
0.024890
0.000134
0.000134
-0.012243
-0.037006
0.012516
-0.024630
0.000134
-0.012250
0.000134
0.012519
0.012518
-0.012249
0.000134
-0.024636
0.024905
-0.024636
0.024905
-0.024636
0.000134
-0.024643
-0.012256
-0.012258
0.000134
0.000134
0.012527
-0.012258
0.000134
0.000134
0.012527
-0.012258
0.024918
0.012524
0.000134
-0.012255
-0.012256
-0.012258
-0.012259
0.000134
0.012528
0.012527
0.000134
-0.012258
0.000134
0.000134
0.000134
0.024918
0.012524
0.037293
-0.024636
-0.024643
0.000134
0.012524
-0.012255
0.024911
-0.012253
0.012522
0.000134
-0.012253
-0.012255
0.000134
-0.012256
0.024915
0.012522
-0.012253
0.000134
0.000134
-0.012255
0.012524
0.000134
-0.024646
0.000134
0.012525
0.000134
0.012524
0.000134
0.000134
-0.024646
0.000134
0.000134
-0.012258
0.012527
0.024915
-0.074224
-0.012264
0.000134
0.024930
-0.024661
0.012533
-0.012264
0.000134
0.012533
0.024927
-0.012261
0.012530
0.012528
-0.012259
-0.012261
0.012530
-0.012261
-0.024661
0.024930
0.024924
0.049695
-0.061820
-0.024658
0.024927
0.024921
0.024915
0.000134
-0.012255
0.024911
0.037288
0.062027
-0.024618
0.012511
0.012510
0.000134
-0.036997
-0.012246
-0.012247
0.037275
-0.024624
0.012514
-0.012246
-0.012247
0.012516
0.000134
-0.024630
0.000134
0.000134
0.024899
0.024893
0.000134
0.012511
-0.037001
0.037270
0.000134
0.037256
0.000134
0.000134
0.037242
-0.012233
0.012502
0.000134
-0.024603
-0.036983
-0.012241
0.012510
0.012508
-0.036992
0.000134
0.024887
0.037252
-0.049358
0.012510
0.000134
-0.012241
0.012510
-0.024618
0.012511
0.024884
0.024878
-0.012236
-0.061743
0.049639
0.024878
-0.036983
-0.012241
-0.037001
0.000134
0.000134
0.000134
-0.024630
-0.024636
0.012521
-0.012252
-0.012253
0.000134
-0.037038
-0.037052
-0.024664
0.024933
-0.049469
0.037339
0.012533
-0.024664
-0.012267
0.000134
0.012536
-0.024670
-0.049493
0.024951
-0.024683
-0.012276
0.012545
0.000134
0.024951
0.000134
0.049750
-0.012267
-0.024673
0.012539
0.012538
0.024936
0.012533
-0.012264
0.012533
-0.012264
0.062111
-0.024652
-0.037056
-0.012266
-0.012267
-0.024673
0.012539
0.037339
0.012533
-0.024664
-0.012267
0.024936
0.012533
0.012531
0.062096
0.000134
0.000134
-0.024646
-0.012258
-0.012259
0.000134
0.037311
-0.012256
0.024915
0.000134
0.012522
0.012521
0.000134
0.000134
-0.024640
0.024908
0.037284
0.000134
0.099132
0.049597
-0.049328
0.024869
-0.024600
-0.086483
0.000134
-0.024627
0.012516
0.000134
-0.012247
0.037275
0.062004
-0.049358
-0.037001
0.000134
-0.012247
-0.012249
-0.086590
-0.024658
0.000134
-0.024664
0.037330
0.012530
0.012528
0.012527
0.024915
-0.049432
0.086859
-0.049413
0.012524
0.049676
-0.037020
0.012521
0.037284
-0.061789
0.099193
0.012510
-0.012241
0.024884
0.012507
-0.012238
-0.012240
-0.049377
0.037270
0.012510
-0.061758
0.024896
0.000134
0.037265
0.012508
0.061981
0.000134
0.012499
0.000134
-0.049334
-0.012236
-0.061743
-0.049395
-0.012252
0.012521
0.012519
-0.012250
-0.024640
0.012522
-0.024643
0.024911
-0.037033
0.012525
-0.061835
-0.012264
0.049719
0.012527
0.012525
0.037298
0.000134
-0.037029
0.037298
-0.061812
0.074465
-0.037024
0.000134
0.012522
0.024905
-0.037024
-0.012255
-0.012256
-0.012258
0.000134
0.000134
0.024918
-0.049438
-0.012263
0.000134
-0.012264
-0.037070
-0.037084
-0.074344
0.000134
0.037381
-0.024695
0.074604
0.037348
0.012536
-0.012267
0.062127
0.049701
0.012522
0.000134
0.049670
0.000134
0.062019
0.024878
0.037238
-0.074086
0.049621
-0.012235
0.000134
0.012504
-0.012235
-0.024609
0.000134
0.000134
0.000134
0.024878
0.049603
0.012498
-0.012229
0.012498
0.086634
-0.012218
0.012487
-0.012218
0.024838
-0.049279
-0.012223
0.000134
0.037201
0.061882
-0.024560
0.037174
0.024820
-0.012207
-0.024554
0.012479
0.024820
0.024814
-0.012204
0.000134
0.012473
-0.012204
-0.012206
0.000134
0.000134
0.000134
0.012475
0.000134
0.012473
-0.086269
-0.024566
0.012485
0.024832
0.012481
0.000134
0.000134
-0.024560
0.000134
0.000134
0.000134
0.037174
0.000134
0.012478
0.012476
0.000134
-0.012207
-0.036900
0.000134
0.037169
0.000134
-0.024554
0.000134
0.000134
-0.012212
0.000134
0.012481
-0.012212
0.012481
-0.024560
-0.012215
-0.012217
0.024835
0.000134
-0.024566
0.012485
0.000134
-0.012217
-0.024572
0.000134
-0.012221
0.000134
0.012490
-0.036937
0.000134
-0.012226
0.012495
-0.012226
0.000134
-0.012227
-0.024594
-0.012232
0.037229
-0.024594
0.000134
0.000134
0.024862
0.024856
-0.036951
-0.012230
-0.012232
0.012501
-0.012232
0.012501
-0.036969
0.000134
-0.012236
0.024875
0.000134
-0.036978
0.000134
-0.024615
-0.024621
-0.024627
0.024896
-0.012246
0.049646
0.024881
0.024875
-0.024606
-0.012238
-0.049371
-0.012246
0.012514
0.012513
-0.024624
0.123866
-0.061712
0.049615
0.037229
-0.024594
0.037224
-0.049322
-0.024603
-0.012236
0.012505
-0.024609
-0.024615
0.037256
-0.024612
0.000134
0.049621
0.012502
-0.012233
0.000134
0.000134
0.000134
0.024869
0.024862
0.012496
-0.012227
-0.024594
-0.012232
0.012501
-0.012232
0.012501
0.000134
-0.012232
0.037229
-0.012229
-0.049334
0.000134
-0.036983
-0.012241
0.024884
-0.036992
0.012511
-0.012243
0.012511
0.000134
-0.012243
-0.012244
0.012513
0.024887
-0.036997
0.012513
0.012511
-0.012243
0.037261
-0.024615
0.037256
-0.024612
-0.012241
0.000134
0.024884
-0.012240
0.012508
0.000134
-0.012240
0.012508
-0.036992
0.000134
-0.012244
-0.012246
0.024893
-0.024624
0.012514
0.000134
-0.012246
0.024893
-0.012244
0.000134
0.024890
0.012510
0.012508
-0.012240
0.012508
0.000134
0.012507
0.000134
0.012505
-0.049358
0.000134
0.000134
-0.012243
-0.024624
0.012514
0.000134
-0.024627
0.024896
0.024890
0.000134
0.012510
0.000134
0.000134
0.000134
0.024881
0.049609
-0.012232
0.000134
0.012501
0.012499
0.000134
0.086645
0.086570
-0.012209
0.000134
0.111170
-0.024530
0.012467
-0.024533
-0.049218
0.000134
0.061821
0.024798
-0.012197
-0.049206
-0.024545
0.012475
-0.036891
-0.012210
0.024823
0.012476
0.000134
-0.024551
-0.036905
0.000134
0.037174
0.000134
0.000134
0.000134
0.000134
-0.049254
-0.036923
0.037192
0.012484
0.037174
-0.036905
0.037174
0.037160
-0.012206
-0.012207
-0.012209
-0.012210
-0.024560
0.012482
-0.024563
-0.036923
0.012488
-0.012220
0.024841
-0.024572
-0.012221
0.012490
0.012488
-0.012220
0.000134
0.012488
0.012487
-0.012218
-0.012220
-0.012221
0.000134
0.049548
-0.024569
-0.024575
0.000134
0.024844
0.000134
-0.012220
0.012488
-0.024575
0.024844
0.012487
-0.012218
0.012487
-0.024572
0.024841
-0.012218
0.012487
0.000134
0.012485
-0.012217
-0.024572
0.000134
-0.012221
-0.012223
-0.024584
0.012495
-0.036951
-0.012230
-0.012232
0.000134
0.012501
0.024862
0.024856
-0.036951
-0.012230
0.049584
-0.036951
-0.074077
0.000134
-0.024615
-0.037001
0.012514
0.012513
0.012511
-0.012243
0.000134
0.000134
-0.024624
-0.074178
0.024911
0.000134
0.024905
0.024899
-0.024630
-0.037024
0.049676
0.000134
-0.024633
-0.012252
-0.012253
0.000134
-0.024646
0.012525
0.012524
-0.024646
-0.012258
0.037307
-0.099023
0.049725
0.012528
0.012527
-0.037047
0.037316
0.000134
0.012525
0.012524
-0.012255
0.024911
0.000134
0.037288
-0.061797
END
