y[]
-0.023580
-0.011679
0.000226
0.000226
0.012132
-0.011679
0.012132
0.047834
0.047811
-0.023563
0.000226
0.000226
0.000226
-0.023569
0.012125
-0.023572
0.012126
-0.011674
0.024024
0.012123
0.000226
0.012122
-0.011669
-0.011671
0.024019
-0.011669
0.000226
0.000226
0.000226
-0.011671
-0.023572
0.000226
-0.011675
0.000226
0.000226
-0.011676
0.012129
0.000226
0.000226
0.012127
0.000226
0.000226
-0.011675
0.000226
0.000226
0.000226
0.000226
0.000226
0.000226
0.012127
-0.011675
0.000226
-0.011676
-0.011678
0.000226
-0.011679
0.000226
0.000226
-0.011681
0.012133
0.012132
0.000226
0.000226
0.000226
0.035934
-0.035482
0.012130
0.000226
0.000226
0.024030
0.000226
0.012126
-0.011674
0.012126
0.000226
-0.011674
-0.011675
-0.011676
0.035930
-0.011674
0.000226
-0.011675
0.012127
0.000226
0.000226
0.012126
-0.011674
0.000226
0.024024
0.024019
0.000226
-0.035465
-0.035477
-0.011678
0.024033
-0.035486
0.000226
0.012132
0.024033
0.000226
-0.011676
-0.011678
0.000226
0.012130
0.000226
0.000226
0.035930
-0.011674
0.012126
-0.011674
0.012126
0.024022
0.012122
0.000226
-0.035465
0.000226
0.000226
0.024022
0.000226
0.012122
0.012120
0.012119
-0.035456
0.000226
-0.011671
0.012123
-0.011671
0.012123
0.000226
0.000226
0.000226
0.000226
-0.023569
0.024022
0.000226
0.000226
0.000226
0.000226
0.012122
0.000226
0.012120
0.012119
-0.011666
0.000226
0.012119
-0.023561
0.012120
-0.011668
0.012120
0.000226
0.000226
0.012119
-0.023561
0.000226
0.012120
0.012119
-0.011666
0.012119
0.000226
0.000226
-0.011666
0.012119
0.000226
0.000226
0.000226
0.000226
0.000226
0.012118
-0.011665
0.000226
0.012118
0.000226
0.000226
0.012116
-0.011664
0.000226
0.012116
-0.023555
0.012118
0.000226
0.000226
-0.011665
0.000226
0.000226
0.000226
-0.011666
0.012119
-0.023561
0.012120
0.000226
-0.011668
0.000226
0.024013
-0.011666
0.000226
-0.011668
-0.011669
0.000226
0.000226
0.000226
-0.011671
-0.011672
-0.023575
-0.011676
0.000226
0.000226
0.012129
0.000226
0.000226
-0.023580
0.012130
0.000226
0.000226
0.012129
-0.023580
-0.047404
0.059761
-0.023583
-0.011681
0.000226
-0.011682
0.012135
-0.023592
0.000226
0.024044
0.000226
-0.035503
-0.023600
0.012140
0.000226
0.000226
0.012139
-0.011686
0.000226
0.000226
-0.011688
0.012140
-0.011688
0.000226
0.000226
-0.011689
0.024056
-0.011688
0.024053
0.024047
0.024041
0.000226
-0.011681
0.000226
0.024039
-0.023586
0.012133
-0.023589
0.012135
-0.023592
0.000226
-0.011685
0.012137
0.012136
0.000226
-0.011683
0.012136
0.012135
0.000226
0.012133
-0.011681
-0.011682
-0.011683
0.000226
0.000226
0.000226
0.000226
-0.023597
0.000226
-0.011688
0.012140
-0.011688
-0.047444
0.012146
-0.011693
-0.011695
-0.047472
0.000226
0.012153
-0.011700
0.012153
-0.023629
-0.011703
-0.011705
-0.035575
-0.047529
0.000226
0.000226
-0.023660
0.024113
-0.059500
0.000226
0.036066
-0.023666
-0.035622
-0.071510
0.012186
-0.011733
0.000226
0.012186
0.071954
-0.023677
0.036079
-0.047581
0.012180
0.012179
-0.047592
-0.023691
0.048056
-0.023686
-0.035652
0.036105
0.012183
0.024135
0.000226
-0.011728
0.048033
0.012174
0.000226
0.012173
-0.035618
-0.011725
0.012177
0.012176
0.036066
0.024113
-0.083401
0.048022
-0.011720
-0.035622
0.012177
0.012176
-0.011723
-0.023677
0.012179
-0.047592
0.012183
0.036088
0.036075
0.012173
0.036058
0.000226
0.000226
0.000226
0.024107
0.012164
0.047965
0.083714
-0.131000
0.024098
-0.035584
0.071834
0.036011
-0.059422
-0.059457
0.000226
0.071842
-0.011706
0.036019
0.036007
0.000226
-0.023626
0.000226
-0.059429
0.059881
-0.059429
0.012160
-0.035580
-0.023651
0.036041
0.000226
0.059889
-0.011703
0.059860
0.083654
-0.035520
0.012143
-0.011691
-0.011692
-0.023614
0.012147
0.024064
0.035972
-0.023603
0.000226
0.035968
-0.011686
0.012139
0.012137
-0.047427
-0.011691
0.000226
0.012143
-0.059372
-0.047478
-0.023634
0.047942
0.000226
0.024076
-0.011698
0.035994
0.024064
-0.011692
0.012145
0.012143
0.035968
0.012137
-0.023597
-0.011688
0.012140
-0.011688
0.000226
0.047874
-0.011683
-0.035511
-0.011689
0.035968
-0.011686
-0.035520
0.024058
-0.011689
0.024056
0.012139
0.012137
-0.047427
0.000226
0.024056
0.024050
0.035951
0.000226
-0.011681
-0.059329
0.000226
0.035964
0.047857
0.000226
0.012130
0.035930
0.047811
0.071561
0.012111
0.000226
0.012109
0.000226
-0.023541
-0.011659
0.000226
-0.023549
-0.023555
0.035896
-0.023552
0.012116
0.024002
0.000226
-0.011661
0.000226
0.035883
0.012109
-0.011657
-0.023544
-0.011661
0.023999
-0.023546
-0.023552
-0.047347
0.012122
-0.047364
0.012126
0.000226
0.012125
0.012123
-0.011671
-0.047376
-0.095046
0.024053
0.012137
0.012136
0.047851
0.000226
-0.059308
-0.011685
-0.035516
-0.023609
0.000226
0.047891
0.000226
0.083584
0.000226
0.012129
-0.011676
0.024030
-0.011675
0.000226
-0.059301
0.035947
0.012130
0.012129
0.000226
0.000226
-0.011676
0.012129
0.012127
-0.011675
0.000226
0.000226
-0.011676
0.012129
0.000226
0.035926
-0.011672
0.012125
0.000226
0.000226
0.012123
-0.011671
0.000226
0.000226
-0.023572
0.000226
0.012126
-0.011674
0.012126
0.000226
-0.011674
-0.011675
0.000226
0.000226
0.035926
0.000226
-0.011672
0.000226
0.000226
0.000226
0.012125
0.000226
-0.011672
0.000226
0.000226
0.000226
0.012125
0.000226
0.000226
0.000226
0.000226
-0.011672
0.000226
0.024022
-0.023569
0.000226
0.012125
0.000226
-0.011672
-0.023575
-0.023580
0.012130
0.035930
-0.035477
-0.023583
-0.011681
-0.011682
0.012135
0.000226
-0.047415
0.035960
0.000226
0.000226
0.012135
0.024039
-0.011679
0.012132
0.000226
-0.023586
-0.011682
0.000226
0.000226
0.000226
0.000226
0.000226
-0.011683
0.000226
0.012136
-0.011683
0.012136
0.012135
0.000226
0.000226
0.000226
-0.011682
0.024041
0.000226
0.012132
-0.011679
0.012132
0.000226
0.000226
0.000226
0.012130
-0.011678
0.000226
-0.011679
0.012132
0.000226
0.000226
-0.011679
0.000226
0.000226
0.000226
0.000226
-0.011681
0.000226
0.000226
-0.011682
0.012135
-0.011682
0.000226
0.000226
0.012135
0.000226
-0.011682
0.000226
0.000226
-0.011683
0.000226
0.000226
0.000226
-0.011685
0.024047
-0.011683
0.000226
0.012136
-0.011683
0.000226
0.000226
0.000226
0.000226
-0.011685
0.012137
0.000226
0.000226
0.000226
0.012136
-0.011683
0.000226
-0.023597
0.000226
-0.011688
0.000226
0.000226
0.024053
-0.023600
0.012140
0.000226
-0.011688
-0.011689
0.000226
0.000226
0.012142
-0.011689
0.000226
-0.011691
0.035972
-0.023603
0.012142
0.024053
-0.011686
0.000226
0.000226
0.000226
-0.023603
0.000226
0.000226
0.000226
0.000226
0.000226
0.000226
0.000226
-0.011691
0.000226
0.024058
0.000226
-0.011689
0.047879
-0.011685
0.012137
-0.011685
0.000226
0.000226
-0.011686
0.012139
-0.011686
0.012139
0.012137
-0.023597
0.012139
-0.011686
0.000226
-0.011688
-0.011689
-0.023609
0.000226
0.012145
0.012143
0.000226
0.012142
0.012140
0.012139
0.012137
-0.035511
0.000226
0.024053
0.035955
-0.011682
0.000226
-0.011683
-0.023597
0.000226
-0.035520
0.000226
0.000226
-0.023612
-0.035541
0.024073
-0.035545
0.012152
0.012150
0.012149
-0.011696
0.012149
0.000226
-0.011696
0.000226
0.012149
END
