y[]
-0.012226
0.025634
-0.037468
0.000394
-0.050111
-0.125980
0.101507
-0.050149
0.063570
0.050906
-0.075382
0.101417
0.013015
-0.012226
-0.012228
0.025637
0.076085
-0.037444
-0.037458
-0.113249
0.013028
0.025657
0.076142
-0.113249
-0.024877
-0.024884
-0.176731
-0.012269
0.000394
0.013058
-0.088286
0.076411
0.089008
-0.100884
0.025724
0.088996
-0.037568
-0.062909
-0.012271
-0.075632
0.038415
-0.024951
0.076411
0.000394
-0.012271
-0.050283
-0.012279
-0.037636
-0.126477
0.000394
0.101904
-0.050348
-0.012295
-0.050380
0.165317
0.051085
-0.139067
-0.012294
0.114528
0.025740
-0.050303
0.051091
0.114369
-0.024922
0.088974
-0.050213
0.038352
-0.037563
-0.126236
0.076392
0.088985
-0.012257
-0.050226
-0.012265
0.101622
-0.062861
0.051002
-0.024906
-0.012258
-0.012260
0.013049
-0.037573
-0.050251
-0.100974
0.114427
0.013057
0.000394
0.038371
-0.075574
0.063706
-0.062917
-0.062957
-0.062997
-0.126509
0.025788
0.013089
-0.024996
-0.012303
0.101930
0.025762
0.051111
0.038415
0.051066
-0.012271
-0.012273
0.000394
0.013061
0.051047
-0.012266
-0.012268
-0.050271
0.025730
-0.012273
0.025727
-0.012271
-0.037612
-0.088342
0.076459
-0.024954
0.089086
-0.062949
0.025737
0.063722
0.038371
0.063658
0.000394
0.076257
0.013033
-0.100756
-0.024909
0.013047
0.063634
-0.037544
0.076257
-0.088118
0.013044
-0.126172
-0.024938
-0.012274
0.013063
0.000394
0.013061
-0.012273
-0.075642
0.063762
0.063722
0.139573
0.013037
0.202466
-0.100590
0.139222
-0.087928
-0.050111
-0.113335
0.063594
-0.012242
0.114067
0.139152
0.025602
-0.138328
-0.138521
-0.024884
0.126721
0.050880
0.038242
-0.176351
0.177140
0.088650
0.063387
-0.037396
-0.024807
-0.113092
-0.037463
0.025634
-0.189059
0.101481
0.063522
0.063482
-0.138451
0.114009
0.063458
0.000394
0.013002
0.050810
-0.037415
0.000394
0.088595
0.038171
0.101061
0.025545
-0.012180
0.063252
-0.100197
-0.150682
-0.037410
-0.100488
-0.037463
0.151738
-0.239338
-0.037511
0.000394
0.076190
0.038271
-0.024855
-0.037492
0.063530
0.025637
0.025631
0.025625
-0.100565
0.076123
0.139082
-0.024807
-0.037420
0.025606
-0.050034
-0.087917
0.076095
0.063434
-0.024817
-0.037434
-0.024833
-0.113206
0.088762
0.025628
0.025621
-0.024833
0.050842
-0.024826
-0.012218
-0.062693
-0.113263
-0.062805
0.025679
-0.227396
-0.012276
0.063730
0.051034
0.076305
0.013041
0.063602
0.050931
-0.024871
0.025660
0.076152
0.050868
0.025621
-0.062685
-0.163799
0.126721
0.050880
-0.138503
-0.037520
0.101468
-0.050130
-0.100731
-0.024903
0.101545
-0.024884
0.240278
-0.012217
-0.087928
0.013017
0.038252
-0.024842
-0.024849
0.038256
0.063466
-0.100539
-0.024855
0.063506
-0.037468
-0.138556
0.000394
0.038309
-0.012242
-0.050168
-0.024896
-0.138820
-0.024938
0.228156
-0.088118
0.265697
0.025625
-0.012220
0.189442
0.000394
0.063331
0.063291
0.063252
0.025526
-0.037306
-0.100209
-0.012188
-0.012190
0.050722
-0.024766
-0.037358
0.038147
0.012975
0.000394
-0.024769
-0.049952
0.025571
-0.037372
0.012985
0.050741
-0.037363
0.012982
-0.087750
-0.188749
-0.163820
-0.012249
-0.189443
-0.037616
-0.126413
0.051137
0.000394
-0.024973
-0.088444
-0.317530
0.051330
0.089470
-0.228817
0.153261
0.102176
-0.037761
0.063979
-0.114088
0.076730
-0.152336
-0.088806
0.153261
-0.025067
0.089481
-0.012327
-0.025054
-0.075990
-0.050561
0.165905
0.025833
0.000394
0.051253
-0.037747
0.000394
0.051246
-0.050457
0.165568
-0.037698
-0.075835
0.013103
0.013102
0.013100
0.000394
0.038502
-0.012306
-0.050425
0.063915
-0.139404
-0.037766
-0.063239
0.051304
0.025840
-0.075961
0.076750
-0.012327
0.038555
-0.050490
-0.012331
0.013119
-0.050516
0.000394
-0.025070
0.127653
0.013111
0.063955
0.076614
0.051175
-0.012298
0.063842
0.063802
-0.012284
0.038424
-0.050316
-0.113797
-0.012302
0.000394
0.051169
0.076508
0.038429
-0.063005
-0.075738
-0.012300
0.089221
-0.012290
0.025762
-0.024973
0.013079
-0.024977
-0.075757
-0.025002
-0.037713
-0.037727
0.089323
-0.063118
0.076604
0.013090
-0.012302
0.025785
-0.050393
-0.050419
0.000394
0.000394
0.013100
-0.012311
-0.025022
0.013103
-0.050451
0.089357
-0.050432
0.013103
0.013102
-0.037732
0.000394
0.051227
0.025801
-0.012308
-0.063142
-0.101348
0.038560
0.038545
-0.063199
-0.050509
0.064020
-0.025051
0.013118
-0.025054
-0.025061
0.000394
0.013123
-0.050529
0.025859
0.025853
-0.012334
0.051298
-0.152394
-0.025093
0.038623
0.051343
-0.012340
-0.012342
0.000394
0.025866
0.127653
-0.037766
0.038555
-0.025044
-0.012327
0.051272
-0.037761
0.051266
-0.012321
-0.063207
0.013118
-0.037781
0.051291
0.025833
0.038541
0.038526
0.114702
-0.024996
0.165317
-0.050322
-0.113812
0.076546
0.000394
0.025765
0.013078
0.025756
0.013073
-0.050328
0.025759
0.000394
0.051104
0.000394
0.038410
-0.088331
-0.050341
-0.050367
0.000394
0.076527
0.013078
0.000394
-0.050348
-0.037679
0.038468
0.025769
0.000394
-0.050361
0.025775
0.013082
0.063810
0.038424
0.114398
0.101622
-0.062861
-0.088230
-0.075632
0.063754
-0.075642
0.051091
0.025733
-0.037616
0.013066
-0.037626
-0.139138
0.063842
0.013079
-0.024977
-0.101154
0.063874
-0.024993
0.025782
0.000394
-0.075786
0.013095
-0.063126
-0.063166
0.038536
-0.025031
0.038531
0.000394
-0.012316
0.038521
0.051207
0.013094
-0.037708
-0.025015
0.038507
-0.037718
-0.012313
-0.025025
0.038521
0.025804
-0.025015
-0.025022
-0.012316
0.051227
0.076595
0.076537
-0.075748
-0.063102
0.178082
-0.050341
0.076488
0.013071
-0.075690
-0.012292
-0.024983
-0.037684
0.000394
0.013089
0.000394
0.000394
0.063842
0.089154
-0.101051
0.000394
0.000394
0.013081
0.076479
0.000394
0.025743
0.025737
0.000394
0.025730
-0.024941
-0.012276
0.025733
0.063714
0.051021
-0.062893
-0.012268
-0.012269
-0.037607
0.013063
-0.024944
0.013065
-0.062973
0.000394
0.025746
0.025740
0.013065
-0.037621
-0.050316
0.025753
0.013071
0.013069
0.025740
0.038400
-0.012273
0.000394
0.038391
0.013057
-0.012268
-0.024935
0.000394
0.025724
0.088996
0.000394
0.000394
-0.050226
-0.113595
0.076402
-0.037602
-0.037616
-0.012279
-0.037636
0.051098
-0.024954
-0.075690
-0.050361
0.000394
0.025775
-0.024986
0.025775
0.013082
-0.012294
0.013082
0.038449
0.025756
0.051098
0.000394
0.025737
0.013063
-0.024944
-0.101025
0.013078
0.076459
0.127041
0.000394
0.000394
0.051008
-0.303673
0.013082
-0.012294
0.000394
-0.012295
0.025772
-0.012294
-0.164695
-0.075893
-0.101413
0.165778
-0.037747
0.025824
0.038526
-0.012314
0.038516
0.076595
0.089221
0.063794
0.025743
0.101724
0.076325
-0.012257
-0.062885
-0.050258
-0.037612
0.000394
0.013065
-0.012276
-0.189852
0.013089
-0.088500
0.038502
0.013094
0.228705
0.000394
-0.037621
-0.012281
0.165045
0.013049
-0.126220
0.000394
0.101699
0.227955
0.126593
-0.037449
-0.087962
-0.138609
0.050963
-0.037530
0.050957
0.076190
-0.037496
0.013026
-0.113350
0.000394
-0.012252
0.101519
0.000394
0.025660
0.050906
-0.012231
-0.050123
0.025657
0.013023
-0.075401
0.088817
-0.075392
0.000394
0.076181
-0.062757
-0.062797
0.038314
0.013031
0.038295
0.013025
-0.075411
0.000394
-0.012245
-0.113436
0.013049
0.025698
-0.024909
-0.138890
-0.024951
0.051079
0.025727
0.025720
-0.037597
-0.050283
0.013066
0.038400
0.000394
0.076363
END
