y[]
0.011695
-0.000259
-0.012213
0.011695
-0.000259
-0.000259
-0.000259
-0.000259
-0.012213
0.023647
-0.012212
0.011693
-0.000259
-0.012212
0.011693
-0.000259
-0.000259
-0.012212
0.011693
-0.000259
0.011692
-0.024163
-0.000259
-0.000259
-0.000259
-0.000259
-0.000259
-0.000259
0.011693
-0.000259
0.011692
-0.000259
-0.012210
-0.012212
0.023644
-0.024163
-0.000259
-0.000259
0.011693
-0.012212
-0.012213
-0.012215
-0.012216
-0.012217
0.035611
0.011695
-0.012213
-0.000259
-0.024171
-0.012217
0.011699
-0.012217
-0.012219
-0.000259
0.011700
-0.000259
-0.024180
0.011702
-0.024183
0.011703
-0.024186
0.011705
-0.012223
0.023667
0.011702
-0.024183
-0.024188
-0.036164
0.071537
0.023661
-0.048106
-0.072073
-0.000259
0.059589
-0.072081
-0.012235
-0.012236
-0.000259
0.035667
-0.000259
0.011713
-0.024206
-0.000259
-0.000259
0.011715
0.011713
-0.048158
-0.024217
-0.000259
-0.000259
-0.012240
0.047656
-0.048175
0.023701
0.011719
0.011717
-0.012236
-0.000259
-0.036198
-0.000259
-0.024226
0.011725
-0.012243
-0.000259
0.023707
-0.024226
0.035688
-0.012240
-0.012242
-0.012243
-0.000259
-0.012245
0.011726
-0.048209
-0.012250
-0.024246
0.023727
-0.000259
0.011732
-0.036237
-0.000259
-0.012255
-0.012256
0.011738
0.035723
0.023722
0.023716
-0.012246
0.059660
0.011720
0.011719
0.011717
-0.000259
0.083538
0.011706
-0.000259
0.011705
-0.000259
-0.024188
0.011706
-0.036159
-0.012229
-0.012230
-0.000259
0.011712
-0.000259
-0.024203
0.023684
-0.036177
-0.000259
-0.000259
-0.012235
-0.024214
0.011719
-0.012237
0.035671
-0.000259
-0.000259
-0.012235
-0.048175
-0.000259
0.011722
0.035675
0.011716
-0.000259
-0.000259
0.011715
-0.036185
-0.000259
0.035667
-0.000259
0.035654
-0.012229
0.011710
0.011709
-0.048141
-0.000259
0.011713
0.011712
0.011710
-0.024200
-0.012232
-0.024209
-0.000259
-0.012236
-0.012237
-0.000259
-0.024220
0.011722
-0.000259
-0.024223
0.011723
-0.000259
-0.000259
0.035680
-0.000259
-0.000259
0.059610
-0.000259
-0.000259
0.011710
-0.024200
-0.036181
-0.024214
0.035671
0.023687
-0.012232
0.191128
0.023638
0.047519
0.083298
0.059382
-0.059900
0.047456
-0.024114
-0.059922
-0.095793
-0.000259
-0.048060
-0.000259
-0.335509
0.083658
-0.000259
-0.000259
0.095561
-0.036181
-0.000259
0.023690
0.119401
0.047565
-0.012213
0.011695
0.107261
-0.024143
-0.024148
-0.036104
0.047530
-0.012205
-0.083916
-0.024174
-0.000259
-0.036142
-0.000259
0.059539
0.047553
-0.095907
0.035619
-0.000259
-0.036138
-0.072055
-0.000259
0.011710
0.047605
0.059539
-0.012216
-0.036138
-0.024186
0.095412
-0.012213
-0.012215
0.011696
0.011695
-0.000259
-0.036125
-0.012217
0.059517
0.011692
-0.000259
-0.012210
-0.000259
-0.012212
0.023644
0.047530
0.023627
-0.024146
0.047508
-0.012199
0.023618
-0.024137
-0.048032
-0.000259
-0.000259
-0.000259
-0.024154
-0.024160
0.011692
-0.036117
-0.012215
-0.024174
0.011699
-0.072030
0.023670
0.011703
0.023661
-0.012219
-0.024183
0.023664
0.011700
0.011699
-0.048100
0.059539
-0.000259
0.011696
0.023647
-0.012212
-0.000259
0.059489
0.023630
0.023624
-0.000259
-0.012200
-0.000259
-0.036091
0.011686
-0.000259
0.011685
0.059439
0.023610
-0.000259
-0.024128
-0.000259
-0.012196
-0.024137
-0.000259
0.023618
0.011677
0.023610
-0.012193
-0.000259
-0.000259
0.023607
0.035530
-0.000259
0.118944
-0.059843
0.023579
0.023573
-0.000259
0.011655
0.023564
0.023559
0.059261
-0.012161
-0.024066
-0.000259
0.011645
-0.012163
0.011645
-0.024069
-0.000259
-0.000259
-0.012166
-0.012168
0.023556
-0.000259
-0.000259
-0.012166
-0.000259
0.011648
-0.012166
-0.012168
0.011649
-0.012168
0.023556
0.011646
-0.024072
-0.000259
-0.012168
-0.000259
-0.012169
-0.012170
0.011652
-0.000259
-0.000259
-0.012170
0.011652
-0.000259
-0.035997
0.011655
-0.000259
-0.000259
-0.000259
-0.024089
-0.000259
0.035483
-0.024086
0.023567
-0.012172
0.011653
0.011652
0.011650
-0.000259
-0.000259
-0.000259
-0.012169
-0.000259
-0.012170
-0.012172
-0.000259
-0.000259
-0.000259
0.011653
-0.000259
0.023562
-0.000259
-0.000259
0.011649
-0.012168
-0.012169
-0.000259
-0.000259
-0.012170
-0.000259
0.011652
-0.000259
-0.012170
0.011652
0.011650
-0.012169
0.023559
-0.012168
-0.012169
0.011650
-0.000259
-0.000259
0.023556
-0.000259
0.011646
-0.000259
-0.000259
-0.000259
-0.000259
0.011645
0.011643
-0.000259
-0.000259
-0.012162
0.011643
-0.000259
-0.000259
-0.024066
-0.000259
-0.000259
-0.047890
-0.000259
-0.000259
-0.000259
0.011650
-0.000259
-0.000259
-0.000259
-0.000259
-0.000259
-0.012169
0.011650
0.011649
-0.000259
0.035457
-0.024069
-0.000259
0.011646
-0.012165
-0.000259
-0.024074
0.011649
-0.000259
-0.012168
0.011649
0.011648
0.011646
-0.000259
-0.000259
-0.000259
-0.000259
-0.000259
0.023547
-0.024066
0.023547
-0.000259
-0.000259
-0.000259
-0.012162
0.011643
-0.000259
-0.000259
0.011642
-0.012161
-0.000259
-0.000259
-0.000259
0.011642
-0.012161
0.011642
-0.012161
-0.000259
-0.000259
0.023542
-0.012159
-0.000259
0.011641
-0.012159
-0.000259
-0.000259
-0.000259
0.011641
-0.012159
-0.000259
-0.000259
-0.012161
0.011642
-0.047873
0.023550
-0.000259
0.011643
-0.012162
0.011643
-0.000259
-0.000259
-0.000259
0.023542
-0.000259
0.011639
-0.000259
-0.024057
0.011641
-0.012159
0.154328
-0.000259
-0.024026
-0.000259
-0.012145
0.011626
0.011625
-0.012144
-0.012145
0.011626
-0.012145
-0.024035
-0.012149
0.035406
0.011626
-0.024032
-0.000259
0.023513
-0.012145
-0.012146
0.011628
-0.012146
-0.012148
0.035402
-0.024032
0.011628
-0.024035
0.023516
-0.047816
-0.047839
0.082990
-0.000259
0.011628
-0.000259
0.011626
0.059148
-0.035899
0.011622
0.011621
-0.024021
0.011622
-0.047793
-0.000259
-0.035925
-0.012151
-0.000259
-0.012152
0.011633
0.011632
-0.024043
0.047303
0.011628
0.011626
-0.012145
-0.012146
-0.012148
-0.024040
-0.024046
-0.024052
-0.024057
0.023539
0.011638
-0.000259
0.011636
0.023528
0.011632
-0.024043
0.023525
-0.012151
-0.012152
0.059190
0.023511
0.023505
-0.024024
-0.035916
-0.012148
-0.000259
-0.000259
-0.012149
0.011631
0.011629
0.011628
-0.012146
0.011628
-0.000259
-0.035925
-0.000259
-0.000259
0.023519
-0.000259
-0.012148
-0.000259
0.011629
0.047281
-0.024026
-0.000259
-0.000259
-0.000259
-0.024032
-0.012148
-0.012149
-0.047833
0.011636
-0.000259
0.011635
0.011633
-0.000259
-0.000259
-0.024046
-0.024052
0.011638
-0.012156
0.011638
-0.000259
-0.000259
-0.000259
-0.024055
-0.000259
0.023536
-0.024055
-0.024060
-0.047878
0.023553
-0.047890
0.035466
-0.047895
-0.000259
-0.024086
0.035478
-0.000259
0.011650
-0.000259
0.047365
0.023545
-0.024063
0.023545
0.011641
-0.035963
-0.024069
0.059254
-0.047867
0.047348
-0.000259
-0.012159
-0.000259
-0.012161
-0.012162
-0.024069
-0.000259
-0.012166
-0.035988
0.011652
-0.047912
0.011656
0.023567
-0.012172
0.035474
-0.000259
-0.000259
0.011649
-0.012168
-0.000259
-0.024080
0.035470
0.023553
-0.024072
-0.035988
-0.024086
0.095013
0.035444
0.071110
-0.071628
-0.024060
-0.000259
-0.047878
0.011648
0.106839
-0.012153
-0.047850
-0.012161
-0.083608
-0.012172
0.023564
0.071178
-0.035971
0.011646
-0.012165
-0.047895
-0.012172
0.035474
0.059268
-0.024066
0.047348
-0.000259
-0.047867
0.023547
-0.024066
-0.035980
-0.143270
0.011666
-0.000259
-0.000259
0.011665
-0.047964
-0.000259
-0.000259
-0.000259
-0.024120
-0.024126
-0.012195
0.035542
END
