y[]
-0.012332
-0.012334
0.011588
-0.000373
0.011587
-0.000373
-0.012332
-0.000373
-0.000373
-0.000373
-0.012334
-0.000373
-0.024299
0.011591
-0.012337
-0.000373
0.011591
-0.000373
-0.012337
0.011591
0.011590
0.011588
-0.000373
0.011587
-0.012332
0.011587
0.011585
-0.000373
-0.000373
-0.000373
0.011584
-0.000373
-0.024288
0.011585
-0.012331
-0.000373
-0.000373
-0.000373
-0.000373
-0.000373
0.011585
-0.012331
-0.000373
0.011585
0.011584
-0.012329
-0.000373
0.011584
-0.000373
-0.000373
-0.000373
0.011583
-0.000373
-0.000373
-0.000373
-0.000373
-0.024285
-0.012331
-0.000373
0.023542
-0.000373
-0.012329
-0.000373
0.011584
-0.000373
-0.012329
-0.000373
0.047446
-0.012325
-0.012327
-0.060163
0.059418
0.011581
-0.000373
-0.048197
-0.000373
0.011585
-0.024290
0.023545
-0.012331
-0.012332
-0.012334
-0.000373
-0.036264
0.023556
0.023551
-0.000373
0.011587
0.011585
-0.012331
-0.012332
0.023545
-0.036251
0.023548
-0.000373
0.023542
-0.012329
-0.012331
-0.000373
-0.000373
-0.000373
0.011585
-0.000373
-0.000373
0.011584
-0.000373
-0.000373
-0.000373
-0.012329
0.011584
-0.036247
-0.024296
0.023551
-0.000373
-0.000373
0.011587
-0.000373
-0.000373
-0.000373
-0.000373
-0.000373
-0.012332
0.071363
-0.012325
0.023531
0.011577
-0.012322
-0.000373
-0.024276
0.011580
-0.012325
-0.012327
0.047434
-0.000373
-0.000373
0.059354
-0.000373
-0.012315
0.023511
-0.012314
-0.024259
0.011571
-0.012317
-0.012318
-0.203661
-0.036290
-0.060264
-0.024339
0.059533
0.035553
-0.000373
-0.000373
-0.024322
-0.036307
-0.024336
-0.000373
-0.036329
0.011614
0.035579
0.035566
0.011604
0.011603
-0.024325
-0.060278
-0.060314
0.035596
0.059547
-0.216252
0.023637
0.023631
-0.048386
-0.012380
0.023640
0.011631
0.035631
0.011626
0.011624
-0.012370
-0.024371
0.023625
0.023620
0.011621
-0.012367
0.035605
-0.000373
-0.012364
0.011618
-0.024356
-0.012367
-0.000373
-0.012368
-0.012370
-0.000373
-0.024371
0.011627
-0.000373
-0.012372
-0.000373
0.011627
-0.012372
0.035622
-0.024368
0.011626
-0.000373
-0.000373
-0.036372
-0.012375
0.011630
0.023628
-0.000373
-0.000373
-0.012372
0.011627
0.011626
-0.024371
0.011627
-0.000373
-0.000373
0.011626
-0.000373
-0.000373
-0.000373
0.023620
-0.024365
-0.024371
-0.024377
-0.000373
-0.000373
0.023631
0.011627
0.011626
0.011624
-0.000373
0.023617
-0.000373
-0.000373
-0.000373
-0.000373
-0.000373
0.011620
-0.000373
-0.012365
-0.000373
0.023611
-0.012364
0.011618
-0.000373
-0.000373
-0.024356
-0.000373
-0.000373
-0.000373
-0.012367
-0.012368
0.023617
0.023611
-0.000373
-0.000373
-0.000373
-0.000373
-0.012364
0.011618
-0.000373
0.035592
-0.000373
-0.000373
-0.012360
0.011614
-0.012360
0.011614
-0.000373
-0.000373
-0.012360
0.011614
-0.000373
-0.012360
0.011614
-0.012360
0.011614
0.011613
-0.012358
-0.000373
-0.000373
0.011613
-0.012358
0.011613
-0.012358
0.011613
0.011611
-0.036329
-0.024351
0.023605
-0.012361
0.011616
0.011614
-0.012360
0.011614
-0.012360
-0.000373
-0.000373
-0.000373
-0.000373
-0.000373
0.023599
-0.012358
-0.000373
-0.000373
0.011613
-0.024345
-0.000373
-0.048334
-0.000373
-0.012367
-0.000373
-0.012368
-0.000373
-0.000373
-0.012370
-0.000373
-0.012371
-0.000373
0.023623
-0.000373
-0.000373
-0.000373
0.011623
0.011621
0.011620
-0.000373
0.011618
-0.024356
0.035601
-0.000373
-0.012362
-0.012364
-0.000373
-0.024359
0.011621
-0.000373
-0.024362
-0.012370
0.011624
-0.000373
-0.012370
-0.000373
0.011624
-0.000373
-0.012370
0.011624
-0.012370
-0.000373
-0.000373
-0.000373
0.011624
-0.000373
-0.000373
0.011623
-0.024365
0.011624
-0.000373
-0.024368
0.023623
-0.000373
0.011623
-0.024365
-0.012371
-0.036376
0.035631
-0.036376
-0.036389
-0.012381
0.047652
-0.000373
0.059626
-0.036368
-0.000373
0.011627
-0.024374
0.023628
-0.024374
0.011629
0.023625
0.059597
0.011617
0.047572
-0.000373
-0.000373
-0.000373
0.059525
-0.036307
0.059511
0.047509
-0.036281
0.011598
0.023565
-0.036281
-0.000373
-0.048271
0.011604
0.011603
-0.036303
0.047531
0.011600
0.035536
-0.012341
-0.024313
0.011598
-0.000373
0.011597
-0.048260
-0.024325
0.011604
0.047520
-0.012344
0.023568
0.011595
-0.012341
0.035528
-0.000373
-0.024305
0.131183
-0.036234
0.035489
-0.024279
0.023534
0.035476
-0.024270
-0.024276
0.011580
-0.000373
-0.000373
0.011578
-0.000373
0.011577
-0.000373
-0.036226
-0.000373
0.011580
-0.000373
-0.036234
-0.012329
-0.000373
0.011584
0.011583
-0.024285
0.023539
-0.000373
0.011581
-0.024282
-0.000373
0.047440
0.023525
-0.024270
-0.012324
0.011578
-0.024276
0.023531
0.011577
0.011575
0.011574
-0.024268
0.011575
-0.012321
-0.000373
0.011575
-0.048174
0.023531
-0.024276
-0.000373
-0.000373
-0.012327
-0.012328
-0.000373
-0.000373
-0.036247
-0.012334
-0.036264
-0.000373
-0.012339
0.011594
0.023556
0.011590
-0.060199
0.047491
0.011590
0.011588
0.011587
0.023542
-0.024288
-0.000373
0.035497
-0.060163
-0.000373
0.023548
-0.012332
-0.000373
0.011587
-0.036256
0.059425
-0.072134
-0.048242
-0.072220
0.023582
-0.000373
0.023577
-0.024322
-0.012349
0.047526
0.083394
-0.024299
0.023554
0.035506
0.011584
0.035489
-0.072109
-0.000373
-0.024296
-0.000373
0.035510
0.011585
0.011584
0.023536
-0.036239
-0.000373
0.035493
-0.048197
0.047451
-0.096044
-0.036273
0.023562
0.035519
-0.060199
0.011595
0.011594
-0.000373
0.023556
-0.000373
0.059425
-0.000373
-0.000373
0.023536
0.011580
-0.012325
0.023531
-0.012324
-0.036234
0.047440
-0.012324
-0.000373
-0.000373
0.035476
0.023519
-0.024265
0.011574
-0.000373
-0.060121
0.023531
-0.000373
-0.000373
-0.012324
-0.000373
-0.012325
0.119087
0.011565
-0.000373
-0.024250
-0.000373
-0.024256
0.023511
-0.000373
0.011567
-0.012312
0.035442
-0.024248
0.083165
-0.000373
-0.012302
0.011557
0.059254
0.011548
-0.012294
0.011548
0.035382
0.011543
-0.000373
-0.048043
-0.012294
-0.000373
0.011548
-0.000373
-0.000373
-0.024216
-0.012297
0.011551
-0.012297
-0.012298
0.023477
-0.012297
-0.024225
-0.012301
0.011555
0.011554
0.011553
-0.000373
-0.036153
0.011555
0.035403
-0.000373
-0.024222
-0.024228
0.035408
0.011551
-0.024222
-0.048088
0.011558
-0.012304
-0.000373
0.011558
0.035412
0.011553
-0.012298
0.011553
-0.024225
-0.024231
0.035412
0.011553
-0.060014
-0.060049
0.035438
0.011561
-0.036179
0.011564
-0.048128
0.023508
-0.000373
0.035438
0.106981
0.011548
-0.000373
-0.000373
-0.024216
-0.036149
-0.012301
0.011555
-0.000373
0.023479
0.035395
-0.012294
0.011548
-0.000373
-0.012294
0.023468
-0.012292
0.023465
-0.024211
-0.000373
-0.024216
-0.000373
-0.012297
-0.000373
-0.012298
-0.000373
-0.000373
-0.000373
-0.012299
0.011554
-0.024228
-0.000373
-0.000373
-0.000373
-0.000373
-0.000373
-0.012302
-0.000373
0.011557
0.011555
-0.000373
0.011554
-0.000373
-0.000373
0.011553
-0.000373
0.011551
-0.000373
-0.012297
0.011551
0.011550
-0.024219
-0.000373
-0.012298
-0.000373
-0.000373
-0.000373
-0.000373
-0.000373
-0.000373
0.011553
-0.000373
-0.000373
-0.012298
-0.000373
0.011553
-0.012298
-0.012299
-0.000373
-0.000373
-0.000373
-0.000373
-0.000373
-0.000373
-0.000373
0.011554
-0.000373
-0.000373
-0.000373
-0.000373
-0.012299
0.011554
-0.000373
-0.012299
-0.000373
0.011554
-0.012299
-0.000373
-0.000373
-0.000373
-0.000373
0.011554
-0.012299
-0.000373
-0.000373
-0.000373
-0.000373
0.023479
-0.000373
-0.012298
-0.000373
END
