y[]
0.028076
-0.010843
0.054010
-0.023808
0.028066
0.002129
-0.010838
-0.023811
-0.010843
0.015102
0.028070
0.002129
0.002129
0.015097
0.053983
0.002129
-0.062692
0.002129
0.015097
0.002129
0.028060
0.002129
0.002129
-0.036769
0.002129
0.002129
0.002129
0.002129
0.002129
0.015097
0.002129
0.079900
0.028039
0.040982
-0.049677
-0.010827
0.002129
0.028039
0.015082
-0.023777
-0.023784
0.015087
0.002129
0.015085
-0.010827
-0.010828
0.028043
0.002129
-0.010827
0.002129
0.015085
-0.010827
-0.010828
0.015087
0.028039
-0.023781
-0.023788
0.028046
0.002129
0.002129
0.015085
0.002129
0.002129
0.028036
0.015080
0.028026
-0.010818
0.002129
-0.049677
-0.023784
-0.010830
0.015089
-0.010830
0.002129
-0.010832
0.041007
0.015085
-0.010827
0.053943
-0.010822
-0.036733
0.053943
-0.023774
0.028033
-0.049684
-0.023788
-0.075661
0.041032
-0.088668
-0.023828
-0.010852
-0.036824
0.067043
0.054030
0.015100
0.066959
0.028049
0.015087
0.002129
0.092785
-0.075571
-0.010827
0.144552
0.015067
0.015065
0.002129
-0.049624
-0.010813
0.028013
0.066808
0.015060
0.002129
0.027986
-0.049590
-0.010805
-0.036683
-0.023754
0.015072
0.028009
-0.023751
0.015070
-0.049644
-0.049671
-0.062659
0.053963
-0.023784
-0.036753
0.028053
0.028046
0.079839
0.015075
-0.062617
0.015082
-0.049691
-0.010830
-0.023794
-0.010835
-0.010837
0.015095
0.028056
0.028049
0.002129
0.040997
0.015082
-0.036733
0.002129
-0.010828
0.105743
0.040957
0.015068
0.066800
0.027986
-0.023727
0.002129
0.053836
-0.010795
0.002129
-0.010796
-0.036658
0.015060
0.002129
0.002129
0.053836
-0.049577
0.015058
-0.010800
-0.023734
0.002129
0.015062
0.027989
0.040906
0.027972
0.040881
-0.023704
-0.010790
0.015048
0.027962
0.002129
-0.010786
0.027959
-0.010785
-0.010786
0.015045
-0.010786
-0.010788
0.027962
-0.036623
-0.036638
-0.062516
0.015062
0.015060
-0.049604
-0.036688
0.015070
0.015068
0.015067
-0.049631
0.002129
-0.036708
0.028023
0.028016
-0.010813
-0.023761
0.066842
0.002129
0.092656
0.002129
0.002129
0.079659
0.027959
0.027952
0.040851
-0.049504
0.015040
-0.010781
-0.075370
-0.062499
0.027986
-0.010798
0.053829
-0.049570
-0.036663
0.053849
0.040901
-0.114232
0.118491
-0.049570
0.079669
0.053789
-0.114142
0.040901
0.079629
-0.075370
-0.023717
-0.010796
-0.088398
-0.062583
-0.075581
-0.075641
-0.049751
-0.023821
0.054023
0.002129
0.079920
0.002129
-0.049724
0.041022
-0.036764
0.015095
0.002129
-0.049745
-0.114686
0.028100
-0.101794
-0.010869
0.015127
-0.062878
-0.023885
-0.062937
-0.062979
0.028178
0.067221
-0.010886
0.041169
-0.049927
0.028161
-0.102037
0.119309
0.132168
0.041108
0.002129
0.015119
0.002129
-0.010860
-0.062844
0.015127
0.028120
-0.062861
0.028130
-0.036875
-0.049900
-0.010882
0.041159
-0.049913
0.015142
0.041159
0.054145
-0.010872
-0.023879
0.015134
0.015132
0.054125
0.041108
-0.010862
-0.036855
0.002129
0.028120
0.041103
-0.036844
0.002129
0.028113
-0.010862
0.002129
-0.049853
-0.023872
-0.023879
0.028137
0.015131
0.002129
-0.088916
-0.023899
0.015144
-0.062962
0.002129
0.015151
0.002129
0.015149
-0.010891
0.054199
0.067178
-0.023885
0.002129
-0.010881
0.015139
0.119142
0.002129
0.015122
0.015121
-0.023855
-0.062861
-0.023879
0.054138
-0.062886
-0.010879
0.002129
-0.036905
0.054172
-0.062928
-0.036926
0.041184
-0.036926
-0.102092
-0.063064
0.054287
-0.010908
-0.076128
0.041266
0.054287
-0.010908
0.028201
-0.036982
0.067306
0.067263
0.028171
0.158237
-0.036875
-0.075925
0.002129
-0.010886
-0.049947
-0.063005
-0.036971
0.028198
0.041220
-0.023929
0.002129
-0.089129
-0.063107
-0.037033
-0.010928
-0.010930
0.002129
-0.023994
0.002129
0.028253
-0.023994
0.002129
0.028253
0.015188
-0.010930
-0.010932
0.002129
-0.023997
0.015193
-0.010935
0.002129
0.015193
0.028253
0.002129
-0.010932
0.015190
0.015188
0.015187
-0.010928
0.028242
-0.010926
-0.010928
-0.023991
0.028249
0.002129
-0.023991
0.015190
-0.010932
-0.023997
0.002129
0.015193
0.002129
-0.010935
0.015193
0.002129
-0.024001
0.028259
-0.010935
0.015193
0.015192
0.015190
0.015188
-0.010930
0.041301
0.002129
-0.023984
0.002129
0.002129
-0.010930
0.067408
0.054321
0.054294
-0.036992
0.002129
-0.037007
-0.010920
-0.023974
-0.023980
0.028239
0.041281
0.041266
-0.023960
0.041261
-0.010913
0.002129
0.015171
0.028208
0.015166
0.015165
-0.023943
0.002129
-0.089177
-0.010921
0.002129
-0.050090
-0.063183
0.002129
0.002129
0.002129
0.028259
-0.010935
0.015193
0.002129
-0.037068
0.015197
0.002129
0.041322
-0.023997
0.002129
-0.010937
0.015195
0.028256
0.015190
-0.023994
-0.037068
-0.010940
0.002129
-0.037089
0.015204
-0.010945
0.015204
-0.024021
0.002129
0.002129
0.015205
0.067484
-0.010938
0.028263
-0.037074
-0.010942
-0.037094
0.028280
-0.050179
-0.024035
0.002129
0.002129
0.002129
-0.024042
-0.010959
0.028304
0.002129
0.028297
0.002129
-0.037125
-0.024049
0.002129
0.041394
0.002129
0.015214
0.002129
0.002129
0.054451
-0.010949
0.002129
0.054431
-0.050172
0.028283
-0.010947
0.054424
-0.010942
-0.024018
0.002129
0.028276
0.002129
-0.024018
0.067484
-0.024008
0.028266
0.002129
0.028259
-0.024001
-0.037079
0.015200
0.015199
0.028263
-0.010937
0.028259
-0.010935
-0.024004
-0.010940
0.028266
0.041322
0.015190
0.028246
0.015185
0.067382
-0.010918
-0.010920
0.054315
0.015171
-0.023957
0.015173
-0.010914
0.002129
-0.050063
0.015180
0.080397
0.002129
0.002129
0.041240
-0.010906
-0.036987
0.054281
-0.010906
0.041230
0.093305
-0.036936
-0.023923
0.002129
0.028181
-0.036951
0.054233
-0.023919
0.015154
0.002129
-0.023923
0.002129
-0.102146
0.028208
-0.010909
-0.115295
-0.023984
0.054349
-0.037033
-0.050111
0.041312
0.002129
0.028242
-0.128504
-0.037094
0.067493
0.015197
0.015195
0.093543
0.106500
-0.010911
-0.037002
-0.037017
-0.037033
-0.023987
-0.089332
0.002129
-0.037094
-0.010949
-0.010950
-0.063294
-0.128847
-0.050309
-0.050337
0.067707
-0.024097
-0.063466
0.002129
0.054609
0.015245
0.015243
-0.037218
0.093915
0.028338
0.041430
-0.037171
0.028331
-0.063389
-0.063432
-0.129122
0.041523
-0.024131
-0.037274
0.054664
0.028386
0.015255
-0.010997
0.067742
-0.063483
-0.037259
0.054643
-0.116066
-0.024155
0.054692
-0.037290
0.041548
0.015266
0.028397
0.002129
-0.011004
0.028393
-0.011002
-0.076694
0.067819
-0.011005
0.015264
-0.011005
-0.050426
0.054685
-0.024145
0.002129
-0.063587
-0.037321
-0.011024
-0.024183
0.002129
0.054747
-0.076808
0.028449
-0.024190
0.028449
-0.037352
0.041611
-0.169070
0.028487
0.028480
0.015302
0.054802
-0.063717
0.054809
-0.037378
0.054802
0.015293
-0.011035
-0.050544
0.028469
0.081108
0.041595
-0.076818
0.028452
0.041600
0.054733
-0.024169
-0.050488
-0.037352
0.041611
0.054747
-0.037331
0.015285
-0.050502
0.041606
-0.063673
-0.063717
0.028473
0.041632
0.002129
0.028455
0.015290
0.002129
0.002129
0.015288
0.015286
-0.024187
0.054754
-0.050495
0.002129
-0.024193
-0.011035
-0.011036
0.028459
0.041611
-0.116362
-0.076943
0.041673
-0.076974
0.054872
-0.182592
-0.037498
-0.130076
0.068254
0.068210
-0.024298
-0.024305
0.028563
-0.063969
0.107865
-0.077162
0.054997
-0.063960
-0.064004
-0.050809
0.068297
0.147545
-0.143287
0.266365
0.094447
0.015311
END
