y[]
0.014732
0.000886
0.014730
0.014728
-0.012956
-0.012958
0.014730
0.028568
0.014724
0.000886
0.000886
-0.012952
0.000886
-0.012954
0.028564
-0.012952
0.014724
-0.012952
0.000886
-0.012954
-0.026800
0.000886
0.014730
-0.012958
0.014730
-0.012958
-0.026807
0.042423
-0.012958
0.000886
0.000886
-0.012960
-0.012962
0.000886
0.000886
0.000886
0.014733
0.014732
-0.012960
0.028575
0.000886
0.000886
-0.012958
0.000886
0.014730
0.028568
-0.012954
0.014726
0.000886
-0.040639
0.000886
0.000886
0.042411
-0.026796
0.014728
-0.026800
0.000886
0.000886
0.000886
0.014730
0.000886
0.028568
-0.012954
0.014726
0.000886
-0.026796
0.014728
-0.026800
0.014730
-0.012958
0.000886
0.014730
0.000886
-0.012958
0.014730
-0.012958
-0.012960
0.014732
-0.026807
0.000886
-0.012964
0.000886
0.014735
0.014733
0.000886
0.000886
-0.012962
0.000886
0.000886
-0.012964
0.014735
0.000886
0.000886
0.000886
0.014733
-0.012962
-0.012964
0.014735
0.000886
-0.012964
-0.012965
0.000886
0.000886
0.014737
0.000886
-0.012965
0.014737
0.000886
0.000886
0.000886
0.000886
0.014735
0.000886
0.014733
-0.012962
-0.012964
0.014735
-0.012964
0.000886
-0.012965
0.000886
0.000886
0.000886
0.000886
0.014737
-0.012965
0.000886
0.014737
-0.026819
0.000886
-0.012969
0.000886
0.000886
0.000886
0.014741
0.014739
-0.012967
0.000886
0.014739
-0.012967
0.014739
0.000886
-0.012967
0.014739
-0.012967
0.000886
0.000886
0.014739
0.000886
0.014737
0.028583
0.000886
0.014732
-0.012960
0.000886
0.014732
-0.012960
0.000886
0.014732
-0.012960
0.000886
0.000886
0.000886
0.000886
0.014732
0.000886
0.014730
0.000886
0.000886
0.000886
0.028568
0.028560
0.014720
0.014718
-0.012946
-0.040622
-0.040639
0.014730
-0.026803
-0.040662
-0.026823
0.014741
-0.026826
-0.012973
-0.026838
0.014749
0.014747
-0.012975
0.000886
0.042463
0.014741
-0.026826
-0.026834
0.014747
0.014745
0.000886
0.000886
0.000886
0.000886
0.028598
0.000886
-0.012969
0.014741
0.000886
0.000886
-0.012969
0.014741
0.000886
0.000886
0.000886
-0.012969
0.014741
-0.026826
0.014743
0.000886
0.000886
0.000886
-0.026830
-0.012975
0.014747
-0.082309
0.000886
0.000886
-0.012987
0.014758
0.000886
0.014756
-0.026857
0.014758
0.000886
0.000886
0.000886
0.014756
0.028621
0.014751
0.000886
-0.026846
0.000886
0.014753
0.000886
0.014751
-0.012979
-0.012981
0.000886
0.000886
0.014753
0.000886
0.014751
0.028610
0.000886
0.000886
0.014745
0.014743
-0.012971
0.000886
-0.012973
-0.026838
0.000886
0.000886
0.000886
-0.012979
0.000886
-0.040720
0.000886
0.028625
0.000886
0.000886
0.014753
0.000886
0.000886
-0.012981
0.014753
-0.012981
0.014753
-0.012981
0.042480
0.056318
0.000886
0.014739
0.014737
0.014735
-0.026815
0.000886
0.014737
-0.012965
0.014737
0.000886
0.000886
-0.012965
-0.012967
0.000886
0.000886
-0.012969
0.028594
-0.012967
0.000886
0.014739
-0.012967
0.000886
-0.012969
0.000886
0.014741
0.000886
-0.012969
0.000886
0.014741
0.014739
0.000886
0.014737
0.014735
0.042423
-0.012958
0.056249
-0.026792
-0.068342
-0.109979
-0.040720
0.014756
0.014755
0.028617
-0.040714
0.014755
0.056341
0.042457
-0.054546
-0.096195
0.111828
0.014745
0.042452
-0.012967
-0.012969
0.028594
0.000886
-0.012967
-0.026826
0.014743
0.000886
-0.012971
0.014743
-0.012971
0.028598
0.028591
0.028583
-0.026811
0.014735
0.014733
0.000886
0.014732
-0.054508
0.042434
0.000886
-0.012962
-0.026815
0.014737
-0.012965
0.014737
-0.012965
-0.012967
0.000886
0.056288
0.000886
0.070095
0.014722
-0.026788
0.028560
-0.012950
-0.012952
0.042394
-0.012948
0.028552
0.014716
0.042365
0.000886
0.000886
0.000886
0.000886
-0.012939
-0.012941
0.000886
0.028537
0.000886
0.014709
-0.012937
-0.012939
0.000886
-0.012941
0.014712
0.000886
-0.026769
-0.040611
-0.012950
0.000886
0.028556
0.000886
0.000886
-0.040622
-0.026796
0.014728
0.042400
-0.026788
-0.026796
-0.012958
-0.012960
0.000886
0.042417
-0.012956
-0.012958
-0.026807
-0.054523
0.000886
-0.026830
-0.012975
0.028606
-0.012973
0.000886
0.014745
0.000886
0.014743
-0.054554
0.028610
0.000886
-0.040703
-0.040720
0.070220
0.000886
0.028606
0.042452
0.000886
-0.040680
0.000886
0.028598
-0.012969
-0.012971
0.028598
-0.040685
0.028602
-0.054554
-0.110086
-0.082424
0.014776
0.014774
0.000886
-0.026892
-0.040795
0.042567
-0.054693
-0.068631
0.014793
0.112074
-0.026900
0.028671
0.014776
0.000886
-0.013004
0.028664
-0.013002
-0.013004
0.014776
-0.013004
0.000886
0.014776
0.014774
-0.013002
0.014774
-0.026892
0.014776
-0.013004
0.000886
0.014776
0.000886
0.000886
-0.013004
0.014776
-0.040789
0.028671
0.000886
0.014776
0.042544
0.000886
0.028648
-0.012994
0.014766
0.000886
-0.012994
0.014766
0.000886
0.014764
-0.012992
-0.012994
0.000886
-0.012996
-0.012998
0.000886
0.014770
0.000886
0.014768
-0.012996
0.000886
-0.012998
-0.013000
-0.026892
0.014776
0.000886
0.014774
0.028656
-0.012998
-0.013000
0.000886
0.014772
-0.013000
0.014772
0.000886
0.014770
0.028648
0.000886
-0.026876
0.028648
0.000886
-0.012994
0.028644
0.000886
0.000886
0.000886
0.000886
0.000886
-0.012992
0.014764
0.000886
-0.012992
0.000886
0.014764
-0.026873
0.014766
-0.012994
-0.012996
0.000886
0.000886
0.000886
0.000886
0.000886
0.000886
-0.012998
0.014770
0.000886
0.000886
0.000886
0.000886
0.000886
-0.012998
0.014770
-0.012998
0.000886
0.014770
-0.026884
0.000886
0.000886
0.000886
0.014772
-0.013000
0.000886
-0.013002
0.014774
0.014772
-0.013000
0.014772
0.000886
0.000886
0.000886
-0.013000
0.014772
0.000886
0.028652
-0.012996
0.000886
0.000886
0.000886
0.000886
0.000886
-0.012998
0.014770
-0.026884
0.000886
0.000886
0.014772
-0.013000
0.014772
-0.026888
0.000886
0.000886
0.000886
0.014774
0.000886
-0.013002
0.014774
-0.013002
0.000886
-0.013004
0.014776
0.000886
0.014774
-0.013002
0.014774
0.014772
-0.013000
-0.013002
0.014774
0.014772
-0.013000
-0.026892
0.000886
0.000886
0.000886
0.028664
0.000886
0.028656
-0.026884
0.000886
-0.013002
-0.013004
0.000886
0.014776
0.000886
-0.013004
0.000886
0.014776
-0.013004
0.000886
0.014776
-0.013004
0.028664
-0.013002
-0.026896
0.014778
0.000886
-0.013006
0.014778
0.000886
-0.013006
0.000886
0.000886
0.000886
0.014778
0.000886
-0.013006
0.014778
0.000886
0.000886
0.042550
0.014770
-0.012998
0.014770
-0.012998
-0.013000
-0.013002
0.000886
0.014774
0.000886
0.028656
-0.012998
0.000886
0.014770
0.000886
-0.040772
0.014774
-0.013002
0.000886
0.000886
-0.013004
-0.013006
0.014778
0.000886
0.014776
-0.026896
0.000886
0.000886
0.042555
0.000886
-0.013002
0.000886
-0.013004
0.014776
0.000886
-0.013004
0.014776
-0.026896
0.000886
-0.013008
-0.013010
0.000886
0.014782
-0.068612
0.014789
0.000886
0.000886
0.000886
-0.040830
0.000886
-0.026934
0.028706
-0.013023
0.014795
0.000886
-0.013023
0.000886
0.000886
0.014795
-0.026934
-0.013027
0.014799
0.014797
-0.040853
0.000886
0.014801
0.000886
-0.013029
0.014801
0.000886
-0.040865
0.000886
-0.013035
-0.013037
0.014809
-0.013037
0.028729
-0.026958
0.014809
-0.013037
0.000886
-0.013039
-0.013041
-0.013043
0.014814
-0.040906
-0.013048
-0.013050
0.014822
-0.013050
END
