y[]
-0.023340
0.049039
0.036961
0.012843
0.000788
0.048992
-0.035363
-0.011265
0.048992
-0.011261
-0.023314
-0.011265
-0.023323
0.036952
0.000788
0.024890
0.024884
-0.023308
0.012837
0.012835
0.000788
0.012834
-0.035354
0.012837
-0.059471
0.121270
0.024867
0.036896
0.000788
0.097011
0.072895
0.000788
0.000788
-0.119419
-0.035302
0.048905
0.145001
-0.071293
-0.119462
0.036878
0.108981
-0.227756
-0.059442
0.121212
-0.035324
-0.131734
0.036948
0.024887
-0.011261
0.012837
0.000788
0.121197
-0.131670
0.000788
-0.023314
-0.023320
-0.059508
-0.059544
-0.047504
-0.035446
0.061171
-0.047515
0.012866
-0.011290
0.049091
0.000788
0.000788
-0.083758
0.012870
-0.059639
-0.035486
0.000788
0.049150
0.000788
-0.023390
0.024966
0.024960
-0.011297
0.024957
0.000788
0.073260
0.000788
-0.059602
-0.059639
-0.023393
-0.035494
-0.035508
0.037083
0.012883
-0.035503
0.012886
-0.059719
0.024995
0.000788
-0.023419
-0.023425
0.061310
-0.047627
0.024998
-0.035529
-0.084004
0.037136
-0.059800
0.012908
0.012907
0.037136
0.025013
0.025007
-0.011321
0.012897
0.000788
0.000788
-0.011321
-0.047662
-0.023446
0.073471
-0.023434
-0.035556
-0.023449
0.012907
-0.011331
-0.011333
-0.011334
-0.023460
-0.035596
-0.108442
0.037211
-0.047779
-0.047803
-0.023516
0.000788
-0.059999
-0.011374
0.110190
-0.011362
0.037233
0.085775
0.012923
-0.059903
-0.047791
-0.035662
0.000788
-0.072152
0.037264
-0.060013
0.085899
-0.096488
0.049438
0.000788
-0.011372
0.025107
-0.047856
-0.096571
0.098147
-0.133105
-0.047945
-0.023587
-0.072374
0.037376
0.122650
-0.035755
-0.072338
-0.084594
0.098361
-0.023596
-0.035800
0.049568
0.012979
0.025166
-0.072365
0.037371
-0.047993
0.037376
0.049551
0.061708
-0.011393
0.000788
0.000788
0.049503
0.000788
-0.023567
-0.011392
0.025145
0.012964
0.000788
-0.023567
0.025143
0.000788
0.012963
0.000788
-0.023564
-0.047933
0.025151
0.000788
0.000788
0.000788
-0.011393
0.000788
0.012969
0.012967
0.025143
-0.011389
0.025140
0.000788
0.000788
0.000788
0.012962
-0.011386
0.037304
-0.011383
0.012959
0.000788
-0.011383
-0.011384
0.000788
0.000788
-0.023561
0.025137
0.025131
0.000788
0.000788
-0.011383
-0.023558
0.012962
0.012960
0.000788
0.037295
-0.011380
-0.011381
0.037291
-0.011378
0.025119
0.000788
0.000788
-0.011377
0.000788
-0.023546
0.000788
0.012956
-0.011380
-0.035724
0.012960
-0.011384
0.012960
-0.011384
0.025131
-0.023555
0.000788
0.012960
-0.011384
0.012960
0.037295
0.012954
0.000788
0.025116
-0.011375
0.025113
0.000788
0.000788
-0.023537
0.025113
-0.011374
0.000788
0.012950
0.000788
0.000788
-0.011374
0.012950
0.012948
-0.011372
-0.011374
0.012950
-0.011374
-0.011375
-0.035711
0.000788
0.012956
-0.011380
0.012956
-0.023549
-0.011383
0.000788
-0.011384
0.012960
-0.035733
-0.096666
0.000788
0.049527
0.025148
0.000788
0.000788
-0.011392
0.012967
0.037318
-0.023564
0.025140
-0.072285
0.012970
0.012969
0.012967
0.012966
0.000788
-0.011390
0.025143
0.037309
0.000788
0.061626
0.000788
0.000788
-0.011377
0.000788
-0.011378
0.025119
0.000788
0.000788
0.000788
0.000788
0.000788
0.000788
0.000788
-0.011377
-0.011378
0.000788
0.012954
0.012953
-0.011377
0.012953
0.000788
-0.011377
0.000788
0.012953
-0.011377
0.012953
0.000788
0.000788
-0.011377
0.000788
0.012953
0.000788
-0.011377
0.012953
0.000788
0.000788
-0.011377
0.000788
0.000788
0.000788
0.012953
0.000788
0.012951
-0.011375
0.012951
0.012950
-0.011374
-0.011375
0.012951
0.012950
0.000788
0.025107
0.012945
0.012944
0.000788
0.012942
-0.023522
0.000788
0.012944
-0.011368
0.012944
0.000788
-0.011368
-0.011369
0.037255
-0.023522
0.012944
0.049396
-0.023513
0.000788
-0.035675
0.000788
0.012944
0.025095
-0.072152
-0.023537
0.000788
-0.023543
-0.011380
-0.011381
-0.011383
0.098112
-0.047862
-0.035715
0.012957
-0.023552
0.049462
0.037278
0.037264
0.012944
0.037247
-0.011363
0.049385
-0.023508
-0.011362
0.012938
-0.011362
-0.011363
0.000788
-0.011365
-0.035680
0.000788
0.000788
0.012945
-0.096512
-0.060073
0.012963
0.061641
0.012954
0.000788
0.025116
0.012950
0.037264
0.049402
0.000788
0.000788
0.097946
0.061464
0.012919
-0.011343
-0.059888
0.012926
0.122088
0.170362
0.037088
0.000788
-0.011311
-0.047621
-0.059756
-0.023440
0.049238
-0.047662
0.073454
-0.023428
-0.047662
0.037127
0.049220
0.061295
0.024980
-0.047603
-0.059734
0.037105
-0.059748
-0.023437
-0.047679
-0.011333
0.025027
0.061361
0.012898
-0.108257
-0.071975
0.061427
-0.035591
-0.023472
0.025048
-0.023472
0.049302
0.037158
-0.023457
-0.059851
-0.023478
-0.011347
0.000788
-0.011349
0.000788
0.000788
0.049326
-0.047750
0.061456
0.049296
-0.011337
0.037158
0.012908
-0.011333
0.061376
-0.035560
0.000788
0.012905
0.097675
0.012892
0.049191
-0.083932
-0.011321
0.012897
-0.023431
-0.023437
0.000788
0.000788
0.012901
-0.023440
0.000788
0.012903
0.012901
0.012900
-0.011324
0.025010
-0.047662
0.061346
0.025001
0.024995
-0.047632
-0.035543
0.025010
-0.023434
0.000788
0.025010
0.097617
0.024980
-0.035503
0.097535
-0.168581
-0.096123
0.049255
-0.071922
-0.144790
0.134243
-0.217685
0.061523
0.025072
-0.059932
-0.108601
0.110177
-0.047815
0.025092
0.000788
-0.145127
0.061611
0.000788
-0.060036
0.049450
0.122339
-0.035662
-0.072152
-0.023537
0.000788
-0.047880
0.025125
0.037282
-0.169632
0.025151
0.049497
0.158929
-0.084334
0.037278
0.085879
-0.011363
-0.096477
0.098052
0.037238
0.012935
0.000788
0.012933
-0.193717
-0.035724
-0.023561
-0.023567
0.061663
-0.011384
0.025131
0.049456
-0.072223
0.012960
-0.035733
-0.011389
-0.011390
0.000788
0.061663
0.025128
-0.035724
-0.047915
0.025143
-0.133236
0.061730
-0.169944
-0.011418
0.025199
-0.011417
0.061797
0.037376
-0.035800
-0.060221
0.110577
-0.011405
0.000788
0.073923
-0.011398
0.049521
-0.047945
0.037340
0.000788
-0.023579
-0.011398
0.000788
0.025157
0.122546
-0.023552
0.098112
0.025104
0.061552
-0.023513
0.000788
0.061530
0.025074
0.110005
-0.047738
-0.059903
-0.011355
0.000788
0.170650
0.097722
0.061324
0.000788
-0.096088
0.025016
-0.059792
-0.047703
-0.035596
0.000788
-0.011343
0.109912
-0.096205
-0.084158
-0.047785
0.037220
-0.011355
-0.035649
0.025080
-0.072107
-0.035680
0.061560
-0.047827
-0.011369
-0.072187
0.061604
-0.047862
-0.023546
-0.023552
0.012959
0.110257
0.000788
-0.011369
-0.035693
-0.060043
0.134567
0.049391
0.012935
0.049361
-0.084231
-0.218164
0.049485
0.000788
-0.011384
0.000788
0.049467
-0.011380
0.000788
0.000788
0.037286
-0.023543
0.025119
-0.035711
0.025122
-0.011378
0.000788
0.037282
0.061582
0.000788
-0.035684
-0.072196
0.025122
0.012953
-0.011377
0.049438
0.025104
0.049402
0.012938
-0.072134
0.012945
0.012944
0.025095
-0.011365
0.037242
-0.023513
0.000788
0.000788
-0.011365
0.012941
0.049385
0.012933
0.110031
0.049302
0.000788
0.000788
0.000788
-0.023466
0.012916
0.000788
0.000788
-0.035600
0.000788
0.000788
0.012919
0.025045
0.049285
-0.011334
0.025030
0.000788
-0.023455
0.000788
-0.023460
-0.011338
0.012914
-0.011338
0.012914
-0.023466
-0.011341
0.000788
0.025045
-0.011340
0.000788
0.000788
-0.011341
0.012917
0.012916
0.000788
-0.011340
0.000788
-0.011341
-0.011343
-0.011344
END
