y[]
0.001208
-0.013562
-0.028339
0.030754
-0.013564
0.015980
0.001208
0.001208
0.001208
0.001208
0.001208
0.001208
0.015978
0.001208
0.001208
-0.013562
0.015978
-0.013562
0.001208
0.015978
-0.013562
-0.013564
0.001208
-0.013567
-0.013569
-0.013571
0.001208
-0.013573
0.001208
0.015989
-0.043141
0.030776
-0.013575
-0.013578
0.001208
-0.013580
0.015995
0.001208
0.001208
-0.013580
0.030780
-0.013578
0.015993
0.015991
0.015989
-0.013573
0.001208
-0.013575
0.001208
0.001208
0.015991
-0.013575
0.001208
0.001208
0.015991
0.001208
-0.013575
-0.013578
0.001208
-0.013580
-0.028374
-0.043181
-0.013593
0.030807
0.001208
-0.028391
0.016008
-0.013593
0.016008
0.045596
0.016000
0.015997
-0.028374
0.016000
0.015997
0.001208
0.015995
-0.028369
-0.057973
0.016006
-0.028391
0.045603
-0.013588
-0.146875
0.016026
0.060458
-0.013602
-0.013604
-0.087708
-0.028448
0.045688
-0.102611
-0.191886
0.016074
0.001208
0.045794
-0.177258
0.075607
0.030952
-0.028536
0.075552
-0.088012
0.075563
-0.013659
0.016074
0.060652
0.016063
0.001208
-0.013648
-0.043372
-0.028523
0.001208
0.045801
0.045781
-0.028506
0.045774
-0.028501
-0.013650
0.030921
0.075452
0.030890
-0.013632
0.016048
0.060546
0.016037
-0.028453
0.001208
-0.028461
0.016043
0.001208
0.016041
-0.043299
0.001208
-0.028475
0.001208
-0.013637
0.030895
0.045721
0.016041
0.001208
0.104981
-0.013610
0.045655
0.060441
0.060406
-0.028387
0.016006
0.045590
-0.043174
0.030798
0.016000
0.045570
0.001208
0.015991
-0.028361
-0.028369
0.030785
0.030776
0.001208
0.089860
-0.028334
-0.013567
0.060292
0.001208
0.045498
-0.013554
-0.028321
-0.013560
-0.013562
-0.028339
0.001208
0.015982
0.001208
-0.013567
-0.013569
0.015984
0.001208
-0.013569
0.015984
0.001208
-0.013569
0.015984
0.001208
0.030754
0.015978
-0.028334
0.030750
-0.072664
-0.028356
-0.013578
0.001208
0.015993
-0.013578
0.001208
0.015993
0.001208
0.030772
0.045537
0.015980
-0.013564
0.015980
0.001208
-0.028339
-0.028347
0.060309
0.060274
-0.028321
0.001208
-0.013560
0.030741
-0.057868
0.001208
-0.013567
-0.043128
0.001208
0.015989
-0.028356
0.030772
-0.013573
0.030767
-0.013571
-0.028356
-0.013578
0.001208
0.001208
0.001208
0.015993
0.001208
-0.013578
0.015993
-0.013578
0.015993
0.015991
-0.013575
0.001208
0.001208
-0.028365
0.030780
-0.013578
0.001208
0.001208
0.001208
0.001208
0.045557
0.001208
0.001208
0.030763
-0.028347
0.045537
0.001208
0.001208
0.001208
-0.013567
0.015982
-0.013567
0.015982
-0.013567
0.001208
0.015982
-0.013567
0.015982
-0.028343
0.015984
0.015982
-0.013567
0.015982
-0.013567
0.015982
0.001208
-0.013567
0.001208
-0.013569
0.015984
0.001208
-0.013569
0.015984
0.001208
0.001208
0.001208
-0.013569
0.015984
-0.028347
0.001208
-0.028356
0.001208
-0.028365
-0.013582
0.001208
-0.028378
0.001208
0.016002
-0.013586
0.016002
0.001208
-0.013586
0.001208
0.016002
-0.013586
-0.013588
0.016004
-0.013588
0.001208
0.030798
-0.013586
0.060371
-0.028369
0.001208
0.015997
-0.013582
-0.028378
0.016002
-0.013586
0.001208
0.016002
-0.013586
0.001208
0.001208
0.001208
-0.013588
0.016004
-0.013588
0.001208
0.001208
0.001208
0.001208
-0.013591
0.001208
0.001208
0.016006
-0.013591
-0.013593
-0.013595
0.001208
0.001208
0.016010
-0.013595
0.001208
0.016010
0.001208
0.001208
0.001208
0.016008
-0.013593
0.016008
-0.013593
0.001208
-0.013595
0.001208
0.001208
0.001208
0.001208
-0.013597
0.016013
-0.013597
0.001208
0.001208
-0.013599
0.016015
0.030815
-0.028400
0.016013
-0.013597
0.001208
-0.013599
0.001208
0.001208
0.001208
-0.013602
0.016017
0.001208
0.001208
-0.013602
0.016017
-0.028413
0.001208
0.001208
0.001208
0.001208
0.001208
0.001208
0.001208
0.001208
0.001208
0.001208
0.016019
-0.013604
0.016019
0.001208
0.001208
0.001208
0.016017
0.001208
0.030820
0.001208
0.001208
0.001208
0.001208
0.001208
-0.013597
0.016013
-0.013597
0.016013
0.016010
0.001208
0.016008
0.001208
-0.013593
0.001208
0.030807
-0.013591
0.001208
-0.013593
0.016008
0.001208
0.045596
-0.013586
-0.028387
-0.013593
0.016008
-0.013593
0.016008
0.001208
0.016006
0.001208
0.001208
-0.013591
0.016006
0.030798
-0.028382
-0.043194
0.001208
-0.013597
-0.013599
0.001208
0.001208
0.001208
0.030820
0.001208
-0.028404
-0.028413
0.030829
-0.013602
0.001208
0.016017
0.001208
-0.058043
0.001208
-0.072905
0.030859
0.016030
0.016028
-0.013613
0.001208
-0.013615
0.001208
0.001208
0.001208
0.001208
-0.043273
0.016037
0.016035
0.045675
-0.028435
-0.013617
0.001208
0.016032
-0.028444
-0.013621
0.001208
0.001208
0.016037
0.045682
0.001208
-0.028439
0.030855
0.030846
0.001208
-0.013610
-0.013613
0.045662
-0.013608
-0.013610
0.001208
-0.013613
0.016028
-0.043260
0.016032
-0.013617
0.030855
-0.013615
0.001208
0.016030
0.001208
0.030846
0.016024
0.001208
0.001208
0.001208
0.045642
0.016015
0.001208
-0.013599
0.001208
0.001208
-0.013602
0.001208
-0.013604
0.001208
0.001208
-0.013606
0.016021
0.016019
0.016017
-0.013602
0.016017
0.001208
0.001208
0.016015
0.030815
-0.013595
0.001208
-0.043214
0.001208
0.016017
0.001208
0.016015
0.001208
0.001208
0.001208
0.001208
0.001208
-0.013599
0.016015
-0.013599
0.016015
0.001208
0.001208
0.001208
0.001208
0.001208
0.001208
0.016013
-0.028404
0.016015
-0.013599
-0.013602
-0.028418
-0.013608
-0.028431
0.001208
-0.043266
0.016035
0.030855
0.001208
0.045662
0.016021
-0.013606
0.016021
0.001208
0.001208
0.030829
0.001208
0.001208
0.030820
0.060406
-0.013588
0.030798
-0.013586
-0.013588
0.030798
0.001208
0.001208
0.030789
0.060344
-0.013573
-0.057938
-0.013584
-0.013586
-0.013588
0.045590
0.001208
-0.013584
-0.013586
0.075156
0.015991
0.001208
-0.131919
-0.058016
-0.028418
-0.028426
0.060467
0.001208
0.090031
-0.043194
0.001208
-0.013597
0.001208
-0.072850
-0.072905
0.030859
-0.117451
-0.013635
0.045728
0.001208
0.030877
-0.028461
0.030877
0.030868
-0.028453
-0.043299
-0.013632
0.060555
0.045695
-0.013619
-0.058122
0.075364
0.016032
-0.013617
-0.013619
0.030859
0.001208
0.030851
-0.072916
0.016037
-0.028453
-0.058139
0.016048
0.045715
0.045695
-0.058113
-0.013628
0.045708
0.045688
-0.028444
-0.043286
0.030872
0.030864
0.075309
-0.043247
0.016028
-0.072916
0.001208
0.045688
-0.043273
0.001208
0.016037
-0.013621
-0.013624
0.016039
0.030864
0.001208
-0.043280
0.001208
-0.013626
0.016041
0.001208
0.030868
-0.028453
-0.132373
0.001208
0.001208
0.075441
-0.013635
-0.043332
0.001208
0.016057
0.030899
-0.058184
0.045754
0.060573
0.001208
-0.013630
0.016046
-0.073004
0.001208
0.016054
-0.073048
0.030917
0.016059
-0.013643
0.075441
-0.073026
0.030908
-0.013641
0.016057
0.030899
0.030890
0.016046
-0.058157
0.045735
0.001208
-0.043319
0.030895
-0.013635
0.045728
0.075364
0.001208
-0.043280
0.001208
0.001208
0.001208
-0.058139
-0.028479
0.001208
0.001208
-0.028488
0.030903
-0.043339
0.045754
0.001208
-0.043339
-0.043359
0.001208
-0.013652
-0.013654
-0.028523
0.030939
-0.028523
-0.013661
0.001208
0.016076
0.030939
0.016070
0.016068
0.001208
-0.013652
0.016068
-0.013652
0.001208
-0.043385
-0.013661
0.045807
-0.013657
-0.013659
-0.028532
-0.088065
-0.103044
END
