y[]
0.012382
0.012381
0.000407
-0.023542
0.000407
0.012382
-0.011568
-0.023548
0.000407
0.000407
0.024362
0.000407
0.024356
-0.011567
-0.011568
-0.011570
0.024359
0.000407
0.000407
0.012381
0.012379
-0.011566
-0.011567
0.012381
0.000407
0.012379
-0.011566
0.000407
-0.011567
-0.011568
0.012382
-0.035523
-0.011573
0.000407
0.012386
0.000407
-0.023554
-0.011576
-0.035549
0.024379
-0.095516
-0.023588
0.060384
0.012398
-0.023577
-0.059578
0.060391
-0.011587
0.060362
-0.011581
0.000407
0.012395
-0.011581
0.012395
0.000407
-0.011581
0.000407
0.000407
0.012395
-0.023571
0.024385
-0.011581
0.000407
0.012395
0.000407
-0.023571
0.024385
-0.083541
0.036393
-0.011587
-0.011589
0.000407
-0.011590
0.012404
0.012402
-0.011589
0.024396
-0.011587
0.012401
0.000407
-0.011587
0.012401
0.000407
0.024391
0.000407
0.000407
-0.011584
0.012398
0.000407
0.012397
0.000407
0.000407
0.012395
0.000407
-0.011581
0.012395
0.000407
-0.011581
0.012395
0.000407
-0.011581
0.000407
0.000407
0.000407
0.000407
0.000407
0.000407
-0.011583
0.024385
-0.011581
0.012395
0.000407
-0.011581
0.012395
0.012394
0.024376
0.024370
0.000407
0.012386
0.000407
-0.011573
0.000407
0.000407
0.012386
0.000407
0.000407
-0.011573
0.012386
-0.011573
0.000407
0.012386
0.000407
0.000407
-0.011573
0.012386
-0.011573
0.000407
0.000407
0.012386
-0.011573
0.000407
-0.011574
0.000407
-0.011576
-0.011577
0.000407
-0.011579
-0.011580
0.024379
0.000407
-0.011579
0.000407
0.012392
0.000407
0.012391
0.000407
0.000407
0.000407
0.012389
-0.011576
0.012389
0.000407
0.012388
0.012386
0.000407
0.000407
-0.011573
0.012386
-0.011573
0.012386
0.000407
-0.011573
0.000407
-0.035541
0.024373
-0.011576
0.000407
0.000407
-0.011577
-0.023565
-0.011581
-0.011583
0.000407
-0.023577
0.024391
0.036372
-0.011580
0.012394
-0.011580
0.012394
0.000407
0.000407
0.000407
0.012392
-0.011579
0.000407
-0.023568
-0.011583
0.000407
0.000407
0.012397
0.012395
0.000407
0.000407
0.024379
0.000407
-0.011579
0.000407
0.000407
-0.011580
0.012394
0.024376
-0.011577
0.000407
-0.011579
0.000407
-0.011580
0.000407
0.000407
0.000407
0.000407
0.000407
0.000407
0.012394
0.000407
0.000407
0.012392
0.000407
0.000407
0.012391
0.000407
0.000407
0.000407
0.012389
-0.011576
0.000407
0.024370
-0.023557
0.000407
0.012389
-0.023560
0.000407
-0.011579
-0.023568
0.024382
-0.011580
-0.011581
0.000407
0.000407
-0.011583
0.024385
-0.011581
0.000407
0.000407
-0.011583
0.000407
-0.011584
0.024388
-0.023574
-0.023580
0.012401
0.000407
0.000407
0.012399
-0.011586
0.024391
0.000407
-0.011584
0.000407
0.000407
-0.023580
0.012401
-0.011587
0.000407
0.036385
0.000407
0.000407
0.012397
-0.047561
-0.011589
0.012402
-0.011589
-0.011590
-0.035592
0.012408
0.000407
-0.023597
-0.059628
-0.095724
0.060499
0.000407
0.060463
-0.035623
0.000407
0.012418
0.024425
-0.011602
-0.023614
-0.035636
0.024437
0.012420
0.000407
0.000407
0.000407
0.024428
-0.023614
-0.023620
-0.023626
0.000407
-0.011612
-0.023634
-0.011616
-0.095828
0.012441
0.120671
0.000407
0.012425
0.060478
-0.047647
-0.023629
0.012425
0.012424
0.000407
0.012422
0.024434
0.000407
0.024428
0.000407
-0.047641
0.000407
-0.023626
-0.011612
0.024442
-0.035649
-0.023637
0.024451
0.024445
0.024440
-0.011609
0.048461
-0.011604
-0.011606
0.048449
0.000407
0.000407
-0.023611
-0.011604
0.000407
0.024428
-0.023614
0.000407
-0.023620
0.000407
0.000407
-0.023626
0.000407
0.024440
-0.011609
-0.023629
-0.059707
0.012433
-0.011619
-0.035679
0.012437
0.060536
-0.047693
0.036484
0.000407
-0.011617
0.012431
-0.011617
0.000407
-0.035675
0.000407
-0.023655
0.036497
0.000407
0.012434
0.024457
0.000407
0.024451
0.012427
-0.035657
0.024451
0.060492
0.012420
-0.011606
-0.011607
0.048455
-0.011603
-0.011604
0.024428
0.012415
-0.011602
0.000407
0.000407
0.012415
0.048426
0.036406
0.024399
0.096319
-0.011577
0.012391
0.036350
0.000407
-0.011573
0.012386
-0.023554
0.024368
0.036337
-0.023545
0.024359
-0.035523
0.024362
-0.035528
-0.011574
0.012388
-0.011574
0.048323
0.036329
-0.011566
0.000407
-0.011567
0.012381
-0.023542
0.024356
0.000407
0.000407
-0.035519
0.024359
-0.011568
0.048300
-0.023537
-0.011567
0.000407
0.012381
-0.011567
0.000407
0.012381
0.024350
-0.011564
0.000407
-0.011566
0.012379
0.000407
0.000407
-0.011566
0.000407
-0.011567
0.012381
0.000407
-0.011567
-0.035523
0.024362
-0.035528
-0.035541
0.036354
0.000407
-0.011574
-0.023560
0.012391
-0.011577
0.036354
0.000407
-0.023557
0.012389
0.012388
0.000407
-0.035541
-0.047543
0.012397
0.000407
0.012395
0.000407
-0.023571
0.024385
0.048345
0.012388
0.024365
-0.011571
0.000407
0.012385
-0.047515
0.024370
0.000407
-0.023557
0.000407
-0.023562
0.000407
0.000407
-0.023568
0.024382
-0.023568
0.036367
-0.011579
0.012392
-0.011579
0.036359
-0.059520
0.000407
0.072315
-0.011574
0.012388
-0.011574
-0.011576
0.000407
0.000407
0.000407
0.012389
0.000407
-0.011576
0.012389
0.012388
0.000407
0.000407
-0.011574
0.036346
-0.011571
-0.011573
0.012386
0.024362
-0.011570
0.000407
-0.035532
0.000407
0.000407
-0.011576
0.012389
-0.011576
0.048328
-0.035532
0.012388
-0.011574
-0.023560
0.000407
0.000407
0.024373
-0.011576
-0.011577
0.000407
0.000407
0.012391
0.000407
0.024370
0.012386
-0.011573
0.012386
0.012385
0.012384
-0.011570
0.012384
0.012382
-0.011568
0.000407
0.000407
0.000407
0.000407
-0.011570
0.024359
0.012381
-0.023542
0.000407
0.000407
-0.011570
0.000407
0.012384
-0.011570
0.012384
-0.011570
0.000407
0.012384
-0.011570
-0.011571
0.000407
0.036337
-0.011568
0.000407
0.000407
0.000407
0.000407
0.000407
0.000407
0.000407
0.000407
0.012382
-0.011568
0.012382
-0.011568
0.000407
0.000407
0.012382
0.000407
0.012381
0.000407
0.000407
0.000407
0.012379
0.000407
-0.011566
0.000407
0.000407
0.012379
0.000407
-0.011566
-0.011567
0.012381
0.000407
-0.011567
0.012381
0.000407
0.000407
0.000407
-0.011567
0.012381
0.000407
0.000407
0.000407
0.000407
0.000407
-0.023542
0.000407
0.000407
0.012382
0.000407
0.000407
0.000407
0.000407
0.012381
-0.011567
0.000407
-0.011568
0.000407
0.012382
0.000407
0.000407
0.012381
-0.011567
-0.011568
0.012382
0.000407
0.000407
0.012381
0.000407
-0.011567
0.012381
-0.011567
0.012381
0.000407
0.000407
0.000407
0.000407
0.000407
0.000407
0.000407
-0.023542
0.000407
0.024356
0.000407
0.000407
0.000407
-0.011567
0.012381
-0.011567
0.000407
0.000407
-0.011568
0.024356
0.000407
-0.011567
-0.011568
0.012382
0.000407
0.000407
0.000407
0.000407
0.000407
0.024353
0.000407
0.000407
0.000407
0.000407
-0.023540
0.000407
0.000407
-0.011568
0.012382
0.012381
0.000407
0.000407
0.012379
-0.011566
-0.011567
0.000407
0.000407
-0.011568
-0.011570
-0.035532
0.012388
0.012386
0.000407
0.000407
0.000407
0.012385
0.000407
0.000407
0.000407
0.000407
-0.047515
-0.059527
-0.047566
-0.011590
0.024399
0.000407
-0.011589
0.024396
0.012399
-0.011586
0.000407
-0.023583
-0.023588
0.000407
0.024402
0.012402
0.000407
0.012401
0.000407
-0.023583
0.000407
0.012402
-0.011589
-0.011590
-0.023591
-0.059614
0.000407
-0.059650
0.000407
0.024434
END
