y[]
0.000291
0.000291
0.046194
0.000291
0.015587
0.000291
0.000291
0.000291
0.000291
-0.015005
-0.060918
0.015597
-0.015015
0.000291
0.000291
-0.045640
0.015604
0.015601
0.015599
-0.015017
-0.015019
0.015601
0.015599
-0.030327
0.000291
-0.045654
0.030924
-0.015024
0.015606
0.000291
-0.015024
0.000291
0.015606
-0.015024
0.000291
0.030919
0.015601
0.000291
-0.015019
0.030910
0.015597
0.000291
-0.015015
0.000291
-0.030327
-0.015022
0.015604
-0.030337
0.000291
0.015606
0.015604
0.000291
0.015601
0.015599
0.076796
0.000291
-0.015005
0.000291
0.015587
0.030877
0.015580
0.015578
0.000291
0.000291
0.000291
0.030858
-0.382470
0.000291
0.015630
-0.015048
0.015630
-0.015048
0.000291
0.030966
-0.015045
-0.030389
0.030971
0.000291
0.000291
-0.015048
-0.015050
0.000291
0.046307
0.000291
-0.061068
0.000291
-0.061106
0.030994
0.015639
0.015637
0.000291
0.046314
0.015627
0.061613
-0.030365
-0.030374
0.000291
-0.030384
-0.030393
0.015634
0.000291
0.015632
0.015630
-0.015048
0.046300
-0.015043
0.015625
0.000291
-0.076402
-0.045753
-0.015062
-0.045781
0.015651
0.000291
-0.030431
0.077078
0.061678
0.000291
-0.015052
0.000291
-0.030403
-0.015059
0.077019
0.000291
-0.015050
0.046307
0.015625
0.030952
0.000291
0.046265
-0.015031
-0.045689
-0.015041
0.030952
0.015618
-0.030365
0.015620
-0.015038
0.000291
0.000291
0.030947
0.000291
-0.015036
-0.030370
0.000291
0.015623
0.046272
0.030933
-0.015029
0.015611
0.015608
0.015606
0.000291
0.000291
0.000291
0.015604
-0.030337
-0.030346
-0.199080
0.015641
0.030985
0.000291
0.030975
0.030966
0.015625
-0.045718
0.061631
-0.061049
-0.015050
-0.015052
-0.015055
-0.076473
-0.015069
-0.015071
0.000291
0.000291
0.015653
0.031008
0.000291
0.030999
0.000291
0.015641
0.000291
-0.061125
-0.030431
-0.030440
0.000291
0.031022
0.000291
-0.015073
0.015656
0.031013
0.000291
-0.015069
0.015651
0.031004
0.000291
0.046342
0.015637
0.000291
-0.030403
0.092344
0.015625
-0.030379
0.000291
0.030961
-0.030379
-0.030389
-0.015052
0.000291
0.015634
0.000291
0.000291
0.030971
-0.030389
-0.076449
-0.015064
-0.015066
0.015648
0.030999
-0.015062
0.015644
-0.045774
0.000291
0.000291
-0.045795
0.061735
0.077043
-0.030403
0.046328
-0.015052
0.000291
-0.030403
-0.045767
0.015646
0.046342
-0.015057
0.015639
-0.076473
0.015648
0.030999
0.015641
0.015639
0.030980
-0.015052
-0.030403
-0.015059
0.030989
0.000291
-0.030407
-0.045774
0.092400
0.015634
0.138275
-0.045682
-0.045704
-0.015045
0.184171
0.107398
-0.015003
-0.015005
-0.060918
-0.045640
-0.030342
0.046236
-0.015022
-0.045661
-0.061012
-0.030374
0.015625
-0.030379
-0.091776
0.015641
0.046328
-0.168615
0.015658
-0.122710
0.046434
-0.122805
-0.030507
0.092656
0.015677
-0.015095
0.061820
-0.076626
0.077208
-0.076626
0.092585
0.031037
-0.030455
-0.153579
0.092641
0.092556
-0.076591
-0.061257
-0.030497
-0.092130
-0.015121
0.092727
0.046477
0.000291
-0.076697
0.046491
0.092627
-0.015092
-0.061266
0.031074
0.031065
-0.015095
0.031060
-0.030478
-0.015097
-0.030492
0.046463
0.061820
-0.030469
0.061801
-0.030459
-0.015088
-0.030473
-0.107459
-0.045923
-0.138480
0.015720
0.061981
0.015708
0.000291
-0.015126
-0.076828
0.000291
-0.092330
0.000291
-0.046052
0.092955
-0.076923
-0.015159
0.077517
0.000291
0.046598
0.000291
-0.092344
0.015736
0.062048
-0.107809
0.015741
0.077505
0.077446
-0.030564
0.015720
0.000291
0.139041
0.108075
-0.045888
-0.015107
-0.076733
0.046512
0.015693
0.031089
-0.030507
0.015691
-0.045916
0.000291
-0.076768
-0.061399
0.031141
0.092784
0.031103
0.000291
-0.045930
0.077315
0.031084
0.092613
-0.092031
-0.015104
0.046470
-0.092088
-0.076757
0.077339
-0.030521
-0.123052
-0.076875
0.092884
-0.030564
0.046569
0.031131
-0.076828
0.015720
-0.046002
-0.015145
-0.015147
-0.046037
0.000291
0.015736
0.000291
0.000291
0.000291
0.015734
-0.015152
-0.015154
-0.015157
0.000291
0.015739
-0.030607
0.015741
0.000291
0.000291
0.000291
-0.015159
-0.015161
0.046641
0.046620
0.046598
0.015722
0.015720
-0.015137
0.000291
0.015720
0.000291
0.000291
0.000291
0.015717
0.015715
0.015712
-0.030554
-0.015135
0.000291
-0.015137
0.000291
0.015720
0.000291
-0.015137
0.015720
0.000291
0.031141
0.000291
-0.015133
0.000291
-0.015135
0.000291
0.000291
0.000291
0.000291
-0.015137
0.000291
0.015720
0.000291
0.000291
0.031141
0.000291
0.031131
0.031122
0.015703
-0.045952
0.031122
0.123520
-0.015104
-0.015107
0.000291
-0.015109
0.015691
0.000291
-0.015109
-0.045923
0.015698
0.000291
0.031098
0.000291
0.015691
-0.015109
-0.030516
-0.015116
0.031103
-0.015114
0.015696
0.000291
0.031093
0.015689
0.000291
0.000291
0.015686
-0.015104
0.015686
0.015684
0.000291
0.000291
0.015682
-0.045888
0.031079
-0.015102
0.015684
0.000291
0.015682
0.031065
0.000291
-0.015095
0.031060
-0.030478
0.000291
-0.015097
0.000291
0.015679
-0.045881
0.046463
-0.015097
0.000291
0.000291
0.000291
-0.030492
0.031074
-0.015099
0.031070
0.000291
0.000291
0.015677
-0.015095
0.000291
0.000291
0.000291
-0.015097
0.000291
0.031065
-0.015095
0.015677
-0.015095
0.000291
0.031060
-0.015092
0.015674
0.000291
0.000291
-0.015092
0.000291
-0.061266
-0.030502
0.031084
0.015684
0.046456
0.000291
-0.015095
0.031060
0.000291
0.015672
0.000291
0.000291
0.000291
-0.015090
0.000291
0.000291
0.000291
0.015672
-0.015090
0.000291
0.000291
0.000291
-0.030478
0.000291
0.000291
0.000291
0.000291
-0.015097
0.031065
0.000291
0.015674
-0.015092
0.000291
0.000291
0.000291
-0.015095
0.015677
0.015674
0.000291
0.000291
0.000291
0.000291
0.015672
0.000291
0.000291
0.031046
0.000291
0.015665
0.046399
0.015656
0.000291
0.031013
0.031004
0.000291
0.030994
-0.015059
-0.030417
0.046349
-0.030412
0.046342
0.030980
0.046307
-0.045725
0.015632
-0.015050
0.015632
-0.015050
0.000291
0.000291
-0.015052
0.138296
0.000291
-0.076355
-0.015045
0.015627
-0.076414
-0.015057
0.046328
-0.015052
0.000291
0.030975
0.046300
0.030952
0.092217
-0.015024
-0.015026
0.046236
0.015601
0.000291
-0.015019
-0.015022
-0.015024
-0.030346
0.030928
-0.015026
-0.030351
0.000291
0.030933
-0.045675
0.000291
0.000291
0.015616
0.000291
-0.015033
-0.030365
0.076914
-0.091663
-0.015043
0.061613
0.015616
0.000291
-0.015033
0.015616
0.030933
0.000291
0.000291
0.046236
0.015601
-0.015019
0.000291
-0.015022
0.015604
0.015601
0.015599
0.015597
0.000291
0.015594
-0.015012
-0.030323
0.000291
0.046208
-0.015012
-0.015015
0.030900
-0.015012
0.000291
-0.015015
0.030900
-0.015012
0.046194
0.000291
0.000291
-0.015008
-0.060927
0.015599
-0.015017
-0.030332
0.000291
-0.015024
0.000291
0.015606
0.000291
-0.015024
0.015606
0.000291
0.000291
0.000291
0.000291
0.000291
0.015604
-0.030337
-0.045668
0.015613
0.000291
-0.015031
0.046250
0.015606
-0.045661
-0.045682
0.000291
-0.030370
0.000291
-0.015043
-0.015045
0.015627
0.000291
0.000291
0.030956
-0.045711
-0.015048
-0.015050
0.015632
0.000291
0.076961
0.030942
-0.015033
-0.015036
0.000291
0.030942
-0.015033
-0.045697
-0.030379
0.046293
-0.061049
-0.015050
0.076972
0.030947
0.000291
0.015616
-0.045689
0.030947
-0.061030
0.046286
0.000291
-0.061040
END
