y[]
-0.000766
0.047375
0.023296
-0.085006
-0.036891
-0.024856
-0.048964
0.011286
-0.048982
0.011291
0.011289
0.059486
-0.024862
0.023331
-0.024862
-0.000766
-0.000766
-0.024868
-0.000766
-0.061046
-0.012826
-0.000766
-0.036956
0.095713
0.011288
0.023337
0.011283
0.011282
-0.012813
-0.048970
0.035390
0.047421
0.047398
-0.000766
-0.012804
-0.036891
0.023319
-0.012807
0.023316
-0.012806
-0.012807
-0.012809
0.059436
-0.012803
-0.000766
-0.012804
-0.073029
0.011282
-0.024862
0.011283
0.023328
0.011279
-0.012810
-0.048958
-0.000766
-0.000766
-0.012817
-0.012819
-0.024876
-0.000766
-0.012823
0.023348
-0.061061
-0.024894
-0.012832
-0.012833
-0.000766
-0.024906
0.011305
-0.012836
0.011305
-0.012836
-0.024911
0.023380
0.023374
-0.012835
0.011304
-0.024906
-0.000766
-0.012838
-0.000766
0.011307
-0.061141
0.011312
-0.037004
0.011315
-0.024929
-0.049110
-0.037039
-0.012860
-0.037057
-0.012865
-0.037074
-0.000766
0.035543
0.023433
-0.037065
0.035534
0.071795
-0.012855
-0.037043
0.047602
-0.012855
-0.000766
-0.037043
-0.024958
0.011331
0.011330
0.011329
-0.000766
-0.037052
-0.049168
-0.000766
-0.049192
0.071865
-0.000766
0.011334
-0.012865
0.023433
-0.024964
-0.037074
0.059742
-0.000766
-0.037065
-0.012868
-0.024976
0.011340
0.023442
0.011336
0.023433
-0.037065
0.023436
0.011333
-0.049168
-0.037083
-0.012874
-0.000766
-0.121934
0.011358
0.071944
-0.061353
-0.061390
-0.170710
0.059962
-0.097947
0.035689
-0.000766
0.132786
0.096251
0.023474
-0.000766
-0.061375
-0.170668
0.047808
0.059918
0.047755
0.132544
0.035561
-0.146150
-0.037145
0.059859
0.071935
0.144478
-0.012861
-0.024961
0.071803
0.011324
-0.049133
-0.037057
-0.037070
-0.000766
0.023439
-0.061287
0.096052
0.047608
-0.000766
-0.121743
-0.037087
-0.085568
-0.025008
0.096169
0.059771
-0.121875
-0.000766
-0.049250
0.035600
-0.012886
-0.012887
0.011356
0.011355
0.011353
0.023468
0.071900
-0.012873
-0.012874
-0.073449
-0.012885
-0.025008
-0.012889
0.011358
0.059830
-0.037118
0.047702
-0.037114
0.023468
-0.037118
-0.012886
0.011355
-0.025008
0.023477
-0.049256
-0.037149
-0.012896
-0.012898
0.023497
-0.000766
0.023492
0.047731
-0.037136
-0.037149
0.035618
-0.025020
-0.061427
0.023503
-0.049309
0.047778
-0.037171
-0.037184
0.023515
-0.000766
-0.000766
0.072041
0.059866
-0.000766
0.011356
-0.025011
-0.012890
0.023483
0.035596
-0.061375
0.011359
0.023480
0.096157
-0.000766
-0.061331
-0.025002
-0.012886
-0.000766
-0.049262
0.047731
0.047708
-0.049239
-0.000766
-0.012887
-0.025014
-0.025020
0.035614
-0.049274
-0.037162
-0.037176
0.035644
-0.000766
0.047760
-0.037158
-0.049309
0.047778
-0.012899
-0.073599
-0.000766
-0.012910
-0.012911
-0.025061
0.011383
-0.012914
0.023530
-0.000766
-0.012913
0.072094
0.084170
0.059859
0.047708
-0.000766
0.035574
-0.012877
0.011346
0.035561
-0.012873
-0.012874
-0.000766
0.011343
0.011342
-0.012873
-0.012874
-0.012876
0.011345
-0.000766
-0.012876
-0.000766
0.023453
-0.012874
0.023450
-0.012873
0.047655
0.011336
-0.061287
-0.000766
0.011342
-0.012873
-0.000766
0.011342
0.011340
-0.000766
-0.000766
0.011339
-0.000766
0.011337
-0.000766
0.011336
-0.012867
0.011336
-0.024970
0.011337
-0.000766
-0.000766
0.011336
-0.000766
-0.012867
-0.000766
0.011336
-0.012867
-0.000766
-0.012868
0.011337
-0.000766
-0.000766
-0.000766
-0.012868
0.011337
-0.000766
-0.000766
-0.000766
-0.000766
-0.000766
-0.000766
0.011336
-0.000766
-0.012867
-0.012868
-0.000766
-0.000766
0.011337
-0.012868
-0.000766
-0.012870
0.011339
-0.037083
0.011342
-0.000766
0.011340
-0.000766
-0.000766
0.011339
-0.024976
-0.000766
-0.049203
-0.000766
0.023456
-0.012876
-0.000766
0.011345
-0.000766
-0.024987
-0.024993
0.047684
-0.037101
-0.037114
0.023468
0.023462
0.059778
0.047643
0.035526
-0.024958
-0.049168
-0.037083
-0.000766
-0.037096
0.011346
0.047666
-0.000766
0.011339
-0.012870
0.011339
-0.012870
-0.000766
0.059742
0.035521
-0.012860
-0.012861
0.023424
0.023418
-0.012857
0.035504
-0.000766
-0.000766
0.023407
0.023401
0.011315
0.035469
-0.024920
-0.049092
0.035482
-0.024929
0.023398
-0.000766
0.011314
-0.012845
-0.012846
0.035473
-0.000766
0.011311
-0.000766
-0.012842
0.011311
-0.012842
0.023386
-0.000766
0.011308
0.011307
0.011305
0.023372
-0.000766
-0.000766
-0.000766
-0.000766
-0.000766
-0.012833
0.011302
0.011301
-0.024900
0.011302
0.011301
0.011299
-0.012830
0.023363
0.011296
0.023354
0.011292
0.023345
-0.000766
-0.012820
-0.012822
-0.049005
0.011296
0.011295
0.023351
0.023345
0.035390
0.047421
-0.012810
-0.024859
-0.024865
0.011285
-0.048976
0.011289
-0.000766
-0.024876
-0.049005
0.023357
-0.000766
0.035407
-0.048999
-0.000766
0.011295
0.023351
0.011291
-0.024879
-0.000766
-0.024885
0.011295
0.047462
-0.012820
-0.024879
-0.000766
-0.000766
0.011292
0.023345
-0.000766
-0.000766
-0.024876
0.011291
0.011289
0.023340
-0.024871
0.047439
-0.061025
-0.000766
-0.012822
0.023345
-0.061054
-0.012828
0.023357
0.047462
-0.000766
-0.012820
-0.061061
0.071585
0.023340
-0.036925
-0.048999
-0.024891
-0.036965
0.047497
-0.012829
-0.000766
0.011298
0.035416
-0.000766
0.011292
-0.000766
-0.012823
-0.049011
-0.000766
-0.000766
-0.036965
0.011302
0.023366
-0.000766
-0.024897
0.035429
-0.036960
0.023366
0.035420
0.011294
0.071558
0.011283
0.035373
0.011278
-0.000766
-0.000766
-0.012809
-0.012810
0.011279
-0.000766
-0.012810
0.011279
-0.000766
-0.024856
0.011280
0.023322
0.011276
-0.012807
0.023316
-0.012806
-0.000766
0.011275
0.023311
-0.000766
0.023305
-0.048912
-0.000766
0.059414
-0.012798
-0.012800
0.011269
-0.012800
-0.024839
-0.000766
-0.000766
-0.012804
-0.036891
-0.036904
-0.000766
0.023328
-0.000766
0.011279
-0.024856
-0.012813
-0.024865
-0.000766
0.011285
-0.000766
-0.024868
-0.000766
-0.000766
-0.012819
-0.000766
-0.000766
0.047439
-0.012814
0.011283
-0.012814
0.023331
-0.000766
-0.012813
-0.024865
-0.000766
-0.012817
0.011286
-0.012817
0.011286
0.011285
-0.000766
0.023331
0.023325
0.023319
-0.024850
-0.012810
-0.036908
0.035377
-0.012812
-0.024862
-0.024868
-0.061046
-0.012826
0.047468
0.035394
-0.048982
-0.012823
-0.000766
-0.000766
-0.024885
-0.000766
0.011295
-0.000766
-0.036952
-0.036965
-0.012835
-0.012836
0.011305
0.047503
-0.000766
-0.012830
-0.073186
-0.073238
0.023398
-0.157932
0.059712
-0.085445
0.035534
-0.121816
0.144478
0.047602
0.059661
-0.085373
-0.049145
-0.109705
0.023453
-0.000766
-0.037096
-0.024993
0.047684
-0.037101
-0.061353
0.035591
-0.012883
0.084026
0.011342
0.120227
0.023415
-0.012855
-0.037043
0.071777
0.071725
0.023386
0.023380
0.047509
-0.012832
0.035429
0.035416
-0.036947
-0.049028
-0.012835
0.011304
0.035434
0.071593
0.023342
-0.000766
0.023337
0.011283
0.011282
0.023325
0.011278
-0.024853
-0.000766
-0.012812
0.047410
0.035351
0.023305
-0.000766
-0.012800
-0.024839
0.083465
0.059356
-0.012787
-0.012788
0.023279
-0.012787
-0.000766
-0.012788
-0.000766
-0.000766
0.035299
-0.012785
-0.012787
0.035294
-0.024804
-0.012787
0.011256
0.023273
0.083324
0.023247
0.023241
0.011236
0.011234
0.035225
0.011228
0.023218
-0.048739
-0.036760
-0.036773
0.035242
0.035229
-0.012762
-0.000766
0.023227
0.023221
-0.000766
0.035204
-0.012754
0.035195
0.071117
0.023184
-0.036692
0.035160
0.011207
0.011206
-0.000766
END
