y[]
-0.012072
0.143086
-0.023985
-0.000130
-0.012059
0.011800
-0.012059
-0.012061
0.011801
0.011800
0.035651
0.035638
-0.047822
0.023720
-0.012053
-0.012055
-0.119461
-0.000130
0.035685
-0.012066
0.047609
-0.095629
0.059568
0.047603
0.023728
-0.012058
-0.023990
-0.047868
0.107250
-0.047839
-0.012061
-0.023996
0.011804
-0.047874
0.047615
0.011803
-0.000130
-0.023996
-0.000130
0.107224
0.023711
0.059447
-0.023956
0.035608
-0.095458
-0.000130
-0.012052
0.035634
0.035621
0.035608
0.083209
-0.047743
-0.035854
0.011780
0.083199
-0.012029
-0.012031
0.035570
0.011767
0.011766
0.023657
-0.023916
0.011765
-0.012024
-0.047720
-0.000130
0.011770
0.011769
-0.012028
-0.023931
0.047467
-0.000130
0.023660
-0.012024
-0.012025
0.023660
-0.023919
-0.000130
-0.035825
0.023669
-0.023928
0.023669
0.011767
-0.023925
-0.000130
0.035561
0.023657
-0.012022
0.011763
0.083080
-0.000130
-0.000130
0.035510
-0.000130
-0.023888
-0.000130
-0.023894
0.047393
0.059242
-0.000130
-0.023874
0.011743
0.035481
-0.047613
0.023615
-0.023874
-0.012004
0.011745
-0.000130
-0.023880
-0.012007
0.011748
0.011746
0.011745
-0.023880
-0.000130
-0.000130
-0.023885
-0.000130
0.011749
-0.000130
-0.012008
-0.047658
0.023638
-0.012012
0.023635
0.035506
-0.047647
0.011752
-0.023894
0.011753
0.011752
-0.000130
0.047382
0.035489
-0.000130
-0.012001
-0.023877
-0.000130
-0.059523
-0.071448
-0.059600
-0.023928
0.035566
-0.023925
0.023666
-0.012027
0.011767
0.083110
-0.023905
0.059299
-0.012012
-0.012014
-0.071465
-0.012024
-0.059622
-0.023936
-0.035850
-0.035863
-0.023959
0.023700
0.059419
-0.023945
0.011779
0.011777
0.011776
0.047478
-0.012029
-0.012031
-0.059657
-0.000130
0.011779
-0.047771
0.011783
-0.023956
0.011784
-0.012044
0.011784
0.059419
-0.023945
0.142677
-0.000130
0.118720
-0.012008
0.047376
0.023615
-0.047624
-0.000130
-0.000130
-0.012007
-0.012008
-0.000130
0.011749
-0.012008
-0.023891
0.023632
-0.012010
-0.000130
-0.000130
-0.035778
-0.023902
0.011758
-0.000130
-0.000130
-0.000130
-0.000130
-0.012017
-0.000130
-0.000130
-0.012018
0.011759
-0.012018
-0.000130
-0.000130
-0.000130
0.011759
-0.000130
-0.000130
-0.012018
0.011759
-0.000130
-0.023908
-0.012021
-0.000130
-0.012022
-0.000130
-0.000130
-0.000130
-0.000130
-0.000130
-0.012024
-0.000130
-0.000130
-0.012025
0.011766
-0.012025
0.011766
-0.012025
0.011766
-0.012025
0.011766
-0.012025
0.011766
0.011765
-0.012024
-0.012025
-0.000130
-0.012027
-0.012028
-0.000130
-0.000130
-0.000130
-0.012029
-0.000130
0.023669
-0.012028
0.011769
0.011767
-0.012027
-0.012028
0.023666
-0.012027
-0.000130
0.011767
0.011766
0.011765
-0.000130
-0.012024
-0.000130
0.023657
-0.035812
0.011766
-0.000130
-0.000130
-0.000130
-0.000130
0.023657
0.023652
-0.000130
0.011759
-0.012018
-0.012019
0.023649
-0.000130
-0.000130
-0.000130
-0.000130
-0.012018
0.011759
-0.012018
0.011759
-0.012018
0.011759
-0.000130
-0.012018
-0.012019
0.011760
-0.000130
-0.012019
0.011760
-0.000130
-0.000130
-0.012019
0.011760
-0.000130
-0.000130
-0.000130
0.011759
-0.000130
-0.000130
-0.023908
0.011760
0.011759
-0.012018
-0.000130
-0.000130
-0.000130
-0.000130
-0.012019
-0.000130
-0.000130
-0.000130
-0.000130
-0.000130
0.011760
-0.000130
0.011759
-0.000130
-0.012018
-0.000130
-0.012019
-0.035808
-0.000130
0.023657
-0.000130
-0.035812
0.011766
0.011765
-0.012024
-0.000130
-0.000130
-0.000130
-0.000130
-0.000130
-0.000130
-0.000130
-0.000130
-0.000130
-0.000130
-0.000130
-0.012025
-0.000130
-0.000130
-0.012027
-0.000130
-0.000130
0.011767
0.011766
-0.012025
-0.012027
-0.000130
0.011767
-0.000130
0.011766
-0.023922
-0.000130
-0.000130
0.011767
-0.012027
-0.000130
-0.012028
-0.035833
0.023674
-0.000130
0.011770
-0.012029
0.011770
-0.012029
0.011770
-0.023931
-0.000130
0.011772
-0.000130
0.035566
-0.012027
-0.012028
0.011769
-0.012028
0.011769
0.011767
-0.012027
0.011767
-0.023925
-0.059643
-0.071592
0.023697
-0.059707
-0.071669
0.047569
-0.059756
-0.000130
0.023725
-0.023985
0.035651
0.035638
-0.012051
-0.012052
-0.059763
-0.000130
-0.000130
0.011800
0.011799
0.011797
0.035642
-0.035901
0.035642
-0.023976
-0.000130
-0.047839
-0.012061
-0.000130
0.011801
0.023728
-0.023987
0.047580
-0.000130
0.035638
-0.012051
-0.035901
-0.000130
-0.023985
-0.035923
-0.000130
0.011803
-0.012062
-0.012063
-0.035940
0.023745
0.023740
-0.000130
-0.035935
-0.012068
0.023745
-0.012066
-0.012068
-0.000130
0.023745
0.023740
-0.000130
-0.000130
-0.000130
-0.000130
-0.000130
-0.012063
-0.000130
-0.000130
0.011804
-0.000130
-0.012063
0.011804
-0.000130
-0.012063
0.011804
-0.000130
0.011803
-0.000130
0.023731
0.023725
0.023720
-0.000130
0.035634
0.023705
-0.000130
-0.000130
0.011786
0.011784
0.011783
0.023691
-0.023950
0.011782
0.011780
0.011779
-0.012038
0.011779
-0.035859
-0.000130
-0.023956
0.035608
-0.000130
-0.023953
0.011783
-0.012042
-0.000130
-0.035876
0.011787
-0.012046
-0.012048
0.023705
0.023700
-0.000130
0.035604
-0.000130
0.023686
-0.023945
-0.035863
0.011783
0.035600
-0.012038
-0.012039
0.059405
0.035574
0.011769
-0.023928
0.178219
0.035502
-0.012005
-0.059530
-0.012014
-0.035791
0.035532
-0.000130
-0.023902
0.059292
0.011750
0.023626
0.059235
-0.012000
-0.023874
-0.000130
0.047354
-0.035740
-0.083270
0.011752
-0.000130
-0.023894
-0.012014
0.047399
-0.023891
0.047388
-0.000130
-0.023885
-0.012010
-0.023894
-0.000130
-0.012014
0.035519
-0.012011
0.023632
0.011749
-0.000130
-0.035770
0.011752
-0.047664
-0.023905
-0.012019
0.035536
0.011756
-0.059572
0.023652
-0.012019
-0.012021
0.023652
0.023646
-0.047686
0.011762
-0.000130
0.035536
-0.023905
-0.012019
-0.071499
0.023666
0.035553
-0.023916
0.023657
0.071197
0.035515
-0.012010
0.011750
-0.000130
-0.000130
-0.023891
0.011752
-0.023894
-0.047675
0.011759
-0.023908
0.011760
-0.000130
-0.000130
-0.000130
-0.000130
0.011759
-0.012018
0.011759
-0.023908
-0.035808
-0.000130
0.023657
0.023652
0.023646
0.035523
-0.023897
-0.059572
-0.000130
0.023652
0.011759
-0.023908
0.047422
0.023638
0.035510
0.011748
0.011746
-0.012005
-0.012007
0.011748
0.023621
-0.000130
-0.059516
0.011750
0.011749
0.011748
-0.000130
-0.023885
-0.047658
-0.035791
0.023646
0.011756
-0.012015
0.035523
-0.012012
-0.012014
-0.012015
-0.035795
-0.023914
0.011763
0.035540
-0.012018
-0.023911
-0.035812
0.047444
-0.012021
0.011762
-0.059600
-0.000130
-0.012028
-0.023931
-0.023936
-0.071584
-0.095481
-0.095572
0.035672
0.011801
-0.023993
-0.000130
0.011803
-0.012062
0.011803
-0.000130
-0.012062
-0.000130
-0.000130
-0.012063
-0.000130
-0.000130
0.011804
-0.000130
-0.000130
-0.012063
-0.000130
-0.012065
-0.000130
-0.000130
0.011806
-0.000130
-0.012065
-0.000130
0.023740
-0.012063
-0.000130
-0.000130
-0.000130
0.011804
0.011803
0.011801
-0.012061
0.023731
-0.000130
-0.023990
-0.012062
-0.000130
-0.000130
0.011803
0.011801
0.011800
0.011799
-0.012058
-0.000130
-0.012059
-0.000130
-0.000130
-0.000130
-0.000130
0.011800
-0.000130
-0.012059
-0.000130
0.023728
0.011797
-0.012056
-0.000130
-0.000130
-0.012058
0.011799
0.011797
-0.012056
-0.023987
0.011800
-0.012059
-0.000130
0.011800
-0.012059
0.011800
-0.000130
-0.000130
0.011799
-0.012058
0.011799
-0.000130
-0.000130
-0.000130
-0.000130
-0.000130
-0.012058
-0.000130
-0.012059
-0.000130
-0.000130
END
