y[]
-0.014761
0.049733
0.011034
0.023923
0.036802
-0.014746
-0.001860
-0.053420
-0.040547
0.011037
-0.027657
-0.001860
-0.001860
0.011039
0.062610
0.088329
-0.040502
-0.027630
0.023910
-0.040517
0.049680
-0.001860
-0.027627
-0.040522
-0.014751
0.023920
-0.053426
-0.053453
-0.014762
-0.027670
-0.027676
0.049766
-0.092223
0.036877
0.011049
0.049760
-0.014762
-0.053486
0.036862
-0.001860
0.023946
0.011041
0.023936
0.023930
0.023923
-0.027643
-0.014754
-0.001860
-0.092165
0.011046
-0.040582
-0.156899
-0.001860
0.011069
-0.001860
0.011067
-0.040647
-0.040662
-0.027737
-0.066581
0.024033
-0.027753
0.011087
0.024030
0.011082
0.062827
0.011072
-0.001860
0.036927
0.011066
-0.053573
-0.040662
-0.001860
0.011076
-0.014796
-0.001860
-0.027737
0.049886
-0.040667
-0.014799
-0.092481
0.011091
0.049927
-0.027750
-0.014808
0.024033
0.062844
0.024010
-0.001860
-0.001860
0.036932
-0.014789
-0.001860
-0.001860
0.011069
-0.027720
-0.053600
0.024013
-0.040672
0.011079
-0.014799
-0.001860
0.011079
-0.040682
-0.040698
0.011087
0.036972
0.024020
-0.027740
0.024020
0.024013
0.036937
0.023996
-0.066514
-0.014796
-0.001860
-0.014797
-0.001860
-0.040682
-0.001860
-0.053647
0.036982
0.036967
-0.014801
0.011081
-0.040687
-0.066606
0.024043
-0.014811
0.011091
-0.014811
-0.001860
-0.001860
-0.001860
-0.014813
-0.001860
0.062886
0.011084
-0.014804
-0.001860
-0.001860
0.062844
-0.014797
0.062810
-0.014791
-0.040662
0.011076
-0.001860
0.024006
-0.014792
-0.014794
-0.027733
-0.040682
-0.014804
-0.001860
-0.014806
0.049913
0.024017
-0.001860
0.024010
0.011072
-0.040662
-0.014797
0.011077
-0.014797
-0.001860
-0.027740
-0.001860
0.011081
-0.040687
0.036967
-0.014801
0.024020
-0.027740
-0.001860
-0.040692
-0.001860
-0.014808
-0.001860
0.011087
0.011086
0.036967
-0.014801
0.024020
-0.014799
0.127456
-0.053566
0.023996
0.036912
-0.001860
-0.001860
0.011061
0.011059
-0.027700
-0.014782
0.036902
-0.079399
-0.001860
0.011067
0.036912
-0.001860
-0.027707
0.011064
-0.001860
-0.014784
-0.001860
0.011064
-0.014784
-0.014786
-0.040647
-0.001860
-0.001860
-0.014792
-0.001860
-0.118327
-0.027760
0.024040
-0.014809
0.088749
-0.040682
-0.014804
0.062844
0.024010
-0.014794
-0.014796
-0.027737
-0.001860
-0.053633
0.062852
-0.079520
0.024033
0.049906
-0.014799
0.075750
-0.040657
-0.014796
0.062802
-0.027720
-0.027727
0.011074
-0.014794
-0.014796
0.011076
-0.053613
-0.027747
-0.014806
-0.001860
0.011086
0.011084
0.024023
-0.014801
-0.027747
-0.001860
-0.014806
0.127523
0.075689
0.011059
-0.014779
0.011059
0.011057
0.011056
0.036877
-0.092270
0.011061
-0.001860
-0.040627
0.023986
0.036897
0.062702
-0.014769
0.075569
0.127056
-0.066297
-0.014752
-0.040547
0.023933
-0.053453
0.036837
-0.014757
0.023933
-0.053453
-0.001860
0.075519
-0.040542
0.075489
-0.066314
-0.014756
-0.066364
0.036847
0.023936
-0.014757
0.075499
0.049680
0.011021
-0.040507
-0.066305
-0.001860
-0.053446
-0.053473
0.023950
0.023943
-0.014761
-0.066389
-0.092270
0.127272
0.036847
0.023936
0.023930
-0.040547
-0.040562
-0.079309
0.049780
-0.001860
-0.092247
0.036887
0.062685
0.023946
-0.001860
-0.027666
-0.053493
-0.014772
-0.014774
0.023966
0.036867
0.011046
-0.027673
0.036857
-0.027670
0.088445
-0.027653
0.011037
-0.001860
-0.053460
-0.027670
0.049753
-0.027663
-0.001860
-0.066397
-0.040602
-0.001860
-0.014777
0.011057
-0.105246
-0.040657
0.024006
0.011071
-0.053593
-0.027737
0.011079
-0.066572
0.011086
-0.001860
0.049906
0.036947
0.036932
-0.027720
-0.027727
0.024006
-0.040662
-0.001860
-0.027737
0.036952
-0.027733
-0.001860
-0.001860
0.062810
0.011069
0.023993
-0.001860
0.062744
-0.001860
-0.014777
-0.001860
-0.001860
0.011057
-0.001860
-0.027696
0.036892
0.049786
0.088457
-0.040557
-0.053480
-0.014769
-0.001860
-0.014771
0.023960
-0.027680
-0.027686
0.049786
-0.027680
0.011051
-0.053513
0.101419
-0.001860
-0.027670
0.023950
-0.001860
-0.014764
-0.001860
-0.066405
-0.040607
-0.066472
0.062752
0.062710
0.049766
0.023943
0.023936
0.023930
0.126989
0.075370
0.062453
-0.027580
-0.001860
-0.001860
-0.001860
0.075281
-0.001860
-0.027567
0.049547
-0.078981
0.023854
0.075241
0.010984
-0.066098
0.036688
0.088028
-0.014696
-0.027537
0.010979
0.049481
-0.040364
0.100783
0.075053
0.164583
-0.053044
0.062115
0.062074
-0.078586
-0.001860
-0.027449
-0.014657
0.023732
0.036515
0.062066
-0.040211
-0.078606
-0.027455
-0.014660
-0.001860
-0.014662
0.049337
-0.014657
0.036525
-0.001860
-0.001860
0.062083
-0.040221
-0.014650
0.062074
-0.014644
0.023706
-0.014642
-0.014644
0.125903
0.010907
0.010906
-0.014626
-0.091266
0.049239
-0.065737
0.023696
-0.001860
0.049232
-0.065729
0.074778
-0.027400
0.010911
0.061968
-0.052920
0.010907
0.023670
0.061936
0.010894
-0.001860
-0.027370
-0.027377
-0.014621
-0.014622
0.049180
-0.052900
-0.027390
0.061952
0.010898
-0.014618
0.010898
-0.001860
-0.027377
-0.001860
0.010899
0.023653
-0.040133
0.074671
-0.065631
-0.040142
0.061936
-0.052893
-0.116781
-0.001860
-0.014637
-0.052985
0.036486
0.049245
-0.052965
-0.040206
-0.014645
-0.014647
0.010927
-0.014647
0.074837
-0.027419
-0.040211
-0.001860
-0.027435
0.036501
-0.027432
-0.027439
-0.065835
-0.014660
-0.040270
-0.001860
-0.078724
0.010955
0.049383
0.010947
-0.001860
0.010945
0.010943
0.023742
0.087694
-0.027439
0.023719
-0.014649
-0.001860
-0.001860
-0.040235
0.062091
-0.053017
-0.040245
-0.014658
0.036530
0.010933
-0.001860
-0.001860
-0.040245
0.023732
0.023725
-0.053037
-0.014658
-0.040265
-0.001860
-0.027472
0.074955
-0.065868
0.177260
-0.001860
0.049258
-0.001860
-0.078547
-0.142606
-0.040280
-0.091563
0.087843
-0.078744
-0.040324
0.023784
-0.053155
0.010966
-0.040344
-0.053195
0.075132
0.139139
-0.065926
-0.091621
0.023794
-0.220131
0.023844
-0.027564
0.088074
-0.014703
-0.066098
0.216383
-0.117341
-0.001860
-0.066074
0.100862
0.010973
0.023801
0.036619
-0.027511
0.100704
-0.027491
-0.040319
-0.014683
-0.053168
0.062271
-0.053162
0.036619
-0.027511
-0.040349
-0.066041
-0.001860
-0.001860
-0.040388
0.062345
0.023811
0.062288
0.023788
0.062230
0.087797
0.023742
0.010938
0.010937
0.023728
0.010932
-0.027445
-0.014655
-0.027455
0.023735
-0.053057
-0.014663
0.010943
-0.001860
-0.065893
-0.040299
-0.014676
-0.053142
-0.001860
-0.014685
0.023788
0.062230
-0.130082
0.010970
-0.027521
0.036629
-0.053182
0.062288
0.062247
0.075014
0.010947
0.010945
0.036545
0.010938
0.036525
0.036510
-0.001860
0.087614
-0.052978
0.023702
-0.001860
-0.052991
0.049271
0.049245
0.010912
0.023679
0.036437
0.023663
0.010899
0.023653
0.112870
0.036354
-0.027335
0.074544
-0.091004
0.061822
-0.040064
-0.040079
0.010881
0.023618
-0.040079
-0.027347
0.061846
-0.052822
0.010883
-0.027347
-0.040103
-0.001860
0.112826
0.023608
-0.040064
0.074534
0.061757
-0.027302
-0.014583
0.074456
-0.040011
0.087136
0.036257
-0.027270
-0.090845
-0.027299
-0.001860
-0.078215
0.036325
0.074466
0.010855
0.010854
0.010852
-0.014572
0.010852
-0.027286
-0.014575
-0.014577
-0.014579
-0.001860
0.010859
-0.027299
0.010860
-0.001860
-0.001860
0.049005
-0.027289
0.023569
-0.040006
-0.001860
0.010857
-0.001860
0.010855
-0.052731
-0.027305
-0.014585
-0.014587
0.010867
0.023588
-0.052764
0.036320
-0.014585
0.010865
END
