y[]
-0.011390
-0.011392
0.012530
-0.011392
0.000569
0.000569
-0.011393
0.036452
-0.011390
0.048399
0.000569
0.012523
-0.011385
-0.035301
0.012527
0.036435
0.024473
-0.023334
-0.083138
-0.047295
0.012537
0.012536
-0.011398
-0.011399
0.012537
0.012536
-0.035335
-0.023374
0.024513
-0.011402
-0.011403
0.024513
0.000569
0.024507
0.000569
0.024501
0.000569
-0.107170
0.144196
0.048399
-0.059222
-0.059257
-0.023372
0.084336
-0.202987
0.084437
-0.023386
-0.011411
-0.035378
0.096400
-0.011405
0.000569
-0.035361
0.012547
-0.035370
0.048485
0.024518
-0.011405
-0.047341
0.060453
0.000569
-0.023380
0.048462
-0.083258
-0.011412
0.012550
-0.047364
0.036521
-0.023397
0.000569
0.036517
0.012549
0.000569
-0.023392
-0.023397
0.024536
0.048485
0.012544
-0.023383
-0.107286
-0.011422
0.000569
0.036538
-0.059387
0.084497
-0.023403
-0.023409
-0.059401
0.012566
0.000569
0.024559
0.000569
-0.023420
0.036551
0.000569
-0.023417
0.024556
-0.011423
0.012562
0.000569
-0.011423
-0.023420
0.036551
0.000569
-0.023417
-0.023423
-0.047433
-0.011435
0.012573
-0.011435
-0.059473
0.012580
0.036594
-0.035456
0.000569
-0.011442
0.000569
-0.011444
0.012582
0.024590
-0.011441
-0.011442
-0.071529
-0.023475
-0.035508
-0.035521
0.072737
0.000569
0.036633
0.000569
0.012588
0.012586
0.000569
-0.023466
0.012588
-0.023469
-0.035499
-0.023484
0.036646
-0.011455
0.048658
-0.023472
0.036629
0.048629
0.084618
0.048565
0.036551
-0.047410
0.048548
-0.035413
0.012565
0.060525
-0.023409
-0.035409
0.036547
-0.035409
0.012563
0.000569
-0.071416
0.036568
-0.011429
-0.011431
0.012569
-0.095469
0.072607
-0.023438
-0.023443
-0.047473
-0.023461
0.024599
-0.011445
0.000569
0.024596
-0.047490
-0.071564
-0.011458
-0.059588
0.000569
0.012604
0.024634
0.000569
0.048681
0.000569
-0.011457
0.012595
-0.011457
0.000569
0.000569
0.000569
0.000569
0.024619
0.012592
0.000569
0.000569
0.012591
0.000569
-0.011452
0.036629
-0.035491
0.060662
0.000569
0.000569
-0.011447
0.000569
-0.011448
0.000569
0.000569
-0.011449
0.000569
-0.011451
0.012589
0.012588
-0.011449
-0.011451
0.000569
0.012589
0.000569
0.012588
0.012586
0.012585
0.000569
-0.011447
0.012585
0.000569
-0.011447
0.012585
-0.011447
0.000569
0.000569
-0.011448
0.012586
0.000569
0.000569
-0.011448
0.012586
0.024599
0.012582
-0.011444
-0.011445
-0.011447
0.000569
0.000569
-0.023466
0.036620
-0.035482
0.000569
0.012588
0.000569
0.000569
0.000569
0.012586
0.048623
-0.011442
0.000569
0.000569
-0.011444
0.012582
0.024590
0.000569
0.012578
-0.011439
0.000569
-0.011441
0.024587
-0.011439
0.000569
-0.011441
0.012579
0.012578
0.000569
0.000569
-0.035460
0.024590
-0.011441
0.024587
-0.023449
0.012579
-0.011441
0.012579
0.000569
0.000569
-0.023452
-0.023458
0.012583
0.012582
-0.011444
0.012582
-0.011444
0.012582
-0.023458
-0.011447
0.000569
0.012585
0.012583
-0.011445
-0.011447
-0.011448
0.000569
0.000569
0.000569
0.000569
-0.011449
0.012588
-0.023469
0.012589
0.000569
0.012588
0.000569
-0.011449
0.012588
-0.011449
-0.011451
0.012589
-0.035495
0.000569
0.036633
0.000569
0.000569
0.000569
0.000569
0.000569
0.000569
0.000569
0.000569
-0.011451
0.012589
0.000569
0.000569
0.012588
0.000569
-0.011449
0.012588
0.012586
-0.023466
0.012588
0.000569
0.000569
0.000569
0.000569
0.000569
-0.023469
0.000569
-0.023475
0.024613
0.000569
0.012589
0.012588
0.000569
0.012586
-0.023466
-0.011451
-0.011452
0.012591
0.000569
-0.023475
0.000569
0.000569
0.000569
-0.011455
0.012593
-0.023481
-0.011458
0.024622
0.000569
0.000569
0.000569
0.000569
-0.011457
0.000569
0.000569
0.060683
-0.035495
-0.011455
-0.023484
0.000569
0.024622
-0.023484
0.000569
-0.011460
0.012598
0.000569
-0.011460
0.012598
0.012596
0.036642
0.012591
0.036625
-0.023466
0.000569
0.000569
0.012588
-0.035491
0.048646
-0.107636
0.012598
0.036646
-0.011455
0.084709
0.036607
-0.023455
-0.047496
0.024605
0.000569
0.036612
0.012580
-0.047485
0.000569
-0.011448
0.000569
-0.023469
-0.011452
0.036629
0.000569
0.024602
-0.023464
0.012586
0.024599
-0.023461
-0.011448
-0.011449
0.024605
-0.011448
-0.011449
0.000569
-0.011451
-0.059552
0.024622
0.000569
-0.023484
-0.059588
0.036668
-0.023495
-0.011465
0.000569
-0.071668
-0.035569
-0.011480
0.036712
-0.011477
0.012615
-0.023524
0.012617
-0.011478
-0.071746
0.012625
-0.011487
-0.023548
0.036742
-0.059726
0.024692
0.012628
-0.023551
-0.059755
-0.120189
0.036812
0.012647
0.012646
-0.023585
0.000569
0.012647
-0.011509
0.012647
0.048867
0.024709
0.024703
0.012634
0.024695
0.024689
0.036738
0.048774
0.012617
-0.059683
-0.011486
0.036729
0.024668
-0.023530
0.048762
0.012614
-0.011475
-0.023524
-0.035582
0.000569
0.012621
0.108970
-0.011470
-0.011471
-0.023516
0.012612
0.000569
0.000569
0.024651
-0.011471
-0.011473
0.024651
-0.011471
0.000569
0.024648
-0.047595
0.000569
0.000569
-0.023521
-0.023527
0.012618
-0.011480
0.036712
0.000569
0.048739
-0.011471
0.012609
0.000569
0.024645
-0.035547
-0.071703
0.036712
-0.011477
0.000569
0.024660
0.024654
0.012609
0.012608
-0.035552
0.036690
0.000569
0.048710
-0.011464
0.060719
0.024619
-0.011455
-0.071607
0.060719
0.036642
0.024610
0.012588
-0.071564
-0.083652
-0.095770
-0.011480
0.024666
-0.059683
0.024674
-0.059705
-0.011490
-0.023553
0.109075
0.120993
-0.023504
-0.047595
-0.011475
-0.047624
-0.047647
-0.035608
-0.035621
-0.047705
0.133267
0.060828
0.108944
-0.023504
0.012606
-0.023507
0.024645
0.024639
0.084770
0.060669
-0.023466
-0.023472
0.000569
0.024610
0.000569
-0.083601
0.012598
0.036646
-0.011455
0.036638
0.120704
-0.047467
0.000569
-0.011444
0.036603
-0.011441
-0.011442
-0.035473
0.012585
-0.035482
0.060647
-0.047490
-0.011449
0.036620
-0.035482
0.000569
-0.035495
0.000569
0.024613
0.012589
0.000569
0.000569
0.012588
-0.023469
0.048640
0.024596
-0.047490
0.012586
0.000569
0.024599
0.048611
0.012576
0.084578
-0.023426
-0.023432
0.024570
-0.035434
-0.011435
0.036577
0.012569
-0.011431
0.036564
0.012565
-0.035422
-0.011431
-0.023435
-0.035447
-0.023449
-0.023455
0.024593
-0.047485
0.012585
-0.011447
-0.011448
0.060640
0.000569
-0.011442
-0.011444
-0.023461
0.012585
0.012583
0.024593
0.012579
0.000569
0.024584
0.000569
0.048583
0.000569
0.000569
-0.011432
-0.011434
-0.011435
-0.095515
0.024599
0.000569
0.024593
-0.083540
-0.023475
0.012592
-0.011454
0.012592
0.024610
-0.083601
0.012598
-0.047554
-0.011465
0.012604
0.024634
0.048681
-0.047543
0.000569
0.024628
0.048669
0.048646
-0.011448
-0.107649
0.012599
0.024625
0.000569
0.024619
0.012592
0.024610
0.060647
0.000569
-0.011444
-0.011445
0.012583
-0.011445
0.012583
-0.023461
0.012585
-0.011447
0.012585
0.000569
0.000569
0.000569
-0.011447
-0.011448
0.000569
0.024602
0.024596
-0.011444
0.000569
0.000569
0.012582
-0.035473
0.000569
-0.011448
0.000569
0.000569
0.024602
0.000569
0.000569
-0.011447
0.012585
0.000569
-0.011447
0.000569
0.000569
0.024599
0.000569
0.012582
-0.011444
0.012582
-0.011444
0.000569
0.000569
0.000569
0.012582
-0.011444
0.012582
-0.011444
0.000569
0.000569
0.000569
0.000569
0.000569
0.012582
-0.011444
0.024593
0.000569
0.012579
0.012578
-0.011439
END
