y[]
-0.013154
-0.025949
0.050800
0.025208
-0.013149
0.025205
0.025198
-0.038710
-0.000364
0.025202
-0.051502
0.063554
-0.000364
-0.038710
-0.013149
-0.077110
0.038016
0.012426
0.025212
0.012421
-0.051515
0.038002
-0.000364
-0.000364
0.037987
0.025195
0.050735
0.050709
-0.025897
-0.013133
0.012405
-0.000364
0.037933
0.012398
0.012397
-0.025887
0.025159
0.025153
-0.013121
0.012394
-0.013121
-0.000364
-0.000364
-0.013123
0.012395
0.012394
0.025146
-0.013118
0.012390
-0.000364
-0.000364
0.037889
-0.025864
-0.000364
-0.000364
-0.013117
-0.000364
0.025140
0.025133
-0.038612
-0.000364
0.012387
-0.000364
-0.000364
-0.000364
-0.000364
0.012385
-0.000364
-0.000364
-0.013113
-0.000364
-0.025868
0.025140
-0.000364
-0.013115
-0.025871
-0.000364
0.012390
0.025140
-0.038622
0.025143
0.012387
0.012385
-0.013113
0.025133
0.025127
0.025120
0.012376
0.012374
-0.064070
-0.000364
0.012381
0.012379
0.025117
-0.013104
-0.013105
0.012377
-0.000364
-0.000364
-0.025848
-0.038602
-0.000364
0.012384
-0.013112
0.012384
0.025127
0.012379
-0.000364
0.012377
-0.025848
-0.013108
-0.000364
0.012381
-0.000364
-0.013108
-0.000364
-0.038607
0.012385
-0.013113
0.012385
0.012384
-0.000364
-0.038612
0.012387
-0.025868
0.012389
-0.013117
-0.000364
-0.000364
-0.000364
-0.013118
-0.025877
-0.038646
-0.000364
-0.000364
0.012398
-0.000364
-0.000364
-0.000364
0.012397
-0.025887
0.012398
-0.025890
0.012400
0.012398
0.037914
-0.013121
-0.038646
0.025159
-0.000364
-0.013125
-0.000364
-0.000364
-0.025890
-0.000364
0.012400
-0.000364
-0.013128
0.012400
-0.038661
-0.013133
0.025172
-0.000364
0.012402
-0.000364
-0.013130
-0.000364
-0.013131
-0.000364
0.012403
-0.013131
0.012403
0.012402
0.025163
0.025156
-0.000364
-0.000364
-0.000364
-0.000364
-0.000364
-0.013123
0.012395
0.012394
-0.013121
0.025150
-0.013120
-0.000364
-0.000364
-0.000364
0.012392
-0.013120
0.012392
0.012390
0.050637
-0.000364
-0.013112
-0.000364
-0.000364
-0.013113
-0.025868
-0.000364
0.012389
-0.000364
-0.000364
0.012387
-0.038622
0.037894
-0.013115
-0.000364
-0.000364
-0.000364
-0.038627
-0.000364
0.037899
-0.000364
0.012387
0.025133
-0.000364
-0.000364
-0.013112
-0.000364
-0.000364
-0.000364
-0.013113
-0.000364
-0.000364
0.012385
0.012384
0.012382
-0.000364
-0.000364
-0.038607
0.025133
-0.000364
-0.000364
0.012382
-0.013110
-0.013112
0.012384
-0.025861
-0.025868
-0.000364
0.012389
-0.000364
-0.000364
0.012387
-0.000364
0.037879
0.050604
0.076040
0.012364
0.012363
-0.000364
-0.000364
0.012361
-0.013089
-0.013091
-0.000364
-0.025822
0.063270
-0.013087
-0.000364
0.012360
0.025078
0.012355
-0.063973
-0.013091
-0.013092
0.012364
-0.064022
0.012371
-0.038573
-0.025845
-0.051345
0.012384
0.012382
-0.000364
0.012381
0.012379
-0.051345
0.012384
-0.000364
-0.013112
-0.013113
0.012385
-0.013113
-0.025868
-0.051391
-0.013125
0.025156
-0.064176
-0.025900
0.025172
0.025166
0.076186
-0.038632
-0.038646
-0.076973
0.037948
-0.000364
0.037933
-0.025894
-0.038671
0.050709
-0.000364
-0.038666
-0.089792
-0.013146
0.025198
0.050741
-0.025913
-0.038700
-0.064290
0.037997
-0.025936
-0.013152
0.025212
-0.064315
0.050800
-0.025943
-0.000364
0.089133
-0.000364
-0.000364
-0.000364
-0.077071
0.063562
0.050748
-0.038695
-0.000364
-0.038710
-0.038725
0.012425
-0.000364
0.076333
0.025189
0.025182
-0.025910
0.012410
-0.000364
-0.025913
-0.038700
0.050748
-0.025917
-0.025923
-0.013146
-0.000364
0.037977
0.037962
-0.025913
-0.038700
-0.013146
0.012418
-0.000364
-0.000364
-0.038715
0.012421
0.012420
0.037977
-0.013143
-0.025926
0.025198
-0.025926
-0.025933
-0.000364
-0.038730
-0.077139
-0.038774
-0.025979
-0.000364
0.012444
-0.064421
0.050885
-0.038798
0.063685
-0.077228
-0.025998
-0.064479
-0.000364
0.038110
-0.013187
-0.051672
0.050944
0.025280
-0.000364
0.076530
-0.077257
0.089339
-0.090067
0.102148
-0.013172
-0.038798
-0.064454
-0.141507
-0.051738
0.051010
0.063817
-0.115919
-0.038912
0.115236
0.089455
0.063743
0.038080
0.025257
-0.051613
0.076500
-0.051600
-0.038808
-0.038823
-0.038838
0.115013
0.063677
0.153167
-0.013149
0.025205
-0.089884
-0.025956
0.012433
-0.000364
-0.000364
0.089167
0.089087
0.037948
-0.077002
-0.064274
0.012421
-0.051515
0.063571
-0.025933
-0.025939
-0.089930
0.012436
-0.089998
-0.000364
-0.077257
0.076530
-0.115726
0.063743
-0.000364
0.050892
0.025254
0.012443
0.063644
-0.025962
0.025234
-0.115608
0.089282
-0.077198
-0.051620
0.025267
-0.025995
0.025267
0.063685
-0.038789
-0.025989
0.140490
-0.128405
0.038066
0.012443
0.012441
0.025241
0.101990
0.063554
-0.051495
-0.013151
0.076333
-0.000364
0.050735
-0.013136
-0.089815
-0.038725
0.025212
-0.013151
-0.064323
0.050807
-0.025946
-0.038749
0.012433
-0.051561
-0.000364
0.038036
-0.013162
-0.013164
-0.025969
0.012439
0.038036
0.038021
-0.000364
0.012428
0.038002
-0.013151
-0.089918
0.012434
-0.025962
0.076412
-0.064339
0.050820
-0.064348
0.012436
0.012434
0.025228
-0.102770
0.025248
0.063636
0.012431
-0.025956
-0.025962
-0.000364
-0.000364
-0.000364
0.063620
-0.013157
-0.013159
-0.013161
-0.013162
0.050820
-0.013157
-0.000364
0.038012
-0.000364
0.037997
-0.038725
0.050780
0.025198
-0.051495
0.050767
0.037967
-0.000364
0.050722
-0.025903
-0.013136
0.037948
-0.000364
-0.025903
0.012407
-0.000364
0.012405
-0.000364
-0.000364
-0.000364
-0.000364
-0.025903
-0.000364
-0.000364
0.012407
-0.000364
-0.013135
-0.000364
0.012407
0.012405
0.012403
-0.013131
-0.025903
-0.000364
-0.000364
0.025176
-0.000364
0.063456
-0.013125
-0.038656
-0.000364
-0.013131
0.012403
-0.013131
-0.013133
0.025172
-0.025900
0.025172
-0.051443
-0.013138
-0.000364
-0.000364
-0.000364
0.012410
-0.000364
-0.000364
0.012408
-0.000364
-0.000364
0.012407
0.025172
-0.025900
0.012405
-0.025903
0.012407
-0.000364
-0.013135
0.012407
-0.000364
-0.000364
-0.000364
0.012405
-0.000364
-0.025903
-0.013136
-0.000364
0.012408
-0.013136
0.012408
-0.000364
-0.000364
0.012407
-0.013135
0.025176
-0.013133
-0.000364
-0.025907
-0.000364
0.012408
0.012407
0.012405
0.012403
-0.013131
-0.013133
-0.000364
-0.000364
-0.000364
0.012405
0.012403
0.012402
-0.013130
0.012402
-0.013130
0.012402
-0.013130
-0.000364
-0.013131
-0.000364
-0.000364
-0.000364
-0.013133
-0.000364
-0.000364
-0.000364
-0.013135
0.012407
-0.013135
0.012407
-0.013135
-0.000364
-0.013136
-0.000364
-0.000364
0.012408
-0.000364
-0.000364
0.012407
-0.013135
-0.000364
-0.000364
-0.013136
0.012408
-0.000364
-0.013136
-0.000364
0.012408
-0.000364
-0.013136
-0.000364
-0.000364
0.012408
-0.000364
-0.000364
-0.000364
-0.000364
-0.000364
0.012407
0.012405
-0.000364
-0.000364
-0.000364
-0.000364
-0.013133
0.025172
0.012402
-0.025897
0.012403
-0.000364
-0.000364
-0.000364
-0.000364
-0.000364
0.025166
-0.000364
0.037918
-0.000364
0.012394
0.063399
-0.013113
-0.064135
0.025150
-0.000364
0.012390
-0.000364
0.012389
-0.000364
0.012387
-0.000364
-0.000364
-0.000364
-0.000364
0.012385
-0.013113
0.012385
-0.013113
0.012385
0.012384
-0.013112
-0.025864
-0.000364
-0.013117
-0.000364
0.012389
-0.000364
-0.000364
-0.013117
0.012389
-0.013117
-0.038632
0.025150
-0.000364
-0.000364
-0.013120
-0.013121
0.012394
-0.000364
-0.000364
-0.000364
-0.000364
0.037899
-0.000364
-0.000364
-0.000364
0.025137
-0.000364
-0.025864
-0.025871
END
