y[]
0.001915
0.001915
0.001915
0.014655
0.014653
-0.010823
-0.010825
0.001915
0.001915
0.001915
0.014655
0.014653
0.014651
-0.023559
-0.010825
-0.010826
0.014656
-0.010826
0.014656
0.014655
0.001915
0.001915
0.014653
-0.010823
0.014653
0.001915
0.027386
0.001915
-0.023556
0.014651
0.027383
-0.010818
-0.010820
-0.036299
-0.010826
0.027396
0.014653
0.001915
-0.036304
0.001915
0.001915
0.014656
-0.023569
0.001915
-0.010830
0.001915
0.040144
-0.036314
0.027402
-0.010828
-0.023576
0.027406
0.014658
-0.036319
-0.010833
0.001915
-0.023585
0.014666
-0.100139
0.027438
-0.023608
0.001915
0.014677
0.001915
0.052948
-0.010841
-0.023602
0.040188
0.001915
0.001915
-0.010841
0.014671
0.001915
0.027422
-0.036348
-0.010843
0.040183
-0.010839
0.001915
-0.023598
-0.023605
0.014676
0.014674
0.027428
0.001915
-0.010841
0.001915
0.014671
-0.010841
-0.010843
0.014673
-0.010843
-0.010844
-0.010846
0.001915
0.001915
0.001915
0.014676
-0.023608
0.001915
-0.010849
0.001915
0.014679
0.014677
0.027435
-0.023605
0.014676
0.001915
0.001915
-0.023608
0.001915
0.014677
0.001915
0.001915
-0.010847
-0.023615
0.001915
0.001915
0.001915
0.001915
0.014681
0.001915
0.001915
0.014679
-0.010849
0.001915
0.001915
0.014679
0.014677
0.014676
0.001915
-0.010846
-0.010847
0.001915
0.001915
0.001915
0.001915
0.001915
-0.023615
0.014681
0.014679
0.014677
0.014676
0.001915
0.001915
-0.010846
0.014676
0.001915
0.001915
0.001915
0.027432
0.001915
0.027425
0.014668
0.001915
0.001915
0.001915
-0.010838
0.040168
0.052896
-0.023572
-0.023579
0.001915
0.027409
-0.036328
0.001915
0.040158
0.052883
-0.023566
-0.023572
-0.023579
0.027409
0.001915
-0.010831
-0.061840
-0.049118
-0.023611
0.014679
-0.036382
-0.036397
-0.074753
-0.062020
0.027494
0.014702
-0.036451
0.027494
-0.010874
-0.023667
-0.100478
-0.010892
-0.010893
0.104335
-0.100505
-0.062151
-0.010903
-0.036549
-0.075057
-0.023756
-0.049446
-0.126603
0.079046
0.091826
-0.075146
-0.152386
0.014783
0.027645
0.040498
0.014773
-0.075255
-0.152605
-0.127034
-0.049711
0.053541
0.001915
0.014817
-0.075524
0.027735
0.053535
-0.036797
-0.127234
0.092337
0.130947
-0.101297
0.066435
-0.075514
-0.036822
-0.036837
-0.062705
0.014842
0.027765
-0.036862
-0.062747
0.053648
0.118217
0.001915
0.079374
-0.036807
-0.010996
-0.036827
-0.011002
-0.011004
-0.101498
-0.062772
0.040732
0.014851
-0.075725
0.066619
-0.023962
-0.049858
-0.114673
0.131449
0.105421
-0.166337
0.027818
0.053702
-0.011029
0.053682
-0.036907
0.105408
0.014844
0.014842
0.092360
-0.075604
0.040682
0.040667
-0.088530
0.040687
-0.062714
-0.036882
0.040712
0.092384
-0.023925
-0.023931
0.001915
0.040682
0.027751
-0.011002
-0.101484
-0.011017
0.066560
0.040682
-0.011006
0.053588
-0.011001
0.001915
0.053568
-0.062655
-0.023925
0.001915
-0.036857
0.027765
-0.011009
-0.049798
-0.101591
0.001915
0.040742
0.040727
-0.036897
-0.140526
-0.011044
-0.114794
0.079736
0.040803
0.001915
0.079645
0.014864
-0.049892
0.014869
-0.023995
-0.075856
0.079686
-0.024002
0.014874
0.001915
0.092583
-0.075795
0.053728
0.079585
-0.011026
-0.140544
0.170254
0.040722
0.066560
-0.023938
-0.036877
-0.062772
0.027795
0.001915
0.014852
0.131198
-0.036852
-0.011011
-0.088612
0.014852
-0.075735
-0.049885
-0.023995
-0.062890
0.014879
-0.036983
-0.011054
-0.075936
-0.101981
-0.089083
0.040924
-0.050101
-0.050128
0.105973
0.040909
0.001915
-0.024079
0.105852
-0.037049
-0.037064
0.144763
-0.088965
0.027889
0.001915
-0.102022
-0.024086
-0.011088
0.092901
-0.050067
0.014913
-0.037084
-0.024093
0.014920
0.079908
-0.011080
0.053883
0.027889
-0.089024
-0.024083
0.118851
0.144652
0.092641
-0.101779
-0.024025
0.079716
-0.049945
-0.049972
-0.049999
-0.011068
-0.024056
-0.011073
0.079817
-0.011064
-0.037033
-0.115021
-0.076119
-0.076179
0.027953
-0.050168
0.132073
0.092925
-0.063083
0.053917
-0.024083
-0.089130
0.066956
-0.102170
0.001915
-0.089249
0.014943
0.080050
-0.024123
0.027953
0.053971
0.131937
-0.050074
-0.102143
0.027940
0.079949
0.027913
-0.089106
0.118927
0.001915
-0.115097
-0.011095
0.092948
0.001915
-0.037089
-0.024096
0.001915
0.118912
0.118775
-0.075977
0.027886
0.001915
0.027879
-0.063007
-0.115052
0.040919
-0.024086
0.040914
0.105838
0.027879
0.027872
-0.075977
-0.011073
-0.011075
0.040879
-0.024059
0.001915
0.118745
0.079726
0.079665
0.105488
0.053661
0.092407
-0.062714
0.001915
-0.114522
-0.075785
0.040773
0.027812
-0.011032
0.170102
-0.023941
0.014844
-0.023945
-0.023952
-0.062781
-0.011029
-0.023978
0.001915
0.001915
-0.036938
-0.023995
0.040778
-0.011038
-0.011039
0.014869
0.001915
-0.011039
0.001915
-0.049919
-0.036978
0.001915
-0.011053
0.014883
-0.049966
-0.049993
0.014894
-0.024046
-0.024052
0.040863
-0.024049
-0.011069
0.040863
0.040848
0.001915
0.001915
0.001915
0.001915
0.001915
0.001915
0.014889
0.001915
0.001915
-0.024035
0.001915
0.001915
0.014891
0.014889
-0.049993
-0.011066
0.014896
0.001915
0.001915
-0.011066
0.027876
0.027869
-0.011061
-0.011063
0.040843
-0.011059
0.001915
0.092700
-0.011049
-0.011051
0.040808
0.053749
-0.049919
-0.011048
0.014878
0.001915
0.040793
-0.024002
-0.011046
0.001915
0.014876
-0.024009
0.014878
0.001915
0.014876
0.040788
0.014869
0.001915
0.040768
-0.023985
-0.011038
0.014868
0.014866
-0.011036
0.040763
0.014861
-0.088741
0.014871
0.053722
-0.049892
0.001915
0.014869
-0.011039
0.001915
-0.361486
-0.219367
0.145154
-0.024113
-0.154396
-0.285291
0.067262
0.158573
-0.089439
-0.063389
0.028042
0.158532
0.001915
-0.076363
0.014966
-0.024188
0.001915
-0.076434
0.080264
0.054114
0.028004
0.014957
0.001915
0.093162
-0.050216
-0.037201
0.001915
-0.050263
0.028008
0.054080
0.001915
0.001915
-0.024164
-0.115525
0.028025
-0.037252
-0.024205
0.014976
0.001915
-0.011146
0.014976
0.054141
-0.011139
0.001915
0.014969
-0.011139
-0.024198
0.001915
0.054134
-0.037247
0.014971
0.028021
-0.011137
0.001915
-0.024195
0.001915
-0.011142
0.028028
-0.011141
-0.024201
-0.024208
-0.024215
0.028045
-0.024215
-0.011153
0.041113
0.014978
-0.011147
-0.011149
0.001915
0.041103
0.001915
-0.011146
-0.011147
-0.011149
-0.011151
-0.011153
0.001915
0.054175
0.001915
-0.011147
0.028038
-0.024208
0.001915
0.014978
0.028035
0.001915
0.067185
-0.037242
0.014969
0.001915
0.001915
0.145396
-0.011120
0.041016
0.014945
0.093079
0.066981
-0.063151
0.053971
-0.024110
-0.050155
-0.024130
0.053998
0.014932
-0.011102
-0.011103
0.040965
0.001915
0.105973
-0.011086
-0.024093
0.105906
-0.050067
0.079878
-0.076048
-0.076108
-0.024106
0.014927
0.118943
0.066871
-0.024062
0.053863
0.053836
0.001915
0.053809
0.027852
0.066728
-0.024005
-0.062915
0.066745
0.027835
-0.024005
0.001915
-0.036978
0.001915
0.027845
0.053755
0.079625
-0.011032
-0.036938
-0.062873
0.001915
0.014876
0.001915
0.040788
0.014869
0.066661
0.053682
-0.049852
0.053682
0.260346
-0.049718
0.014826
-0.010996
0.014826
-0.010996
-0.036827
0.001915
-0.062689
-0.011011
0.027765
0.040677
-0.036847
-0.023935
-0.011012
0.014842
0.040687
0.027755
-0.023925
0.014836
-0.011006
0.053588
0.040652
0.053541
-0.075534
0.001915
-0.036832
0.001915
0.027748
0.014829
-0.062672
END
