y[]
-0.015258
-0.015260
0.027512
0.013252
-0.001002
-0.058031
0.056027
-0.058031
0.041773
0.098734
-0.043734
-0.086521
0.056019
0.055986
-0.057990
0.013248
0.013246
0.013244
0.098663
-0.001002
0.027456
-0.015230
-0.001002
0.013226
-0.029460
-0.043704
-0.057966
0.041724
0.027472
-0.072202
0.013242
-0.029492
0.055970
-0.072222
-0.058015
-0.072314
-0.001002
0.041791
0.013258
0.013256
-0.001002
-0.015260
-0.001002
-0.015262
-0.015264
0.056035
0.070248
-0.029496
0.013246
0.013244
-0.001002
-0.015248
0.013244
-0.001002
-0.015248
0.055970
-0.015242
0.027476
-0.001002
-0.015240
0.013236
0.027468
0.041687
-0.029460
0.027456
-0.015230
-0.015232
-0.001002
-0.001002
-0.043704
0.027468
-0.001002
0.027460
0.041675
0.055873
-0.015218
-0.015220
0.013216
-0.001002
0.013214
-0.029435
0.013216
0.013214
-0.029435
-0.001002
0.013216
-0.015220
-0.015222
0.013218
-0.001002
-0.029443
-0.001002
0.013220
0.041651
-0.015218
-0.015220
-0.001002
-0.001002
-0.029443
-0.001002
0.013220
-0.001002
0.013218
-0.001002
-0.029443
0.013220
0.013218
0.013216
0.041639
0.013208
-0.001002
-0.001002
-0.001002
-0.015212
0.013208
0.027411
-0.015208
-0.015210
0.013205
-0.015210
-0.001002
-0.043637
-0.015218
-0.001002
-0.029439
-0.015224
-0.029452
-0.001002
-0.001002
0.013224
-0.001002
-0.015228
-0.029460
0.013228
-0.015232
-0.001002
-0.001002
-0.072182
-0.043734
0.041730
-0.001002
0.027476
0.070157
0.084322
-0.057877
0.027439
0.070066
-0.029423
-0.043649
-0.015222
-0.015224
0.013220
0.041651
-0.029435
-0.057893
0.013224
-0.001002
0.013222
-0.001002
-0.001002
-0.015226
0.055881
-0.029439
0.027435
-0.015220
-0.043667
0.027443
0.013218
-0.015222
-0.029448
0.013222
-0.015226
0.013222
-0.001002
-0.001002
0.013220
-0.015224
0.013220
0.013218
0.013216
-0.001002
-0.029439
-0.029448
-0.043685
-0.015234
-0.015236
0.013232
0.013230
-0.001002
-0.001002
-0.015234
-0.001002
-0.001002
-0.001002
-0.001002
-0.001002
0.013230
-0.001002
-0.001002
-0.001002
-0.015234
-0.001002
0.027460
-0.015232
-0.015234
0.013230
-0.015234
0.013230
-0.015234
-0.001002
-0.015236
-0.029476
-0.015242
-0.029488
0.013242
-0.015246
0.013242
0.013240
0.027476
-0.001002
-0.001002
-0.001002
-0.029480
-0.001002
-0.015244
-0.001002
0.013240
0.027476
-0.015240
-0.001002
-0.001002
0.013236
-0.029480
-0.015244
0.013240
-0.001002
0.041712
0.027464
-0.001002
0.013228
0.013226
0.041669
-0.015224
-0.001002
-0.001002
-0.001002
0.013220
-0.001002
0.013218
-0.015222
-0.001002
-0.001002
-0.015224
-0.001002
-0.001002
-0.001002
0.027439
0.013216
-0.001002
-0.001002
-0.015220
-0.015222
0.013218
-0.015222
-0.001002
-0.015224
-0.001002
-0.001002
-0.001002
-0.001002
-0.057909
-0.015234
0.013230
-0.015234
-0.001002
-0.015236
-0.001002
-0.001002
0.055921
-0.015230
-0.043698
0.027464
-0.015234
-0.001002
-0.001002
-0.001002
-0.001002
0.013230
-0.001002
-0.001002
0.013228
-0.015232
0.013228
-0.015232
-0.001002
-0.001002
-0.029468
-0.001002
0.013232
0.013230
0.013228
-0.001002
-0.015232
0.013228
-0.001002
-0.001002
0.013226
0.013224
-0.015228
0.013224
-0.001002
0.013222
-0.015226
-0.001002
-0.001002
-0.001002
-0.015228
-0.015230
-0.001002
0.013226
-0.029460
-0.001002
0.013228
-0.015232
-0.015234
-0.001002
0.027460
0.027451
-0.015228
-0.001002
0.013224
-0.001002
-0.001002
0.013222
-0.015226
0.013222
-0.001002
-0.001002
-0.001002
-0.001002
-0.015226
-0.001002
0.013222
-0.001002
-0.001002
-0.001002
-0.015226
0.013222
-0.001002
-0.001002
0.013220
-0.001002
-0.001002
-0.015224
-0.001002
0.013220
-0.001002
0.013218
-0.015222
-0.001002
-0.001002
-0.029448
-0.015228
-0.015230
-0.015232
0.013228
-0.001002
0.027451
-0.001002
-0.015228
-0.001002
-0.001002
0.013224
-0.015228
0.013224
-0.015228
-0.029460
-0.001002
-0.015234
0.055913
-0.001002
0.027443
0.013218
-0.001002
0.055856
-0.029427
-0.001002
0.041633
-0.001002
-0.001002
0.013205
-0.015210
0.013205
0.055808
-0.015202
0.013197
-0.001002
-0.029403
0.013199
-0.001002
-0.001002
-0.029407
-0.029415
0.070016
-0.029403
-0.001002
-0.015206
-0.001002
-0.029415
0.013205
-0.029419
-0.029427
-0.015218
-0.001002
-0.029439
-0.001002
0.013218
-0.001002
0.013216
0.013214
-0.001002
-0.001002
-0.015218
-0.015220
0.013216
0.027427
0.027419
-0.001002
-0.029423
-0.015216
-0.001002
-0.015218
-0.015220
0.027431
-0.015218
-0.015220
0.027431
-0.015218
-0.001002
0.013214
-0.015218
-0.001002
0.013214
-0.001002
-0.001002
0.027423
-0.001002
0.013208
0.027411
0.013201
0.013199
-0.015204
-0.001002
-0.015206
0.013201
-0.001002
0.013199
0.027395
-0.015200
-0.001002
-0.029403
-0.001002
-0.001002
-0.001002
-0.001002
-0.043619
0.041615
-0.001002
0.013199
-0.015204
-0.001002
0.013199
-0.029407
0.013201
-0.029411
0.027407
0.013199
0.013197
0.013195
0.013193
-0.015198
-0.001002
0.013193
-0.001002
-0.029395
-0.001002
0.013195
-0.001002
-0.029399
-0.001002
-0.001002
0.013197
-0.001002
0.055776
-0.029387
0.027383
-0.029387
0.084128
-0.015185
-0.029375
-0.015192
-0.001002
0.055744
-0.114526
0.027391
-0.029395
0.027391
-0.057796
-0.043619
-0.001002
0.027411
0.027403
-0.001002
0.013197
0.027391
0.013191
-0.001002
0.084116
-0.057740
0.041554
-0.057748
-0.043582
-0.001002
0.013193
-0.001002
-0.015198
-0.057804
-0.001002
0.013201
0.013199
0.013197
0.069965
-0.015192
0.013187
-0.001002
-0.001002
0.013185
-0.029379
0.027375
-0.015189
-0.057772
-0.029399
0.041590
0.027383
-0.043582
0.027387
0.041566
-0.001002
-0.043570
0.041566
-0.015189
0.027371
0.013181
-0.015185
0.013181
-0.001002
0.013179
0.041530
-0.015177
0.055687
0.013165
-0.001002
-0.015169
-0.001002
-0.015171
-0.001002
0.027335
0.013163
-0.001002
-0.029335
-0.001002
0.027331
-0.001002
0.041482
-0.043486
-0.015167
-0.015169
0.013165
-0.015169
-0.029343
-0.001002
0.013169
-0.001002
0.013167
-0.015171
-0.015173
0.013169
0.013167
-0.029343
-0.001002
0.027339
-0.001002
-0.001002
0.055655
-0.001002
-0.001002
-0.001002
-0.015163
-0.043498
0.027331
-0.029335
0.027331
-0.001002
0.013161
-0.001002
-0.029331
0.027327
-0.015165
0.027323
0.013157
-0.015161
0.013157
-0.015161
-0.029327
-0.001002
-0.015167
-0.001002
-0.001002
0.013163
-0.001002
0.013161
-0.057667
-0.001002
0.013167
-0.043516
-0.015177
0.041518
-0.001002
0.013167
0.027331
-0.015167
0.013163
0.013161
0.055631
0.069744
-0.057595
0.041446
-0.015149
0.041434
-0.029291
0.013143
-0.001002
-0.001002
-0.001002
-0.015147
-0.001002
0.013143
0.013141
-0.001002
-0.001002
0.013139
-0.029287
0.013141
-0.015145
0.027282
-0.001002
0.027274
-0.001002
-0.043420
0.013139
-0.029287
-0.001002
0.013141
-0.001002
-0.001002
-0.015145
-0.001002
0.013141
-0.001002
-0.001002
0.027278
-0.015141
-0.015143
-0.001002
0.013139
-0.043432
-0.001002
-0.001002
-0.001002
-0.015149
-0.001002
-0.015151
-0.001002
-0.001002
-0.001002
0.013147
-0.001002
0.013145
-0.015149
-0.015151
0.013147
-0.015151
0.013147
-0.015151
0.013147
-0.015151
0.013147
-0.015151
0.027294
-0.015149
-0.015151
0.013147
-0.001002
-0.015151
0.013147
-0.001002
-0.015151
-0.015153
-0.015155
-0.015157
-0.015159
0.013155
0.013153
-0.001002
-0.001002
-0.001002
-0.001002
-0.015157
0.013153
-0.015157
-0.001002
-0.001002
-0.001002
-0.001002
0.013153
-0.001002
0.013151
-0.015155
0.013151
-0.015155
-0.001002
0.027302
-0.015153
-0.001002
-0.015155
0.041452
-0.015151
END
