y[]
0.012949
0.062954
-0.049564
-0.037079
-0.037093
-0.012073
0.012957
-0.024589
0.000442
0.000442
0.000442
0.012958
-0.049633
0.012963
-0.037126
0.038010
0.000442
0.025480
0.037987
0.037972
-0.012067
0.025458
0.062954
-0.024558
0.062930
0.012935
0.050398
-0.012045
0.025414
-0.037018
-0.049527
-0.024552
0.087893
-0.049521
-0.024549
0.050417
0.025420
-0.037028
-0.012051
0.000442
-0.049546
-0.049571
0.037954
-0.049577
-0.012067
-0.049608
0.000442
0.037982
-0.024583
-0.137308
-0.012090
-0.049702
-0.012098
-0.049734
0.012988
-0.024652
0.050624
0.025523
0.000442
0.025517
0.125724
0.100555
-0.099671
0.063024
-0.037103
-0.012076
0.012960
0.025473
0.012955
-0.037103
0.075517
-0.099671
-0.024602
0.000442
-0.087261
0.088145
0.025486
0.025480
0.037987
0.025464
-0.012068
-0.012070
0.037972
-0.112192
-0.175019
-0.087404
-0.074916
-0.125281
0.038175
0.126117
0.050668
0.113358
0.063118
0.000442
0.038029
-0.137446
0.000442
-0.074850
0.100818
-0.049734
-0.074869
0.075753
0.000442
-0.024655
-0.162844
-0.037277
-0.226173
0.038247
0.000442
0.088598
-0.112915
0.151556
0.088487
-0.087603
-0.062495
0.000442
0.113699
0.050737
0.113514
-0.125202
0.013013
0.038147
-0.163049
0.113657
0.088409
0.038119
0.088299
0.088222
-0.062250
-0.062289
0.075715
0.175859
-0.062172
-0.037145
0.000442
0.113160
0.075517
-0.112192
0.075545
-0.049621
0.000442
-0.037121
-0.062195
0.038029
-0.037145
0.025501
0.012969
-0.024614
-0.024621
-0.087327
-0.062297
0.088266
0.000442
-0.024643
0.000442
0.088211
0.000442
-0.087327
0.088211
-0.012092
0.063095
0.012968
0.025489
0.063032
0.062993
0.025451
0.012944
-0.012060
0.050442
0.100367
0.025408
0.037879
0.062806
0.050305
0.000442
-0.024486
0.000442
-0.036962
0.012912
-0.024499
-0.099383
0.050367
0.050342
-0.049458
0.037869
0.025386
0.087697
0.075171
0.062674
-0.012001
-0.049346
0.000442
-0.049371
0.012898
-0.074315
0.000442
-0.012023
0.025370
0.050280
-0.036934
0.050274
0.124913
-0.074222
-0.012007
0.012891
0.137283
0.087426
0.136978
-0.074009
0.000442
-0.011972
0.074902
0.124419
-0.024341
-0.086347
-0.061597
-0.011970
0.025265
-0.024381
0.074893
0.012845
-0.098826
0.012856
0.124496
0.012839
0.111945
-0.086272
-0.011952
0.050008
-0.036730
0.037614
0.000442
0.037601
0.037587
0.012821
-0.011937
-0.011938
-0.024323
0.012825
0.000442
0.000442
0.012824
-0.011940
-0.024326
0.025210
-0.024326
0.012827
0.000442
0.012825
0.012824
0.037578
0.012817
-0.036689
-0.024320
-0.011941
0.012825
-0.024326
0.000442
-0.011944
0.000442
-0.011946
0.012830
-0.036726
0.025222
-0.011947
0.000442
-0.024341
-0.036744
-0.024357
0.037637
-0.011955
-0.049161
0.037647
0.000442
-0.011958
-0.011960
-0.011961
0.012845
0.012844
0.000442
0.012842
0.000442
0.000442
-0.011958
-0.024363
0.000442
0.025247
0.000442
-0.011960
0.000442
0.000442
-0.011961
-0.024369
0.012848
0.012847
-0.011963
0.012847
0.012845
0.037642
-0.024357
-0.011960
-0.074000
-0.024384
0.000442
0.000442
-0.011973
0.012857
0.000442
0.000442
-0.011973
0.012857
-0.011973
0.012857
-0.011973
0.000442
0.025271
0.025265
0.012851
-0.011967
-0.011969
-0.011970
0.012854
-0.011970
0.025265
-0.011969
0.012853
-0.024381
-0.036804
-0.011977
-0.011978
0.025281
0.000442
-0.011977
0.012860
0.000442
0.000442
0.000442
0.012859
-0.011975
0.062511
0.000442
0.000442
-0.011969
-0.011970
0.012854
0.000442
-0.024384
-0.011973
0.000442
-0.011975
-0.036818
-0.011981
0.000442
0.037707
-0.024400
-0.024406
-0.011984
0.025293
0.000442
0.000442
0.000442
0.000442
0.000442
0.000442
-0.011983
0.025290
0.012864
0.000442
-0.011980
0.012864
0.025281
0.037688
-0.049223
-0.024400
0.025284
0.000442
0.000442
0.000442
0.000442
-0.011978
0.012862
0.000442
0.025277
0.037684
-0.011970
-0.011972
-0.011973
-0.011975
-0.024397
0.000442
0.012862
0.012860
0.012859
0.012857
0.000442
0.000442
-0.011973
0.012857
-0.011973
0.012857
0.012856
0.000442
0.012854
-0.024384
0.012856
0.000442
0.000442
0.025265
0.012851
0.012850
-0.011966
0.000442
0.012850
-0.011966
-0.049204
0.000442
0.037679
0.000442
-0.036795
0.012856
-0.024387
0.012857
0.012856
-0.011972
0.000442
0.000442
-0.011973
0.025271
0.037674
0.000442
0.000442
0.000442
-0.036790
-0.011972
-0.011973
-0.098937
-0.036851
0.087436
0.000442
0.012864
0.000442
-0.061681
0.012870
-0.011986
-0.024418
-0.061735
0.012881
-0.061766
-0.012004
0.012888
0.112389
-0.024424
-0.049309
-0.012000
-0.036892
-0.024455
0.025339
0.037776
-0.111603
-0.012015
-0.036939
0.075190
-0.099234
-0.024493
-0.074399
0.000442
-0.012037
0.050348
-0.024508
-0.012035
-0.037000
0.037883
0.062813
0.062774
0.037823
-0.049402
0.000442
-0.124277
0.012921
0.037869
-0.074427
0.012924
0.000442
0.112710
-0.012026
-0.036972
-0.049464
0.012921
0.025395
-0.012034
-0.061961
-0.024530
0.025414
-0.061999
0.025423
0.012930
0.050380
-0.012040
0.037883
0.000442
0.037869
-0.036986
0.000442
0.012919
0.087740
0.025370
-0.036953
0.100130
0.000442
-0.012014
-0.049396
0.037823
0.000442
0.025355
-0.024471
-0.049402
0.050286
-0.049402
0.000442
0.050286
-0.012017
-0.049408
0.012907
-0.024489
-0.036967
0.000442
0.025383
-0.024499
0.037851
-0.049440
0.012915
0.050317
0.012907
-0.012023
0.025370
-0.061891
0.037846
-0.024493
0.012910
-0.049440
-0.036986
-0.012037
-0.024521
-0.086976
0.012935
0.037912
-0.012046
0.025417
-0.049514
0.000442
0.012933
-0.137049
-0.037089
0.150480
0.000442
-0.062046
0.025442
-0.012057
0.062922
-0.074539
-0.149689
0.037996
0.025470
-0.087184
0.113090
0.000442
0.062969
-0.037070
-0.037084
0.012952
0.012951
0.037958
-0.037074
0.050461
0.037940
0.337290
-0.061852
0.062736
0.100031
0.124789
-0.061712
-0.074194
0.025327
0.062627
-0.173774
0.000442
0.050249
-0.161522
-0.086878
-0.012039
0.062829
-0.036986
-0.061968
-0.037023
0.075358
-0.124449
-0.124605
-0.062140
0.113062
0.037954
0.075423
0.100330
-0.037004
-0.074492
-0.112065
0.037958
0.125395
0.050380
-0.074474
-0.124542
-0.112178
-0.149915
0.038052
0.012976
0.050561
0.038015
0.125583
0.050454
-0.012059
-0.049577
-0.087151
-0.062172
0.125630
-0.062132
0.000442
-0.024599
0.138088
0.262696
-0.061937
0.025398
-0.012035
0.000442
0.162527
0.075162
-0.061821
0.075152
0.012888
-0.061805
0.012894
-0.036920
-0.012015
-0.061867
-0.012025
-0.036967
-0.036981
0.000442
-0.036995
-0.099458
0.025426
0.125270
-0.024511
-0.024517
-0.012040
-0.074483
-0.112051
0.012947
0.112921
-0.087031
0.112893
-0.037028
0.150236
-0.024508
-0.036995
-0.049496
0.200043
0.012904
0.062728
-0.024468
0.075152
0.025333
-0.074250
-0.012012
0.037800
0.050230
-0.061797
0.037790
0.062658
0.137181
0.025284
0.050107
0.099698
-0.049174
-0.049198
-0.123766
0.025296
-0.086574
-0.036874
-0.211277
-0.049440
-0.012032
-0.124386
0.087838
0.000442
-0.124433
-0.112079
0.075470
0.087904
-0.087020
-0.224812
0.000442
-0.024618
0.163217
-0.074652
-0.049652
0.150649
-0.187352
-0.175151
0.063189
-0.012104
-0.087426
-0.049803
-0.074973
0.075857
0.000442
0.050687
-0.049803
0.075800
-0.037230
0.038114
-0.049790
-0.062384
0.013010
-0.012126
0.013010
-0.024696
0.000442
0.000442
0.013012
0.013010
-0.012126
0.013010
0.013009
-0.012125
-0.012126
0.000442
0.038142
0.126007
END
