y[]
0.000074
-0.013516
-0.013518
0.013665
0.000074
-0.013518
0.027255
0.013662
0.040826
0.013654
0.000074
-0.013507
-0.013509
0.000074
-0.013510
0.000074
-0.013512
-0.013514
0.000074
0.000074
0.000074
0.000074
-0.013516
0.013663
0.013662
0.013660
0.000074
0.000074
0.013658
0.013656
0.000074
0.000074
-0.027093
0.027240
0.000074
0.000074
0.000074
-0.027093
0.000074
0.013658
0.000074
0.013656
0.000074
0.000074
0.000074
0.000074
0.000074
0.000074
0.013654
0.000074
0.000074
0.013652
0.000074
-0.013505
0.013652
0.040799
-0.013499
0.013647
0.013645
0.013643
-0.013496
0.000074
0.013643
-0.013496
0.013643
0.000074
-0.013496
0.013643
0.000074
-0.027067
0.000074
0.013645
0.000074
0.000074
0.000074
-0.013498
-0.013499
-0.027078
0.027226
0.013647
-0.013499
-0.013501
0.013649
0.000074
0.000074
0.000074
-0.027078
0.040799
-0.013499
0.000074
0.013647
0.000074
0.013645
0.013643
-0.013496
-0.013498
0.027214
-0.027067
-0.013499
0.000074
0.000074
0.000074
0.000074
0.013647
-0.027074
0.013649
-0.013501
0.000074
-0.013503
-0.013505
0.040804
0.000074
0.040788
-0.013496
-0.027071
0.000074
0.013647
-0.013499
0.013647
-0.027074
0.027222
-0.013499
-0.054237
-0.013509
0.013656
0.013654
-0.013507
0.027233
-0.013505
-0.081437
-0.027111
0.013667
-0.040712
-0.013525
0.027270
0.013669
0.013667
0.013665
0.013663
-0.013516
-0.027111
-0.013521
-0.013523
0.027266
-0.027119
0.040860
0.000074
0.027255
-0.013516
0.040837
0.013658
0.000074
-0.013510
0.000074
-0.013512
0.013660
0.000074
0.013658
-0.013510
0.013658
-0.027096
0.013660
-0.013512
0.013660
-0.013512
0.000074
0.000074
0.000074
-0.013514
0.000074
0.000074
0.000074
0.000074
0.027248
-0.040690
-0.013518
-0.013520
-0.013521
0.027262
0.000074
0.000074
0.000074
0.000074
-0.040712
0.000074
0.000074
0.000074
0.000074
0.000074
0.027266
-0.013521
0.000074
-0.013523
0.027266
-0.013521
0.027262
0.040843
-0.013514
0.000074
0.013662
0.013660
-0.013512
0.013660
-0.013512
-0.027104
0.000074
0.013663
-0.013516
0.013663
0.000074
0.013662
0.000074
0.000074
0.000074
0.000074
0.027244
0.000074
-0.013510
0.027240
-0.027093
0.013658
0.000074
0.000074
-0.013510
-0.013512
-0.013514
0.000074
-0.013516
0.000074
-0.013518
0.040843
0.000074
-0.013514
-0.027108
0.013665
-0.013518
-0.027115
0.000074
0.013669
0.000074
-0.013521
0.000074
-0.013523
-0.027126
0.027274
-0.013525
0.027270
0.013669
-0.013521
0.027262
0.027255
0.081573
-0.027085
-0.027093
0.013658
-0.013510
-0.067875
-0.013521
-0.067930
0.013678
-0.027137
0.081684
0.040854
0.095163
0.013651
0.000074
-0.027082
0.027229
0.013649
0.000074
-0.027078
-0.040668
0.000074
0.013656
-0.095041
-0.027119
-0.027126
0.068059
0.068013
0.013656
0.013654
0.054377
0.000074
0.027214
0.000074
-0.040640
0.027218
0.000074
0.000074
0.067903
-0.027052
-0.027060
-0.067792
0.000074
0.013651
0.000074
0.013649
0.013647
-0.027074
0.040793
0.040777
-0.027060
0.000074
0.013641
-0.013494
-0.040640
0.027218
-0.013498
0.000074
0.013645
-0.013498
0.013645
-0.027071
0.027218
-0.054222
0.027226
0.013647
0.000074
-0.013499
-0.013501
0.013649
-0.067820
0.000074
0.000074
0.013656
-0.054267
-0.027108
0.027255
0.027248
0.000074
0.000074
0.000074
-0.027100
0.040832
0.027237
0.040804
-0.040657
0.000074
0.000074
0.040804
-0.040657
0.013652
-0.013505
-0.040673
-0.040690
-0.013518
0.013665
-0.013518
0.013665
-0.013518
-0.027115
0.054444
0.013662
-0.013514
-0.013516
-0.013518
-0.067912
-0.054348
0.040893
-0.013531
-0.040751
0.054503
-0.067967
-0.095262
0.027322
0.000074
-0.013549
0.054555
-0.027163
0.000074
0.013693
0.040921
0.040904
-0.054370
0.000074
0.013688
0.054510
-0.040751
0.027292
0.013680
0.013678
0.027277
0.013673
0.000074
0.000074
-0.040729
-0.054355
-0.027152
0.013688
0.000074
-0.013540
-0.054400
-0.013549
-0.068069
0.013706
0.013704
0.000074
0.000074
0.000074
0.000074
-0.013557
0.027333
-0.013555
0.013702
0.013701
-0.013553
-0.013555
0.000074
0.000074
-0.013557
0.000074
0.000074
0.000074
-0.013559
0.000074
0.000074
-0.013560
0.000074
0.081851
0.027318
0.000074
-0.040795
0.000074
0.013699
0.013697
-0.013549
0.000074
0.040937
0.000074
-0.027167
0.000074
0.000074
0.027314
-0.013546
0.000074
-0.013547
-0.013549
0.013697
0.000074
-0.013549
-0.027178
0.000074
0.013701
-0.027182
0.027329
0.040943
0.013693
-0.013546
0.013693
0.000074
0.013691
0.040915
-0.027152
0.000074
-0.013542
0.013689
0.040910
0.000074
0.013682
-0.027145
0.054503
0.000074
-0.013531
0.040882
0.013673
0.000074
-0.027126
-0.013529
-0.027137
-0.013534
-0.040762
0.000074
0.027299
-0.013538
-0.054392
-0.013547
0.013695
-0.013547
0.000074
0.000074
-0.013549
-0.013551
0.013699
-0.013551
-0.013553
-0.040818
0.013706
0.013704
0.000074
-0.027189
0.013706
-0.054467
0.000074
0.013712
-0.027204
0.000074
-0.068153
0.027370
0.013719
0.013717
0.000074
0.000074
-0.013570
0.000074
0.000074
0.027359
0.000074
0.013714
0.000074
0.000074
-0.013566
0.013714
-0.013566
0.013714
0.000074
-0.013566
-0.027211
-0.027219
0.013721
0.000074
0.027363
-0.027215
0.013719
-0.027219
0.013721
0.000074
0.013719
-0.013572
-0.013573
-0.013575
0.000074
-0.013577
-0.027234
0.000074
-0.027241
0.027389
0.000074
-0.013583
-0.040907
0.013736
0.027392
0.000074
0.013730
0.013728
-0.013581
-0.027241
0.013732
0.041038
0.000074
0.013725
0.054659
0.000074
-0.027215
-0.013573
0.000074
0.000074
0.013721
0.000074
0.000074
0.013719
0.000074
0.000074
0.013717
0.013715
0.027351
0.000074
0.000074
0.000074
0.000074
-0.013564
-0.013566
0.013714
0.000074
0.013712
0.000074
-0.013564
0.000074
0.013712
-0.013564
0.013712
0.000074
0.013710
-0.013562
0.000074
0.013710
0.000074
0.013708
0.013706
0.013704
0.000074
-0.013557
0.000074
0.013704
0.013702
0.000074
-0.013555
-0.013557
0.000074
-0.013559
0.013706
-0.027193
0.040971
-0.013557
0.013704
-0.013557
0.027333
-0.027185
0.000074
0.000074
0.013704
0.040954
0.000074
-0.027178
0.000074
-0.054452
0.054599
-0.027185
0.013704
0.000074
0.013702
0.013701
0.081795
0.013688
0.000074
0.000074
0.013686
-0.013538
0.027296
-0.040762
0.027299
-0.013538
0.000074
0.013686
-0.054385
0.040921
0.000074
0.054510
0.054481
0.000074
0.013671
0.013669
-0.013521
0.000074
-0.013523
-0.027126
0.000074
0.000074
0.000074
0.000074
-0.013529
0.000074
-0.013531
-0.040751
-0.027152
-0.054400
-0.027174
-0.013553
0.000074
0.000074
0.040948
0.000074
-0.027174
0.013699
0.013697
-0.013549
0.013697
0.000074
-0.013549
-0.013551
0.013699
0.013697
-0.013549
0.013697
-0.027174
0.027322
-0.027174
0.013699
0.000074
0.000074
0.000074
0.000074
0.027318
0.000074
0.000074
0.000074
0.013693
-0.013546
0.040926
0.013688
0.013686
0.013684
-0.027148
0.013686
0.027292
0.013680
0.027281
0.013675
0.013673
0.040860
0.000074
-0.027115
0.000074
0.000074
0.000074
0.013669
-0.027119
0.013671
0.027262
-0.013520
0.013667
0.000074
-0.013520
-0.027119
0.013671
0.013669
0.000074
-0.013521
0.000074
0.027262
-0.013520
-0.013521
-0.013523
0.027266
0.013667
0.068013
-0.040684
-0.013516
0.027251
-0.027104
0.000074
-0.013518
-0.013520
0.027259
0.013663
-0.040701
0.000074
-0.013521
END
