y[]
0.010591
0.023079
0.097960
-0.064305
-0.039362
0.010586
-0.026880
-0.001902
0.010588
0.670244
-0.113613
-0.001902
-0.126172
-0.151230
-0.001902
0.010550
0.047892
0.122476
0.097489
0.134600
-0.014304
-0.039116
-0.063956
0.184144
0.134312
0.010472
-0.026652
-0.076187
-0.039065
-0.039079
-0.187995
0.060167
0.146907
-0.014295
-0.051487
0.134397
0.072364
-0.175277
-0.001902
0.010492
0.097194
0.010478
-0.014282
0.097095
-0.014272
-0.026645
-0.014276
-0.026655
0.022850
-0.113337
-0.063864
0.084833
-0.063849
-0.039088
-0.014301
0.022893
0.022887
-0.039088
0.010495
0.035279
0.010489
0.010487
-0.001902
0.010486
-0.014290
-0.001902
-0.014291
0.010487
-0.014291
-0.026685
-0.039088
0.047676
-0.051481
0.010495
-0.039098
0.022896
-0.001902
0.022890
0.022884
-0.014295
0.010490
-0.039084
-0.001902
-0.001902
0.022887
-0.014296
-0.014298
0.035279
-0.001902
-0.001902
0.010489
-0.026685
-0.001902
0.010490
-0.001902
-0.001902
-0.001902
-0.001902
0.010489
0.010487
-0.001902
-0.001902
0.010486
0.010484
-0.001902
-0.001902
0.047627
0.010476
-0.026661
-0.001902
-0.001902
0.010478
-0.014282
0.010478
0.035229
0.022844
0.035206
-0.001902
-0.001902
0.022829
0.010461
-0.014265
0.010461
-0.014265
0.035183
-0.026624
-0.038996
-0.001902
0.010464
0.010463
0.010461
0.022820
-0.014262
0.121631
0.010443
-0.026594
0.022789
-0.026594
-0.001902
-0.001902
0.022789
-0.001902
-0.001902
-0.014247
-0.001902
-0.051297
-0.001902
-0.001902
-0.014255
-0.001902
0.010450
-0.014255
-0.001902
-0.026612
0.010453
0.022804
-0.001902
0.010449
-0.014253
-0.038964
-0.001902
-0.026618
0.022814
-0.026618
0.022814
-0.026618
0.022814
-0.038978
-0.001902
-0.014264
0.010460
0.022817
-0.038983
-0.014265
0.022823
-0.014264
-0.001902
-0.014265
0.059899
-0.026618
0.035169
0.010452
0.010450
0.035146
-0.014250
0.010446
0.010444
0.010443
-0.026594
-0.001902
-0.001902
-0.014250
-0.026603
-0.001902
0.022798
-0.014252
-0.001902
-0.026606
0.010450
-0.014255
-0.001902
-0.014256
-0.026615
-0.026621
0.010458
-0.014262
-0.001902
0.010458
-0.026624
0.035178
0.010455
-0.014259
-0.026621
-0.038992
0.010463
-0.026633
-0.014270
-0.014272
-0.051395
-0.026658
-0.014282
0.010478
0.047603
0.010470
-0.001902
-0.014275
-0.026652
0.022847
-0.014276
-0.039033
-0.001902
-0.014282
0.022856
-0.001902
-0.001902
0.022850
0.022844
0.010469
-0.014273
-0.001902
-0.014275
0.047578
-0.001902
-0.001902
0.010464
0.010463
-0.014267
-0.014268
-0.014270
-0.014272
0.010467
-0.014272
-0.001902
-0.026645
-0.001902
-0.014276
-0.001902
0.010472
-0.014276
-0.026655
0.010475
0.022847
0.072309
-0.026633
0.010464
0.084619
-0.051334
-0.014264
0.035178
-0.026621
0.022817
0.084566
0.010444
-0.001902
0.022786
-0.026591
-0.051297
0.109202
-0.026581
-0.026587
0.047462
-0.038923
-0.038937
0.010444
-0.038946
0.022795
-0.038951
0.146209
-0.038910
-0.051267
-0.014247
-0.038946
-0.014253
0.059838
-0.001902
0.059800
0.010434
0.010432
-0.063589
0.059784
-0.038910
-0.014241
-0.001902
0.010437
-0.038923
-0.075985
-0.026609
0.010452
-0.026612
-0.051340
-0.001902
-0.038996
-0.051383
0.035210
0.035197
-0.014267
0.035187
-0.063726
-0.100900
0.022856
-0.014281
-0.088595
-0.150693
-0.051548
0.035335
0.022915
-0.051542
0.010510
0.035326
-0.026719
-0.113655
-0.039181
-0.039195
0.022961
-0.051635
0.060260
-0.064064
-0.163704
-0.026818
0.035469
0.010552
0.085233
-0.001902
0.085157
-0.088961
-0.051684
0.047880
0.047855
-0.088994
-0.001902
-0.001902
0.047874
0.035414
-0.051660
0.022980
0.022973
0.035400
0.010529
0.010527
-0.026762
-0.014335
0.022961
-0.076511
0.010536
-0.026781
-0.039232
0.085179
-0.014338
-0.076548
0.060306
-0.051666
-0.026793
0.110059
0.022961
0.072650
-0.026747
-0.076473
-0.026772
-0.014339
0.022970
0.097526
-0.014325
0.022943
0.022936
0.010515
-0.051579
0.010519
-0.026747
0.022943
-0.026747
-0.001902
0.010521
0.047775
0.060159
0.010506
0.022909
-0.014307
0.047707
0.047683
-0.026691
-0.014299
0.010495
0.084833
-0.063849
-0.088692
-0.113599
0.010515
0.035339
-0.051561
0.072576
-0.026722
0.022918
0.010506
0.060113
-0.026704
-0.014305
0.010501
-0.039116
-0.039130
0.022918
-0.026722
0.122137
-0.001902
0.035279
0.022878
0.060021
0.035233
0.010473
0.035215
0.022835
-0.014270
0.035197
0.022823
0.047529
-0.076059
-0.014267
0.072263
-0.001902
0.035160
0.010449
-0.063673
0.022811
0.084544
-0.026594
-0.026600
0.022795
-0.014250
-0.063665
-0.014259
0.035165
0.022801
-0.026606
0.047499
0.010444
-0.051297
-0.014255
0.010450
0.022798
0.010446
-0.014250
-0.001902
0.035137
0.047462
0.010435
0.084416
0.035069
0.071999
0.010409
-0.063475
0.022731
-0.014218
-0.038859
-0.014224
0.010420
0.035055
-0.026539
-0.001902
-0.001902
-0.001902
-0.038868
-0.026554
-0.051224
-0.001902
0.059746
-0.014229
0.047395
-0.051200
0.035073
0.047377
0.047353
0.022716
0.022710
0.022704
-0.001902
-0.026508
0.022704
0.022698
-0.026502
0.034996
0.010394
0.047268
0.010387
0.034955
0.034942
0.022653
-0.051018
-0.063331
-0.001902
-0.014192
-0.014194
-0.014196
-0.001902
0.010391
-0.063384
0.071871
0.010388
-0.014192
-0.063376
-0.014202
0.034991
0.022686
-0.038787
0.034982
-0.063384
0.010397
-0.026502
0.084172
0.034964
-0.001902
-0.038769
0.034964
0.034951
-0.001902
0.010379
-0.075612
-0.063369
0.022689
-0.075694
-0.038818
-0.001902
0.047316
-0.001902
-0.001902
-0.001902
-0.014205
-0.088061
0.022722
0.010408
0.047323
-0.001902
-0.001902
-0.001902
-0.014206
-0.014208
0.010403
0.010402
0.010400
-0.038814
-0.026518
0.022713
-0.001902
0.022707
-0.014206
0.022704
0.010399
-0.001902
-0.014203
-0.014205
0.010400
-0.001902
-0.014205
-0.014206
-0.014208
-0.014209
0.035014
-0.001902
-0.014206
-0.014208
-0.001902
0.047310
-0.026505
-0.038818
-0.001902
0.035014
-0.014206
-0.001902
-0.014208
-0.014209
-0.001902
0.010405
0.047310
0.059580
-0.014196
-0.001902
-0.001902
-0.026493
0.022689
-0.001902
-0.001902
-0.001902
-0.014197
0.022686
-0.001902
-0.026490
-0.026496
-0.001902
-0.014202
-0.014203
-0.001902
0.010399
0.010397
0.010396
-0.063407
-0.001902
-0.038823
0.022713
-0.014209
-0.026521
-0.026527
0.022722
-0.014214
-0.014215
-0.014217
0.010412
-0.014217
-0.001902
-0.014218
0.035041
0.010409
0.010408
-0.001902
-0.001902
-0.026524
-0.051163
0.010415
-0.026539
-0.026545
0.010420
0.047371
-0.026536
0.010415
0.010414
0.010412
-0.026533
-0.001902
-0.001902
-0.038859
0.022737
0.022731
-0.014218
0.022728
-0.014217
0.035037
0.022716
-0.001902
-0.026521
0.022716
-0.014211
-0.001902
0.010406
-0.001902
-0.014211
-0.014212
0.010408
-0.038837
-0.001902
0.035032
-0.014212
0.010408
-0.001902
-0.014212
0.010408
-0.014212
0.010408
0.010406
0.010405
0.010403
-0.014208
-0.001902
-0.014209
0.022710
-0.014208
-0.014209
-0.014211
-0.001902
-0.001902
-0.001902
-0.001902
-0.001902
0.022713
-0.026518
0.022713
-0.014209
0.022710
-0.014208
0.022707
0.010400
-0.001902
-0.014205
-0.001902
-0.014206
0.010402
-0.001902
-0.001902
-0.001902
-0.001902
0.010400
0.010399
0.010397
-0.014202
0.010397
0.010396
-0.014200
-0.038805
-0.038818
-0.014211
-0.014212
-0.001902
-0.026527
0.035032
0.022713
-0.014209
-0.001902
-0.014211
-0.014212
-0.001902
0.022716
0.022710
0.010402
-0.026512
-0.026518
-0.014212
-0.026527
-0.038850
0.022731
-0.014218
-0.026539
END
