y[]
-0.000803
0.014031
-0.000803
0.014029
-0.015634
-0.000803
0.028858
-0.030463
0.014029
-0.030468
-0.015638
-0.030481
0.028875
-0.000803
-0.000803
-0.000803
-0.000803
0.014033
0.014031
-0.015636
-0.000803
0.014031
-0.000803
-0.000803
0.014029
-0.000803
0.014026
-0.000803
-0.015632
-0.000803
-0.000803
0.014026
-0.015632
-0.000803
-0.000803
-0.015634
-0.000803
-0.000803
-0.000803
-0.000803
0.014029
-0.000803
-0.000803
-0.387133
-0.015691
-0.000803
-0.000803
-0.000803
-0.045482
-0.000803
-0.060406
-0.000803
-0.000803
-0.075357
-0.015720
-0.060495
-0.015731
0.058899
-0.030649
0.014122
-0.015727
-0.000803
0.029044
0.014117
0.014115
0.014113
-0.000803
0.014110
-0.030631
-0.000803
0.029026
-0.030631
-0.015720
0.058854
-0.000803
0.014106
-0.015711
-0.015714
-0.030631
0.029026
-0.000803
-0.000803
-0.015716
-0.000803
-0.000803
-0.000803
-0.000803
-0.045555
0.014117
0.043943
0.014108
0.014106
0.014104
-0.015709
0.029008
-0.015707
0.014101
0.028999
0.014095
-0.000803
-0.000803
-0.000803
-0.015700
-0.000803
-0.015703
-0.000803
0.014097
-0.015703
-0.045515
-0.030622
-0.015716
0.043930
-0.015711
-0.015714
-0.015716
-0.045555
-0.000803
0.014117
0.014115
-0.015720
-0.000803
-0.000803
-0.015723
-0.000803
-0.015725
-0.030654
0.058890
0.043943
-0.030631
-0.000803
-0.000803
-0.000803
-0.015720
0.014115
-0.030640
0.014117
0.029030
-0.000803
0.029021
-0.000803
-0.000803
-0.000803
-0.000803
0.014106
-0.000803
-0.060451
0.014113
-0.015718
-0.000803
0.014113
0.014110
0.014108
-0.015714
-0.000803
0.014108
-0.015714
0.029017
0.014104
-0.030618
-0.000803
-0.030627
-0.000803
-0.015718
-0.015720
0.029030
-0.000803
-0.015718
0.043937
-0.000803
-0.000803
-0.000803
-0.000803
-0.000803
-0.015714
0.029017
-0.015711
-0.000803
0.014106
0.014104
-0.015709
0.014104
0.014101
0.014099
0.014097
-0.000803
-0.015703
0.058783
-0.000803
-0.015696
-0.000803
-0.015698
-0.000803
0.014093
0.014090
0.058748
-0.000803
-0.015687
-0.000803
-0.000803
0.014082
-0.000803
-0.000803
-0.015687
-0.030578
-0.045482
0.058765
-0.000803
-0.045476
-0.015698
0.028986
0.014088
0.014086
-0.000803
-0.000803
-0.000803
-0.000803
-0.000803
-0.015691
-0.030587
0.028981
-0.015694
-0.015696
0.014090
0.028977
0.014084
-0.090155
0.073663
0.043850
-0.045456
-0.000803
0.043850
-0.000803
-0.000803
0.028955
-0.015680
-0.060335
-0.060371
-0.060406
0.014101
-0.060433
-0.030631
0.014113
0.029021
-0.030627
-0.060478
0.118511
-0.000803
-0.000803
0.029004
0.028995
0.058765
-0.060371
0.014093
0.043870
0.014084
-0.015689
-0.030582
0.014088
-0.000803
-0.015694
0.028977
0.028968
-0.000803
-0.015687
0.028964
0.058703
-0.030551
-0.015680
0.028950
0.014070
-0.045429
-0.000803
0.014075
-0.000803
0.014073
-0.000803
-0.015678
0.028946
-0.030551
-0.000803
-0.000803
-0.015680
0.014075
0.014073
0.014070
0.043804
-0.030538
-0.015674
-0.030551
0.028946
-0.015676
-0.060318
-0.000803
-0.015687
0.028964
0.014077
-0.000803
-0.015683
-0.030569
0.058721
0.014073
-0.000803
0.014070
-0.015676
-0.000803
-0.000803
-0.015678
0.014073
0.014070
-0.000803
-0.015676
-0.015678
-0.015680
0.028950
0.014070
-0.015676
0.014070
0.014068
-0.015674
-0.000803
0.028937
0.028928
-0.045402
0.014066
-0.000803
-0.015672
-0.015674
-0.000803
-0.000803
-0.015676
0.014070
-0.030551
-0.000803
0.028946
-0.030551
0.014073
-0.000803
-0.015678
-0.000803
0.014073
-0.000803
-0.000803
-0.000803
-0.030556
-0.000803
-0.015683
0.028955
0.028946
-0.015676
-0.000803
-0.000803
-0.000803
-0.030556
0.014075
-0.015680
-0.015683
-0.000803
-0.000803
-0.000803
-0.045456
-0.015691
0.043857
0.073585
0.014068
0.028933
-0.015669
0.028928
-0.000803
0.014059
0.043770
-0.015658
0.028906
-0.000803
-0.000803
-0.000803
-0.000803
-0.015656
0.014051
-0.015656
0.014051
-0.000803
-0.015656
-0.030516
0.014055
-0.000803
-0.000803
0.842460
-0.074489
0.102343
0.102237
-0.015516
-0.000803
0.043331
-0.030223
-0.015516
-0.015518
0.013913
0.028622
0.043318
-0.030215
0.013904
0.087394
0.072635
-0.015486
-0.030176
-0.000803
-0.030184
-0.044891
-0.000803
-0.000803
0.028592
0.013891
-0.015497
-0.015499
0.013893
0.013891
-0.000803
-0.030193
-0.015501
0.013896
-0.000803
-0.030202
0.013898
-0.015503
-0.000803
-0.015505
-0.030215
-0.015512
0.013906
0.013904
-0.000803
-0.030219
0.013906
-0.000803
-0.015512
0.013906
-0.000803
0.013904
-0.000803
-0.015510
-0.000803
-0.000803
0.028609
-0.000803
-0.015508
0.013902
-0.000803
-0.030215
-0.000803
0.013904
-0.000803
-0.015510
0.013904
-0.015510
0.013904
-0.015510
-0.000803
-0.000803
-0.000803
-0.000803
0.013904
-0.000803
-0.030219
-0.000803
-0.000803
-0.000803
-0.000803
-0.000803
-0.015514
-0.000803
-0.000803
0.013909
-0.015514
0.013909
-0.030228
-0.000803
0.013911
0.013909
-0.000803
-0.000803
0.013906
-0.015512
0.013906
0.013904
-0.015510
-0.000803
-0.000803
0.013904
-0.015510
0.013904
-0.015510
0.013904
-0.015510
-0.000803
-0.015512
0.013906
0.028609
-0.000803
0.013900
-0.015505
-0.000803
-0.000803
-0.000803
-0.015508
-0.000803
0.013902
0.013900
-0.015505
-0.000803
0.013900
-0.000803
-0.000803
0.013898
-0.000803
-0.015503
-0.000803
0.013898
-0.015503
-0.000803
0.013898
0.013896
-0.015501
-0.015503
-0.000803
-0.015505
0.028600
-0.015503
-0.015505
-0.000803
-0.000803
0.013900
-0.015505
0.013900
-0.000803
-0.015505
-0.000803
-0.015508
-0.000803
0.013902
-0.015508
-0.000803
-0.000803
0.013902
-0.000803
-0.030215
0.028609
-0.015508
-0.015510
-0.000803
0.013904
0.013902
-0.000803
-0.015508
-0.000803
-0.030219
-0.000803
0.013906
-0.000803
-0.015512
-0.000803
-0.015514
-0.030232
0.013913
0.013911
-0.030232
-0.000803
0.013913
-0.015518
-0.000803
0.013913
-0.000803
0.028622
-0.015514
-0.030232
0.028626
0.013909
-0.000803
-0.000803
-0.015514
-0.030232
0.013913
-0.015518
-0.044963
-0.000803
0.028639
0.013915
-0.059687
-0.015529
-0.000803
0.013924
-0.015529
0.028648
0.013919
0.043351
-0.015518
0.028626
-0.015516
-0.000803
0.013911
-0.000803
0.028618
0.043312
0.028596
0.028587
-0.030193
0.013893
0.043273
-0.000803
0.028570
-0.030176
0.028570
-0.015488
-0.030180
-0.000803
-0.015495
-0.030193
-0.000803
-0.000803
-0.000803
0.013893
-0.030197
0.013896
-0.000803
-0.015501
-0.015503
-0.015505
0.028600
-0.000803
0.013896
0.043279
-0.015495
-0.000803
-0.015497
-0.044898
-0.000803
-0.000803
-0.000803
-0.015505
-0.015508
0.013902
-0.015508
0.013902
-0.000803
0.028600
-0.000803
0.028592
-0.015499
-0.015501
0.013896
-0.015501
0.013896
-0.030202
-0.000803
-0.015505
0.013900
0.013898
-0.015503
-0.000803
-0.000803
-0.015505
-0.015508
-0.000803
-0.030219
-0.000803
-0.015514
0.013909
-0.015514
-0.000803
0.013909
0.013906
-0.015512
-0.000803
0.028613
-0.000803
-0.000803
-0.015510
0.013904
0.013902
-0.030215
-0.000803
-0.000803
-0.000803
-0.015512
0.013906
-0.000803
-0.000803
-0.030223
0.028618
-0.015512
0.013906
-0.030223
-0.000803
-0.000803
-0.000803
-0.000803
-0.030232
-0.000803
-0.030240
0.013917
-0.000803
0.013915
-0.030240
-0.044976
0.043370
0.013917
-0.030245
0.013919
0.013917
0.028631
0.013911
-0.030232
0.013913
0.013911
-0.015516
0.013911
0.013909
-0.000803
-0.030228
-0.089129
-0.059730
-0.030280
-0.030288
-0.074555
0.028704
0.028696
-0.045054
-0.045073
0.058220
-0.045067
-0.030323
-0.000803
0.028718
-0.015562
0.087719
-0.000803
-0.000803
-0.000803
END
