y[]
-0.034381
0.002472
0.002472
0.002472
0.027042
0.014755
-0.034381
0.027042
0.063871
-0.022083
0.014750
-0.034367
-0.009811
-0.022098
0.027042
0.002472
-0.009812
-0.022101
0.027045
-0.022101
-0.022107
-0.022113
-0.009823
0.027060
0.039343
-0.009817
0.002472
-0.009818
-0.009820
0.002472
0.002472
-0.022116
0.027060
-0.009821
0.039348
0.027048
-0.009815
0.027045
0.039320
0.063856
-0.022077
0.002472
0.002472
-0.009805
0.014749
0.002472
-0.022083
-0.009808
0.014752
0.027027
-0.009805
0.051570
-0.022074
-0.009803
-0.009805
-0.034367
-0.009811
0.014755
0.002472
0.014753
-0.009809
-0.009811
0.002472
-0.009812
0.014756
0.002472
-0.009812
0.039320
0.027030
-0.009806
0.014750
-0.009806
0.002472
-0.022089
0.014753
0.002472
0.002472
0.014752
0.002472
0.014750
0.027024
-0.022080
0.002472
0.014749
0.051564
0.014741
-0.009797
-0.009799
0.014743
0.027009
0.014738
0.039262
0.026991
0.039239
0.026976
0.026970
0.026964
0.002472
0.014716
0.051432
0.088094
0.039145
-0.058656
0.014701
0.063593
-0.009749
0.051348
-0.058626
-0.021978
0.002472
0.002472
0.002472
-0.009755
0.026925
-0.021981
0.002472
0.014699
0.002472
-0.021984
0.014701
-0.021987
-0.034227
0.014707
0.002472
0.039167
0.026928
-0.009755
-0.009757
0.002472
-0.009758
0.014702
-0.009758
0.002472
0.039158
-0.009755
0.014699
-0.009755
0.002472
-0.009757
0.002472
0.002472
-0.034223
0.002472
-0.021999
0.014708
-0.046482
-0.009770
0.002472
0.002472
0.002472
0.088136
0.002472
0.002472
-0.009761
-0.009763
0.002472
-0.034241
-0.022011
0.002472
-0.009772
0.014716
-0.009772
0.039199
0.014711
0.014710
-0.022005
0.002472
0.026949
0.014708
0.002472
0.026940
-0.009761
-0.021999
0.002472
-0.009766
0.002472
0.002472
0.088104
0.026925
-0.021981
-0.070922
0.014708
-0.009764
0.039176
0.002472
-0.046470
-0.009767
-0.070994
0.051456
-0.058761
-0.009779
-0.022035
0.014726
0.014725
-0.120122
0.014738
0.027000
0.026994
0.051498
-0.046553
-0.046578
-0.034331
0.027009
-0.046608
0.039284
0.039271
-0.071138
-0.022077
-0.034363
-0.083528
0.014762
-0.034403
0.014765
0.002472
0.039343
-0.046692
0.088494
0.002472
-0.009812
0.014756
-0.022098
-0.009815
0.051612
0.088409
0.039280
-0.034335
0.088335
0.014732
-0.022050
0.026994
-0.046578
-0.022062
-0.022068
-0.120318
0.039325
-0.071247
-0.120514
0.027081
-0.120635
0.039420
0.014785
0.014784
0.027091
0.063992
-0.022131
-0.071374
0.002472
0.002472
0.014784
-0.009839
-0.022155
0.002472
-0.046801
0.088684
0.064007
0.002472
-0.009832
0.039379
0.027069
-0.022125
-0.022131
0.027075
0.051661
0.027057
-0.034408
-0.046722
0.076255
0.027054
-0.009818
0.027051
0.002472
-0.058987
0.002472
0.002472
-0.022122
-0.022128
0.051667
0.014767
0.014765
-0.071310
0.051667
0.027060
0.014764
0.027051
0.137549
0.051546
0.002472
-0.034331
-0.009799
0.051546
0.039262
-0.022053
0.051516
0.002472
-0.034308
-0.034322
-0.034335
0.039280
-0.034335
-0.034349
0.014747
0.063826
0.014738
0.002472
-0.107978
0.027027
-0.034363
-0.009809
0.063863
-0.009803
-0.022083
0.027027
-0.022083
-0.022089
0.039311
-0.071220
0.002472
0.027042
0.014755
0.014753
0.002472
0.027030
-0.009806
0.002472
-0.009808
0.088399
-0.022071
-0.157204
-0.046710
-0.034431
0.039375
-0.022128
0.088547
0.027051
0.002472
-0.009817
-0.071292
0.027066
0.014767
0.051636
-0.022107
-0.009820
-0.182087
0.014787
0.027097
0.039397
-0.059078
0.039407
-0.145348
-0.096196
-0.022210
0.064166
-0.195083
-0.009888
0.014832
-0.009888
-0.170731
0.027234
0.039603
0.101421
0.014834
0.039548
-0.096428
-0.133675
-0.022302
-0.034700
0.113948
-0.059444
0.101519
0.051959
0.101372
0.014828
-0.009883
-0.046966
0.101323
0.101225
-0.108632
-0.009880
-0.034595
0.076592
0.101213
0.027142
-0.009862
-0.046880
-0.009870
0.101164
0.088748
-0.034494
-0.009853
0.039443
0.002472
0.002472
-0.046825
0.002472
-0.046850
0.076446
-0.009853
0.027121
-0.071492
0.051788
-0.071511
-0.046880
-0.009870
0.039493
0.002472
-0.096281
0.039516
0.014817
0.014816
-0.009871
-0.071620
0.002472
0.150602
-0.046880
0.039489
-0.059230
0.014816
0.039493
0.002472
0.014809
-0.034544
-0.121015
0.384787
-0.096050
-0.219558
-0.195303
-0.121336
0.151024
0.039576
0.014837
-0.071739
-0.121336
-0.109087
-0.109211
-0.034783
0.126603
-0.059574
0.151319
0.039649
-0.034705
0.039649
0.126296
-0.034659
-0.096611
0.113934
-0.121382
-0.096722
-0.034751
-0.121705
-0.134301
-0.009971
0.077108
-0.146856
-0.072276
0.014934
-0.147173
-0.034974
-0.147453
-0.122637
-0.035091
0.165145
-0.097603
0.040012
-0.010040
-0.085154
-0.097766
-0.022603
-0.060243
0.002472
0.027563
-0.072820
0.052673
0.077726
-0.060236
0.065180
-0.085330
0.052654
0.015014
0.052623
-0.035138
-0.010068
0.002472
0.040087
-0.035143
0.015012
-0.035153
-0.010073
0.002472
0.077717
-0.022603
0.052616
0.002472
0.015004
-0.010060
-0.035134
-0.010066
0.015011
-0.010066
0.002472
0.002472
0.040083
-0.010063
0.002472
0.027541
0.015004
0.002472
0.015003
-0.010058
0.027532
0.052572
-0.022575
0.027519
-0.010051
-0.010052
0.002472
0.002472
0.002472
0.014996
-0.010052
-0.035110
0.027528
-0.022584
0.027528
0.002472
0.014998
-0.010054
0.040045
-0.010051
0.002472
0.014995
0.014993
-0.010049
0.014993
-0.010049
0.002472
-0.022575
0.002472
0.002472
0.002472
0.002472
-0.022581
-0.035120
0.015004
-0.010060
0.040064
-0.010057
0.027528
0.027522
0.014995
-0.022575
0.014996
-0.010052
0.040040
0.002472
0.002472
-0.010049
0.002472
0.002472
-0.010051
0.014995
0.002472
0.014993
0.002472
0.040026
-0.060126
0.014995
-0.022575
-0.010054
0.002472
0.002472
0.014998
0.027519
0.027513
0.002472
0.014990
-0.035087
0.014993
0.002472
-0.047622
0.014998
-0.022581
0.027525
0.002472
0.002472
-0.022581
0.002472
0.002472
0.002472
0.002472
0.002472
-0.010057
-0.010058
0.015003
-0.010058
0.027532
0.015000
0.002472
0.002472
-0.010055
0.015000
0.014998
0.002472
0.002472
0.014996
0.002472
0.002472
0.002472
0.002472
0.002472
0.002472
0.014995
-0.022575
0.002472
-0.010054
0.002472
0.014998
-0.010054
0.014998
0.014996
-0.010052
0.014996
-0.060165
-0.085286
-0.022616
0.002472
0.015017
0.002472
-0.022619
-0.022625
0.002472
-0.060299
-0.085473
-0.010098
-0.035247
0.015047
0.065322
0.027601
0.015034
0.002472
0.027591
0.052692
0.002472
-0.022635
0.027579
0.002472
0.040120
-0.010076
0.040111
0.002472
0.040097
-0.010068
-0.010069
0.002472
0.002472
0.002472
-0.010071
0.015015
-0.022616
0.027560
0.065164
-0.047678
0.002472
0.052623
0.002472
0.015006
0.077641
0.065070
0.002472
0.014987
-0.010043
0.002472
-0.047603
0.014993
0.027510
-0.022565
-0.010049
-0.010051
0.090098
-0.047590
0.052535
0.052510
-0.022544
0.002472
0.002472
-0.022550
-0.085154
-0.010052
0.002472
-0.047641
0.040059
0.014998
0.027519
-0.135364
-0.010068
-0.010069
-0.035162
0.027563
-0.010073
0.002472
0.040101
-0.010069
-0.010071
0.002472
0.027557
-0.022613
-0.047716
0.027569
0.002472
0.002472
0.002472
-0.022625
0.027569
0.027563
0.027557
-0.010069
0.027554
0.027547
0.040073
0.052585
0.065078
-0.035087
-0.022575
-0.035110
0.015001
0.015000
0.014998
0.027519
-0.022575
-0.035110
0.027528
0.065086
-0.010047
0.027510
0.065039
0.052497
-0.047553
0.014981
END
