y[]
0.070985
-0.036164
0.011454
0.011452
-0.000452
0.047150
0.011445
-0.048048
0.035248
-0.000452
-0.012350
0.011447
0.035235
-0.024241
-0.012349
0.035235
-0.024241
0.011444
-0.036143
0.011447
0.011445
-0.012349
0.023341
-0.000452
-0.012347
0.011444
-0.000452
-0.000452
0.023335
-0.000452
-0.059930
0.035239
0.011442
-0.012346
-0.000452
-0.048042
-0.012353
0.023349
-0.012352
0.011448
-0.000452
-0.012352
0.011448
0.011447
0.011445
-0.012349
-0.000452
-0.000452
0.023341
-0.012347
-0.012349
-0.012350
-0.000452
-0.000452
-0.000452
-0.012352
-0.000452
0.011448
-0.000452
-0.012352
-0.000452
-0.000452
-0.012353
-0.012354
0.011451
-0.012354
-0.000452
-0.012356
-0.000452
-0.012357
0.011454
-0.012357
0.011454
0.011452
-0.012356
-0.000452
-0.000452
-0.000452
-0.000452
-0.000452
-0.012357
-0.000452
-0.000452
-0.012359
0.023361
-0.000452
-0.000452
0.011452
0.011451
-0.000452
-0.012354
-0.000452
-0.000452
0.011451
-0.000452
-0.012354
-0.000452
0.011451
-0.012354
0.011451
-0.012354
0.011451
0.023349
0.011447
-0.012350
-0.024253
-0.000452
-0.000452
-0.000452
-0.012354
-0.024261
-0.012359
0.011455
-0.012359
0.011455
0.023358
-0.012356
-0.012357
-0.012359
-0.000452
-0.024270
0.011458
0.023363
-0.012359
0.011455
0.011454
-0.024264
-0.000452
-0.000452
-0.000452
-0.012360
0.011457
-0.012360
0.011457
0.011455
-0.000452
0.011454
-0.000452
0.011452
-0.000452
-0.000452
-0.000452
-0.000452
-0.000452
-0.000452
-0.000452
-0.000452
0.011451
-0.012354
0.011451
-0.012354
-0.000452
-0.000452
-0.000452
-0.000452
-0.012356
-0.012357
0.011454
-0.000452
0.011452
-0.000452
-0.000452
-0.012356
-0.000452
0.011452
-0.024261
0.011454
-0.000452
-0.000452
-0.000452
-0.012357
0.011454
-0.012357
-0.000452
-0.000452
-0.000452
0.011454
0.011452
-0.000452
-0.000452
-0.024261
-0.000452
-0.012359
-0.000452
0.011455
-0.012359
0.011455
-0.000452
-0.000452
0.011454
-0.000452
-0.012357
0.011454
-0.000452
-0.024264
-0.000452
-0.000452
0.011455
0.011454
-0.000452
0.011452
-0.024261
-0.000452
-0.024267
0.011457
-0.000452
-0.024270
0.011458
-0.012361
-0.000452
0.011458
-0.000452
0.023363
-0.012359
0.023361
-0.000452
-0.000452
-0.012357
-0.024267
0.023363
-0.000452
-0.024267
-0.024273
0.023369
-0.024273
-0.012364
0.023372
0.047179
-0.000452
0.023355
-0.024258
-0.036172
0.047173
0.011451
0.011449
0.047139
-0.036143
0.047133
-0.048037
-0.000452
0.023344
-0.012349
-0.012350
-0.024253
-0.012354
0.035252
-0.000452
0.023344
0.023338
-0.000452
-0.000452
0.047111
0.047088
-0.012335
0.023313
0.035184
0.058913
-0.024193
-0.036075
-0.012329
-0.012330
0.011427
-0.000452
-0.000452
0.035176
0.035163
-0.024193
-0.024199
0.011423
0.047032
-0.036062
-0.024199
0.011423
0.011421
-0.012325
0.023293
0.011418
-0.000452
-0.024193
0.023290
-0.024193
-0.000452
-0.024199
-0.024205
0.047049
-0.012325
-0.000452
-0.000452
-0.024202
-0.012329
-0.000452
-0.000452
-0.000452
-0.012330
0.011427
-0.000452
-0.000452
-0.000452
0.023301
0.011423
-0.000452
-0.000452
0.047032
-0.000452
0.011416
-0.012319
-0.000452
-0.000452
-0.012320
0.023284
-0.012319
0.023281
0.023276
-0.012315
-0.012316
-0.012318
0.023279
-0.024182
-0.012319
-0.000452
0.011416
-0.000452
0.023279
-0.000452
-0.000452
-0.000452
0.011411
0.035129
-0.012311
-0.000452
-0.012312
0.011409
-0.024174
0.011410
0.011409
-0.012312
-0.000452
-0.012313
-0.000452
-0.012315
0.011411
-0.024179
-0.000452
0.023276
-0.000452
0.011410
-0.000452
-0.000452
0.011409
-0.012312
-0.000452
-0.012313
-0.036045
0.011414
0.011413
-0.024182
-0.012319
-0.000452
-0.000452
0.023281
-0.000452
0.011413
0.035133
0.082531
0.070621
0.035066
0.023220
-0.024123
-0.000452
0.046886
0.058688
-0.024104
-0.012280
0.035028
-0.024104
-0.035940
0.023208
-0.035944
0.035041
-0.047778
0.011382
0.035041
-0.000452
-0.035944
0.011380
-0.035953
-0.024126
0.046891
-0.071474
-0.012294
-0.000452
0.023231
-0.035978
0.023234
-0.012294
0.046908
-0.047811
-0.000452
-0.024140
0.023237
-0.012295
-0.000452
0.023234
-0.024137
-0.035990
-0.036003
0.046947
-0.012299
0.011396
-0.000452
-0.000452
-0.035999
0.035095
0.023239
0.011392
0.035070
-0.000452
-0.012291
-0.012292
-0.047828
0.035083
-0.047834
-0.000452
0.035087
0.023234
-0.047828
-0.000452
0.023239
-0.035990
-0.036003
0.023251
-0.024154
-0.024160
0.046958
0.011397
-0.047856
-0.000452
-0.000452
-0.083464
0.011411
0.035129
-0.000452
-0.024171
-0.012313
-0.000452
0.035129
-0.024171
0.011409
0.023265
0.011404
0.023256
-0.012305
0.011402
0.011400
-0.000452
-0.012304
0.046947
0.023239
-0.047839
-0.036007
0.094335
-0.024140
-0.047845
0.058786
-0.000452
0.011392
-0.000452
0.011390
-0.000452
0.023228
-0.012291
0.035062
-0.047806
-0.024137
-0.012297
-0.000452
-0.024146
0.035087
-0.047839
-0.012302
0.023248
0.011396
-0.024148
0.011397
0.035087
0.023234
0.011389
-0.012292
-0.000452
-0.024137
0.011392
0.023231
-0.047823
-0.047845
-0.000452
-0.024157
-0.000452
-0.024162
0.023259
-0.024162
0.023259
0.011402
-0.036016
0.023259
0.011402
-0.000452
0.011400
0.011399
0.011397
-0.000452
-0.012301
-0.012302
-0.012304
0.023251
-0.012302
0.011399
-0.024154
0.011400
-0.000452
-0.000452
-0.012304
0.011400
0.011399
-0.036007
-0.012306
-0.000452
-0.024165
0.023262
0.011403
-0.012306
0.011403
-0.000452
0.011402
0.023251
-0.012302
-0.000452
0.011399
-0.012302
-0.000452
-0.000452
-0.024157
0.011402
-0.012305
-0.000452
-0.000452
-0.000452
-0.012306
-0.000452
0.011403
-0.000452
-0.012306
-0.000452
-0.000452
0.011403
0.011402
-0.024160
-0.000452
-0.000452
0.011403
-0.012306
0.011403
-0.012306
-0.000452
0.011403
0.011402
-0.012305
0.011402
-0.012305
-0.012306
0.011403
-0.000452
0.011402
-0.012305
0.011402
0.011400
-0.000452
-0.012304
-0.000452
-0.012305
-0.000452
-0.000452
-0.024162
0.023259
-0.000452
-0.012306
0.011403
-0.000452
-0.000452
-0.000452
-0.000452
-0.000452
-0.012306
-0.012308
-0.000452
-0.000452
-0.000452
-0.000452
-0.000452
0.011404
0.011403
-0.000452
-0.012306
0.011403
-0.012306
0.011403
-0.012306
0.011403
-0.012306
0.011403
-0.012306
-0.012308
-0.000452
-0.000452
-0.000452
-0.024168
-0.024174
-0.000452
-0.000452
0.011410
0.023267
-0.012311
0.011407
-0.000452
-0.000452
-0.000452
-0.012311
-0.000452
-0.000452
-0.000452
0.011407
-0.024171
-0.000452
-0.000452
-0.012313
-0.000452
-0.012315
-0.000452
-0.000452
-0.012316
0.011413
-0.024182
0.011414
-0.012318
-0.000452
-0.000452
-0.000452
-0.000452
-0.000452
0.011414
-0.000452
-0.012318
0.011414
-0.012318
-0.000452
0.011414
0.011413
0.011411
-0.012315
-0.000452
-0.000452
0.011411
-0.012315
0.011411
0.011410
-0.000452
-0.024177
-0.000452
-0.000452
-0.000452
0.011411
-0.012315
-0.000452
-0.000452
-0.012316
-0.000452
0.011413
-0.024182
0.023279
-0.000452
-0.000452
0.011411
0.011410
-0.047907
-0.000452
0.011414
-0.012318
0.011414
-0.000452
-0.000452
-0.000452
-0.000452
-0.000452
-0.000452
0.035138
-0.012313
0.023270
-0.000452
-0.024174
-0.000452
-0.012315
-0.000452
-0.012316
-0.012318
-0.000452
-0.012319
0.011416
-0.000452
0.011414
-0.012318
-0.012319
-0.012320
-0.000452
0.011417
-0.000452
-0.000452
-0.000452
-0.000452
0.011416
-0.047929
-0.047952
0.011425
-0.012329
0.011425
0.023298
-0.000452
0.035163
-0.024193
-0.012325
-0.000452
-0.024202
0.011424
0.011423
0.011421
-0.000452
0.011420
-0.000452
-0.000452
END
