y[]
0.036477
0.011878
0.011877
0.024166
-0.061883
-0.000417
-0.000417
-0.012714
-0.012716
-0.012717
0.061073
-0.037306
0.011881
-0.000417
-0.012714
-0.049623
-0.012722
-0.000417
0.011889
-0.037337
0.048808
0.024187
0.024181
0.011880
-0.025011
0.036472
0.048748
-0.012705
-0.012707
-0.025002
0.024169
-0.025002
-0.025008
0.011880
-0.012713
-0.025014
-0.000417
0.048772
-0.012711
0.011878
-0.000417
-0.012711
-0.000417
-0.012713
-0.012714
0.024178
-0.012713
-0.049617
0.036486
-0.012716
0.011883
0.011881
-0.025014
0.024181
-0.012714
-0.000417
-0.012716
0.011883
-0.000417
-0.012716
0.073357
-0.025002
-0.025008
-0.012714
-0.025017
-0.025023
-0.000417
-0.000417
0.011887
-0.000417
-0.000417
0.024187
-0.037324
0.036491
-0.037324
0.048790
0.011881
0.024175
-0.025008
-0.000417
-0.000417
-0.025014
0.024181
0.073339
-0.012705
0.146949
-0.000417
-0.061793
0.024138
0.036405
0.011854
0.036386
-0.000417
0.011848
-0.024947
-0.024953
-0.049508
0.011859
-0.000417
0.024129
-0.000417
0.011854
0.024120
0.109925
-0.012671
-0.000417
-0.024929
-0.024935
0.024102
-0.012675
-0.012677
-0.000417
0.011844
-0.012677
-0.012678
-0.024944
-0.012683
-0.024953
0.011853
-0.049502
-0.024969
-0.000417
0.060952
-0.012687
0.011854
-0.012687
0.036391
-0.049496
-0.049520
-0.024978
0.011865
-0.024981
0.024147
-0.000417
-0.037265
-0.000417
-0.012702
0.036436
0.024144
-0.024978
0.024144
-0.037260
0.011866
-0.000417
-0.037269
0.048717
0.024141
-0.024975
0.024141
-0.000417
-0.037256
0.011865
0.011863
0.073230
0.048651
0.036368
0.048609
0.085320
-0.024905
0.060794
0.011821
0.024054
-0.000417
0.048507
0.085142
-0.000417
-0.049298
0.060682
0.048435
-0.000417
-0.000417
-0.000417
-0.000417
-0.000417
0.011793
-0.049263
0.011797
0.011796
0.011794
0.060615
0.023986
0.023980
-0.073623
0.084986
0.060540
0.097037
-0.036951
0.096978
-0.061277
-0.024771
0.036113
-0.000417
0.036100
-0.061285
-0.061322
-0.000417
0.023950
-0.049155
-0.000417
-0.000417
0.011770
0.011769
0.060488
-0.024774
0.011763
-0.000417
-0.000417
-0.036960
0.011766
-0.049155
-0.049179
-0.037004
-0.000417
-0.000417
-0.037018
0.060578
0.036162
0.023962
-0.000417
0.023956
-0.000417
0.060488
-0.036955
0.011764
0.011763
-0.012596
-0.000417
0.036118
0.023932
-0.024765
0.048275
0.060414
-0.012580
0.011747
-0.049078
-0.000417
0.036082
-0.012581
-0.000417
-0.000417
-0.036920
-0.000417
-0.012587
0.011754
-0.049108
-0.012593
0.048281
-0.036937
-0.122249
0.011773
-0.024798
0.072710
0.023947
-0.061336
0.011770
0.048316
0.072638
-0.036937
0.036104
0.060422
0.048227
-0.024736
0.036060
0.048198
0.023882
-0.049019
-0.024727
-0.000417
0.023894
0.023888
-0.012568
-0.024724
-0.024730
-0.036897
0.048222
-0.000417
-0.024733
0.060363
-0.012569
-0.000417
-0.000417
0.011736
-0.073356
0.036060
-0.109886
-0.000417
-0.036933
0.036100
-0.012587
-0.000417
0.060422
0.036069
-0.061233
-0.012584
0.036082
-0.061255
-0.000417
0.011754
-0.024759
-0.012590
0.036100
-0.000417
0.011753
-0.000417
-0.012586
-0.000417
-0.012587
-0.012589
-0.024765
0.023932
0.011756
-0.000417
0.011754
0.011753
-0.024756
0.023923
-0.012586
-0.000417
-0.012587
-0.024762
-0.000417
-0.000417
-0.000417
-0.000417
-0.012592
-0.012593
0.023935
0.011757
-0.000417
0.011756
0.011754
-0.000417
-0.000417
-0.012587
-0.024762
0.011757
-0.000417
-0.000417
-0.024765
0.011758
-0.024768
0.011760
-0.012593
-0.000417
0.011760
-0.000417
-0.012593
0.011760
0.011758
-0.000417
-0.012592
0.023932
-0.012590
0.011757
-0.024765
0.011758
-0.000417
-0.000417
-0.024768
-0.000417
-0.049138
-0.000417
-0.000417
-0.000417
-0.000417
-0.000417
-0.012601
0.011767
-0.012601
-0.000417
-0.000417
0.011767
-0.000417
-0.024786
0.011769
0.023950
-0.012599
-0.012601
0.011767
-0.000417
0.023947
0.011763
0.011761
-0.000417
0.011760
-0.024771
0.011761
-0.000417
-0.012595
-0.000417
-0.000417
0.011761
-0.000417
-0.000417
0.011760
-0.000417
0.011758
-0.024768
0.011760
-0.012593
-0.000417
-0.000417
-0.000417
-0.000417
-0.024774
0.011763
0.011761
-0.012595
0.011761
-0.000417
-0.000417
-0.000417
0.011760
-0.000417
-0.012593
0.011760
0.011758
-0.000417
-0.012592
0.011758
-0.024768
-0.012595
0.011761
-0.012595
-0.000417
-0.036960
0.011766
-0.012599
-0.024786
0.011769
-0.012602
0.011769
-0.012602
-0.000417
-0.012604
0.011770
-0.000417
0.023953
-0.000417
-0.000417
0.011766
-0.000417
-0.012599
-0.000417
-0.024786
-0.000417
0.011769
-0.012602
-0.000417
0.011769
0.011767
-0.000417
-0.000417
-0.000417
-0.000417
0.011766
0.011764
-0.000417
-0.000417
-0.012598
-0.000417
0.011764
-0.012598
-0.012599
0.023947
0.011763
-0.000417
-0.012596
-0.012598
0.036122
-0.000417
-0.012595
-0.012596
-0.012598
-0.000417
0.011764
-0.000417
-0.036964
-0.000417
-0.024789
0.011770
-0.012604
0.023956
-0.000417
0.011767
-0.024786
0.011769
-0.012602
0.023953
0.023947
-0.000417
0.011763
-0.012596
-0.036964
-0.000417
-0.012602
-0.000417
-0.036982
-0.000417
-0.000417
-0.012608
0.011775
-0.036995
0.023971
0.011775
-0.000417
0.023962
-0.049179
0.036158
-0.012607
-0.012608
0.036153
0.060503
-0.024780
-0.000417
-0.024786
0.023953
-0.024786
0.048316
0.023941
0.011760
-0.000417
-0.024771
-0.036960
0.011766
0.011764
-0.000417
0.011763
0.011761
0.011760
0.023932
0.048263
-0.012584
-0.012586
0.011753
-0.036928
-0.000417
0.011756
-0.012589
-0.012590
-0.000417
0.023929
-0.012589
-0.012590
-0.000417
-0.036946
-0.024777
-0.000417
-0.024783
-0.036977
0.048328
0.011766
-0.012599
-0.012601
0.023950
-0.000417
-0.024783
-0.000417
-0.012602
0.011769
-0.012602
0.023953
0.011766
-0.000417
0.011764
-0.000417
-0.024780
-0.036973
0.011770
-0.024792
0.011772
0.023956
0.011767
-0.000417
0.011766
-0.012599
-0.012601
0.023950
0.036122
-0.024774
0.011763
0.011761
-0.036955
-0.024783
-0.036977
-0.024798
-0.000417
-0.049197
-0.061426
0.036193
-0.012618
-0.000417
-0.000417
0.011785
0.036180
0.011779
0.023971
-0.000417
-0.037000
-0.000417
-0.000417
-0.085829
0.036198
-0.024825
-0.012623
-0.012624
0.011791
0.011790
-0.012623
-0.024834
0.036207
0.023992
-0.049239
-0.000417
0.023997
0.048394
-0.024819
-0.037031
-0.012624
-0.012626
0.024000
0.023994
-0.061455
-0.012629
0.036216
0.450282
-0.061203
0.278896
-0.146048
-0.000417
-0.073312
-0.049043
-0.049067
0.036073
0.048216
-0.049049
0.036060
0.023894
0.036038
0.023879
0.011729
-0.049007
-0.012568
0.011735
0.011733
0.023879
-0.085476
-0.097717
-0.158731
0.157898
-0.012586
0.048251
-0.268383
-0.024813
-0.000417
-0.049227
-0.073677
0.097252
-0.061448
0.060615
0.109346
-0.073578
-0.098049
0.024000
-0.037044
0.011794
-0.098144
-0.196159
-0.147475
0.122147
-0.098456
-0.110826
0.060937
0.048639
-0.000417
0.134363
-0.086164
0.073086
-0.159740
-0.012683
0.073158
-0.147620
-0.123252
-0.074190
0.073357
-0.012708
-0.000417
-0.000417
0.024166
0.024159
0.048717
0.060967
-0.012690
0.011857
0.048663
0.109925
-0.086227
0.036368
-0.037202
0.097647
0.048579
-0.012663
0.121982
-0.024884
0.048513
-0.037112
-0.000417
-0.061605
-0.086143
-0.000417
0.073068
-0.147439
0.011844
0.060862
-0.037179
0.085341
-0.024911
-0.061680
-0.024932
0.024099
-0.147602
-0.012692
0.048675
0.060914
-0.037211
0.134429
0.036328
0.024072
-0.000417
-0.061650
-0.037175
0.060839
0.024075
-0.049406
-0.000417
-0.037175
-0.061710
END
