y[]
0.054782
0.028992
-0.035435
0.054762
0.016103
0.041854
-0.086944
0.003222
-0.061232
0.093446
0.003222
-0.048324
-0.022561
-0.022568
0.067684
-0.048344
0.003222
-0.048371
0.029022
-0.009677
-0.087118
0.003222
0.041949
-0.009685
0.003222
-0.061340
0.093597
0.003222
0.093515
0.029005
0.003222
-0.022561
-0.009672
0.080561
-0.009664
0.016108
-0.009664
0.016108
-0.009664
0.041874
-0.009661
0.016104
0.003222
0.003222
-0.035430
0.028992
-0.009662
0.016106
0.041864
0.054722
0.003222
0.028962
0.003222
0.041820
0.003222
-0.061116
-0.074038
-0.099884
0.016116
0.029005
0.028998
0.093387
-0.074058
0.003222
0.003222
0.003222
0.003222
0.054748
0.041849
0.003222
0.016094
0.054695
-0.009644
-0.035386
-0.035401
0.028972
-0.035406
0.028975
0.016096
0.003222
0.041834
-0.061141
0.003222
-0.009656
0.016099
0.003222
-0.164315
0.067692
-0.035455
0.041899
-0.022561
-0.009672
-0.035470
0.054808
-0.022568
0.003222
-0.009676
0.003222
0.003222
-0.022578
0.003222
-0.009680
-0.022588
0.003222
-0.113005
-0.022625
0.003222
-0.022631
-0.009707
-0.035575
0.106648
0.041979
0.003222
-0.087235
0.054922
0.106541
0.093539
0.054795
-0.099951
0.222337
0.003222
0.054709
-0.035391
0.106156
-0.048232
-0.048258
-0.048285
-0.061199
-0.061240
0.016118
0.119209
0.003222
0.080472
-0.009649
0.067560
-0.048245
0.196086
-0.073879
-0.061074
-0.048245
0.016091
0.041820
-0.009642
0.093237
-0.022488
-0.048218
0.016084
0.003222
-0.009641
0.067518
-0.022492
-0.061091
0.054675
-0.073968
-0.009649
-0.048278
0.093329
-0.048258
-0.035406
0.003222
-0.061190
-0.022555
0.054768
-0.048324
0.041884
0.028988
-0.022545
-0.022551
-0.048344
0.003222
0.041899
-0.022561
0.054782
0.003222
-0.048338
0.054782
0.041874
-0.009661
-0.009662
-0.009664
-0.022555
-0.022561
0.029005
-0.151577
0.003222
0.041944
0.016126
-0.009682
0.003222
0.054828
-0.022578
-0.009680
-0.009682
-0.061323
-0.009692
-0.035530
0.054888
0.016134
0.003222
-0.022605
-0.009694
0.067784
-0.035510
-0.035525
0.016139
-0.022615
0.016141
0.041969
0.093574
-0.009680
0.003222
-0.009682
0.029028
0.054815
-0.061273
0.016124
-0.022585
-0.048411
-0.035520
0.003222
0.029052
-0.009692
-0.009694
-0.035535
0.016143
-0.022621
0.003222
-0.048484
0.054928
0.093644
0.041949
0.041934
0.067709
0.003222
0.067667
-0.009664
0.054755
0.041854
0.067576
-0.061132
-0.035411
0.041854
0.028969
0.054695
-0.099751
-0.022538
-0.009661
-0.061215
0.003222
-0.087060
0.029025
0.080591
-0.022561
-0.022568
0.080571
-0.009666
0.003222
0.093399
-0.138522
-0.009674
0.144984
-0.035420
-0.125694
-0.048391
-0.061332
-0.113080
0.158261
-0.048431
-0.035535
-0.009701
0.016144
0.080721
-0.177703
-0.087364
-0.022675
-0.009729
0.106782
-0.048545
-0.139274
-0.165445
0.081104
-0.113623
0.081134
0.081073
-0.061650
0.119961
-0.009742
-0.035681
0.132840
-0.009732
-0.178313
0.003222
-0.087669
0.120067
0.132890
0.080942
0.093819
-0.191016
-0.022705
0.003222
0.003222
0.080982
0.029129
-0.152319
-0.087622
-0.009763
-0.165730
0.068237
-0.087811
-0.166060
0.107429
0.029257
-0.153089
0.016257
0.055346
0.055319
-0.022823
-0.022830
0.133413
-0.009790
-0.074883
-0.087977
-0.048929
-0.022864
-0.075076
-0.075138
0.029349
0.042399
-0.127429
-0.036007
0.068594
-0.062150
-0.036022
-0.022949
0.055557
0.081674
0.068551
-0.114402
-0.049100
-0.062219
-0.022966
-0.022973
0.016320
-0.036079
-0.049203
-0.101710
-0.036156
-0.167595
-0.023084
-0.088902
0.200525
-0.036208
-0.115160
-0.115301
0.029572
-0.062667
0.069111
0.121713
-0.194342
-0.128704
-0.023184
0.121995
-0.208027
0.227659
-0.353473
-0.261819
0.149082
-0.116102
-0.235854
0.109548
0.029786
0.268474
0.042949
-0.023261
0.029705
-0.102752
0.162141
0.003222
-0.076206
-0.182356
0.307918
-0.023237
0.003222
0.254296
-0.023177
-0.221453
0.003222
-0.142425
0.042965
0.056188
-0.102738
-0.195757
-0.156247
0.202518
-0.063166
0.016503
0.215480
-0.023286
-0.076343
-0.010045
-0.049864
-0.116324
0.003222
0.202385
0.082776
-0.023289
-0.036558
-0.116213
-0.036621
0.016505
-0.010061
0.069619
0.003222
-0.010054
0.096116
-0.049850
0.056293
0.003222
0.016485
0.016484
-0.049836
0.029754
0.056265
-0.036558
0.003222
0.043002
0.029733
-0.023289
-0.063087
-0.049857
0.003222
0.056300
-0.049857
0.003222
-0.010052
-0.036611
0.016501
0.016499
0.029772
-0.049885
0.029779
-0.010056
-0.049906
0.043070
0.016501
0.043049
0.069566
-0.036579
-0.102992
0.029786
0.056329
0.069566
-0.023310
0.043018
-0.010042
0.003222
-0.076396
-0.010054
-0.010056
0.016499
-0.063184
-0.342799
0.083179
-0.010100
0.043182
-0.023416
-0.010100
0.069813
0.083073
-0.116578
0.109718
0.043129
0.056406
-0.036664
0.043108
-0.010072
0.056385
0.149275
0.043018
0.016484
0.003222
-0.063104
0.043023
-0.076396
-0.049892
0.082882
0.016492
0.029758
0.056272
0.042991
0.042975
0.003222
0.029715
-0.023272
-0.023279
0.016473
-0.089573
0.003222
0.016484
0.016482
0.042991
-0.010033
0.069478
0.069434
0.003222
0.003222
0.016459
-0.036495
-0.010021
-0.023268
0.029712
-0.023268
-0.036526
-0.010031
-0.049807
0.029740
-0.089622
0.069548
-0.036569
0.003222
0.016487
0.016485
-0.023307
0.003222
0.016487
-0.036579
0.003222
0.016491
0.003222
-0.102977
-0.036632
-0.063237
0.056392
-0.089845
-0.023384
0.029828
0.109577
0.016508
0.016507
0.003222
-0.076512
0.096239
0.043060
0.003222
0.016498
0.029768
0.056293
-0.023310
0.016489
0.069531
0.016478
-0.010035
0.069487
0.016470
0.016468
0.003222
-0.049772
0.056216
-0.049772
0.056216
0.042949
-0.010019
0.042939
0.029691
0.148676
0.003222
0.029645
-0.049632
-0.036437
0.056097
0.003222
-0.049653
-0.036453
0.003222
0.069338
0.003222
0.095711
-0.023195
0.029638
-0.009986
-0.023198
0.016433
-0.009989
0.016433
0.029638
0.016428
-0.036400
-0.049632
0.003222
0.056076
0.003222
0.069250
0.069207
0.003222
-0.062763
-0.062806
0.016431
0.095637
-0.102403
0.042844
0.135183
-0.009966
0.055965
0.042761
0.016398
-0.062676
-0.009963
-0.036343
-0.023163
0.055985
-0.009966
-0.075944
-0.049590
-0.181841
0.135445
0.069268
-0.102472
0.082503
0.042839
-0.009982
0.121995
-0.102347
-0.142117
-0.062911
-0.036479
-0.102724
-0.063052
0.029737
-0.222377
0.043070
-0.142967
0.082988
0.162563
-0.063140
-0.076470
0.162542
-0.010045
-0.076417
0.016499
0.122641
0.069504
0.109182
0.003222
-0.129246
-0.063078
-0.089672
0.043044
0.096079
-0.023300
0.135760
0.016466
-0.155824
-0.010043
0.016487
-0.076396
-0.010054
0.003222
-0.010056
0.056322
-0.129580
-0.023360
0.016514
0.029800
0.003222
-0.049941
0.149353
-0.049892
0.056336
-0.023331
-0.076481
0.029796
-0.103119
-0.049991
-0.010086
-0.010087
-0.023402
-0.023409
0.016538
-0.103360
0.176359
-0.050019
0.043155
-0.010087
0.029839
-0.129934
0.136378
-0.103289
0.056491
0.162860
-0.010072
-0.103189
0.162796
-0.049941
0.162627
-0.103020
0.122736
-0.036600
0.056315
-0.116276
-0.023353
0.029796
0.122720
-0.116276
0.228821
0.056230
0.069443
-0.023261
-0.023268
-0.010026
0.042960
0.003222
0.109112
0.042902
-0.129106
-0.023265
-0.049772
-0.049800
0.016480
0.109224
-0.010022
0.042949
0.042933
0.109042
-0.009999
0.069311
-0.009993
-0.023212
0.122120
-0.142117
-0.023226
0.135392
-0.128948
0.042891
0.056090
0.016435
0.122057
-0.049576
END
