y[]
0.013477
-0.000129
-0.000129
-0.013736
-0.000129
0.013477
0.013475
-0.000129
0.027074
0.013470
0.054248
-0.027314
-0.027322
0.013468
-0.013726
0.013468
0.027060
-0.027318
-0.027325
0.027067
-0.000129
-0.013726
-0.027329
-0.000129
-0.000129
0.013472
-0.000129
-0.000129
0.013470
0.013468
-0.013726
0.013468
0.027060
-0.013723
0.040646
-0.000129
0.027045
-0.013715
-0.000129
-0.000129
-0.000129
-0.013717
-0.013719
-0.013721
0.013462
0.013461
-0.013719
0.013461
-0.013719
-0.013721
-0.040915
-0.013728
0.027067
0.013466
-0.000129
-0.122553
-0.013741
-0.081840
0.095193
-0.000129
-0.027355
0.013485
-0.027359
-0.013747
-0.013749
0.027108
-0.027366
0.013490
-0.000129
0.013488
0.013486
0.027097
0.013481
-0.000129
-0.027351
-0.013743
0.027097
0.013481
-0.027351
0.027093
-0.013739
0.027089
-0.027347
-0.000129
-0.027355
-0.000129
-0.000129
-0.000129
-0.027362
-0.027370
0.027111
-0.013749
-0.000129
-0.000129
0.040723
-0.068226
-0.013754
-0.041015
-0.095595
0.054434
-0.054692
-0.013775
0.027160
-0.000129
-0.000129
-0.082018
-0.082085
0.040857
-0.000129
-0.000129
0.040840
0.081760
0.013512
-0.027414
-0.027422
0.027163
-0.000129
-0.000129
-0.013775
0.013516
0.068070
0.040768
-0.000129
-0.013760
-0.000129
-0.000129
-0.000129
-0.000129
-0.000129
-0.013762
-0.000129
0.013503
-0.013762
0.013503
-0.027396
0.027137
-0.027396
0.027137
-0.013762
0.027134
-0.041026
0.013505
0.013503
-0.000129
-0.027396
-0.000129
-0.013765
-0.013767
-0.013769
0.027149
-0.013767
-0.027411
0.013512
-0.000129
0.013511
-0.000129
0.013509
0.013507
0.027137
0.040757
-0.013756
-0.041021
-0.013763
-0.027403
-0.013769
-0.000129
-0.013771
-0.013773
-0.013775
-0.000129
-0.041076
0.027171
-0.013778
0.027167
-0.027425
-0.013780
0.013522
-0.000129
0.013520
-0.013778
0.013520
-0.013778
-0.000129
-0.013780
0.013522
-0.013780
0.013522
-0.068403
0.013529
0.040835
-0.027437
0.027178
0.013522
-0.013780
-0.000129
0.040818
0.013516
-0.000129
-0.013775
0.013516
-0.000129
-0.000129
-0.000129
0.013514
0.027152
-0.013769
0.013511
-0.000129
-0.000129
0.013509
-0.000129
-0.013767
0.013509
0.013507
-0.000129
-0.013765
-0.000129
0.013507
-0.000129
0.013505
-0.000129
0.013503
-0.000129
-0.000129
0.013501
-0.027392
-0.000129
-0.000129
-0.000129
-0.000129
-0.000129
0.013503
-0.000129
-0.000129
-0.027396
-0.027403
0.013509
-0.013767
0.013509
0.013507
-0.013765
0.027141
0.013503
-0.000129
-0.000129
-0.000129
-0.000129
-0.013762
-0.000129
-0.000129
-0.000129
-0.000129
-0.000129
-0.000129
0.013503
-0.000129
-0.000129
-0.013762
0.013503
-0.013762
0.013503
0.013501
-0.000129
-0.013760
0.013501
-0.013760
-0.000129
-0.000129
-0.013762
-0.000129
-0.000129
-0.000129
-0.013763
0.027137
-0.000129
0.027130
-0.000129
-0.013758
0.013499
-0.013758
0.013499
-0.027388
-0.000129
0.013501
-0.013760
-0.000129
-0.000129
-0.027396
0.013505
-0.000129
0.013503
-0.000129
0.013501
0.013499
-0.027388
-0.000129
-0.000129
-0.000129
-0.000129
-0.000129
-0.000129
-0.013762
-0.000129
-0.000129
-0.000129
-0.013763
-0.000129
-0.013765
0.013507
-0.013765
-0.013767
-0.041054
-0.013775
0.013516
-0.013775
0.013516
0.027156
-0.000129
0.040785
-0.013765
-0.027407
0.013511
-0.000129
0.013509
-0.013767
-0.000129
-0.013769
-0.013771
-0.000129
-0.000129
-0.000129
-0.013773
-0.013775
-0.013776
-0.027429
0.013522
-0.000129
-0.000129
0.013520
0.040807
-0.027418
-0.013776
0.013518
0.013516
0.013514
-0.027418
0.013516
0.027156
-0.013771
0.013512
0.027149
0.013507
-0.000129
-0.013765
0.013507
-0.000129
-0.013765
-0.013767
-0.013769
-0.000129
-0.000129
-0.000129
0.013511
0.013509
-0.013767
-0.000129
-0.000129
0.013509
-0.000129
-0.000129
-0.000129
-0.000129
-0.000129
0.013507
-0.000129
-0.000129
-0.000129
0.013505
-0.000129
-0.000129
-0.000129
-0.000129
-0.000129
-0.013763
0.013505
-0.000129
0.013503
-0.000129
-0.000129
-0.013762
0.027134
-0.013760
0.013501
-0.000129
-0.013760
-0.000129
-0.000129
-0.000129
0.013501
-0.013760
0.013501
-0.013760
-0.000129
-0.000129
0.013501
-0.013760
-0.027396
0.013505
-0.000129
0.013503
0.013501
-0.027392
0.013503
-0.013762
-0.000129
0.013503
-0.000129
0.013501
-0.000129
-0.000129
-0.013760
0.013501
-0.000129
-0.027392
-0.013763
-0.000129
0.013505
-0.027399
0.013507
0.013505
-0.000129
-0.000129
-0.013763
-0.000129
0.013505
-0.000129
0.013503
-0.027396
-0.000129
-0.000129
0.027137
-0.013762
-0.000129
0.013503
-0.041032
-0.000129
0.013507
0.013505
-0.027399
-0.000129
0.013507
-0.013765
-0.000129
0.027141
-0.000129
0.013503
-0.000129
-0.000129
-0.000129
-0.013762
-0.000129
-0.000129
-0.000129
0.013503
-0.000129
-0.000129
-0.013762
-0.000129
0.027134
-0.013760
-0.000129
-0.027396
0.013505
-0.000129
-0.000129
0.013503
-0.013762
-0.000129
-0.000129
-0.000129
0.013503
-0.013762
-0.000129
-0.000129
-0.000129
0.013503
-0.013762
-0.013763
-0.000129
-0.000129
0.013505
-0.000129
-0.013763
-0.000129
-0.000129
-0.027403
0.013509
-0.013767
0.013509
-0.013767
0.013509
-0.013767
0.027145
-0.013765
0.013507
-0.000129
-0.013765
0.013507
0.013505
-0.013763
-0.000129
0.013505
0.027134
-0.013760
-0.013762
-0.000129
-0.000129
0.013503
-0.000129
-0.000129
-0.013762
0.013503
-0.013762
0.013503
-0.000129
-0.013762
-0.000129
-0.000129
-0.000129
-0.000129
-0.000129
0.013503
-0.000129
-0.013762
-0.000129
0.013503
-0.000129
0.013501
-0.000129
-0.000129
-0.000129
0.013499
-0.000129
-0.000129
0.149663
-0.013737
0.013479
-0.013737
-0.000129
-0.000129
0.013479
-0.013737
-0.000129
-0.000129
-0.013739
0.013481
-0.000129
-0.027351
-0.000129
0.013483
-0.000129
0.040695
-0.000129
0.027078
0.067856
-0.000129
0.013462
-0.013721
0.013462
-0.000129
-0.000129
0.122112
0.013444
-0.027277
-0.000129
-0.000129
0.013446
-0.000129
-0.013704
0.013446
-0.000129
-0.000129
-0.000129
-0.013704
-0.000129
-0.013706
-0.027288
0.013451
-0.013710
-0.000129
0.013451
-0.000129
-0.000129
0.013449
-0.000129
0.013448
-0.000129
-0.000129
0.013446
-0.013704
0.013446
-0.013704
0.013446
-0.013704
0.013446
-0.000129
-0.000129
-0.013704
0.013446
-0.013704
-0.013706
-0.000129
0.013448
-0.000129
-0.013706
-0.000129
0.013448
-0.013706
-0.000129
-0.013708
0.013449
-0.013708
-0.000129
0.013449
0.013448
-0.000129
-0.000129
0.013446
-0.000129
-0.000129
-0.000129
-0.013704
-0.000129
0.013446
-0.000129
0.013444
-0.013702
-0.000129
-0.000129
-0.000129
0.013444
-0.000129
-0.013702
-0.000129
0.013444
0.013442
-0.000129
-0.013700
-0.000129
-0.013702
-0.000129
-0.013704
-0.000129
-0.000129
0.013446
-0.000129
-0.013704
-0.000129
0.013446
-0.013704
-0.013706
-0.000129
-0.000129
-0.027288
-0.000129
-0.000129
-0.000129
-0.013712
-0.000129
-0.000129
-0.013713
-0.000129
-0.000129
-0.000129
-0.000129
-0.000129
-0.000129
-0.000129
0.027037
-0.000129
0.013451
-0.013710
-0.013712
-0.013713
-0.013715
-0.013717
0.040629
0.013453
0.013451
-0.013710
-0.040882
0.027041
-0.013713
-0.000129
-0.000129
-0.013715
-0.013717
0.013459
-0.013717
0.013459
-0.000129
-0.040898
0.013462
-0.000129
-0.013721
-0.040915
0.040657
-0.054514
0.027067
-0.000129
-0.013726
0.013468
-0.000129
0.013466
-0.000129
0.013464
-0.000129
-0.013723
0.027056
0.013461
0.027045
-0.054484
-0.027318
-0.027325
-0.013730
0.027071
-0.000129
0.040657
-0.027318
-0.000129
-0.000129
-0.013726
0.013468
0.013466
-0.000129
-0.013724
0.013466
END
