y[]
-0.010520
0.013353
0.013352
0.001416
-0.010519
-0.010520
0.001416
0.001416
-0.010522
0.001416
0.013355
0.013353
0.001416
0.013352
0.013350
-0.010518
0.001416
0.001416
-0.010519
-0.034398
-0.010525
0.013357
0.013356
-0.010523
0.013356
0.001416
0.001416
-0.010523
-0.010525
-0.010526
0.001416
-0.046368
-0.010533
-0.010535
-0.022490
-0.010539
0.001416
0.001416
0.013372
0.025323
0.013367
-0.010535
-0.010536
0.001416
0.013369
0.001416
-0.022490
0.025323
0.001416
0.013367
0.001416
0.001416
-0.010535
0.013367
0.001416
-0.010535
-0.010536
0.001416
-0.010537
-0.010539
0.001416
0.013372
-0.022496
0.001416
0.013373
0.049229
-0.010535
0.013367
0.037261
-0.034428
0.013366
-0.010533
0.001416
-0.010535
0.025317
0.025311
0.013362
-0.010529
0.013362
-0.010529
0.001416
0.001416
0.001416
0.013362
0.001416
0.013360
0.001416
0.013359
0.013357
0.001416
0.001416
0.013356
-0.022464
0.013357
0.001416
0.013356
0.001416
-0.010523
0.013356
-0.010523
0.001416
-0.010525
0.001416
0.001416
0.001416
0.013357
0.001416
-0.010525
-0.010526
0.013359
-0.010526
0.001416
0.013359
0.025297
-0.010523
-0.010525
0.001416
0.001416
0.001416
-0.010526
0.013359
-0.010526
0.013359
-0.046362
0.001416
0.001416
0.049195
-0.010526
-0.034420
0.025308
0.013360
0.001416
0.013359
0.037235
0.013353
-0.010520
-0.022461
0.013356
-0.010523
0.001416
0.037231
0.025286
-0.022453
0.001416
-0.034398
-0.034411
0.001416
0.037244
0.001416
-0.034411
0.001416
-0.058324
-0.022490
0.049223
0.001416
0.013365
0.025308
0.025303
-0.058310
0.001416
0.001416
0.049200
0.025300
0.001416
-0.022467
-0.010527
-0.010529
0.001416
0.049189
-0.010525
-0.022470
0.013360
0.001416
-0.022473
0.037248
0.001416
0.001416
-0.010526
0.001416
0.013359
0.013357
-0.010525
-0.010526
-0.010527
0.001416
0.025303
0.025297
-0.010523
0.001416
-0.034411
0.025303
0.013357
-0.022467
0.025300
0.001416
0.001416
-0.010525
0.013357
0.013356
0.013355
-0.010522
-0.022464
0.025297
0.001416
0.001416
-0.010523
-0.022467
-0.010527
-0.034424
0.013365
0.001416
0.001416
0.001416
0.013363
0.025306
-0.034420
-0.010532
0.025311
-0.010530
0.001416
0.013363
0.013362
-0.022476
0.037252
0.025300
0.013356
0.025291
0.025286
0.001416
0.001416
-0.010518
0.001416
0.037214
0.037201
0.037188
-0.058210
0.037197
0.013340
0.013339
0.013337
0.025254
0.025249
0.001416
0.001416
-0.010499
0.037158
0.013328
0.001416
-0.010495
-0.022410
0.001416
-0.034334
0.025251
-0.010500
0.025249
0.013330
0.001416
-0.022413
-0.022419
0.013335
0.013333
-0.070106
-0.010509
0.001416
-0.022439
-0.010513
0.001416
0.037201
0.013342
0.001416
0.001416
-0.022436
0.037192
-0.010508
0.001416
0.025263
0.049092
-0.034338
0.013336
-0.010503
0.013336
0.025251
-0.010500
0.025249
0.001416
-0.022416
-0.022422
0.001416
-0.034351
-0.046294
-0.094072
-0.046362
0.073075
0.073024
-0.022447
0.001416
0.061064
0.084864
0.013332
0.084784
-0.058125
-0.034326
0.013332
-0.034334
0.001416
0.013335
-0.010502
-0.082051
0.049121
0.061015
-0.034338
0.037171
0.001416
-0.022419
-0.070123
0.001416
-0.034372
0.037205
-0.022441
-0.106014
0.084983
0.013349
0.013347
0.061050
0.001416
0.025260
0.025254
-0.034343
0.001416
0.001416
0.013337
-0.046276
0.013342
0.013340
-0.010508
-0.046294
0.049126
-0.010509
-0.058232
-0.010518
-0.010519
-0.010520
0.049155
0.001416
0.013347
-0.010515
0.001416
0.025277
0.025271
-0.034368
0.001416
0.001416
-0.010515
-0.070200
-0.010525
-0.010526
-0.034420
-0.022481
0.037261
0.001416
-0.070285
-0.082301
-0.022516
0.073195
-0.022504
0.001416
-0.070380
-0.034501
0.013390
0.025360
-0.046476
-0.010560
0.073255
0.013385
-0.022521
0.049286
0.013380
0.109027
0.001416
-0.022487
0.001416
0.013369
0.025317
-0.034437
0.013369
0.001416
-0.022490
-0.058374
0.001416
0.049252
-0.010540
-0.034462
0.025337
-0.022504
0.049252
0.001416
0.025326
0.001416
0.025320
-0.034441
-0.034454
0.001416
0.049240
0.001416
-0.010537
0.013370
0.013369
0.156668
-0.010518
0.001416
-0.034394
0.013355
0.061086
-0.070191
0.037227
0.037214
0.001416
0.001416
-0.058253
-0.046345
-0.010527
0.013360
-0.010527
-0.022476
0.025308
0.037244
-0.010525
0.013357
-0.010525
-0.010526
0.025300
0.061100
0.049138
0.013343
-0.010510
0.013343
0.025266
-0.034360
-0.010512
0.025271
0.001416
-0.010510
0.013343
0.001416
-0.010510
0.013343
0.013342
-0.034364
0.001416
-0.010513
-1.767902
-0.059319
0.050007
-0.059326
-0.022891
0.001416
0.110752
-0.022870
0.025703
0.122761
-0.034972
0.001416
0.049931
-0.010710
0.037791
0.025659
0.061997
-0.059164
0.001416
0.061997
-0.047045
0.049878
0.013528
0.001416
0.013527
0.049843
0.110290
-0.059054
-0.010682
-0.034888
-0.022794
-0.059135
0.025641
-0.071276
0.025653
-0.047063
0.001416
0.037778
-0.034945
-0.047086
-0.010713
0.001416
0.025673
0.001416
0.025668
0.134693
-0.047027
-0.059171
0.098339
-0.047033
0.001416
0.001416
0.013531
-0.071293
-0.034958
0.025668
0.001416
0.025662
0.013537
0.001416
0.013535
0.001416
-0.010703
0.001416
0.013535
0.025650
-0.034936
0.025653
0.025647
0.013530
0.037747
0.037734
0.049819
0.001416
0.037703
0.013509
-0.010676
-0.010678
-0.010679
0.013512
-0.010679
0.001416
0.001416
0.037699
-0.010676
0.013509
-0.010676
0.001416
-0.010678
-0.034875
0.025612
0.013512
0.001416
0.001416
0.037694
-0.010675
-0.022770
0.001416
0.013510
0.001416
0.001416
-0.010678
0.001416
-0.022776
0.001416
0.025609
0.013510
0.001416
0.013509
0.001416
0.037685
0.013503
0.025586
0.049737
-0.010662
0.025571
0.001416
-0.034818
-0.022747
-0.034840
-0.010672
-0.034857
0.037690
-0.010673
-0.034862
-0.046975
-0.034892
0.025624
-0.022791
0.013521
0.025621
0.001416
0.001416
-0.143897
-0.034945
0.001416
-0.010707
0.013540
0.001416
0.001416
0.001416
0.025659
0.001416
0.013535
0.049878
0.025638
0.013525
-0.022803
0.013527
0.061945
0.013518
0.025615
0.037703
-0.071170
0.037716
0.037703
0.025600
-0.034862
0.049784
0.025591
0.001416
0.013502
0.073898
0.013491
-0.010659
-0.010660
0.001416
-0.034822
0.073880
0.013489
0.001416
0.013487
-0.034800
-0.010659
0.025565
-0.010657
0.013490
0.001416
-0.058966
0.025574
0.013493
0.025565
0.025559
0.025553
0.061734
-0.022706
0.001416
0.013478
-0.010646
0.061712
0.085769
0.013461
-0.010628
-0.046776
0.001416
-0.034743
0.061675
0.001416
-0.046788
-0.034752
-0.022703
-0.046840
0.073793
0.037585
0.061668
0.001416
-0.010631
-0.010633
0.013465
0.013464
0.061632
-0.010624
0.025495
0.085647
-0.034674
0.001416
-0.046724
-0.010622
-0.034709
-0.010628
0.013461
-0.107037
-0.010641
0.025530
-0.022697
0.001416
0.001416
0.013474
0.001416
0.001416
0.049632
0.037563
-0.022680
-0.010634
0.001416
-0.010635
-0.010637
-0.046811
-0.022706
0.001416
-0.010647
0.037602
0.001416
-0.022706
-0.095132
0.001416
-0.010659
0.025565
-0.058966
0.013496
0.013494
0.085922
-0.034791
0.025556
0.025551
0.025545
0.025539
-0.022706
0.001416
0.013478
-0.010646
-0.022712
0.001416
-0.022718
0.001416
0.001416
-0.010653
0.001416
0.037620
0.025545
0.013478
0.001416
0.001416
0.001416
0.085810
0.037563
-0.070890
0.037576
-0.010635
0.013468
-0.046800
-0.010641
0.037585
-0.022695
0.013473
0.001416
-0.046817
END
