y[]
0.038385
-0.045155
-0.033235
0.002583
-0.033248
0.014529
0.038411
0.002583
0.050333
0.038381
-0.033214
-0.045166
-0.009358
0.014524
-0.021300
-0.021306
-0.009363
0.121986
0.014516
-0.009349
-0.021286
0.062246
0.014512
-0.009345
-0.009346
-0.033214
-0.009352
0.026453
-0.045161
0.002583
-0.045184
0.002583
0.014527
0.038406
-0.009356
-0.009358
0.026464
0.002583
0.026458
0.026453
-0.057100
-0.009358
-0.009359
-0.021306
-0.033261
-0.021320
-0.021326
-0.045252
0.038462
-0.057222
-0.021349
-0.069247
-0.033351
0.002583
-0.069325
-0.057380
-0.033412
0.050574
0.002583
-0.069411
0.026587
-0.081455
0.050614
0.014587
-0.081476
0.002583
-0.201854
0.074785
0.002583
0.038665
-0.117739
0.026659
0.074777
0.026636
0.014608
0.026628
-0.009438
-0.021464
0.110750
-0.009429
0.098645
-0.057444
-0.045465
-0.021449
-0.081577
0.002583
0.086743
-0.081577
-0.093686
0.038695
-0.033529
-0.009457
0.086834
0.146849
-0.069523
-0.009440
0.050666
0.086672
0.002583
0.002583
0.038600
0.050585
0.002583
0.014580
0.002583
0.002583
-0.009414
-0.009415
0.014582
-0.021415
0.014583
0.002583
-0.081445
-0.057480
-0.033472
-0.069567
0.026639
0.002583
0.014609
0.134771
-0.021438
-0.009429
0.026607
0.026602
-0.009425
0.002583
-0.009427
0.002583
0.002583
0.002583
0.026602
-0.009425
0.014592
-0.009425
0.014592
-0.009425
0.026599
0.002583
-0.021432
-0.021438
-0.033459
0.014599
0.050631
0.002583
0.002583
0.014592
0.002583
0.026596
0.002583
0.002583
0.014587
-0.009421
0.014587
-0.009421
-0.009422
0.026593
0.038587
0.014582
0.002583
-0.009415
-0.009416
0.002583
0.002583
0.026581
0.002583
0.002583
0.002583
0.002583
0.014580
0.014579
-0.009412
0.002583
0.014579
-0.009412
0.026573
0.002583
-0.009411
-0.009412
0.026573
0.002583
0.002583
-0.021406
-0.009414
0.002583
0.038570
-0.009411
-0.033407
0.014582
-0.009415
0.002583
-0.009416
0.014583
-0.009416
-0.009418
0.026584
0.002583
0.002583
-0.009416
-0.033425
-0.021429
-0.021435
0.002583
-0.033455
-0.045488
0.038639
0.002583
0.026613
-0.009431
0.002583
-0.009432
0.050637
0.002583
0.026602
-0.021435
-0.009428
0.002583
0.014595
0.026602
-0.009425
0.014592
-0.009425
0.026599
0.014589
0.014587
0.002583
0.002583
-0.009421
0.026590
0.026584
-0.009416
-0.021421
-0.057452
0.002583
0.002583
0.014593
0.086612
-0.009416
0.050574
0.038561
-0.009408
0.002583
0.014574
-0.021400
-0.045401
0.014582
0.014580
0.014579
-0.021409
0.014580
0.014579
-0.009412
0.014579
0.002583
-0.009412
0.038565
0.014574
-0.009408
0.002583
0.002583
0.002583
0.014574
-0.009408
0.014574
-0.021400
-0.009411
0.002583
-0.009412
0.026573
0.002583
-0.021406
0.002583
0.038565
-0.009409
0.026567
0.002583
-0.021400
0.014576
-0.033399
-0.009414
0.002583
0.002583
0.002583
0.038570
-0.021406
-0.021412
0.002583
0.050568
-0.021406
-0.009414
0.002583
-0.033416
0.002583
0.014585
-0.033425
-0.021429
0.014590
0.014589
0.002583
0.014587
0.002583
0.014586
0.002583
0.062575
0.086511
-0.033377
0.050528
-0.009401
0.050510
0.014562
0.050482
0.026524
-0.033330
0.038496
0.038484
0.002583
-0.045286
-0.009388
0.026524
0.038484
0.002583
-0.009382
-0.021352
0.026518
-0.009383
0.026515
-0.081204
0.050470
-0.045304
0.002583
-0.033347
0.002583
0.026538
0.038505
0.014554
-0.009388
-0.009389
0.038496
-0.009386
0.014553
0.050447
-0.009381
0.014547
0.002583
0.134091
0.002583
-0.009365
-0.009366
-0.021320
0.014536
0.062324
0.038411
0.002583
-0.021300
0.014526
-0.021303
0.110027
-0.021283
0.002583
-0.033227
0.014521
0.014520
0.014519
0.014517
-0.033223
0.014520
0.014519
0.002583
-0.009352
-0.009353
-0.033235
-0.009359
0.026467
-0.009358
0.002583
0.038402
0.002583
-0.009355
0.002583
-0.009356
0.002583
0.002583
0.014523
-0.009356
0.002583
-0.021300
-0.009361
0.002583
-0.009362
0.014529
-0.033257
0.038423
-0.009362
0.014529
0.014527
-0.057150
-0.033274
-0.009372
0.014539
0.014537
0.050384
-0.021314
0.050373
-0.248568
-0.021369
0.062453
-0.141164
0.134359
-0.093237
0.110374
0.002583
-0.033334
-0.033347
-0.069316
0.026556
0.002583
0.002583
0.002583
0.026550
0.074448
-0.021366
-0.009393
0.050482
-0.441355
-0.105700
0.146936
-0.189933
-0.009461
0.074829
0.038687
0.050701
0.098749
0.134660
-0.033420
0.086572
0.026567
-0.153414
0.122603
0.074526
0.050516
0.014563
-0.069316
-0.165383
0.026596
-0.189678
-0.009445
0.050689
-0.129763
0.038695
-0.117841
-0.057683
0.086946
-0.057669
0.002583
-0.021528
-0.214677
-0.082034
-0.021606
0.038866
0.171727
-0.106119
-0.106237
0.147651
-0.069924
-0.069977
0.159731
-0.130371
0.002583
0.014677
0.111364
0.014663
0.123298
-0.021548
-0.021554
-0.033633
0.038800
0.026720
-0.009485
0.123196
0.098969
0.002583
-0.045598
0.026677
-0.093825
0.026694
0.026688
-0.130067
-0.033625
-0.033638
0.050875
-0.033633
-0.106145
0.050922
0.014664
-0.021580
0.075056
0.002583
-0.057807
-0.033668
-0.021592
-0.106277
-0.057946
0.002583
-0.082219
-0.021659
-0.070179
-0.167402
0.075470
0.014726
0.063274
0.038980
0.014713
0.051086
0.002583
-0.033791
-0.033805
-0.009549
-0.094528
-0.070312
0.063333
0.002583
0.014729
0.014727
0.026867
0.026861
-0.033836
0.148179
-0.009542
-0.033800
-0.045949
-0.021691
-0.058129
0.014729
0.026870
-0.082446
-0.192040
0.014758
-0.046126
-0.058337
0.014770
-0.070561
-0.009613
0.002583
0.063548
0.039144
-0.033978
-0.094978
-0.107287
0.039220
-0.058485
-0.058523
-0.021870
0.051483
-0.156428
-0.021902
0.027069
0.051537
0.075969
0.075915
0.027015
0.051429
0.039202
-0.107314
0.039229
-0.082944
-0.034094
-0.070811
0.014819
0.100419
0.014806
-0.070775
-0.083070
0.027063
0.149336
0.051453
-0.021849
-0.058523
0.124758
-0.046269
0.173461
-0.156079
0.100251
0.112346
0.014772
0.063503
0.002583
-0.046150
-0.009604
0.039140
0.002583
0.039126
0.039113
0.014757
0.026926
-0.009587
0.014754
-0.009587
-0.009589
0.002583
-0.009590
0.026929
-0.009589
0.014755
0.039091
0.002583
0.026914
0.002583
0.002583
0.002583
0.026908
-0.009578
-0.033911
-0.009584
0.039082
0.099848
-0.033880
0.002583
-0.033893
-0.058240
0.026917
-0.070436
-0.021768
0.026935
0.075603
0.039073
0.014744
0.002583
-0.046067
0.002583
-0.021751
0.075567
-0.021739
-0.009580
0.014747
-0.021745
-0.021751
0.051245
0.014745
-0.009578
0.039064
0.002583
0.014741
0.014739
0.026891
0.002583
-0.021724
0.002583
-0.009573
0.002583
-0.009574
0.063355
-0.021721
-0.021727
0.002583
0.026894
-0.021727
-0.021733
-0.009577
0.051216
-0.033889
-0.009577
-0.021742
0.014747
0.014745
0.002583
0.014744
-0.033902
-0.009581
0.014748
0.002583
-0.009581
0.002583
-0.009583
0.014750
0.039073
-0.009578
0.014745
-0.009578
-0.009580
-0.009581
-0.009583
-0.021754
-0.021759
0.014755
0.002583
0.014754
-0.009587
0.014754
0.039086
-0.009583
0.014750
0.026911
0.014745
-0.021742
0.002583
0.014747
0.026905
0.002583
-0.033902
0.002583
0.026908
-0.009578
0.014745
0.002583
0.026902
-0.046061
-0.009581
-0.009583
-0.046096
0.051263
0.026914
-0.021748
0.002583
-0.021754
0.014752
0.039082
0.002583
-0.009581
0.014748
0.039069
-0.021739
0.002583
0.026905
0.002583
-0.009577
-0.009578
0.014745
-0.009578
0.039064
-0.021736
-0.009578
0.026905
0.014742
0.002583
0.002583
-0.021736
-0.021742
-0.009581
END
