y[]
0.012822
0.000121
-0.012580
0.000121
0.000121
0.000121
0.012822
-0.012580
-0.025286
0.012825
-0.025289
-0.012587
-0.012588
0.025537
0.000121
0.025530
0.000121
-0.025289
0.012826
-0.063424
-0.012593
0.000121
0.000121
0.000121
0.038257
0.012830
-0.038011
0.012833
0.000121
0.000121
-0.050738
-0.088944
-0.063545
-0.012617
0.000121
0.012859
-0.063586
-0.076381
0.051128
0.012868
0.063835
-0.101842
-0.101946
0.063925
0.025631
-0.012634
-0.012635
0.000121
-0.012637
-0.063691
0.038413
-0.038171
-0.076508
0.025670
0.025663
0.038423
0.000121
0.000121
0.038408
0.025637
-0.050919
0.025644
-0.050932
0.025650
-0.050945
-0.038196
0.063974
-0.076508
0.051213
-0.038196
-0.038211
-0.051011
-0.063830
0.076857
-0.012665
0.012906
0.076798
-0.012655
-0.076566
0.025690
-0.038235
-0.051043
0.076857
0.025686
-0.025445
0.012904
-0.038235
-0.051043
0.012914
-0.025468
-0.025474
0.038511
0.038496
0.012909
0.025693
-0.063822
-0.012673
0.000121
0.038496
0.025696
-0.025455
0.038481
0.051245
0.000121
0.000121
-0.012658
-0.025442
0.000121
0.012903
0.102318
0.000121
0.025654
0.000121
0.025647
-0.012642
0.000121
-0.012643
0.076681
-0.038152
0.063900
0.000121
-0.012632
0.000121
0.012873
0.000121
0.000121
-0.038142
-0.038157
0.000121
-0.012642
0.051161
-0.025396
0.000121
-0.012640
0.012881
0.012880
-0.025399
-0.025406
-0.012645
0.000121
-0.012647
0.063941
0.012880
-0.063691
0.012886
-0.025412
0.038418
-0.050945
-0.076527
0.012899
0.025673
-0.012655
0.000121
0.063982
-0.038191
0.000121
0.051200
0.000121
-0.038186
0.000121
0.012891
0.012890
-0.025419
0.000121
0.000121
-0.012652
-0.012653
0.025667
0.025660
0.012888
0.025650
0.051161
0.000121
0.025631
0.012873
0.000121
0.000121
0.012872
-0.025383
0.012873
0.000121
0.012872
0.000121
-0.012630
-0.012632
0.000121
0.000121
0.012873
0.000121
0.000121
-0.012632
0.012873
-0.012632
0.000121
0.000121
0.000121
0.000121
-0.012634
0.012875
0.012873
0.000121
0.000121
-0.012632
0.012873
-0.012632
0.000121
0.012873
0.000121
0.000121
0.000121
0.000121
0.000121
0.000121
-0.012632
0.000121
0.012873
0.000121
0.012872
-0.012630
0.000121
0.012872
0.000121
-0.012630
0.000121
0.012872
-0.012630
0.000121
0.000121
0.000121
0.000121
-0.012632
0.000121
0.012873
0.000121
-0.012632
0.012873
0.012872
0.000121
0.000121
0.012870
0.000121
0.000121
0.000121
0.000121
0.000121
0.000121
0.012868
0.000121
0.012867
-0.012625
0.000121
0.000121
0.000121
-0.012627
0.012868
0.000121
0.000121
0.000121
-0.012627
0.012868
0.000121
0.000121
0.000121
0.000121
0.012867
0.000121
0.000121
0.000121
-0.012625
0.012867
0.000121
-0.012625
0.000121
0.000121
-0.012627
0.000121
0.000121
0.000121
-0.025380
0.025621
-0.012629
0.012870
0.000121
-0.025380
0.000121
0.000121
0.025621
0.000121
0.012868
0.012867
0.000121
0.000121
0.000121
0.000121
0.012865
0.012864
-0.025367
0.000121
0.012865
-0.012624
0.000121
0.000121
-0.012625
0.000121
0.000121
0.000121
0.000121
-0.025377
0.012870
0.000121
0.000121
-0.012629
0.000121
0.000121
0.000121
0.012870
0.000121
0.000121
0.000121
0.012868
0.000121
0.000121
-0.012627
-0.012629
-0.012630
-0.012632
0.012873
0.000121
-0.012632
0.000121
0.000121
0.012873
0.000121
0.012872
-0.012630
-0.012632
0.000121
0.012873
0.000121
0.000121
0.000121
0.000121
0.000121
0.000121
0.000121
0.000121
0.000121
0.012872
0.012870
0.000121
0.000121
0.000121
0.000121
0.025615
0.012865
0.012864
-0.012622
-0.012624
0.000121
-0.012625
0.000121
0.000121
0.000121
-0.025377
0.012870
-0.012629
0.012870
0.012868
0.000121
0.012867
0.000121
-0.012625
0.000121
0.000121
-0.038128
0.025621
-0.012629
0.012870
0.012868
0.000121
0.000121
0.012867
0.000121
-0.012625
0.012867
-0.012625
-0.038128
0.025621
0.025615
-0.025373
0.000121
0.000121
-0.012629
0.012870
-0.012629
-0.012630
-0.012632
0.012873
0.025621
-0.012629
0.012870
0.000121
-0.012629
-0.012630
-0.012632
0.000121
-0.038147
0.025634
0.012875
0.012873
0.012872
0.012870
0.012868
-0.012627
-0.012629
0.012870
0.000121
-0.012629
-0.025383
0.012873
0.000121
-0.012632
-0.025390
0.025631
0.000121
-0.012634
-0.012635
-0.012637
0.012878
0.000121
0.012877
0.000121
0.000121
0.000121
0.012875
-0.025390
0.000121
-0.012637
0.025634
0.012875
-0.012634
-0.012635
0.000121
0.000121
0.025631
0.012873
0.000121
-0.012632
0.000121
-0.012634
0.038379
0.000121
0.025618
0.012867
-0.012625
0.000121
0.012867
0.012865
-0.012624
-0.025373
0.000121
0.012868
0.000121
-0.038128
-0.012632
-0.012634
0.038379
-0.025383
0.012873
0.012872
-0.012630
0.025621
0.025615
0.000121
-0.012625
0.012867
-0.012625
0.000121
-0.012627
0.000121
0.000121
0.038359
-0.012624
0.000121
0.025608
0.012862
-0.025364
-0.012624
0.025608
0.000121
0.012862
0.012860
0.051063
0.000121
0.000121
0.000121
-0.012612
0.000121
-0.012614
0.012855
0.025585
-0.025344
-0.025351
0.000121
0.000121
0.012857
-0.012616
0.000121
0.012857
0.000121
-0.025354
-0.012619
0.000121
0.000121
0.000121
0.000121
0.025598
-0.012617
0.000121
0.038330
-0.012614
0.000121
-0.012616
0.051057
0.012851
0.000121
0.025576
-0.038064
-0.025344
-0.025351
-0.101829
0.000121
0.012870
-0.050887
0.012875
0.000121
0.089355
-0.089114
-0.038147
0.000121
0.012878
0.000121
0.063884
0.025615
0.000121
0.063827
0.000121
0.051057
-0.025344
0.089219
-0.038055
0.000121
-0.038069
-0.012612
0.012854
-0.025347
0.012855
0.000121
-0.038089
-0.050848
0.025608
-0.025367
0.025608
0.051076
0.000121
0.012855
-0.050828
-0.025364
-0.012624
0.000121
0.012865
0.000121
-0.012624
-0.038123
0.038364
0.025608
0.000121
-0.025367
0.038349
0.012860
-0.012619
0.000121
-0.025364
-0.012624
0.000121
0.025608
0.012862
-0.025364
0.038345
0.012859
-0.012617
-0.012619
-0.012621
0.012862
-0.012621
0.000121
0.012862
0.038335
-0.025354
0.012859
0.012857
-0.025354
0.025595
0.038320
-0.025344
0.012854
-0.012612
-0.012614
0.000121
0.000121
0.012855
0.025585
0.000121
0.000121
-0.012611
0.012852
-0.012611
0.025582
-0.025341
-0.114536
0.051096
-0.127365
0.051135
0.051109
0.102019
0.038306
0.051011
0.038272
0.025547
-0.038021
-0.050757
0.050998
-0.063480
0.012844
0.025563
0.012839
-0.012598
0.025556
0.038262
-0.012591
-0.025308
0.000121
0.025550
0.025543
0.025537
0.000121
-0.038006
-0.025305
0.000121
-0.025312
0.038267
-0.012593
0.000121
-0.025312
0.076398
-0.012588
0.000121
-0.038016
-0.038030
0.012839
-0.012598
0.050985
0.050960
-0.012587
-0.012588
0.038243
0.000121
-0.025292
0.000121
0.000121
0.012828
0.000121
0.000121
0.000121
0.012826
-0.012585
0.000121
0.012826
0.000121
0.000121
0.000121
-0.012585
0.012826
0.012825
-0.012583
0.025527
-0.025286
0.000121
0.000121
0.000121
-0.012585
0.000121
0.000121
0.000121
0.000121
0.000121
-0.012587
0.012828
-0.012587
0.012828
-0.012587
0.000121
-0.012588
0.012830
0.000121
-0.025299
0.000121
0.012831
0.000121
0.000121
0.012830
-0.025299
0.012831
0.000121
0.000121
0.000121
0.000121
0.000121
0.000121
0.000121
0.012830
0.000121
0.000121
0.000121
0.000121
-0.012588
0.000121
0.000121
-0.012590
0.000121
0.000121
-0.025305
0.000121
0.012834
0.000121
0.012833
-0.012591
END
