y[]
0.023969
0.073758
0.073702
-0.112932
0.098609
0.061226
-0.050676
-0.100483
-0.000943
0.111032
0.036354
0.073609
0.036312
-0.100322
0.048758
-0.050645
-0.100421
-0.137887
-0.000943
-0.050788
0.023982
0.048889
-0.013399
0.073767
-0.050744
-0.013397
0.086203
-0.125461
-0.125616
-0.138263
-0.000943
-0.075925
0.136479
0.073935
-0.063338
0.136274
0.023985
-0.100694
0.024004
-0.013416
-0.050850
-0.000943
-0.188315
-0.101018
-0.163779
0.199432
-0.013455
-0.038488
-0.063549
-0.138814
-0.051125
0.099395
-0.013480
-0.026022
0.011597
0.036667
-0.000943
0.011590
0.011589
-0.026009
-0.000943
0.011590
-0.000943
0.186874
-0.013453
0.036582
-0.013450
0.024069
0.011561
-0.038460
-0.038474
-0.000943
-0.013457
-0.051012
-0.000943
0.011576
0.099157
0.011562
-0.025956
-0.013452
-0.013453
-0.000943
-0.025968
0.036592
-0.013453
-0.025968
0.086617
-0.025953
-0.063494
0.036592
-0.038479
-0.000943
0.011570
0.036587
-0.050987
-0.013458
0.061615
-0.000943
-0.038474
-0.000943
0.036587
-0.088536
0.024091
-0.051018
-0.025990
0.024104
-0.025990
-0.000943
-0.013469
0.049151
-0.025987
0.036620
-0.025984
-0.025990
0.011581
0.036620
-0.000943
-0.013463
0.036611
-0.000943
0.011572
-0.025975
0.024088
0.011570
-0.013457
0.024082
-0.013455
0.011568
-0.025968
0.036592
-0.025965
-0.025971
0.011572
0.036592
-0.013453
-0.025968
0.011570
-0.000943
0.011568
-0.000943
0.011567
0.024072
-0.013450
0.024069
-0.013449
0.011562
-0.000943
-0.013449
0.011562
-0.013449
-0.000943
0.024066
-0.000943
-0.013447
0.024063
-0.000943
-0.000943
-0.000943
0.011557
-0.025946
0.011559
0.011557
-0.000943
-0.013444
-0.013446
-0.000943
0.011559
-0.025950
0.011561
-0.025953
0.011562
-0.000943
-0.025956
0.011564
0.036568
0.011557
-0.025946
0.011559
-0.000943
0.011557
0.024054
-0.000943
-0.000943
-0.000943
-0.038441
0.011557
-0.000943
-0.000943
-0.000943
-0.013444
-0.013446
-0.000943
-0.000943
0.036559
-0.000943
0.049038
0.011548
-0.025928
-0.013438
0.011551
0.011550
-0.000943
-0.013436
-0.013438
0.024044
0.036526
-0.013432
-0.000943
-0.000943
-0.013433
0.011547
-0.000943
-0.025925
-0.050925
0.011554
-0.013441
-0.025943
-0.000943
0.011557
0.011556
-0.025943
-0.000943
-0.013446
0.011559
-0.013446
0.036559
-0.000943
-0.000943
0.011554
-0.013441
0.011554
-0.013441
-0.000943
-0.025943
0.049050
0.011551
0.024041
0.011547
0.024032
-0.000943
-0.000943
-0.000943
-0.000943
0.011542
-0.025915
0.048994
-0.100843
0.061506
-0.075887
0.011551
-0.013438
-0.013439
-0.000943
0.011553
-0.000943
0.011551
-0.025934
0.061522
-0.063408
0.061522
0.049000
-0.000943
0.123807
0.048913
0.036433
0.061319
-0.000943
-0.000943
-0.000943
0.036396
-0.038282
-0.000943
0.011505
0.011503
0.036386
0.073674
0.011488
0.011486
-0.063105
-0.025819
0.036368
0.011491
0.023920
-0.000943
0.011486
-0.038236
-0.075570
0.011498
0.023935
-0.025822
-0.000943
0.011497
-0.025825
0.048814
-0.013380
-0.013382
-0.000943
0.011495
0.036363
0.023920
-0.013374
0.011488
0.023914
-0.025800
0.036340
0.023904
0.011478
0.011477
0.023892
-0.013360
0.011474
-0.038199
-0.000943
-0.025788
-0.000943
-0.013368
-0.000943
-0.050657
0.023917
-0.025803
-0.038245
-0.000943
-0.013380
-0.000943
-0.025822
0.061242
-0.025813
-0.025819
0.023932
-0.025819
-0.000943
0.023932
0.011492
0.011491
0.023920
-0.050676
-0.000943
-0.025819
-0.013383
-0.000943
-0.000943
-0.000943
-0.000943
-0.000943
-0.013385
-0.000943
0.023938
-0.025825
0.011498
-0.000943
0.011497
-0.013383
-0.038273
0.023945
-0.025831
0.011501
-0.038282
0.011505
-0.013391
-0.038296
-0.038310
0.023969
0.036414
-0.050757
0.048870
-0.013394
0.036405
-0.025841
0.011506
-0.038296
-0.025853
-0.000943
0.048870
0.011506
-0.025844
0.023957
0.011505
0.023948
-0.013388
0.011501
-0.013388
0.023945
-0.025831
-0.025838
0.048839
-0.013387
-0.025834
-0.013391
0.023951
-0.000943
0.098572
-0.013377
-0.038254
0.023932
0.098497
0.023901
-0.038213
-0.162605
-0.063190
0.023960
0.135915
-0.125352
-0.050750
-0.000943
-0.000943
0.098646
0.048814
-0.075589
0.173143
-0.050651
-0.000943
0.048765
-0.075515
0.048777
-0.013371
-0.000943
-0.025803
0.073619
-0.075505
-0.000943
0.036345
-0.000943
-0.162625
-0.000943
-0.125492
0.086257
0.011508
-0.000943
-0.050757
-0.050781
-0.088220
-0.000943
-0.000943
0.024001
-0.025887
-0.125756
0.073963
-0.188315
-0.113535
0.061623
-0.076028
0.111662
-0.050975
-0.038483
0.036597
-0.076037
0.111676
0.086562
-0.038436
0.036550
-0.013439
-0.025940
0.061537
-0.100931
-0.013449
0.049069
-0.013444
-0.000943
0.036554
-0.000943
0.036540
-0.038427
-0.050943
0.099032
-0.013435
0.061498
0.024022
0.048969
-0.038375
0.086377
-0.000943
-0.050831
-0.000943
0.036475
-0.038361
-0.013419
0.061420
0.011525
-0.000943
0.036452
-0.000943
0.098708
-0.038301
0.011511
-0.050769
-0.000943
-0.000943
-0.000943
-0.025865
-0.038338
0.048913
-0.000943
-0.000943
-0.050800
-0.025881
0.023994
-0.088252
-0.025903
-0.013425
-0.038399
0.024029
-0.013428
-0.013430
0.011543
-0.050900
0.036526
-0.013432
0.036517
0.011540
-0.050887
-0.013433
-0.000943
0.098932
-0.038385
-0.138349
-0.063463
0.036573
-0.038460
-0.038474
0.061600
-0.013449
0.036568
0.049050
0.011551
0.011550
0.036526
0.098907
0.061412
0.061374
0.036428
0.036414
0.160778
0.036340
-0.038227
0.036340
-0.000943
0.048746
0.073545
0.011466
0.036275
0.085846
0.011449
0.098140
-0.050473
-0.038107
-0.013334
-0.013336
-0.013337
0.023843
0.048611
-0.025717
-0.038116
-0.025733
0.011452
0.011451
-0.000943
-0.025733
0.011452
0.023843
-0.000943
-0.000943
-0.000943
-0.000943
-0.013336
0.011449
0.011447
-0.025726
-0.000943
-0.000943
0.023840
-0.000943
0.011446
-0.013333
0.122880
-0.013319
-0.050461
-0.013326
0.023821
-0.000943
-0.025708
-0.038102
-0.025723
-0.000943
-0.025730
-0.025736
-0.013342
-0.025745
0.036257
0.036243
-0.025733
-0.013340
0.023849
0.023843
0.023837
0.023831
-0.013330
-0.013331
0.011444
0.023828
-0.038102
-0.013333
0.023834
-0.000943
-0.038111
0.060995
-0.038102
0.011444
-0.025720
-0.025726
-0.000943
-0.013337
-0.013339
0.011452
-0.025736
-0.000943
-0.013342
0.011455
-0.013342
-0.000943
0.036248
-0.013339
-0.025739
-0.025745
-0.000943
0.011458
-0.000943
-0.000943
0.011457
0.011455
-0.025742
-0.000943
-0.013345
-0.000943
-0.000943
0.011458
-0.038153
0.023864
-0.000943
-0.013346
-0.013348
-0.000943
-0.000943
-0.013349
-0.000943
0.011463
-0.000943
0.011461
0.011460
0.011458
-0.000943
-0.000943
-0.000943
-0.000943
-0.013345
-0.000943
0.011458
0.011457
-0.000943
0.048641
-0.013337
0.023843
-0.025730
-0.000943
0.011451
-0.000943
0.011449
-0.000943
0.011447
-0.013334
-0.013336
-0.000943
-0.000943
-0.000943
-0.013337
0.011451
-0.000943
-0.000943
-0.000943
0.011449
-0.000943
-0.000943
-0.013336
0.011449
-0.013336
0.011449
0.036224
0.011443
-0.000943
-0.025717
0.036215
-0.025714
0.023828
0.011440
-0.000943
0.011438
-0.000943
-0.013325
-0.025711
0.011441
0.011440
0.011438
-0.013325
0.011438
0.011437
0.048562
-0.000943
-0.013317
-0.013319
-0.000943
-0.000943
-0.000943
-0.025699
-0.000943
-0.000943
-0.000943
0.011435
-0.025702
-0.000943
0.011437
-0.000943
0.011435
-0.000943
0.048556
0.023797
-0.000943
0.060880
-0.038033
-0.013310
-0.000943
-0.000943
0.011423
0.060865
-0.000943
-0.050387
-0.038042
-0.000943
-0.025684
END
