y[]
-0.049401
-0.024256
0.013490
0.000907
0.000907
-0.011675
0.038650
-0.011672
-0.011674
0.013488
0.013487
0.013485
0.013483
0.000907
-0.024247
-0.049420
0.013491
-0.036850
0.026080
0.013491
-0.024263
0.000907
0.038660
0.000907
0.026068
0.013485
-0.036831
0.013488
0.063788
-0.011666
0.013480
-0.024240
0.026055
0.063749
-0.074508
0.013480
0.051184
-0.011660
0.013474
-0.061942
0.013480
0.000907
-0.049395
0.013485
0.000907
0.000907
0.051203
-0.011664
-0.024240
-0.049407
-0.036845
0.026077
0.013490
0.038645
-0.061998
-0.049445
-0.011685
-0.011686
-0.036883
-0.011693
0.013507
0.051291
0.026090
0.051253
0.038650
-0.099772
0.076426
0.013488
0.000907
0.000907
0.000907
-0.011674
0.026068
0.000907
-0.011672
0.038641
0.026055
-0.024240
-0.024247
0.038636
-0.036821
0.000907
-0.011672
-0.049426
-0.011680
-0.011682
0.013496
0.000907
-0.024272
0.013498
0.051253
-0.011677
0.013491
0.013490
0.026068
0.013485
-0.049414
-0.036850
0.051247
0.000907
0.063796
0.038622
0.026042
0.101385
-0.024203
-0.024209
0.038579
-0.036765
-0.036779
-0.011658
0.026036
0.038589
-0.124752
-0.074564
-0.087215
0.051272
-0.099848
-0.049509
0.063923
0.126820
-0.011677
-0.087226
-0.062093
0.051310
-0.011691
-0.062109
0.013514
0.089107
0.076445
-0.062037
0.089019
0.051222
-0.011669
-0.061998
0.038655
0.139194
-0.112222
-0.036831
-0.049433
0.063828
0.013487
0.101486
0.038598
-0.024218
0.063709
-0.074460
0.051159
0.013466
0.000907
0.000907
0.051127
0.013458
-0.099545
-0.011656
0.051152
0.013465
0.000907
-0.011650
0.026020
0.013461
0.026011
0.026005
0.051083
-0.061816
0.026001
-0.049287
-0.061871
-0.061911
0.013474
-0.099671
0.051209
-0.024240
0.076332
-0.024228
-0.074536
-0.036836
-0.011677
0.000907
-0.062037
0.000907
-0.087282
-0.036912
0.000907
-0.087393
0.026144
-0.062196
-0.049604
-0.188738
-0.062388
-0.011757
-0.037094
0.064234
-0.049751
-0.011761
-0.151242
-0.100654
-0.329882
0.179160
0.140741
0.013610
0.089779
0.064339
0.038947
0.000907
0.000907
-0.011771
-0.125964
0.013602
-0.062581
0.000907
0.140528
-0.024464
0.089678
-0.037128
0.051617
0.064259
0.102186
0.102083
-0.024377
-0.011737
-0.074994
0.013561
-0.062380
0.038884
-0.062396
0.076866
0.102096
-0.138254
-0.011753
0.038884
-0.075061
0.051559
0.102135
-0.011741
-0.125659
0.000907
-0.049764
-0.024438
0.026253
-0.011765
-0.037118
-0.138642
0.165809
0.038923
-0.011763
0.190793
0.013553
0.013552
0.165142
-0.125403
0.076713
-0.163411
0.064138
0.101994
-0.125467
-0.163619
0.051559
0.279036
0.190098
-0.049509
0.215000
-0.024256
-0.112407
-0.074707
0.063923
0.051291
-0.137710
0.000907
0.126931
0.000907
0.101612
0.202013
0.026017
0.038560
-0.036746
-0.074441
-0.036788
0.113951
0.101284
0.063591
0.213740
-0.024108
0.238304
0.175471
0.125409
-0.036427
-0.123641
-0.061425
0.063240
-0.024021
-0.036497
-0.011564
-0.111403
-0.074037
0.013402
-0.061581
-0.011595
-0.011597
0.075907
-0.149149
0.088467
-0.011597
-0.074149
0.063458
-0.036619
0.013417
0.050932
0.038410
0.013405
0.013403
-0.299431
0.038499
0.051007
-0.086785
0.013439
-0.124485
0.138830
-0.074300
-0.036717
-0.288020
-0.024256
0.051228
-0.225736
0.051317
-0.074717
-0.011702
0.013517
0.063931
0.063891
-0.024282
0.202241
0.000907
-0.137466
0.151851
0.013476
0.038603
-0.011656
-0.099658
-0.036831
0.101511
0.101410
-0.036769
-0.024218
-0.061934
0.101435
-0.036779
0.000907
-0.011658
0.038598
-0.149941
0.000907
0.038641
0.076332
-0.099671
-0.049420
-0.175437
0.026118
0.013510
-0.049515
0.164687
0.038664
-0.137606
0.000907
-0.099950
0.038741
0.026122
0.000907
-0.188355
0.038788
-0.011718
0.051400
-0.125371
-0.125531
-0.214405
0.178257
-0.024409
-0.214542
0.000907
-0.138749
-0.075351
0.000907
0.102572
-0.062621
-0.088100
-0.100913
0.140883
0.000907
-0.024528
0.026343
0.013623
0.013621
0.000907
0.026330
0.013616
-0.024512
0.000907
0.000907
0.013618
-0.024515
0.026330
0.000907
-0.024515
0.000907
0.051746
0.039019
0.013608
0.000907
0.000907
0.026304
0.000907
0.013603
-0.037186
-0.011794
0.013608
0.013606
0.000907
0.013605
-0.037190
0.000907
0.051701
0.000907
-0.011789
0.000907
0.000907
-0.024490
0.026304
0.013603
0.026294
0.013598
0.026285
-0.024470
0.038971
0.013592
-0.011777
0.026275
0.013589
0.000907
0.000907
0.000907
0.000907
0.013587
-0.011773
0.013587
0.013586
0.013584
-0.024448
0.000907
0.000907
-0.024454
0.026269
0.000907
0.000907
0.000907
0.000907
-0.011773
-0.011774
0.000907
-0.011776
0.013590
-0.011776
-0.037152
0.013595
0.013594
-0.011779
0.026278
0.000907
0.038952
-0.011773
0.026265
0.026259
-0.049803
0.000907
0.013587
-0.062508
0.000907
0.051643
0.000907
-0.037142
-0.062540
-0.011787
0.013602
-0.024483
0.026298
0.013600
-0.011786
-0.049880
-0.011794
0.026307
0.013605
-0.049893
-0.062629
0.013618
-0.011803
0.039034
0.000907
0.064419
-0.049899
0.039015
-0.011794
-0.024499
0.089802
0.026291
-0.011784
-0.011786
0.000907
0.013600
-0.011786
0.026291
0.026285
0.000907
0.000907
-0.024470
0.000907
-0.011784
-0.062573
0.000907
0.000907
-0.011794
0.000907
-0.011795
0.000907
0.064403
0.064363
0.013594
-0.024467
-0.037166
-0.049880
0.026304
0.013603
-0.011789
0.000907
0.000907
-0.024490
0.026304
-0.024490
0.000907
-0.024496
0.013610
0.013608
0.000907
-0.037200
0.039015
0.039000
0.026294
0.026288
0.013595
-0.024470
-0.011784
0.013598
0.013597
0.000907
-0.011782
0.013597
-0.037166
0.000907
-0.011787
0.000907
0.038986
0.038971
-0.011779
0.000907
0.000907
0.013594
0.000907
0.000907
-0.024467
0.026282
0.000907
-0.011779
0.026278
0.000907
0.038952
0.000907
0.013586
-0.024451
0.013587
0.013586
-0.011771
-0.024454
-0.037147
0.026278
0.089655
-0.024441
0.013582
0.013581
0.026249
0.000907
-0.075138
0.051611
0.000907
0.013579
0.026246
-0.011761
-0.011763
0.013578
-0.125868
0.038957
0.000907
0.127634
0.000907
-0.037094
-0.049783
-0.024448
0.051611
0.013579
0.064242
-0.024422
0.013573
0.000907
0.026233
0.051540
-0.011749
-0.049732
0.013569
-0.049751
0.013574
0.026237
-0.011757
-0.062436
0.026249
0.013576
-0.037104
-0.011766
0.102250
0.026227
-0.037075
0.013569
0.026227
-0.037075
0.051547
0.000907
0.000907
0.038870
0.013558
0.038851
-0.037036
-0.062364
0.038875
-0.011747
0.051515
-0.049700
0.026214
0.026208
-0.011742
0.026204
0.013553
0.000907
0.064114
-0.011731
-0.024374
0.000907
-0.011736
0.000907
0.038832
-0.011733
-0.049668
0.038841
-0.049674
-0.062356
0.013563
-0.011749
0.000907
0.000907
0.051521
0.000907
0.000907
-0.024396
-0.037060
-0.062404
-0.011760
0.000907
0.051566
0.000907
0.000907
0.013568
0.038880
0.026214
0.038856
0.013553
0.013552
0.000907
0.013550
0.026189
-0.011733
0.064090
0.101917
-0.036960
-0.062236
-0.074917
0.038827
-0.062300
0.000907
-0.062340
0.013560
-0.011745
-0.100371
0.038899
0.051540
-0.037065
-0.037079
0.051553
0.000907
0.000907
-0.062404
0.038899
0.026227
0.026221
0.026214
-0.037055
-0.062396
-0.024425
0.064226
-0.024416
0.165391
-0.100282
0.013561
0.038860
-0.011742
0.000907
-0.049706
0.000907
-0.024409
-0.011753
-0.062420
-0.062460
-0.087875
0.051649
0.000907
0.038947
-0.049816
0.051630
0.013584
-0.011769
0.038932
-0.024441
-0.037128
0.178280
END
