y[]
-0.014856
0.000372
0.030828
0.000372
0.000372
-0.014854
-0.045321
0.000372
0.000372
0.030837
-0.045328
0.000372
-0.014866
-0.014868
0.015613
0.000372
-0.030111
-0.014873
0.030860
-0.014870
0.000372
0.000372
-0.014873
0.000372
-0.045377
-0.014882
-0.014884
0.000372
0.000372
0.030883
-0.014882
0.030879
0.000372
-0.014880
-0.014882
0.015627
0.000372
0.030874
-0.014877
0.046115
-0.014873
-0.014875
0.000372
0.015620
0.000372
0.015617
0.000372
0.000372
0.015615
-0.014870
-0.030120
0.046108
-0.014870
-0.014873
0.000372
0.000372
0.000372
0.000372
-0.045377
0.000372
0.000372
0.000372
0.030874
-0.030129
0.015624
0.015622
0.000372
0.000372
0.000372
0.000372
0.000372
0.030865
0.000372
0.000372
0.000372
-0.014873
0.000372
0.015617
0.000372
0.000372
-0.014873
0.015617
0.000372
-0.030120
-0.014877
0.015622
0.030865
0.015615
0.015613
0.030846
-0.014863
0.015608
-0.014863
0.000372
-0.045349
0.015615
0.015613
-0.030111
0.000372
0.015615
0.015613
0.000372
-0.014868
-0.014870
0.000372
-0.045370
0.000372
-0.060650
-0.075958
0.046177
0.030897
-0.014889
-0.060696
-0.014901
-0.014903
0.030921
-0.030176
0.015648
-0.014903
-0.014905
0.015650
0.000372
0.000372
0.076726
0.000372
-0.030162
0.000372
0.030907
0.000372
-0.014894
-0.014896
-0.045447
-0.014905
0.030925
0.000372
-0.014903
0.000372
0.000372
-0.045468
0.000372
0.015655
0.000372
0.015652
-0.030190
0.015655
0.015652
0.015650
-0.030185
0.015652
0.000372
-0.014908
0.000372
-0.014910
-0.030199
-0.076098
-0.060846
0.015680
0.000372
0.030982
-0.045545
-0.014938
-0.106866
-0.091638
-0.061015
0.031071
-0.061034
0.046431
-0.014978
0.015723
0.015720
-0.045679
0.046424
0.015718
0.000372
0.015716
0.031052
-0.107047
-0.014983
0.046431
0.031066
0.031057
-0.061006
0.015720
-0.061034
-0.030345
0.000372
0.031090
-0.014985
0.046438
0.000372
-0.030335
0.015728
-0.014983
-0.045707
0.015735
0.015732
-0.045714
-0.045735
0.015744
0.000372
0.000372
0.000372
0.031109
0.031099
0.031090
0.015728
0.015725
0.000372
0.015723
-0.014978
-0.061053
-0.030354
0.000372
0.000372
-0.014994
0.015739
0.061816
-0.030345
-0.091836
0.031118
-0.014999
-0.015002
0.000372
0.015746
-0.045757
0.000372
0.000372
0.061873
-0.014999
-0.030378
0.061864
0.031104
0.046452
0.000372
-0.014985
0.015730
-0.076438
0.092538
0.000372
-0.030340
-0.045714
-0.045735
-0.030378
0.015749
-0.122705
0.015765
-0.061213
-0.015030
0.185045
0.015746
-0.015002
0.138653
-0.076427
-0.014994
0.000372
0.138589
-0.122478
0.000372
-0.153403
0.061911
-0.061166
0.046530
-0.015011
0.154100
0.107842
0.061732
0.015706
0.015704
0.000372
-0.014959
0.077007
0.031010
-0.014945
-0.060921
0.000372
0.122921
-0.060883
0.000372
-0.045594
0.031019
0.046325
0.076913
-0.030237
0.030982
0.000372
0.137998
0.076749
0.061432
-0.030153
0.015636
-0.030157
-0.014896
0.000372
0.061432
-0.075958
-0.014901
0.015645
-0.014901
0.000372
0.061450
-0.030162
0.015641
0.015638
-0.060706
-0.030181
-0.045475
0.030939
0.015652
-0.030190
0.015655
-0.030195
0.030939
0.015652
0.061469
-0.076004
-0.014910
-0.060780
0.046240
0.000372
0.015657
0.000372
0.030935
0.000372
-0.091343
-0.060818
-0.030237
-0.060874
0.000372
0.000372
-0.091568
-0.076309
0.000372
0.000372
-0.061015
0.000372
0.077101
0.031047
0.015706
-0.107014
-0.091765
-0.045728
0.061835
0.031090
-0.045707
-0.030359
0.092538
0.077113
0.000372
0.031052
-0.030307
0.107710
-0.030284
0.000372
0.000372
0.031028
-0.014954
-0.045622
-0.076332
0.015718
-0.030321
0.215031
0.076925
-0.030241
0.015680
-0.014936
-0.076203
0.046325
-0.045580
-0.045601
0.046346
0.061638
-0.137527
-0.060977
-0.091723
0.061779
-0.061034
-0.091808
-0.076509
0.077254
-0.014999
-0.045757
-0.015009
0.015753
0.061873
0.000372
0.031109
0.015737
0.031094
-0.014987
0.031090
0.000372
-0.014985
0.015730
0.000372
0.000372
-0.014985
0.015730
0.000372
0.000372
-0.014985
0.015730
0.000372
0.015728
-0.014983
0.015728
-0.045700
0.015732
-0.030350
0.000372
0.031094
0.000372
-0.014987
0.000372
0.000372
0.000372
-0.014990
0.000372
-0.014992
-0.014994
0.000372
-0.014997
0.000372
0.031109
0.000372
0.015737
0.000372
0.000372
-0.014992
-0.014994
0.000372
0.015739
0.015737
0.000372
0.015735
-0.014990
0.000372
0.000372
0.000372
0.000372
0.000372
0.031094
-0.014987
0.015732
0.000372
0.015730
0.000372
0.000372
0.000372
0.000372
0.000372
0.000372
0.000372
0.015728
0.000372
0.015725
0.015723
0.000372
0.031066
0.000372
0.000372
0.000372
-0.045672
0.031071
0.015718
-0.014973
0.000372
-0.030326
0.015723
0.000372
-0.014978
0.000372
0.000372
-0.045693
0.000372
-0.014987
0.015732
0.000372
0.046438
0.031071
0.031061
0.000372
-0.014971
0.015716
-0.014971
-0.045672
0.046416
0.015716
0.015713
-0.030312
-0.030321
-0.030331
0.031076
0.031066
-0.014973
0.046402
-0.030312
0.015716
-0.014971
0.000372
0.000372
0.000372
0.015716
-0.030317
0.015718
0.000372
0.031057
-0.014969
0.000372
0.000372
0.000372
-0.014971
0.000372
-0.014973
0.000372
0.000372
0.015718
-0.014973
0.015718
0.000372
-0.014973
0.015718
0.000372
-0.014973
0.000372
0.000372
-0.014976
0.000372
0.015720
0.015718
0.000372
-0.014973
0.015718
0.000372
0.000372
0.000372
-0.014973
0.000372
0.015718
0.015716
0.000372
-0.014971
0.015716
0.015713
-0.014969
0.015713
0.000372
0.015711
-0.014966
0.015711
0.000372
0.000372
0.000372
0.000372
0.000372
0.015709
0.000372
0.015706
0.000372
-0.014961
0.000372
0.031038
-0.014959
0.015704
0.015702
0.000372
-0.045622
0.031038
0.000372
0.015702
0.015699
0.031019
-0.014950
-0.030279
0.000372
0.015699
-0.030284
-0.014959
0.046360
0.015697
-0.030279
0.000372
0.000372
-0.014957
0.000372
-0.014959
-0.014961
0.000372
-0.014964
-0.014966
-0.014969
0.000372
-0.030317
0.015718
0.015716
0.061722
0.015704
-0.045629
0.061703
0.031024
0.076960
0.000372
0.000372
0.046297
-0.030241
-0.014938
-0.030255
0.000372
0.015688
0.000372
0.061609
0.061572
0.046247
-0.030209
0.000372
0.000372
-0.014922
-0.014924
-0.014926
0.000372
0.000372
0.015671
-0.045531
-0.014933
0.000372
-0.030246
-0.060893
-0.030274
0.031019
0.000372
0.031010
0.000372
0.000372
-0.045587
0.015695
0.076948
0.030986
0.000372
-0.030241
-0.030251
0.030996
0.030986
0.000372
0.076866
-0.030218
0.000372
0.015669
0.000372
0.046247
-0.014917
-0.014919
0.000372
-0.014922
-0.030223
0.015671
-0.014926
0.015671
-0.014926
-0.030232
0.000372
0.076866
-0.076121
0.000372
0.030977
0.046262
0.000372
0.030953
-0.030209
0.000372
0.015664
-0.014919
0.015664
0.015662
0.000372
0.046226
-0.030195
-0.014915
0.046226
-0.014910
-0.030199
0.046226
0.015652
0.015650
0.000372
0.000372
0.000372
-0.014905
0.015650
-0.030185
0.015652
0.000372
-0.045475
-0.060790
0.030958
0.046233
-0.030199
0.000372
0.000372
0.015659
0.046219
-0.014908
0.000372
0.000372
0.046205
-0.014903
0.000372
-0.030185
0.030930
0.000372
-0.060752
-0.014915
0.015659
-0.030204
0.000372
-0.030213
0.015666
0.015664
-0.045510
0.030963
0.000372
-0.030218
0.015669
0.000372
0.015666
-0.060818
0.061563
0.046240
0.046219
-0.030190
0.015655
0.046205
0.046184
0.000372
-0.014896
-0.060724
0.000372
0.046198
0.015643
END
