y[]
0.001707
-0.010200
0.013614
0.001707
0.001707
0.001707
-0.010200
0.001707
0.013614
0.013612
-0.010199
0.013612
0.001707
0.001707
0.001707
-0.010199
0.013612
0.001707
-0.022105
0.013614
0.013612
0.001707
-0.010199
0.013612
0.001707
0.001707
0.001707
0.001707
0.001707
-0.010199
0.001707
0.001707
-0.010200
0.001707
0.001707
0.001707
-0.022111
0.001707
0.001707
-0.010204
0.013618
-0.010204
0.001707
0.001707
0.001707
0.001707
0.001707
0.013618
-0.010204
0.013618
0.001707
-0.010204
0.013618
0.013617
-0.010203
0.001707
0.001707
-0.010204
0.013618
-0.010204
0.001707
0.001707
0.001707
0.013618
0.001707
-0.010204
0.001707
0.013618
-0.010204
0.013618
-0.022117
0.001707
0.001707
0.013620
-0.010206
-0.010207
0.013621
-0.010207
0.013621
0.001707
0.001707
-0.022122
0.001707
-0.010210
0.001707
0.013624
0.001707
0.013622
0.001707
0.001707
0.001707
0.001707
0.001707
0.025534
0.001707
0.013618
0.013617
0.001707
0.001707
-0.022114
0.013618
-0.022117
0.001707
0.001707
0.001707
0.001707
0.001707
0.001707
0.001707
-0.010207
0.001707
0.037445
0.001707
0.001707
0.025525
0.001707
0.001707
0.001707
-0.010201
-0.010203
0.025525
-0.010201
0.013615
0.001707
0.001707
0.013614
-0.010200
0.001707
0.001707
-0.010201
0.001707
0.001707
-0.010203
0.013617
-0.010203
0.001707
0.013617
-0.010203
0.001707
0.025525
-0.034022
0.001707
-0.010206
-0.010207
0.037445
-0.010204
0.025528
-0.010203
0.025525
-0.010201
0.037428
0.001707
0.001707
0.001707
-0.010199
-0.010200
-0.010201
0.025522
-0.010200
0.001707
-0.022111
0.001707
0.001707
-0.010204
0.001707
0.001707
0.025528
0.013615
-0.022111
0.001707
0.001707
-0.010204
0.001707
0.013618
0.025525
-0.022111
0.001707
0.001707
0.001707
0.001707
-0.010204
0.013618
0.001707
0.013617
-0.022114
0.013618
0.025525
-0.010201
-0.010203
0.013617
-0.010203
-0.010204
0.013618
-0.022117
0.001707
0.001707
0.013620
0.013618
-0.034031
0.001707
0.001707
0.001707
0.013621
-0.010207
0.001707
0.001707
0.013621
0.001707
0.013620
0.013618
-0.010204
0.013618
0.025525
-0.010201
-0.010203
0.025525
0.001707
0.001707
-0.010201
0.001707
0.001707
0.013615
0.001707
0.061227
0.073085
-0.022080
0.001707
0.001707
-0.010189
-0.033988
-0.010194
0.001707
-0.022100
0.001707
-0.034014
0.085035
-0.069713
0.049326
-0.188905
0.025553
-0.057920
-0.081830
-0.046060
0.001707
0.061412
-0.046054
0.001707
-0.046077
-0.046100
0.013661
0.001707
0.025610
-0.022196
-0.034159
-0.046134
-0.106019
-0.010270
0.073546
0.049571
0.049548
0.001707
0.061476
0.013657
-0.010243
-0.105904
0.073460
0.097298
-0.010237
-0.069986
0.013659
0.037556
0.025599
-0.093895
-0.022208
0.049531
0.049508
0.001707
0.013654
-0.022188
0.049491
0.001707
-0.058027
-0.034150
0.025613
-0.022199
-0.070046
0.013669
-0.106007
0.049594
-0.022234
-0.082130
-0.034245
-0.094228
-0.010291
-0.034297
0.013710
-0.058321
-0.022314
0.037737
-0.046335
-0.070400
0.025748
-0.022334
0.001707
-0.082483
-0.022360
-0.022366
0.061879
0.049819
-0.022346
0.013734
0.061821
0.001707
0.037758
-0.058386
0.001707
-0.058422
-0.154797
-0.070608
0.025818
0.037862
-0.034449
0.074005
0.013752
0.061908
-0.034409
0.025786
-0.010332
0.025783
-0.094632
-0.010342
0.037849
0.025795
-0.034427
-0.022389
-0.010343
0.013757
0.037849
-0.058538
-0.010346
-0.046521
0.013766
0.025821
-0.022407
-0.034475
-0.010356
0.025832
-0.034483
-0.058639
0.062053
0.025835
0.013769
0.049940
0.049917
0.025803
0.013753
0.037836
0.001707
-0.010335
-0.046474
-0.094725
-0.082747
0.074101
-0.046550
0.025838
-0.010358
-0.082788
-0.058690
-0.034549
0.025879
0.013791
-0.010377
0.050034
0.001707
-0.022453
0.158645
0.001707
-0.034488
-0.046573
-0.022442
-0.022448
0.098290
-0.010361
-0.070731
-0.034531
0.037945
-0.107048
-0.022477
-0.010387
-0.010389
0.001707
0.037989
0.013798
0.001707
0.025885
0.050045
0.025867
0.001707
0.050010
-0.010367
0.025853
0.001707
-0.010365
0.001707
0.025850
-0.010364
0.001707
0.001707
0.013778
0.013776
0.001707
0.001707
0.013775
-0.010361
0.013775
0.001707
0.013773
0.001707
0.013772
0.025832
-0.022418
-0.046561
-0.046585
0.013782
0.001707
-0.010368
0.013782
-0.010368
0.001707
0.025856
0.013779
0.001707
0.001707
-0.022439
0.025853
0.001707
0.013778
0.013776
0.013775
-0.058647
0.001707
-0.010368
-0.058690
0.001707
0.062104
0.013782
-0.022445
-0.010371
-0.022453
-0.010375
0.013789
0.025867
0.013785
0.013784
0.001707
0.001707
-0.010370
-0.010371
-0.010373
0.013786
0.001707
0.013785
-0.022451
-0.034540
-0.022465
-0.010381
0.013795
-0.010381
-0.010383
0.013797
-0.010383
0.001707
0.025885
-0.010381
-0.010383
0.001707
0.001707
0.001707
0.013797
0.013795
-0.010381
0.013795
-0.022471
0.025885
-0.022471
0.013797
-0.034567
0.001707
0.001707
0.013800
0.001707
-0.010386
0.013800
0.013798
0.013797
0.013795
0.001707
0.037963
-0.010377
0.013791
0.001707
0.001707
-0.034549
-0.034562
0.013798
0.001707
0.001707
0.001707
0.001707
0.001707
0.001707
0.001707
0.001707
0.001707
0.001707
0.001707
-0.010384
-0.010386
0.013800
0.001707
0.001707
0.001707
0.001707
0.001707
0.013798
0.001707
0.001707
0.001707
-0.010384
0.001707
0.013798
0.001707
0.013797
0.001707
-0.010383
0.001707
0.001707
0.013797
-0.010383
0.001707
-0.010384
0.013798
0.001707
-0.010384
0.001707
0.001707
0.001707
-0.010386
0.001707
0.001707
0.025891
0.001707
-0.010384
0.001707
0.025888
-0.010383
0.001707
-0.010384
0.013798
0.013797
-0.010383
0.013797
0.001707
0.001707
-0.022474
0.001707
0.001707
0.013798
-0.010384
0.001707
0.013798
0.013797
0.001707
0.001707
0.001707
-0.010383
0.013797
0.013795
0.001707
0.001707
0.001707
0.001707
0.013794
0.001707
0.001707
0.001707
0.001707
0.013792
-0.010378
0.025876
-0.010377
0.001707
0.001707
0.013791
0.013789
0.013788
0.001707
-0.010374
0.013788
0.001707
0.001707
0.001707
-0.010374
0.025867
0.001707
-0.010373
0.001707
0.001707
0.013786
-0.010373
0.013786
-0.022453
-0.010375
0.001707
-0.022462
0.025876
-0.010377
-0.010378
0.013792
0.013791
0.025870
0.001707
-0.022456
0.025870
0.001707
0.001707
-0.010374
0.001707
-0.010375
0.001707
0.001707
-0.010377
0.001707
-0.034553
0.001707
-0.010383
-0.046666
0.001707
-0.010390
0.001707
-0.010392
0.050092
0.025891
0.001707
0.001707
-0.010384
0.037976
-0.034562
0.013798
-0.010384
-0.022480
0.025894
0.001707
0.001707
-0.022480
0.025894
0.050063
-0.022468
-0.010383
0.025885
0.001707
-0.022471
0.013797
-0.022474
0.013798
0.001707
-0.022477
0.001707
0.001707
0.013800
0.001707
-0.034575
0.025897
-0.010387
-0.010389
0.013803
-0.010389
0.013803
-0.022486
0.013804
-0.010390
0.050086
0.025888
0.001707
0.001707
-0.022474
0.013798
0.013797
0.001707
-0.010383
-0.022477
0.001707
-0.010387
0.013801
-0.010387
0.001707
0.013801
-0.010387
-0.010389
0.013803
0.013801
0.001707
0.001707
0.001707
0.001707
0.013800
0.001707
0.013798
0.025885
-0.010381
0.025882
0.013792
0.001707
0.122480
0.025844
-0.034501
0.013778
0.013776
0.013775
-0.010361
0.013775
0.025838
0.013770
-0.034488
-0.010361
0.025841
0.013772
0.001707
0.013770
0.025830
0.001707
0.001707
0.013766
-0.034475
0.013769
0.049940
-0.010349
END
