y[]
-0.012515
0.062559
-0.012509
-0.012510
0.000000
0.000000
0.000000
0.025019
0.000000
0.000000
-0.012509
-0.025022
-0.037545
0.012516
0.037540
-0.025025
-0.012515
0.037540
0.000000
-0.012512
0.012512
0.000000
0.000000
-0.037540
0.000000
-0.025034
0.000000
0.012518
-0.012518
0.000000
0.025034
0.000000
0.000000
0.012515
-0.012515
-0.025034
0.012518
0.025031
0.025025
-0.012512
0.000000
0.000000
-0.012513
0.012513
-0.012513
0.000000
0.000000
-0.012515
0.012515
0.000000
0.000000
0.000000
0.000000
0.000000
0.000000
0.000000
0.000000
0.012513
-0.025028
0.012515
0.000000
-0.012515
0.000000
0.000000
0.012515
-0.012515
-0.012516
0.012516
-0.012516
0.037545
-0.012513
0.000000
0.000000
-0.012515
0.012515
-0.012515
0.000000
0.000000
0.012515
-0.037549
-0.025041
0.000000
0.000000
0.000000
0.000000
-0.025047
-0.062645
-0.012534
0.012534
-0.012534
0.037596
-0.025063
0.000000
0.025063
0.012529
-0.012529
0.025056
-0.025056
0.025056
0.012526
0.012524
0.025044
0.000000
-0.025044
0.025044
0.025038
0.000000
-0.012518
0.012518
0.012516
-0.012516
0.000000
0.000000
0.000000
-0.012518
0.000000
0.012518
0.000000
-0.012518
0.012518
-0.012518
0.000000
0.000000
0.000000
0.000000
-0.012520
-0.012521
0.012521
0.000000
0.000000
0.012520
-0.025041
-0.012523
0.012523
0.000000
0.000000
0.000000
-0.012523
0.012523
0.000000
0.000000
0.012521
-0.012521
0.000000
0.000000
0.000000
0.000000
0.000000
0.000000
0.000000
0.000000
0.000000
0.000000
0.000000
-0.012523
0.000000
0.000000
0.012523
0.000000
0.000000
0.000000
0.000000
0.000000
0.000000
0.000000
0.000000
0.012521
0.000000
0.000000
0.012520
0.000000
0.000000
-0.012520
0.000000
0.012520
-0.012520
0.000000
0.000000
-0.012521
0.000000
0.000000
-0.012523
0.012523
0.000000
-0.012523
0.000000
0.000000
0.012523
0.000000
0.000000
-0.012523
0.000000
0.012523
-0.012523
0.000000
0.012523
0.000000
0.012521
0.000000
0.012520
0.000000
0.012518
-0.012518
0.000000
0.000000
0.012518
0.000000
0.000000
-0.012518
0.012518
-0.012518
-0.012520
0.012520
-0.012520
0.012520
0.012518
-0.012518
0.000000
0.000000
0.000000
0.000000
0.000000
-0.012520
0.012520
0.000000
0.012518
-0.012518
0.000000
0.000000
0.000000
-0.012520
0.012520
-0.012520
0.000000
-0.012521
0.012521
0.000000
0.000000
0.000000
-0.012521
0.012521
-0.012521
0.012521
-0.012521
0.012521
-0.012521
0.012521
-0.012521
0.012521
0.000000
-0.012521
0.012521
0.000000
-0.012521
0.000000
0.000000
0.000000
-0.012523
0.025044
0.000000
0.000000
0.000000
-0.012521
0.000000
0.000000
0.000000
0.000000
0.000000
0.000000
0.000000
0.000000
0.000000
0.000000
0.000000
0.000000
0.000000
0.000000
0.000000
0.000000
0.000000
0.000000
0.000000
-0.012523
0.000000
0.012523
0.000000
0.000000
-0.012523
0.000000
-0.012524
0.012524
0.000000
0.000000
0.000000
-0.012524
0.000000
-0.012526
0.000000
-0.012527
-0.012529
0.012529
0.012527
0.000000
0.012526
0.012524
0.000000
0.000000
0.012523
-0.012523
-0.012524
0.000000
0.000000
0.012524
0.000000
0.000000
-0.012524
0.000000
-0.025053
-0.012529
0.012529
0.000000
0.012527
-0.025056
0.037582
0.012524
0.000000
-0.012524
-0.025053
-0.012529
0.000000
-0.012531
-0.025066
-0.012535
0.012535
0.012534
0.012532
-0.037601
0.012535
0.000000
-0.012535
0.012535
-0.012535
0.012535
0.000000
0.000000
-0.050150
0.025078
0.000000
-0.012538
0.025075
-0.025075
0.000000
-0.012540
0.012540
0.025075
-0.012537
0.012537
0.012535
-0.012535
0.000000
-0.012537
0.000000
-0.012538
0.037610
0.000000
0.012534
0.000000
0.000000
-0.025069
0.000000
0.000000
0.012535
-0.012535
0.000000
-0.012537
0.012537
0.012535
-0.012535
0.000000
-0.012537
0.000000
0.025072
0.000000
-0.062692
-0.037634
-0.100427
-0.050251
0.025129
0.012562
-0.012562
-0.012564
-0.025132
-0.037710
0.000000
0.050277
0.000000
0.000000
0.000000
-0.037705
-0.012572
-0.037724
0.037724
0.025141
0.075386
-0.037686
0.000000
0.000000
-0.025132
0.000000
0.125597
0.000000
-0.012553
0.012553
0.037648
0.012546
0.000000
-0.012546
-0.050201
0.025104
0.000000
-0.012551
0.025100
0.000000
0.012548
-0.025097
-0.062771
0.000000
-0.025119
-0.012562
0.000000
0.025122
0.000000
-0.012560
0.012560
0.012559
-0.012559
-0.025122
0.000000
0.000000
-0.012564
0.075358
-0.025113
-0.012559
0.012559
0.000000
0.012557
0.000000
-0.025116
0.025116
-0.062802
0.012564
-0.025129
-0.025135
0.000000
-0.012570
0.000000
0.000000
0.012570
-0.025141
0.037710
0.037696
0.012562
-0.037691
0.012565
-0.062842
0.025141
-0.012570
0.075396
0.000000
0.075339
0.037648
-0.012548
-0.025100
0.000000
0.050195
-0.050195
0.012551
-0.087890
0.000000
0.050232
0.037658
-0.012551
0.012551
-0.037658
0.050207
-0.062763
0.050213
0.025097
0.012546
0.037629
0.000000
0.012540
0.000000
-0.025082
0.025082
-0.025082
0.000000
0.050157
-0.025075
-0.050169
0.012545
0.000000
0.000000
0.012543
0.012542
-0.012542
0.037620
0.000000
-0.012538
0.012538
-0.037620
0.037620
0.025072
-0.012535
-0.012537
0.000000
-0.012538
0.000000
0.025075
0.000000
0.025069
0.050119
-0.012527
0.037578
0.000000
0.012523
-0.012523
-0.025050
0.012526
-0.012526
0.012526
0.037568
-0.012521
0.000000
-0.012523
0.000000
-0.012524
-0.025053
0.012527
0.000000
0.025050
-0.025050
-0.012527
0.000000
-0.012529
0.025056
0.000000
0.000000
-0.012527
0.012527
0.012526
0.012524
0.012523
0.000000
-0.012523
-0.012524
-0.012526
0.012526
-0.012526
0.000000
0.012526
-0.025053
0.012527
0.000000
0.000000
0.000000
0.000000
0.012526
-0.012526
0.012526
0.012524
0.000000
-0.012524
0.000000
-0.025053
0.012527
-0.012527
-0.025060
0.000000
0.000000
0.012531
-0.012531
-0.025066
0.012534
0.037592
0.012527
0.012526
0.000000
-0.025053
0.025053
0.012524
0.000000
-0.012524
0.012524
-0.037578
0.000000
-0.037592
-0.025069
0.000000
0.075188
0.012526
0.050088
0.000000
0.000000
-0.012520
0.012520
0.025034
0.012515
0.000000
0.025025
-0.012512
0.025022
-0.012510
0.012510
0.000000
0.000000
0.000000
0.025016
-0.012507
0.025013
-0.012505
0.000000
0.025009
-0.037516
0.012507
-0.012507
-0.012509
0.000000
-0.012510
0.000000
-0.012512
0.025022
0.000000
-0.012510
0.000000
0.000000
0.012510
-0.012510
0.000000
0.000000
0.012510
0.000000
-0.012510
0.012510
0.000000
-0.012510
0.000000
0.000000
0.000000
0.000000
-0.012512
0.000000
0.012512
0.000000
-0.012512
0.012512
-0.012512
0.012512
0.000000
0.000000
0.000000
0.000000
0.000000
0.000000
0.000000
0.000000
0.000000
0.000000
0.025019
0.012507
0.000000
0.000000
0.000000
0.000000
-0.012507
0.000000
0.012507
0.000000
0.000000
0.000000
-0.012507
0.000000
0.000000
-0.025019
0.000000
0.037526
0.000000
-0.025016
0.025016
-0.025016
0.000000
0.012509
-0.025019
0.000000
0.025019
0.000000
0.012507
0.000000
0.000000
0.000000
0.000000
-0.012507
-0.012509
0.000000
0.012509
0.000000
-0.025019
0.012510
-0.012510
0.012510
-0.012510
0.000000
-0.012512
0.000000
0.000000
0.012512
-0.025025
0.000000
0.012513
-0.012513
0.012513
0.000000
0.000000
0.000000
0.000000
0.000000
0.000000
0.012512
0.000000
0.000000
-0.025025
0.012513
0.000000
-0.012513
0.000000
0.000000
0.000000
END
