y[]
-0.039448
0.010739
-0.014357
0.048373
0.010732
0.060875
-0.039415
0.010728
0.060852
-0.102085
0.060875
0.123441
0.023222
0.073247
0.010695
-0.064344
0.085729
0.010690
-0.001809
-0.051815
0.010695
-0.051834
-0.039344
0.010704
-0.101959
-0.076988
-0.039420
-0.051978
-0.026903
-0.064572
0.098593
-0.064548
-0.114839
-0.001809
-0.014376
-0.127564
0.023355
0.048499
0.023336
0.010761
-0.014379
0.098706
-0.052054
-0.014374
-0.039514
-0.064682
0.035920
-0.115038
0.035948
0.061088
0.023339
-0.026957
-0.026963
0.073634
0.086136
-0.026928
-0.052067
-0.039519
0.073596
-0.014373
-0.001809
0.035877
-0.014369
-0.140078
-0.026969
0.023351
0.010769
0.035915
-0.014382
0.010764
0.148945
-0.052035
-0.001809
0.098618
-0.026906
0.023288
0.136113
0.035773
0.060797
-0.051890
0.060789
-0.026843
-0.064423
-0.014336
-0.051934
-0.001809
0.023257
-0.001809
0.048304
-0.114598
-0.064525
-0.001809
0.023282
-0.051997
0.073464
0.023269
-0.051972
-0.001809
0.010734
0.010732
-0.077082
0.035834
-0.014355
-0.001809
0.148642
-0.127169
-0.139887
-0.089776
0.035901
0.035886
-0.026938
-0.001809
-0.039514
-0.039528
-0.089876
0.010777
-0.039571
-0.001809
0.023367
-0.052168
-0.026998
-0.027004
-0.027011
0.010793
-0.039619
0.111577
0.010781
0.010780
0.010778
0.035943
-0.014392
-0.077338
-0.089998
0.048594
-0.001809
0.086336
0.136547
-0.039524
0.023336
-0.102425
0.123945
-0.140148
-0.001809
-0.052162
-0.064785
0.048575
0.023374
0.010780
-0.115166
-0.001809
0.061183
-0.077404
0.023396
0.048581
0.061143
-0.039576
0.023370
-0.001809
-0.014398
-0.026992
-0.001809
-0.014403
-0.001809
0.023377
-0.014401
-0.001809
0.073720
-0.001809
-0.001809
0.061088
0.010766
0.023336
-0.001809
-0.052105
0.010767
-0.001809
-0.039543
-0.001809
0.023348
0.010767
0.010766
-0.001809
-0.014384
-0.001809
0.010766
-0.014384
-0.001809
0.010766
-0.014384
-0.026963
0.010769
-0.014387
-0.014388
0.010770
0.010769
-0.014387
-0.001809
0.010769
-0.001809
-0.001809
-0.001809
-0.014387
0.010769
0.010767
-0.014385
-0.001809
0.010767
-0.001809
-0.026963
-0.026969
0.035929
0.010767
0.010766
0.023336
-0.039528
0.035910
-0.001809
-0.026954
0.010764
-0.014382
0.061041
0.010756
-0.014374
-0.001809
-0.001809
-0.014376
0.023323
-0.014374
0.010756
-0.001809
0.073549
-0.001809
-0.001809
-0.001809
-0.001809
0.048398
0.023285
0.035820
-0.039438
-0.039453
-0.077139
0.035863
0.060946
-0.014357
0.010739
-0.014357
0.010739
-0.014357
0.010739
-0.014357
-0.026909
0.010742
-0.001809
0.035834
0.035820
-0.001809
0.048341
0.048316
-0.039401
-0.039415
0.010728
0.023260
-0.026878
-0.001809
0.023260
-0.014343
-0.026881
0.010728
-0.039424
-0.001809
-0.001809
-0.014351
-0.001809
-0.001809
0.023272
0.010729
-0.039429
0.023272
-0.026891
0.010732
-0.001809
0.035806
-0.001809
-0.014346
0.010728
-0.014346
-0.014347
0.048335
0.048310
-0.001809
-0.014336
0.048291
-0.014332
0.023235
-0.026853
-0.039387
-0.001809
-0.001809
-0.001809
-0.026869
-0.001809
-0.001809
-0.001809
0.010721
-0.001809
0.010720
-0.001809
-0.026869
0.023250
0.023244
-0.001809
-0.001809
-0.026862
0.010718
-0.001809
0.035764
-0.014332
-0.001809
-0.051916
0.010720
-0.001809
-0.001809
-0.014338
-0.039405
0.023257
-0.039410
0.048323
0.010720
-0.014338
-0.026872
-0.026878
0.023260
0.060836
-0.014335
-0.026865
0.023247
0.023241
0.010714
-0.026856
0.035759
-0.039377
-0.001809
-0.001809
-0.001809
0.035759
-0.039377
0.073313
0.010706
-0.014324
0.010706
0.023216
-0.026834
0.035726
-0.026831
0.023213
-0.039344
-0.001809
-0.039358
-0.051897
-0.026862
-0.064470
0.010726
0.048316
-0.039401
-0.051953
0.035801
0.048316
0.023244
0.060797
0.010707
-0.014325
0.035736
0.010703
0.023210
-0.014318
-0.026831
-0.026837
-0.039363
0.023229
-0.076941
-0.001809
0.023241
0.010714
0.060781
-0.014324
-0.039363
0.010711
0.023225
-0.026843
0.023225
0.010706
0.035726
0.010700
-0.064368
-0.026843
-0.001809
0.023225
-0.014325
0.035736
0.023213
0.010700
0.010698
-0.026825
-0.014319
-0.026834
-0.014324
0.060750
-0.001809
-0.001809
-0.014318
-0.001809
0.023207
0.035703
-0.039321
-0.026825
0.023207
-0.051847
-0.001809
0.023213
0.010700
0.010698
-0.026825
-0.001809
0.035712
-0.039330
-0.039344
-0.001809
0.010704
-0.001809
-0.026837
-0.001809
-0.001809
0.023219
-0.026837
-0.026843
0.035740
0.035726
-0.026831
0.023213
-0.039344
-0.001809
-0.001809
0.010704
0.023213
-0.051859
-0.076931
-0.014335
0.010717
0.035759
-0.014330
0.035750
0.010707
0.010706
0.010704
-0.001809
-0.127013
0.048291
-0.001809
-0.026856
0.010715
-0.014333
0.048279
-0.039372
-0.001809
0.048272
0.010707
0.010706
-0.001809
0.010704
-0.014322
-0.001809
0.010704
0.048228
0.010696
-0.039330
-0.089413
-0.026853
-0.076978
0.035783
-0.026869
-0.089567
-0.001809
0.048348
0.035792
0.023250
-0.039401
0.010723
-0.051947
0.010728
0.023260
-0.014343
0.035787
-0.051941
0.010726
-0.014344
-0.026884
-0.014349
-0.064533
0.010739
0.060907
0.073398
0.085861
-0.051897
-0.076988
-0.077044
0.035816
0.035801
-0.127232
0.098542
-0.026887
0.073407
0.085872
-0.001809
-0.014330
-0.026856
-0.026862
-0.064470
-0.064509
0.073426
0.060844
0.023241
0.060789
-0.001809
-0.001809
0.110768
-0.014311
-0.001809
-0.026818
0.023200
0.023194
-0.039316
-0.014315
-0.064360
-0.026840
-0.051890
-0.014333
0.010715
0.010714
0.073294
-0.001809
-0.064391
0.010711
-0.064423
-0.051928
-0.026878
-0.039424
-0.102185
-0.014363
-0.026922
0.035858
0.086026
0.035811
-0.039429
0.048348
-0.026884
0.023266
0.035792
0.110909
-0.014327
0.035740
-0.026840
-0.026847
-0.001809
0.035745
-0.026843
0.073275
-0.001809
-0.001809
0.010700
0.010698
0.010696
0.010695
0.198041
-0.026768
-0.039260
-0.014296
0.060609
0.023147
-0.014286
0.060562
0.023129
-0.026747
-0.039227
0.048079
0.048054
-0.064142
-0.001809
-0.026753
-0.014283
0.023138
0.085456
0.048023
-0.001809
-0.026722
-0.014268
-0.001809
0.072920
0.010640
-0.001809
0.023085
-0.039153
-0.039167
0.035549
0.010640
0.047973
0.035511
0.023063
0.072771
-0.039092
0.010620
-0.014238
0.010620
0.060314
-0.026654
0.060291
-0.026645
-0.051498
-0.014235
0.035465
0.060283
0.122260
-0.051418
-0.001809
0.010596
-0.001809
-0.039028
-0.026629
0.010602
-0.063878
0.047850
0.060230
-0.014214
0.035400
0.010591
0.010589
-0.076223
0.072605
0.022983
0.010585
0.072522
0.010574
-0.014192
-0.038968
0.022965
0.010576
-0.026580
-0.001809
0.010577
-0.001809
0.010576
-0.014194
-0.001809
0.010576
-0.038968
-0.026589
-0.001809
0.022971
-0.026589
0.010582
-0.014200
0.022971
0.022965
-0.001809
-0.026583
-0.001809
0.084873
0.084798
0.060007
-0.026531
-0.014172
-0.001809
-0.038908
-0.001809
-0.001809
-0.014178
-0.026552
-0.001809
-0.014183
-0.014185
0.035313
-0.014181
-0.001809
-0.014183
0.010565
-0.014183
0.035308
0.035294
-0.026543
-0.014178
-0.001809
-0.014180
0.010562
0.022928
-0.014177
-0.014178
0.035294
-0.038913
0.010560
-0.026549
-0.001809
0.035299
0.010557
-0.026543
-0.001809
-0.026549
-0.014181
-0.001809
-0.014183
0.010565
-0.100843
0.022959
-0.026577
0.010576
-0.014194
-0.001809
0.010576
-0.001809
0.010574
0.010573
-0.014191
0.010573
-0.014191
0.010573
-0.014191
-0.026577
0.022959
0.010573
-0.014191
0.010573
-0.001809
0.022950
-0.014188
0.010569
0.010568
-0.014186
-0.001809
-0.001809
END
