y[]
0.098776
0.013142
-0.096931
-0.035801
0.025396
-0.097039
0.037661
-0.072586
0.013171
-0.072631
-0.084957
-0.060467
-0.060505
0.037774
0.099136
0.099040
-0.011344
0.086706
0.037661
0.013162
0.013160
-0.011327
-0.023575
-0.060339
0.086664
-0.109344
0.025429
-0.023596
0.062187
0.086632
0.000916
0.135465
-0.047989
-0.011314
-0.048019
-0.011321
0.037625
-0.035792
-0.011323
-0.011324
0.037634
0.013153
0.013151
-0.048031
0.000916
0.086559
0.000916
-0.035779
0.025381
-0.096979
0.013159
-0.023569
0.086590
0.049840
0.000916
0.037593
0.074230
0.110786
-0.023489
-0.011288
0.000916
0.049727
-0.035689
0.037522
0.074087
-0.084455
0.074096
0.086225
0.025277
0.049620
-0.011257
0.000916
0.013090
-0.023432
0.000916
0.037437
0.049590
0.049566
0.037388
0.000916
-0.011239
-0.072050
-0.035587
-0.011254
0.013087
0.000916
0.013086
0.013084
0.073891
0.000916
-0.023403
-0.072076
-0.047775
0.061777
0.013084
0.037411
0.000916
-0.047745
-0.145211
0.061829
-0.059996
0.086183
0.037437
-0.011256
-0.072147
0.037455
0.049614
0.073918
0.037397
0.013074
-0.072050
-0.023417
0.013084
0.073891
-0.035564
0.025238
0.000916
0.037388
-0.072041
0.013080
0.049555
-0.023400
0.098145
-0.023382
0.000916
0.025215
0.061637
0.037331
-0.035498
-0.047657
0.037348
-0.023370
-0.035525
0.013065
-0.035533
0.025218
0.013065
0.000916
0.013063
0.000916
-0.011231
0.013063
-0.011231
0.000916
0.013063
0.000916
-0.023379
0.013065
-0.011232
0.000916
0.000916
0.000916
0.025212
0.013062
-0.011229
-0.011231
0.013063
0.000916
0.000916
0.000916
-0.035529
0.013066
0.013065
0.000916
0.000916
-0.023382
0.013066
0.000916
0.013065
0.000916
0.000916
-0.011232
0.000916
0.025212
0.013062
-0.011229
0.013062
0.000916
0.000916
-0.011229
-0.011231
0.000916
0.013063
0.000916
-0.011231
-0.023382
0.013066
-0.011234
0.013066
-0.011234
0.013066
0.013065
0.000916
0.000916
0.000916
0.013063
-0.011231
0.025209
0.000916
-0.035525
0.025212
0.000916
0.000916
-0.011231
0.000916
0.000916
0.000916
0.013063
-0.011231
-0.011232
0.013065
0.025209
-0.011229
-0.011231
0.000916
0.025209
-0.011229
0.000916
-0.011231
-0.023382
0.000916
0.000916
0.013066
-0.011234
0.013066
-0.011234
0.025215
-0.011232
-0.011234
0.000916
-0.023388
0.013069
-0.011236
0.000916
0.000916
-0.023394
0.037379
-0.011236
-0.011238
0.000916
-0.011239
0.000916
0.000916
-0.035560
0.013077
0.000916
0.013075
-0.023403
0.013077
0.000916
-0.011244
0.013077
0.000916
0.000916
0.000916
0.000916
-0.011244
0.000916
0.013077
0.000916
0.000916
-0.011244
0.000916
0.013077
0.000916
-0.011244
0.000916
0.000916
0.000916
0.000916
0.013077
0.000916
-0.011244
0.025235
-0.011242
0.000916
0.000916
0.000916
-0.011244
-0.011245
0.000916
0.013078
-0.011245
0.013078
0.000916
0.000916
0.000916
0.013077
-0.011244
0.013077
0.000916
-0.011244
0.000916
0.000916
0.013077
0.000916
0.000916
0.013075
0.013074
0.037379
0.000916
0.000916
0.025218
0.013065
-0.011232
0.000916
0.025212
-0.023379
0.000916
-0.011234
0.000916
0.000916
-0.011235
0.013068
0.013066
0.025212
0.013062
0.025203
0.013057
0.025194
-0.011222
0.000916
-0.011223
-0.011225
0.000916
-0.023370
0.000916
0.013060
-0.011228
0.000916
0.000916
0.000916
0.000916
-0.011229
-0.011231
-0.023382
-0.023388
-0.011238
0.000916
0.000916
-0.011239
-0.011241
0.049537
-0.023391
-0.023397
0.025230
-0.011239
0.025227
-0.023394
0.037379
0.025218
0.000916
0.061644
-0.035516
0.037348
0.000916
-0.011226
0.000916
0.025200
-0.023367
-0.035520
0.013063
0.000916
-0.023379
-0.072005
0.061688
-0.035542
0.025224
-0.023391
0.000916
-0.035556
0.013075
0.000916
0.037384
0.013069
0.013068
0.000916
0.025215
-0.011232
0.000916
-0.035538
0.000916
-0.023394
0.037379
0.013068
0.000916
-0.011235
0.000916
0.025218
0.013065
-0.011232
-0.023385
-0.023391
-0.011239
-0.023400
0.000916
0.000916
-0.011244
0.037393
0.000916
-0.011241
0.013074
-0.011241
0.013074
0.013072
0.000916
0.000916
0.025224
0.000916
-0.023391
0.013071
0.000916
0.000916
0.000916
-0.011238
0.000916
-0.011239
0.000916
-0.011241
-0.023403
-0.011245
0.013078
0.025235
0.000916
-0.023403
0.025235
-0.011242
0.013075
0.000916
-0.011242
0.037388
0.000916
0.013071
0.025221
0.000916
-0.011235
0.000916
-0.072023
0.013077
0.000916
-0.023406
0.013078
-0.072076
-0.023426
0.000916
-0.035609
-0.035622
-0.023450
0.037464
0.037451
0.000916
-0.035618
0.025274
0.013093
-0.011260
-0.011262
0.025271
-0.035618
0.025274
0.000916
0.013093
0.037437
0.000916
0.013087
0.000916
-0.023426
0.013089
-0.023429
-0.011259
-0.011260
0.000916
0.013093
-0.035618
-0.011265
0.025277
0.000916
0.000916
0.000916
0.000916
-0.011263
0.013096
0.000916
0.025271
-0.035618
-0.011265
-0.035636
0.049649
-0.108766
-0.035671
0.000916
-0.157785
-0.023522
0.037571
0.061978
0.013124
-0.047924
-0.011297
-0.084622
0.123091
0.049745
0.000916
-0.023495
-0.011291
-0.035716
-0.072388
-0.072442
-0.060257
-0.035806
0.049876
0.013153
0.049846
-0.023545
0.037607
0.074257
0.098620
-0.011291
-0.011293
0.000916
-0.011294
-0.011296
-0.023513
-0.072406
-0.060227
0.049834
0.025366
-0.084684
0.000916
0.000916
0.025381
-0.048019
0.000916
0.000916
0.086538
0.074248
0.037562
-0.011297
-0.011299
-0.023519
-0.023525
-0.060212
-0.023545
0.013148
-0.072496
-0.048055
0.062127
0.025390
-0.011320
-0.097027
0.074383
0.037629
-0.023557
0.013154
0.025387
0.013150
0.086507
-0.011306
-0.047989
-0.011314
0.025375
-0.060242
0.037616
0.013147
0.098704
-0.060190
0.037584
-0.072433
0.013145
0.037593
-0.011308
-0.121408
-0.023566
0.000916
-0.023572
0.025405
-0.195162
-0.109547
0.086843
-0.109574
0.000916
-0.048230
0.074626
-0.023648
-0.035941
-0.048248
0.037792
0.062345
-0.060512
-0.109751
0.025520
-0.048296
-0.109901
0.037869
-0.073003
0.025562
0.013237
0.000916
0.037869
-0.085328
-0.073066
-0.036096
0.013255
-0.048448
-0.036123
0.185976
0.111788
-0.048345
0.111720
0.000916
0.050123
-0.011383
-0.023687
0.000916
0.099293
-0.122070
0.013222
-0.196152
-0.048412
-0.036096
0.013255
-0.073139
0.148973
-0.085423
-0.011424
0.025596
0.037924
0.037910
-0.060747
-0.011421
0.013254
0.074908
0.037892
-0.011407
-0.011409
0.013242
-0.073057
0.025580
-0.011415
-0.048424
0.013254
-0.011421
-0.036105
0.000916
0.000916
0.013258
0.013257
0.025593
0.037919
-0.011416
-0.048430
-0.023766
0.000916
-0.023772
-0.011430
0.025608
-0.036123
0.037956
0.013260
0.000916
0.013258
0.025596
0.013254
0.037919
-0.011416
0.000916
-0.011418
-0.036096
0.000916
-0.023766
-0.048466
-0.011433
0.025614
0.013263
0.000916
0.025605
-0.011427
0.000916
0.013260
-0.011427
0.025602
0.000916
0.013257
0.074927
-0.023748
0.013249
0.025577
0.013245
-0.048405
0.025580
-0.011415
0.025577
-0.048412
0.013251
0.013249
0.000916
0.013248
0.000916
-0.011415
-0.011416
0.025580
0.050226
0.025562
0.000916
-0.011406
0.025559
0.025553
0.037860
-0.023711
-0.011400
0.000916
0.000916
-0.011401
0.000916
0.013234
0.013232
0.000916
-0.036036
-0.011404
0.025556
0.013234
0.000916
-0.011401
0.025550
0.000916
-0.048357
0.025556
0.000916
-0.011403
-0.060702
0.025568
0.037883
0.013235
-0.036045
0.025559
-0.036050
-0.023735
0.025568
0.025562
END
