y[]
0.001191
0.014046
-0.011663
0.001191
0.001191
0.001191
-0.011665
0.014047
0.001191
-0.011665
0.001191
0.001191
0.001191
0.001191
0.014047
0.014046
0.001191
0.001191
0.026895
-0.011660
0.001191
0.001191
-0.024516
-0.011665
0.026902
0.001191
-0.011663
-0.011665
0.014047
0.001191
0.001191
-0.011665
0.014047
-0.011665
0.014047
0.001191
-0.011665
0.001191
0.014047
0.014046
0.001191
0.001191
0.014044
-0.011661
0.014044
-0.011661
0.014044
0.001191
0.014042
0.014041
0.001191
-0.011658
0.001191
-0.024512
0.001191
-0.011663
0.001191
0.014046
-0.011663
0.014046
-0.011663
0.026898
-0.011661
-0.011663
-0.024522
0.014049
0.001191
0.001191
-0.011666
0.001191
0.014049
0.001191
-0.011666
0.026905
-0.011665
0.014047
0.001191
-0.037382
0.026908
0.014047
-0.037382
0.026908
0.001191
0.026902
0.014044
0.001191
-0.011661
0.014044
0.014042
0.001191
0.014041
0.001191
-0.037362
-0.011663
0.014046
0.026895
0.001191
0.014041
-0.011658
0.001191
0.001191
0.001191
0.001191
-0.011660
0.014042
0.001191
-0.011660
0.026892
0.001191
-0.011658
0.001191
-0.011660
0.014042
0.014041
-0.024509
0.014042
0.001191
0.026888
-0.024506
0.014041
0.001191
0.026885
0.001191
0.014036
0.001191
0.001191
0.001191
0.001191
0.001191
0.001191
-0.011653
-0.024502
0.001191
0.001191
-0.011658
-0.011660
0.026892
-0.024509
-0.011661
-0.011663
-0.011665
-0.024526
0.026908
0.001191
0.001191
0.001191
0.001191
0.001191
0.001191
-0.011666
0.039759
-0.011663
-0.024522
0.026905
0.001191
0.001191
0.014046
-0.024519
0.014047
-0.024522
0.014049
0.026902
0.014044
-0.011661
0.001191
0.026895
0.001191
-0.024512
0.001191
0.001191
-0.011663
0.001191
0.001191
-0.011665
0.014047
-0.024522
0.001191
0.014049
-0.024526
-0.011670
0.014052
0.001191
-0.075999
0.014060
0.026925
-0.011675
0.001191
0.014057
-0.011675
0.001191
-0.024545
-0.011680
-0.037431
0.001191
-0.037446
-0.011691
0.001191
0.026955
0.001191
-0.011689
-0.011691
0.001191
-0.011693
0.065595
-0.050329
-0.076138
-0.024599
0.039874
0.052744
-0.011694
-0.037476
0.026971
-0.076168
0.039879
0.091403
-0.024575
-0.050362
0.026971
-0.037481
-0.076198
0.065687
0.026978
-0.011701
-0.102008
0.001191
-0.037536
0.014102
-0.076298
-0.050502
0.039964
-0.011731
-0.011733
0.078711
-0.011724
0.014107
-0.024642
0.052851
-0.024635
0.052838
0.039908
0.001191
0.014094
-0.024615
0.001191
0.052798
0.026984
-0.037501
0.001191
0.001191
-0.011709
0.026991
-0.024608
0.001191
-0.037521
-0.024625
0.001191
-0.024632
-0.024638
0.001191
0.065753
-0.011718
0.027008
-0.011716
-0.011718
0.027008
0.039903
0.001191
-0.011711
0.001191
-0.011713
0.001191
-0.050442
-0.011721
-0.024638
-0.063412
-0.024662
-0.011738
0.039974
-0.024662
0.014119
0.001191
0.039964
-0.063437
0.001191
-0.011739
-0.011741
-0.011743
-0.024682
-0.011748
-0.011749
-0.050589
0.001191
0.052971
0.001191
-0.102395
-0.011765
-0.050649
0.027115
-0.063630
0.027125
0.065996
-0.024726
-0.011770
0.001191
0.053025
0.027098
-0.024715
-0.024722
0.027105
-0.011765
-0.063613
0.027118
-0.037702
0.040084
0.040069
0.001191
0.001191
-0.037686
0.027111
-0.050656
0.001191
-0.011775
0.001191
-0.024746
-0.063681
0.053092
0.040099
0.014157
0.078952
-0.050642
-0.063639
0.014161
0.001191
-0.024749
-0.115624
0.079083
0.066055
0.014159
0.053045
0.040064
0.001191
-0.037681
0.027108
0.065954
0.065912
-0.011749
-0.037641
-0.024705
0.014140
0.001191
0.014139
0.001191
0.027081
0.014134
0.014132
-0.011749
0.001191
-0.011751
0.014134
-0.011751
-0.011753
0.014135
-0.024699
0.001191
0.001191
0.027081
-0.011753
0.014135
0.001191
0.001191
-0.011753
0.001191
-0.011755
0.001191
-0.011756
0.027085
0.001191
-0.011755
0.027081
0.001191
0.001191
-0.011753
0.001191
0.001191
0.001191
0.001191
-0.063555
0.014144
0.001191
0.014142
0.001191
-0.037666
0.027098
0.001191
-0.011761
0.027095
0.001191
-0.011760
0.001191
-0.011761
0.001191
0.001191
-0.024719
0.001191
-0.037686
0.001191
0.001191
0.014152
0.027108
0.027101
0.001191
0.001191
0.040044
-0.024709
0.040039
-0.024705
0.014140
-0.011758
0.014140
-0.011758
0.014140
-0.011758
0.001191
-0.011760
-0.011761
0.014144
0.014142
0.014140
-0.011758
0.001191
0.014140
-0.011758
-0.011760
0.014142
-0.024712
-0.011763
-0.011765
0.014147
-0.050642
-0.024736
0.027118
0.027111
-0.024729
-0.011771
-0.011773
0.001191
0.001191
-0.024742
0.014159
0.014157
0.001191
0.001191
0.014156
0.001191
0.014154
-0.011771
0.001191
-0.011773
0.027118
0.014152
-0.011770
0.001191
-0.011771
0.001191
-0.024739
0.040084
0.014152
0.027108
0.001191
-0.011766
-0.011768
0.014151
-0.011768
0.027108
-0.011766
0.014149
0.001191
0.001191
0.014147
0.001191
0.014146
0.014144
0.001191
0.014142
0.001191
0.001191
-0.024712
-0.011763
-0.011765
0.027101
0.001191
0.001191
0.001191
-0.024719
0.040054
-0.011761
0.014144
-0.011761
0.014144
0.014142
0.001191
0.014140
0.014139
0.001191
0.014137
0.001191
0.014135
-0.011753
0.001191
0.001191
0.014135
0.001191
0.001191
0.052951
-0.374676
-0.011795
0.014177
0.001191
0.001191
0.001191
-0.011795
-0.011797
0.001191
0.001191
0.001191
0.014179
-0.024786
0.040155
0.027159
0.027152
0.001191
0.014169
-0.011786
0.027145
-0.011785
-0.011786
0.001191
-0.024769
0.001191
0.001191
0.001191
0.001191
0.027152
0.001191
0.001191
0.027145
-0.011785
-0.011786
-0.024769
-0.011791
0.014174
-0.011791
0.027155
-0.011790
0.001191
0.027152
-0.037752
0.014174
-0.050750
-0.011798
0.027169
-0.011797
-0.037782
0.027175
0.027169
-0.011797
0.001191
-0.024789
-0.024796
0.040170
-0.037787
0.014186
-0.024800
-0.011807
-0.037813
0.001191
0.001191
-0.011813
0.014196
0.040195
0.027186
0.027179
-0.011802
0.027175
0.040155
0.001191
0.027159
-0.024776
-0.011795
0.001191
-0.011797
0.027165
0.001191
0.014176
-0.024779
0.014177
-0.011795
-0.024786
-0.011800
0.001191
-0.024796
0.014186
0.014184
0.001191
-0.024796
0.001191
0.040170
0.001191
-0.037787
-0.037803
0.001191
-0.024813
0.001191
0.027196
-0.024813
0.001191
0.001191
-0.011813
-0.024823
0.014199
-0.037838
0.040221
0.040206
-0.011812
-0.024820
-0.037838
-0.011822
0.027216
0.001191
-0.011820
0.001191
0.001191
-0.011822
-0.011824
0.040231
0.001191
-0.011820
-0.024837
0.014206
-0.037858
0.014210
0.014208
-0.037864
0.001191
-0.024854
0.014215
0.001191
0.001191
0.027233
0.001191
0.027226
0.001191
-0.037864
0.014211
0.027226
0.014206
0.027216
0.014201
0.014199
0.001191
0.027202
-0.024820
0.001191
0.027202
-0.024820
0.014198
0.001191
-0.011815
-0.037838
-0.011822
0.014205
0.001191
-0.011822
0.014205
-0.024837
-0.024844
0.040241
0.001191
-0.011824
0.014206
0.066240
0.014196
0.027196
0.014191
0.027186
0.027179
0.001191
0.079113
-0.024776
0.014176
-0.011793
0.014176
-0.011793
0.014176
0.027155
-0.063731
0.014179
0.027162
-0.115730
0.001191
0.027186
-0.050804
0.079174
-0.011802
-0.102813
0.040206
-0.089866
-0.011824
-0.024844
0.014210
0.027223
0.079245
0.118158
0.001191
0.053133
0.040130
-0.024766
0.092012
0.053052
-0.024736
-0.011775
0.014157
-0.037712
-0.011780
0.027132
0.014159
-0.011776
0.053052
0.001191
0.027111
0.014149
-0.063613
0.001191
-0.011775
-0.024746
0.027128
-0.011776
END
