y[]
-0.014167
-0.027948
-0.000392
-0.027955
0.040950
0.013385
-0.041728
-0.014175
0.068502
0.040922
-0.041706
-0.014167
-0.069296
0.068512
0.054697
0.054667
-0.000392
-0.014154
-0.000392
0.027130
0.013366
-0.014150
-0.014152
0.027126
-0.027910
0.013368
-0.014152
-0.000392
-0.014154
0.013370
0.013368
-0.014152
-0.014154
-0.000392
0.027130
-0.000392
-0.014152
-0.000392
-0.027917
-0.000392
-0.027925
-0.000392
-0.000392
-0.027933
-0.000392
-0.014165
-0.000392
-0.000392
-0.014167
0.013383
-0.000392
0.013381
-0.014165
0.013381
0.013379
-0.000392
-0.014163
-0.000392
-0.000392
-0.000392
0.027149
0.013376
-0.000392
-0.014159
0.027141
-0.014157
-0.000392
-0.000392
-0.000392
-0.000392
-0.000392
-0.027929
-0.000392
-0.014163
-0.041717
-0.000392
-0.014171
0.013387
-0.000392
0.013385
0.013383
0.013381
-0.014165
-0.000392
0.013381
-0.041717
0.013385
0.013383
-0.000392
-0.014167
-0.000392
0.013383
-0.014167
-0.014169
-0.014171
-0.000392
-0.014173
-0.000392
-0.027959
-0.014178
-0.014180
-0.000392
0.013396
0.027179
-0.027963
-0.000392
-0.000392
0.027179
-0.027963
0.027179
0.013391
0.013389
-0.000392
-0.014173
-0.014175
-0.000392
-0.000392
0.013391
0.013389
-0.027955
0.013391
0.068493
-0.000392
-0.000392
-0.041717
0.013385
-0.027948
-0.014173
0.027168
-0.000392
0.013385
0.013383
-0.027944
-0.014171
-0.014173
-0.027959
-0.000392
-0.027967
0.013396
0.013395
-0.000392
-0.041757
0.027187
-0.027971
-0.000392
-0.000392
0.013398
-0.027974
-0.000392
0.027190
-0.000392
-0.000392
0.013396
-0.000392
-0.000392
-0.041763
0.013400
-0.014184
-0.000392
-0.000392
-0.014186
0.054773
-0.014180
-0.014182
-0.027978
-0.000392
-0.041785
0.013408
-0.027993
-0.069429
-0.000392
-0.000392
-0.014205
-0.000392
-0.000392
0.013421
-0.069477
0.013429
-0.000392
-0.055686
0.027259
-0.014216
-0.014218
-0.000392
-0.000392
-0.000392
-0.000392
-0.041883
0.013440
0.027267
0.013435
-0.014218
-0.028051
-0.000392
0.027267
0.027259
-0.014216
-0.000392
0.013433
-0.014216
0.027255
-0.028039
0.027255
-0.000392
-0.014215
-0.000392
0.013431
0.013429
-0.000392
-0.028035
0.041070
-0.055679
0.013433
0.013431
-0.028039
0.027255
0.013429
-0.014213
0.013429
0.013427
-0.014211
-0.014213
-0.000392
0.027248
0.013425
-0.000392
0.013423
-0.014207
0.027236
-0.014205
0.041042
0.027221
-0.000392
-0.028005
-0.028012
-0.000392
0.027229
-0.041826
0.041042
-0.028012
-0.041837
0.027240
0.013421
0.041036
-0.000392
-0.014199
-0.014201
-0.028016
-0.014207
0.027236
0.054841
-0.041814
-0.041831
-0.041848
-0.055694
-0.014222
0.054918
-0.000392
-0.014216
0.027255
0.027248
-0.014211
0.027244
-0.028028
0.027244
-0.041848
-0.014215
0.013431
0.054880
0.013421
-0.014205
-0.028024
-0.014211
0.013427
-0.014211
0.013427
-0.014211
0.013427
-0.014211
0.068683
0.013417
-0.055641
0.013423
0.013421
0.041036
-0.000392
-0.028009
-0.000392
0.013417
0.013415
-0.000392
-0.028009
-0.041831
-0.041848
0.013429
-0.014213
-0.014215
-0.028043
-0.000392
0.027259
-0.028043
-0.028051
-0.041894
-0.000392
-0.000392
-0.000392
0.027278
0.041099
-0.014220
-0.014222
-0.041894
0.013444
-0.014228
0.041110
-0.000392
0.013438
0.013436
0.041082
0.013429
0.013427
-0.000392
0.013425
-0.014209
0.027240
-0.028024
-0.028031
0.013429
-0.000392
0.013427
-0.014211
-0.014213
-0.000392
-0.028039
-0.028047
-0.000392
0.013436
-0.000392
0.027259
-0.041871
-0.000392
-0.014222
-0.000392
-0.055732
-0.028074
0.013450
0.041122
-0.028066
-0.014232
-0.097325
-0.097419
0.068923
-0.014251
0.096581
-0.083506
0.068875
-0.000392
0.027301
0.013452
0.027290
-0.000392
0.013446
-0.055755
-0.028085
-0.014241
-0.028097
-0.014247
-0.014249
0.027320
-0.028104
0.068875
0.027301
0.041133
0.082607
-0.055717
0.041105
-0.028054
0.179278
-0.041826
-0.000392
0.027232
0.068635
-0.014194
0.068597
0.027190
-0.000392
0.109862
-0.000392
-0.014167
-0.083082
0.040962
-0.055534
-0.014182
0.027187
0.013395
0.027175
0.027168
-0.055519
0.054735
0.109771
0.095901
-0.000392
0.040848
-0.027883
-0.041643
-0.000392
-0.000392
0.068351
0.027092
0.082014
-0.027853
-0.000392
-0.027861
0.068266
-0.069050
-0.014129
0.013345
-0.014129
0.040814
-0.000392
-0.000392
-0.000392
-0.069078
-0.000392
-0.027880
-0.000392
0.013353
0.013351
-0.041626
0.013355
0.013353
-0.014137
-0.000392
0.027096
0.040825
-0.041609
0.013349
0.027084
0.013343
-0.014127
0.027077
0.027069
0.013336
-0.027849
-0.000392
-0.000392
0.054515
0.027050
0.013326
0.013325
-0.014108
0.068172
-0.000392
0.013315
0.013313
-0.000392
-0.041513
-0.000392
0.027024
0.013313
0.040712
-0.000392
-0.000392
0.013306
0.013304
-0.000392
0.068059
-0.041457
0.040673
-0.027767
0.026983
-0.000392
-0.055149
-0.041479
0.027002
-0.027785
-0.055201
0.027017
-0.027800
0.040718
-0.000392
0.040701
0.026994
-0.014084
0.040679
-0.000392
-0.041462
0.054365
-0.068843
0.026994
-0.014084
-0.000392
-0.027782
0.013304
-0.014088
-0.014090
-0.014091
-0.000392
0.013308
0.068078
-0.014082
-0.027778
-0.027785
0.013306
-0.014090
0.027002
0.068059
-0.082539
0.013304
-0.096302
-0.000392
-0.000392
0.013315
-0.027808
0.040729
0.013311
0.013310
-0.014093
0.013310
0.013308
-0.014091
-0.000392
-0.000392
0.027005
-0.014090
-0.014091
-0.000392
-0.014093
-0.000392
-0.014095
-0.014097
0.013313
-0.041513
-0.000392
-0.014103
-0.000392
-0.027819
-0.027827
-0.000392
0.013326
0.013325
-0.027827
0.013326
0.013325
-0.000392
0.013323
-0.000392
-0.000392
-0.014107
-0.000392
0.013323
-0.000392
0.013321
0.013319
-0.000392
0.013317
0.040724
0.013310
0.013308
-0.000392
-0.000392
-0.000392
-0.000392
-0.000392
-0.014091
-0.041502
0.027017
-0.000392
0.013310
-0.000392
-0.000392
-0.027797
0.027013
-0.014093
-0.000392
-0.000392
0.013310
0.013308
0.013306
-0.014090
0.013306
0.026998
-0.000392
0.026990
0.026983
-0.014078
-0.000392
0.026979
-0.014076
-0.000392
-0.000392
-0.014078
-0.014080
0.013296
-0.027770
-0.014084
-0.014086
0.013302
-0.014086
-0.000392
-0.041485
-0.000392
-0.027797
0.027013
-0.000392
-0.014093
-0.041508
-0.000392
0.013315
0.013313
0.013311
0.013310
-0.014093
-0.055216
-0.000392
-0.014103
0.027028
-0.082674
-0.027834
-0.041570
0.013336
-0.000392
-0.000392
-0.014120
0.013336
0.013334
-0.014118
0.013334
-0.027846
-0.000392
-0.000392
-0.041587
-0.000392
-0.055345
0.027088
0.068275
-0.055322
-0.000392
0.054538
-0.014122
-0.014123
0.027069
-0.000392
-0.069059
-0.055360
0.040837
-0.014133
-0.041626
0.013355
-0.000392
-0.027887
0.027103
0.013353
-0.027883
0.040842
-0.014135
-0.000392
-0.014137
-0.027887
-0.000392
0.013357
-0.014140
-0.014142
-0.000392
-0.069172
-0.027917
-0.014157
0.027137
0.013370
-0.000392
-0.000392
0.013368
0.027122
-0.000392
0.027115
0.013359
0.040848
-0.041632
-0.027895
0.013360
-0.000392
-0.014144
0.027111
0.027103
-0.000392
0.054576
-0.014131
-0.041621
0.013353
0.027092
0.040820
-0.014127
-0.000392
-0.014129
-0.000392
-0.000392
0.013345
0.013343
0.013342
-0.000392
-0.000392
-0.014125
-0.014127
0.040808
0.013338
0.013336
0.013334
-0.000392
0.013332
-0.027842
-0.014120
-0.014122
-0.000392
-0.027857
0.027073
-0.000392
0.027066
-0.014120
-0.000392
0.013336
-0.000392
-0.000392
-0.014120
-0.014122
0.013338
0.027062
-0.000392
0.013332
-0.069031
-0.027861
-0.027868
0.013347
0.027081
-0.000392
0.013342
-0.014125
-0.027864
0.027081
END
