y[]
0.024138
-0.012743
-0.025041
0.048727
-0.000450
-0.012742
0.011842
-0.000450
0.011841
-0.025032
-0.025038
-0.037343
0.048739
-0.012745
-0.000450
0.036430
-0.025035
-0.000450
0.011844
-0.025038
0.036430
-0.000450
-0.000450
-0.025035
0.011844
0.011842
-0.012742
-0.012743
-0.012745
-0.012746
0.036435
-0.037334
0.036435
0.036421
0.024123
0.024117
0.011832
-0.012731
-0.012732
-0.025020
0.085519
-0.000450
-0.000450
0.036371
-0.037271
-0.000450
-0.012726
-0.012728
0.011829
-0.000450
-0.000450
0.011827
-0.000450
-0.000450
-0.000450
-0.000450
-0.000450
-0.012726
0.011827
-0.000450
0.011826
-0.000450
-0.000450
-0.012725
-0.025005
-0.012729
0.036385
-0.025005
0.011829
-0.012728
-0.012729
0.011830
-0.000450
-0.012729
-0.000450
-0.000450
-0.000450
0.011830
-0.012729
0.011830
-0.000450
-0.012729
-0.000450
-0.000450
-0.012731
-0.012732
-0.000450
-0.025020
0.011836
-0.000450
-0.012735
0.011836
0.011835
-0.000450
-0.012734
-0.000450
-0.000450
-0.000450
0.011835
0.011833
-0.012732
0.011833
-0.025017
-0.000450
-0.000450
-0.012735
0.024120
-0.000450
-0.025020
0.011836
0.011835
0.011833
-0.025017
-0.000450
-0.000450
-0.000450
-0.012735
0.011836
-0.025023
-0.012738
0.024126
-0.000450
-0.012737
-0.012738
-0.012740
0.011841
0.011839
-0.012738
-0.000450
0.011839
0.011838
-0.000450
-0.025026
0.011839
-0.025029
0.011841
-0.049620
0.036430
-0.012742
0.011842
-0.000450
0.024129
-0.012738
-0.000450
-0.000450
-0.000450
0.036412
0.024117
-0.025017
-0.000450
-0.000450
-0.012735
0.011836
-0.000450
-0.025023
0.024123
-0.012735
-0.012737
-0.012738
0.011839
-0.025029
0.011841
0.011839
-0.012738
0.024126
-0.012737
0.011838
-0.012737
0.011838
0.011836
-0.000450
0.011835
0.024114
-0.012731
-0.000450
-0.000450
-0.012732
-0.000450
0.011833
-0.025017
-0.012735
-0.000450
-0.000450
-0.000450
0.011836
-0.012735
-0.012737
-0.000450
-0.025029
0.011841
-0.000450
-0.025032
-0.000450
-0.012743
-0.000450
-0.000450
-0.000450
0.011844
-0.012743
-0.000450
0.024135
-0.012742
-0.000450
-0.012743
-0.012745
0.011845
-0.000450
-0.000450
0.011844
-0.025038
-0.000450
-0.012746
0.011847
-0.000450
-0.000450
0.011845
-0.012745
-0.000450
-0.012746
-0.000450
-0.000450
-0.000450
0.024141
-0.012745
-0.000450
0.024138
0.011842
-0.012742
-0.000450
-0.012743
0.024135
-0.012742
0.011842
-0.000450
-0.012742
-0.012743
-0.012745
0.024138
0.024132
-0.012740
-0.000450
-0.025035
-0.000450
0.024135
-0.012742
0.011842
-0.037330
0.036430
-0.049626
0.011847
-0.000450
-0.000450
0.011845
-0.025041
0.011847
-0.000450
0.024138
-0.012743
0.024135
0.024129
-0.012738
-0.037325
-0.012745
-0.049644
-0.012752
-0.000450
-0.000450
-0.061984
-0.000450
0.024169
0.011857
0.011856
-0.025062
-0.000450
0.024163
-0.012755
-0.000450
-0.012757
0.024163
-0.012755
0.011856
-0.037371
-0.000450
0.024166
-0.000450
0.036462
-0.049668
0.024163
-0.012755
0.011856
0.011854
-0.025059
-0.000450
-0.000450
0.011856
-0.025062
-0.000450
-0.025068
-0.000450
0.024169
0.011857
-0.000450
-0.000450
0.011856
0.011854
0.011853
-0.012752
0.024154
-0.012751
0.061040
-0.012745
-0.025044
0.036439
-0.000450
-0.012745
-0.025044
0.024144
-0.012746
-0.000450
-0.037348
-0.000450
-0.025056
-0.000450
-0.025062
0.024163
-0.025062
-0.074323
-0.025086
0.024187
-0.000450
-0.000450
0.011866
-0.025083
-0.025089
-0.000450
0.024190
0.011868
0.011866
-0.049723
-0.000450
-0.025095
0.024196
-0.012772
-0.000450
0.036512
-0.025089
0.011871
-0.000450
-0.000450
0.024187
-0.000450
-0.025086
-0.025092
-0.025098
-0.000450
-0.000450
0.011875
0.011874
-0.000450
-0.000450
-0.000450
0.036512
-0.012769
-0.062068
-0.037439
-0.000450
-0.000450
0.061191
-0.012775
-0.012776
0.011877
0.011875
-0.012775
-0.012776
-0.012778
0.036530
0.011874
-0.012773
0.011874
-0.000450
0.036512
-0.037411
-0.012773
-0.025101
0.011877
0.024199
0.024193
-0.000450
-0.000450
-0.000450
0.011869
-0.049735
-0.012775
-0.000450
-0.000450
0.011875
0.036517
-0.000450
0.073442
-0.000450
-0.037389
-0.025083
0.085741
-0.012758
-0.049699
0.073415
0.011856
0.036457
0.036444
-0.000450
-0.000450
-0.025044
0.011848
-0.000450
0.024141
-0.000450
-0.049638
-0.049662
0.011856
-0.000450
-0.000450
-0.025062
-0.000450
0.011857
-0.000450
-0.025065
0.011859
-0.098960
-0.025092
0.036512
-0.000450
0.048811
-0.062030
0.011869
0.110354
0.024157
-0.012752
-0.012754
0.024157
0.110204
-0.012738
-0.000450
0.011839
0.036408
-0.025020
0.036403
-0.037302
0.048684
-0.037298
-0.000450
0.048678
-0.000450
-0.025011
-0.037302
0.011836
-0.000450
0.011835
0.024114
-0.000450
-0.012731
-0.025017
-0.049602
-0.000450
0.024129
-0.012738
0.024126
0.011836
-0.012735
0.024120
-0.000450
-0.000450
-0.000450
0.011833
-0.037302
0.024120
-0.012734
-0.012735
0.011836
0.036399
0.011830
0.024105
-0.000450
-0.037284
0.011830
0.024105
-0.025005
-0.000450
-0.061863
-0.000450
-0.025026
-0.000450
0.024126
-0.000450
-0.000450
0.011836
0.011835
-0.000450
0.011833
0.011832
-0.000450
0.024108
-0.012728
-0.025011
-0.025017
-0.012735
-0.012737
-0.061909
-0.000450
-0.000450
-0.049644
0.048745
-0.000450
-0.049644
0.073333
-0.012743
0.061002
-0.037316
-0.000450
0.024129
-0.012738
-0.012740
0.011841
0.011839
0.060972
0.024108
-0.025008
0.011830
0.048654
-0.012723
-0.037280
-0.025011
-0.049590
0.011838
-0.000450
0.011836
0.048678
0.024105
-0.012726
0.011827
-0.037284
-0.025014
0.024114
-0.025014
-0.000450
-0.000450
-0.000450
0.011833
-0.000450
-0.025017
-0.000450
-0.000450
-0.012735
-0.012737
0.011838
-0.012737
0.024123
-0.025023
-0.025029
-0.012742
-0.000450
0.011842
0.024129
-0.000450
-0.012738
-0.012740
-0.000450
0.011841
-0.000450
-0.012740
-0.000450
-0.000450
-0.000450
-0.025035
0.024135
-0.000450
-0.000450
-0.000450
0.011841
-0.000450
0.011839
-0.012738
-0.012740
-0.000450
-0.012742
0.024132
-0.000450
-0.000450
-0.000450
-0.012740
0.011841
-0.000450
-0.000450
-0.012740
0.011841
0.024126
-0.000450
-0.000450
-0.000450
0.011836
-0.012735
0.024120
-0.000450
-0.012734
-0.000450
0.011835
-0.012734
0.011835
0.011833
-0.012732
0.011833
-0.000450
-0.000450
0.011832
-0.000450
-0.000450
0.024108
-0.000450
-0.012728
0.011829
-0.012728
-0.000450
-0.025011
-0.000450
-0.000450
0.011832
-0.000450
-0.012731
-0.012732
-0.000450
0.011833
-0.000450
0.024111
-0.000450
-0.037293
-0.025020
-0.000450
0.024120
-0.012734
-0.012735
0.024120
0.011833
-0.012732
0.011833
-0.000450
-0.000450
-0.000450
-0.012732
0.024114
-0.000450
-0.000450
-0.037298
-0.000450
-0.000450
0.011835
0.036394
0.024105
-0.012726
-0.000450
0.011827
-0.000450
-0.000450
-0.037284
0.011830
-0.000450
0.011829
-0.000450
0.011827
-0.000450
0.011826
-0.000450
-0.000450
-0.012725
0.011826
-0.000450
-0.000450
-0.000450
0.011824
0.011822
-0.000450
-0.000450
-0.012722
-0.000450
-0.000450
-0.012723
-0.000450
-0.012725
-0.000450
0.024099
-0.024999
-0.000450
-0.000450
0.024099
-0.000450
-0.012723
-0.012725
-0.012726
-0.000450
0.011827
-0.000450
0.011826
0.011824
0.011822
-0.000450
-0.012722
-0.000450
0.011822
0.011821
-0.012720
0.011821
-0.000450
-0.000450
-0.000450
0.011819
0.036349
0.036335
-0.012710
-0.000450
-0.000450
-0.000450
0.024069
0.011807
0.085308
0.036281
-0.012692
-0.000450
0.024033
-0.012690
-0.012692
-0.024938
-0.024944
-0.012699
-0.000450
-0.024954
0.011803
-0.012702
0.011803
-0.024957
END
