y[]
-0.079893
-0.066897
0.011420
-0.132269
0.037573
-0.040843
-0.027783
0.063720
0.050618
-0.001635
-0.027759
-0.066973
-0.106265
-0.001635
0.063771
0.024515
-0.014710
-0.001635
0.024512
-0.053937
0.089874
-0.014703
-0.040848
-0.014710
0.076786
-0.001635
-0.001635
-0.040838
-0.040854
-0.027789
-0.001635
-0.067050
0.063780
-0.040879
-0.001635
0.024529
0.011444
0.050666
0.011436
-0.001635
-0.014706
-0.001635
0.037573
-0.014703
0.207242
-0.171315
-0.119275
-0.198009
-0.093409
0.024594
0.077012
0.129306
-0.053991
-0.158868
-0.185387
-0.093638
0.103503
0.116514
0.181875
-0.080241
0.181683
-0.093252
-0.027827
-0.080252
0.220951
0.024519
-0.224163
0.037670
-0.093372
0.116297
-0.132680
0.116312
-0.040936
-0.198370
-0.093577
0.090307
-0.080438
-0.027917
0.064055
0.024629
0.037748
-0.093553
-0.054198
-0.054225
0.129788
0.024629
-0.093589
0.077188
-0.067317
-0.014777
-0.014779
0.077198
-0.198835
0.037836
-0.041106
-0.199225
-0.054392
-0.041221
0.037950
-0.186503
-0.001635
0.064428
0.051184
-0.041247
0.064376
-0.067646
0.024774
0.130308
-0.028010
0.064289
-0.028000
0.037909
-0.054364
-0.014822
-0.054399
-0.001635
0.037940
0.064289
-0.014817
-0.173151
-0.001635
0.024771
0.011565
-0.080864
0.143570
0.024743
-0.146802
0.077573
0.011560
0.037940
-0.054406
0.051135
0.011553
-0.054399
-0.001635
0.037940
0.064289
0.024722
0.130048
0.011523
-0.027955
0.011525
0.195565
0.064012
0.090198
-0.067222
-0.001635
-0.054136
-0.041029
-0.041044
0.077167
0.090222
-0.014753
-0.054122
0.077084
-0.067231
0.037727
-0.106636
-0.001635
0.260660
0.063831
0.011453
0.063780
-0.106320
-0.067119
0.076940
0.116112
-0.093204
-0.027813
-0.001635
-0.054012
-0.014734
-0.027837
0.011467
-0.185218
-0.014761
0.077095
0.142542
0.063831
0.063788
0.037598
0.089850
-0.014700
0.024491
0.011425
0.050591
0.011417
0.037511
0.011410
0.037491
-0.027718
0.011407
-0.001635
-0.001635
0.011405
0.037476
-0.001635
-0.001635
0.011398
-0.014669
-0.040746
-0.014676
0.037481
-0.027711
-0.014676
-0.027721
-0.001635
0.011408
-0.001635
-0.001635
-0.014679
0.011408
-0.014679
0.011408
-0.001635
-0.014679
0.011408
-0.014679
0.063566
0.011400
-0.014671
-0.014672
-0.001635
0.011402
-0.014672
0.011402
-0.027711
-0.014676
-0.027721
0.011408
-0.001635
-0.027725
-0.001635
0.037496
-0.014677
-0.014679
-0.001635
0.024451
0.063549
0.037455
-0.131996
-0.040777
-0.001635
0.011414
0.024457
0.011408
0.037486
-0.079893
0.037501
0.141734
0.011388
0.128505
-0.027650
-0.001635
0.011373
-0.053678
-0.040685
-0.014655
-0.040705
-0.001635
-0.092858
0.024437
-0.040746
0.037476
0.063516
-0.014662
0.024417
-0.001635
-0.001635
-0.053746
0.037450
0.063473
-0.027674
0.011385
0.011383
0.011381
-0.053712
-0.014659
-0.014660
-0.066786
0.037460
0.102545
-0.040690
0.024403
-0.040695
-0.040711
0.011391
0.024413
0.011386
-0.001635
-0.014657
-0.040711
-0.014664
0.089528
-0.040695
0.050441
-0.001635
-0.053712
-0.001635
-0.014659
0.011388
-0.001635
0.024406
-0.014655
-0.001635
-0.001635
-0.014657
-0.001635
-0.001635
-0.040711
-0.027694
-0.040736
-0.001635
-0.001635
-0.014672
0.024437
-0.001635
-0.066829
0.037486
-0.027714
-0.001635
0.037481
-0.040751
-0.001635
0.050516
-0.027708
0.011402
-0.014672
-0.014674
0.011403
-0.053800
-0.027728
0.011412
-0.014682
-0.001635
0.024457
-0.040777
0.011414
-0.014684
-0.001635
-0.027738
-0.053861
-0.040823
-0.027769
0.063686
-0.040823
-0.014701
0.011431
-0.001635
0.050611
-0.001635
-0.014694
0.011424
-0.001635
-0.001635
-0.040818
0.024488
0.063643
0.024464
0.037501
-0.040772
0.037501
-0.027725
-0.001635
-0.001635
-0.001635
0.011410
0.011408
-0.014679
0.011408
-0.053821
0.024461
0.076612
-0.001635
-0.040751
0.011405
-0.027718
0.037486
0.050502
-0.066812
0.063541
-0.040736
0.024434
0.063507
0.063465
-0.014652
-0.040695
-0.027684
-0.014662
-0.014664
-0.014665
-0.001635
0.024423
0.037440
0.011386
-0.014657
0.076469
-0.066718
-0.040705
0.102518
0.037394
-0.040665
0.024386
0.011373
0.011371
0.024372
0.011366
0.011364
-0.092669
0.024383
-0.066693
0.050414
-0.079720
-0.053725
-0.001635
-0.014662
0.037440
0.076469
-0.001635
-0.040680
-0.001635
0.076439
0.037379
-0.040650
-0.027653
0.050394
-0.053664
-0.001635
-0.001635
0.024383
-0.001635
0.063380
-0.040639
0.011368
-0.001635
0.011366
-0.092680
0.011376
0.024383
0.024376
-0.014640
-0.001635
0.024372
0.037364
-0.027633
-0.014637
-0.040650
-0.014643
-0.014645
-0.027660
0.024389
0.024383
-0.001635
0.024376
-0.014640
0.011369
0.063363
-0.014632
0.011361
-0.001635
-0.014632
-0.014633
0.011363
-0.001635
0.011361
-0.001635
0.024352
-0.027623
0.011359
-0.014630
0.024352
-0.001635
-0.027623
-0.014632
-0.014633
-0.001635
0.011363
-0.001635
0.024356
-0.001635
-0.027626
-0.001635
-0.001635
-0.053637
0.037369
-0.001635
-0.001635
-0.040639
-0.027646
0.037379
0.011366
0.037359
-0.014632
-0.001635
0.024356
-0.053624
-0.001635
-0.001635
0.102315
0.011351
0.115164
-0.079487
-0.053570
-0.001635
-0.027613
-0.014627
0.024345
0.037323
0.024329
0.011344
0.050266
-1.294166
-0.067360
-0.146382
-0.186162
0.090670
-0.186332
0.037971
-0.014836
0.103920
-0.028014
-0.120424
-0.186698
0.183428
-0.305848
0.064577
-0.028115
0.051317
0.170266
-0.107385
-0.147225
0.064568
-0.147340
-0.001635
0.091111
-0.067874
0.289486
-0.160324
-0.094320
-0.213809
0.077983
0.104423
0.144012
-0.014867
-0.200324
0.011623
0.170562
-0.081074
0.368540
-0.186551
0.104073
-0.107344
-0.107455
-0.067830
0.130710
0.024813
0.077667
0.209530
0.077437
-0.067524
0.116934
-0.120205
0.090597
0.182575
0.011510
-0.001635
0.155969
-0.027885
-0.054156
-0.080469
-0.133162
0.077302
-0.093735
0.024687
0.129874
0.090319
0.050872
-0.041013
-0.133007
-0.054232
0.077250
-0.001635
0.011506
-0.001635
0.103434
-0.014763
-0.027896
0.090246
0.037717
0.103228
0.090030
-0.027817
0.037634
0.063780
-0.001635
-0.040879
0.285796
-0.132184
-0.053902
-0.080087
0.063746
0.024505
0.168111
-0.053834
0.272105
-0.040695
-0.053739
0.037445
0.011388
0.128505
0.128336
-0.053604
-0.040629
0.011364
-0.079659
-0.053685
0.089433
0.011368
0.011366
-0.053651
-0.144818
-0.118937
0.102640
0.141566
0.011373
-0.014643
-0.092740
-0.001635
-0.027680
0.037430
0.050428
-0.014649
0.024389
-0.053692
-0.001635
-0.053719
0.115514
0.089386
-0.001635
0.089303
-0.105572
0.050346
-0.014628
-0.105639
0.050380
-0.066659
-0.027657
0.102409
-0.079659
-0.092740
0.063448
0.089410
0.128285
0.037308
0.076206
0.179759
0.076004
-0.014571
0.037167
0.024225
0.140474
-0.040372
-0.001635
0.011279
-0.027465
0.050018
0.049991
-0.040352
0.101577
-0.001635
0.165858
-0.078905
0.049885
-0.001635
-0.014513
0.075605
0.011232
-0.078865
0.024115
0.024108
0.024101
-0.040243
-0.001635
0.011236
0.011234
-0.027375
0.011236
0.011234
0.011232
-0.117503
0.011245
0.036997
-0.040268
-0.001635
-0.117622
0.011259
0.049924
-0.014523
-0.014524
-0.040313
-0.027428
-0.001635
0.037052
-0.027425
-0.014533
-0.001635
0.011262
0.011260
-0.066131
0.024168
-0.027438
0.024168
0.062843
-0.014528
-0.001635
0.011257
-0.040318
-0.014533
-0.001635
-0.001635
0.011262
0.024155
0.011257
-0.001635
-0.040318
0.024155
0.127214
-0.001635
-0.014513
-0.027395
0.037002
0.011241
-0.091801
-0.027412
0.049911
0.011247
-0.001635
END
