y[]
-0.001594
-0.001594
-0.001594
-0.001594
-0.016188
0.085933
-0.162120
-0.060031
0.086048
-0.030800
0.027611
-0.016196
-0.001594
0.027607
-0.016194
-0.001594
-0.016196
0.013007
-0.001594
-0.030800
-0.001594
0.013010
-0.001594
-0.074635
0.013018
0.027624
0.027616
-0.016198
0.013010
-0.001594
0.027607
-0.016194
0.042198
-0.001594
-0.030787
0.013003
-0.030791
0.027603
-0.001594
-0.001594
-0.001594
-0.016192
0.013003
-0.001594
-0.001594
-0.016192
-0.001594
0.027598
-0.030787
0.013003
-0.001594
-0.016192
-0.001594
-0.030796
0.013007
-0.001594
-0.030800
0.013010
-0.001594
-0.001594
-0.001594
-0.016198
-0.001594
-0.001594
-0.001594
-0.030808
-0.016205
-0.001594
-0.016207
0.013018
-0.016207
-0.001594
-0.001594
-0.016209
-0.001594
0.013020
-0.016209
-0.001594
0.013020
-0.016209
-0.001594
0.013020
-0.016209
0.013020
-0.016209
-0.016211
-0.001594
0.086074
0.013010
-0.016198
-0.016200
-0.016202
0.013014
-0.030813
-0.001594
-0.016207
-0.016209
-0.001594
-0.001594
-0.001594
-0.016211
0.013022
-0.001594
-0.016211
-0.001594
0.013022
-0.001594
-0.016211
-0.001594
-0.001594
-0.030834
0.013027
-0.001594
-0.001594
0.042256
0.056842
-0.016200
0.027616
-0.001594
-0.045412
-0.001594
-0.045432
-0.045451
-0.016217
-0.016220
0.013031
-0.016220
0.013031
-0.030847
-0.045489
-0.030868
-0.045521
0.013050
-0.030886
0.013052
0.027693
0.042320
0.013039
0.013037
-0.016226
0.027667
0.027658
-0.016220
0.013031
0.013029
-0.030843
0.042275
-0.030838
-0.016220
-0.001594
0.013031
0.013029
0.027645
-0.030834
-0.016217
-0.030847
-0.030856
0.027667
-0.030856
0.027667
-0.016224
-0.016226
0.013037
-0.016226
-0.001594
0.013037
-0.001594
-0.001594
0.013035
-0.030856
0.013037
-0.001594
0.042288
0.013029
-0.016217
-0.001594
0.013029
-0.001594
-0.030843
0.086125
0.027628
-0.001594
-0.016205
-0.016207
0.027628
-0.001594
-0.001594
-0.001594
-0.001594
-0.001594
0.013014
-0.001594
0.013012
0.013010
0.013007
-0.030800
-0.030808
0.027620
-0.001594
-0.016200
-0.001594
-0.030813
0.027624
-0.030813
0.013016
-0.001594
0.013014
-0.016202
-0.001594
0.013014
0.027616
-0.016198
-0.001594
0.013010
-0.016198
0.013010
-0.030804
-0.001594
-0.060040
-0.045451
-0.016217
0.027650
0.013024
0.013022
0.013020
-0.030826
0.027637
-0.030826
-0.074710
-0.030856
0.027667
0.027658
-0.016220
0.042275
0.027641
-0.060074
-0.089378
-0.030873
0.027684
-0.016232
-0.001594
-0.016235
-0.030881
-0.001594
0.042333
0.013044
0.013042
0.042301
-0.001594
0.115365
0.056834
0.013007
-0.001594
-0.001594
-0.016196
-0.045412
0.013014
-0.016202
0.027620
0.158931
-0.045348
-0.001594
-0.030774
0.012997
0.042166
-0.001594
0.027569
0.042134
0.012978
-0.016166
-0.001594
0.012978
0.027543
-0.016162
-0.030736
-0.016168
0.012980
-0.016168
0.012980
0.056681
0.056647
-0.016151
0.012963
0.027513
-0.001594
-0.016147
-0.001594
-0.001594
0.012959
0.012956
0.042045
0.056562
-0.030668
-0.001594
0.042013
-0.001594
0.071043
-0.030643
-0.001594
-0.001594
-0.030651
0.027463
-0.016122
-0.030656
0.056520
-0.030647
0.041982
0.041963
0.027433
-0.016107
-0.001594
-0.001594
-0.001594
0.012918
-0.001594
-0.001594
-0.001594
-0.001594
0.041931
0.041912
-0.016094
0.041900
-0.030588
-0.016094
0.012906
-0.016094
-0.016097
-0.045114
-0.045133
-0.016111
-0.001594
-0.001594
-0.016113
0.027442
0.012920
0.012918
0.012916
-0.001594
-0.030618
-0.045145
0.012925
-0.001594
-0.030635
-0.030643
-0.016122
0.041982
-0.001594
-0.001594
-0.030643
0.012931
0.012929
0.041963
-0.030630
-0.001594
-0.001594
-0.016116
0.027446
0.012923
-0.001594
-0.030630
-0.001594
-0.001594
0.012925
0.041950
-0.016107
-0.030626
0.041950
0.056436
0.027408
0.027400
-0.030588
-0.001594
0.012904
0.041887
-0.030580
-0.016090
0.041887
0.027383
-0.001594
0.041856
0.012885
0.041830
0.012876
-0.059490
0.070770
-0.045007
0.012878
0.012876
-0.030538
0.012878
0.012876
0.027341
-0.001594
-0.001594
-0.059473
0.012878
-0.016067
0.012878
-0.001594
0.012876
-0.001594
-0.001594
-0.001594
0.012874
0.012872
-0.001594
-0.001594
-0.001594
-0.001594
-0.045000
0.012876
-0.016065
-0.001594
-0.030542
0.012881
0.012878
-0.016067
0.012878
-0.001594
-0.001594
-0.016067
0.027349
-0.016065
-0.001594
0.012876
-0.016065
0.027345
-0.001594
-0.030534
0.099657
-0.001594
-0.016053
-0.001594
0.012864
0.012862
0.012860
-0.001594
0.157262
-0.016025
-0.016027
0.012839
-0.131568
0.056192
-0.001594
-0.016038
-0.001594
-0.016040
0.012851
-0.001594
-0.001594
0.012849
0.027287
-0.044919
-0.001594
-0.030488
0.027299
0.012849
0.012847
-0.001594
-0.016036
0.027287
-0.016034
-0.001594
-0.001594
-0.001594
-0.001594
-0.016036
-0.001594
0.012847
-0.016036
-0.001594
-0.001594
-0.001594
-0.016038
0.012849
-0.001594
-0.001594
-0.016038
-0.001594
0.012849
-0.001594
0.012847
-0.016036
-0.016038
0.012849
-0.001594
-0.001594
-0.001594
-0.001594
-0.001594
-0.001594
-0.001594
-0.016038
0.012849
-0.016038
0.027291
0.012845
-0.073812
0.027299
0.012849
-0.016038
-0.044938
-0.044956
0.041768
0.012855
0.012853
-0.001594
-0.044944
0.027307
-0.001594
-0.016044
-0.001594
0.027303
0.027295
-0.016038
0.012849
0.012847
-0.001594
-0.001594
-0.016036
-0.016038
-0.001594
-0.001594
-0.001594
-0.030488
-0.030496
0.027307
-0.016044
-0.030500
0.012860
-0.001594
-0.001594
-0.016048
-0.001594
-0.001594
-0.001594
0.012860
-0.001594
-0.016048
0.027312
-0.001594
-0.001594
-0.001594
-0.001594
-0.001594
0.012855
-0.001594
-0.016044
0.012855
0.027299
-0.001594
-0.001594
-0.001594
-0.001594
0.027291
-0.001594
-0.016036
0.027287
-0.016034
-0.001594
-0.001594
-0.001594
0.012845
0.027278
-0.016030
-0.001594
-0.016032
0.012843
0.012841
0.012839
0.012837
-0.016025
-0.001594
-0.001594
-0.001594
-0.016027
-0.001594
0.041699
-0.030454
-0.030463
-0.001594
0.012841
-0.001594
-0.001594
-0.001594
-0.001594
-0.001594
-0.001594
0.012839
-0.001594
0.027266
0.027257
-0.044875
-0.016025
-0.016027
-0.001594
0.012839
-0.016027
-0.001594
-0.030467
-0.001594
-0.044919
0.012849
-0.016038
-0.016040
-0.030492
0.012855
-0.001594
0.012853
-0.044944
0.041755
-0.030492
0.041749
0.027291
0.027282
-0.001594
0.012841
-0.016030
0.012841
-0.016030
-0.030471
-0.016036
-0.044931
-0.001594
-0.016044
-0.001594
-0.016046
0.027307
0.012853
0.012851
0.027291
-0.030479
-0.001594
-0.059389
0.027307
-0.016044
0.027303
-0.016042
-0.001594
-0.016044
-0.001594
-0.001594
0.027303
-0.030492
-0.016046
0.012858
-0.001594
-0.016046
-0.001594
-0.001594
0.041755
-0.016042
-0.001594
-0.001594
0.027299
-0.030488
0.012853
-0.016042
-0.016044
-0.001594
-0.016046
-0.044963
0.027320
0.027312
0.012855
-0.016044
-0.001594
-0.044956
0.012862
-0.016050
-0.016053
0.041774
-0.001594
-0.001594
-0.001594
0.012858
0.012855
-0.001594
-0.001594
0.027299
-0.016040
-0.044944
0.012858
-0.030500
-0.001594
-0.001594
-0.030509
0.012864
0.027316
0.012858
-0.016046
-0.001594
-0.001594
0.012858
0.012855
0.012853
-0.016042
-0.001594
-0.016044
0.012855
0.012853
0.012851
0.041730
-0.016034
0.027282
-0.016032
0.012843
0.012841
0.041699
-0.016023
-0.044894
-0.001594
-0.001594
0.027274
0.056117
-0.016019
0.012830
0.012828
-0.073729
-0.001594
0.027266
-0.001594
-0.001594
-0.016023
-0.001594
0.012835
-0.030454
0.012837
-0.044894
0.056134
-0.059323
-0.016032
0.012843
0.012841
0.027270
-0.016025
0.070540
END
