y[]
0.010207
0.096620
-0.014486
-0.076219
0.022552
0.022546
0.010198
0.010197
-0.026830
-0.039185
-0.076265
0.010212
0.047268
-0.026849
0.034908
-0.051552
-0.014501
0.010210
-0.014501
-0.051583
0.034935
0.022568
-0.076302
0.034940
0.071984
-0.039203
-0.039217
0.010213
0.010212
-0.026861
0.022571
0.022564
0.047256
-0.002145
0.022546
-0.002145
0.047219
-0.014484
-0.026827
-0.002145
-0.026834
-0.026840
0.034894
0.010198
-0.002145
-0.026834
-0.002145
-0.002145
-0.002145
-0.014492
-0.002145
0.022546
0.022540
-0.014487
0.010197
-0.026830
-0.002145
0.022540
0.010195
0.022531
-0.002145
-0.039162
-0.026830
-0.002145
-0.014490
-0.002145
-0.002145
0.010200
-0.088592
-0.014501
-0.014502
-0.076320
0.010221
-0.014511
-0.002145
0.010221
0.034944
0.010215
-0.002145
0.010213
0.010212
0.022564
-0.014499
0.071956
-0.026840
-0.002145
0.010203
0.010201
0.010200
0.022540
-0.014487
-0.039180
-0.014493
0.034894
0.059557
-0.002145
-0.002145
-0.002145
-0.002145
-0.051504
-0.026834
-0.002145
0.022543
0.071883
-0.014479
0.022522
-0.002145
-0.014478
-0.002145
-0.051491
-0.002145
-0.026827
0.022537
-0.063862
-0.014493
0.059579
0.010195
0.010194
0.010192
-0.014483
-0.002145
-0.014484
-0.002145
-0.002145
-0.002145
-0.026827
0.010197
-0.002145
0.010195
-0.026827
0.034876
0.034862
0.022519
-0.002145
-0.014476
-0.014478
-0.002145
0.022519
-0.014476
-0.026812
0.010189
0.010188
-0.002145
-0.039148
-0.063847
0.010198
-0.026834
-0.014492
-0.002145
-0.002145
0.034890
-0.026834
-0.014492
0.047231
-0.026830
-0.002145
0.010198
0.010197
0.022534
-0.039166
-0.026834
-0.002145
-0.113318
0.071984
0.022552
-0.014493
-0.002145
-0.051552
0.022561
-0.014498
0.022558
-0.026849
0.071947
0.047219
0.022528
-0.014481
0.022525
-0.014479
-0.039157
0.022531
-0.002145
0.022525
0.022519
-0.026809
-0.002145
0.022519
-0.002145
0.059488
0.010177
0.084067
0.059389
0.120811
-0.088198
0.010153
-0.075955
-0.100643
0.022488
0.059412
-0.002145
-0.026764
0.059389
0.034757
0.120765
0.034699
-0.063559
-0.039012
0.022434
0.046995
0.022416
0.022410
-0.014422
-0.051267
-0.039003
-0.051309
-0.014440
0.047025
0.034717
-0.063589
0.010147
0.047007
0.071538
0.010130
0.010129
-0.063529
0.022413
-0.002145
-0.014423
-0.002145
0.059231
0.034662
0.046910
-0.051201
0.010121
0.022383
0.034635
0.071375
0.046838
-0.026634
-0.063393
0.022359
-0.038903
0.010109
0.046856
-0.038894
0.010106
0.046844
-0.026637
0.010101
-0.063393
-0.014399
-0.002145
0.010109
-0.038912
0.022368
0.022362
-0.014398
-0.002145
-0.014399
-0.014401
0.034617
-0.026652
0.022362
-0.002145
-0.026652
-0.014401
-0.026661
-0.026667
0.046892
0.010110
-0.063438
0.022377
-0.038930
0.034640
-0.051195
-0.014411
-0.002145
-0.002145
0.132700
-0.002145
0.022353
0.034590
0.046814
0.022326
0.034550
0.058983
-0.063274
-0.026607
0.010086
-0.075558
0.095726
-0.026604
0.022314
0.010082
-0.051063
-0.002145
0.046772
-0.063296
0.010088
-0.002145
-0.038849
-0.014383
0.010092
0.022326
-0.002145
-0.014380
-0.002145
0.034554
-0.063319
0.120164
-0.038822
-0.014374
-0.075549
0.132387
0.046731
-0.014362
0.034500
0.010067
-0.026571
-0.075459
-0.026595
-0.014372
0.010082
-0.014372
0.022308
0.010079
-0.038822
-0.038836
-0.038849
-0.002145
0.010091
-0.014381
0.046790
-0.014377
0.144536
-0.075459
-0.002145
0.010077
0.107792
0.058879
0.095416
-0.038719
-0.002145
-0.075334
0.046653
0.034438
0.022236
-0.050914
-0.038737
0.083215
-0.026527
-0.038728
0.010051
0.034433
-0.026529
0.022239
0.010045
0.083143
0.034384
-0.014320
0.010030
0.022201
-0.014317
0.010027
0.010025
-0.063013
-0.026503
0.034389
0.022203
0.010027
-0.026491
-0.123963
0.022230
0.022224
-0.026515
0.034407
0.034393
0.046552
0.010025
-0.038662
-0.099587
0.107471
0.022198
-0.075191
0.010033
0.010031
0.010030
-0.063035
-0.014328
-0.002145
-0.026515
-0.002145
0.022224
-0.038702
0.010042
-0.038710
-0.026529
0.022239
0.034420
-0.014332
0.010042
0.022224
-0.014329
0.022221
-0.087454
-0.075325
-0.002145
0.046647
0.034433
-0.050920
0.022245
0.046617
-0.014334
0.070963
-0.002145
-0.002145
0.010034
0.010033
-0.002145
-0.014323
-0.002145
0.022209
0.022203
0.010027
-0.026491
0.070874
-0.002145
-0.038648
-0.063013
-0.014323
-0.026506
-0.002145
0.034393
0.119554
-0.087319
0.034367
-0.026485
-0.002145
-0.099564
0.058752
-0.014322
0.022206
-0.014320
-0.002145
-0.026500
-0.038688
0.010037
0.046570
-0.014322
-0.026503
0.058738
-0.050848
0.070901
-0.050837
-0.038679
0.034389
-0.014322
0.058723
-0.014316
0.083018
0.022174
-0.002145
0.046475
-0.002145
0.022156
-0.014295
-0.062917
-0.050789
0.034340
0.034327
-0.002145
0.022162
-0.099410
-0.014310
-0.014311
0.010021
0.022183
-0.014308
-0.002145
0.022180
-0.026470
-0.002145
0.022180
0.022174
-0.014304
0.022171
-0.014303
0.022168
-0.014301
0.010011
-0.014301
-0.014303
0.010012
-0.026461
-0.002145
0.022171
0.010011
-0.002145
-0.002145
-0.014301
-0.014303
-0.002145
-0.026464
0.022174
-0.014304
0.010014
-0.026464
-0.002145
-0.014307
-0.002145
0.022177
-0.002145
-0.026467
-0.002145
-0.026473
0.010020
-0.026476
-0.002145
-0.026482
-0.002145
0.022192
-0.002145
-0.002145
-0.002145
-0.002145
-0.014313
-0.026485
0.046528
-0.002145
-0.002145
-0.026479
0.010022
0.010021
-0.002145
-0.014311
-0.002145
-0.002145
-0.014313
-0.002145
-0.002145
-0.002145
-0.002145
-0.002145
-0.014314
-0.014316
-0.002145
0.010025
0.010024
-0.002145
-0.026485
-0.014317
0.010027
0.022195
0.010022
-0.014313
-0.014314
0.010024
0.010022
-0.014313
-0.014314
-0.002145
-0.002145
0.022192
-0.014313
-0.002145
-0.002145
-0.014314
-0.002145
-0.014316
0.010025
-0.002145
0.010024
-0.014314
-0.002145
0.010024
-0.002145
-0.002145
0.022189
-0.014311
-0.002145
0.010021
-0.002145
-0.026479
-0.002145
-0.026485
-0.026491
-0.002145
0.010028
-0.014319
-0.002145
-0.002145
-0.014320
0.010030
-0.002145
0.010028
-0.002145
-0.026494
-0.002145
0.022203
-0.014319
0.010028
-0.014319
-0.002145
-0.002145
-0.014320
-0.002145
-0.002145
-0.002145
-0.014322
0.022206
0.010028
-0.002145
-0.014319
-0.002145
-0.002145
0.010028
-0.002145
-0.014319
0.010028
-0.002145
-0.002145
-0.014319
-0.002145
0.010028
0.010027
-0.026491
0.010028
0.010027
-0.002145
-0.002145
-0.002145
-0.002145
-0.014317
-0.002145
0.022198
0.010024
-0.002145
0.010022
-0.026482
0.010024
-0.002145
-0.014314
-0.002145
0.010024
0.010022
-0.002145
-0.002145
-0.002145
-0.002145
-0.014313
-0.002145
-0.014314
0.022192
0.010021
-0.014311
-0.026482
0.010024
0.010022
0.010021
0.010020
-0.014310
-0.014311
-0.002145
-0.002145
-0.014313
-0.026485
0.010025
0.022192
-0.014313
-0.002145
-0.026485
-0.014317
0.010027
0.022195
-0.002145
0.034353
-0.014310
-0.014311
-0.014313
0.022189
-0.002145
0.034344
0.022174
0.034322
-0.002145
0.010008
-0.002145
-0.062924
0.010014
0.058627
-0.050760
-0.014303
-0.002145
-0.014304
0.022171
0.058619
-0.026447
-0.026452
0.022162
-0.026452
0.010009
-0.014300
-0.014301
-0.002145
0.022165
0.022159
-0.014297
-0.026452
-0.002145
-0.002145
-0.002145
-0.002145
-0.002145
0.010009
-0.014300
-0.026458
0.022168
-0.002145
-0.002145
0.010009
-0.026455
-0.026461
0.010014
0.010012
0.010011
-0.026458
-0.026464
-0.014307
-0.014308
0.010018
-0.002145
-0.002145
-0.002145
0.034336
0.010012
-0.026461
0.010014
-0.014304
END
