y[]
0.016194
-0.009266
-0.009268
0.003464
0.016196
0.016194
-0.034731
0.016197
-0.009269
0.016197
0.003464
0.003464
0.016196
0.028922
-0.021994
0.016194
-0.009266
0.016194
0.003464
0.003464
-0.021997
0.003464
0.016196
0.016194
-0.009266
0.003464
0.003464
0.003464
0.016194
-0.009266
0.003464
0.028922
0.003464
0.003464
0.003464
0.003464
-0.009264
-0.021997
0.003464
0.003464
0.028926
-0.009266
0.016194
0.003464
-0.009266
0.003464
0.003464
0.003464
-0.009268
0.003464
0.003464
0.016196
0.003464
-0.022001
0.003464
0.003464
0.003464
0.003464
-0.009271
0.016199
0.003464
0.003464
-0.047485
-0.022020
0.016207
0.016205
0.016204
-0.009276
0.028942
0.003464
-0.009274
0.016202
-0.009274
0.028939
-0.009272
0.016200
0.003464
-0.034750
0.016204
-0.009276
0.028942
0.016200
-0.009272
-0.009274
0.028939
-0.009272
-0.009274
0.003464
-0.009276
0.003464
-0.009277
0.003464
0.003464
0.003464
-0.022023
0.003464
0.041693
0.003464
-0.009277
0.016205
0.003464
0.003464
0.016204
0.003464
0.003464
0.016202
-0.009274
0.003464
0.003464
0.003464
0.003464
0.003464
0.041673
-0.022007
0.003464
0.003464
-0.022014
0.028942
-0.022014
0.003464
0.003464
0.003464
0.003464
0.016204
-0.009276
0.016204
-0.022017
0.041683
-0.009274
0.016202
-0.009274
0.003464
-0.009276
0.016204
0.003464
0.003464
0.003464
0.003464
0.003464
0.016202
-0.009274
0.003464
-0.009276
0.003464
-0.009277
0.003464
0.016205
-0.009277
-0.009279
0.003464
0.016207
0.028945
0.016202
-0.022014
-0.034765
0.016209
-0.060275
0.016215
-0.034794
0.003464
0.016218
0.016217
0.016215
0.003464
-0.047550
0.016220
-0.047569
-0.111456
-0.073223
-0.034902
0.003464
0.029043
0.029036
0.029030
-0.034887
-0.060487
0.041839
-0.022118
-0.009329
0.067415
-0.022111
-0.034911
-0.022128
0.029056
-0.073331
-0.073390
-0.009351
-0.034990
-0.060659
0.041943
0.029108
0.016284
-0.060651
0.054759
0.054733
-0.009351
-0.034990
0.067546
-0.009349
0.029089
0.041889
0.016269
-0.009341
0.003464
0.003464
-0.022151
0.016272
0.041879
-0.022144
-0.009343
0.003464
-0.009344
-0.034970
0.029089
0.003464
0.016274
0.003464
0.016272
-0.034965
0.003464
0.041894
0.016271
0.067472
-0.009334
-0.022138
0.067456
-0.009331
0.003464
0.003464
-0.009333
0.016261
-0.009333
0.029056
0.016257
0.003464
-0.009329
-0.009331
-0.022131
0.029059
0.016259
-0.022128
0.003464
0.003464
0.029056
0.016257
0.003464
-0.034921
0.003464
0.003464
-0.047739
0.003464
0.041869
0.067439
0.016254
-0.009326
0.003464
0.054615
0.003464
0.003464
0.029030
-0.034887
0.003464
-0.009323
-0.009324
0.029039
-0.162893
-0.022154
0.041889
0.003464
-0.047772
0.041894
-0.034965
-0.060618
-0.035005
0.041933
-0.022180
0.029108
0.041918
0.003464
0.016279
0.029089
0.067497
-0.060569
-0.009347
-0.009349
0.003464
-0.188930
0.041972
0.157350
-0.060626
-0.086331
0.080436
0.029108
0.080358
-0.086251
0.029105
-0.111972
-0.073568
0.054825
-0.060741
-0.022230
0.170355
0.016290
-0.009362
-0.047857
-0.022207
-0.163556
0.067736
-0.112254
0.003464
0.042052
-0.047990
0.067777
-0.073716
-0.009405
-0.035153
-0.048049
-0.164137
0.080853
0.042136
-0.022316
0.029244
-0.035208
-0.061023
0.042161
0.029254
0.029247
0.029241
-0.086783
-0.035238
0.029267
0.029261
0.067926
0.003464
-0.048102
-0.048129
-0.125635
0.016381
0.003464
-0.086993
-0.009465
0.068093
0.003464
-0.022382
-0.022389
0.016391
-0.035323
-0.022402
-0.009472
0.016400
-0.009472
0.081054
-0.022392
0.029321
0.003464
0.029314
0.093886
0.016375
0.003464
0.003464
0.003464
-0.035273
0.029290
0.003464
0.003464
-0.009448
-0.061123
0.029304
-0.074075
-0.035328
0.068109
0.029311
0.055137
0.093827
0.042166
-0.009435
-0.073965
-0.074025
0.093862
-0.074015
0.068034
-0.009447
0.016375
0.029280
0.055077
-0.022339
0.003464
-0.009440
-0.022349
0.016371
0.003464
0.042176
0.042161
-0.073945
0.016370
-0.086911
0.003464
-0.086993
-0.100015
0.029344
0.055204
-0.074156
-0.048316
0.003464
0.042302
0.042286
-0.087145
-0.022439
-0.139125
0.055338
-0.022470
-0.035449
-0.022486
-0.022493
0.107252
-0.009504
0.055325
0.055298
0.016418
-0.113184
-0.009505
-0.048430
0.003464
0.055358
-0.126322
-0.061492
0.042443
0.029441
0.068378
0.029418
0.068319
-0.035444
-0.035459
-0.009514
-0.035479
-0.009520
-0.022510
0.016452
-0.022513
0.016454
0.003464
-0.009525
0.016454
-0.009525
0.003464
0.016454
0.042423
0.003464
0.133216
-0.061391
0.042382
-0.009507
0.029404
-0.009505
0.003464
0.016433
-0.009505
-0.009507
0.003464
0.003464
0.003464
0.016435
0.003464
0.003464
0.003464
0.016433
0.003464
-0.009505
0.003464
0.003464
0.003464
0.003464
0.003464
-0.009507
0.029404
0.029398
0.016428
-0.009500
0.003464
0.003464
-0.035439
0.003464
0.029401
0.003464
-0.009504
0.016432
0.003464
0.029394
0.016427
-0.009499
-0.009500
0.003464
0.055311
-0.009495
-0.009497
0.016425
0.003464
0.003464
0.003464
0.016423
0.016422
0.003464
0.003464
0.003464
0.016420
0.003464
-0.009492
0.003464
0.003464
0.003464
0.016420
0.003464
-0.009492
-0.022453
-0.035424
0.003464
0.016428
0.029388
0.029381
0.016420
-0.009492
-0.009494
0.016422
0.016420
0.016418
0.003464
0.016417
0.003464
-0.048356
0.016422
-0.022453
0.016423
0.016422
0.003464
0.055278
-0.022439
-0.009490
0.016418
-0.009490
0.029371
-0.022443
-0.009492
0.029374
0.016417
-0.009488
0.003464
0.003464
0.003464
0.016417
-0.009488
0.029367
0.003464
0.003464
-0.009487
0.016415
-0.022439
0.016417
0.003464
0.003464
0.003464
-0.022443
0.016418
0.003464
-0.009490
0.003464
-0.009492
0.003464
0.003464
0.016420
-0.009492
0.003464
0.003464
0.003464
0.016420
0.003464
0.016418
0.003464
0.003464
-0.022446
0.016420
0.003464
0.016418
-0.009490
0.016418
0.003464
0.016417
0.003464
0.016415
0.003464
-0.009487
0.016415
-0.009487
0.016415
-0.009487
-0.009488
-0.009490
0.016418
0.003464
-0.009490
-0.009492
-0.009494
0.003464
0.003464
0.016422
-0.009494
-0.009495
0.003464
-0.022459
0.003464
-0.009500
-0.009502
0.003464
0.003464
0.003464
-0.009504
0.003464
0.003464
0.029398
-0.009502
0.068277
0.003464
0.003464
0.003464
-0.022456
0.003464
-0.009499
-0.009500
0.029391
0.003464
0.003464
-0.022463
-0.009502
0.003464
0.003464
0.003464
0.003464
0.016430
-0.035439
-0.022480
0.016437
0.003464
0.068302
-0.022466
0.016430
0.016428
-0.022466
0.016430
-0.048410
0.003464
-0.022483
-0.074418
0.016449
-0.022507
-0.035505
-0.035520
-0.009534
0.042453
0.029448
0.029441
-0.022513
0.029441
-0.009524
0.029438
-0.022510
-0.048504
0.003464
-0.048531
-0.100608
-0.048613
0.016486
-0.035606
-0.009563
-0.074732
-0.048701
0.068666
-0.009573
0.003464
-0.009575
0.042575
-0.022608
0.029536
-0.009571
0.016499
-0.048687
-0.022622
-0.035677
-0.009587
0.029563
0.003464
-0.048742
-0.009592
0.016520
0.029570
-0.035698
0.016520
-0.101029
-0.022676
-0.061917
0.003464
0.055772
0.029608
-0.061908
-0.009616
-0.022700
0.029628
0.068845
0.055738
-0.048810
-0.022683
0.029611
0.003464
-0.035759
-0.035775
0.042703
-0.009614
0.003464
-0.009616
0.029622
0.016540
0.081885
0.016528
-0.035734
0.029598
0.003464
0.042652
-0.009597
-0.035729
0.003464
-0.022673
-0.009607
0.055738
0.068768
-0.048776
-0.048803
0.042667
0.029591
0.016525
END
