y[]
-0.160521
-0.174265
0.068277
-0.093493
0.000878
-0.309828
0.014407
0.054976
0.216978
-0.012614
-0.012616
-0.080126
-0.107230
-0.066749
-0.053256
0.271258
-0.066648
0.068405
0.122311
0.054801
-0.120489
0.041350
-0.053088
0.041356
-0.053096
0.108797
-0.161043
-0.066667
-0.012636
-0.039676
0.054947
0.095428
-0.120702
0.122459
-0.026127
-0.039643
0.027894
0.054888
0.014376
0.149236
0.000878
-0.080017
0.054816
0.014358
-0.039567
-0.026094
-0.039594
0.095288
-0.066548
0.054823
-0.026091
-0.053081
-0.080115
0.041383
-0.120686
0.041416
-0.039660
-0.012638
-0.053205
0.027923
0.135995
-0.012625
0.014382
-0.066658
-0.147861
-0.066804
-0.012664
0.000878
0.149738
-0.080291
-0.039731
0.068551
0.041460
-0.053234
-0.175190
0.149879
0.027945
0.000878
-0.026189
0.055005
0.014405
0.095517
0.014391
0.000878
0.054910
0.014382
0.027880
-0.026123
-0.012625
0.041383
0.068350
0.027854
0.027847
-0.080050
0.054837
-0.107070
0.014378
-0.080148
-0.012633
0.000878
0.041405
-0.039649
0.068414
-0.147761
-0.134440
-0.270309
0.068744
0.285412
0.095543
-0.283386
-0.257011
-0.094302
0.218299
-0.121363
0.109544
0.068735
-0.175644
-0.094302
-0.080777
0.123335
-0.162432
-0.094509
0.205168
-0.121646
0.109796
0.272654
-0.039841
-0.080610
-0.107877
0.218269
-0.067006
-0.094237
-0.026314
-0.039924
-0.121629
-0.053618
-0.026381
-0.121880
-0.040075
-0.135753
0.082879
0.041853
0.150977
0.000878
-0.026396
0.096304
-0.121830
0.028160
-0.040047
0.069077
-0.040036
-0.203942
0.096513
0.014533
0.000878
0.137322
0.191588
0.000878
-0.067191
0.055337
-0.039963
0.068938
-0.080799
0.150569
-0.012721
0.150365
-0.094224
0.123136
-0.026277
-0.080633
-0.080699
0.041675
0.041658
-0.080699
0.123219
-0.080666
-0.121563
0.028100
-0.039958
-0.148996
0.055404
0.014505
-0.053640
0.000878
-0.108248
-0.040075
-0.040092
0.014537
0.069142
0.041814
-0.026411
-0.040069
-0.122064
-0.081168
-0.053856
0.055613
-0.122317
0.014574
-0.026515
0.069348
0.137677
-0.026467
0.000878
-0.108576
-0.026504
-0.122435
0.124191
-0.040209
0.124090
-0.081246
-0.108726
0.083092
-0.040221
0.028279
0.192475
0.028219
0.000878
-0.108531
0.110287
-0.081168
-0.026485
0.000878
0.137621
0.041865
-0.053774
0.314722
0.014501
0.068966
0.041708
0.000878
-0.012730
0.272691
0.041586
-0.039830
0.095838
0.163458
0.176708
0.176400
-0.228712
-0.120883
-0.080379
0.122739
0.082036
0.149497
0.054866
0.000878
0.014371
-0.026109
-0.026116
0.000878
0.068350
0.000878
0.000878
-0.012613
0.014369
-0.039600
0.000878
-0.012618
-0.039621
-0.026131
-0.093710
-0.107332
-0.026193
-0.026200
-0.012664
-0.012666
-0.012667
-0.012669
-0.012671
0.014427
-0.039775
-0.026233
0.027989
-0.026233
0.055093
-0.026226
0.055079
0.027967
0.000878
0.041498
-0.012660
-0.039748
0.014422
-0.066859
0.055071
0.014422
0.027960
0.000878
-0.080390
0.027975
0.014424
0.027964
0.027956
0.000878
-0.012660
0.000878
-0.053293
-0.053322
-0.026233
-0.039803
0.028000
0.027993
-0.026237
-0.039808
-0.148447
-0.012708
-0.012710
-0.012712
0.000878
-0.026307
-0.012717
0.000878
0.014473
0.109574
-0.053455
0.055211
0.041609
-0.039852
0.041609
-0.039852
-0.094224
0.041647
-0.053484
-0.039913
0.028074
0.000878
-0.053521
0.014481
0.068864
-0.039908
0.055255
0.000878
0.028056
0.000878
-0.067080
0.000878
-0.012719
-0.026322
-0.121613
0.041725
-0.026351
0.000878
-0.026359
0.014497
0.068947
0.014486
-0.053566
0.041714
-0.067191
0.028111
-0.012738
-0.039980
0.000878
0.041736
-0.039980
-0.012745
0.177833
-0.080755
0.028096
-0.026340
0.055307
0.028082
0.014477
-0.026322
0.028078
-0.026322
0.028078
-0.067135
-0.080799
0.000878
-0.026362
-0.080888
0.000878
0.069021
0.000878
-0.026374
0.096226
0.000878
-0.012738
0.014494
0.109736
-0.039930
0.014483
-0.026333
-0.053566
-0.039974
-0.012743
-0.067256
0.028137
-0.040013
0.055396
-0.012749
-0.012751
0.000878
0.000878
-0.040019
-0.040036
0.069058
0.014509
0.069003
-0.026366
0.123419
-0.039952
0.028100
-0.026344
-0.067209
0.082577
0.014488
0.000878
0.014486
-0.026340
-0.094444
0.014501
0.028119
0.000878
0.000878
-0.026362
0.014499
0.014497
0.014496
0.028108
0.014490
0.055307
-0.026333
0.028089
-0.012726
0.000878
0.000878
0.000878
0.014483
0.014481
-0.012725
-0.121629
-0.067246
-0.040019
0.055404
-0.012751
0.055381
0.014499
-0.080877
0.014509
0.041758
0.014501
0.082577
0.109707
0.096006
0.041620
0.068744
0.068698
0.041548
0.041531
0.000878
0.014425
0.109191
0.041465
0.000878
0.230561
-0.066621
-0.147781
-0.215748
-0.094044
0.014444
0.014442
-0.162010
0.136637
-0.080555
0.163678
-0.066923
0.055123
0.095735
0.095646
-0.148083
0.149839
0.149617
-0.066703
0.216978
-0.147640
0.081915
0.095339
0.095250
-0.080006
-0.039589
0.000878
-0.215221
0.000878
0.095479
-0.107245
0.027920
-0.093800
-0.026189
0.014413
0.014411
0.122590
-0.066721
-0.039704
-0.175166
0.095710
0.109147
0.014404
-0.026175
-0.093864
0.027956
0.095594
0.000878
0.095505
0.108913
-0.039621
-0.012625
0.000878
0.054881
-0.134184
0.027905
0.014389
0.054903
-0.080170
0.014391
0.000878
-0.026149
-0.012638
-0.175000
-0.066850
0.095684
-0.026200
0.014418
0.041487
0.014411
-0.080346
-0.121081
0.027993
-0.053359
0.000878
0.041559
-0.080500
-0.066988
0.041603
0.095838
0.014437
0.041542
0.000878
-0.094031
-0.134862
-0.026292
0.055211
-0.121413
-0.026318
0.000878
0.000878
-0.080755
0.028096
-0.039952
-0.026351
0.014494
-0.080844
0.014503
-0.067265
0.164344
-0.148955
0.055389
0.055359
0.028108
0.068919
-0.162498
0.014503
0.137025
-0.026336
-0.026344
-0.094457
0.055367
0.000878
-0.026362
-0.190014
0.055456
-0.026407
-0.149323
0.041865
0.055501
-0.053744
0.014537
-0.040103
0.014540
0.041853
-0.026437
-0.026444
0.000878
0.069170
0.014531
-0.053744
-0.040108
-0.067470
-0.067517
0.014561
0.096605
0.082857
0.328121
0.082522
0.055270
0.353708
0.203869
-0.093800
0.230655
-0.188311
-0.107391
0.203787
0.135922
0.000878
-0.053118
0.014380
-0.269502
0.041482
0.027938
0.082014
-0.202085
-0.066868
-0.080478
0.000878
-0.026255
-0.162077
-0.067098
0.150365
-0.012702
-0.094237
-0.162387
-0.053603
0.286573
-0.067071
0.095993
0.123036
0.271808
-0.134495
-0.134678
0.095787
0.230997
0.000878
0.000878
-0.120883
-0.175262
0.014438
-0.012682
0.177018
0.055013
-0.215836
0.027993
-0.229834
0.000878
0.055211
-0.148609
0.096032
0.123086
-0.039841
-0.094198
0.014466
-0.148690
0.041692
-0.039935
0.177617
-0.094250
0.055248
0.095955
-0.094198
-0.026303
-0.026311
-0.080732
0.082489
0.000878
-0.094341
0.041697
-0.067163
-0.053588
-0.026366
-0.190040
-0.067395
0.014537
0.014535
0.082778
0.069077
0.000878
0.150752
0.109736
-0.176077
-0.149098
0.028163
0.232502
0.028093
-0.244320
0.109929
0.068975
0.177713
0.000878
-0.053499
0.448610
-0.012660
-0.107494
0.068624
-0.121098
0.095761
-0.161834
-0.162099
0.082400
0.163722
0.041548
0.271588
-0.053205
0.176542
-0.120702
-0.120850
0.122607
0.027909
0.041410
0.041394
0.095351
0.203021
0.269768
-0.160369
0.014325
-0.066376
-0.255100
0.014367
-0.134093
-0.174857
0.203622
-0.093685
0.189914
-0.026105
-0.377654
0.082113
0.027942
-0.012653
0.027938
-0.012651
0.000878
0.041460
0.041443
-0.026164
0.014400
0.027916
-0.066731
0.000878
END
