y[]
-0.000875
-0.013563
-0.000875
-0.000875
0.011813
-0.000875
-0.013563
-0.000875
-0.000875
-0.000875
0.011813
0.024496
0.037169
-0.026237
-0.013558
0.024490
-0.000875
-0.000875
-0.000875
-0.000875
-0.026240
-0.026246
0.024496
-0.000875
-0.026246
-0.000875
0.024496
-0.013560
0.024493
0.037165
0.062492
0.011794
-0.064234
0.011800
-0.000875
-0.000875
-0.064267
0.037165
-0.000875
0.011802
-0.013552
0.024477
-0.000875
-0.000875
0.011798
0.011797
-0.038896
-0.000875
-0.000875
0.011800
-0.013550
0.011800
-0.000875
0.024470
-0.026220
0.011798
-0.038900
-0.013553
0.087839
-0.026214
0.024464
0.037121
0.011787
-0.051534
0.011792
0.037116
-0.000875
-0.026201
0.024451
-0.000875
0.024445
-0.013534
-0.013536
-0.026201
0.011789
0.011787
0.011786
-0.000875
0.024441
0.011781
0.037083
0.024422
-0.026172
0.011774
-0.026176
-0.000875
-0.000875
0.011776
-0.013526
0.011776
-0.013526
0.024425
0.011773
-0.013523
-0.038828
0.011778
-0.000875
-0.026182
0.011779
-0.000875
-0.000875
0.011778
-0.000875
0.011776
-0.000875
-0.000875
-0.013526
0.011776
-0.013526
0.037073
-0.013523
-0.000875
0.011773
0.037059
0.011766
-0.000875
-0.013517
-0.013518
0.011768
-0.000875
0.011766
-0.000875
-0.000875
-0.038804
-0.000875
0.011770
0.011768
0.011766
-0.000875
-0.013517
-0.000875
-0.013518
-0.000875
-0.000875
0.011768
-0.013518
0.011768
-0.013518
0.011768
-0.026163
0.011770
0.011768
-0.013518
-0.000875
-0.000875
0.011768
-0.000875
-0.000875
0.011766
-0.000875
-0.013517
0.024406
-0.013515
0.011765
0.011763
0.011762
0.049655
-0.013505
-0.013507
-0.000875
-0.000875
0.024387
-0.013505
-0.000875
-0.000875
-0.000875
-0.026140
0.024390
-0.013507
0.011757
0.024384
-0.013504
-0.000875
-0.013505
0.024384
-0.026134
-0.026140
0.011758
-0.000875
-0.000875
-0.000875
-0.026144
-0.000875
-0.000875
-0.000875
-0.000875
-0.000875
0.011760
-0.026147
-0.000875
-0.000875
-0.013513
-0.000875
-0.026156
-0.026163
0.011770
-0.000875
0.024409
-0.000875
-0.013517
-0.000875
-0.000875
-0.000875
-0.000875
0.011766
-0.026160
0.011768
-0.000875
0.011766
-0.013517
0.011766
-0.013517
0.011766
-0.013517
-0.000875
-0.000875
-0.000875
-0.000875
-0.013518
0.011768
-0.000875
-0.000875
-0.000875
-0.013518
0.011768
-0.000875
-0.026163
-0.000875
-0.013521
-0.000875
0.011771
-0.000875
-0.000875
-0.000875
-0.000875
0.011770
-0.013520
-0.000875
0.011770
-0.000875
-0.000875
-0.013520
-0.000875
-0.000875
-0.000875
-0.013521
-0.000875
0.011771
0.011770
-0.013520
-0.013521
-0.000875
-0.000875
-0.000875
-0.013523
0.011773
-0.000875
-0.013523
-0.000875
0.037064
-0.000875
-0.000875
-0.000875
-0.000875
-0.000875
-0.026166
0.011771
-0.000875
-0.013521
-0.000875
0.011771
-0.000875
-0.013521
0.011771
0.011770
-0.000875
-0.026166
0.011771
-0.000875
-0.000875
-0.013521
0.011771
-0.026169
-0.000875
-0.000875
-0.000875
-0.013525
-0.000875
-0.000875
-0.026179
-0.013529
-0.013531
0.011781
0.011779
-0.000875
-0.000875
-0.000875
-0.000875
-0.000875
0.011778
-0.000875
-0.013528
-0.000875
0.011778
-0.013528
-0.000875
-0.013529
-0.000875
-0.000875
-0.000875
0.011779
-0.013529
-0.000875
0.011779
-0.000875
-0.000875
-0.000875
-0.000875
-0.000875
-0.000875
0.011778
-0.013528
-0.000875
0.011778
-0.000875
-0.000875
-0.013528
0.011778
-0.000875
-0.000875
0.011776
-0.000875
-0.000875
0.011774
-0.013525
0.011774
-0.000875
-0.000875
-0.000875
-0.000875
-0.000875
0.011773
-0.013523
-0.000875
-0.000875
-0.013525
0.011774
-0.000875
-0.013525
-0.013526
0.011776
-0.026179
-0.000875
-0.000875
0.011778
-0.000875
-0.013528
0.011778
-0.000875
-0.000875
-0.013528
-0.000875
0.011778
-0.000875
-0.000875
-0.013528
-0.000875
-0.000875
-0.000875
-0.000875
0.011778
0.011776
-0.013526
-0.013528
0.024429
-0.013526
-0.013528
0.011778
-0.000875
0.011776
-0.013526
-0.000875
-0.000875
-0.000875
-0.000875
-0.013528
0.011778
-0.013528
0.011778
-0.013528
0.011778
-0.013528
-0.000875
0.011778
0.011776
-0.013526
-0.000875
-0.013528
-0.000875
-0.026185
-0.000875
-0.000875
0.011781
-0.000875
-0.000875
0.011779
-0.013529
-0.013531
-0.000875
-0.013533
-0.000875
0.011782
-0.000875
0.024435
0.011778
0.024425
-0.000875
-0.000875
-0.038828
0.011778
-0.000875
0.011776
-0.000875
-0.013526
-0.026182
-0.013531
-0.038852
-0.038867
-0.026211
-0.000875
0.011794
-0.000875
0.024457
-0.000875
-0.000875
-0.000875
0.011789
-0.000875
-0.013539
0.011789
-0.000875
-0.000875
-0.013539
0.024451
-0.000875
0.024445
-0.000875
-0.013534
-0.013536
-0.000875
-0.026201
0.011789
-0.000875
0.011787
-0.013537
-0.000875
-0.000875
-0.000875
0.011787
0.011786
-0.051527
0.024454
-0.000875
0.024448
-0.013536
0.011786
0.011784
-0.000875
-0.013534
-0.013536
0.024445
-0.000875
0.011782
-0.000875
-0.013533
-0.000875
-0.000875
-0.000875
0.011782
0.049739
0.011774
-0.013525
-0.000875
-0.038833
-0.000875
-0.000875
0.011779
-0.000875
0.011778
-0.000875
-0.000875
0.024425
-0.000875
0.024419
-0.026169
0.011773
-0.013523
0.011773
-0.000875
-0.000875
-0.000875
-0.000875
-0.000875
-0.000875
0.024416
0.037049
-0.000875
-0.000875
-0.013515
0.011765
-0.013515
-0.013517
-0.013518
-0.013520
-0.013521
-0.013523
-0.114778
0.049764
-0.000875
-0.026192
-0.026198
0.049764
-0.000875
0.011781
-0.038847
-0.013536
-0.013537
0.024448
-0.013536
0.011786
0.011784
0.024438
-0.026188
0.011782
-0.013533
0.037092
-0.026185
-0.013533
-0.013534
0.011784
-0.013534
-0.013536
0.011786
0.037097
0.024432
0.024425
0.024419
-0.000875
-0.038819
0.049713
0.049687
0.011762
-0.000875
-0.038790
-0.000875
-0.000875
0.011765
0.011763
-0.038795
0.011766
0.024403
0.024397
0.011758
0.049643
-0.026131
-0.000875
-0.026137
-0.026144
-0.013512
0.011762
0.037025
-0.013507
0.062268
0.011749
-0.013499
-0.000875
-0.013501
0.024374
-0.000875
0.011747
-0.000875
-0.026121
-0.013501
0.011750
0.011749
-0.000875
0.011747
0.011746
0.011744
-0.013494
0.011744
-0.013494
-0.000875
-0.000875
-0.013496
-0.000875
-0.000875
-0.013497
-0.000875
0.011747
-0.013497
-0.000875
-0.013499
0.011749
0.011747
-0.000875
0.011746
-0.013496
-0.013497
-0.000875
-0.000875
-0.000875
0.011747
-0.000875
-0.000875
-0.000875
-0.000875
0.011746
-0.000875
-0.013496
0.024365
-0.000875
0.011742
0.024355
0.024349
0.011734
-0.000875
-0.026096
-0.000875
0.024346
-0.000875
-0.051323
0.024352
0.011736
-0.038713
-0.013491
0.011741
-0.013491
-0.000875
-0.000875
-0.127122
-0.051418
0.062300
-0.038775
-0.064074
0.074959
0.112768
-0.063994
0.049624
-0.013497
0.062220
0.011739
-0.013489
-0.013491
-0.000875
-0.013493
0.100020
-0.000875
0.011730
0.011728
0.011726
0.024323
-0.013474
0.024320
0.011720
-0.013470
-0.038670
0.049515
-0.026067
-0.000875
-0.000875
-0.013474
0.024320
0.011720
-0.000875
0.036901
-0.026058
-0.013469
-0.000875
-0.000875
-0.063867
-0.013478
-0.000875
-0.013480
-0.013481
-0.013483
-0.000875
0.024339
-0.000875
-0.013481
-0.013483
0.011733
0.011731
-0.000875
-0.000875
-0.000875
-0.013481
0.011731
-0.013481
0.011731
0.011730
-0.000875
-0.013480
-0.013481
0.024336
-0.051304
-0.000875
0.011734
-0.000875
-0.013485
0.011734
-0.000875
-0.013485
-0.000875
-0.000875
-0.000875
0.011734
-0.000875
-0.000875
-0.000875
-0.000875
-0.000875
-0.000875
-0.000875
-0.000875
-0.013485
0.011734
-0.000875
-0.000875
0.011733
-0.013483
0.011733
-0.000875
-0.000875
-0.000875
-0.000875
0.011731
END
