y[]
0.003413
-0.070035
0.015658
-0.008832
0.064624
0.027887
-0.045541
-0.045564
0.003413
0.015660
-0.008834
0.052391
-0.033318
0.089098
-0.021061
0.015651
-0.008825
0.052355
0.027875
0.052319
0.015636
0.003413
-0.008810
-0.008811
0.003413
0.052301
-0.008807
0.101129
-0.008796
-0.008798
-0.021013
0.027839
0.015624
-0.045439
-0.033242
-0.008808
0.003413
0.003413
-0.045487
-0.021046
0.003413
0.015643
0.015642
-0.033277
-0.033291
0.015649
0.015648
0.003413
0.027878
0.003413
0.003413
-0.033286
-0.033300
0.027890
0.003413
0.015649
0.003413
0.003413
-0.008823
0.015649
0.027881
-0.021055
0.027881
-0.021055
-0.033300
-0.045558
-0.008834
0.015660
0.015658
-0.008832
0.015658
-0.008832
0.015658
-0.008832
-0.045582
-0.008840
0.052415
0.003413
0.003413
0.052391
-0.021073
0.027899
-0.008829
0.015655
0.052367
0.015648
0.003413
-0.057775
-0.045564
0.003413
0.027905
-0.008832
-0.033331
0.052403
-0.021079
-0.021085
0.052403
-0.008832
0.003413
-0.008834
0.027905
-0.045576
0.027911
0.003413
0.015660
0.003413
0.015658
0.052379
0.003413
0.003413
-0.008826
0.040126
-0.021061
0.003413
0.027887
0.015648
-0.033295
-0.033309
0.015655
0.027893
0.027887
0.015648
-0.033295
-0.057798
0.027902
-0.021076
0.003413
-0.021082
-0.033340
-0.021097
-0.045625
-0.021115
-0.021121
-0.008856
0.003413
0.015682
0.003413
-0.033399
-0.082534
0.064812
0.027962
0.003413
-0.033413
0.052511
0.040221
0.015679
0.015678
0.003413
0.003413
-0.021118
0.015679
0.076979
-0.156047
-0.119422
0.003413
0.040279
-0.070333
-0.107308
-0.033521
-0.058175
-0.045884
-0.021245
0.077368
0.101935
-0.095109
-0.045884
0.089668
-0.107499
0.028071
0.052711
0.052686
-0.119815
-0.082937
-0.045964
-0.008935
-0.095426
-0.021312
0.102276
0.065153
-0.008932
0.040443
-0.008929
-0.120089
0.052832
-0.033649
-0.070753
0.040503
-0.058411
-0.083204
-0.021349
0.052930
0.028163
-0.070854
0.028175
0.040544
-0.021339
0.102386
0.089934
0.040471
-0.021290
0.003413
0.052814
-0.045988
0.003413
-0.021297
-0.021303
-0.021309
-0.083162
0.003413
-0.021336
-0.008964
-0.058495
-0.021361
-0.033759
-0.120595
0.003413
0.077836
0.052998
0.028196
-0.008978
-0.046165
0.003413
-0.008985
-0.071010
0.053035
-0.033801
-0.021404
0.065444
-0.046209
-0.046233
-0.058679
0.015835
0.065498
-0.033833
-0.071121
0.090364
0.139898
0.040604
-0.046178
0.028212
-0.108229
0.015824
0.115041
0.040595
-0.083366
0.040613
-0.095818
-0.058656
0.115110
-0.046215
-0.046239
-0.021422
0.040664
0.053059
0.028227
-0.046221
-0.033829
-0.108395
0.115221
-0.058687
0.040678
-0.046276
-0.033870
0.015842
-0.046313
0.102841
-0.033861
-0.058741
0.015847
0.065560
-0.009013
0.140017
-0.008998
-0.033829
0.003413
-0.021422
0.065490
0.003413
-0.058664
0.028249
-0.009004
0.090299
-0.021404
0.003413
0.015822
0.102632
0.139678
-0.083280
-0.170198
0.040641
0.053029
0.028212
0.040599
0.040586
-0.083344
0.052998
0.003413
0.003413
-0.008981
0.003413
0.015807
-0.008981
0.015807
0.003413
0.040586
0.003413
0.015801
0.003413
0.015799
-0.021361
-0.008976
0.015802
0.065336
-0.008968
0.003413
0.003413
0.015795
0.003413
0.015793
0.028169
-0.008964
-0.021345
0.003413
-0.021352
0.028178
-0.033736
0.015798
-0.021358
0.015799
0.028181
0.015795
0.028172
-0.008965
0.040544
-0.046098
-0.008968
0.015795
0.003413
0.003413
0.015793
0.015792
-0.046110
0.003413
-0.008972
0.028181
-0.008970
0.003413
-0.021358
-0.021364
-0.033764
0.003413
-0.046178
0.015813
-0.008987
0.015813
0.028209
0.065375
0.003413
-0.021367
-0.008979
0.003413
-0.008981
0.028199
0.015804
0.003413
0.003413
-0.008978
-0.008979
-0.021376
0.003413
0.003413
0.028202
0.015805
-0.008979
-0.008981
0.003413
-0.008982
-0.008984
-0.008985
0.015812
0.003413
-0.033787
0.015815
-0.008988
0.003413
-0.021395
0.015818
0.015816
0.003413
0.065406
0.015807
0.003413
0.015805
0.015804
-0.008978
-0.008979
0.028196
-0.008978
-0.008979
-0.021376
0.015809
-0.008982
-0.021382
-0.008987
0.003413
-0.008988
0.003413
0.003413
0.015815
0.003413
-0.008988
0.003413
-0.021395
0.003413
0.003413
0.003413
0.040622
-0.033796
-0.008993
0.015819
-0.021401
0.015821
-0.008995
-0.008996
0.003413
-0.008998
-0.046245
0.053072
0.015824
-0.008998
-0.008999
0.003413
-0.021416
0.015829
0.003413
-0.009002
0.065475
0.015821
-0.021404
-0.046239
0.053066
0.015822
-0.008996
0.003413
0.003413
-0.008998
-0.021413
0.003413
0.003413
-0.021419
0.015830
0.028242
-0.009001
0.003413
0.015827
0.003413
0.053053
0.015819
-0.008993
-0.008995
0.015821
0.015819
-0.021401
0.003413
0.003413
0.003413
-0.021407
-0.021413
0.015827
0.015825
-0.008999
0.003413
0.003413
0.003413
0.003413
0.003413
0.003413
0.015825
-0.008999
0.015825
0.003413
0.028233
0.015821
0.040627
-0.033801
0.040627
0.040613
-0.021385
-0.021392
0.003413
-0.046215
0.040636
0.053022
0.028209
0.040595
0.003413
0.028193
0.003413
-0.021367
-0.008979
0.040586
0.003413
0.003413
0.003413
0.052955
-0.021355
-0.058533
0.028196
-0.046159
-0.046184
0.065406
0.028199
0.040581
-0.033755
-0.021373
0.003413
-0.046178
0.003413
-0.170349
0.028255
-0.071130
0.053115
0.028255
-0.046276
0.065521
-0.021425
0.003413
0.028252
-0.046270
0.028258
0.003413
0.053084
-0.009002
0.053066
0.015822
-0.008996
-0.008998
0.028233
-0.033819
0.003413
0.003413
0.015825
-0.021413
0.003413
0.015827
-0.046252
-0.033852
0.053096
-0.058695
0.003413
-0.009013
0.015839
0.015838
0.015836
0.015835
0.028252
0.003413
-0.009005
-0.033852
0.040678
0.015832
-0.009005
0.003413
-0.009007
0.015833
0.003413
0.003413
-0.009007
0.040669
0.015829
0.003413
0.015827
0.040646
0.053035
0.028215
0.028209
0.052986
0.003413
0.028190
-0.021364
0.040576
-0.021361
0.015801
-0.021364
0.077726
-0.033736
0.164294
-0.021321
0.052875
0.003413
-0.008950
-0.070798
0.003413
0.015786
-0.021333
-0.008962
-0.058487
0.015796
0.040553
0.065283
0.015782
-0.033700
-0.033713
-0.008965
-0.095670
0.015804
0.003413
0.028190
0.065329
0.028169
-0.046104
0.015795
0.003413
0.052924
0.028159
-0.145157
0.028190
-0.070936
-0.008984
-0.058595
0.102607
-0.033773
-0.058595
0.015818
0.028218
0.040609
-0.021382
0.003413
0.052998
-0.108187
0.040627
0.028215
0.028209
-0.033782
0.053004
0.077753
-0.046141
-0.021373
-0.008982
0.015809
0.028199
0.028193
-0.008976
-0.095756
0.127360
0.102460
-0.256794
-0.008995
0.065436
-0.008988
0.102583
0.040576
0.040563
-0.120472
-0.008984
-0.071001
-0.033815
0.077855
0.226406
0.077634
-0.008953
0.077588
-0.058395
0.040503
-0.058411
-0.070826
-0.008965
-0.070890
0.028187
-0.207361
0.015824
-0.145618
0.102792
-0.095966
-0.021447
-0.257992
0.053257
-0.009046
0.040785
-0.021500
0.065683
-0.146101
-0.071428
-0.096462
0.090809
-0.034033
-0.059028
-0.096574
-0.071643
0.003413
-0.109277
0.040991
0.040977
0.028448
-0.096762
0.091072
-0.109305
-0.109432
-0.034230
-0.034245
0.066168
0.066129
-0.046756
-0.109560
-0.046838
0.078781
0.066176
-0.034240
0.041066
0.153883
0.066042
0.028454
-0.146925
-0.034207
0.091171
0.078573
0.028454
0.003413
-0.071728
-0.096863
-0.096963
-0.046813
-0.009147
-0.021713
-0.122310
-0.034335
-0.084720
0.167028
0.028561
0.015985
0.041118
0.053664
-0.097115
-0.021735
0.078837
0.066223
0.078733
END
