y[]
0.000314
0.000314
-0.013283
0.000314
0.000314
-0.013285
0.000314
0.000314
-0.054100
-0.026904
-0.013298
-0.013300
-0.026919
0.000314
-0.026927
-0.013309
0.027558
0.000314
-0.040555
0.000314
0.027562
0.027555
0.000314
0.000314
0.013931
0.013930
0.000314
-0.040538
0.000314
0.054780
0.054751
-0.067736
0.013928
0.000314
-0.013300
-0.013302
0.027543
0.013926
0.000314
0.013924
-0.026908
-0.013300
0.027540
0.000314
0.000314
-0.013298
-0.040533
0.041161
0.013926
-0.026912
0.027540
-0.040527
0.027543
0.000314
0.000314
-0.013300
-0.026919
-0.026927
0.041172
-0.054167
0.000314
0.013937
0.013935
0.013933
-0.026927
-0.013309
0.013937
0.013935
-0.013307
0.013935
0.000314
0.000314
0.013933
-0.026927
0.013935
0.013933
-0.013305
-0.026930
0.000314
0.027558
0.000314
0.027551
-0.026923
0.027551
-0.013304
0.000314
0.027547
-0.013302
-0.026923
0.041166
0.027540
0.013924
0.013922
-0.013294
0.000314
-0.026908
0.013926
0.000314
0.013924
-0.026908
0.027536
0.000314
-0.026908
-0.054152
0.013933
0.000314
-0.013305
0.013933
0.000314
0.000314
-0.013305
0.013933
-0.013305
0.027551
0.013930
-0.013302
0.041155
-0.013298
-0.013300
0.000314
0.000314
0.013928
0.000314
0.000314
0.000314
-0.026915
0.068374
-0.013294
-0.013296
-0.013298
0.000314
0.000314
0.013926
0.000314
0.000314
0.000314
0.000314
0.000314
0.013924
-0.026908
0.013926
0.000314
0.000314
-0.013298
0.013926
0.000314
0.000314
-0.013298
0.013926
-0.095008
0.027558
0.013933
-0.013305
0.027551
0.000314
0.013930
0.000314
0.000314
0.000314
0.000314
0.000314
0.027540
-0.013298
-0.013300
0.000314
0.000314
0.013928
0.000314
-0.013300
0.000314
-0.013302
-0.013304
0.013931
0.000314
0.000314
-0.013304
0.013931
-0.013304
-0.013305
0.000314
0.000314
0.000314
0.013933
-0.013305
0.000314
-0.013307
0.000314
0.000314
0.000314
0.000314
0.000314
0.000314
0.000314
0.000314
0.000314
0.013935
0.000314
0.000314
0.027551
-0.013304
0.000314
0.000314
-0.013305
0.013933
0.000314
0.013931
0.000314
0.000314
-0.013304
0.013931
0.000314
-0.026923
0.013933
-0.013305
-0.013307
0.013935
0.000314
0.013933
0.000314
0.000314
-0.013305
0.000314
0.000314
0.000314
0.000314
0.000314
-0.013307
0.013935
0.000314
0.000314
0.013933
-0.013305
0.000314
0.013933
-0.013305
0.013933
0.000314
0.000314
0.013931
-0.013304
0.000314
0.000314
0.000314
0.000314
0.000314
0.000314
0.000314
0.013931
-0.013304
0.000314
-0.013305
0.000314
0.000314
0.013933
0.013931
0.000314
0.000314
0.000314
-0.013304
0.013931
-0.013304
0.013931
-0.013304
0.013931
-0.013304
0.013931
-0.013304
0.013931
0.000314
-0.013304
0.000314
0.013931
0.000314
0.000314
0.013930
-0.026919
0.000314
0.013931
-0.013304
0.000314
0.013931
0.000314
-0.013304
0.000314
0.013931
-0.013304
0.000314
0.000314
-0.013305
0.013933
0.000314
0.000314
0.000314
-0.013305
0.000314
0.000314
0.013933
0.013931
0.000314
-0.013304
0.013931
0.013930
0.013928
0.000314
0.000314
0.000314
-0.013300
0.000314
0.000314
0.013928
-0.013300
0.000314
0.000314
0.000314
0.000314
0.013928
-0.013300
0.000314
0.013928
-0.013300
0.000314
0.000314
0.000314
0.000314
0.013928
-0.013300
0.000314
0.000314
0.000314
0.000314
0.000314
0.000314
0.013928
0.000314
0.000314
0.000314
0.000314
-0.013300
0.013928
-0.040533
-0.013305
0.000314
0.000314
0.013933
0.013931
0.013930
0.013928
0.000314
0.000314
-0.013300
0.013928
-0.013300
0.013928
-0.013300
0.000314
0.000314
0.000314
-0.013302
0.000314
-0.013304
0.013931
0.013930
0.000314
0.000314
-0.013302
0.000314
0.013930
-0.013302
-0.013304
-0.026927
0.000314
0.000314
0.013935
0.000314
0.013933
0.000314
0.000314
0.000314
0.000314
0.027547
-0.013302
0.000314
0.000314
0.000314
0.000314
0.013930
0.000314
0.000314
-0.013302
0.027543
0.000314
0.000314
0.000314
0.000314
0.000314
0.000314
0.000314
-0.026915
0.013930
0.000314
0.013928
0.041144
0.000314
0.027525
0.000314
-0.013291
0.013918
0.000314
-0.013291
0.000314
0.000314
0.013918
-0.013291
-0.013292
0.013920
0.013918
0.041116
0.000314
-0.013285
0.013913
-0.026886
0.000314
0.000314
-0.013289
-0.013291
0.000314
0.000314
-0.026901
-0.013296
0.013924
0.000314
0.000314
0.013922
-0.013294
0.013922
0.013920
-0.013292
0.000314
0.000314
0.000314
0.013920
0.000314
0.013918
0.000314
0.000314
-0.026897
0.027525
-0.026897
-0.040516
0.000314
-0.013300
0.041150
-0.026908
0.013926
0.000314
-0.013298
0.000314
0.000314
0.000314
0.013926
-0.013298
0.013926
0.000314
0.000314
0.000314
0.013924
-0.040522
0.013928
-0.013300
0.000314
0.000314
-0.026919
0.000314
0.000314
0.013931
0.000314
0.027543
-0.026915
0.054765
-0.026908
-0.040533
-0.013305
0.000314
0.000314
-0.040555
-0.013313
0.027566
0.027558
-0.040555
0.027562
0.000314
0.013935
-0.013307
0.000314
0.013935
0.013933
-0.026927
-0.040561
-0.026945
-0.013318
0.041205
0.013941
0.013939
0.000314
-0.013311
0.013939
-0.013311
-0.026941
0.027569
0.000314
0.013939
0.027558
-0.026930
0.013937
0.027555
0.013931
0.000314
0.000314
0.013930
-0.026919
-0.013305
0.027551
-0.054167
-0.026938
0.013941
-0.013313
0.041189
-0.026934
0.013939
-0.013311
0.027562
0.000314
-0.026934
0.027562
-0.013309
0.000314
0.000314
-0.013311
-0.013313
0.000314
-0.026945
0.000314
0.000314
0.013944
0.013943
-0.026945
0.013944
-0.013316
0.013944
-0.040583
0.027581
0.000314
-0.013318
0.013946
-0.013318
0.027577
0.013943
0.013941
0.000314
-0.026941
0.000314
0.013943
-0.013315
-0.013316
0.013944
0.041194
-0.026938
-0.054212
0.013948
0.027577
0.000314
0.000314
0.013943
0.000314
0.013941
0.027562
-0.013309
0.000314
0.013937
0.000314
-0.013309
0.013937
-0.013309
0.013937
0.000314
0.000314
0.027555
0.013931
-0.013304
0.027547
-0.013302
0.000314
0.000314
0.013930
-0.026919
0.000314
0.013931
-0.026923
-0.026930
0.013937
-0.013309
0.000314
-0.013311
0.041183
-0.026930
0.013937
-0.026934
0.013939
-0.026938
0.000314
0.000314
0.000314
0.027566
-0.026938
0.013941
0.027562
0.013935
0.013933
-0.026927
-0.013309
-0.026938
0.013941
0.013939
0.000314
0.013937
0.013935
-0.013307
0.000314
0.000314
0.000314
0.000314
0.000314
0.000314
0.013935
-0.013307
0.013935
0.000314
0.000314
0.000314
-0.013307
0.000314
0.000314
0.000314
0.000314
-0.013309
0.000314
0.013937
0.000314
-0.013309
-0.013311
0.000314
0.013939
-0.013311
0.013939
-0.013311
0.013939
0.000314
0.000314
0.000314
0.013937
0.000314
0.000314
0.000314
0.013935
-0.013307
-0.013309
0.000314
0.000314
0.013937
-0.013309
0.013937
-0.013309
-0.013311
0.000314
0.000314
0.000314
0.013939
-0.013311
0.013939
-0.013311
0.000314
0.000314
0.000314
0.000314
0.000314
0.000314
0.000314
0.000314
0.000314
-0.013313
0.000314
0.000314
0.013941
-0.013313
0.013941
-0.013313
0.000314
0.013941
0.000314
-0.013313
0.000314
0.000314
0.000314
0.000314
0.000314
0.013941
-0.013313
0.000314
-0.013315
0.000314
0.000314
0.013943
0.000314
0.000314
0.013941
0.000314
-0.013313
0.000314
-0.013315
0.000314
0.027569
0.000314
-0.013313
0.000314
0.013941
0.000314
-0.013313
0.000314
0.000314
0.000314
0.000314
0.013941
0.013939
0.000314
0.000314
-0.013311
-0.013313
END
