y[]
-0.021323
0.026166
0.002421
0.073621
0.144669
-0.033122
-0.044989
0.097219
0.037948
-0.021261
-0.021267
0.002421
-0.033122
0.014270
-0.033130
-0.021287
-0.009435
-0.033155
-0.033168
0.026149
-0.021306
-0.009444
0.026152
-0.045045
-0.009449
0.014292
0.026157
0.002421
0.002421
-0.009446
0.014289
-0.021315
0.026157
0.014287
0.038011
0.026141
0.026135
-0.033151
0.014280
0.026135
-0.021292
0.002421
0.014279
-0.045017
0.014283
-0.056901
-0.033189
0.026163
0.038023
-0.033181
0.014290
-0.021317
-0.009450
0.002421
-0.009452
0.002421
0.002421
0.038036
-0.009449
0.014292
0.002421
-0.009449
0.002421
0.002421
-0.021323
0.014294
-0.009452
0.049905
-0.033189
-0.021326
-0.009454
0.038045
-0.009452
0.014294
0.038032
0.002421
0.002421
0.026155
0.038011
-0.009440
0.002421
0.002421
0.002421
0.026143
0.014280
0.014279
0.002421
0.002421
0.002421
0.014277
-0.021292
-0.021298
-0.021303
-0.009443
-0.009444
-0.033185
-0.033197
-0.056972
0.002421
0.026183
-0.009459
-0.033227
-0.092703
0.049995
-0.009470
0.026203
0.002421
-0.033253
0.014314
0.038091
0.038078
0.014304
-0.009461
0.026186
0.038057
0.061786
0.038023
0.049871
-0.080630
0.026157
0.002421
-0.128197
-0.080788
0.026203
-0.033253
-0.045164
-0.068999
-0.045220
0.061970
0.038134
0.002421
-0.057106
-0.057141
0.109609
0.061920
0.085661
-0.068922
-0.045169
0.002421
-0.009480
-0.092839
0.109583
-0.009480
0.038121
0.014318
-0.057078
-0.021388
-0.045215
-0.140623
-0.116939
0.050183
0.050160
-0.045317
-0.009517
-0.057291
0.026311
-0.045363
-0.009528
-0.057348
0.026333
0.002421
0.002421
0.074123
0.014367
0.014365
-0.033414
-0.033427
0.050217
0.097944
-0.009514
-0.021453
0.026296
0.026291
-0.009512
0.062077
0.026274
-0.033359
0.014350
-0.045300
0.002421
0.038215
-0.021439
-0.045317
-0.009517
0.002421
0.002421
0.026296
-0.069220
-0.009524
-0.009525
-0.021476
-0.045391
-0.021493
-0.021499
-0.057405
-0.021519
-0.009551
-0.057462
0.050331
0.050308
0.002421
0.014390
-0.021516
0.098138
-0.021499
-0.033470
0.002421
0.014387
-0.045448
-0.045471
0.062284
-0.081396
-0.021539
0.074286
0.002421
0.038335
0.014390
0.002421
0.062241
-0.081336
-0.033496
-0.045489
-0.009560
0.050337
0.014397
-0.105408
-0.069530
0.014417
-0.009574
-0.081587
0.014427
0.074424
0.026411
-0.057563
0.050412
-0.069573
0.014424
0.062413
-0.033569
-0.033582
-0.009583
0.098414
0.074355
-0.045529
0.062355
0.038365
-0.021539
-0.009561
-0.045523
-0.033552
-0.033565
-0.045581
0.038425
-0.009578
0.062406
0.002421
0.002421
-0.045563
0.038412
-0.009574
0.050395
0.026399
0.014408
-0.009565
0.014408
-0.009565
0.002421
-0.009567
0.026396
-0.009565
-0.009567
0.014410
-0.009567
0.002421
-0.009568
0.014411
0.026396
0.014407
0.026388
0.026382
-0.033522
0.014404
0.014402
0.002421
-0.009560
-0.009561
0.002421
0.002421
0.014404
0.002421
0.014402
0.002421
-0.009560
0.002421
0.014402
0.002421
0.002421
0.002421
0.002421
-0.021542
0.014404
-0.009561
-0.009563
0.014405
-0.009563
0.002421
-0.021551
0.002421
0.026394
0.014405
-0.009563
0.014405
0.002421
0.002421
0.002421
0.014404
-0.009561
0.014404
0.038360
-0.009557
0.014400
-0.009557
0.014400
0.002421
0.014398
-0.009555
0.014398
-0.009555
0.002421
0.002421
0.014398
-0.009555
0.002421
-0.009557
0.002421
-0.021539
0.026382
-0.009558
0.014401
-0.009558
0.002421
0.014401
-0.009558
-0.009560
0.014402
0.002421
-0.021542
0.002421
0.026385
0.038356
0.002421
-0.009555
-0.009557
0.026376
0.002421
0.002421
-0.009555
0.014398
0.002421
0.014397
-0.009554
0.014397
0.002421
0.002421
0.002421
-0.009554
0.014397
-0.009554
0.014397
-0.009554
0.002421
0.002421
0.002421
0.002421
0.002421
0.002421
0.002421
0.002421
0.014397
0.002421
-0.009554
0.038343
0.002421
0.026362
0.002421
-0.009548
0.014391
0.038322
0.002421
0.014385
0.002421
0.002421
-0.009542
0.014385
0.014384
-0.009541
0.002421
0.110032
-0.009530
0.002421
-0.009531
0.026325
-0.009530
-0.009531
0.014374
0.002421
0.002421
0.014372
0.002421
0.014371
-0.009528
0.002421
-0.009530
-0.009531
0.002421
-0.009532
-0.033449
0.002421
0.014380
-0.009537
0.014380
-0.021496
0.014381
-0.009538
0.002421
0.014381
0.014380
0.014378
0.002421
-0.009535
-0.021496
-0.009540
0.002421
0.002421
-0.009541
-0.009542
0.014385
-0.009542
-0.021511
-0.009547
-0.021519
0.002421
0.002421
-0.021525
0.002421
0.026368
0.014392
-0.009550
-0.021525
0.014395
-0.021528
-0.009555
0.002421
-0.021536
-0.021542
0.002421
0.002421
-0.009563
-0.009564
-0.009565
0.014408
-0.009565
0.002421
-0.009567
-0.021559
0.038390
0.014408
-0.021554
0.002421
0.038382
-0.009564
0.014407
-0.021551
0.050360
0.026382
0.014400
-0.045500
0.026385
0.014401
-0.009558
-0.069487
-0.021559
-0.165606
0.062463
0.002421
-0.033599
0.086450
0.134324
0.002421
0.038365
-0.033522
0.062320
0.086219
0.014387
0.062226
-0.081316
-0.009547
0.002421
-0.021519
0.062262
-0.009544
0.014387
-0.045448
-0.045471
-0.045494
0.062312
0.062277
0.038317
-0.009542
-0.009544
0.038313
-0.009541
0.014384
0.038300
-0.009537
0.002421
-0.033462
0.050263
0.014378
0.074132
-0.021476
-0.045391
-0.033453
0.050251
-0.033449
-0.009538
0.050251
-0.045408
0.038296
-0.069340
0.014385
-0.021508
0.014387
0.014385
-0.009542
0.074183
-0.009535
-0.009537
-0.009538
0.002421
0.038296
-0.009535
-0.033457
-0.033470
-0.021513
-0.021519
0.014392
0.002421
0.002421
-0.033496
-0.021531
0.014398
0.002421
0.014397
-0.033509
0.062298
-0.009551
0.026365
0.014391
0.014390
-0.021516
0.002421
0.014391
0.014390
-0.021516
0.062255
0.050263
-0.021496
0.026339
-0.021496
0.002421
0.026339
-0.009537
0.002421
0.014380
-0.009537
0.038292
-0.009534
-0.033453
-0.033466
0.014385
-0.069383
0.062262
-0.009544
0.002421
-0.057427
0.074235
0.014385
-0.021508
0.002421
-0.009545
-0.021516
0.050291
0.002421
-0.021511
0.002421
-0.009547
0.026356
0.002421
-0.009545
0.014388
-0.009545
0.002421
0.014388
0.014387
0.038309
0.026339
-0.009537
0.086098
0.002421
-0.248820
-0.093456
-0.261716
-0.021626
-0.033660
0.002421
-0.129989
0.050591
0.074632
-0.093871
0.134800
-0.105875
-0.214525
0.050672
0.050649
0.086764
0.050585
-0.093929
0.110809
0.038525
-0.045719
-0.057787
0.038551
0.194891
-0.057686
0.182634
0.038425
-0.033582
-0.009583
-0.021591
0.014428
0.026431
-0.033595
-0.081668
-0.105797
-0.021643
0.014454
-0.057758
0.014460
0.086652
-0.009607
0.014450
-0.033669
-0.033682
0.074615
0.038499
0.038486
0.014440
-0.009597
0.014440
-0.021617
-0.045673
-0.069763
-0.021652
-0.021658
0.050574
-0.081860
0.026509
0.050579
-0.009616
0.002421
-0.069833
-0.021675
0.050608
0.026506
0.026500
-0.033699
-0.033712
0.038555
-0.045760
-0.057838
0.026529
-0.021687
-0.057874
-0.033773
0.086855
0.002421
0.002421
0.038586
0.050620
0.014467
-0.057823
-0.057859
-0.021701
-0.021707
-0.106228
0.062797
-0.021724
-0.021730
-0.118425
0.014513
0.026599
0.062841
-0.021742
0.002421
-0.009662
0.038669
0.014501
-0.057991
-0.021754
0.074929
-0.009660
-0.033830
-0.094314
0.087070
-0.033848
-0.118571
0.014527
-0.106584
-0.021818
0.002421
0.087234
0.002421
0.002421
0.038748
0.038734
0.050818
-0.045975
0.050818
-0.033874
-0.033887
-0.082350
0.014536
0.099285
0.075008
-0.021768
0.099145
END
