y[]
-0.025479
0.054493
0.027826
-0.012141
-0.105458
0.014517
0.001181
-0.052174
0.027861
0.014518
0.001181
-0.052181
0.001181
-0.038859
-0.132402
-0.052302
0.054664
-0.052302
0.054664
-0.079055
0.054678
-0.012191
0.054657
0.014545
-0.012184
0.041269
0.001181
-0.079012
0.041285
-0.052295
0.001181
-0.012193
-0.012195
-0.079108
0.027951
0.014563
-0.052360
0.014568
-0.038988
-0.025608
0.041360
0.081491
-0.025582
-0.025590
0.001181
0.027951
-0.012204
0.027947
0.014561
0.081427
0.027915
-0.025554
-0.025561
0.041290
0.041274
0.027901
0.001181
-0.025540
0.014542
0.041253
0.001181
0.027886
0.041226
-0.025515
-0.038875
0.027886
-0.038881
-0.052260
0.001181
0.027904
-0.052274
0.027911
0.054621
0.067941
-0.145751
0.027911
0.014543
-0.052281
-0.012189
0.054649
-0.065660
0.001181
0.001181
0.001181
-0.105857
-0.320622
0.108563
-0.065920
0.014604
-0.012243
-0.052532
-0.052561
-0.066037
0.135571
-0.012250
-0.025687
0.041479
-0.065992
-0.092937
-0.052641
0.028095
0.028088
-0.025726
-0.039194
0.202888
0.081750
-0.039096
0.095134
0.001181
-0.065920
0.014604
-0.321487
-0.187524
0.109055
-0.012297
-0.106709
-0.052808
-0.012321
0.001181
-0.079868
0.001181
0.095730
0.041675
0.055147
-0.025799
0.055133
-0.052771
-0.066300
-0.039330
-0.201618
0.014713
-0.080043
0.095935
-0.080032
-0.175007
-0.148144
-0.230033
0.341016
0.231611
0.150000
0.244227
-0.228348
0.176750
0.418605
-0.335316
0.122450
-0.066173
0.256884
-0.227575
-0.187600
0.041664
0.136006
-0.093178
-0.201317
-0.079933
0.095807
0.136206
-0.147358
-0.147579
-0.147800
0.231330
0.014702
-0.188290
0.190651
-0.052917
0.149880
0.122679
0.136006
-0.214627
-0.079868
-0.066410
-0.079988
-0.039429
-0.120746
-0.066621
0.150283
-0.202196
0.028321
0.041878
0.028303
-0.188830
-0.107559
-0.039627
0.245779
-0.039544
0.041905
-0.080286
0.082647
-0.093870
-0.066768
-0.202943
-0.066953
0.123788
0.001181
0.028406
-0.026045
0.042016
0.014789
-0.012428
-0.094129
-0.189711
0.083036
-0.107975
-0.190129
0.083215
-0.012487
-0.039834
0.042195
0.001181
0.206001
-0.162642
-0.135544
-0.217968
-0.094848
-0.163655
0.069895
-0.205104
0.083746
0.207295
-0.191180
0.056179
0.152269
-0.012545
0.193172
0.179129
0.001181
-0.067224
-0.080966
-0.273130
0.069829
-0.081203
0.275529
-0.012519
0.233818
0.110470
0.110351
-0.012459
-0.162642
0.028503
0.219491
0.137383
0.014791
0.082802
-0.121277
0.001181
0.001181
0.259526
-0.053152
0.069092
-0.039561
0.028343
0.191114
-0.053049
0.190857
-0.174935
-0.324774
0.164291
-0.134726
0.340601
0.190754
0.244391
0.041658
0.176395
0.081945
0.081880
-0.012265
-0.119909
-0.133536
0.149359
0.041555
-0.066119
-0.200989
0.014671
-0.106796
-0.066364
-0.106986
-0.093561
-0.052998
-0.012369
-0.053035
-0.012378
0.014739
-0.012378
0.028296
0.028288
-0.012372
0.014733
0.041828
0.041812
0.001181
-0.012361
-0.025909
0.014726
0.041806
0.041790
-0.039429
0.001181
0.001181
-0.039445
0.001181
0.001181
0.028266
-0.052998
0.014728
0.014726
-0.080120
-0.053057
-0.025949
-0.012387
0.014748
0.068991
0.014737
0.041839
0.123058
-0.039429
-0.080087
-0.012370
-0.066602
0.055411
0.055381
-0.025916
-0.039478
0.014735
0.014733
0.014732
0.014730
-0.012369
0.001181
0.041823
0.001181
0.068881
0.041779
0.041762
-0.012345
0.001181
0.014706
-0.093536
0.001181
0.122942
0.001181
-0.039390
-0.012347
-0.025879
0.014711
0.001181
0.001181
0.001181
0.014710
-0.025879
0.014711
0.001181
-0.012350
-0.012352
0.041773
-0.052947
0.014715
0.068826
-0.012345
0.014706
0.028226
-0.012341
-0.025868
0.028230
0.014702
-0.025865
0.001181
0.014704
-0.012343
0.014704
-0.025868
0.082306
0.001181
0.014695
0.001181
-0.025850
0.028211
-0.025850
0.014697
0.028208
0.001181
0.001181
0.014691
0.001181
0.014690
0.001181
0.001181
-0.066382
0.068744
0.028193
0.014684
-0.079868
0.028204
0.041702
0.001181
-0.025832
0.041696
-0.012323
0.014684
-0.025828
-0.025835
0.041702
-0.025832
0.028193
0.001181
-0.012325
-0.012327
0.001181
0.014688
0.028189
0.014682
0.028178
0.001181
0.014677
0.001181
-0.012316
-0.012317
-0.012319
0.028178
0.001181
0.014677
0.001181
0.014675
-0.012314
0.028168
-0.012312
0.001181
0.001181
0.001181
-0.012314
0.014675
-0.012314
0.001181
-0.039313
0.028178
0.014677
0.001181
-0.012316
0.001181
0.001181
0.014677
0.001181
-0.012316
-0.039319
-0.012323
0.001181
-0.052852
0.055213
0.028186
-0.012321
0.028182
0.001181
-0.025821
0.028182
-0.025821
-0.012323
-0.039341
0.014690
0.014688
-0.039346
-0.012332
0.001181
0.055220
-0.012327
0.014688
0.001181
-0.025835
0.068707
0.041675
0.055147
0.001181
-0.039292
-0.066309
-0.039335
0.014688
0.028189
0.001181
0.001181
0.014682
0.014680
0.028175
0.055147
0.014668
-0.012306
0.028153
-0.079758
-0.025814
0.055162
0.014671
0.041642
0.028146
0.001181
0.014660
0.068552
-0.133608
0.082076
-0.012297
0.028135
-0.120170
-0.133827
-0.012330
0.028200
0.014688
-0.106928
-0.079977
0.068817
0.176821
-0.093357
-0.025846
-0.052895
-0.079988
-0.080054
0.123008
0.001181
0.014708
-0.025876
0.109362
-0.052895
-0.012343
0.028226
0.014700
0.041729
0.082229
-0.052844
0.041702
-0.025832
-0.025839
-0.066401
-0.201838
0.028274
-0.025912
-0.107265
-0.012383
0.028307
-0.053079
-0.107427
-0.148347
0.082769
-0.012413
-0.066814
-0.094090
-0.094181
0.082924
-0.189659
-0.313135
-0.176914
0.028600
0.233946
-0.039856
-0.204257
0.110800
0.083316
0.014863
-0.053561
-0.245530
0.083485
-0.177232
0.014916
0.248094
0.192804
0.069529
0.096789
0.028481
-0.039772
-0.067111
-0.409554
-0.094901
0.193251
0.151835
-0.108363
-0.149639
0.097183
-0.053667
-0.081147
-0.232448
0.138675
0.028657
0.138449
-0.039980
0.042341
0.083451
-0.053659
0.097130
0.138092
-0.135731
0.151773
-0.053554
0.069594
-0.012498
-0.080932
-0.053599
0.014878
0.042262
0.055930
0.042223
0.137867
-0.012480
-0.026146
0.192307
-0.053390
-0.039767
0.042128
-0.108049
-0.053479
-0.012489
-0.039839
-0.053539
-0.176865
-0.190916
0.014914
0.042370
-0.081214
0.124748
0.042336
0.042319
0.042302
0.055983
-0.053621
0.097064
-0.108408
0.138148
0.260903
-0.108094
-0.067177
-0.163068
0.042268
0.042251
0.260903
0.382704
0.123505
-0.053167
-0.202887
-0.012439
0.422520
-0.066657
-0.039544
0.204639
-0.161553
-0.012393
-0.229845
0.082780
-0.134855
-0.312406
0.001181
0.884879
-0.446490
0.082724
0.014765
0.177607
-0.066639
0.163870
-0.147942
0.204474
0.285099
0.055169
0.149499
-0.295676
-0.079933
-0.134156
0.109464
-0.134192
0.177130
0.136316
-0.052852
0.136206
0.095590
0.082032
-0.079671
0.189733
0.068435
-0.119909
-0.106578
0.014657
0.068534
-0.052699
-0.228131
-0.066364
-0.174650
0.095897
-0.025872
-0.107103
0.136517
0.055264
-0.066428
0.203870
-0.228565
0.311887
0.001181
0.001181
-0.039292
-0.174388
0.014697
-0.093472
0.109347
0.055220
0.014686
-0.012325
0.176607
-0.025788
0.162884
0.041566
0.175994
-0.066019
0.081815
-0.052568
0.041495
-0.025694
0.068353
0.041463
0.175549
0.014581
-0.092659
0.068218
-0.039037
0.148565
0.027954
0.027947
-0.079141
-0.079205
-0.213498
0.014612
-0.160110
0.122173
0.014615
0.148842
0.054821
-0.132976
-0.160045
0.068389
-0.187118
0.068471
0.149060
-0.012254
0.108606
-0.092811
0.014613
-0.079443
-0.012263
END
