y[]
0.011458
0.023584
0.011453
0.011452
-0.024924
-0.000673
-0.012801
0.011455
-0.024930
-0.000673
0.011456
0.011455
-0.024930
0.011456
0.011455
-0.012801
0.035706
-0.000673
0.011450
-0.000673
-0.000673
-0.000673
0.011449
-0.012795
-0.012797
-0.000673
-0.012798
-0.000673
-0.000673
-0.012800
-0.000673
-0.000673
-0.012801
-0.000673
-0.000673
-0.000673
-0.024933
-0.012805
-0.000673
0.023590
-0.012804
0.059966
-0.012798
-0.000673
-0.000673
-0.012800
-0.000673
0.023578
0.035693
-0.024916
0.011449
0.011447
0.035679
0.035666
0.023546
0.011434
-0.024889
-0.000673
0.035649
0.011431
-0.024883
0.011433
-0.024886
-0.000673
-0.000673
-0.012782
-0.024895
-0.012786
-0.024904
0.011443
0.011441
0.023552
-0.000673
0.011437
0.011436
-0.012782
-0.049123
-0.024907
0.023560
-0.049146
0.011447
0.011446
-0.024913
0.011447
0.023563
0.108319
0.059827
-0.012770
-0.012772
-0.036977
0.059827
-0.012770
-0.012772
-0.036977
-0.000673
-0.036991
-0.049117
0.011440
0.059870
-0.049105
-0.024898
0.023552
-0.024898
0.035662
-0.024895
-0.000673
0.011438
0.023546
0.011434
0.023537
-0.036991
-0.012782
-0.024895
0.011438
0.035653
-0.000673
0.096132
0.108121
0.035565
0.107963
0.071686
0.071633
-0.085036
0.011383
0.059586
-0.072989
0.083690
0.059542
-0.072936
-0.072989
0.023438
-0.036842
-0.012732
-0.012734
-0.024799
0.035513
-0.000673
-0.060990
0.011393
-0.012740
0.023458
-0.000673
0.035513
-0.024796
-0.012737
-0.048942
-0.012744
-0.048971
-0.000673
0.035552
0.047607
0.011393
0.023455
0.011389
-0.048930
-0.000673
-0.024810
0.035530
-0.012740
-0.024810
0.011396
-0.012742
0.035530
-0.061020
-0.036899
-0.000673
-0.000673
-0.000673
-0.061078
0.047653
0.011405
-0.048994
0.011409
-0.012756
0.011409
0.023487
-0.012753
-0.000673
0.011406
-0.036916
-0.000673
0.059724
0.011402
0.059680
-0.024810
-0.000673
-0.036890
-0.000673
0.023473
-0.000673
-0.000673
-0.036894
0.047618
-0.012744
-0.000673
-0.024819
0.023473
0.011398
-0.012744
0.011398
-0.036890
-0.012748
0.023476
-0.024822
0.047618
0.071721
-0.012735
-0.012737
-0.036872
-0.000673
0.047589
-0.012737
0.047572
-0.181712
0.047636
0.023473
0.083791
-0.060998
-0.097268
-0.000673
0.047636
0.035543
0.023464
0.023458
0.083740
-0.024784
-0.085107
-0.024810
-0.024816
0.035539
-0.061034
0.047618
0.059659
-0.085148
-0.012747
-0.206149
0.120246
-0.012759
0.011412
0.011411
-0.085291
-0.158011
0.120378
0.011424
0.023516
-0.000673
-0.000673
0.011419
0.023508
0.023502
0.011412
-0.012759
-0.000673
0.047659
-0.036920
-0.000673
0.023493
-0.000673
-0.049012
-0.061129
-0.000673
0.011421
0.035600
-0.036947
-0.012767
0.023514
-0.109560
0.071931
0.035609
-0.036955
-0.049070
0.035627
-0.036973
-0.000673
-0.061202
0.035649
0.035635
0.023525
-0.012772
-0.049082
0.011431
-0.036991
-0.049117
-0.000673
-0.000673
-0.012788
-0.049146
-0.000673
-0.061298
0.072072
-0.061290
0.059944
-0.012794
0.035684
0.011443
0.059885
-0.000673
-0.024892
0.023546
-0.024892
0.047759
-0.049105
0.023546
0.023540
0.011431
0.047729
-0.049076
-0.012778
-0.073330
-0.037021
-0.085537
0.011455
-0.024930
0.035710
0.035697
0.011447
-0.000673
-0.024916
-0.024922
0.011452
-0.049182
0.011456
0.047829
-0.012797
-0.000673
-0.012798
0.096285
-0.037021
0.047788
-0.000673
-0.024901
0.023555
0.059870
-0.012779
0.011433
0.011431
-0.000673
-0.012778
0.011431
0.059827
-0.012770
-0.012772
-0.012773
0.023525
-0.036973
-0.061202
0.108253
-0.012770
0.035613
0.071861
0.011411
0.011409
0.023487
-0.049000
0.035574
0.023484
0.071764
-0.000673
-0.024813
-0.000673
0.023467
-0.000673
-0.012742
0.011396
-0.000673
0.011395
-0.012741
0.011395
-0.000673
-0.012741
-0.000673
-0.000673
-0.000673
0.011395
-0.000673
-0.012741
-0.012742
0.011396
-0.024813
-0.000673
-0.000673
-0.012745
-0.000673
-0.000673
-0.012747
0.011400
-0.000673
0.023470
-0.012744
-0.000673
0.011398
-0.000673
-0.012744
-0.000673
-0.012745
-0.000673
-0.012747
-0.000673
-0.012748
-0.000673
-0.012750
0.011403
-0.000673
0.011402
-0.012748
0.011402
-0.012748
0.011402
-0.012748
-0.000673
-0.000673
0.011402
-0.000673
-0.000673
-0.000673
-0.048982
0.011406
-0.000673
-0.012753
0.011406
-0.024834
-0.000673
0.011408
-0.000673
-0.000673
-0.000673
-0.000673
-0.012754
-0.024839
0.011411
-0.000673
-0.000673
-0.000673
-0.012757
-0.012759
-0.012760
-0.000673
0.011414
-0.024848
0.011415
-0.012761
-0.000673
-0.000673
0.011415
-0.000673
0.011414
-0.000673
-0.024848
0.011415
-0.000673
0.011414
-0.012760
0.011414
-0.000673
0.011412
0.011411
-0.024842
-0.012760
-0.000673
-0.000673
-0.000673
-0.024851
0.023505
-0.012761
0.011415
-0.000673
-0.000673
0.011414
-0.000673
-0.000673
0.011412
-0.000673
-0.024845
0.023499
-0.000673
0.023493
0.011408
0.011406
-0.012753
-0.012754
-0.024839
0.023493
-0.012756
0.023490
-0.000673
0.011406
-0.012753
0.011406
-0.012753
-0.000673
0.011406
-0.012753
-0.012754
0.023487
0.011405
0.011403
-0.012750
-0.012751
-0.012753
-0.000673
-0.000673
-0.012754
-0.000673
-0.000673
0.023487
-0.012753
-0.012754
0.011408
0.011406
-0.024834
0.023487
-0.024834
-0.000673
-0.000673
-0.000673
-0.012756
0.011409
-0.000673
-0.000673
-0.000673
-0.012756
0.023490
0.011406
-0.000673
-0.012753
0.023484
-0.000673
-0.000673
-0.012751
0.011405
-0.024831
-0.000673
0.011406
-0.000673
0.011405
-0.000673
-0.000673
-0.000673
-0.000673
-0.024831
-0.012754
-0.000673
-0.012756
0.011409
0.023487
-0.012753
0.035561
0.035548
0.023467
-0.012742
0.011396
0.023461
-0.012740
-0.000673
-0.012741
0.011395
-0.024810
-0.024816
-0.024822
-0.000673
0.047618
-0.048965
0.047618
0.011396
0.011395
-0.000673
-0.024810
-0.000673
0.035530
-0.000673
0.047578
0.011386
-0.073050
0.023458
0.023452
0.047560
0.059586
-0.024773
0.023426
-0.000673
-0.012722
0.035469
-0.024767
-0.000673
-0.000673
-0.036824
0.023429
-0.012724
-0.012725
-0.000673
0.011379
-0.012725
0.023429
0.011376
0.023420
-0.024767
-0.000673
-0.000673
-0.036824
0.023429
-0.012724
-0.036833
0.023435
-0.000673
-0.024781
-0.060969
0.047566
0.011383
-0.012729
0.011383
-0.060969
-0.036868
0.059644
-0.048924
0.011392
-0.012738
0.011392
-0.024804
0.011393
0.035517
-0.000673
-0.000673
-0.000673
-0.000673
0.011387
-0.000673
-0.000673
-0.012734
0.035504
-0.000673
0.011383
-0.012729
-0.000673
-0.012731
0.047549
-0.048895
-0.000673
0.011384
0.023438
-0.000673
-0.036842
0.023441
0.023435
-0.000673
-0.000673
0.023429
-0.012724
-0.024778
-0.000673
-0.000673
0.011380
-0.012726
0.011380
0.011379
-0.000673
0.023426
-0.012722
-0.060940
-0.012731
0.011384
-0.024790
0.011386
-0.000673
-0.000673
0.023441
0.011382
-0.000673
0.011380
-0.000673
0.011379
-0.000673
0.011377
0.011376
-0.036824
-0.012726
-0.012728
-0.012729
0.011383
-0.000673
-0.000673
-0.000673
-0.000673
0.011382
-0.012728
-0.012729
0.119823
0.011368
0.059513
0.011360
-0.024741
0.011361
-0.000673
-0.024743
-0.024749
0.023403
-0.000673
-0.060874
-0.012718
0.011371
-0.109127
-0.036850
0.023446
0.011384
0.011383
-0.000673
0.035487
0.047520
-0.048866
0.083649
-0.097047
0.011379
-0.000673
0.095689
-0.109087
-0.024781
0.011382
-0.048901
0.023444
-0.000673
-0.073041
-0.000673
0.035517
-0.000673
0.023446
-0.012732
-0.012734
-0.012735
-0.000673
-0.024802
-0.073093
-0.048982
0.035561
0.035548
0.011398
-0.073119
0.095910
-0.036881
END
