y[]
-0.010438
-0.010440
-0.070919
0.025846
-0.107276
-0.022572
-0.095296
0.050135
0.062223
-0.034689
0.013765
-0.071060
0.013772
-0.143910
0.013788
0.038056
0.013782
0.050164
-0.022604
-0.022610
-0.046888
-0.022628
0.013790
0.001650
0.013788
0.074448
0.050153
0.062245
0.037990
-0.058923
0.013768
-0.010467
-0.083214
0.001650
-0.059011
-0.059048
-0.095543
-0.046982
-0.132211
0.062518
0.025987
-0.132276
-0.010534
0.038198
0.050359
-0.083607
0.013834
0.074723
0.062503
-0.034857
-0.022696
-0.022702
-0.022707
-0.022713
0.026014
-0.047083
0.001650
0.013836
-0.010535
0.026020
0.026014
-0.010531
0.013831
0.038184
0.038171
0.171904
-0.022654
0.001650
0.013803
-0.010503
0.050253
0.038087
0.013793
0.001650
-0.010492
-0.022639
0.013796
0.013794
-0.022639
-0.010497
0.001650
0.025943
0.025937
-0.010492
0.025934
0.001650
-0.010491
0.013791
-0.010491
-0.010492
-0.010494
0.001650
-0.034791
0.001650
0.025946
0.001650
0.001650
0.013796
0.001650
-0.010495
-0.010497
0.013797
0.025940
0.001650
0.001650
0.001650
0.001650
0.013793
0.001650
0.001650
0.025931
0.001650
0.001650
0.013788
0.001650
0.001650
0.001650
0.001650
0.050188
0.013781
-0.034747
0.013784
0.013782
0.038038
0.001650
-0.022607
-0.010481
0.013781
0.001650
0.001650
-0.010481
-0.010482
0.025913
-0.010481
0.038038
0.013776
-0.010476
0.001650
0.001650
0.001650
-0.010478
0.001650
0.025904
-0.010476
0.001650
0.001650
0.013776
0.038020
-0.010472
-0.022598
0.013775
0.013774
0.001650
-0.010473
-0.010475
0.013775
0.001650
0.001650
-0.010475
0.001650
0.001650
0.013775
0.001650
0.001650
0.001650
0.001650
-0.010475
0.001650
0.013775
-0.010475
0.001650
0.001650
0.013775
-0.022601
0.013776
0.013775
0.001650
0.001650
0.013774
0.001650
0.001650
0.013772
0.013771
0.013769
0.001650
0.001650
0.013768
-0.010467
0.013768
0.001650
0.013766
-0.010466
-0.010467
0.001650
0.001650
0.001650
0.013768
0.013766
0.025878
0.001650
-0.022578
0.013765
-0.022581
0.025881
-0.010465
0.001650
-0.010466
0.013766
-0.010466
-0.010467
-0.034711
0.001650
0.001650
0.001650
0.013772
-0.034720
-0.010476
0.013776
0.001650
0.001650
-0.010476
0.038025
0.001650
0.025893
-0.010470
-0.010472
0.025893
-0.010470
0.001650
0.001650
0.001650
-0.010472
0.013772
0.001650
0.025890
0.025884
0.171121
-0.046741
-0.095202
0.001650
0.025872
0.025866
-0.010457
0.037968
0.001650
0.001650
-0.010454
-0.010456
-0.010457
0.013757
-0.010457
-0.034681
0.037981
0.001650
0.001650
0.025863
-0.010456
0.098456
-0.058842
0.025851
0.001650
-0.034654
0.013753
-0.034663
0.037963
-0.095214
-0.022581
0.013766
0.001650
0.037990
-0.022575
-0.046817
0.025887
-0.046829
0.025893
-0.046841
0.098608
-0.083183
-0.071121
0.038042
-0.083286
0.013788
0.038056
0.050170
-0.034738
-0.022616
0.013784
-0.022619
-0.022625
0.025925
-0.010487
0.050188
-0.059026
0.001650
0.025925
-0.010487
-0.010488
0.013788
-0.010488
0.013788
0.013787
0.038051
-0.034751
0.013785
-0.022622
-0.071201
-0.010497
0.062370
0.013790
0.013788
0.001650
-0.010488
0.038060
0.001650
0.001650
0.074430
-0.034733
-0.010481
0.001650
-0.022616
0.001650
0.025916
0.013781
0.025907
-0.010478
-0.022610
-0.022616
0.013784
-0.034755
0.013787
-0.010487
-0.034769
0.001650
0.038069
-0.034769
-0.022636
0.025937
-0.022636
0.001650
0.038078
-0.010491
0.013791
-0.046923
0.062363
0.050194
-0.010484
-0.034760
0.038060
0.001650
-0.034760
0.025925
-0.022625
0.001650
-0.010490
0.013790
0.025925
0.062311
0.001650
0.013778
-0.059004
0.025916
0.001650
0.013781
-0.022613
-0.022619
-0.010487
-0.010488
0.013788
-0.046911
0.074483
-0.034760
0.001650
-0.010490
0.086596
0.013779
-0.022610
0.013781
-0.010481
0.013781
-0.010481
-0.010482
-0.022619
0.013785
0.013784
0.062297
-0.034733
0.001650
0.074404
0.025890
0.037998
0.001650
0.001650
-0.034698
-0.046835
0.025895
-0.034720
-0.010476
0.110734
0.050094
0.062172
0.001650
-0.131546
-0.034707
0.062238
-0.071060
0.013772
0.001650
-0.216770
0.110920
-0.095473
0.001650
0.098773
-0.144069
-0.010503
-0.034817
0.013807
0.050265
0.001650
-0.132097
-0.071378
-0.095804
-0.095899
-0.095994
0.087094
-0.034960
0.013855
0.123616
-0.034924
-0.144781
-0.010562
-0.047214
-0.108381
-0.010583
0.075027
0.001650
-0.096197
0.123944
0.026091
0.050514
0.026073
0.038273
-0.059396
0.001650
-0.120554
0.026103
0.038318
-0.059471
0.099426
0.050502
-0.047202
0.111534
0.050448
0.026040
0.001650
-0.047136
-0.034955
0.001650
0.013853
0.013852
-0.071583
0.026067
0.074865
-0.034951
0.074839
-0.047136
-0.059366
-0.071619
-0.047226
0.038309
0.050508
-0.096090
0.050532
0.013867
0.013865
-0.047220
-0.059471
0.001650
0.001650
0.013877
0.074982
-0.132832
-0.084024
-0.084097
0.038408
0.013900
0.001650
-0.010600
0.026148
-0.022848
0.087366
0.087293
-0.047280
0.013885
0.001650
-0.022821
0.197249
0.013862
-0.083867
0.001650
-0.022797
0.050538
0.148170
-0.120435
-0.022785
0.074937
0.038273
0.050460
-0.071574
0.013858
0.038264
0.026052
0.001650
-0.022752
-0.034964
-0.022767
-0.010561
0.001650
-0.132767
0.013877
0.026100
0.038314
0.087146
0.026064
-0.034973
0.038273
0.038260
0.087021
-0.034929
0.111346
0.074714
0.025993
0.074643
-0.120034
0.038171
-0.156703
-0.169165
0.038278
-0.010558
-0.059411
0.013865
0.001650
0.050496
0.050472
-0.010553
0.013853
-0.034964
-0.022767
-0.022773
0.001650
0.001650
0.001650
0.013862
-0.010562
0.013862
-0.010562
-0.010564
-0.010565
-0.010567
-0.120599
-0.010583
-0.010585
-0.071789
0.026136
-0.096329
0.013903
0.026151
-0.071870
-0.010609
0.062928
-0.022857
0.038408
0.026148
0.026142
0.013894
-0.059583
0.050640
-0.022842
-0.047352
-0.035117
0.050670
0.001650
-0.022857
0.001650
-0.010606
0.001650
-0.022866
0.026166
0.026160
0.001650
0.001650
0.001650
-0.084161
-0.047418
0.026187
0.001650
0.001650
0.013916
0.001650
0.013915
0.050694
-0.010609
0.013909
0.038417
0.013903
0.001650
-0.035112
0.013906
0.026157
0.038399
0.038386
-0.010594
0.050616
-0.010589
0.013889
0.013888
0.001650
0.026121
0.001650
0.001650
-0.022821
0.001650
0.013886
0.013885
0.001650
0.001650
0.001650
-0.022821
-0.010588
0.001650
-0.010589
-0.010591
-0.010592
0.026133
0.001650
0.013889
-0.035072
0.026133
-0.010591
-0.010592
0.001650
0.026133
-0.010591
0.001650
0.001650
0.026130
0.026124
-0.022824
0.001650
0.001650
0.001650
0.013888
-0.022827
0.001650
0.001650
0.026127
0.001650
0.013886
0.075036
0.026100
0.001650
0.026094
0.026088
0.001650
0.001650
0.026082
0.001650
-0.010565
-0.035005
-0.010571
-0.010573
-0.022800
0.013876
0.001650
0.026097
0.026091
0.001650
0.050514
-0.022779
-0.010567
0.013867
0.026079
0.001650
0.001650
0.001650
0.001650
0.013862
0.013861
0.001650
-0.034987
0.026076
0.013861
0.001650
-0.034987
-0.010565
0.001650
-0.022785
0.026085
0.001650
-0.022785
0.013868
-0.010568
-0.010570
-0.010571
0.001650
0.001650
0.001650
-0.010573
0.013873
-0.022797
-0.010576
0.013876
0.038318
0.013870
-0.010570
-0.010571
0.001650
0.001650
0.013871
-0.010571
0.013871
0.013870
-0.010570
0.001650
0.001650
0.001650
-0.010571
-0.035022
-0.059501
-0.035058
0.001650
0.001650
-0.010589
0.001650
0.013889
0.026124
0.001650
0.001650
END
