y[]
0.015113
-0.078376
-0.000464
-0.031646
0.015128
-0.078449
0.046334
-0.109694
-0.000464
-0.031695
0.061987
0.015142
0.030742
-0.016066
0.077521
-0.125269
-0.000464
-0.141056
-0.031734
-0.047387
-0.047409
-0.094420
0.140436
-0.094376
-0.000464
-0.016125
0.077814
0.109022
-0.031734
-0.016103
-0.000464
0.030810
0.093300
0.030771
0.046371
0.124321
-0.078437
0.030732
-0.031661
-0.000464
-0.016066
0.202170
0.030674
0.015101
0.077327
0.030635
0.015082
0.077230
-0.031535
-0.078182
-0.016015
-0.016018
-0.093835
-0.047182
0.077387
-0.031597
-0.016035
-0.093937
0.093008
0.030674
0.092892
-0.047131
0.030650
-0.016020
-0.016022
-0.125017
-0.000464
-0.093980
-0.094068
0.124321
-0.047241
-0.078473
-0.016073
-0.000464
0.061958
-0.000464
0.015135
0.108664
-0.000464
-0.016047
-0.031636
0.061870
-0.031627
0.092994
-0.031607
-0.062779
-0.016049
0.030703
-0.000464
0.061841
-0.016037
0.061812
0.015099
-0.047160
0.061793
-0.078291
0.061802
-0.031593
0.046225
-0.000464
-0.000464
-0.000464
-0.000464
-0.031588
0.030659
0.077302
-0.016013
0.046174
-0.016008
0.030621
0.046145
0.015067
-0.078146
-0.047102
-0.047124
-0.031583
0.030654
-0.000464
0.030645
-0.016018
0.030640
-0.031568
-0.093835
0.015104
0.061783
-0.000464
-0.016022
-0.062721
0.015104
-0.031602
-0.140706
0.061890
-0.078413
0.077484
0.030698
0.077399
-0.047175
0.030679
0.046232
0.077314
0.092790
-0.078170
0.030625
-0.062653
-0.047131
-0.047153
-0.000464
-0.047175
-0.187526
-0.297363
0.124653
0.030791
-0.094258
0.030810
-0.016100
-0.047387
0.030820
-0.000464
-0.031748
-0.000464
-0.016110
-0.000464
-0.031763
-0.000464
0.015186
-0.031768
-0.000464
0.093418
-0.063042
-0.047424
-0.031783
-0.000464
-0.000464
0.281050
0.015152
-0.047321
0.030776
0.015152
-0.000464
-0.016081
0.015152
-0.016081
-0.000464
-0.016083
-0.000464
-0.047336
-0.000464
-0.000464
0.015162
-0.016090
0.015162
-0.000464
-0.016090
-0.016093
-0.063003
0.030810
-0.031739
-0.047394
-0.000464
-0.016112
0.015184
0.015182
-0.000464
0.015179
0.015177
-0.000464
-0.000464
0.015174
-0.000464
0.015172
0.015169
-0.016098
-0.000464
-0.016100
0.015172
-0.047380
-0.016108
-0.031758
-0.000464
-0.016115
-0.031773
-0.000464
-0.016122
0.015194
-0.000464
-0.031783
-0.031793
0.015201
-0.031797
0.015204
0.015201
-0.047468
-0.078853
0.046576
-0.000464
-0.078877
0.030908
0.015218
0.077912
0.030869
-0.016130
-0.000464
-0.047475
0.015209
0.015206
-0.000464
-0.016135
-0.000464
-0.031812
-0.016142
0.015213
-0.016142
0.015213
-0.078877
0.062271
-0.031827
0.015218
0.030894
-0.016142
-0.047512
0.062261
-0.031822
0.015216
0.015213
0.062222
0.030864
-0.031793
-0.016132
0.015204
0.015201
-0.000464
-0.047468
0.015206
-0.031807
0.046547
-0.000464
-0.000464
0.015201
0.015199
-0.000464
0.030854
-0.000464
-0.078779
-0.000464
0.015204
-0.000464
-0.016132
-0.016135
-0.000464
-0.016137
-0.047497
0.015216
0.077900
-0.000464
-0.000464
-0.016132
-0.000464
-0.000464
0.015204
-0.016132
0.015204
-0.016132
-0.016135
-0.016137
0.015209
0.046539
0.030859
-0.000464
0.015194
0.030844
-0.016117
0.015189
-0.016117
0.030840
-0.047424
-0.000464
0.015191
0.030840
-0.000464
-0.000464
-0.031768
0.015189
-0.047431
0.030849
0.015189
-0.000464
-0.000464
-0.016117
-0.000464
-0.016120
0.015191
0.015189
0.015186
0.015184
-0.000464
0.030825
-0.016108
-0.000464
0.046458
-0.016103
-0.016105
0.030815
0.046436
-0.000464
0.015164
-0.000464
0.015162
-0.016090
0.030786
-0.000464
0.015157
0.015155
0.030766
0.155542
-0.016054
0.015125
0.046290
0.046268
-0.000464
-0.016039
-0.000464
-0.016042
-0.031627
0.015118
-0.016047
0.170809
0.092834
-0.000464
-0.000464
-0.062653
0.015087
0.030630
0.030621
0.015075
-0.000464
0.015072
-0.000464
-0.047081
-0.031554
-0.000464
-0.031564
-0.000464
0.030635
-0.000464
0.092776
-0.047073
-0.031549
-0.047110
-0.078255
-0.031597
-0.062760
-0.047211
-0.078425
0.077496
-0.047233
-0.047255
0.030732
-0.047262
0.093110
-0.000464
-0.031646
-0.000464
-0.000464
0.046305
0.030703
-0.047219
-0.047241
-0.016061
0.030727
-0.031656
0.030727
0.030718
-0.000464
-0.031646
-0.031656
0.030727
0.030718
0.093023
0.092936
0.030650
0.046188
0.077242
-0.016001
-0.016003
-0.000464
-0.031549
0.030621
0.015075
-0.000464
-0.016003
-0.000464
0.030611
-0.000464
-0.016001
-0.062634
-0.031564
-0.000464
-0.031573
-0.000464
-0.031583
-0.016027
-0.000464
0.030659
-0.031588
-0.062740
0.108494
-0.016022
-0.016025
-0.000464
-0.000464
-0.031593
-0.016032
0.061793
-0.000464
-0.000464
-0.000464
-0.000464
-0.093864
0.015108
0.030674
-0.016032
0.108460
-0.016018
0.015089
-0.016018
0.015089
-0.016018
-0.016020
-0.031583
-0.016027
-0.016030
0.061783
-0.062711
0.030664
0.046210
0.015089
0.015087
0.015084
-0.062673
-0.031583
0.015096
-0.031588
0.015099
-0.016027
0.046217
-0.016022
-0.031588
-0.031597
0.015104
-0.047175
0.077375
0.015096
-0.062721
0.077351
0.030645
-0.000464
-0.047131
0.030650
0.015089
0.061725
-0.093762
0.061744
0.015082
-0.000464
0.216927
0.015046
-0.000464
-0.000464
-0.047001
0.108088
-0.077990
0.077061
0.046022
0.076965
-0.062403
0.247061
-0.000464
0.014986
-0.000464
0.014983
0.030424
-0.000464
-0.046800
-0.015914
-0.015917
-0.000464
0.014988
-0.031371
-0.093243
0.030472
0.045922
-0.000464
0.061350
-0.015914
-0.000464
-0.062288
-0.015926
0.045914
0.014991
0.061331
-0.031357
0.014983
0.045864
-0.000464
-0.031348
-0.000464
-0.015909
0.061302
0.014971
-0.108564
-0.062288
0.045907
0.045886
0.030424
-0.000464
-0.031352
0.045864
0.045843
-0.015898
-0.015900
-0.046786
0.030419
-0.000464
0.061274
-0.108531
-0.000464
-0.077726
-0.031386
0.030457
0.030448
-0.000464
0.014988
-0.015917
-0.015919
0.045893
-0.000464
-0.031367
-0.000464
-0.015919
-0.046843
0.045914
-0.015921
-0.046850
0.045922
-0.000464
-0.000464
-0.031386
0.061369
-0.000464
-0.000464
-0.031376
-0.046850
0.015000
-0.000464
-0.108765
-0.000464
-0.062403
0.030510
-0.046929
-0.046951
0.061513
-0.000464
-0.046943
0.061503
-0.015953
-0.108949
0.046044
-0.140053
0.015055
0.015053
0.092588
-0.000464
-0.093516
0.015050
0.015048
0.061561
0.015036
-0.015965
0.015036
0.046022
0.046001
0.015019
0.030496
-0.015943
-0.015945
-0.062413
-0.000464
-0.077954
0.030539
-0.077990
0.015046
-0.031486
-0.124649
0.030596
-0.031525
-0.093704
0.015082
-0.062663
0.015089
-0.031573
-0.000464
0.139450
-0.016001
-0.016003
-0.047095
-0.000464
-0.047117
-0.016020
-0.031583
-0.016027
-0.000464
-0.031597
-0.000464
0.030669
-0.016030
0.015101
-0.016030
0.015101
0.015099
-0.000464
-0.000464
0.015096
-0.000464
-0.016025
0.030654
-0.031583
0.015096
0.030650
0.015089
-0.016018
0.030640
-0.016015
-0.000464
-0.031573
-0.000464
-0.016022
-0.000464
0.015094
-0.031583
0.030654
0.015091
0.015089
-0.000464
0.015087
-0.000464
-0.000464
-0.000464
-0.016015
-0.016018
-0.000464
-0.000464
0.015089
-0.000464
0.015087
-0.000464
-0.000464
-0.016015
0.015087
-0.031568
0.015089
-0.000464
-0.000464
-0.000464
-0.000464
-0.016018
0.030640
-0.000464
0.015084
-0.000464
0.015082
-0.000464
-0.016010
0.015082
-0.016010
-0.000464
0.015082
-0.000464
0.030621
0.046145
0.030596
-0.031525
-0.015998
0.015070
-0.015998
0.015070
0.030596
-0.000464
0.046109
-0.015986
-0.031515
0.030587
-0.000464
-0.000464
-0.000464
-0.000464
-0.031515
0.015063
END
