y[]
-0.136801
-0.015566
0.078778
-0.002085
-0.109916
-0.029061
-0.123567
0.105907
0.146213
0.199786
0.051679
-0.203847
0.105573
-0.028988
0.011368
-0.055906
0.065188
-0.096278
-0.109843
0.105674
0.078658
0.011366
0.051701
-0.069321
0.011366
-0.123207
-0.433934
0.051999
0.213957
0.024888
-0.218067
0.024939
-0.056139
-0.015603
0.038464
-0.015599
-0.015601
-0.015603
-0.002085
0.011434
0.038459
-0.042628
0.078986
-0.042611
0.038442
0.065424
0.051889
-0.042562
0.024902
0.119266
0.051802
-0.029024
0.024855
-0.015553
-0.002085
0.011384
-0.042497
-0.015559
0.038333
-0.015555
-0.002085
-0.002085
-0.002085
0.011386
-0.002085
0.011384
-0.015553
0.011384
-0.002085
0.024848
0.011379
-0.002085
-0.029013
-0.015552
-0.015553
-0.029028
0.011388
-0.015557
-0.015559
-0.042519
0.038349
0.051802
-0.029024
0.011386
0.011384
-0.002085
-0.015553
0.011384
-0.002085
-0.015553
-0.002085
-0.002085
0.051780
0.105558
0.078571
-0.042404
-0.055870
-0.002085
0.011364
-0.028984
0.051708
0.011359
0.011357
-0.015526
-0.002085
0.011357
-0.002085
0.011355
-0.015525
0.024794
-0.055848
-0.015530
-0.015532
-0.015534
0.038257
-0.015530
0.038246
-0.002085
-0.028970
0.011359
-0.002085
-0.002085
-0.002085
-0.002085
0.105399
0.038192
0.024757
-0.028927
0.011337
0.011336
0.038165
-0.082600
-0.015510
-0.015512
-0.015514
-0.055819
-0.015523
-0.028966
0.011357
-0.028970
0.038241
-0.028966
0.024797
-0.015525
0.024794
-0.002085
-0.002085
-0.002085
0.065079
0.011343
-0.055805
-0.028955
0.011352
0.024783
0.091894
-0.042350
-0.096101
0.065079
-0.028945
0.011346
0.011345
-0.055812
-0.015521
-0.028963
-0.002085
0.024794
-0.015523
-0.028966
-0.082773
-0.042453
-0.055935
-0.029021
-0.002085
0.065242
-0.042475
-0.042491
-0.055986
-0.002085
-0.002085
0.024870
-0.029039
-0.015564
0.051824
0.051795
-0.002085
-0.015552
-0.002085
-0.002085
-0.042497
-0.082958
0.024881
-0.002085
-0.002085
0.051824
-0.029035
-0.002085
0.024866
-0.015559
-0.002085
-0.015561
-0.015563
-0.042529
0.038360
0.038344
-0.002085
-0.015559
-0.056000
-0.002085
-0.015568
-0.015570
0.024884
-0.015568
-0.150523
0.024921
0.051904
0.011408
0.011406
0.024891
-0.002085
0.078800
-0.015561
0.132596
-0.029006
-0.109843
0.024866
-0.029035
-0.056007
0.038360
-0.042529
0.011399
0.038355
-0.042524
0.078778
0.051787
-0.042486
-0.029028
0.092185
-0.002085
0.024833
0.024826
-0.069375
0.038295
0.024826
-0.109771
0.024848
0.011379
0.038295
-0.042464
-0.136801
0.011395
0.092223
0.065224
0.159271
0.065070
-0.042372
0.065052
0.132054
0.011319
-0.042302
0.024729
0.051520
-0.002085
0.011312
0.051484
0.011303
0.064827
0.118244
-0.042178
0.024646
0.078065
0.064658
-0.055475
-0.015437
-0.028794
0.011271
-0.002085
0.011269
0.011267
0.011266
0.037955
-0.015429
-0.015431
0.064631
-0.015424
-0.002085
0.011255
0.051256
-0.015417
-0.028755
-0.042103
0.024596
-0.002085
0.051256
-0.002085
0.011246
-0.015415
-0.015417
-0.055432
0.064595
-0.095449
0.037939
-0.028765
0.011257
-0.015426
-0.055468
0.051299
0.051270
-0.015421
0.037918
0.024575
-0.015413
-0.002085
0.144436
-0.015396
-0.028712
-0.015401
-0.082021
-0.015413
-0.002085
-0.082095
0.051263
-0.042093
0.011253
-0.002085
-0.002085
-0.055446
-0.082181
0.011269
0.037966
-0.068845
0.037977
0.024614
0.077969
0.037918
0.024575
0.011243
0.077841
-0.015401
-0.002085
-0.068694
0.037886
-0.002085
-0.028730
-0.002085
-0.015410
0.024564
0.024557
-0.122029
-0.082127
-0.055482
0.091342
-0.042114
-0.108908
0.037988
-0.002085
0.024621
0.011266
0.091317
-0.042103
0.104596
0.037891
-0.068720
-0.002085
-0.055425
0.064587
-0.015415
-0.002085
0.024575
-0.108765
-0.015428
0.077947
-0.068773
0.011257
-0.042114
-0.042130
-0.002085
-0.002085
0.011266
0.144651
0.077862
0.037865
-0.108652
-0.175499
-0.002085
0.011266
-0.002085
-0.015435
0.197982
-0.015410
0.064524
-0.082021
0.064533
0.170914
-0.028680
-0.002085
0.024511
0.051086
0.090895
-0.081776
-0.002085
0.024486
0.170455
0.011175
-0.108214
-0.041912
-0.081787
0.051057
0.011197
-0.041933
0.011200
0.077586
0.011188
-0.002085
0.011186
-0.041901
0.090797
0.143698
-0.015329
-0.002085
-0.015330
-0.055086
0.064163
-0.002085
-0.002085
0.024402
0.050868
0.011149
-0.015318
0.077291
0.024360
-0.002085
-0.015306
-0.121156
-0.028564
0.064101
0.011147
-0.015316
-0.200773
0.050938
-0.108157
-0.002085
-0.015352
0.037711
-0.002085
0.117208
-0.081597
0.090674
-0.041828
-0.121408
0.064224
-0.028603
-0.081681
-0.055184
0.104087
-0.028617
0.064233
-0.094941
-0.095028
-0.081819
-0.095188
0.077724
0.077660
-0.121726
0.051107
-0.055276
-0.068614
0.077745
-0.028687
0.117572
-0.028663
0.024493
-0.028663
-0.041965
-0.041981
-0.015387
-0.121885
0.011234
-0.082021
-0.002085
-0.228918
0.158086
-0.055446
0.024600
-0.055461
0.011262
0.091292
0.011248
0.051227
-0.028737
-0.042077
0.077883
0.157660
-0.108553
-0.002085
-0.068685
0.024561
-0.042055
-0.042071
-0.082106
0.011257
0.144553
0.037870
0.224024
-0.095126
0.037801
0.011207
0.024493
-0.068543
0.157342
-0.095052
-0.028663
0.051065
0.024479
0.143891
-0.134781
-0.028645
-0.081808
0.104199
-0.174854
-0.015387
-0.028694
-0.028702
-0.015396
0.011227
0.117636
-0.002085
0.024501
0.090908
0.024469
-0.095052
0.024486
0.051036
-0.002085
-0.055205
-0.028656
-0.002085
-0.002085
-0.041954
-0.015378
-0.002085
-0.015380
-0.002085
0.356267
-0.028585
0.037664
-0.015332
-0.002085
0.024409
-0.028578
0.077375
0.011153
0.050846
-0.028547
0.050832
-0.015311
-0.015313
0.011144
0.024367
0.037580
-0.041749
-0.002085
-0.015309
0.077239
0.050763
-0.002085
-0.041717
0.037548
0.011123
-0.028501
0.011125
-0.002085
-0.041717
-0.002085
0.037548
-0.054932
-0.041738
-0.028529
0.011139
-0.002085
-0.028533
0.011140
-0.041764
-0.015315
-0.002085
0.024374
-0.041775
-0.015318
0.011149
-0.002085
0.024377
-0.028547
-0.081513
0.024398
-0.002085
0.050860
0.037606
-0.002085
-0.028543
-0.002085
0.011146
0.011144
0.011142
0.024363
-0.015308
0.011139
-0.015308
0.011139
0.011137
-0.054981
-0.055009
-0.002085
0.050839
0.011142
-0.028540
-0.041780
0.011149
0.024377
-0.028547
-0.002085
0.011147
0.011146
0.011144
0.011142
-0.028540
-0.015315
-0.002085
-0.002085
-0.002085
-0.002085
-0.015316
-0.002085
0.011147
0.011146
-0.002085
-0.002085
-0.002085
-0.002085
-0.055016
0.037616
-0.028550
0.011149
0.011147
0.024374
-0.002085
0.011142
-0.041770
0.024374
0.011142
0.011140
-0.015309
-0.002085
-0.015311
0.024367
-0.041764
-0.028547
-0.015318
0.011149
-0.015318
0.011149
0.011147
0.011146
-0.002085
0.024370
-0.015311
0.011142
0.037585
0.011135
-0.015304
0.011135
-0.015304
0.011135
-0.002085
-0.002085
-0.002085
-0.015304
-0.002085
-0.002085
-0.002085
0.011135
-0.028526
0.011137
0.011135
-0.015304
0.011135
-0.015304
-0.002085
-0.002085
0.011135
-0.002085
-0.002085
-0.002085
-0.015304
-0.002085
0.011135
-0.002085
-0.002085
0.011133
-0.002085
-0.002085
-0.028522
-0.028529
-0.002085
0.050797
-0.028522
-0.015306
0.011137
-0.002085
-0.028529
0.011139
-0.002085
0.024356
-0.015304
0.011135
-0.015304
0.011135
-0.015304
-0.028529
0.011139
0.037574
-0.028522
-0.041754
-0.041770
-0.041785
0.024384
-0.041791
0.024388
-0.002085
0.011149
-0.015318
-0.041796
0.011154
-0.015323
0.011154
-0.015323
-0.028568
-0.094831
-0.015341
END
