y[]
0.024614
0.024607
-0.001276
-0.027160
0.063419
0.037521
-0.040074
0.011658
0.011656
0.037511
0.050417
0.037476
-0.014192
-0.001276
0.063286
-0.014185
0.050350
-0.001276
-0.001276
0.011626
-0.052896
0.011631
0.024533
-0.001276
-0.001276
0.050323
-0.001276
0.024513
-0.001276
0.011616
-0.014169
-0.027066
0.024513
-0.014170
-0.014172
-0.027073
0.037416
-0.001276
0.011618
-0.014170
0.011618
-0.027066
0.024513
-0.027066
-0.039974
-0.014179
0.024527
0.011623
-0.027076
-0.014179
0.024527
-0.039984
-0.001276
-0.001276
-0.001276
0.024530
-0.001276
0.024523
0.011621
-0.027073
0.024520
-0.001276
0.024513
-0.001276
0.011616
0.050277
-0.052829
0.011614
0.011613
-0.014165
-0.027060
0.024507
0.037386
-0.039939
0.024500
-0.052836
-0.001276
-0.039964
-0.001276
0.024517
-0.001276
-0.001276
-0.039969
0.011623
-0.014175
0.037416
-0.014172
-0.052876
-0.001276
-0.001276
-0.001276
0.024527
-0.001276
-0.014177
0.024523
0.011621
-0.014174
0.037411
-0.001276
-0.027066
-0.001276
0.011619
-0.027069
0.024517
0.011618
-0.014170
-0.027069
-0.001276
-0.001276
-0.001276
-0.014175
-0.014177
0.024523
0.011621
-0.001276
-0.001276
-0.001276
-0.001276
-0.001276
-0.001276
-0.001276
0.011619
-0.001276
-0.039969
-0.001276
0.011623
-0.001276
0.011621
-0.001276
-0.014174
0.011621
-0.001276
-0.001276
0.011619
-0.001276
-0.014172
-0.001276
0.011619
-0.001276
-0.001276
-0.001276
-0.014172
-0.001276
-0.001276
0.011619
-0.014172
-0.001276
-0.001276
-0.001276
-0.001276
0.011619
-0.014172
0.011619
-0.014172
0.011619
-0.001276
-0.001276
0.011618
-0.014170
0.011618
-0.014170
-0.001276
0.011618
-0.001276
0.011616
-0.014169
-0.001276
-0.014170
-0.001276
-0.001276
-0.001276
-0.001276
-0.001276
-0.001276
0.011618
0.011616
-0.014169
-0.014170
-0.001276
-0.001276
-0.014172
-0.001276
-0.001276
-0.001276
0.011619
-0.014172
-0.001276
-0.014174
0.011621
0.011619
-0.001276
0.011618
0.011616
-0.001276
0.011614
-0.001276
-0.001276
-0.001276
-0.001276
-0.001276
-0.014167
0.011614
-0.001276
-0.001276
-0.001276
0.011613
-0.001276
-0.027056
-0.001276
0.011614
-0.001276
-0.014167
-0.001276
0.011614
-0.001276
0.011613
-0.001276
-0.014165
0.024500
-0.014164
0.024497
-0.001276
-0.001276
0.011608
-0.001276
-0.001276
0.037366
-0.001276
-0.001276
-0.001276
-0.001276
-0.014155
-0.001276
-0.001276
-0.001276
0.011603
-0.014155
-0.001276
-0.001276
0.011603
0.011601
-0.014154
-0.001276
-0.001276
0.011601
-0.014154
0.011601
-0.014154
0.024477
-0.014152
-0.001276
0.011599
-0.014152
0.011599
-0.001276
-0.014152
-0.001276
-0.001276
-0.001276
0.011599
-0.001276
-0.014152
0.011599
-0.014152
-0.001276
-0.014154
-0.001276
-0.014155
0.011603
0.024477
-0.014152
-0.027033
-0.014157
0.011604
0.011603
-0.014155
-0.001276
-0.001276
-0.014157
0.011604
-0.001276
-0.001276
0.011603
-0.001276
-0.014155
-0.014157
0.024484
-0.001276
-0.027036
0.011604
0.011603
-0.001276
-0.039919
-0.014160
0.011608
-0.027046
0.037376
0.011604
-0.027040
-0.014160
0.011608
-0.001276
-0.001276
-0.014160
-0.001276
0.011608
0.011606
0.011604
-0.027040
-0.001276
-0.014160
0.011608
-0.014160
-0.001276
-0.014162
-0.014164
0.011611
0.024494
-0.014160
-0.027050
-0.001276
-0.014165
-0.001276
0.011613
-0.001276
-0.027056
0.011614
-0.014167
-0.027063
0.037401
-0.001276
0.011613
-0.027056
0.011614
-0.001276
-0.027060
-0.014170
-0.014172
0.037406
-0.014169
0.011616
-0.014169
-0.001276
0.011616
0.024503
-0.001276
-0.001276
-0.001276
0.011611
-0.014164
0.011611
-0.014164
0.011611
-0.001276
-0.014164
0.011611
-0.001276
-0.014164
0.011611
-0.001276
-0.001276
0.011609
-0.001276
-0.001276
-0.001276
-0.001276
0.011608
0.011606
-0.001276
-0.001276
-0.014159
-0.001276
0.024487
0.024480
-0.027033
0.024480
-0.027033
-0.014157
-0.001276
-0.001276
0.011604
-0.001276
-0.014157
-0.001276
-0.001276
-0.001276
-0.001276
-0.001276
0.011604
0.011603
-0.027036
-0.014159
-0.001276
-0.001276
-0.001276
-0.001276
-0.014160
-0.001276
-0.001276
0.024490
0.011604
-0.027040
-0.001276
-0.001276
-0.001276
-0.014160
-0.001276
-0.014162
0.011609
-0.001276
0.011608
-0.001276
-0.001276
-0.014160
-0.001276
-0.001276
0.011608
-0.027046
-0.014164
-0.027056
0.024503
0.011611
-0.027053
-0.001276
-0.014167
-0.014169
0.024507
-0.014167
-0.001276
-0.027063
-0.001276
0.024510
-0.001276
0.179043
0.011591
-0.027013
-0.027020
0.011596
-0.039899
-0.014154
-0.001276
0.088831
-0.001276
-0.027013
-0.014147
0.024464
-0.001276
-0.014146
-0.027020
-0.014151
0.024470
0.024464
-0.014146
0.011593
-0.014146
0.011593
0.037321
0.063020
-0.001276
-0.039849
-0.001276
0.011583
-0.001276
-0.001276
0.075844
-0.001276
0.011571
-0.001276
0.011570
-0.052670
-0.001276
-0.039839
0.024434
0.024427
0.011573
0.024417
-0.001276
-0.014122
-0.001276
-0.014124
0.011571
-0.026973
0.011573
0.024417
-0.001276
0.011568
0.011566
0.011565
-0.001276
0.037237
-0.026950
-0.014116
0.011563
-0.026957
-0.026963
0.011568
-0.014121
-0.001276
-0.014122
0.011570
0.011568
0.011566
-0.001276
-0.001276
0.024404
-0.039800
-0.001276
-0.001276
0.011566
-0.001276
-0.001276
-0.014119
-0.014121
0.011568
0.011566
-0.001276
-0.014119
-0.001276
0.024407
0.011563
-0.001276
0.011561
-0.001276
-0.014114
-0.001276
0.024398
-0.001276
-0.001276
-0.026950
-0.014116
-0.001276
0.011563
-0.014116
-0.026960
0.037247
-0.001276
-0.001276
0.024398
-0.001276
-0.001276
-0.026950
-0.014116
-0.014117
0.011565
-0.014117
0.011565
0.024401
0.011560
-0.014112
-0.001276
-0.014114
-0.001276
0.011561
-0.014114
0.011561
0.011560
-0.014112
-0.001276
-0.001276
0.011560
-0.001276
-0.039790
-0.001276
-0.001276
-0.014117
-0.001276
0.011565
-0.014117
-0.001276
-0.014119
-0.001276
-0.001276
-0.026967
0.037257
0.011565
-0.014117
-0.001276
0.011565
0.037237
-0.052631
0.024404
0.011561
-0.052637
-0.001276
0.024407
-0.065498
-0.026977
0.037272
0.024414
-0.014121
-0.014122
0.037257
0.062913
0.024388
0.050032
-0.014101
-0.014103
0.011550
-0.001276
-0.001276
-0.001276
-0.001276
-0.014103
0.011550
0.011548
-0.001276
-0.014101
-0.001276
-0.001276
0.011548
-0.014101
0.011548
-0.014101
0.011548
0.011547
-0.001276
-0.014099
-0.026927
-0.001276
-0.001276
-0.001276
-0.014104
0.011552
-0.001276
-0.001276
-0.001276
-0.001276
-0.014104
0.011552
-0.001276
-0.014104
-0.001276
-0.001276
-0.001276
-0.014106
-0.001276
-0.001276
-0.001276
-0.001276
-0.001276
-0.001276
-0.001276
-0.001276
-0.001276
0.011553
-0.001276
0.011552
-0.014104
-0.001276
-0.014106
-0.001276
0.011553
-0.014106
0.011553
-0.001276
-0.014106
-0.001276
0.011553
-0.001276
-0.014106
0.011553
-0.014106
0.011553
0.011552
-0.001276
-0.014104
0.024378
-0.001276
-0.014103
0.011550
0.011548
-0.014101
-0.014103
-0.001276
-0.014104
0.011552
0.011550
-0.001276
-0.001276
-0.014103
0.011550
-0.001276
-0.014103
-0.001276
-0.001276
-0.001276
-0.014104
0.011552
-0.001276
-0.014104
-0.001276
-0.001276
0.011552
-0.001276
-0.001276
-0.001276
-0.001276
0.011550
-0.001276
-0.014103
-0.001276
-0.001276
0.011550
-0.001276
0.011548
-0.014101
-0.001276
-0.001276
0.011548
-0.001276
-0.014101
0.011548
-0.001276
-0.001276
-0.001276
-0.001276
0.024368
-0.014098
-0.014099
0.011547
-0.014099
-0.014101
-0.001276
-0.001276
-0.001276
0.011548
-0.001276
-0.001276
-0.001276
-0.001276
0.011547
-0.001276
-0.001276
-0.014099
-0.001276
-0.014101
-0.001276
END
