y[]
0.010904
0.023068
-0.013432
-0.001266
-0.013433
-0.001266
0.010902
-0.001266
-0.013433
0.010902
-0.001266
0.010901
-0.013432
0.010901
0.010899
-0.013430
0.010899
-0.013430
0.010899
-0.001266
-0.013430
-0.013432
-0.001266
0.010901
-0.013432
-0.001266
0.035229
0.010896
-0.001266
-0.001266
0.023054
-0.001266
-0.001266
-0.013424
-0.013426
-0.001266
-0.013427
-0.013429
-0.001266
-0.001266
0.023059
-0.001266
0.047367
-0.001266
-0.001266
-0.025579
0.010892
-0.013423
0.023048
-0.013421
-0.013423
0.010892
-0.001266
-0.013423
-0.025585
0.010895
-0.025588
-0.001266
-0.013429
-0.013430
0.010899
0.010898
0.010896
-0.025591
-0.001266
0.010898
0.010896
-0.001266
0.010895
0.035206
-0.037738
0.023051
-0.025582
0.023051
-0.001266
0.010890
-0.013421
-0.025582
0.035206
0.023042
0.023036
0.023030
0.023024
-0.013410
-0.001266
0.023021
-0.001266
0.023015
-0.001266
0.023009
0.035136
0.010865
-0.013396
-0.001266
0.022995
-0.074063
-0.001266
0.010871
-0.025540
-0.025546
0.010876
-0.001266
0.023012
-0.013404
-0.013405
0.010874
-0.025546
-0.001266
0.010876
0.010874
-0.001266
0.023009
-0.025540
-0.001266
0.023009
-0.001266
0.023003
0.010867
-0.037667
0.023003
-0.025534
0.010870
-0.001266
0.010868
0.022997
-0.001266
-0.013396
-0.013398
-0.013399
-0.001266
0.010868
-0.001266
-0.001266
-0.037671
0.010871
-0.001266
-0.001266
-0.001266
0.010870
0.010868
-0.025534
0.010870
-0.001266
-0.001266
0.010868
-0.001266
0.010867
-0.013398
-0.001266
-0.001266
0.010867
0.010865
-0.001266
-0.001266
0.010864
-0.001266
-0.025526
-0.013398
-0.001266
0.010867
-0.001266
0.010865
-0.001266
0.010864
-0.061927
-0.001266
0.010870
0.023000
-0.001266
0.107858
-0.061875
-0.025520
-0.001266
0.010862
-0.025523
-0.001266
0.035118
0.010859
-0.001266
-0.001266
-0.098306
0.010870
-0.049815
0.035149
0.047266
-0.001266
0.010864
-0.049792
-0.025537
0.023006
0.010868
-0.049809
-0.013405
-0.013407
-0.001266
0.010876
0.071550
0.059374
-0.025517
0.035109
-0.001266
0.010856
-0.001266
-0.001266
-0.013388
0.047213
0.047190
-0.013377
-0.001266
0.010846
-0.025490
0.047178
0.010842
-0.013373
-0.001266
-0.001266
-0.013374
-0.001266
-0.013376
0.010845
-0.025487
-0.001266
0.010846
0.022953
-0.013374
-0.013376
-0.013377
-0.013379
-0.013380
0.022962
-0.001266
0.022956
0.022950
0.095540
-0.013361
-0.001266
0.022924
-0.001266
0.059183
0.010820
-0.001266
-0.025438
-0.049627
0.059183
-0.013352
-0.025444
0.010824
-0.049633
-0.001266
0.010829
-0.037552
0.010831
-0.013363
-0.013364
0.010833
0.022927
-0.001266
-0.013361
-0.025461
-0.013366
0.047125
-0.025458
-0.025464
-0.001266
-0.025470
0.010837
0.022936
-0.013366
0.010834
-0.013366
0.010834
0.035025
0.010829
0.010827
-0.001266
0.010826
0.010824
0.010823
-0.013354
-0.037539
-0.001266
-0.001266
-0.001266
-0.025455
-0.001266
-0.013363
0.010831
0.035017
-0.001266
-0.001266
0.010826
-0.013357
0.035004
-0.025444
0.010824
-0.001266
-0.049633
-0.001266
-0.013361
-0.037561
0.010834
-0.001266
0.010833
-0.013364
-0.001266
-0.001266
0.010833
0.010831
0.010830
-0.085965
-0.037587
-0.013376
-0.013377
0.047172
-0.001266
-0.001266
0.035047
-0.025473
0.010839
0.010837
0.010836
0.022933
-0.049668
0.010837
-0.013368
0.035039
0.010833
-0.025464
-0.013367
0.035034
-0.001266
0.119639
-0.049610
-0.049633
0.107529
-0.013348
0.010817
-0.061692
0.010823
0.022907
-0.025438
-0.001266
-0.013354
0.022909
0.022904
0.010817
-0.001266
-0.013348
-0.001266
-0.001266
0.022898
-0.122141
-0.073861
-0.025476
0.047149
0.022933
0.047114
0.010826
0.034999
0.034986
-0.097966
0.010827
-0.037548
0.022924
0.047096
-0.025444
-0.013357
0.022915
0.022909
0.022904
-0.001266
0.059132
0.071163
-0.001266
0.022866
0.022860
-0.013328
-0.013329
-0.037465
-0.013335
-0.025408
0.034947
-0.013335
-0.073712
0.010812
0.022886
0.034951
-0.049557
-0.073747
-0.013351
-0.013352
0.034990
0.034977
-0.001266
-0.037508
0.034977
-0.025426
0.034973
0.059103
-0.025408
-0.001266
-0.049569
-0.001266
0.010812
-0.013344
-0.049592
-0.025438
0.010821
-0.025441
0.022909
-0.013352
0.010821
0.022904
0.022898
0.022892
-0.013344
-0.025426
0.083270
0.010805
0.010804
-0.013335
-0.001266
-0.037482
0.047020
0.046997
-0.037460
-0.025403
0.022872
0.083168
-0.001266
-0.097767
0.034934
-0.013330
-0.013332
-0.013333
-0.025406
0.083199
-0.001266
0.010795
-0.025388
0.010796
0.010795
-0.049516
-0.001266
-0.025400
0.034934
0.022860
-0.001266
0.010795
0.034907
0.022842
-0.025374
-0.013322
0.022845
-0.013320
0.010789
0.010788
0.034886
0.046916
-0.025353
0.022822
-0.013309
-0.013310
-0.025359
-0.025365
-0.013317
0.095108
-0.025350
-0.025356
0.022825
-0.013310
-0.025359
0.022828
0.022822
0.010776
-0.025350
-0.013310
-0.013312
0.010780
-0.001266
-0.001266
0.010779
-0.001266
-0.001266
-0.001266
-0.001266
0.022819
-0.001266
0.010775
-0.025347
-0.001266
-0.013309
-0.001266
-0.013310
0.010779
-0.025356
-0.013313
-0.001266
-0.001266
-0.001266
0.022828
0.010779
-0.013310
-0.001266
-0.001266
-0.001266
-0.001266
-0.001266
0.010779
-0.001266
-0.013310
-0.001266
-0.001266
-0.001266
-0.001266
-0.001266
-0.001266
0.022822
-0.001266
-0.001266
-0.001266
-0.001266
-0.013309
-0.001266
-0.025356
-0.013313
0.010782
0.010780
-0.001266
-0.001266
-0.049458
0.010785
-0.037421
0.022840
-0.001266
-0.001266
-0.025371
0.022840
-0.013317
-0.013319
-0.001266
-0.001266
-0.013320
-0.001266
-0.013322
0.010791
-0.025379
-0.001266
0.010792
0.022845
-0.013320
0.022842
0.010786
0.010785
0.010783
-0.001266
-0.037417
-0.037430
0.010791
-0.013322
-0.013323
0.010792
0.010791
-0.001266
-0.013322
-0.037443
-0.001266
-0.013328
-0.013329
0.010798
-0.001266
-0.001266
-0.013329
-0.001266
-0.001266
0.010798
0.010796
0.022854
-0.013325
0.010794
-0.025385
0.010795
-0.025388
-0.001266
0.022857
-0.001266
0.010794
-0.001266
-0.001266
-0.001266
-0.001266
0.034903
-0.001266
-0.001266
-0.013320
-0.001266
-0.013322
-0.001266
-0.013323
-0.013325
-0.013326
-0.001266
0.010795
-0.001266
-0.001266
0.010794
-0.013325
-0.025388
-0.001266
0.010796
-0.001266
0.010795
-0.001266
-0.001266
0.010794
-0.001266
-0.001266
0.010792
-0.001266
0.010791
0.010789
0.034890
-0.013316
-0.001266
-0.013317
-0.001266
-0.013319
0.022840
-0.013317
0.022837
-0.013316
-0.013317
-0.037430
0.010791
-0.001266
-0.013322
0.022845
-0.049493
-0.001266
-0.013326
-0.001266
-0.013328
0.034916
-0.001266
-0.001266
-0.001266
-0.013325
-0.001266
-0.001266
0.059015
0.010786
-0.001266
0.022834
-0.013314
-0.001266
0.022831
-0.001266
0.010780
-0.025359
0.010782
-0.025362
-0.025368
-0.037430
-0.013323
-0.001266
-0.025385
-0.001266
-0.001266
0.010795
-0.001266
0.010794
-0.025385
0.010795
0.010794
-0.013325
-0.001266
-0.025388
-0.025394
0.010799
-0.061605
-0.037487
0.022883
0.047014
-0.025403
-0.001266
0.034938
-0.061612
-0.001266
-0.025414
-0.025420
-0.013345
-0.001266
0.059117
-0.025414
-0.013342
-0.037504
-0.013348
0.071207
-0.025417
0.022886
-0.049575
0.034969
-0.001266
0.022883
0.010807
0.010805
0.034938
-0.013332
0.010801
-0.001266
0.010799
-0.025397
-0.025403
-0.025408
-0.013339
-0.001266
0.022880
-0.025411
0.010808
0.022877
0.034938
-0.013332
-0.013333
-0.037478
-0.013339
0.022880
-0.001266
0.010805
-0.025408
0.034947
0.022869
0.022863
0.010796
-0.013328
-0.001266
0.046974
-0.001266
END
