y[]
0.011830
-0.047734
0.011835
-0.023913
0.035665
0.011832
-0.023907
-0.000081
0.035657
-0.000081
-0.119256
0.011843
-0.131322
-0.095637
-0.071808
-0.012040
-0.012042
-0.024007
0.047766
0.047743
-0.012035
0.035776
-0.095729
-0.000081
-0.083848
-0.071937
0.023877
0.071758
-0.000081
-0.012050
-0.000081
-0.000081
0.023857
0.083656
-0.047922
0.011882
0.059710
-0.047911
-0.107781
0.047800
0.023851
0.059724
-0.000081
0.011876
-0.012038
0.119422
-0.012025
0.035747
0.023797
0.011856
0.011855
-0.000081
-0.023953
0.035725
0.059567
-0.012008
0.011846
-0.023936
0.011847
-0.023939
-0.035878
-0.012016
0.023788
-0.023950
0.047652
-0.023944
0.011852
0.035708
0.095294
-0.023916
0.011837
-0.011999
0.011837
-0.011999
0.047584
-0.059665
0.035674
-0.011998
0.083307
-0.011989
-0.000081
-0.023902
-0.023907
-0.047751
-0.023924
0.011842
-0.012003
-0.000081
-0.023930
0.035691
-0.000081
-0.000081
0.083337
-0.047740
-0.000081
0.011836
-0.035836
0.035674
-0.023916
-0.000081
-0.047768
-0.023933
-0.012009
0.023774
-0.119413
0.011859
0.047663
0.011852
0.011850
-0.000081
-0.059750
-0.059786
0.023806
-0.000081
0.011860
0.011859
-0.000081
0.011857
0.023791
-0.047831
0.011859
0.071527
0.011849
-0.000081
0.035700
-0.000081
0.035687
-0.023924
-0.012005
-0.059722
0.023780
0.023774
0.023768
0.023763
-0.035848
-0.012006
0.011845
0.011843
0.035682
0.023754
-0.023916
-0.023922
-0.012003
-0.000081
0.023763
-0.000081
-0.035848
-0.000081
0.035687
-0.035848
-0.012006
0.047612
-0.012002
-0.012003
-0.012005
-0.000081
-0.023933
0.023771
0.011843
-0.023930
0.011845
-0.012006
-0.000081
-0.000081
-0.000081
-0.012008
-0.012009
0.023774
-0.000081
0.011845
-0.012006
-0.000081
-0.000081
-0.000081
0.011845
-0.000081
-0.000081
-0.023933
-0.047802
0.011852
-0.012013
0.011852
-0.000081
0.023780
-0.000081
-0.012010
-0.000081
-0.000081
-0.012012
0.011850
-0.000081
-0.000081
-0.000081
-0.000081
-0.000081
-0.012012
-0.012013
0.011852
-0.012013
-0.012015
-0.000081
-0.000081
0.023786
0.035708
0.011846
-0.012008
-0.012009
-0.000081
-0.000081
0.011847
0.011846
-0.000081
-0.012008
0.023771
-0.000081
-0.023933
0.023771
-0.012006
-0.000081
-0.012008
-0.000081
0.023771
-0.000081
-0.000081
-0.000081
0.011843
-0.000081
-0.012005
0.011843
-0.000081
-0.000081
-0.012005
-0.000081
0.011843
-0.012005
0.011843
-0.012005
-0.000081
-0.012006
0.011845
0.011843
-0.012005
-0.000081
-0.000081
-0.000081
-0.012006
0.023768
-0.012005
-0.000081
-0.000081
0.011843
-0.012005
-0.000081
0.011843
-0.012005
0.011843
-0.000081
-0.000081
-0.000081
-0.000081
-0.000081
-0.012005
0.011843
-0.012005
-0.000081
-0.000081
-0.000081
0.011843
0.011842
-0.000081
-0.000081
0.011840
-0.000081
-0.000081
-0.012002
0.023760
0.011837
0.011836
-0.011998
-0.000081
-0.011999
0.011837
-0.000081
0.011836
-0.000081
0.011835
-0.000081
-0.000081
-0.011996
-0.000081
-0.011998
0.011836
0.011835
-0.000081
-0.011996
0.011835
-0.000081
-0.011996
-0.011998
0.011836
-0.000081
0.011835
-0.023913
-0.000081
-0.000081
-0.011999
-0.000081
0.011837
-0.011999
0.011837
-0.011999
-0.000081
-0.012000
0.011839
-0.012000
-0.000081
-0.023924
-0.012005
0.011843
0.035682
-0.012000
-0.000081
0.035674
-0.011998
-0.011999
-0.000081
-0.023922
-0.000081
-0.012003
0.023763
0.023757
-0.000081
-0.000081
-0.011999
0.011837
-0.000081
0.011836
-0.000081
-0.011998
-0.000081
0.011836
0.011835
-0.000081
-0.011996
-0.000081
0.011835
-0.011996
0.011835
-0.035831
-0.000081
0.011837
-0.000081
0.011836
0.011835
0.011833
-0.023910
-0.000081
-0.011998
-0.000081
-0.000081
0.011836
0.011835
0.011833
-0.000081
-0.023910
0.023749
-0.035827
-0.035840
0.011840
-0.000081
-0.000081
0.011839
-0.012000
0.023757
0.011836
0.023749
-0.023910
0.023749
-0.011995
-0.011996
-0.000081
-0.023916
-0.000081
0.011837
0.011836
-0.000081
-0.011998
-0.000081
-0.023919
-0.023924
-0.000081
0.011842
-0.000081
-0.047779
0.023771
-0.000081
0.011843
-0.012005
-0.012006
0.023768
-0.012005
0.023766
-0.000081
-0.035853
0.011845
-0.000081
-0.000081
0.011843
-0.012005
0.011843
0.035682
-0.012000
0.035674
-0.000081
-0.000081
-0.023916
0.011837
-0.011999
0.011837
-0.011999
0.011837
-0.000081
-0.011999
-0.012000
-0.000081
0.023757
0.011836
-0.000081
0.035661
-0.000081
-0.000081
-0.011993
-0.000081
0.011832
-0.000081
-0.023907
-0.011996
0.023749
0.023743
0.011829
0.023734
-0.000081
-0.023896
-0.000081
-0.011991
-0.011992
0.011830
-0.000081
-0.023904
-0.000081
-0.000081
-0.000081
0.023743
-0.011992
-0.023907
0.023746
-0.000081
0.059461
0.011823
-0.011985
0.023726
-0.023887
-0.000081
-0.035801
-0.000081
-0.000081
0.059447
-0.035793
0.011825
0.011823
0.011822
0.011820
-0.000081
-0.000081
0.071297
0.023700
0.035580
-0.023854
-0.023859
-0.011972
-0.000081
-0.047660
-0.023879
-0.023885
-0.023890
0.011825
-0.011986
0.035631
-0.011983
0.047521
-0.023879
0.023717
-0.023879
0.071297
-0.071458
-0.023885
0.011822
-0.011983
-0.035797
0.035636
0.035623
-0.011981
-0.047694
-0.047717
-0.059658
-0.000081
-0.047768
-0.023933
0.142947
0.095157
-0.023882
0.023720
-0.035784
-0.035797
0.059439
0.023717
0.035606
-0.011975
-0.000081
-0.035772
-0.035784
0.011822
0.071305
-0.023870
0.023709
-0.011975
-0.011976
-0.000081
-0.011978
0.023712
0.023706
-0.000081
-0.023868
-0.011976
-0.059580
-0.011985
-0.035801
-0.035814
-0.071586
0.023760
0.023754
-0.011998
0.023751
0.011833
0.011832
-0.000081
0.047555
-0.000081
-0.000081
0.011825
-0.000081
-0.000081
0.011823
0.035623
0.011818
-0.035780
-0.000081
-0.011983
-0.000081
-0.000081
-0.059615
0.023737
-0.059637
0.011833
-0.023910
-0.023916
0.035670
0.011833
-0.000081
-0.000081
-0.023910
-0.047757
0.011840
-0.071629
-0.023941
-0.047819
-0.000081
0.035725
0.011852
-0.012013
0.035712
-0.000081
0.011847
0.011846
-0.059729
0.107260
-0.000081
-0.023924
0.023763
-0.000081
0.011839
-0.023922
0.035678
0.011836
-0.000081
-0.000081
0.011835
-0.000081
0.011833
0.059468
-0.000081
-0.000081
-0.000081
0.011825
-0.023893
0.011826
-0.000081
-0.023896
-0.011991
-0.000081
-0.000081
-0.023904
0.023743
-0.035818
0.023746
-0.023907
0.071382
0.059432
-0.035784
-0.011985
-0.047711
-0.000081
-0.059651
0.059489
0.011829
0.023734
-0.023896
0.035640
0.023726
-0.047700
-0.047723
-0.011995
0.071382
-0.000081
0.035631
-0.035793
0.023729
0.011822
-0.000081
-0.000081
-0.059608
0.023734
-0.000081
-0.023896
0.035640
-0.011986
-0.011988
0.023732
-0.000081
-0.000081
-0.000081
-0.011986
-0.000081
-0.000081
-0.011988
-0.000081
-0.000081
-0.000081
-0.000081
-0.000081
-0.000081
-0.000081
-0.000081
-0.000081
-0.011989
-0.000081
0.011828
-0.011989
-0.000081
0.011828
-0.000081
0.011826
-0.000081
0.011825
-0.000081
-0.011986
0.011825
-0.000081
-0.011986
-0.000081
-0.011988
0.011826
-0.000081
-0.000081
0.011825
-0.011986
-0.000081
-0.011988
0.011826
-0.000081
-0.000081
-0.000081
-0.000081
0.011825
-0.011986
-0.011988
-0.000081
-0.000081
0.011826
-0.011988
-0.000081
-0.000081
-0.000081
-0.000081
-0.000081
-0.000081
-0.000081
-0.011989
-0.000081
0.011828
0.011826
-0.000081
0.023729
-0.011985
-0.000081
0.023726
-0.011983
-0.000081
0.011822
-0.011983
-0.000081
0.011822
-0.011983
0.011822
-0.000081
-0.000081
-0.000081
-0.000081
0.011820
-0.011982
-0.000081
-0.000081
-0.011983
-0.011985
-0.000081
-0.000081
-0.000081
END
