y[]
0.047174
-0.049961
-0.037834
0.059334
0.035025
0.119907
0.010728
-0.049890
-0.001394
-0.049914
-0.025662
0.010742
-0.025665
0.047144
-0.062069
0.035016
-0.062084
0.022887
-0.001394
0.022881
-0.013530
0.047144
-0.062069
-0.159323
-0.013552
0.022923
-0.037870
-0.062217
0.047268
-0.001394
-0.025721
0.010771
0.022931
-0.001394
0.022926
-0.013552
-0.001394
-0.062210
0.035101
0.035087
-0.025713
0.071546
-0.025701
0.010761
-0.013548
-0.074351
-0.025724
-0.123137
0.010788
-0.001394
0.022964
-0.013572
0.022961
-0.013570
-0.001394
-0.037932
0.010788
0.010786
0.083822
0.010774
-0.001394
-0.013561
-0.001394
-0.001394
-0.050079
-0.062284
0.047322
0.010782
0.071626
0.022934
0.010768
-0.001394
-0.037883
0.022934
-0.037888
-0.062247
0.047292
-0.001394
0.035105
-0.001394
-0.001394
0.071564
-0.025707
-0.050038
-0.050061
0.010776
0.010774
0.035101
-0.013557
-0.025724
0.047262
-0.001394
0.010767
0.047233
0.010759
-0.025701
-0.037865
0.083687
0.010755
0.022899
-0.062136
0.047203
-0.062143
-0.013548
0.083656
-0.049984
0.010756
-0.013543
-0.001394
0.047197
0.047174
-0.013533
0.010746
0.047150
0.010739
-0.013526
-0.001394
-0.025662
0.022875
0.047127
0.010733
0.095564
-0.001394
0.010720
-0.025621
0.010721
-0.001394
-0.037742
0.034955
-0.122606
0.010734
-0.037781
-0.001394
0.022867
-0.025654
0.010737
-0.001394
-0.001394
0.010736
-0.001394
0.010734
-0.001394
-0.013521
-0.001394
-0.001394
-0.013523
-0.013524
-0.001394
-0.013526
0.022870
-0.025657
-0.001394
-0.013527
0.022872
0.010737
0.010736
-0.025654
-0.001394
-0.037795
-0.001394
-0.001394
0.010742
-0.001394
-0.001394
0.010740
-0.013527
-0.013529
-0.001394
0.010742
0.010740
-0.025662
0.022875
-0.001394
0.022870
0.010736
0.034986
-0.001394
0.010730
-0.013517
-0.025645
-0.001394
-0.013521
-0.001394
-0.013523
-0.013524
0.022867
0.010734
-0.013521
-0.001394
-0.001394
0.010734
-0.025651
-0.001394
-0.025657
0.034999
0.010734
-0.001394
0.059224
-0.013514
-0.013515
0.010728
-0.013515
-0.001394
-0.001394
0.010728
-0.025639
0.131883
-0.037724
-0.001394
-0.001394
-0.001394
-0.025621
0.047056
-0.013504
0.022825
-0.001394
-0.013502
0.010715
-0.025612
-0.001394
-0.013505
-0.013507
0.010720
-0.025621
-0.013510
0.022837
-0.025624
-0.025630
-0.001394
-0.001394
-0.001394
-0.001394
-0.001394
0.010726
-0.013513
-0.001394
-0.013514
-0.001394
0.010727
-0.001394
0.010726
-0.025633
-0.001394
-0.013515
-0.001394
0.010728
-0.001394
-0.025639
-0.001394
0.010730
-0.025642
0.010731
-0.001394
-0.001394
0.022852
0.010727
-0.001394
-0.013514
-0.001394
-0.013515
0.010728
0.022846
0.010724
0.010723
-0.061989
0.010728
0.010727
-0.001394
-0.001394
0.022843
0.010723
-0.001394
-0.025627
0.010724
-0.001394
-0.013511
-0.025633
0.010727
0.010726
-0.001394
-0.013513
-0.001394
-0.025636
0.010728
0.010727
0.010726
-0.001394
-0.013513
0.010726
-0.013513
0.022843
-0.025630
-0.013514
-0.001394
-0.001394
0.010727
-0.001394
-0.013514
0.010727
0.022843
0.010723
-0.001394
-0.001394
-0.013510
0.010723
0.022834
-0.001394
0.010718
-0.025618
-0.001394
0.010720
-0.001394
-0.025621
-0.025627
-0.025633
0.010727
-0.001394
-0.001394
-0.013514
0.022846
-0.001394
-0.013513
0.059187
-0.049855
0.010724
-0.013511
-0.013513
0.022843
-0.013511
-0.001394
0.034955
-0.037742
-0.001394
-0.013513
0.010726
0.010724
-0.013511
0.010724
-0.013511
-0.001394
-0.025633
-0.001394
-0.025639
0.071325
-0.037746
-0.013514
-0.001394
-0.025639
-0.013518
0.022855
0.047085
-0.001394
0.010723
0.010721
-0.001394
0.010720
-0.037737
0.047062
-0.001394
0.010717
-0.013504
0.010717
-0.013504
-0.001394
0.010717
-0.013504
-0.013505
-0.013507
-0.001394
-0.001394
-0.001394
0.047050
-0.001394
-0.013502
0.022823
-0.001394
-0.049831
0.034937
-0.037724
0.010718
0.022825
0.022820
-0.001394
0.059114
-0.049796
-0.025604
-0.001394
-0.013501
0.022820
0.022814
-0.025601
0.010711
-0.025604
0.022817
-0.013498
-0.001394
-0.013499
-0.025610
-0.013504
0.034933
-0.013501
-0.013502
0.010715
-0.001394
-0.025612
0.010717
-0.013504
-0.001394
-0.001394
-0.001394
0.010717
0.010715
-0.001394
-0.013502
-0.001394
-0.013504
0.022825
0.022820
-0.013499
-0.013501
-0.001394
-0.001394
-0.013502
0.010715
-0.001394
-0.001394
-0.025612
-0.001394
0.010717
0.010715
-0.001394
-0.001394
-0.001394
-0.037724
-0.013507
-0.001394
-0.025624
-0.001394
0.022837
-0.025624
-0.001394
-0.025630
-0.001394
-0.001394
0.034959
-0.037746
-0.001394
0.010726
-0.013513
-0.013514
0.034964
0.010723
-0.025627
0.010724
0.034950
0.010718
-0.013505
-0.001394
-0.013507
-0.001394
-0.001394
-0.086227
-0.001394
-0.074165
0.071378
0.034972
-0.062011
0.083460
0.022837
0.083368
0.071202
0.010701
0.022790
0.022784
-0.001394
-0.037663
-0.013486
-0.001394
0.010699
-0.025580
-0.001394
0.034884
0.046957
-0.001394
0.046933
0.083122
-0.013463
0.046875
-0.001394
-0.001394
0.022732
0.010667
0.082990
-0.049604
-0.049627
0.022726
-0.037575
-0.013457
-0.013458
-0.013460
-0.013461
0.046869
0.010668
-0.013456
-0.013457
0.046852
-0.025513
0.022726
-0.001394
-0.001394
-0.013453
0.022723
0.010663
0.058866
-0.013442
-0.025496
-0.001394
0.010658
0.058844
-0.049580
0.010655
-0.013442
-0.013444
-0.001394
-0.025499
-0.037562
0.010664
-0.001394
-0.049633
-0.013457
-0.001394
0.034792
-0.013454
0.022726
-0.037575
-0.001394
0.022729
-0.037580
0.034792
-0.025516
-0.013457
0.022732
-0.001394
-0.013456
-0.001394
-0.013457
-0.001394
-0.001394
0.022732
0.058895
0.010660
0.034758
-0.037545
-0.037558
0.058873
0.106995
-0.266550
-0.436808
0.107638
-0.049837
-0.074103
-0.207692
0.022899
0.144238
0.022858
0.143991
-0.049831
-0.158979
-0.086350
0.144202
0.095553
-0.049855
0.034955
0.047050
0.047027
0.095377
-0.013485
-0.013486
0.179843
0.071009
0.095062
-0.121977
0.070974
-0.025510
-0.073779
0.022741
0.107138
0.034758
0.106981
-0.073630
0.034731
0.082847
0.094795
0.046666
0.058649
-0.073448
-0.001394
0.094668
0.010608
0.034601
-0.001394
0.010602
-0.049384
0.022605
-0.001394
-0.037393
0.010608
-0.001394
-0.025397
-0.001394
-0.013398
-0.001394
-0.013399
-0.013400
-0.037423
0.022628
-0.013403
-0.049447
0.022636
0.022631
-0.001394
-0.001394
-0.025418
0.010619
-0.013406
0.010619
-0.013406
0.010619
-0.001394
-0.001394
-0.001394
-0.025420
-0.001394
0.010621
-0.013408
0.010621
-0.001394
-0.013408
-0.013409
-0.001394
-0.013411
-0.001394
0.010624
-0.013411
-0.013412
-0.001394
0.010625
-0.001394
-0.001394
-0.001394
0.010624
-0.025429
-0.001394
0.010625
-0.001394
0.010624
-0.013411
-0.001394
-0.001394
0.034653
-0.001394
0.034640
-0.037427
-0.013408
-0.001394
0.010621
-0.001394
0.010619
-0.013406
-0.013408
-0.013409
-0.001394
-0.001394
-0.001394
-0.001394
-0.013411
0.010624
0.010622
-0.001394
-0.013409
-0.001394
-0.001394
-0.001394
-0.001394
-0.001394
-0.001394
-0.001394
0.010622
-0.013409
0.010622
0.010621
-0.001394
0.034640
-0.025415
0.010618
-0.001394
-0.001394
-0.037432
-0.013409
-0.025429
-0.013413
-0.001394
0.022645
-0.025432
0.034662
-0.013411
0.010624
-0.001394
0.010622
-0.025426
-0.001394
-0.001394
-0.013412
-0.013413
-0.001394
-0.001394
-0.001394
-0.025438
-0.001394
-0.001394
-0.001394
0.010629
-0.025441
0.010631
-0.001394
-0.025444
0.046701
-0.013415
0.010628
-0.013415
-0.001394
-0.001394
-0.001394
0.010628
-0.001394
-0.013415
0.010628
END
