y[]
0.037271
0.000794
0.012950
0.073698
-0.035651
0.025093
0.000794
0.000794
0.012941
-0.059955
-0.011360
0.012949
0.000794
-0.011360
0.012949
0.000794
-0.011360
-0.011361
-0.011363
-0.011364
0.012953
0.025108
-0.084328
-0.047879
0.000794
0.000794
-0.023551
0.012968
-0.047909
0.025149
0.012969
-0.011381
0.025143
0.012966
-0.011378
0.025137
0.000794
-0.011376
0.025134
-0.011375
0.000794
0.000794
-0.011376
0.000794
0.000794
0.000794
0.025134
0.025128
0.012959
-0.035704
0.000794
-0.023545
0.025134
-0.011375
0.000794
0.000794
0.000794
-0.023548
0.012966
-0.023551
0.000794
0.000794
-0.011381
0.037315
-0.023551
0.012968
-0.023554
0.025143
-0.023554
-0.023560
0.012972
-0.011384
-0.035749
-0.011390
-0.011391
0.012980
-0.011391
0.012980
0.000794
-0.035766
0.000794
-0.023587
0.012986
0.049545
0.012978
-0.011390
0.012978
0.012977
0.012975
-0.023569
-0.011390
-0.035766
-0.035780
0.000794
-0.011400
0.012989
-0.011400
0.000794
0.025182
0.000794
-0.035789
-0.011403
0.025188
0.012989
-0.023596
-0.023602
-0.023608
0.025197
0.012993
-0.035807
0.012996
-0.011407
0.012996
0.012995
0.012993
0.012992
0.000794
0.025185
0.025179
0.000794
0.000794
-0.023590
0.012987
0.012986
0.000794
-0.011397
0.000794
-0.011399
-0.023596
0.000794
-0.035802
0.025194
0.000794
0.012992
0.037377
0.000794
0.012986
-0.011397
0.037364
0.012981
0.025164
0.012977
-0.011388
-0.011390
-0.011391
0.012980
0.000794
-0.011391
-0.011393
0.012981
0.037346
-0.011388
0.000794
-0.011390
0.025161
0.000794
-0.011388
-0.023575
0.012980
0.000794
0.000794
0.000794
0.012978
-0.011390
-0.011391
0.025164
-0.011390
0.000794
0.000794
0.000794
0.000794
0.000794
-0.035766
-0.047974
-0.035798
0.000794
0.025191
-0.011403
0.000794
0.012992
0.000794
0.012990
-0.023599
0.000794
0.012992
0.000794
0.037377
0.012986
0.025173
-0.011394
-0.011396
-0.023590
-0.011400
-0.035798
0.037386
0.025182
0.037364
0.037351
-0.011390
0.012978
-0.023575
0.025164
-0.035762
-0.023584
-0.035784
0.012989
-0.047992
0.012993
0.012992
-0.011403
-0.023605
-0.023611
0.000794
0.012998
-0.072448
0.049628
0.000794
0.074001
-0.109035
0.000794
-0.011416
-0.084723
0.013016
-0.048099
0.000794
0.025244
-0.060342
-0.121590
0.037525
0.013035
0.074207
-0.011437
-0.023673
-0.060401
0.037516
0.025268
0.025262
-0.023673
-0.023679
0.049736
-0.023673
0.013029
-0.048153
0.025271
-0.048165
0.000794
-0.011449
-0.109466
0.049814
-0.011458
0.013047
0.074279
-0.023694
0.000794
0.025283
0.013037
0.025274
0.013032
-0.048165
0.000794
0.000794
0.025277
-0.060424
0.037530
0.049754
-0.048165
0.049754
-0.048165
0.013037
-0.035937
-0.060454
0.000794
-0.011460
-0.072762
0.000794
0.000794
0.013058
-0.023733
0.049844
0.025310
-0.023721
0.013053
0.000794
-0.011464
0.049820
-0.023715
-0.011463
-0.035986
0.013056
0.000794
-0.011467
0.049832
0.013050
0.025301
0.025295
0.013043
0.037530
-0.035941
0.037530
0.000794
0.013037
-0.035937
0.037525
-0.035937
0.062005
0.013032
-0.023682
0.013034
0.025268
0.061953
-0.011434
-0.023667
-0.023673
-0.011442
-0.011443
0.013032
-0.023682
-0.060424
-0.023703
0.037539
0.000794
-0.060454
0.037548
0.025289
0.049766
0.000794
0.025271
-0.023682
-0.011446
-0.011448
0.025277
0.000794
-0.072672
-0.011455
0.000794
-0.011457
-0.060484
0.025310
0.013050
-0.023718
0.062065
0.000794
0.000794
0.049784
0.025280
-0.048183
-0.023703
0.025292
-0.035955
0.000794
0.062035
0.025280
0.025274
0.025268
-0.011442
0.025265
-0.097125
-0.097221
-0.011464
-0.035991
0.025319
0.025313
-0.011464
0.098822
0.110960
0.025259
0.159670
-0.035847
-0.084754
-0.035892
0.013025
-0.060371
0.000794
0.098642
-0.023659
0.013022
-0.011433
-0.060364
-0.084890
-0.023700
0.025289
0.000794
-0.035950
-0.048219
0.025304
-0.023715
0.013050
0.074297
0.062005
0.000794
0.000794
-0.072663
0.159884
-0.023664
-0.060379
0.025268
-0.048159
-0.023691
0.000794
0.037521
-0.060424
-0.060461
0.062050
0.013041
-0.023700
0.000794
0.062020
0.037512
-0.023682
-0.011446
-0.035937
-0.011452
-0.158549
0.000794
0.025325
0.013058
0.025316
-0.023727
0.025316
0.025310
0.062058
-0.048213
0.000794
-0.023718
-0.060514
0.000794
0.000794
0.013059
-0.023736
-0.011473
-0.011475
0.000794
0.049862
0.025319
-0.023730
-0.011470
0.086615
0.062050
-0.023703
-0.023709
-0.011460
-0.035977
0.013053
-0.011464
0.013053
0.013052
0.135524
-0.035932
-0.023697
-0.011454
0.000794
-0.023706
0.025295
-0.035959
0.025298
0.049784
-0.011451
0.025283
-0.048189
0.110974
0.025262
0.000794
0.000794
0.037485
-0.035896
0.000794
0.013026
0.086374
-0.035874
0.013019
-0.048111
-0.035901
0.000794
-0.097125
-0.023700
0.037534
0.000794
0.037521
-0.072672
-0.011455
0.013044
-0.023706
-0.011458
0.000794
-0.072753
0.000794
0.013056
0.000794
0.025313
-0.134134
-0.036036
0.074441
0.062125
0.049832
0.025304
0.013047
-0.060484
-0.011466
0.037570
0.013050
0.013049
0.000794
0.037548
0.013043
0.000794
0.025286
-0.011451
0.025283
-0.011449
0.000794
0.037521
-0.011446
0.013035
0.000794
-0.011446
0.000794
-0.011448
-0.023694
0.000794
0.013040
0.000794
0.013038
-0.011449
0.013038
0.000794
0.025277
0.000794
0.000794
0.000794
0.013034
-0.011445
-0.023688
0.013037
0.013035
-0.011446
0.013035
0.013034
-0.011445
0.013034
0.000794
0.013032
-0.011443
0.037503
0.000794
0.000794
-0.011440
-0.011442
0.000794
0.013031
0.000794
-0.035919
0.000794
0.037507
0.074180
-0.072591
0.037494
0.013025
-0.011436
0.037480
-0.011433
0.049694
-0.023653
0.025241
-0.048105
0.013022
-0.011433
0.025247
0.000794
-0.011431
-0.011433
-0.035896
-0.011439
-0.011440
0.013029
-0.060394
0.025274
0.013032
0.013031
-0.011442
0.013031
-0.023679
-0.011445
0.049742
0.000794
-0.011440
0.074180
-0.023662
0.013023
0.013022
0.025244
-0.011430
0.025241
-0.011428
0.037458
0.037445
-0.023638
-0.023644
0.025232
0.037440
0.013007
0.013005
0.013004
-0.023626
0.013005
-0.035842
0.013008
0.000794
0.025217
0.025211
0.037409
0.025197
-0.011406
-0.011407
0.000794
0.000794
0.012996
-0.023611
0.012998
0.000794
0.000794
0.000794
-0.023614
0.000794
0.012999
-0.011410
0.025202
0.000794
-0.011409
-0.023617
0.000794
-0.011413
0.013002
0.025205
0.025199
0.000794
0.000794
0.000794
0.000794
0.000794
0.000794
-0.035816
-0.011412
-0.011413
-0.023626
0.013005
0.000794
0.000794
-0.023629
0.013007
0.000794
0.000794
0.000794
-0.011418
0.013007
0.000794
-0.011418
-0.011419
0.013008
0.013007
-0.011418
0.000794
-0.023635
0.013010
-0.011421
0.000794
0.013010
-0.011421
-0.035860
-0.048099
0.025244
0.000794
0.013017
0.013016
-0.035874
-0.011431
0.013020
0.000794
0.025241
0.000794
0.000794
0.013016
0.037449
0.013010
0.013008
0.025217
-0.011416
0.000794
0.013005
0.000794
0.013004
0.000794
0.025208
-0.011412
-0.023623
-0.011416
0.013005
-0.011416
-0.023632
0.013008
0.013007
0.000794
0.013005
-0.072493
-0.023647
-0.060334
0.049700
0.049676
0.013011
0.000794
0.013010
0.037431
-0.048058
0.061856
0.013002
0.025205
-0.035825
0.025208
-0.060252
0.037427
-0.035838
-0.011419
0.025220
-0.011418
-0.048070
0.000794
-0.072546
0.025247
0.000794
-0.011431
-0.109304
-0.011446
0.025274
-0.072663
0.049772
0.049748
0.013029
0.013028
END
