y[]
-0.016119
0.028611
0.013698
-0.001208
0.013696
-0.031019
0.013698
-0.016115
-0.001208
-0.016117
-0.016119
0.013702
-0.016119
-0.001208
0.028611
-0.016117
0.013700
-0.001208
-0.001208
-0.001208
-0.001208
-0.016117
0.028607
-0.016115
0.013698
0.013696
0.013694
-0.031015
-0.016115
0.028602
-0.016113
-0.001208
-0.001208
-0.016115
0.013698
-0.001208
-0.016115
-0.001208
0.013698
-0.031024
-0.016119
0.028611
-0.016117
0.013700
-0.001208
-0.001208
0.013698
-0.001208
-0.001208
0.058395
-0.001208
0.028580
0.043458
-0.030984
0.013680
-0.001208
-0.016097
-0.001208
-0.016099
0.058342
-0.016093
-0.001208
-0.016095
-0.016097
-0.016099
-0.016102
-0.001208
0.013685
-0.001208
-0.001208
-0.001208
-0.016102
0.013685
0.073224
-0.016090
0.058307
0.028536
-0.001208
-0.030953
0.058271
-0.030944
0.058253
-0.045802
0.058245
0.043358
0.058183
-0.001208
0.013634
0.102626
0.028439
-0.016031
0.028434
-0.016029
-0.016031
-0.045689
-0.001208
0.043272
-0.001208
-0.001208
0.072882
0.028412
-0.016018
-0.030834
-0.001208
-0.001208
0.013605
-0.001208
-0.030838
-0.016027
-0.016029
-0.001208
-0.016031
0.013614
0.013612
0.028426
-0.001208
-0.016024
-0.030847
-0.001208
-0.016031
-0.016033
-0.060529
0.043285
-0.030869
-0.001208
0.043279
0.028439
-0.060512
-0.016040
0.028452
0.013618
-0.001208
0.013616
-0.045689
-0.016040
-0.001208
-0.030878
-0.016046
-0.045735
-0.030904
0.028487
0.013636
0.013634
-0.045742
0.013638
-0.016055
0.028483
0.013634
-0.016051
0.013634
-0.060591
-0.016060
-0.030917
-0.016066
0.028505
-0.001208
-0.001208
0.013645
0.058183
-0.016053
0.013636
-0.001208
-0.060600
0.013643
0.043332
0.028474
0.013629
-0.030886
0.013632
-0.001208
-0.016049
0.043305
-0.030882
0.043299
-0.001208
-0.016042
-0.001208
0.058112
-0.030864
0.013621
0.028443
0.013614
-0.001208
-0.030856
-0.016035
-0.030869
0.028452
-0.030869
-0.016042
-0.001208
-0.030882
-0.045735
-0.030904
0.013640
-0.001208
0.028483
-0.016053
0.013636
-0.001208
-0.030900
-0.016057
0.013640
-0.030908
0.043338
0.013636
0.013634
-0.045742
0.013638
0.043318
-0.149709
-0.120168
-0.045855
0.058315
-0.001208
0.013667
-0.045841
-0.001208
0.013671
-0.016088
-0.001208
-0.001208
-0.016090
0.013674
-0.001208
-0.001208
-0.001208
0.013671
-0.001208
-0.001208
0.013669
0.013667
-0.045841
-0.016090
0.043431
-0.030966
-0.001208
-0.001208
-0.001208
-0.001208
-0.001208
-0.001208
0.013671
-0.001208
-0.016088
-0.016090
-0.016093
-0.001208
0.028558
-0.030975
0.013676
-0.030979
0.013678
-0.001208
-0.001208
0.028558
-0.016090
-0.001208
0.013674
-0.016090
-0.001208
0.013674
-0.001208
-0.001208
-0.001208
-0.016090
0.013674
-0.001208
-0.016090
-0.001208
0.013674
-0.001208
-0.001208
-0.001208
0.013671
-0.001208
-0.030970
0.013674
0.013671
-0.001208
-0.001208
-0.001208
-0.016088
-0.001208
-0.016090
-0.001208
-0.030979
0.013678
-0.001208
0.013676
-0.001208
-0.016093
-0.001208
-0.030984
0.013680
-0.001208
-0.001208
-0.001208
-0.016097
0.028567
-0.001208
-0.016095
-0.001208
-0.001208
-0.016097
-0.030992
-0.016104
-0.105538
0.013702
-0.031032
-0.031041
0.013709
-0.001208
0.043531
-0.031032
-0.016124
0.013707
-0.001208
0.028616
0.028607
-0.031024
0.013700
0.028602
-0.001208
-0.001208
-0.001208
-0.016113
-0.001208
-0.001208
0.013696
-0.016113
-0.001208
0.013696
-0.016113
0.028598
-0.031015
-0.001208
-0.001208
-0.016115
-0.001208
-0.001208
-0.001208
-0.001208
-0.001208
-0.016117
0.028607
-0.016115
-0.016117
0.013700
-0.016117
0.013700
-0.031028
-0.001208
-0.001208
-0.016122
0.028616
0.013700
-0.031028
0.043518
-0.016115
-0.001208
-0.031028
0.013702
-0.031032
0.028616
0.013700
-0.031028
0.013702
-0.016119
0.013702
-0.016119
-0.001208
-0.016122
0.013705
0.013702
-0.001208
-0.001208
-0.016119
-0.016122
0.013705
-0.001208
-0.001208
0.013702
0.028607
-0.031024
0.013700
-0.001208
-0.016117
-0.001208
-0.016119
-0.001208
-0.001208
-0.031037
0.028620
-0.031037
-0.031046
0.013711
0.013709
-0.001208
-0.001208
0.013707
-0.001208
0.028616
0.013700
0.013698
-0.001208
-0.001208
0.028598
-0.001208
-0.001208
-0.016110
-0.001208
0.013694
-0.031015
-0.001208
-0.001208
0.028598
-0.001208
-0.016110
-0.001208
0.013694
0.013691
-0.001208
-0.001208
-0.001208
-0.031010
0.043491
0.028580
0.028571
-0.075674
0.013689
0.013687
0.013685
0.028571
-0.030988
-0.001208
-0.060794
0.013691
0.013689
0.028580
-0.016102
-0.016104
-0.001208
-0.031006
-0.001208
-0.001208
0.028589
0.028580
-0.030997
0.028580
-0.001208
-0.001208
-0.001208
-0.001208
-0.045895
-0.001208
-0.001208
-0.016108
-0.001208
0.013691
-0.016108
-0.001208
0.013691
0.013689
-0.016106
-0.016108
-0.001208
-0.001208
-0.016110
-0.016113
-0.016115
0.028602
0.028593
-0.031010
0.028593
-0.016108
-0.001208
0.013691
0.013689
-0.031006
0.028589
-0.016106
0.028585
-0.016104
-0.031006
0.028589
0.058360
0.013678
-0.045875
0.028571
-0.001208
0.013678
-0.016095
-0.001208
-0.001208
-0.001208
0.013678
-0.030984
-0.001208
0.013680
-0.016097
-0.001208
-0.001208
-0.016099
-0.001208
0.043458
0.013676
-0.001208
-0.016093
0.013676
-0.045868
-0.001208
0.043451
0.028553
0.102889
-0.016073
0.013656
-0.045808
-0.001208
-0.030953
0.013665
0.013663
0.013660
0.028523
-0.016073
-0.016075
-0.016077
-0.016079
0.013663
-0.016079
-0.016082
-0.001208
0.028536
-0.030953
-0.045841
0.043424
0.013665
-0.030957
-0.001208
-0.030966
-0.001208
-0.030975
0.028558
-0.001208
-0.075641
0.058342
-0.030979
-0.030988
0.013682
-0.001208
-0.016099
-0.001208
0.028571
-0.016097
-0.016099
-0.016102
-0.045901
-0.001208
-0.031015
0.013696
0.013694
0.013691
-0.001208
0.103028
0.117786
-0.105321
0.073169
-0.135127
0.058333
0.102904
-0.060688
-0.045841
0.043424
0.013665
-0.045835
0.028545
-0.001208
0.013665
0.028531
-0.001208
-0.030948
-0.045835
-0.030970
0.043431
-0.016086
0.028545
0.117715
0.013647
0.013645
-0.060635
0.028509
-0.001208
-0.016066
0.013649
-0.001208
-0.016066
0.043358
-0.016062
-0.060644
0.058227
0.058192
0.013636
-0.045749
0.013640
-0.001208
-0.001208
0.043325
-0.030895
-0.001208
-0.030904
-0.030913
-0.016064
-0.001208
-0.001208
-0.030926
0.013652
-0.001208
0.013649
-0.001208
-0.001208
0.043352
-0.030913
-0.045782
0.013652
0.028505
-0.030922
0.028505
0.013645
-0.030917
-0.030926
0.013652
0.028505
-0.030922
0.013649
-0.030926
-0.016071
-0.001208
0.043371
0.013647
0.013645
-0.016062
-0.001208
-0.016064
0.013647
0.028496
0.013640
-0.030908
-0.030917
-0.016066
-0.001208
0.013649
0.058200
-0.016057
0.013640
-0.016057
0.013640
-0.016057
0.013640
-0.001208
0.013638
-0.016055
0.013638
0.043318
0.028465
0.028456
-0.016040
0.013623
0.013621
-0.030869
-0.001208
0.013623
-0.001208
-0.001208
-0.045709
-0.001208
-0.016046
-0.001208
0.013629
-0.016046
-0.016049
0.028470
-0.016046
0.043299
-0.030878
0.013627
-0.001208
-0.001208
-0.001208
-0.016044
-0.001208
-0.016046
0.013629
0.028461
-0.001208
-0.001208
-0.016042
0.087760
-0.016031
-0.030860
0.013618
0.043259
-0.001208
0.028426
0.028417
-0.001208
0.043213
-0.001208
0.013594
0.057981
-0.016002
-0.001208
0.013586
-0.016002
-0.001208
0.013586
-0.016002
0.013586
-0.001208
-0.016002
0.013586
-0.001208
-0.001208
0.013583
-0.001208
-0.001208
-0.030794
0.057954
0.043141
0.013570
0.028342
-0.045538
0.028347
0.013566
-0.015983
0.013566
-0.015983
0.013566
-0.030759
END
