y[]
-0.013858
0.014553
-0.028066
0.000347
-0.013862
-0.028078
0.000347
0.014561
0.000347
-0.013866
-0.013868
0.042988
-0.028078
-0.013868
-0.028090
-0.013874
0.000347
0.028789
0.000347
-0.028094
0.000347
0.000347
0.028789
0.000347
-0.013872
0.000347
0.000347
-0.013874
0.028789
0.028781
0.000347
0.000347
0.000347
0.000347
0.000347
-0.013868
0.000347
0.014563
-0.013868
0.000347
0.014563
0.000347
-0.013868
0.000347
0.000347
0.000347
0.014563
0.000347
0.000347
0.000347
0.000347
-0.013868
0.014563
-0.013868
0.014563
0.000347
-0.013868
0.000347
0.000347
0.014563
-0.013868
0.014563
0.000347
0.000347
-0.013868
0.014563
-0.013868
0.014563
-0.013868
0.000347
-0.013870
0.014565
-0.042312
0.000347
0.028789
0.000347
0.000347
-0.013872
0.000347
0.000347
0.000347
0.000347
0.000347
0.000347
0.000347
0.014567
-0.013872
0.000347
-0.013874
0.000347
0.000347
-0.013876
0.014571
-0.028102
0.014573
-0.013878
-0.013880
0.014575
0.000347
0.000347
0.014573
0.014571
-0.013876
0.000347
0.000347
0.000347
0.000347
-0.013878
0.014573
0.000347
0.000347
0.014571
0.014569
-0.013874
0.000347
0.043006
0.000347
-0.028090
-0.028098
-0.070802
0.000347
0.043043
0.014575
0.000347
0.014573
0.000347
0.014571
0.000347
0.000347
-0.013876
0.043013
-0.013872
0.028785
-0.013870
-0.013872
0.014567
0.000347
-0.013872
0.014567
0.000347
0.000347
0.014565
0.000347
-0.013870
0.014565
-0.028090
-0.013874
0.000347
0.000347
0.014569
-0.013874
0.000347
0.014569
-0.028098
0.014571
-0.028102
-0.028110
0.014577
0.014575
0.000347
-0.028110
0.028805
-0.013880
-0.028114
0.000347
0.014579
-0.013884
0.000347
0.014579
0.000347
0.000347
0.014577
0.000347
0.000347
0.028801
-0.013878
0.000347
0.014573
0.000347
0.028793
0.014567
0.028781
0.000347
0.014561
-0.013866
0.000347
-0.028086
0.028781
0.000347
0.014561
0.000347
-0.013866
0.014561
-0.042300
0.042994
-0.028082
0.014563
0.000347
0.014561
-0.013866
0.000347
0.028773
0.000347
-0.013864
0.014559
0.014557
0.000347
0.000347
0.028760
0.000347
0.000347
0.028752
0.014547
-0.013852
0.000347
0.000347
0.000347
0.000347
0.014547
-0.013852
0.014547
-0.028054
0.000347
-0.013856
0.000347
0.000347
0.000347
0.014551
-0.013856
-0.013858
0.042958
0.000347
-0.013854
0.014549
0.000347
0.014547
0.042934
0.000347
-0.028042
0.014543
0.014541
0.014539
0.014537
0.014535
0.014533
0.000347
-0.013838
-0.013840
0.014535
0.000347
-0.013840
-0.013842
0.028724
0.000347
-0.070610
0.014543
-0.056447
0.000347
-0.013856
-0.013858
0.028756
-0.084904
0.028773
-0.042294
0.000347
-0.028090
0.000347
0.014567
0.000347
0.028781
0.000347
0.014561
0.028769
0.014555
-0.013860
0.028760
0.000347
-0.013858
0.028756
0.014549
0.014547
-0.070670
-0.056503
-0.013870
-0.070771
-0.013882
0.043031
-0.056568
0.071486
-0.013876
0.000347
-0.042336
0.043031
0.000347
0.014571
-0.013876
0.028793
0.000347
0.057214
-0.028082
-0.013870
-0.028094
0.043006
0.014563
0.028773
-0.042294
0.000347
0.014563
-0.013868
0.014563
0.000347
-0.013868
0.000347
0.028777
0.000347
-0.013866
-0.013868
0.042988
-0.028078
0.028773
-0.013864
0.028769
-0.028074
0.000347
0.014559
-0.013864
-0.042300
0.014565
-0.013870
0.042994
-0.013866
0.000347
-0.013868
0.000347
0.028777
0.000347
0.028769
0.014555
-0.013860
-0.013862
0.028765
0.000347
0.014553
-0.013858
-0.013860
0.028760
0.000347
0.014551
-0.013856
0.014551
0.000347
0.042946
0.014543
-0.042245
0.028744
-0.013850
0.014545
0.014543
0.000347
0.000347
-0.013848
0.000347
0.000347
0.014543
0.042922
-0.056422
0.042928
-0.028038
0.000347
0.000347
-0.013848
-0.028050
-0.042263
0.028756
0.000347
0.014549
0.000347
-0.056471
0.042964
0.028748
0.000347
-0.013852
0.057133
0.014539
-0.013844
-0.013846
0.014541
0.028728
-0.013842
0.085454
-0.013832
0.028704
-0.042191
0.014529
-0.013834
0.014529
-0.013834
0.014529
0.000347
0.000347
0.000347
0.000347
-0.013834
0.000347
0.000347
0.000347
0.000347
0.014529
-0.013834
0.014529
-0.013834
0.014529
-0.013834
0.014529
-0.028017
0.000347
-0.013838
-0.042221
0.014539
0.000347
0.000347
0.014537
0.042904
-0.013836
0.000347
0.014531
-0.013836
0.014531
0.000347
0.000347
0.000347
0.014529
0.000347
0.000347
0.014527
0.000347
0.000347
0.000347
-0.013832
0.000347
0.000347
-0.013834
0.014529
-0.013834
0.014529
0.000347
-0.028017
0.028712
-0.013834
0.000347
0.014529
0.000347
0.000347
0.000347
-0.013834
0.000347
0.000347
-0.013836
0.014531
0.014529
0.000347
0.000347
0.000347
-0.013834
0.014529
-0.013834
-0.028021
0.000347
-0.013840
0.000347
-0.028034
0.000347
0.000347
0.014539
0.014537
0.000347
0.014535
-0.013840
0.000347
0.000347
-0.028034
0.000347
-0.013846
0.000347
0.014541
0.000347
0.000347
0.028728
0.014535
0.000347
-0.013840
0.000347
-0.013842
0.014537
-0.013842
0.000347
0.000347
0.014537
0.000347
0.000347
0.000347
0.000347
0.000347
0.000347
0.000347
-0.028034
0.000347
0.000347
0.000347
0.028728
-0.013842
0.000347
0.000347
0.000347
0.028724
0.000347
0.000347
0.000347
-0.028029
0.000347
0.000347
-0.013844
0.014539
0.014537
-0.013842
0.014537
-0.013842
-0.013844
-0.013846
0.014541
0.000347
0.014539
0.028724
0.000347
0.014533
0.000347
0.000347
0.000347
-0.013838
0.000347
0.000347
0.000347
-0.013840
0.014535
0.000347
0.014533
0.000347
0.000347
0.000347
0.000347
0.014531
0.000347
0.000347
-0.028021
0.028716
-0.013836
0.000347
0.014531
-0.013836
0.028712
0.014527
0.014525
0.000347
0.000347
-0.013830
0.014525
0.000347
0.000347
0.000347
-0.013830
0.014525
0.000347
-0.013830
-0.013832
0.000347
0.000347
0.000347
0.014527
0.000347
0.000347
0.014525
-0.013830
0.014525
0.000347
0.014523
-0.013828
0.000347
0.014523
0.000347
-0.013828
0.000347
0.000347
-0.042191
0.000347
0.028708
-0.013832
0.014527
0.014525
0.000347
-0.013830
0.000347
0.014525
0.000347
0.014523
0.000347
-0.013828
-0.042191
-0.028021
-0.028029
0.000347
0.028724
-0.013840
0.000347
0.000347
0.014535
-0.013840
-0.028034
-0.028042
0.000347
-0.013850
0.000347
-0.028054
0.000347
0.014549
0.014547
0.028740
0.000347
-0.028046
0.000347
0.014545
-0.028050
0.028744
0.000347
0.000347
-0.013850
0.000347
0.000347
0.000347
-0.028054
-0.084904
0.028773
-0.013864
0.000347
-0.013866
-0.042306
-0.028098
0.000347
0.028793
-0.013874
0.028789
0.000347
0.000347
-0.028094
-0.013876
0.014571
0.028789
0.000347
0.014565
0.028777
-0.013866
0.000347
-0.013868
0.000347
-0.013870
0.014565
-0.013870
-0.028094
0.014569
0.000347
0.000347
0.014567
-0.013872
0.000347
0.014567
0.000347
0.000347
0.000347
0.000347
0.028781
0.014561
0.000347
0.014559
-0.028078
0.028773
-0.028078
0.028773
-0.056511
-0.028094
-0.013876
0.043013
-0.042318
0.014571
0.043006
0.000347
-0.013870
-0.042318
0.000347
-0.028106
0.014575
0.014573
0.000347
0.014571
-0.013876
0.028793
-0.013874
0.000347
-0.028102
0.028797
0.014569
0.014567
0.000347
0.000347
0.000347
0.000347
0.000347
0.014565
0.000347
0.014563
-0.013868
-0.056535
0.043013
0.014565
0.000347
0.000347
-0.028090
0.000347
0.000347
0.000347
-0.028098
-0.070802
0.014581
-0.013886
0.014581
-0.028122
-0.013891
0.000347
-0.013893
END
