y[]
-0.192308
0.146134
-0.133474
-0.089424
0.072632
0.013693
0.101991
-0.015744
0.028387
0.028379
0.013669
-0.074568
0.131291
0.057721
-0.001033
0.013650
-0.045089
0.013654
0.028335
0.028327
0.013644
-0.059753
0.013650
0.013648
-0.089152
-0.030423
-0.001033
0.013663
-0.059831
-0.089294
0.028396
-0.001033
0.116597
-0.030428
-0.118698
0.234157
-0.030402
0.072372
0.086982
0.028288
-0.015693
-0.015695
0.013628
-0.059693
-0.118456
-0.030410
-0.001033
-0.030419
-0.030428
0.087124
0.043016
-0.001033
-0.089152
-0.030423
-0.045135
0.087150
0.043029
-0.089178
-0.089256
0.013676
0.028379
0.057764
-0.015729
-0.089256
0.101885
0.013661
-0.059822
0.043062
0.043042
-0.015723
-0.015725
-0.030423
-0.045135
0.028370
-0.015734
-0.030441
0.013672
-0.045154
0.101885
-0.015729
-0.001033
-0.030432
-0.030441
-0.001033
-0.089307
0.057825
-0.074611
0.013687
-0.001033
0.028400
0.013680
0.043094
0.028374
-0.030441
0.013672
0.087150
-0.059814
-0.001033
-0.045141
-0.045161
-0.001033
0.028387
-0.030454
-0.104073
-0.015762
-0.074709
-0.045265
-0.015781
-0.237300
0.058086
0.102341
-0.133963
0.072838
0.102295
-0.060065
0.057999
0.087449
-0.104270
0.043224
0.146351
0.028418
-0.001033
-0.045213
0.028422
-0.015760
-0.015762
-0.001033
-0.104194
0.028452
-0.015775
-0.045271
-0.074807
-0.045323
0.043257
-0.074861
0.043270
0.028491
-0.104408
0.028513
-0.015805
0.058042
-0.015799
-0.030571
-0.015805
0.190835
0.102128
-0.030497
-0.030506
-0.001033
-0.192816
0.146525
-0.060030
-0.074828
0.043251
0.013724
-0.015790
-0.001033
0.028478
0.013719
0.013717
-0.015784
-0.104347
0.102280
0.013717
-0.015784
-0.015786
-0.001033
-0.001033
0.013719
-0.015786
-0.001033
-0.060065
-0.001033
-0.001033
0.293778
-0.001033
-0.104118
-0.015768
-0.001033
-0.015770
-0.015773
-0.030519
-0.222452
0.161388
-0.074828
0.058007
-0.030549
-0.030558
-0.001033
-0.015799
-0.060117
0.087580
0.116996
0.102128
-0.001033
0.087306
-0.001033
0.013682
0.057808
-0.074590
-0.015751
0.072534
0.087176
0.101779
-0.001033
-0.059770
0.145745
-0.045044
0.101629
0.013624
-0.103680
0.042971
-0.045038
-0.030380
-0.001033
0.013641
-0.001033
-0.001033
-0.015708
-0.015710
-0.030393
-0.015716
0.028331
-0.015714
0.057678
-0.015708
0.042984
-0.030376
-0.015708
0.028314
-0.001033
-0.015706
-0.059744
0.013648
0.028322
-0.045070
-0.001033
-0.001033
-0.015716
-0.001033
-0.059788
-0.001033
-0.030423
-0.045135
0.013669
-0.001033
0.057756
-0.001033
-0.015727
-0.015729
-0.030432
0.028366
0.057738
-0.001033
-0.001033
-0.015723
-0.030419
-0.118663
0.057799
-0.015738
-0.030449
-0.001033
0.131271
-0.030419
-0.030428
-0.015734
-0.030441
0.013672
0.028370
0.013665
0.013663
-0.030428
0.013665
-0.015732
0.057747
0.057713
-0.015716
-0.001033
-0.015719
-0.015721
-0.030415
-0.015727
0.013661
-0.001033
-0.015727
-0.030428
0.013665
0.013663
-0.030428
0.013665
-0.030432
0.013667
-0.015734
-0.001033
-0.015736
-0.001033
-0.001033
-0.001033
-0.015738
-0.001033
0.013672
-0.001033
-0.030445
-0.001033
-0.001033
-0.001033
0.013674
-0.015740
0.013674
-0.001033
0.028374
-0.001033
0.028366
-0.089256
-0.015744
-0.001033
-0.015747
-0.001033
-0.001033
-0.001033
-0.001033
-0.001033
-0.015749
0.013682
-0.030467
-0.001033
-0.001033
-0.001033
-0.015753
0.013687
-0.001033
0.057825
0.028383
0.013672
0.013669
-0.001033
-0.001033
0.013667
-0.001033
-0.015734
0.013667
-0.015734
-0.001033
-0.015736
-0.045154
0.013676
-0.015742
0.028383
-0.015740
-0.001033
-0.001033
-0.001033
0.013674
-0.045161
-0.045180
-0.074655
0.028422
0.072567
-0.030467
0.087241
-0.015740
-0.001033
0.028379
0.013669
-0.015736
0.043068
-0.001033
-0.001033
-0.045135
-0.045154
0.043088
-0.045154
0.013676
-0.001033
-0.015742
-0.045174
-0.001033
0.013682
-0.015749
-0.015751
0.028400
-0.015749
0.013682
-0.015749
0.013682
-0.030467
-0.001033
0.028400
0.028392
-0.001033
-0.015744
-0.045180
0.057825
-0.001033
-0.001033
-0.015744
0.013678
-0.015744
0.013678
-0.030458
0.028392
0.013676
-0.001033
0.028379
-0.001033
-0.045154
0.013676
-0.015742
-0.015744
-0.001033
-0.001033
-0.015747
-0.001033
-0.030467
-0.015753
0.013687
0.028400
-0.030467
0.028400
-0.001033
0.013680
-0.059900
-0.015755
-0.015757
-0.015760
0.013693
0.028413
-0.001033
0.013687
-0.001033
-0.001033
-0.045200
-0.030488
-0.001033
-0.001033
-0.001033
0.028422
0.013691
0.013689
0.043120
0.013680
-0.015747
0.013680
0.028387
-0.015742
-0.001033
-0.015744
0.013678
-0.001033
-0.001033
-0.045174
-0.030471
-0.001033
-0.001033
0.013687
-0.015753
-0.001033
0.028405
-0.030471
-0.001033
-0.001033
-0.001033
0.013687
-0.015753
0.043120
-0.015749
0.013682
0.043101
-0.001033
0.043081
0.057756
-0.015727
-0.015729
0.028357
-0.015727
0.013661
-0.015727
0.072415
0.013650
0.028327
-0.001033
0.028318
-0.059744
0.013648
-0.015714
0.028327
0.013644
-0.030389
-0.045083
0.028335
0.028327
-0.030393
-0.030402
0.131058
-0.074395
-0.015712
0.013646
-0.045076
0.013650
0.174997
0.130787
0.189067
0.028181
-0.030247
0.028181
-0.103320
0.042817
-0.030264
0.072029
0.028177
0.013569
-0.001033
-0.074063
0.028185
-0.015641
-0.015643
-0.015646
-0.015648
0.013581
0.072007
0.071954
-0.044819
0.057344
0.057310
0.013547
0.013545
0.057259
-0.015603
0.042670
-0.030166
-0.015603
-0.044755
-0.015612
-0.088548
-0.030222
0.028155
-0.001033
0.042734
0.013552
0.042708
0.013543
-0.044768
-0.030200
0.013552
0.013549
-0.001033
0.028126
0.028117
0.028109
-0.001033
-0.030175
0.042676
-0.030171
-0.015605
-0.001033
-0.030183
-0.132315
0.042746
-0.001033
0.057310
-0.015616
-0.030205
-0.015622
-0.030217
0.042740
-0.088599
0.042759
0.013560
-0.015626
-0.030226
-0.044838
0.028172
0.028164
0.013562
-0.015629
-0.001033
0.071922
-0.001033
0.013552
-0.001033
0.042708
0.013543
-0.044768
-0.015616
0.013549
-0.030200
-0.030209
-0.001033
-0.015624
-0.015626
-0.015629
0.028155
-0.015626
-0.015629
-0.015631
-0.001033
0.013564
-0.044832
-0.074074
0.013579
-0.015646
0.028189
-0.044870
0.042804
-0.001033
0.057387
-0.015635
-0.044851
-0.001033
-0.015643
-0.044877
0.042810
0.013577
0.057387
-0.001033
0.028164
-0.001033
-0.015631
-0.001033
-0.001033
-0.030235
0.013569
0.042759
-0.015629
-0.030230
0.101119
0.042715
-0.001033
0.028121
0.057250
-0.015601
-0.059325
-0.103126
0.013558
-0.030217
0.013560
0.028147
-0.044806
-0.030226
-0.015633
0.013566
0.013564
-0.015631
-0.015633
-0.015635
0.028168
-0.015633
-0.001033
0.028164
-0.001033
-0.015631
0.028160
-0.015629
-0.001033
-0.044832
-0.001033
-0.015637
-0.001033
-0.015639
-0.015641
-0.001033
-0.001033
-0.001033
0.013575
-0.001033
-0.001033
-0.015641
-0.001033
-0.001033
-0.001033
-0.001033
0.013575
-0.015641
0.013575
-0.015641
0.028181
0.071965
-0.001033
0.028151
-0.001033
-0.015624
-0.001033
0.115636
-0.044768
-0.001033
0.042702
-0.015609
-0.015612
-0.015614
-0.044787
-0.001033
-0.001033
0.042721
-0.015616
-0.001033
-0.001033
-0.001033
0.013549
0.013547
-0.044781
-0.015620
-0.015622
0.013556
-0.015622
-0.001033
0.028143
0.028134
-0.001033
-0.015616
-0.001033
0.028130
-0.001033
-0.030196
0.013549
-0.001033
-0.001033
-0.001033
-0.015616
-0.015618
0.013552
0.013549
-0.030200
-0.001033
-0.001033
-0.001033
-0.001033
0.042715
-0.001033
-0.001033
-0.015614
-0.001033
-0.001033
-0.001033
-0.001033
-0.015616
-0.015618
-0.015620
END
