y[]
0.016394
0.001448
-0.043399
0.001448
-0.013506
0.016401
0.165786
0.046220
0.061114
0.001448
-0.028381
0.046187
0.046167
-0.028363
0.075958
-0.028350
-0.073085
0.001448
0.001448
-0.013465
0.061087
-0.028367
0.046167
-0.028363
-0.013461
-0.088051
0.016370
-0.013474
0.001448
0.076036
-0.088064
0.001448
0.001448
0.031294
-0.013474
-0.013477
0.031294
0.120744
-0.013457
-0.028367
0.001448
0.061069
0.016348
-0.028354
-0.013457
0.016352
-0.043272
-0.043292
0.031276
0.046174
-0.043278
0.016359
0.016356
-0.013461
-0.058209
-0.028394
0.016370
-0.117991
0.061185
0.001448
-0.058289
0.046254
0.046234
-0.028407
0.046227
0.001448
-0.013477
-0.088145
0.061185
-0.013483
-0.013485
0.091013
0.001448
0.031285
0.016363
-0.013468
-0.028390
-0.013474
0.061122
-0.013468
-0.028390
-0.043325
0.001448
0.031298
0.016370
-0.028399
0.031294
0.031285
0.046187
0.090866
0.016343
-0.117777
0.001448
0.046174
-0.028367
-0.028376
0.016361
0.031267
-0.028372
0.046174
-0.013459
0.016354
0.016352
-0.028363
-0.043285
0.001448
0.046180
-0.013461
0.031263
0.031254
-0.013454
-0.028363
0.001448
0.016354
-0.013459
-0.013461
0.016356
-0.013461
-0.102975
-0.013479
-0.013481
-0.013483
0.001448
-0.028421
-0.028430
0.001448
-0.043385
-0.028452
-0.013506
-0.058388
0.046328
-0.133253
-0.043493
0.016430
-0.028519
-0.043520
0.031428
0.001448
-0.013541
0.046408
0.001448
0.001448
0.016430
0.001448
0.001448
0.001448
-0.043506
-0.013541
0.016437
-0.013541
0.001448
-0.013544
0.016439
-0.013544
0.001448
-0.013546
0.061409
-0.013539
-0.073520
-0.073577
0.016457
0.016455
0.016453
-0.028564
0.016455
0.046456
0.046435
-0.013546
-0.028546
0.016446
-0.013550
0.016446
0.001448
0.001448
0.076405
-0.013539
0.001448
-0.013541
-0.013544
0.016439
0.016437
-0.043526
0.016441
-0.013546
0.016441
-0.013546
0.016441
0.001448
0.001448
0.016439
0.001448
-0.013544
0.001448
0.001448
0.016439
-0.013544
0.016439
0.001448
-0.013544
0.016439
0.001448
0.001448
0.001448
-0.043533
0.001448
-0.013550
0.001448
0.016446
-0.013550
0.016446
-0.013550
0.001448
0.016446
-0.013550
-0.013553
0.001448
-0.043567
0.001448
-0.043587
-0.013568
-0.028591
0.001448
-0.058657
0.031505
0.001448
0.001448
0.031496
0.016468
0.001448
0.016466
-0.013571
0.001448
0.076517
0.001448
-0.028573
0.016459
-0.028578
0.001448
0.016462
0.016459
0.031464
-0.013559
-0.013562
-0.013564
0.016459
0.031464
0.016453
-0.013557
0.016453
-0.013557
0.016453
0.016450
0.016448
-0.013553
-0.028560
0.016453
-0.013557
0.046456
0.001448
-0.013553
0.001448
0.016448
0.001448
-0.028555
-0.013557
-0.013559
-0.013562
0.001448
0.001448
0.016457
0.001448
0.031460
-0.013557
0.001448
0.001448
0.016453
0.031451
0.016446
0.001448
-0.013550
0.001448
0.001448
0.001448
0.001448
0.001448
0.001448
0.016446
-0.028551
0.001448
0.001448
0.016448
0.001448
0.001448
0.016446
0.031437
0.016439
0.016437
-0.013541
-0.013544
0.001448
0.001448
0.001448
0.001448
-0.013546
0.001448
-0.028546
0.001448
0.016446
0.016444
-0.013548
0.031437
-0.013546
0.001448
0.016441
0.031428
-0.013541
-0.013544
0.031428
0.001448
0.001448
0.001448
0.016435
0.046395
0.016426
-0.013530
-0.013532
0.001448
0.001448
-0.028519
0.001448
0.001448
0.016432
-0.013537
0.001448
-0.013539
0.016435
0.001448
-0.013539
-0.013541
0.016437
0.001448
0.031419
0.016430
0.031406
-0.013530
0.016426
0.016423
0.001448
-0.013528
0.031397
-0.013526
0.001448
0.001448
-0.028506
-0.028515
0.016430
0.001448
0.091295
-0.043466
0.001448
-0.043486
-0.028519
-0.028528
0.001448
0.031424
0.016432
0.001448
0.016430
0.031406
0.001448
-0.013530
-0.013532
0.001448
0.001448
-0.088480
0.016441
0.031428
0.091335
0.001448
-0.028506
0.016426
0.001448
0.016423
0.001448
0.031392
-0.058450
-0.013532
-0.043506
-0.013541
0.001448
0.016437
0.001448
-0.028533
-0.013546
0.001448
0.016441
0.001448
-0.013546
0.001448
0.001448
0.016441
-0.028542
-0.058558
0.046456
0.031442
0.031433
0.001448
0.016437
-0.028533
-0.013546
0.001448
0.016441
0.016439
-0.043533
0.031437
0.016439
0.016437
-0.013541
0.016437
-0.028533
-0.043540
0.001448
0.031442
-0.013548
0.001448
0.001448
0.046429
0.061391
-0.028519
0.001448
0.001448
-0.013539
-0.043526
0.046422
-0.028533
0.031428
0.001448
-0.028533
-0.028542
0.016444
-0.013548
0.046429
0.016437
0.001448
0.016435
-0.013539
0.001448
0.016435
0.016432
-0.043513
0.031424
0.016432
0.016430
0.001448
0.031406
-0.013530
0.061346
0.031383
0.016412
0.016410
0.001448
0.001448
-0.013515
0.001448
-0.013517
0.001448
-0.013519
-0.013521
0.001448
-0.013523
0.001448
-0.013526
0.001448
0.001448
0.016421
0.031388
-0.013521
0.001448
-0.013523
0.001448
0.031388
-0.028492
-0.028501
-0.028510
0.031406
-0.013530
0.016426
-0.058477
-0.103508
-0.013555
0.001448
0.196306
-0.028506
-0.103461
0.031433
0.151238
0.001448
-0.133353
0.061382
-0.088467
-0.028542
0.061418
0.001448
0.121280
-0.043473
-0.013530
0.031401
-0.058468
-0.043513
0.031424
-0.058513
0.001448
0.046422
-0.133535
-0.163780
0.001448
-0.028623
-0.013591
-0.058730
-0.103950
0.106846
0.076664
0.001448
-0.028632
-0.013596
0.016491
0.031527
-0.043675
0.001448
-0.073803
-0.088927
0.001448
-0.043770
0.016523
-0.089036
-0.043825
0.046720
0.031618
0.016530
-0.028718
0.016532
-0.043811
0.001448
-0.013643
0.046714
-0.058911
-0.013648
-0.028750
-0.043866
0.076959
-0.089173
-0.013664
0.107180
-0.013650
0.016545
0.137225
-0.043791
-0.028723
-0.058921
0.031636
0.061798
0.031609
-0.043798
-0.074007
0.016543
0.046720
-0.058921
-0.058957
-0.013659
0.061862
-0.028755
0.137287
-0.028723
-0.043825
-0.013648
0.001448
-0.028750
-0.028759
-0.028768
0.016557
0.031659
-0.043873
-0.059012
-0.043921
0.016573
-0.028805
0.046823
-0.043928
-0.043948
-0.013689
0.182936
0.046768
-0.013657
-0.028768
-0.043893
-0.028791
0.016568
0.001448
-0.104444
0.077096
0.001448
-0.028805
0.016575
0.092164
0.016559
-0.013664
-0.043900
-0.043921
-0.043942
0.031709
0.107292
0.061880
0.061843
-0.013648
0.076902
-0.149519
-0.059003
0.107212
-0.013655
-0.058984
-0.119526
0.077074
-0.074178
-0.119673
-0.044010
0.016603
-0.028865
0.016605
0.016603
0.077188
-0.089448
-0.074362
-0.028892
-0.013726
0.077291
0.016610
-0.013714
-0.059223
0.016619
-0.013723
0.016619
-0.013723
-0.044079
-0.013733
-0.013735
0.031811
-0.044100
0.001448
0.122862
0.107565
-0.028860
0.046906
0.092302
-0.028828
0.092247
-0.013680
-0.013682
0.061953
-0.043928
-0.013682
0.001448
-0.028819
-0.013689
-0.013691
0.046858
0.092206
-0.043921
0.001448
0.046816
0.061907
0.092068
0.016543
-0.043846
0.001448
-0.028759
0.016552
0.061843
0.016541
0.031627
-0.043825
-0.013648
0.031636
-0.028741
0.016543
-0.013648
-0.043852
-0.043873
0.016557
0.001448
0.001448
0.001448
-0.013661
-0.013664
-0.013666
0.061889
-0.013659
0.001448
-0.013661
0.001448
-0.013664
0.001448
0.001448
-0.013666
0.016561
0.001448
0.001448
0.001448
-0.043900
0.001448
0.016566
0.001448
0.016564
0.001448
0.031673
-0.028777
0.031673
0.001448
0.046768
0.031650
-0.013652
-0.058975
-0.028777
0.001448
0.031673
-0.013664
0.001448
0.016559
0.001448
0.001448
-0.013664
0.016559
0.001448
0.001448
0.001448
0.001448
0.031664
-0.013659
END
