y[]
-0.013743
0.012947
0.026287
-0.000398
-0.013739
-0.000398
-0.000398
0.012944
-0.013739
-0.027086
0.026290
-0.013741
-0.000398
-0.000398
-0.000398
-0.000398
-0.000398
0.012945
-0.000398
-0.000398
-0.000398
-0.000398
0.012944
-0.000398
-0.000398
-0.000398
-0.000398
-0.000398
0.012942
-0.000398
-0.000398
0.026276
0.012936
-0.027068
-0.000398
-0.000398
-0.013736
0.026276
0.012936
-0.013732
-0.027072
-0.027079
-0.013741
-0.000398
0.039626
-0.000398
-0.000398
0.012940
-0.040416
0.012944
-0.013739
-0.000398
0.012944
-0.013739
-0.013741
-0.000398
0.012945
-0.013741
0.012945
0.012944
-0.000398
-0.000398
-0.027082
-0.040438
-0.013748
0.026301
0.026294
0.012945
0.012944
-0.013739
-0.000398
0.012944
-0.000398
0.012942
-0.027079
0.012944
-0.013739
-0.000398
-0.000398
-0.013741
-0.000398
-0.000398
-0.000398
-0.000398
0.026287
-0.013739
-0.013741
-0.013743
-0.000398
0.012947
0.012945
-0.000398
-0.000398
-0.013741
0.012945
-0.000398
-0.013741
0.012945
-0.000398
0.012944
-0.000398
-0.013739
-0.013741
-0.000398
-0.000398
0.026287
-0.000398
-0.013739
-0.000398
-0.000398
-0.000398
-0.000398
-0.000398
-0.000398
-0.000398
-0.000398
0.012944
0.026280
-0.000398
-0.000398
0.012938
-0.000398
-0.000398
-0.000398
-0.000398
-0.000398
-0.000398
-0.000398
-0.000398
-0.013734
0.012938
-0.013734
-0.000398
-0.000398
0.012938
-0.013734
0.012938
0.012936
0.012935
-0.013730
-0.013732
0.026269
-0.013730
-0.000398
-0.000398
-0.013732
0.012936
0.012935
-0.000398
-0.000398
-0.000398
-0.053738
-0.013737
0.026280
-0.027075
0.012942
-0.027079
0.012944
-0.027082
0.026287
0.012942
0.026276
-0.013734
0.012938
-0.013734
-0.013736
0.039610
-0.013732
-0.013734
0.026272
-0.013732
-0.000398
-0.013734
-0.000398
0.012938
0.012936
-0.013732
-0.000398
-0.000398
0.026269
-0.013730
-0.000398
-0.013732
-0.040411
-0.000398
-0.013739
0.039621
-0.013736
-0.000398
-0.013737
-0.000398
0.039616
-0.027072
-0.013737
-0.000398
-0.013739
0.012944
-0.000398
0.012942
-0.027079
-0.013741
-0.000398
-0.013743
-0.000398
-0.000398
0.026290
0.026283
-0.013737
-0.027082
-0.013743
-0.027093
-0.000398
-0.067167
-0.013757
-0.000398
-0.000398
0.026319
0.039664
-0.053817
-0.000398
0.012960
0.039664
-0.000398
-0.013750
-0.000398
-0.000398
-0.013752
-0.000398
-0.000398
-0.013753
-0.000398
-0.013755
-0.000398
0.012960
-0.000398
0.012958
-0.000398
-0.027111
0.012960
-0.000398
0.012958
-0.000398
-0.000398
-0.000398
-0.013753
0.012958
0.039658
-0.013748
-0.013750
-0.027107
0.012958
-0.000398
0.026308
-0.027104
-0.027111
-0.000398
-0.000398
0.026315
-0.027111
-0.040481
-0.000398
-0.027129
0.012969
0.012967
0.039685
-0.027118
-0.013760
0.026326
0.026319
-0.013755
0.026315
-0.000398
-0.013753
0.026312
0.012954
-0.000398
-0.027104
-0.000398
0.026308
-0.013750
-0.013752
-0.000398
-0.000398
-0.000398
-0.000398
-0.000398
0.012956
0.012954
-0.053817
0.053021
-0.067176
0.039674
0.053007
-0.133963
-0.027132
-0.013768
0.039707
0.026330
-0.000398
-0.147486
-0.027164
0.066505
0.012977
0.026347
0.026340
-0.013766
0.079784
-0.027118
0.026322
-0.027118
-0.027125
0.026330
0.026322
0.012960
0.066362
-0.000398
-0.027096
0.039648
-0.040443
-0.040459
0.039664
-0.040459
-0.013755
0.012960
-0.107307
0.012972
-0.013768
-0.000398
-0.027143
0.026347
0.012972
0.066425
-0.000398
0.012961
-0.013757
0.039674
-0.053831
-0.000398
0.012963
0.066380
-0.013750
-0.013752
-0.027111
-0.000398
-0.027118
0.012963
-0.013759
-0.027125
-0.027132
0.012970
-0.027136
0.026340
0.053057
-0.000398
0.026319
-0.000398
-0.000398
-0.000398
0.012958
-0.000398
-0.013753
0.012958
-0.027111
0.026315
-0.013753
-0.027114
0.012961
-0.013757
-0.027121
0.012965
-0.000398
-0.000398
0.066389
-0.040465
0.012960
-0.027114
-0.067220
0.026337
-0.013764
-0.040507
0.026344
0.053064
-0.027125
-0.013764
-0.040507
0.026344
-0.013768
0.012972
-0.000398
-0.040513
-0.027150
-0.000398
0.026355
-0.013773
0.039723
-0.040518
0.012977
-0.000398
-0.027150
-0.013777
-0.013778
0.012983
0.039733
0.026347
0.012972
-0.013768
-0.000398
0.012972
0.026337
-0.013764
0.039696
-0.027125
-0.013764
0.039696
-0.027125
-0.027132
0.012970
-0.027136
0.026340
0.012969
-0.027132
-0.013768
-0.000398
0.026340
-0.000398
-0.000398
-0.053881
0.093179
-0.013760
0.039685
-0.000398
0.079720
-0.040448
0.252986
0.052865
-0.027025
0.026230
-0.053660
0.039552
-0.027029
0.012919
-0.013714
0.026233
0.012915
-0.000398
0.026223
0.039520
0.012905
0.039499
-0.000398
-0.093514
-0.027018
0.012913
0.012912
-0.000398
0.026216
-0.000398
0.012906
0.012905
-0.013700
-0.027008
-0.000398
-0.000398
-0.013705
-0.000398
-0.000398
-0.027018
-0.000398
0.012913
0.026219
-0.000398
-0.000398
-0.000398
-0.013705
0.012910
-0.013705
0.012910
-0.000398
-0.000398
-0.000398
-0.000398
-0.013705
-0.000398
-0.000398
0.012910
-0.000398
0.012908
-0.000398
-0.000398
-0.027011
-0.000398
0.012910
0.012908
-0.013704
-0.000398
-0.027015
0.012912
-0.013707
-0.000398
0.012912
0.012910
-0.013705
-0.000398
0.012910
-0.000398
-0.013705
-0.000398
0.012910
-0.013705
-0.000398
0.012910
-0.013705
-0.000398
-0.013707
-0.000398
-0.000398
-0.000398
-0.000398
-0.000398
-0.000398
-0.000398
0.012912
-0.000398
-0.000398
-0.000398
0.012910
-0.000398
-0.027015
-0.000398
0.012912
-0.013707
-0.000398
0.012912
-0.027018
0.012913
-0.027022
0.026226
-0.013709
0.026223
-0.000398
-0.013707
-0.013709
-0.000398
0.012913
0.012912
-0.013707
-0.000398
-0.000398
0.012912
-0.000398
-0.000398
-0.000398
-0.013707
-0.000398
0.012912
-0.013707
-0.000398
-0.000398
-0.013709
0.012913
-0.000398
-0.000398
-0.013709
-0.000398
0.012913
-0.013709
-0.000398
0.012913
-0.000398
-0.013709
0.012913
-0.013709
-0.000398
-0.000398
-0.013711
-0.013712
0.012917
0.012915
-0.000398
0.012913
-0.013709
0.012913
-0.013709
-0.000398
0.012913
-0.013709
0.012913
0.012912
-0.013707
0.012912
-0.000398
-0.000398
-0.000398
-0.000398
-0.000398
-0.000398
-0.013707
-0.000398
-0.000398
-0.000398
-0.000398
-0.000398
-0.000398
-0.013709
0.012913
-0.000398
-0.013709
-0.000398
0.012913
-0.013709
-0.013711
0.012915
-0.027025
-0.000398
-0.000398
0.012917
-0.000398
-0.013712
-0.000398
-0.000398
-0.000398
-0.013714
-0.000398
-0.000398
-0.000398
0.012919
-0.000398
0.012917
0.026226
0.012912
0.012910
0.012908
-0.000398
-0.013704
0.012908
0.012906
-0.013702
0.012906
-0.013702
-0.000398
0.012906
-0.000398
-0.013702
-0.013704
-0.013705
-0.000398
-0.000398
0.026216
-0.027011
-0.013707
0.026219
-0.027015
0.012912
0.052822
-0.013700
-0.000398
0.026205
-0.013698
-0.000398
0.039499
0.012897
-0.026990
0.012899
0.012897
-0.040289
0.012901
-0.013697
-0.013698
0.026202
-0.026997
-0.000398
-0.013700
0.012905
-0.000398
-0.000398
-0.000398
0.012903
-0.000398
-0.013698
-0.000398
-0.013700
0.012905
-0.013700
0.026205
-0.000398
-0.013698
0.012903
0.012901
-0.000398
-0.000398
-0.026997
0.012903
0.012901
-0.013697
-0.000398
-0.013698
-0.000398
-0.000398
-0.013700
0.026205
-0.013698
-0.000398
-0.013700
0.012905
-0.013700
0.026205
-0.000398
0.012901
0.039488
-0.000398
-0.000398
-0.000398
0.026184
0.012890
0.012889
-0.026972
-0.013688
-0.000398
0.012892
-0.000398
-0.000398
-0.013688
-0.013689
-0.013691
-0.000398
0.012896
-0.000398
-0.000398
-0.000398
-0.013691
-0.013693
-0.040294
0.012903
-0.053610
-0.000398
-0.013705
0.026216
END
