y[]
0.047227
-0.014614
-0.039356
0.047227
-0.014614
-0.101233
-0.014628
0.072010
0.071955
-0.064079
-0.076496
0.047257
0.010125
-0.051746
0.010130
-0.051765
-0.076569
-0.014640
0.022536
-0.014638
0.084456
0.010133
-0.027009
-0.076569
0.034920
-0.076597
-0.076652
0.034962
-0.051863
0.022563
0.022557
0.047343
-0.002247
-0.076643
-0.051875
-0.027071
-0.064332
-0.014669
0.010174
-0.039517
-0.151464
-0.039586
0.022647
-0.027142
-0.027148
0.047547
0.084833
-0.027120
-0.027126
0.084801
-0.027111
0.072324
-0.002247
-0.039526
-0.027108
0.059891
-0.027098
0.035027
0.022594
-0.014668
0.035008
-0.027083
-0.002247
0.035003
0.022579
0.022573
0.010160
0.047368
0.010153
-0.051857
0.010157
-0.002247
0.010156
0.047350
0.010148
0.047319
0.010140
-0.039415
-0.051826
0.022545
0.059707
-0.039415
-0.014640
-0.027037
-0.014644
-0.039448
0.010154
0.010153
-0.039452
0.022557
-0.002247
-0.138749
-0.014666
0.047417
0.010165
0.022573
-0.027068
0.034980
0.010159
-0.027061
-0.039480
0.022576
-0.014658
0.096996
0.022548
-0.002247
0.010148
0.010146
0.084467
0.022514
-0.014628
0.034888
-0.051765
-0.002247
-0.002247
-0.014631
0.022517
-0.002247
-0.014629
-0.051789
-0.014637
-0.027031
0.034925
-0.014637
-0.039424
0.034930
0.022530
-0.039415
0.022533
0.034911
-0.051795
-0.002247
0.034916
0.047282
0.034884
0.010126
-0.051752
0.034884
0.022499
0.047227
0.047202
-0.014608
-0.026972
-0.026979
-0.076477
-0.064148
-0.101368
-0.039443
-0.076680
0.022570
-0.039475
-0.064325
0.022588
0.059814
-0.014657
0.022570
-0.014655
-0.101565
0.134288
-0.051875
-0.176139
0.097156
0.121868
0.034957
0.034943
0.010146
-0.064232
0.034948
0.034934
0.059691
-0.064186
0.010143
-0.002247
-0.089015
0.034948
-0.064248
0.072148
-0.051838
0.034948
0.022542
0.022536
-0.039424
-0.039438
-0.027049
-0.089101
0.022576
0.010162
0.047374
0.072139
0.072084
0.084402
0.010125
0.022493
-0.014617
-0.064117
-0.027006
0.010133
0.034884
-0.138462
-0.002247
0.022533
-0.039420
0.010145
0.072074
0.010134
-0.002247
-0.002247
0.072010
-0.014620
0.059599
0.071918
-0.039323
-0.026972
-0.002247
0.010116
0.034833
-0.014606
0.034824
0.059508
-0.064003
0.047160
-0.039301
-0.039314
0.010110
0.022462
-0.002247
0.010105
-0.064025
0.034824
-0.002247
-0.039319
0.010111
0.034819
-0.051673
0.022468
0.047166
0.084167
0.010091
0.071754
-0.002247
-0.002247
-0.051575
0.034751
-0.014579
-0.002247
0.034742
-0.002247
0.010079
0.010078
-0.026899
-0.039237
0.034742
-0.051569
-0.039255
0.034760
0.034746
0.010081
-0.026905
-0.002247
-0.051581
0.096396
0.010076
0.047032
0.059318
-0.002247
-0.026869
0.083901
0.022353
0.022347
0.022341
-0.002247
-0.051430
-0.026848
0.046947
-0.088354
-0.002247
-0.076112
-0.088492
-0.051563
0.022413
0.084018
-0.002247
0.071635
-0.002247
0.034673
0.071553
0.083785
0.034601
-0.002247
-0.026811
-0.002247
0.010035
-0.026814
-0.002247
0.010037
-0.014532
-0.026821
-0.002247
-0.014536
-0.026830
-0.002247
-0.014541
0.034628
-0.026830
0.046911
-0.014535
-0.014536
-0.026830
-0.002247
0.010044
-0.002247
-0.002247
-0.014539
0.022335
-0.026830
-0.002247
-0.014541
0.010046
-0.014541
0.022338
-0.014539
-0.002247
0.010044
-0.026833
-0.014542
0.022341
-0.026836
-0.002247
-0.026842
-0.002247
-0.002247
-0.002247
-0.014547
-0.014548
0.010053
-0.002247
-0.014548
-0.002247
-0.002247
0.010053
-0.026851
0.010055
-0.002247
-0.002247
-0.002247
-0.002247
-0.002247
-0.014550
-0.002247
-0.026857
-0.014554
-0.014556
0.022368
-0.014554
-0.014556
-0.002247
0.071581
0.022350
-0.002247
-0.026845
-0.026851
0.022356
-0.002247
0.034646
-0.039141
-0.002247
-0.026851
0.010055
-0.002247
-0.014550
-0.002247
-0.002247
0.010055
0.010053
-0.002247
-0.002247
0.022350
-0.014545
0.010050
0.034637
-0.014541
0.010046
0.022335
-0.026830
-0.002247
0.010044
-0.026833
-0.014542
0.010047
0.010046
-0.002247
-0.014541
-0.002247
-0.014542
-0.002247
0.010047
0.010046
0.010044
-0.014539
0.010044
-0.014539
-0.002247
-0.014541
-0.039136
-0.002247
0.010050
-0.002247
-0.002247
-0.002247
-0.002247
-0.002247
-0.014545
-0.014547
-0.002247
-0.002247
0.010052
-0.014547
0.010052
-0.014547
-0.002247
0.010052
0.010050
-0.002247
-0.002247
0.010049
-0.002247
0.010047
-0.014542
-0.002247
-0.002247
0.010047
-0.002247
-0.014542
-0.002247
-0.002247
-0.014544
0.010049
-0.026842
-0.002247
0.022347
-0.002247
0.010047
-0.002247
-0.002247
-0.014542
-0.002247
-0.002247
-0.002247
-0.014544
-0.002247
-0.002247
-0.002247
-0.002247
-0.002247
-0.002247
0.010049
-0.014544
-0.002247
0.010049
0.010047
0.010046
-0.014541
-0.014542
-0.014544
0.010049
-0.002247
-0.002247
-0.002247
0.022341
-0.014541
0.010046
-0.026836
-0.014544
0.034637
0.010044
-0.014539
-0.026836
0.010047
-0.014542
-0.002247
0.010047
0.010046
-0.014541
0.010046
-0.039132
0.010049
-0.014544
0.022344
-0.002247
-0.014542
0.022341
0.010044
0.022332
0.034610
-0.014532
-0.002247
-0.026821
0.059174
0.071408
0.010023
0.059083
-0.014511
0.022277
-0.039037
0.010017
0.022277
-0.088111
0.022292
-0.002247
-0.002247
-0.026787
-0.014520
-0.026796
0.034574
-0.014520
0.034565
-0.002247
-0.014517
-0.039064
-0.002247
0.010026
0.034565
0.034551
-0.026778
-0.014515
0.010020
0.010019
-0.014514
-0.014515
-0.002247
-0.002247
0.022286
0.010017
-0.002247
0.010016
0.010014
0.022271
-0.014506
-0.026769
-0.026775
-0.002247
0.034542
-0.002247
-0.002247
-0.014509
0.022274
-0.002247
-0.014508
0.010013
-0.002247
-0.026769
-0.014511
0.034538
0.010011
-0.014506
-0.014508
-0.026772
-0.002247
-0.051315
-0.014518
0.010023
0.010022
-0.014517
0.022289
0.022283
0.034538
0.108026
-0.026742
0.022247
-0.051243
0.058993
-0.026739
-0.002247
-0.038996
0.034501
-0.038996
0.010004
-0.014499
0.046748
0.009998
0.009996
0.046712
0.071147
-0.026706
-0.014479
0.022214
0.034434
-0.014473
-0.002247
-0.014475
-0.002247
-0.002247
-0.014476
-0.014478
-0.014479
0.022214
-0.002247
-0.026709
-0.026715
-0.002247
0.022220
-0.038951
0.009989
-0.026721
-0.038969
-0.002247
-0.014491
0.034479
0.009992
-0.002247
-0.002247
-0.038969
0.022235
-0.002247
-0.014488
-0.002247
-0.014490
-0.002247
-0.002247
-0.002247
-0.014491
0.034479
0.009992
0.034461
-0.002247
-0.038956
-0.014487
0.022229
-0.002247
0.022223
-0.026718
0.009989
0.058911
-0.087880
-0.014487
-0.002247
-0.014488
-0.014490
0.071183
0.046676
0.009980
-0.051165
0.034443
0.058874
-0.014469
-0.038920
-0.014475
0.034430
-0.026697
0.034425
0.009974
-0.087827
-0.038947
0.071138
-0.026703
0.083322
0.009971
0.022184
0.058806
-0.014455
0.009960
0.034367
0.009954
0.009953
0.009951
-0.051052
-0.002247
-0.026659
-0.002247
0.009959
0.034362
-0.026653
-0.026659
0.022164
-0.002247
-0.002247
0.022158
0.009953
-0.051058
0.034362
-0.014449
-0.002247
-0.002247
-0.014451
0.034358
0.034345
0.034331
-0.014439
0.034322
0.022125
-0.026620
-0.002247
0.046491
0.022113
-0.002247
-0.014427
-0.002247
-0.038795
0.022119
-0.075365
-0.002247
-0.014439
0.009944
0.022131
-0.026626
0.058687
-0.038804
-0.014436
-0.038822
0.009945
-0.014440
0.009945
-0.051028
0.009950
0.009948
0.034331
-0.026632
-0.038835
0.034340
-0.026638
-0.087660
0.107556
0.022137
0.022131
0.009939
-0.038813
0.022131
0.034309
-0.002247
-0.038804
0.009939
0.046485
0.009932
0.009931
0.058621
-0.002247
0.009922
END
