y[]
0.022168
0.010194
-0.001775
-0.013745
-0.001775
0.010194
-0.013745
-0.013746
-0.001775
-0.001775
-0.013748
-0.001775
-0.001775
0.010197
-0.013748
-0.073640
-0.049714
0.022197
-0.001775
0.022191
-0.013758
-0.037732
-0.001775
-0.001775
0.010211
0.034176
0.010206
-0.013756
-0.001775
0.010206
-0.049708
-0.013762
-0.001775
-0.001775
-0.001775
0.022197
-0.001775
-0.013761
0.010210
0.010209
0.010207
-0.013758
-0.001775
-0.001775
0.010207
-0.001775
-0.001775
-0.025742
0.010209
-0.001775
-0.025745
-0.001775
0.010210
-0.001775
0.010209
-0.013759
-0.001775
0.010209
-0.013759
-0.001775
-0.001775
-0.013761
-0.001775
0.010210
-0.013761
-0.001775
-0.001775
-0.013762
-0.001775
-0.013764
-0.025756
-0.013768
0.010217
0.010216
-0.013767
-0.025762
0.022211
0.010216
-0.013767
-0.013768
0.022208
-0.013767
-0.001775
0.010216
-0.025759
-0.001775
0.022208
-0.013767
-0.013768
0.010217
-0.013768
-0.001775
-0.001775
0.010217
-0.013768
0.022208
-0.037753
-0.013771
-0.001775
-0.001775
0.022214
-0.001775
-0.001775
-0.001775
-0.013769
-0.013771
-0.001775
-0.013772
0.010222
-0.013772
0.010222
-0.013772
-0.001775
0.010222
-0.013772
-0.001775
-0.013774
-0.001775
-0.001775
-0.001775
-0.013775
-0.001775
-0.001775
0.070202
0.010216
-0.001775
-0.013767
-0.025762
0.046192
-0.001775
0.046169
0.010207
0.010206
-0.001775
0.010204
-0.001775
0.010203
0.022177
0.034142
-0.061645
0.046123
0.010196
0.022162
0.022157
-0.025707
-0.061631
0.010199
0.046106
-0.025713
0.034129
-0.025710
-0.025716
-0.037697
0.070055
0.022157
0.069986
0.010180
-0.001775
0.034082
-0.013726
-0.001775
-0.001775
0.022125
-0.001775
0.022119
-0.061523
-0.013729
0.010178
-0.085482
-0.001775
-0.109502
0.093987
0.022151
0.034103
-0.037654
-0.013738
0.046066
-0.001775
0.010181
-0.037650
-0.037663
0.022151
0.022145
0.022139
-0.025690
0.010183
-0.085512
-0.097561
-0.013755
0.046135
0.034142
-0.001775
0.046094
-0.013741
-0.097549
0.010201
0.010200
-0.025727
-0.073666
0.046158
0.034159
0.058087
0.010193
-0.037684
0.081992
0.010186
0.046054
0.034082
0.010174
0.022119
-0.061523
0.022128
0.010174
0.022119
0.057937
0.010163
-0.025653
0.022102
0.010161
-0.013712
-0.025653
0.045974
-0.037586
0.093690
-0.025633
-0.025639
0.010157
-0.025642
0.010159
-0.013709
-0.013711
-0.001775
0.010160
-0.037586
0.022100
0.022094
0.010157
-0.025642
-0.013711
-0.001775
-0.073417
0.057930
-0.013714
-0.013715
-0.013716
0.010166
0.022102
0.022097
-0.001775
-0.001775
-0.013711
0.034026
-0.025642
-0.001775
0.022091
-0.025642
-0.013711
0.034026
-0.001775
-0.025642
-0.001775
0.093656
-0.025625
-0.025630
-0.025636
-0.013708
-0.001775
0.034018
0.010153
0.022077
-0.037556
-0.049502
0.022091
-0.037577
-0.001775
0.034026
-0.013708
-0.001775
-0.001775
0.034018
0.022080
0.022074
0.236405
-0.037466
-0.013675
0.010124
-0.013675
0.105272
0.081404
0.010102
-0.025531
-0.049304
0.033873
0.033860
0.045719
0.116863
-0.025492
-0.001775
0.010084
-0.025495
-0.001775
0.057512
-0.025486
-0.001775
-0.049214
-0.001775
0.010086
0.033801
0.010081
0.069332
0.021916
-0.001775
-0.001775
-0.001775
0.033751
0.057407
0.033717
-0.001775
-0.001775
-0.013605
-0.037272
-0.013610
-0.001775
0.010060
0.033721
0.010054
-0.013605
0.021882
0.010051
0.010050
-0.001775
-0.025427
-0.025433
-0.013606
-0.001775
0.010055
0.010054
-0.025436
0.010055
-0.013606
-0.013608
-0.001775
-0.001775
0.092843
0.021865
-0.013595
0.069121
0.092676
-0.048990
-0.025391
-0.049023
-0.001775
-0.025408
-0.001775
-0.037234
-0.013598
-0.037251
0.057344
-0.025419
-0.013599
-0.049085
0.010054
-0.025436
-0.037276
-0.037289
-0.013616
0.010065
0.010064
-0.025455
0.021904
-0.013615
0.033738
-0.001775
-0.013612
-0.025452
0.010064
-0.001775
-0.025455
-0.013617
0.057421
0.021893
-0.025444
-0.025450
0.010062
-0.001775
0.033730
0.033717
-0.025436
-0.013608
0.021888
-0.013606
0.021885
0.021879
0.010050
-0.001775
-0.001775
0.021871
-0.001775
0.010046
-0.001775
-0.037243
0.010048
-0.025424
-0.013602
-0.013603
0.033704
-0.001775
-0.013601
0.069155
0.021857
0.021851
-0.001775
-0.108140
-0.013601
0.080972
-0.049051
-0.025422
-0.025427
-0.037264
-0.013608
0.033717
0.021879
-0.025430
0.021879
-0.001775
-0.013602
0.045523
-0.013598
-0.013599
0.021871
-0.001775
-0.013598
-0.013599
0.021871
-0.001775
-0.001775
-0.025422
-0.013601
0.010050
0.021871
0.010046
0.010044
-0.001775
-0.025416
-0.060901
-0.025436
-0.060950
0.081060
-0.013605
-0.037272
-0.037285
0.010062
-0.013613
-0.001775
-0.001775
-0.001775
-0.013615
-0.001775
-0.013616
-0.001775
-0.001775
-0.013617
0.033746
-0.001775
-0.013615
-0.001775
-0.001775
0.010064
-0.001775
-0.001775
0.010062
0.010061
-0.001775
0.010060
-0.025447
0.010061
-0.001775
0.045556
-0.001775
-0.013606
0.021885
-0.025436
0.021885
0.010053
-0.013603
-0.013605
-0.001775
-0.013606
-0.001775
0.010055
-0.025438
-0.001775
-0.025444
-0.013612
0.021896
-0.013610
-0.013612
-0.001775
-0.013613
0.033734
-0.001775
-0.001775
-0.001775
-0.001775
0.010058
-0.013609
-0.001775
-0.001775
-0.013610
0.010060
-0.001775
0.010058
-0.001775
-0.001775
-0.001775
-0.001775
-0.001775
-0.013609
-0.013610
-0.001775
0.010060
-0.013610
0.010060
-0.025447
0.021896
-0.001775
0.010058
-0.001775
-0.001775
0.010057
-0.013608
0.010057
-0.001775
-0.013608
-0.001775
0.010057
-0.001775
-0.001775
-0.013608
-0.013609
-0.001775
-0.013610
0.021893
-0.001775
-0.001775
-0.001775
-0.001775
-0.001775
-0.001775
-0.001775
-0.001775
-0.001775
-0.001775
-0.001775
0.010057
-0.001775
-0.013608
0.010057
-0.013608
-0.001775
-0.001775
-0.001775
-0.025444
0.010060
-0.001775
0.010058
-0.001775
-0.025444
-0.001775
-0.001775
0.010060
-0.001775
0.010058
-0.013609
-0.001775
-0.001775
-0.001775
-0.013610
-0.001775
-0.001775
0.021893
-0.001775
-0.013609
0.010058
-0.001775
-0.013609
0.010058
-0.001775
0.010057
-0.001775
-0.013608
-0.001775
-0.001775
0.021888
-0.013606
0.010055
-0.013606
0.010055
0.010054
-0.013605
0.021882
-0.001775
-0.013603
-0.001775
-0.001775
-0.001775
0.010053
-0.013603
-0.001775
-0.013605
0.010054
-0.013605
0.010054
-0.001775
-0.001775
-0.060936
0.010060
-0.001775
-0.001775
0.010058
0.021888
-0.025438
0.010057
-0.049113
0.010061
-0.001775
-0.013612
-0.001775
-0.001775
0.010061
-0.013612
0.010061
0.010060
0.010058
0.010057
0.010055
-0.001775
-0.001775
-0.025438
-0.001775
0.021888
-0.025438
0.010057
0.010055
0.021882
0.010051
0.010050
0.010048
0.021868
-0.013596
0.021865
0.021860
-0.001775
-0.037230
0.021862
-0.025413
-0.025419
0.010047
0.021865
-0.037238
-0.001775
0.033688
0.010043
0.033671
-0.037222
0.021857
-0.001775
-0.013591
-0.001775
0.021854
0.021849
0.010034
-0.025396
-0.025402
0.010039
-0.013589
-0.037226
-0.013595
0.010044
-0.013595
0.021862
-0.013594
0.010043
0.033671
0.010037
0.010036
0.010034
0.021840
-0.025391
0.010033
0.010032
-0.013582
-0.001775
0.010032
-0.025391
0.021840
-0.001775
-0.025391
-0.013585
-0.013587
-0.025402
0.010039
-0.001775
0.010037
-0.025402
0.021851
-0.001775
0.010036
-0.013587
0.010036
-0.001775
-0.001775
-0.001775
-0.013587
-0.001775
-0.025402
0.033663
-0.013587
-0.013588
0.010037
0.021846
-0.001775
-0.001775
-0.025396
-0.001775
-0.001775
0.010036
-0.001775
0.033650
-0.025391
-0.001775
-0.013585
-0.037213
0.010039
-0.001775
-0.001775
-0.037222
END
