y[]
0.014955
0.039311
0.051470
0.087936
0.075712
-0.045848
-0.033709
-0.009391
0.014935
-0.009391
0.027097
0.014933
0.039244
0.027079
-0.058007
0.063551
0.039222
0.002772
0.051351
-0.033660
0.014918
0.027059
0.039191
-0.033647
0.014913
-0.070096
0.002772
0.063500
0.051328
-0.009364
-0.070079
0.039204
0.075597
0.014904
0.051287
0.063382
0.123882
-0.045654
-0.021450
-0.045689
0.111777
0.063279
-0.045630
-0.045654
-0.069911
-0.033589
-0.021476
0.051263
-0.118499
-0.057918
-0.021514
-0.057970
-0.058007
0.014931
-0.094540
-0.082453
0.002772
0.100167
-0.058088
0.039293
-0.045925
0.087977
-0.009395
-0.021568
-0.094646
-0.131333
0.063752
0.051529
-0.021603
-0.033802
-0.021618
0.039355
0.002772
0.051529
-0.131366
-0.021636
0.039382
0.027171
-0.021627
0.027171
0.002772
0.002772
0.002772
-0.009427
0.027168
0.051547
-0.009419
0.002772
0.002772
0.027154
0.014961
0.014959
0.014958
-0.009413
0.014958
0.002772
0.014956
-0.009412
-0.021600
0.002772
-0.009416
0.002772
0.002772
0.027148
0.002772
-0.009415
-0.033798
0.027154
-0.009418
0.088070
0.075827
0.002772
0.027112
0.014940
-0.033735
-0.009400
-0.021576
0.014947
0.039289
-0.033744
0.014946
0.014944
-0.009400
0.002772
-0.009401
0.039289
-0.009398
0.014943
0.014941
-0.009397
0.014941
0.002772
0.002772
0.002772
0.027106
0.014937
0.002772
0.027097
-0.033717
-0.009394
0.014938
0.027100
0.014934
0.002772
-0.009390
-0.021556
0.014937
-0.009392
0.014937
-0.009392
-0.009394
-0.009395
-0.009397
-0.009398
-0.033749
0.002772
0.002772
0.002772
-0.009404
0.027124
0.002772
0.002772
0.014946
0.002772
0.027115
-0.009398
-0.021573
0.002772
0.027118
-0.021573
-0.009403
-0.009404
0.002772
0.002772
-0.009406
-0.009407
0.002772
-0.009409
0.027133
0.027127
-0.009404
0.014949
-0.009404
-0.033766
-0.009410
0.063670
-0.009404
0.051470
-0.009400
0.039284
0.002772
-0.009397
-0.021570
0.002772
0.014944
-0.033749
0.002772
0.002772
-0.009404
-0.033766
0.014953
0.002772
0.014952
-0.009407
-0.009409
-0.009410
0.014955
0.002772
0.002772
-0.009410
0.002772
-0.021597
0.014958
-0.009413
0.014958
0.027139
0.002772
0.014953
0.027130
-0.021585
0.014952
0.014950
-0.009406
-0.009407
0.014952
0.063648
0.002772
0.014943
0.002772
-0.009398
0.027112
0.014940
0.002772
-0.021565
-0.009398
-0.009400
-0.009401
-0.387567
0.002772
0.002772
0.002772
0.002772
0.002772
-0.009450
-0.021678
0.027222
-0.046133
0.015001
-0.021687
0.051684
-0.033909
0.002772
0.015001
0.002772
0.027225
-0.009453
0.014998
0.014996
-0.009452
-0.009453
-0.033914
0.002772
0.039458
-0.058379
0.015005
-0.009461
-0.021699
0.002772
0.027243
-0.021699
0.015008
0.015007
0.015005
0.002772
0.039463
-0.058386
0.027240
0.002772
0.039463
-0.107340
0.015013
-0.021711
0.039494
0.015010
0.051708
0.015002
0.088342
-0.021669
0.027213
0.014990
-0.131710
-0.021699
0.100620
-0.082839
0.039472
0.002772
-0.082881
-0.009470
-0.009471
-0.119747
0.002772
-0.046277
0.027300
0.064066
-0.046259
0.002772
-0.021753
0.015035
-0.046289
0.027306
-0.009494
0.039566
0.076320
0.002772
0.027276
-0.009479
0.112979
-0.033950
-0.058461
0.027270
-0.021726
0.051762
0.002772
-0.021720
-0.009476
0.063998
-0.021714
0.039499
-0.046199
-0.070730
-0.046259
-0.046283
-0.009495
-0.034040
-0.107745
-0.058679
0.015066
0.051930
0.027342
-0.095544
-0.034121
-0.255865
0.015103
-0.021892
-0.021898
-0.034244
-0.034258
0.027461
0.076801
-0.009562
-0.009564
0.101416
0.039739
0.027409
-0.132804
0.002772
0.027436
-0.034226
-0.009564
-0.071274
0.052143
0.002772
-0.034253
-0.009573
0.064482
0.089101
-0.120578
0.101465
0.052082
-0.046537
-0.058899
0.064444
0.015102
-0.021889
-0.095932
0.002772
-0.046617
-0.071357
-0.034313
-0.046696
0.064604
0.027494
0.015131
0.002772
-0.059036
-0.021962
0.039871
0.027497
-0.034317
0.039862
0.052204
-0.021940
-0.009586
0.039844
0.027479
0.039821
0.039807
0.052131
-0.046586
-0.071311
0.052167
0.002772
0.064482
0.064444
-0.009559
0.002772
0.002772
-0.034231
-0.046586
-0.046610
0.052155
-0.108373
-0.021944
-0.120898
-0.257435
0.027583
-0.009632
0.126749
0.039935
0.052302
-0.021989
0.015154
0.077030
-0.182975
-0.096434
-0.084114
0.027605
0.002772
0.002772
0.089637
0.238169
-0.083888
0.089433
-0.071504
0.027537
0.002772
-0.096324
0.139004
0.077002
0.126366
-0.071366
-0.145669
0.039903
0.039889
-0.121005
-0.009614
-0.046788
0.002772
-0.059213
-0.108897
0.102040
-0.146167
0.164113
0.002772
-0.108897
0.064826
0.114372
0.015165
0.064711
-0.195567
0.002772
-0.084125
-0.046917
0.102126
0.027595
0.102003
-0.034428
0.027574
-0.108883
0.052412
-0.009635
-0.133814
-0.046942
0.002772
-0.034530
-0.046985
-0.009671
-0.121745
0.015231
-0.022147
0.002772
-0.096966
0.139887
0.015228
0.052579
-0.071948
-0.022147
0.065058
0.015225
-0.034590
-0.071994
0.065081
0.065043
0.065004
-0.009671
0.040097
0.002772
0.040083
-0.059421
0.127119
-0.121575
-0.071910
0.052567
-0.022122
-0.084406
0.040144
0.015226
0.052573
0.027663
0.015215
0.089832
-0.022094
-0.034539
-0.022110
0.015214
0.027651
-0.046991
0.052536
0.077371
0.002772
0.139393
-0.108994
-0.071808
-0.046979
0.040088
-0.022103
0.027648
0.102213
-0.084233
0.064927
-0.121575
0.027654
-0.022110
0.015214
-0.034557
0.040102
0.002772
-0.096805
-0.134308
0.002772
-0.047122
-0.072115
-0.009714
-0.072181
0.040256
0.002772
0.090179
-0.097128
0.152585
-0.159535
0.077716
0.002772
-0.034693
0.102647
-0.097103
-0.059700
0.090223
0.002772
0.090147
0.015248
-0.072106
0.015256
-0.097140
-0.209874
0.077876
-0.009741
-0.009743
0.002772
0.052822
0.015281
0.040289
0.015275
0.027772
0.027766
-0.097240
0.115279
-0.047215
0.052760
0.052735
0.015259
0.040223
0.040209
0.052666
-0.034646
-0.022181
0.027725
0.002772
0.002772
-0.022181
0.015250
-0.009705
0.027725
0.002772
0.002772
0.002772
-0.009704
-0.009705
0.002772
0.027725
-0.022181
-0.009707
0.027729
0.052666
-0.009699
-0.022175
0.027719
-0.009700
-0.009702
0.002772
0.015247
-0.022178
-0.009705
0.002772
0.015250
0.002772
0.015248
0.002772
-0.022181
-0.022187
-0.009710
0.002772
0.002772
0.002772
0.027735
0.015251
0.015250
-0.009705
0.015250
0.002772
0.065136
-0.034641
0.040186
0.052635
-0.034623
-0.009696
0.015240
0.002772
0.027704
0.002772
0.027697
0.052604
-0.009683
-0.059529
0.015236
0.027694
-0.009688
-0.022153
0.077529
-0.047060
-0.034618
0.002772
0.002772
0.002772
0.015237
0.015236
0.002772
-0.009691
0.015236
0.040153
0.015229
-0.059529
0.002772
-0.009693
0.002772
0.015237
-0.009693
0.027701
-0.022156
0.002772
-0.009694
0.027704
0.027697
-0.022153
0.015236
0.002772
0.015234
0.027691
0.027685
0.052579
0.027666
-0.009674
0.027663
-0.022119
0.002772
0.015219
0.015217
-0.022119
0.002772
0.015219
-0.009674
0.027663
-0.009673
0.015217
0.002772
0.002772
-0.009673
-0.022122
0.002772
0.002772
0.027666
0.002772
0.002772
-0.009674
-0.009676
-0.009677
0.015222
0.015220
0.002772
-0.009676
0.002772
-0.059490
0.040134
-0.022134
-0.009683
0.052585
0.040116
0.002772
0.015217
-0.009673
0.015217
0.015215
0.064965
-0.009663
0.027642
0.002772
-0.034534
0.002772
-0.034548
0.052530
0.015208
0.015206
-0.009662
0.015206
0.002772
0.002772
-0.009662
0.002772
END
