y[]
0.011819
0.011818
-0.023782
0.023685
-0.011914
-0.000048
-0.000048
-0.000048
-0.011916
0.023685
-0.000048
-0.011914
-0.000048
0.011818
-0.000048
-0.000048
-0.000048
-0.000048
-0.000048
-0.000048
-0.000048
-0.011914
-0.000048
0.011818
-0.011914
0.011818
-0.011914
-0.023784
0.011820
-0.011917
-0.000048
0.011820
-0.000048
-0.000048
-0.000048
-0.000048
-0.000048
-0.000048
0.011819
-0.011916
0.011819
-0.000048
-0.011916
-0.000048
-0.011917
-0.000048
0.011820
-0.011917
-0.000048
-0.000048
0.011820
-0.000048
-0.011917
-0.000048
-0.000048
-0.000048
-0.000048
-0.000048
0.011820
-0.023787
0.011822
-0.011918
0.011822
-0.000048
-0.000048
0.011820
-0.011917
-0.011918
-0.000048
0.011822
-0.000048
0.011820
-0.000048
-0.000048
-0.000048
-0.000048
-0.011917
-0.000048
-0.000048
0.011820
-0.023787
0.011822
-0.000048
-0.011918
0.011822
-0.011918
0.023691
-0.000048
-0.000048
-0.011917
0.011820
-0.011917
-0.011918
-0.000048
0.011822
-0.000048
-0.000048
-0.000048
-0.000048
-0.035663
0.011825
-0.000048
-0.011921
-0.011923
-0.000048
0.011826
0.011825
-0.011921
-0.000048
-0.000048
-0.000048
-0.011923
-0.011924
0.011827
-0.011924
-0.035684
-0.011930
-0.000048
-0.000048
-0.023815
-0.011934
0.023722
0.011835
0.011833
-0.047582
0.059366
-0.047577
-0.011934
-0.000048
-0.000048
0.011837
-0.000048
0.011836
-0.000048
-0.035705
0.011839
-0.047605
-0.011941
0.035626
-0.000048
0.011840
0.011839
-0.011935
-0.000048
-0.011937
0.011840
-0.023827
-0.011940
-0.011941
0.035626
0.023727
-0.023824
-0.000048
-0.000048
0.011840
-0.011937
0.023727
-0.000048
-0.011935
-0.023827
0.011842
-0.011938
0.023730
-0.011937
0.011840
-0.011937
-0.011938
-0.000048
0.011842
-0.000048
-0.023830
0.035621
-0.011937
-0.000048
0.011840
-0.011937
-0.000048
-0.011938
0.011842
-0.000048
-0.011938
-0.000048
0.011842
-0.023830
-0.000048
-0.011941
-0.000048
-0.000048
-0.011942
0.011846
0.023736
0.023730
-0.023827
-0.000048
0.011842
-0.000048
-0.011938
0.023730
-0.047611
0.023736
0.035617
-0.035714
0.011842
-0.000048
-0.000048
-0.011938
-0.011940
-0.011941
0.047514
0.011839
-0.011935
0.011839
0.023722
-0.023818
0.011837
0.011836
0.011835
-0.000048
-0.011931
-0.023818
0.011837
0.011836
-0.023818
-0.011935
0.011839
-0.011935
-0.011937
0.011840
0.011839
-0.000048
-0.000048
-0.011935
0.035609
-0.000048
-0.000048
-0.011933
-0.023821
-0.000048
-0.023827
0.011842
0.011840
-0.011937
0.035613
0.011836
-0.000048
-0.000048
0.023716
0.035588
-0.023804
-0.023810
0.023713
-0.083238
-0.000048
0.059380
-0.059477
-0.011938
-0.011940
-0.035731
-0.035743
0.035647
0.047525
-0.000048
-0.059519
0.095088
-0.023824
0.011840
-0.071400
-0.047645
0.023753
0.011850
0.071312
-0.023830
0.011843
0.023730
-0.023827
0.011842
0.011840
0.023724
-0.000048
-0.011934
0.023722
0.011835
-0.011931
0.035596
-0.011928
-0.000048
-0.011930
-0.011931
0.023716
0.011832
0.035583
0.011826
-0.000048
-0.000048
-0.011923
0.035571
-0.011920
-0.000048
-0.023796
0.047441
-0.023790
-0.023796
-0.000048
-0.000048
-0.000048
-0.011924
0.011827
-0.000048
-0.000048
-0.000048
-0.011924
-0.047566
-0.000048
0.023713
-0.035693
0.011835
-0.011931
0.011835
-0.047588
-0.000048
-0.047611
0.035626
-0.011938
0.035617
-0.000048
-0.011935
-0.023827
0.011842
-0.011938
0.011842
0.035613
-0.000048
0.011836
0.011835
-0.011931
-0.000048
0.047475
-0.023807
0.023710
-0.011927
0.059331
-0.035671
0.023702
-0.011923
-0.047560
-0.011930
-0.000048
0.035592
-0.023807
0.023710
-0.000048
-0.011927
0.011830
0.011829
-0.000048
-0.000048
-0.000048
0.011827
-0.047560
-0.011930
-0.035701
-0.035714
-0.000048
0.023730
0.011839
-0.023824
-0.000048
0.011840
-0.035718
0.011843
-0.095218
0.035651
-0.035748
0.047548
-0.000048
0.023741
-0.023838
0.011847
0.011846
0.023736
0.011842
0.035613
0.023719
0.011833
0.011832
0.011830
0.023705
0.011826
-0.000048
0.071168
-0.000048
0.023679
-0.011911
-0.023779
-0.000048
-0.000048
-0.000048
-0.000048
-0.000048
-0.023784
0.011820
-0.000048
0.011819
-0.011916
-0.000048
0.023685
-0.023782
0.011819
-0.000048
-0.000048
-0.011916
0.011819
-0.023784
0.023688
-0.011916
-0.011917
-0.000048
-0.000048
-0.011918
-0.000048
-0.011920
-0.000048
-0.000048
-0.000048
-0.000048
0.011823
-0.011920
-0.000048
0.011823
-0.000048
-0.011920
0.011823
-0.011920
0.011823
-0.011920
-0.011921
-0.000048
0.011825
-0.000048
0.011823
-0.000048
0.011822
-0.011918
-0.000048
-0.000048
-0.000048
0.011822
-0.000048
0.011820
-0.000048
-0.000048
-0.023787
-0.011920
0.011823
-0.011920
0.011823
0.011822
-0.000048
-0.000048
-0.000048
-0.011918
0.011822
-0.000048
-0.000048
0.011820
-0.000048
-0.000048
-0.000048
-0.000048
-0.011917
0.011820
-0.011917
0.011820
-0.011917
0.011820
-0.011917
-0.000048
-0.000048
0.011820
-0.011917
0.023688
-0.000048
-0.000048
-0.011916
0.011819
-0.023784
-0.000048
0.011820
-0.023787
0.023691
-0.011917
-0.011918
0.011822
-0.011918
-0.011920
-0.000048
0.011823
-0.000048
-0.011920
0.011823
0.011822
-0.000048
-0.000048
-0.011918
0.011822
-0.011918
-0.000048
-0.000048
-0.000048
0.011822
-0.011918
0.023691
-0.000048
-0.011917
0.011820
-0.000048
-0.000048
-0.000048
-0.000048
-0.000048
-0.011917
0.011820
-0.000048
0.011819
-0.011916
0.011819
-0.023784
0.011820
0.011819
-0.000048
-0.011916
0.011819
-0.000048
-0.011916
-0.000048
0.011819
-0.000048
0.023682
-0.011913
-0.011914
-0.000048
0.023682
-0.000048
-0.000048
-0.011913
0.011816
-0.000048
-0.011913
-0.000048
0.011816
0.011815
-0.011911
-0.000048
-0.011913
-0.000048
0.023679
-0.000048
-0.011911
0.011815
-0.023776
0.011816
-0.000048
0.023676
-0.000048
-0.011910
0.011813
-0.000048
-0.011910
-0.000048
-0.011911
-0.011913
-0.000048
-0.000048
-0.000048
-0.000048
0.011816
-0.000048
-0.000048
-0.000048
0.011815
-0.011911
-0.000048
0.011815
-0.000048
0.011813
-0.011910
-0.011911
0.011815
-0.011911
0.011815
-0.011911
0.011815
-0.011911
-0.000048
0.011815
-0.000048
-0.000048
-0.000048
-0.011911
-0.000048
-0.011913
0.023679
-0.011911
0.023676
-0.000048
-0.023773
-0.000048
0.023676
-0.023773
0.035537
-0.011909
-0.000048
0.011812
-0.000048
-0.023770
-0.000048
0.023674
-0.023770
-0.000048
0.011813
-0.023773
-0.000048
0.011815
-0.000048
-0.000048
-0.047509
-0.023787
-0.011920
-0.011921
-0.000048
0.011825
-0.023796
0.011826
0.023696
0.023691
-0.023787
0.047424
-0.011914
-0.023784
0.011820
-0.000048
-0.011917
0.011820
-0.000048
-0.011917
-0.023790
0.011823
-0.000048
0.011822
-0.011918
-0.000048
-0.000048
-0.011920
0.011823
-0.011920
-0.000048
0.011823
0.035558
-0.023784
0.023688
-0.023784
-0.011918
0.011822
0.023688
-0.011916
-0.011917
0.011820
-0.000048
-0.000048
-0.000048
-0.000048
0.011819
-0.000048
-0.000048
0.011818
0.011816
0.011815
-0.011911
-0.000048
-0.023779
0.023682
0.011815
-0.023776
-0.000048
0.023679
-0.000048
-0.011911
-0.011913
0.011816
-0.011913
0.011816
0.011815
-0.000048
-0.000048
-0.023776
-0.000048
-0.011914
-0.023784
-0.011918
-0.000048
0.023691
0.011819
-0.011916
0.011819
-0.023784
-0.000048
-0.023790
0.011823
0.023691
-0.000048
-0.000048
0.011819
-0.023784
0.011820
-0.000048
-0.011917
-0.000048
0.011820
-0.000048
-0.000048
0.011819
-0.011916
0.011819
-0.000048
0.011818
-0.011914
-0.000048
0.023682
-0.011913
-0.000048
-0.035650
0.011820
0.035549
0.023676
-0.011910
-0.011911
-0.000048
END
