y[]
0.026335
-0.000865
0.012732
-0.028061
-0.068887
0.026350
-0.000865
-0.028079
0.012744
0.012742
0.012740
0.026339
0.135042
0.107728
-0.000865
-0.028002
0.053402
0.107581
0.161583
0.026184
0.026177
-0.027906
-0.027914
-0.041452
-0.027932
0.026203
-0.014397
0.026199
-0.000865
-0.027928
0.080304
-0.041441
-0.014394
0.053241
0.039695
0.066698
-0.041397
0.053175
-0.000865
-0.014372
-0.000865
0.026148
-0.014370
-0.041391
-0.000865
0.026155
-0.000865
0.066653
-0.027866
-0.000865
-0.014368
-0.000865
0.026140
0.053124
-0.014359
0.066589
0.053066
0.012613
-0.000865
-0.000865
0.026086
-0.014339
0.039553
-0.014335
0.026075
-0.027804
0.026075
-0.000865
-0.027804
-0.014337
0.053015
-0.000865
-0.014332
-0.014334
-0.014335
-0.014337
-0.027815
0.026086
-0.027815
-0.014343
0.012613
-0.014343
-0.014344
-0.000865
0.012615
-0.000865
-0.014344
-0.000865
0.012615
-0.041310
0.012619
-0.014348
-0.000865
0.012619
0.026097
-0.000865
-0.041310
0.039580
-0.041310
-0.014350
-0.014352
-0.014354
-0.041342
0.039613
-0.014355
-0.000865
-0.000865
-0.000865
0.093532
-0.054795
0.012621
-0.000865
-0.014350
0.012621
-0.014350
-0.014352
-0.000865
0.012622
-0.014352
-0.027844
-0.000865
0.026115
-0.000865
0.026108
-0.014350
0.026104
-0.000865
-0.081793
-0.041353
-0.041370
-0.000865
-0.041386
0.026151
-0.054904
-0.000865
0.039668
-0.014374
0.026151
-0.122495
-0.027914
0.039706
0.039690
-0.041419
-0.014386
-0.000865
0.039695
-0.054948
-0.014390
-0.000865
-0.176861
-0.014416
-0.014418
0.012688
0.012686
-0.000865
0.053321
-0.041501
-0.000865
-0.027965
0.012686
-0.000865
0.012685
-0.000865
-0.014414
-0.000865
-0.027969
0.026239
-0.014416
-0.014418
0.012688
-0.000865
0.012686
-0.027969
-0.000865
-0.014419
-0.041540
-0.000865
0.012696
-0.027987
0.012697
-0.000865
0.039811
0.012690
-0.014419
-0.000865
-0.000865
-0.000865
-0.000865
0.012690
-0.014419
0.012690
0.012688
-0.014418
0.026239
-0.000865
0.026232
-0.014412
0.012683
-0.000865
-0.000865
-0.000865
0.012681
-0.014410
-0.000865
-0.027961
0.012685
0.012683
0.026225
-0.000865
-0.014408
-0.000865
0.012679
-0.000865
-0.014408
-0.000865
-0.000865
0.026221
-0.014407
0.012677
0.012675
-0.014405
-0.000865
0.012675
-0.000865
0.012674
-0.000865
-0.014403
-0.000865
-0.014405
0.012675
-0.014405
-0.027950
-0.014410
0.026225
-0.014408
-0.041507
-0.014416
-0.027972
0.012690
0.012688
-0.000865
-0.000865
-0.014418
-0.000865
0.012688
-0.027972
0.012690
-0.014419
0.012690
-0.000865
-0.000865
-0.000865
-0.000865
-0.000865
-0.000865
-0.000865
-0.000865
-0.000865
-0.000865
-0.000865
-0.000865
-0.000865
0.012688
-0.000865
-0.000865
-0.000865
0.026236
0.012683
-0.000865
-0.000865
-0.027961
0.026232
-0.027961
-0.014416
0.012686
-0.000865
0.012685
-0.014414
0.012685
0.012683
-0.014412
-0.014414
0.012685
-0.014414
0.012685
-0.027965
0.012686
-0.000865
-0.000865
0.012685
-0.000865
0.012683
-0.000865
-0.014412
0.012683
-0.000865
-0.014412
-0.014414
0.012685
-0.000865
-0.027965
0.012686
-0.027969
-0.000865
0.012688
-0.000865
-0.014418
0.012688
-0.000865
-0.000865
-0.014418
0.012688
0.026236
-0.000865
-0.014414
-0.014416
-0.000865
-0.014418
-0.000865
-0.000865
0.012688
-0.000865
-0.027972
-0.014421
-0.000865
-0.000865
-0.000865
-0.000865
-0.041545
-0.014429
0.012699
-0.000865
0.026258
-0.014425
0.026254
0.026247
-0.014419
-0.014421
-0.000865
-0.000865
0.026247
-0.000865
-0.000865
0.012688
0.012686
0.026232
-0.014412
-0.055073
-0.041540
-0.000865
-0.000865
0.012696
-0.000865
-0.000865
-0.000865
0.012694
-0.014423
0.012694
-0.000865
0.026247
-0.000865
-0.027976
0.012692
-0.000865
-0.000865
-0.000865
-0.027980
-0.014425
-0.000865
-0.000865
-0.027991
0.026261
0.012696
0.012694
-0.027983
-0.000865
-0.027991
-0.027998
0.012703
-0.055146
0.080546
-0.014429
-0.041567
0.053402
-0.000865
-0.014429
-0.000865
0.026261
-0.000865
0.012696
-0.000865
-0.014425
-0.027991
-0.014430
0.026265
-0.000865
-0.000865
0.012697
-0.014427
-0.000865
0.012697
-0.000865
-0.027991
-0.014430
-0.000865
0.012701
-0.027998
-0.014434
0.026272
-0.000865
-0.000865
-0.014432
0.012703
0.012701
-0.000865
0.012699
-0.027994
0.012701
0.012699
-0.014429
-0.000865
-0.000865
0.012699
-0.014429
-0.000865
0.012699
-0.027994
-0.000865
-0.000865
0.012701
-0.027998
-0.028005
-0.028013
0.026283
0.012707
-0.000865
-0.000865
0.012705
-0.000865
-0.000865
0.012703
-0.068721
0.026283
-0.014438
0.039849
0.012703
-0.014432
-0.000865
0.026269
-0.014430
-0.028002
0.012705
-0.000865
0.012703
0.012701
-0.000865
-0.000865
-0.041567
-0.000865
-0.000865
-0.028009
-0.000865
-0.041595
0.039866
-0.000865
-0.000865
0.026280
-0.014436
-0.014438
-0.000865
0.012708
-0.000865
-0.000865
-0.000865
-0.000865
-0.014438
-0.014440
0.012710
0.026280
-0.014436
0.026276
-0.000865
0.012703
-0.000865
-0.000865
0.039827
0.012696
0.080458
-0.041518
-0.000865
-0.000865
-0.014419
-0.014421
0.066900
-0.055073
0.080436
-0.014410
-0.000865
-0.014412
-0.014414
-0.014416
-0.000865
0.026236
-0.000865
0.120996
-0.082088
-0.149946
-0.000865
-0.068703
-0.000865
-0.014438
-0.041595
-0.014445
-0.095980
0.026320
-0.082442
0.012736
0.121460
0.094173
-0.068739
-0.014445
0.148419
0.066918
0.012686
-0.109325
-0.109442
0.067010
-0.014436
0.094096
-0.014425
0.039811
-0.014421
0.012692
0.026243
0.053329
-0.041507
-0.014416
-0.000865
-0.055087
0.026250
0.134600
0.080326
0.039706
-0.000865
0.026173
-0.041424
0.107258
-0.027884
-0.014377
-0.041413
-0.000865
-0.027906
-0.000865
0.012657
-0.095555
-0.041474
-0.055036
-0.000865
-0.027961
-0.027969
0.066881
0.026221
-0.055043
0.066854
-0.095683
-0.014418
0.026239
0.012685
0.066854
-0.014405
0.012675
-0.000865
-0.055036
0.039766
0.012675
-0.000865
-0.000865
-0.000865
-0.000865
-0.041490
0.039761
0.093864
-0.014392
-0.014394
0.012664
-0.027925
-0.014397
0.012668
0.012666
-0.000865
0.026192
-0.014392
-0.027925
-0.068547
-0.000865
-0.000865
-0.055043
0.012683
0.039766
-0.000865
-0.000865
-0.095696
-0.055095
0.012696
-0.000865
0.026250
0.026243
0.012686
-0.068638
-0.014425
0.107566
-0.041512
0.039783
-0.055065
0.012688
-0.014418
-0.000865
-0.000865
-0.055095
-0.000865
0.026254
-0.027983
0.026254
-0.014423
0.012694
-0.095812
-0.055161
-0.000865
-0.028024
0.026295
-0.014443
-0.028027
0.039877
-0.014443
0.039866
0.026280
-0.028009
-0.095928
0.053468
0.039866
-0.055176
0.039871
0.080558
0.107595
0.012685
-0.000865
-0.000865
0.066854
-0.014405
0.026214
-0.014403
-0.000865
-0.000865
-0.000865
0.012674
-0.014403
0.012674
-0.000865
-0.000865
0.012672
-0.000865
0.026203
-0.000865
-0.014397
0.012668
-0.000865
0.012666
-0.027928
0.012668
-0.014397
-0.000865
0.012668
0.012666
-0.000865
-0.014396
-0.000865
-0.000865
0.012666
-0.000865
-0.000865
-0.014396
-0.000865
-0.027932
0.026203
-0.014397
-0.000865
-0.000865
-0.014399
0.026203
0.012666
-0.000865
-0.000865
-0.014396
0.012666
0.039717
-0.000865
0.012659
-0.014388
-0.000865
0.012659
-0.000865
0.012657
-0.014386
-0.014388
-0.027917
0.012663
-0.000865
-0.014392
-0.000865
-0.000865
-0.014394
0.026192
0.012661
-0.014390
-0.000865
-0.014392
0.026188
-0.000865
-0.000865
-0.000865
-0.000865
0.039701
0.012653
0.012652
-0.054941
-0.000865
-0.014388
0.039701
-0.000865
-0.014385
-0.014386
0.053211
-0.000865
-0.041419
0.026173
0.012652
-0.000865
END
