y[]
-0.000139
-0.000139
-0.000139
-0.000139
-0.025787
0.012686
-0.000139
-0.000139
-0.000139
0.012684
-0.000139
-0.000139
-0.000139
-0.000139
-0.012962
0.012684
-0.000139
-0.000139
-0.012962
0.025505
-0.000139
-0.012960
-0.000139
0.012682
-0.012960
-0.000139
-0.025787
0.012686
-0.012964
0.025508
-0.012962
-0.012964
-0.000139
0.012686
-0.000139
-0.000139
-0.000139
-0.000139
-0.012964
0.012686
-0.012964
-0.000139
0.025508
-0.025787
-0.000139
-0.000139
-0.000139
-0.000139
-0.000139
-0.012965
-0.000139
-0.012967
0.012689
-0.000139
-0.012967
-0.000139
0.012689
-0.012967
-0.000139
0.012689
-0.012967
-0.000139
-0.000139
0.012689
0.012687
-0.012965
0.012687
-0.025793
0.025515
-0.000139
0.025508
-0.038613
0.012687
0.012686
-0.000139
-0.000139
-0.000139
-0.000139
-0.012964
-0.012965
0.012687
0.025508
-0.025787
-0.012965
0.012687
-0.012965
0.012687
-0.000139
-0.012965
0.025512
0.012684
0.012682
-0.000139
-0.000139
0.012681
-0.012959
-0.000139
-0.000139
0.012681
-0.012959
0.012681
-0.000139
0.012679
-0.012957
-0.000139
0.012679
-0.000139
0.012677
-0.012956
-0.012957
-0.012959
0.012681
0.012679
0.012677
-0.012956
-0.000139
-0.000139
-0.000139
0.012677
0.012676
-0.000139
0.012674
-0.012952
0.025485
0.012671
0.012669
0.012667
-0.025754
-0.025760
-0.000139
-0.000139
0.012672
0.012671
-0.012949
-0.000139
-0.000139
-0.012951
-0.012952
0.012674
-0.025767
0.012676
-0.000139
-0.012954
-0.012956
-0.000139
-0.000139
-0.012957
0.012679
0.025492
-0.025770
-0.000139
0.012677
0.012676
0.012674
-0.012952
-0.025770
0.012677
-0.012956
-0.012957
-0.000139
0.012679
-0.012957
-0.000139
0.012679
-0.000139
0.012677
-0.000139
-0.000139
0.012676
-0.012954
0.038300
0.025479
-0.012947
0.012669
0.012667
0.025469
-0.000139
-0.012942
0.025466
-0.012941
-0.012942
0.012664
-0.000139
0.038261
0.089404
-0.051297
-0.000139
-0.025728
-0.000139
-0.000139
0.012656
-0.025731
0.012658
0.012656
0.025446
0.038227
-0.025715
-0.012929
0.012651
0.038222
-0.000139
0.038207
-0.076846
-0.038515
-0.038529
-0.012939
-0.000139
-0.000139
0.025459
0.038246
-0.000139
-0.025728
-0.012936
0.025453
-0.012934
-0.000139
0.038241
0.012651
-0.000139
-0.025721
-0.000139
-0.051323
-0.038544
0.012664
-0.000139
0.025463
-0.012939
-0.000139
-0.012941
0.012663
-0.012941
0.025463
0.012659
0.038246
-0.000139
0.051018
-0.012926
0.012648
-0.000139
0.012646
-0.012924
-0.000139
-0.012926
0.025433
-0.051290
-0.012931
-0.000139
0.012653
0.012651
-0.000139
0.012649
-0.025718
-0.038519
0.025449
-0.000139
-0.000139
-0.012933
-0.025731
-0.025737
0.012661
-0.000139
0.012659
-0.000139
-0.025737
-0.000139
0.025459
-0.000139
0.012658
-0.012936
-0.038539
0.025463
0.012659
-0.025737
0.012661
0.012659
-0.000139
-0.000139
-0.000139
-0.038539
0.012663
-0.012941
0.012663
0.025459
-0.025737
-0.025744
-0.000139
0.012664
-0.012942
-0.000139
-0.025751
0.025472
-0.012944
0.012666
-0.000139
0.012664
0.012663
-0.012941
0.012663
-0.012941
-0.012942
0.025466
0.012661
0.025456
-0.000139
-0.000139
-0.000139
0.012656
-0.012934
-0.000139
-0.000139
-0.025734
-0.000139
-0.000139
-0.000139
-0.000139
-0.012939
-0.000139
-0.000139
0.012661
-0.012939
-0.012941
0.012663
-0.012941
0.012663
0.012661
-0.000139
-0.000139
-0.012939
-0.000139
0.025459
0.012658
0.012656
0.012654
0.025443
-0.025721
-0.012933
-0.000139
0.025446
-0.000139
-0.000139
0.012651
-0.000139
-0.076905
0.012659
0.025453
-0.025731
-0.038539
-0.000139
0.038261
-0.012937
0.025456
-0.012936
0.012658
-0.012936
0.012658
0.012656
-0.000139
-0.000139
-0.012934
0.012656
0.025446
-0.012931
-0.000139
-0.025728
-0.051336
0.012663
0.025459
0.012658
-0.012936
-0.012937
0.012659
-0.012937
-0.000139
0.012659
-0.012937
0.012659
-0.012937
-0.000139
-0.000139
-0.000139
0.012659
-0.025737
0.012661
0.012659
-0.012937
-0.000139
0.012659
-0.012937
-0.000139
-0.000139
-0.000139
-0.000139
-0.000139
0.012659
-0.000139
0.012658
-0.000139
-0.000139
-0.000139
-0.000139
-0.000139
0.012656
-0.000139
-0.000139
0.012654
-0.000139
-0.000139
0.012653
-0.012931
-0.000139
0.012653
0.012651
-0.000139
-0.000139
0.012649
-0.012928
-0.000139
0.012649
-0.000139
0.012648
-0.012926
-0.000139
-0.000139
-0.000139
-0.000139
0.025433
-0.012924
-0.000139
-0.000139
-0.000139
-0.000139
-0.012926
0.012648
0.025430
0.012643
0.012641
0.012640
-0.000139
0.012638
-0.000139
-0.025695
0.025417
-0.012916
0.012638
0.102019
-0.000139
-0.012903
-0.000139
-0.000139
-0.025672
-0.000139
-0.012908
-0.000139
-0.000139
-0.000139
-0.012910
-0.000139
-0.000139
0.025400
-0.000139
-0.000139
-0.000139
-0.000139
-0.000139
-0.000139
-0.000139
-0.000139
-0.012908
0.012630
-0.025679
-0.012911
0.025404
-0.000139
-0.012910
0.012631
-0.012910
-0.000139
-0.000139
-0.000139
0.012631
-0.000139
-0.012910
-0.000139
-0.012911
0.012633
-0.012911
-0.012913
-0.000139
0.025407
-0.000139
-0.012911
-0.000139
-0.000139
0.012633
-0.012911
-0.000139
0.025404
-0.012910
-0.000139
-0.000139
0.012631
-0.012910
-0.000139
-0.000139
-0.000139
0.025400
-0.025679
0.012631
-0.012910
0.012631
-0.000139
-0.000139
0.012630
-0.012908
-0.000139
-0.000139
-0.000139
-0.012910
-0.000139
-0.012911
-0.000139
-0.000139
0.012633
0.012631
-0.012910
-0.000139
-0.000139
-0.000139
-0.000139
0.012631
-0.012910
0.012631
-0.012910
0.012631
-0.012910
0.012631
-0.012910
0.012631
0.012630
-0.000139
-0.000139
-0.000139
-0.012908
0.012630
-0.000139
-0.012908
-0.000139
-0.000139
-0.012910
-0.000139
-0.000139
0.012631
-0.051231
-0.000139
-0.000139
-0.000139
-0.025695
-0.000139
0.038192
-0.012915
-0.025695
-0.025701
-0.115251
0.012658
-0.012936
-0.000139
0.051038
-0.076915
-0.012941
0.025463
-0.025741
-0.000139
-0.000139
0.038261
0.038246
-0.012933
-0.000139
-0.012934
-0.012936
-0.000139
-0.000139
-0.000139
-0.000139
-0.051342
-0.012944
-0.000139
0.012666
-0.000139
0.012664
0.012663
0.012661
0.038251
-0.012934
-0.025734
-0.000139
-0.000139
-0.012939
0.012661
-0.012939
0.038256
-0.012936
-0.000139
0.012658
-0.012936
-0.012937
0.012659
-0.000139
0.012658
-0.000139
0.012656
0.012654
-0.012933
-0.025731
0.051038
0.025440
0.025433
0.025427
-0.025705
-0.000139
-0.000139
-0.000139
0.012645
-0.012923
-0.000139
-0.000139
0.012645
-0.038495
0.012648
-0.012926
-0.025718
-0.012931
-0.012933
-0.025731
-0.000139
-0.025737
0.012661
-0.000139
-0.012939
0.012661
-0.012939
-0.012941
-0.000139
0.012663
0.038256
-0.025734
0.012659
-0.012937
-0.012939
0.051051
-0.012934
-0.000139
0.012656
-0.025731
0.038246
-0.000139
-0.012933
-0.000139
-0.012934
0.025449
-0.000139
-0.012933
-0.025731
-0.012937
-0.012939
0.012661
-0.012939
-0.000139
0.012661
-0.025741
-0.000139
0.063853
-0.012934
0.038241
-0.025724
0.012654
-0.000139
-0.000139
-0.000139
-0.000139
-0.000139
0.025443
-0.025721
-0.012933
-0.025731
0.025453
-0.000139
0.025446
-0.000139
-0.012931
-0.000139
0.025443
0.012649
-0.012928
0.012649
-0.012928
-0.025721
-0.012933
-0.115354
0.051084
-0.025747
-0.038564
0.025479
0.038276
0.038261
-0.025737
0.012661
0.051045
0.051018
-0.064090
-0.051329
0.025459
-0.025737
0.089427
0.025436
-0.038505
-0.038519
0.038241
-0.012931
-0.012933
-0.012934
-0.000139
-0.038534
0.038256
-0.051336
-0.051362
-0.000139
0.025476
-0.000139
0.025469
-0.051362
0.051084
-0.025747
-0.038564
0.025479
-0.012947
0.051084
-0.051362
END
