y[]
-0.012288
-0.035914
-0.024109
0.011336
-0.000480
0.011334
0.011333
-0.012292
0.034954
-0.012290
-0.012291
-0.035922
0.034962
-0.035922
0.011336
-0.000480
-0.000480
0.023147
0.011331
-0.024104
-0.000480
-0.012294
-0.000480
-0.000480
-0.012295
-0.012297
-0.012298
0.011338
-0.000480
-0.000480
-0.012298
-0.000480
0.011338
-0.000480
-0.000480
-0.000480
0.011337
0.011336
-0.012295
-0.000480
0.011336
-0.012295
-0.000480
-0.000480
-0.012297
-0.000480
0.011337
-0.012297
-0.024118
0.023158
-0.000480
0.023152
-0.012295
0.011336
-0.024112
-0.000480
0.011337
-0.012297
0.023152
0.011334
-0.000480
-0.012294
-0.000480
0.011334
-0.000480
-0.012294
-0.000480
-0.000480
-0.000480
-0.000480
0.011334
-0.012294
-0.000480
-0.000480
0.034958
-0.012291
-0.012292
0.023144
-0.000480
-0.000480
0.011330
-0.000480
-0.012290
-0.000480
-0.012291
-0.012292
0.023144
-0.000480
0.011330
-0.012290
-0.000480
0.023139
-0.000480
0.011327
-0.000480
-0.000480
0.023130
-0.000480
-0.012284
-0.012285
0.011326
-0.000480
-0.012285
0.011326
-0.012285
0.023130
-0.012284
0.011324
-0.000480
-0.000480
0.011323
-0.012283
0.023125
-0.012281
-0.000480
0.011322
-0.012281
0.023122
-0.000480
-0.024081
0.011322
-0.012281
-0.024087
0.023127
-0.000480
-0.012283
-0.000480
-0.012284
-0.000480
0.011324
0.034925
0.011319
-0.024079
-0.024084
-0.000480
0.023125
-0.035888
0.011324
-0.083139
0.023144
-0.059550
-0.012298
-0.024120
-0.012302
-0.000480
0.046802
-0.012298
-0.000480
0.011338
-0.024118
0.058604
-0.035926
-0.000480
-0.059585
-0.024132
0.023172
-0.012305
0.034992
-0.024126
-0.024132
0.034996
-0.047783
0.046824
0.023164
-0.000480
-0.000480
-0.024123
-0.000480
0.034983
-0.000480
0.011338
0.011337
-0.012297
-0.000480
-0.000480
-0.047761
0.034983
-0.000480
-0.012299
0.034975
-0.012297
0.023152
0.011334
-0.012294
-0.000480
0.011334
-0.012294
-0.012295
-0.000480
-0.047756
0.011341
-0.000480
-0.012301
-0.000480
-0.000480
-0.000480
0.011341
-0.012301
-0.035951
-0.012306
0.011347
0.023169
-0.000480
-0.000480
-0.000480
-0.012304
-0.012305
0.034992
-0.000480
0.011341
0.011340
-0.000480
-0.000480
-0.000480
-0.000480
-0.000480
0.011338
-0.012298
-0.000480
-0.000480
-0.000480
-0.012299
0.011340
-0.000480
-0.024120
0.011341
0.011340
-0.012299
-0.000480
-0.000480
0.023158
-0.024118
-0.047772
0.023169
-0.000480
0.011343
0.011341
0.011340
-0.000480
0.011338
0.023152
0.023147
0.011331
0.046751
-0.012285
-0.024095
0.034941
-0.047711
0.023139
-0.012288
0.011329
-0.000480
0.023133
-0.000480
-0.035901
-0.000480
-0.012290
-0.012291
-0.000480
-0.012292
0.023144
-0.000480
0.011330
-0.000480
-0.000480
0.046746
-0.000480
0.034925
0.011319
0.011318
-0.035876
0.034916
-0.000480
0.011316
-0.000480
-0.012276
-0.012277
-0.000480
-0.024079
-0.000480
-0.000480
-0.000480
0.023119
-0.000480
0.011318
-0.012277
0.023113
-0.000480
-0.000480
-0.012276
0.011316
-0.000480
-0.024073
-0.000480
-0.000480
-0.012279
0.011319
-0.000480
0.011318
0.023111
-0.094875
0.023127
-0.000480
0.023122
0.011319
-0.012279
-0.000480
-0.012280
0.011320
-0.000480
-0.000480
-0.012280
-0.000480
-0.000480
-0.000480
-0.000480
-0.000480
-0.012281
0.011322
0.011320
0.011319
-0.012279
0.011319
-0.012279
0.011319
-0.000480
-0.024079
-0.000480
-0.012281
-0.000480
0.011322
-0.012281
-0.000480
-0.000480
-0.000480
-0.000480
0.011322
-0.012281
-0.000480
-0.000480
0.011322
-0.000480
-0.012281
0.011322
-0.000480
-0.012281
0.011322
-0.012281
0.011322
-0.012281
0.011322
-0.000480
-0.012281
-0.000480
0.011322
-0.012281
0.011322
-0.000480
0.023119
-0.012279
0.011319
-0.000480
0.011318
-0.000480
-0.000480
-0.000480
-0.000480
-0.000480
-0.012277
0.011318
-0.000480
-0.000480
-0.000480
0.011316
0.011315
0.011313
-0.012273
-0.000480
-0.000480
-0.024070
-0.000480
0.011316
0.011315
-0.024070
0.011316
0.011315
-0.000480
-0.000480
-0.000480
-0.000480
-0.000480
0.011313
-0.012273
-0.012274
-0.000480
-0.000480
-0.012276
0.011316
-0.000480
-0.000480
-0.000480
-0.000480
-0.000480
-0.012276
0.011316
-0.000480
-0.012276
-0.000480
0.011316
-0.000480
-0.000480
-0.000480
0.011315
-0.012274
-0.012276
-0.000480
-0.000480
-0.000480
-0.012277
-0.012279
-0.000480
-0.000480
-0.000480
-0.000480
0.011319
-0.000480
-0.000480
-0.000480
-0.000480
-0.000480
-0.000480
0.011318
-0.012277
-0.000480
-0.000480
0.011318
-0.012277
-0.000480
-0.000480
0.023113
-0.012276
0.011316
-0.000480
-0.012276
-0.000480
-0.000480
-0.000480
-0.000480
-0.000480
-0.000480
-0.012277
-0.000480
-0.000480
0.011318
-0.012277
0.011318
-0.000480
-0.000480
-0.000480
0.011316
-0.000480
0.023108
-0.012273
-0.012274
-0.000480
0.011315
-0.012274
0.011315
-0.012274
-0.000480
-0.000480
0.011315
-0.000480
-0.012274
-0.000480
0.011315
-0.012274
-0.000480
0.023108
-0.012273
0.011313
-0.012273
0.011313
-0.012273
-0.000480
-0.000480
-0.000480
-0.000480
-0.000480
-0.012274
-0.000480
0.023108
-0.012273
-0.000480
0.011313
0.023102
-0.000480
-0.000480
-0.000480
-0.012270
-0.000480
-0.000480
-0.000480
-0.000480
0.011311
-0.000480
-0.000480
-0.000480
0.011309
-0.012269
-0.000480
-0.000480
0.011309
0.023094
-0.000480
-0.012266
-0.000480
-0.000480
-0.000480
-0.000480
-0.012267
0.011308
-0.000480
-0.000480
-0.024056
-0.000480
0.023097
-0.000480
0.011306
0.046651
-0.012260
0.011301
-0.000480
-0.000480
-0.012260
-0.012262
-0.000480
-0.035834
0.011306
-0.000480
-0.012266
-0.012267
0.011308
-0.000480
0.034875
-0.000480
-0.024048
-0.000480
0.011305
-0.024051
0.011306
-0.000480
0.034870
-0.012262
0.011302
-0.000480
0.011301
-0.000480
0.011299
-0.012259
0.011299
-0.000480
-0.047605
0.011304
-0.012263
-0.000480
-0.000480
-0.024051
-0.000480
-0.000480
-0.000480
0.011306
-0.000480
-0.012266
0.011306
-0.000480
-0.012266
0.011306
-0.012266
-0.012267
-0.012269
0.023097
-0.000480
-0.024056
0.011309
-0.012269
0.011309
-0.000480
0.011308
0.011306
0.011305
0.011304
-0.024048
-0.024054
0.034879
-0.000480
-0.000480
-0.000480
-0.012265
-0.000480
0.011305
-0.012265
-0.012266
-0.000480
0.011306
0.011305
0.023086
-0.000480
-0.000480
-0.024045
0.011304
-0.012263
-0.024051
-0.000480
0.011306
-0.012266
-0.012267
-0.035851
0.023102
0.011309
0.011308
0.023091
-0.012265
0.023088
-0.000480
-0.012263
0.023086
-0.000480
-0.024045
-0.024051
-0.035847
-0.047655
0.023111
-0.035868
-0.035880
-0.000480
0.023122
0.058500
-0.000480
-0.094864
-0.000480
-0.059515
0.034946
-0.000480
0.046735
-0.012281
-0.024087
0.011324
0.011323
0.034921
-0.047683
0.046723
-0.035880
0.011322
-0.024084
0.011323
0.023122
-0.012280
0.023119
0.034908
0.046684
0.023094
0.011305
0.023086
0.023080
-0.035822
0.011302
-0.000480
-0.012262
0.011302
0.023080
-0.024040
-0.024045
-0.024051
0.023091
0.011304
-0.012263
0.023086
-0.012262
-0.000480
-0.012263
0.046646
-0.012259
-0.000480
-0.000480
-0.012260
0.023080
0.011298
0.023072
0.011294
-0.059362
-0.012260
0.011301
0.011299
0.034850
-0.012255
0.011295
0.011294
0.023063
-0.024023
0.011293
-0.000480
-0.000480
-0.012252
-0.000480
-0.000480
-0.000480
0.011293
-0.012252
0.011293
-0.012252
0.034833
-0.012249
0.011290
-0.012249
0.011290
0.011288
-0.012248
-0.024020
0.046596
-0.082876
-0.000480
0.011295
0.023066
-0.071135
0.034854
-0.000480
0.023069
-0.000480
0.011293
-0.000480
-0.035801
0.011295
0.011294
0.034833
0.034821
-0.012245
END
