y[]
-0.012461
0.013933
0.013931
-0.012459
0.000736
0.000736
-0.012461
0.000736
0.000736
-0.012463
0.000736
0.013935
-0.012463
0.013935
0.000736
-0.012463
0.000736
0.013935
-0.012463
0.000736
0.000736
0.000736
0.000736
0.013935
0.000736
0.000736
0.000736
-0.012463
0.013935
0.000736
0.000736
-0.012463
0.000736
0.000736
0.000736
0.013935
0.000736
0.000736
0.027128
0.000736
0.000736
0.000736
-0.012459
0.027125
0.000736
0.013928
-0.012456
0.000736
-0.012457
0.013930
0.000736
-0.012457
0.000736
0.000736
0.000736
0.000736
0.000736
0.000736
0.000736
0.000736
-0.012459
0.000736
0.013931
0.000736
-0.012459
0.000736
0.000736
0.000736
0.000736
0.000736
0.040317
0.013926
0.013924
0.013923
0.000736
-0.012450
0.013923
0.000736
0.000736
0.000736
-0.012450
0.000736
0.013923
0.000736
-0.012450
0.013923
0.000736
0.013921
0.000736
0.013919
0.013917
-0.012445
0.000736
0.000736
0.013917
0.000736
-0.012445
0.000736
0.000736
0.013917
-0.012445
0.027097
-0.012443
0.013916
-0.012443
0.013916
-0.012443
0.000736
-0.012445
0.000736
0.000736
0.000736
-0.012447
0.000736
0.000736
0.000736
0.000736
0.000736
-0.012449
0.000736
0.000736
0.013921
0.000736
0.013919
0.013917
0.000736
0.000736
0.000736
-0.012445
0.000736
0.013917
-0.012445
0.000736
0.000736
0.000736
0.013917
0.000736
0.000736
-0.012445
-0.012447
0.027100
-0.025628
0.000736
0.000736
0.000736
0.013919
-0.012447
0.013919
-0.012447
0.000736
0.000736
0.013919
-0.012447
0.013919
0.000736
-0.012447
0.000736
0.013919
-0.025632
-0.012450
0.013923
0.000736
-0.038829
-0.012456
0.000736
0.000736
-0.012457
0.027121
-0.012456
-0.012457
0.013930
-0.012457
0.013930
-0.025653
0.000736
-0.025660
-0.012464
0.013937
0.000736
-0.025667
0.013938
-0.025670
0.013940
-0.025674
0.013942
0.013940
0.000736
0.013938
0.027135
-0.025663
-0.012466
0.013938
-0.012466
0.013938
-0.025670
-0.025677
0.013944
0.013942
0.000736
0.013940
0.000736
0.013938
0.040332
-0.012461
-0.038865
-0.012468
-0.012470
0.027146
0.000736
0.013938
0.000736
0.000736
-0.025670
0.000736
0.000736
-0.025677
0.040353
0.000736
0.000736
-0.012468
0.000736
-0.052097
0.013947
0.000736
0.013945
0.000736
-0.012473
-0.012475
-0.025691
0.040374
-0.012475
0.013947
0.000736
-0.012475
0.013947
-0.012475
0.000736
-0.012477
-0.012478
0.013951
0.013949
-0.025691
0.013951
0.000736
0.013949
0.000736
0.000736
0.027156
0.000736
-0.012473
0.013945
-0.025684
-0.025691
-0.038918
0.013956
0.027170
0.000736
-0.012480
0.000736
-0.025701
0.000736
0.013956
-0.012484
0.013956
0.013954
0.000736
-0.012482
0.013954
0.000736
-0.012482
0.000736
-0.025705
0.000736
0.000736
0.000736
0.000736
0.027177
-0.025705
0.000736
0.053611
0.000736
-0.025698
0.000736
0.000736
0.013954
-0.012482
-0.025705
0.040395
0.027167
-0.025694
0.013952
0.013951
-0.025694
0.013952
0.000736
0.040374
0.000736
-0.025687
0.000736
-0.118256
0.000736
0.066861
0.000736
-0.105084
-0.012499
0.080122
-0.025719
0.080080
0.053597
0.000736
0.000736
-0.065345
-0.065388
-0.025726
-0.038970
0.053674
-0.012496
0.000736
0.053653
0.013961
0.000736
-0.038944
0.027191
-0.012491
0.000736
0.080070
-0.052146
0.000736
-0.012489
-0.025719
-0.038960
0.013970
0.040427
0.013963
-0.025719
0.000736
0.000736
0.013964
-0.012492
0.013964
0.000736
-0.025722
0.066869
0.013957
-0.025708
0.027181
0.000736
0.013956
-0.052153
-0.025719
-0.012494
0.027195
0.013963
-0.012491
0.040411
-0.025712
-0.025719
0.027191
-0.025719
0.027191
-0.025719
-0.012494
0.000736
0.066869
0.000736
0.000736
0.000736
0.000736
-0.012487
-0.025715
0.027188
-0.025715
0.040411
0.013957
-0.012485
0.013957
-0.012485
0.013957
0.027174
0.000736
-0.038923
0.000736
-0.012487
0.000736
0.000736
-0.025715
0.027188
0.013959
0.000736
-0.012487
-0.012489
0.000736
0.013961
-0.012489
0.013961
0.000736
-0.052174
0.000736
0.013966
0.000736
0.027191
0.000736
-0.012491
0.013963
-0.012491
0.000736
-0.025722
-0.012496
-0.038970
-0.025743
-0.052244
0.027230
-0.012510
-0.012512
-0.012513
-0.025768
-0.052293
0.000736
0.000736
-0.025789
0.027261
0.000736
0.013996
-0.012524
0.000736
-0.078861
-0.065643
0.014015
0.014014
0.040558
0.027275
-0.012533
0.027272
-0.012531
0.000736
0.040532
-0.039060
0.027268
0.014000
0.013998
0.027254
-0.012522
-0.012524
-0.025789
0.027261
-0.025789
-0.012529
-0.012531
0.014003
0.014001
0.027261
0.000736
0.000736
0.013996
0.000736
0.000736
0.013994
0.000736
0.013993
0.013991
-0.012519
0.000736
0.000736
0.000736
-0.012520
0.000736
0.000736
0.000736
0.000736
0.000736
-0.012522
-0.012524
0.013996
0.013994
-0.012522
0.013994
0.000736
0.000736
0.000736
0.000736
0.000736
0.000736
0.000736
0.000736
0.000736
-0.012522
0.013994
-0.012522
0.000736
0.000736
0.013994
0.013993
0.000736
0.000736
0.000736
0.000736
-0.025779
0.000736
0.013994
0.000736
-0.065572
0.014001
0.000736
-0.012529
-0.065616
0.027282
-0.012536
0.014008
0.000736
0.014007
0.014005
0.000736
0.000736
0.014003
0.014001
0.000736
0.014000
0.013998
0.013996
-0.012524
0.013996
-0.039049
0.014000
0.000736
0.013998
-0.012526
-0.025793
0.040527
0.013996
0.013994
0.013993
0.027244
0.013987
0.013986
-0.025764
-0.012517
-0.012519
-0.012520
0.027247
-0.012519
0.000736
0.000736
0.000736
0.000736
0.000736
-0.012520
0.000736
0.000736
0.013993
0.000736
0.000736
-0.012520
0.000736
-0.012522
0.000736
0.000736
0.000736
0.013994
0.000736
0.013993
-0.025779
-0.012524
0.000736
0.013996
-0.025786
-0.012527
-0.025796
-0.012533
0.000736
0.000736
0.014005
0.000736
-0.012533
0.000736
0.014005
0.000736
0.000736
0.000736
0.014003
0.014001
0.000736
0.000736
-0.012529
0.000736
0.014001
0.000736
0.000736
0.000736
0.014000
0.000736
0.000736
0.013998
0.000736
0.000736
0.000736
0.000736
0.013996
0.000736
0.000736
0.000736
0.000736
0.000736
-0.012524
-0.025789
0.014000
0.000736
0.013998
0.000736
-0.012526
0.013998
0.013996
-0.025786
0.000736
0.013998
0.000736
0.013996
-0.012524
0.000736
0.000736
-0.012526
0.013998
0.000736
0.013996
0.000736
-0.012524
0.013996
-0.012524
0.013996
0.000736
0.027251
0.000736
-0.012520
0.013993
0.013991
0.000736
0.000736
0.000736
-0.012519
0.000736
0.027244
-0.025772
-0.012520
0.000736
-0.012522
0.000736
0.000736
0.000736
0.013994
-0.012522
0.000736
0.000736
0.027251
0.000736
-0.012520
0.000736
0.013993
0.027244
0.013987
0.066966
0.000736
-0.012506
0.000736
-0.012508
-0.012510
-0.012512
0.000736
0.000736
-0.012513
0.013986
0.000736
0.000736
0.000736
0.000736
-0.012513
-0.025768
-0.039033
-0.012524
-0.039054
-0.039070
0.027275
0.014003
-0.012531
-0.012533
-0.012534
0.000736
-0.052364
-0.012543
0.040569
0.000736
0.000736
0.027282
0.000736
-0.012536
0.014008
-0.012536
0.027279
0.027272
0.014001
-0.012529
0.000736
-0.012531
0.014003
-0.012531
0.027268
-0.025796
0.000736
0.014003
-0.012531
-0.012533
0.000736
-0.025807
0.000736
0.000736
-0.012538
0.027282
-0.012536
-0.012538
0.027282
0.000736
0.000736
0.027275
-0.052349
0.040553
-0.012534
-0.039086
0.000736
0.014012
0.000736
0.000736
0.040553
0.040537
-0.039065
0.014005
0.040532
-0.039060
-0.012533
0.014005
END
