y[]
-0.000488
-0.027194
0.012866
-0.013842
-0.000488
-0.013844
0.012867
0.012866
-0.000488
-0.053914
-0.013849
-0.000488
0.012873
0.026228
-0.027205
0.012871
-0.000488
0.026225
-0.000488
-0.000488
0.026218
-0.040550
0.012867
-0.000488
-0.000488
-0.013844
0.012867
-0.027201
-0.053936
0.012876
-0.013853
-0.000488
-0.000488
0.012876
-0.013853
-0.027223
0.012880
0.026243
-0.000488
-0.000488
0.012874
0.026232
-0.000488
-0.067302
-0.027226
-0.013860
0.039621
0.066325
-0.160916
0.173297
-0.027205
0.026228
-0.027205
0.052938
0.039562
0.052888
-0.120624
0.052923
-0.067257
0.012869
-0.120769
0.039621
-0.094102
0.079758
-0.040603
-0.040619
-0.107583
0.012905
0.039680
0.106550
-0.053993
0.093126
0.026243
0.026235
-0.000488
-0.053943
0.039605
-0.040582
0.012878
0.039600
-0.027212
-0.000488
-0.027219
-0.094102
0.012891
0.026264
0.052995
0.039605
0.066299
-0.000488
-0.027198
0.052923
-0.053900
-0.000488
-0.027205
0.039584
-0.040560
0.039584
-0.013844
-0.000488
-0.000488
-0.000488
0.039573
-0.000488
-0.027194
-0.027201
0.052931
0.052902
-0.053879
0.039557
-0.000488
0.039541
0.039525
-0.027162
0.012850
-0.000488
-0.013826
0.012850
-0.040507
0.026193
-0.000488
-0.000488
-0.040512
-0.040528
0.012860
-0.013837
-0.053900
0.026221
0.026214
-0.000488
-0.000488
-0.013838
-0.013840
0.039562
-0.027187
0.012862
-0.053900
0.026221
0.052909
-0.013835
0.026203
0.052874
-0.040507
-0.000488
-0.013831
0.026196
-0.027173
-0.013833
-0.000488
0.026200
-0.000488
-0.000488
-0.053871
0.012860
0.012858
-0.027183
-0.000488
0.012860
-0.027187
0.039557
-0.027183
-0.000488
0.012860
-0.000488
-0.000488
0.026203
0.012855
-0.000488
-0.040523
0.012858
-0.000488
-0.027183
0.026207
0.026200
-0.027176
-0.000488
-0.053886
0.012864
-0.000488
-0.027194
0.052916
-0.040539
0.012864
-0.013840
-0.013842
-0.013844
-0.013846
-0.027208
-0.000488
0.039589
-0.000488
-0.040566
-0.000488
0.012873
-0.013849
0.026232
-0.000488
-0.000488
-0.000488
-0.000488
-0.013847
-0.053943
0.026243
-0.013853
-0.000488
0.012876
-0.000488
-0.013853
-0.000488
0.012876
-0.000488
-0.000488
-0.000488
-0.000488
-0.013853
-0.000488
0.012876
-0.000488
-0.000488
-0.013853
-0.000488
0.012876
-0.013853
-0.000488
-0.000488
-0.000488
0.012876
-0.013853
0.026239
-0.013851
-0.000488
-0.000488
-0.000488
-0.000488
-0.000488
-0.000488
0.012874
-0.000488
-0.000488
-0.000488
-0.000488
-0.013851
-0.000488
0.012874
-0.013851
-0.027219
0.012878
-0.013855
-0.013856
-0.013858
-0.000488
-0.013860
-0.027237
-0.013865
0.012889
-0.000488
-0.013865
-0.000488
-0.000488
-0.013867
0.039643
-0.000488
0.012885
-0.027237
0.026260
-0.000488
-0.000488
0.012883
-0.013860
-0.000488
-0.000488
-0.013862
0.012885
-0.000488
-0.000488
-0.000488
-0.000488
-0.000488
-0.013862
0.012885
-0.013862
0.012885
-0.000488
-0.013862
0.012885
-0.000488
-0.013862
0.012885
-0.013862
-0.013863
0.026260
-0.000488
-0.013862
0.026257
-0.013860
-0.000488
-0.000488
-0.013862
-0.000488
0.012885
-0.013862
-0.013863
0.026260
-0.000488
0.012883
-0.027233
-0.000488
-0.013863
0.026260
-0.013862
-0.013863
0.012887
-0.000488
0.012885
-0.000488
-0.000488
-0.013862
0.012885
-0.000488
-0.013862
0.012885
-0.000488
-0.000488
-0.000488
-0.013862
-0.013863
-0.000488
-0.000488
0.012887
-0.000488
-0.013863
0.026260
-0.000488
0.026253
-0.013858
-0.027233
-0.027241
0.012889
0.012887
-0.000488
-0.000488
-0.000488
-0.013863
-0.000488
0.012887
-0.013863
-0.013865
0.012889
-0.013865
0.012889
-0.000488
-0.000488
0.012887
-0.013863
-0.000488
-0.000488
0.012887
-0.013863
0.012887
-0.000488
-0.013863
0.012887
0.012885
-0.013862
-0.000488
-0.000488
-0.013863
-0.013865
-0.000488
-0.013867
-0.000488
-0.000488
-0.013869
-0.013871
-0.013872
-0.027262
0.012900
0.026282
-0.013872
-0.013874
-0.013876
-0.027269
0.012903
-0.000488
-0.013880
0.026293
-0.013878
0.012901
-0.027269
0.012903
-0.000488
0.012901
0.012900
-0.000488
-0.000488
0.012898
0.012896
0.012894
0.012892
-0.040635
-0.013874
0.039664
-0.000488
-0.027255
0.039659
-0.027251
-0.000488
-0.013872
0.026278
-0.013871
-0.013872
-0.000488
-0.013874
0.012898
0.012896
-0.013872
-0.027262
-0.000488
-0.013878
-0.000488
-0.013880
0.026293
-0.000488
-0.000488
0.012900
0.026282
-0.013872
-0.000488
-0.000488
-0.000488
0.012896
-0.013872
0.026278
-0.027255
0.012896
-0.013872
-0.000488
0.012896
0.026275
-0.000488
-0.000488
0.026268
-0.013865
-0.013867
-0.054021
0.039664
-0.000488
0.012892
0.012891
-0.000488
-0.000488
-0.027248
0.012892
-0.000488
0.012891
0.026264
-0.027241
-0.027248
0.026271
-0.000488
-0.000488
-0.000488
0.026264
0.039627
-0.013858
-0.027233
0.012885
-0.000488
-0.027237
0.012887
0.012885
0.012883
-0.013860
-0.000488
-0.000488
-0.013862
-0.000488
0.012885
-0.000488
0.012883
-0.013860
0.012883
-0.013860
0.012883
-0.000488
-0.013860
-0.013862
0.026257
-0.000488
-0.000488
0.012882
-0.000488
-0.000488
0.052973
-0.027215
0.012876
0.012874
0.012873
0.012871
-0.040571
0.012874
0.012873
-0.013849
-0.027215
0.026239
-0.013851
-0.000488
-0.013853
-0.000488
-0.000488
-0.000488
-0.000488
0.039600
0.066290
-0.040550
0.079619
0.012857
-0.013833
-0.174134
-0.080734
0.066388
0.012882
0.079694
-0.053936
0.039600
-0.013849
-0.040582
-0.000488
-0.013856
0.039611
-0.013853
-0.000488
-0.027223
0.026246
-0.013855
-0.040598
-0.000488
-0.013862
-0.040619
0.039643
-0.000488
0.039627
-0.000488
-0.067356
0.093113
0.012876
-0.053957
-0.080745
-0.027255
0.053038
-0.054014
-0.013874
0.053045
0.053016
0.039621
-0.000488
0.052966
-0.013849
0.052945
-0.000488
0.026218
-0.000488
-0.027194
0.012866
-0.000488
-0.000488
0.039562
0.026203
0.106207
-0.040486
-0.027162
-0.013828
-0.040518
0.012857
-0.080584
0.012866
-0.067275
0.012873
-0.000488
0.012871
-0.013847
0.026228
0.039573
-0.000488
-0.027194
0.052916
-0.013837
-0.000488
-0.013838
0.012862
0.026207
-0.053886
0.026214
-0.000488
0.039552
-0.000488
0.012855
0.012853
-0.040518
0.039541
-0.013830
-0.027176
0.012857
-0.013833
0.026200
-0.013831
0.026196
-0.013830
0.012853
0.012851
-0.000488
-0.013828
0.039525
-0.000488
-0.000488
0.026178
-0.000488
-0.013821
0.012844
-0.013821
-0.013822
-0.067186
0.039536
0.039520
-0.053836
0.026189
0.012848
-0.027162
-0.013828
-0.000488
-0.000488
-0.013830
0.012853
-0.013830
-0.013831
-0.067231
0.239576
-0.200502
0.039546
-0.027176
-0.013835
0.066227
-0.027169
0.079533
-0.040491
0.026182
-0.000488
0.079480
-0.053793
-0.000488
-0.000488
0.106093
0.079373
-0.040411
0.039435
-0.053722
0.012823
-0.080382
-0.067115
0.039493
-0.040470
-0.000488
-0.080499
0.052859
-0.000488
-0.013822
0.092814
0.039472
0.066076
-0.053736
-0.027123
0.052774
-0.013801
-0.067079
0.026154
0.039461
0.026136
-0.000488
0.052739
0.026115
-0.013789
-0.013791
-0.000488
-0.040406
-0.013798
0.012821
0.012819
-0.013796
0.026125
-0.013794
0.026122
-0.000488
-0.027098
-0.000488
0.012818
0.012816
-0.000488
0.012814
-0.013791
0.012814
-0.013791
-0.040406
-0.013798
0.039435
0.012816
-0.000488
0.026115
-0.013789
-0.000488
0.012812
-0.000488
-0.000488
-0.000488
-0.040395
-0.013794
0.026122
-0.013792
-0.027102
0.026125
0.026118
-0.000488
-0.013791
-0.000488
-0.000488
-0.013792
-0.013794
-0.000488
0.012818
-0.000488
-0.027102
0.012819
0.026122
-0.013792
-0.000488
-0.000488
0.026118
-0.013791
END
