y[]
0.043933
-0.011074
-0.024830
0.002676
0.030183
-0.024830
0.016431
0.030179
0.030172
0.030164
-0.011066
0.016419
-0.052306
-0.066095
-0.024845
0.057712
-0.011080
-0.011082
-0.038609
0.002676
-0.011089
-0.052405
-0.024876
0.016453
-0.011100
-0.011102
-0.011104
0.085332
-0.038643
0.016452
-0.024876
0.016453
-0.135179
0.016471
-0.024914
0.071637
-0.052488
-0.052519
-0.038740
-0.107851
0.044139
0.030308
-0.038774
0.044127
-0.011139
-0.024959
0.002676
0.030312
-0.024959
0.030312
0.071732
-0.011131
0.002676
0.113082
0.044047
0.016463
0.002676
-0.024898
-0.066294
0.030270
0.002676
0.016471
-0.093922
0.002676
0.016482
-0.011129
0.016482
0.002676
0.030282
0.057864
0.044047
0.030247
-0.024895
-0.066284
0.016472
0.002676
-0.024917
-0.038729
0.016480
0.071666
0.002676
0.030259
0.016465
0.016463
0.002676
0.016461
0.071571
0.002676
0.002676
0.002676
0.002676
0.030221
0.016446
-0.011093
-0.052420
0.016453
-0.052443
0.030240
-0.038671
0.016461
-0.066265
-0.011118
-0.024917
0.016474
0.030266
-0.011118
0.002676
-0.011119
0.016472
-0.066322
-0.024936
0.002676
-0.052572
-0.066427
-0.066475
0.044173
0.044156
0.085584
-0.011137
-0.038774
0.044127
0.002676
0.057917
-0.011131
-0.024944
-0.177043
0.030347
0.085641
-0.038797
0.044150
-0.135636
-0.108112
0.016532
0.030381
-0.108188
-0.094431
-0.038970
0.085952
0.016549
-0.038947
0.016553
0.085894
-0.011188
-0.052802
-0.191741
0.086045
-0.052895
-0.011221
-0.066840
-0.011233
-0.066898
-0.025167
0.030520
0.058340
0.030497
0.058294
0.016576
-0.066840
0.044392
0.030477
0.044363
0.058232
0.085952
-0.066715
-0.066763
0.044346
-0.038993
0.058232
0.016561
-0.038982
-0.052895
0.058247
-0.025105
0.030458
-0.052895
0.016572
-0.025117
0.016574
-0.066831
-0.039051
0.030497
0.030489
0.030481
0.030474
-0.066831
-0.011231
0.099987
0.016570
0.044346
-0.025101
0.002676
-0.025109
-0.039016
0.002676
-0.052941
0.016584
-0.039051
0.030497
-0.025144
-0.011237
0.016590
0.072213
-0.011227
-0.025136
-0.052972
-0.053003
-0.122715
0.072358
-0.025190
-0.053080
-0.025214
0.044509
-0.053104
-0.039179
0.016630
-0.011277
0.072426
0.016621
-0.011268
0.072377
-0.039138
0.030555
-0.025202
0.016617
-0.053096
0.016623
-0.067073
0.002676
0.072426
-0.025218
-0.025225
-0.081076
-0.081146
0.044596
-0.039243
-0.053244
0.058597
0.030625
0.058550
-0.025256
0.002676
-0.011293
-0.095164
-0.053275
0.002676
0.156469
-0.067200
-0.207246
0.044696
-0.025335
-0.039355
0.002676
-0.039373
-0.095507
0.058793
0.002676
-0.011350
0.002676
-0.011352
-0.025386
0.002676
0.002676
-0.011358
0.002676
-0.053480
0.058833
-0.025398
0.002676
-0.011364
-0.011366
0.002676
0.114957
-0.067484
-0.151850
0.002676
0.072946
-0.039479
-0.109825
0.101122
-0.081700
0.002676
0.002676
0.016744
0.016742
-0.025457
0.030810
0.044862
0.016734
0.086982
-0.011369
0.016722
0.030762
0.016716
-0.053495
-0.081641
0.058896
0.002676
0.002676
-0.053543
0.044844
0.016728
0.030774
0.016722
0.016720
0.016718
0.016716
0.072847
0.016705
-0.025382
0.002676
0.016707
0.030731
0.002676
0.072778
-0.011340
0.016693
0.002676
-0.081451
-0.011352
0.030731
0.030723
-0.025370
-0.011350
0.016703
0.016701
0.002676
0.002676
0.044737
0.030707
0.002676
-0.081440
0.058762
0.002676
0.030707
0.016689
-0.011336
0.002676
0.002676
0.002676
0.016689
-0.011336
0.044708
-0.011332
-0.011334
0.016687
0.044696
-0.039343
0.030692
-0.011330
-0.039355
0.058715
0.030684
-0.011326
0.016679
-0.011326
0.016679
0.002676
-0.011326
-0.011328
0.016681
-0.011328
-0.011330
-0.109447
0.030719
0.016695
0.016693
0.016691
-0.025354
0.058730
-0.039361
0.002676
0.044714
-0.011334
0.002676
0.030696
0.030688
-0.011328
0.016681
-0.011328
0.016681
-0.011328
0.002676
0.030684
0.002676
0.044673
0.002676
0.044655
-0.039302
0.002676
0.030664
-0.025311
-0.025319
0.002676
0.016675
-0.011322
0.016675
0.002676
0.002676
0.002676
0.030668
-0.025315
-0.025323
0.002676
-0.039337
-0.011332
0.030692
-0.011330
0.030688
0.030680
0.016675
-0.025323
-0.011326
0.002676
0.002676
0.002676
0.030680
-0.025327
-0.025335
0.030688
0.002676
-0.025335
-0.053369
0.044714
-0.025347
-0.025354
0.002676
0.016693
0.002676
-0.011340
-0.011342
-0.053417
0.072788
0.044720
0.016687
0.002676
0.002676
0.016685
0.002676
-0.011332
0.030692
-0.025339
-0.011334
0.086710
0.030672
0.016671
-0.039314
0.044667
0.016669
0.016667
0.016665
-0.025303
0.058628
-0.025296
0.002676
0.044632
0.016658
-0.011305
0.030637
0.002676
0.016654
-0.011301
0.058574
0.002676
0.016646
0.002676
-0.011293
-0.067200
-0.039273
-0.011311
0.002676
-0.039296
-0.025315
0.016673
-0.011320
0.058652
0.044637
0.002676
0.044620
-0.025284
0.016658
-0.011305
-0.011307
0.016660
0.030637
0.002676
-0.081228
-0.025307
-0.025315
-0.039326
0.002676
0.030680
-0.011324
0.030676
0.044661
-0.067307
0.058668
0.044649
0.002676
-0.039296
-0.025315
0.002676
-0.025323
0.002676
0.044673
0.016671
0.016669
0.002676
0.002676
-0.053307
0.002676
0.016675
-0.039326
-0.011328
-0.053362
-0.067415
0.086781
-0.025350
-0.053401
0.170814
0.030672
0.002676
0.016671
-0.025315
-0.025323
0.044673
0.030664
0.016667
-0.011314
-0.011316
0.002676
-0.025315
-0.039326
-0.025335
0.030688
-0.025335
0.030688
0.044679
0.002676
0.058652
0.016665
0.044632
0.044614
0.002676
0.002676
-0.011301
0.030629
0.044591
0.002676
0.016644
0.002676
0.016642
-0.011289
0.002676
-0.039232
0.044585
0.030606
0.002676
0.030598
-0.011283
0.002676
0.044550
-0.011279
-0.011281
-0.039208
-0.011289
0.002676
-0.011291
0.016644
-0.039232
-0.025272
0.002676
0.002676
0.030625
0.016648
0.016646
0.016644
-0.011291
0.030609
-0.039226
0.030613
-0.025260
0.016646
0.044573
-0.039220
-0.011293
-0.011295
-0.039249
-0.025284
0.002676
0.016658
0.030633
0.002676
-0.025280
-0.025288
0.002676
-0.025296
0.030649
-0.039285
0.016665
0.016663
-0.025299
-0.011314
0.072611
-0.179256
0.086687
0.044655
0.170415
0.030606
-0.123066
0.002676
-0.053260
0.100544
0.002676
-0.025276
-0.039267
-0.039285
-0.011314
-0.053307
-0.053338
-0.109447
-0.067465
-0.039432
-0.039449
-0.081629
0.058888
-0.123844
0.016742
0.129179
0.086922
0.044773
0.016705
-0.053448
0.030743
-0.039426
-0.011362
-0.123755
0.086982
0.002676
-0.039467
0.100984
-0.025402
0.002676
0.016716
0.030751
-0.109667
-0.039485
0.016732
-0.152046
0.101164
0.058912
-0.011379
-0.053566
-0.053598
-0.067711
-0.081854
-0.053717
0.002676
-0.067860
0.016788
-0.011435
0.073213
-0.110206
-0.096201
-0.025592
0.101581
0.073263
-0.096159
-0.025580
0.101540
0.073233
0.030885
-0.011427
0.002676
0.059078
-0.039622
-0.025532
-0.025540
-0.011435
0.101414
0.087231
0.016762
0.073074
0.073025
0.002676
-0.067672
-0.081807
0.101233
0.016748
-0.095867
0.073074
0.058959
0.030806
0.171287
0.044785
-0.011358
-0.011360
0.058809
-0.053456
0.072837
0.030727
-0.039402
-0.025386
0.128895
0.030703
-0.011336
-0.011338
-0.053401
-0.039402
0.100833
0.002676
0.128736
0.016673
0.016671
0.002676
-0.053315
0.016677
0.058660
0.002676
0.030656
-0.039296
-0.039314
-0.011324
0.044673
0.016671
0.086604
-0.011307
-0.081263
-0.067327
-0.039349
-0.039367
0.072739
-0.123471
0.044743
0.100764
-0.109431
-0.081487
0.030739
END
