y[]
-0.000488
-0.000488
-0.000488
0.011515
-0.012490
-0.000488
-0.000488
-0.012492
0.011516
-0.012492
-0.024500
-0.000488
0.011519
-0.012495
-0.000488
-0.000488
0.023525
-0.000488
-0.000488
-0.000488
-0.000488
-0.000488
-0.000488
0.011516
-0.012492
-0.000488
-0.000488
-0.000488
-0.000488
0.011516
-0.012492
-0.012493
0.011518
-0.000488
-0.012493
-0.000488
-0.012495
0.011519
0.011518
-0.000488
-0.000488
-0.000488
-0.000488
-0.000488
-0.000488
-0.000488
-0.000488
-0.000488
-0.000488
-0.000488
0.011516
-0.012492
-0.012493
-0.012495
0.011519
-0.000488
-0.024503
-0.000488
0.011521
-0.000488
-0.012496
0.011521
-0.000488
0.011519
-0.000488
-0.012495
-0.000488
-0.012496
-0.000488
0.011521
-0.012496
-0.000488
-0.000488
0.011521
-0.012496
-0.000488
0.011521
-0.000488
-0.000488
-0.012496
0.023528
0.011518
-0.012493
0.011518
-0.000488
-0.000488
-0.012493
0.011518
-0.012493
-0.000488
-0.000488
-0.012495
-0.000488
-0.000488
0.023525
-0.024500
0.011519
-0.000488
0.011518
-0.000488
0.023519
-0.012490
0.011515
-0.000488
-0.000488
-0.000488
0.047508
-0.012485
-0.000488
0.011509
-0.000488
-0.012485
-0.036487
0.011513
-0.012489
-0.000488
-0.000488
-0.012490
-0.000488
0.011515
-0.000488
-0.012490
0.023516
-0.000488
0.011512
0.011511
-0.000488
-0.000488
-0.000488
-0.000488
0.023505
-0.012483
0.011508
-0.012483
0.011508
-0.012483
0.011508
0.023499
-0.000488
-0.012480
0.011505
-0.012480
-0.000488
0.011505
-0.012480
0.011505
-0.000488
-0.000488
-0.000488
-0.012480
0.011505
-0.000488
-0.000488
-0.012480
0.011505
-0.012480
-0.000488
0.011505
-0.012480
0.011505
-0.012480
0.035486
-0.000488
-0.012477
0.059446
-0.012472
-0.000488
-0.012473
-0.012475
0.011499
-0.000488
-0.012475
0.023484
-0.000488
-0.000488
-0.024460
-0.024466
-0.000488
-0.048461
-0.000488
-0.000488
0.011508
-0.012483
0.011508
-0.000488
0.011506
-0.000488
0.023496
-0.024471
-0.000488
-0.024477
-0.000488
-0.000488
-0.000488
-0.024483
0.035503
0.011506
0.035486
-0.012477
-0.036465
0.011506
0.059461
-0.012475
-0.012476
-0.000488
0.011501
-0.048449
0.059461
0.023482
-0.048432
0.023487
0.059425
-0.000488
0.035443
-0.024440
-0.000488
-0.012466
-0.024448
0.011493
-0.000488
-0.000488
0.035447
-0.012464
0.011489
0.011488
0.071334
-0.024423
-0.012457
-0.024431
-0.024437
-0.000488
-0.012464
0.011489
-0.000488
-0.012464
-0.000488
0.047411
0.011483
-0.012459
-0.012460
0.011485
0.011483
-0.024431
-0.012462
0.023459
-0.012460
-0.012462
-0.000488
-0.000488
-0.012463
0.023462
-0.012462
-0.012463
-0.000488
0.011488
-0.000488
0.011486
-0.000488
-0.000488
-0.012462
0.011486
0.035425
-0.036401
-0.000488
-0.000488
-0.036414
-0.000488
-0.000488
0.011489
-0.012464
-0.000488
-0.012466
0.023467
-0.012464
-0.024446
-0.000488
-0.000488
0.011492
-0.000488
-0.000488
0.011490
-0.000488
0.011489
0.011488
-0.024440
-0.000488
-0.012466
-0.012467
-0.000488
-0.012469
0.011493
-0.036435
0.023479
0.011493
-0.000488
0.035447
0.011488
-0.000488
-0.024440
-0.000488
-0.000488
-0.000488
-0.012466
0.011490
-0.012466
0.011490
-0.012466
-0.000488
0.011490
-0.000488
0.011489
-0.012464
0.011489
0.011488
0.011486
0.011485
-0.024434
0.011486
-0.000488
-0.000488
-0.000488
-0.000488
0.011485
-0.000488
0.023453
-0.000488
-0.036401
-0.000488
-0.012462
-0.000488
0.011486
-0.000488
-0.012462
-0.012463
-0.000488
-0.048403
-0.012470
-0.036444
0.023484
-0.000488
0.047439
0.047416
0.059360
-0.036392
0.011482
-0.012457
0.035417
0.023441
-0.024417
-0.036392
-0.000488
-0.096296
0.023473
-0.012467
0.035447
0.011488
-0.036418
0.071360
0.071308
-0.024414
-0.012453
-0.036392
0.011482
-0.048375
-0.000488
0.011486
0.035425
0.011480
-0.000488
-0.000488
0.023444
0.059317
-0.012446
0.011470
0.011469
-0.012444
-0.000488
-0.012446
-0.024408
0.011473
-0.000488
-0.024411
-0.024417
-0.012454
0.023444
0.047359
-0.012447
0.035387
-0.024403
-0.012447
-0.000488
0.035387
-0.024403
-0.000488
-0.024408
-0.000488
-0.012450
-0.024417
-0.024423
0.011480
-0.000488
-0.024425
-0.012459
0.035421
-0.012456
-0.024428
0.023453
-0.024428
-0.012460
0.023456
-0.012459
-0.024434
-0.000488
-0.000488
0.023459
-0.000488
0.035421
-0.000488
-0.036397
0.035421
-0.072318
0.011488
-0.048398
-0.036435
-0.036448
-0.096446
0.047503
0.035490
-0.012479
-0.012480
0.059461
-0.000488
0.011498
-0.024460
0.035468
-0.036444
0.035468
-0.000488
-0.000488
-0.012472
0.035460
0.035447
-0.024443
0.059389
-0.012460
-0.000488
-0.000488
-0.024437
-0.012464
0.023464
0.023459
-0.012460
-0.012462
0.023459
0.035421
-0.048369
0.011485
0.083279
-0.000488
0.011473
0.047342
-0.036358
-0.000488
-0.000488
0.059289
-0.024394
-0.024400
-0.000488
0.011469
0.011468
0.011466
0.023416
-0.012439
0.047308
0.011458
0.011456
-0.000488
0.023396
-0.000488
-0.000488
-0.012429
-0.000488
-0.024374
-0.000488
-0.000488
-0.024380
0.011459
0.023401
-0.000488
-0.024377
0.023401
0.023396
0.035327
-0.012424
0.011449
-0.012424
-0.000488
0.011449
0.011448
-0.000488
-0.155758
0.035365
0.023407
0.011458
-0.024380
0.047291
-0.024374
-0.000488
-0.000488
-0.000488
-0.012433
-0.000488
-0.000488
-0.012434
-0.012436
-0.012437
0.011462
-0.048295
-0.060278
-0.000488
-0.000488
-0.024414
0.011476
-0.012452
-0.000488
0.011476
-0.036384
-0.000488
0.011479
-0.024423
0.023447
-0.000488
-0.000488
-0.012454
0.011479
-0.000488
-0.000488
-0.000488
0.011478
0.023439
-0.012450
-0.000488
-0.000488
-0.012452
0.011476
-0.000488
-0.000488
-0.012452
-0.000488
-0.012453
0.011478
-0.000488
0.011476
-0.012452
-0.012453
0.011478
-0.012453
0.023441
-0.000488
0.011475
0.011473
-0.012449
-0.000488
0.011473
-0.000488
-0.000488
-0.000488
-0.000488
-0.000488
-0.012449
-0.000488
-0.000488
0.011473
-0.012449
-0.000488
0.011473
-0.000488
-0.000488
-0.012449
0.011473
0.011472
-0.048335
0.011476
-0.000488
-0.000488
-0.000488
-0.012452
0.023439
-0.000488
-0.000488
-0.000488
0.011473
-0.000488
-0.012449
-0.000488
-0.000488
-0.000488
-0.012450
-0.000488
-0.000488
0.011475
0.011473
-0.024411
0.011475
0.011473
-0.000488
-0.012449
-0.000488
0.011473
0.011472
-0.000488
-0.000488
-0.012447
-0.000488
0.011472
-0.000488
-0.000488
0.011470
-0.000488
-0.000488
0.011469
0.011468
-0.036358
0.011470
0.011469
-0.012444
-0.012446
0.011470
-0.000488
-0.000488
0.011469
-0.012444
-0.000488
-0.012446
0.023427
-0.000488
0.011468
-0.000488
-0.012443
0.011468
-0.000488
-0.000488
-0.000488
-0.000488
-0.000488
-0.000488
-0.012443
-0.000488
-0.000488
-0.012444
-0.000488
0.011469
0.011468
-0.024400
-0.000488
-0.000488
0.011469
-0.012444
-0.012446
0.023427
-0.036362
-0.000488
0.023430
-0.012446
-0.000488
-0.000488
0.011470
-0.000488
-0.000488
-0.012446
-0.024408
-0.000488
0.011473
-0.000488
-0.024411
0.011475
-0.012450
0.011475
-0.000488
-0.000488
-0.012450
0.023436
-0.024411
0.011475
-0.000488
-0.048346
-0.000488
-0.036397
0.011483
0.011482
0.011480
-0.000488
-0.012456
0.023447
-0.012454
-0.000488
-0.036397
0.011483
-0.000488
-0.012459
0.023453
-0.036401
0.047394
0.011479
0.023441
-0.012452
0.011476
-0.024417
0.035404
0.023433
-0.024408
-0.036379
0.011478
-0.000488
-0.000488
-0.000488
-0.012453
0.011478
-0.012453
-0.000488
0.023441
-0.000488
0.011475
0.011473
-0.012449
-0.024414
0.011476
0.011475
-0.000488
0.011473
0.011472
-0.012447
0.011472
-0.000488
-0.000488
-0.012447
-0.000488
END
