y[]
-0.011877
0.000452
-0.024212
0.062101
0.049744
0.025089
0.012768
-0.036500
0.000452
0.000452
0.000452
0.025089
0.012768
0.012767
-0.036496
-0.011867
0.012771
0.049714
0.000452
-0.024175
-0.024181
0.025086
0.012767
-0.011862
0.000452
0.025080
-0.024175
0.025080
0.025074
-0.011858
-0.011859
0.012764
0.000452
0.000452
0.012762
0.025068
0.000452
0.012758
-0.011853
-0.011855
-0.011856
-0.011858
-0.024172
0.025077
-0.036487
0.000452
0.012767
0.000452
-0.011862
0.025080
0.012764
0.000452
-0.024172
0.025077
0.012762
0.000452
0.012761
0.000452
-0.011856
0.012761
0.000452
0.000452
-0.011856
-0.024169
0.000452
-0.011861
0.000452
0.000452
0.000452
0.012765
-0.011861
-0.011862
0.000452
-0.024181
-0.024187
-0.024193
0.012776
0.025095
0.025089
-0.024184
0.025089
0.025083
0.012765
0.000452
0.000452
0.000452
0.037382
0.025065
-0.011853
0.000452
0.025062
-0.024157
-0.011855
-0.011856
-0.011858
0.012762
0.012761
0.000452
0.025065
-0.024160
0.025065
0.000452
0.025059
-0.024154
0.037360
-0.036455
0.012756
0.000452
-0.011851
0.037360
0.074226
0.025032
0.012740
-0.024124
-0.036423
0.000452
0.025038
-0.011839
0.012744
0.000452
0.025032
-0.048712
-0.024139
0.012749
0.000452
0.000452
-0.011844
0.025044
-0.011842
0.025041
0.012744
0.025032
-0.011836
-0.011838
0.012743
0.012741
-0.024127
0.012743
-0.024130
0.012744
0.012743
-0.048718
0.049623
-0.048718
-0.011844
0.000452
0.000452
0.037337
-0.024136
0.049623
-0.011838
-0.061022
-0.011847
0.012752
-0.011847
-0.011848
-0.024154
0.000452
-0.036468
0.000452
-0.048797
0.012767
0.012765
0.037382
0.012759
-0.011855
-0.048790
0.025077
-0.011859
0.025074
0.000452
0.000452
-0.024169
-0.024175
0.012767
-0.024178
0.037396
0.000452
0.000452
-0.048809
-0.036509
0.000452
0.000452
-0.048851
-0.024208
0.049768
0.037423
0.000452
0.000452
-0.024193
0.025098
0.000452
0.000452
0.000452
0.062040
-0.011862
0.049701
-0.011858
0.098890
0.037341
-0.024139
0.025044
0.025038
-0.024133
-0.011842
0.012747
-0.024139
-0.036446
-0.036459
0.000452
-0.048784
-0.048809
-0.061158
0.049744
0.037405
0.000452
0.000452
0.185011
0.025035
0.086442
-0.097828
-0.036428
-0.024142
0.061927
0.061889
-0.011832
-0.024121
0.061874
-0.011829
-0.036400
-0.011835
-0.024127
0.025032
-0.036418
0.025035
-0.011838
0.000452
-0.024133
0.147873
0.061813
0.135314
0.086179
0.098336
0.012681
0.049352
0.073757
0.012665
-0.011760
-0.011761
0.000452
0.024878
-0.011760
0.000452
0.073704
0.000452
0.024858
-0.023953
0.073650
0.134509
0.049156
0.024795
-0.048239
0.036973
0.000452
-0.023893
-0.072620
0.024816
0.012632
-0.036091
-0.036104
0.049191
-0.011730
0.036995
-0.072647
0.024825
0.073534
-0.023902
0.036982
0.012626
0.024795
-0.060416
0.049150
-0.023893
0.024798
0.012623
-0.011718
-0.023893
0.000452
0.024798
0.073454
-0.023876
-0.011714
0.036947
-0.011711
-0.011712
-0.072567
0.024798
-0.023893
0.024798
-0.011720
-0.011721
0.024798
-0.011720
-0.036073
0.000452
0.024804
0.000452
-0.023899
0.073490
0.012620
0.036947
0.012614
-0.048203
-0.023884
-0.011718
-0.023893
-0.036077
-0.048275
0.000452
-0.036108
0.000452
-0.036122
-0.011742
0.000452
0.037031
0.000452
-0.023932
0.073587
-0.011733
0.000452
0.024822
0.000452
-0.011732
-0.194693
0.000452
0.049275
-0.011751
-0.023959
-0.011755
0.000452
-0.060609
0.037094
-0.011760
-0.085075
-0.121857
0.012690
-0.060751
0.073892
0.086064
-0.097395
-0.109740
-0.134393
0.061768
-0.024069
-0.085421
-0.024096
0.135397
0.073982
-0.048561
0.073964
0.037188
0.086116
-0.024015
0.012687
0.073829
-0.060691
0.061596
-0.146355
-0.048531
0.000452
0.000452
-0.122112
-0.060886
-0.208380
-0.024145
0.086516
0.086442
-0.183902
-0.024154
-0.011853
-0.036473
0.025071
-0.036477
-0.036491
-0.135124
-0.098264
0.000452
0.049823
0.000452
-0.036573
0.025138
-0.011889
0.037473
0.049793
0.025113
-0.011877
0.062086
0.012775
0.012773
0.012771
-0.024187
0.037410
0.000452
0.025083
-0.011862
0.000452
0.049701
0.000452
0.012761
-0.048790
-0.036496
-0.011867
0.025089
-0.011865
-0.024187
0.025092
-0.011867
-0.011868
0.025092
0.000452
0.000452
-0.024187
0.037410
-0.036505
-0.011870
0.000452
-0.011871
-0.024199
-0.011876
-0.024208
-0.024215
-0.011883
0.025122
-0.024218
0.062116
0.037432
0.012776
0.025095
0.037405
0.012767
-0.011862
-0.011864
0.000452
-0.011865
-0.011867
0.012771
0.025086
-0.011864
-0.024184
0.000452
0.000452
0.000452
-0.011868
0.000452
-0.011870
0.000452
0.012775
0.012773
0.000452
0.012771
0.000452
-0.011867
0.025089
-0.061150
0.012776
-0.048851
-0.011877
-0.011879
0.025113
0.025107
0.025101
0.000452
-0.011871
0.012776
-0.011871
0.025098
0.037410
0.049707
-0.024172
-0.011862
0.012767
0.000452
-0.024178
0.000452
-0.024184
-0.024190
0.037414
0.000452
0.000452
0.000452
0.049714
-0.024175
-0.011864
-0.011865
0.012770
-0.011865
0.000452
-0.073485
-0.011876
0.000452
0.000452
0.000452
-0.024208
0.012784
0.000452
0.025110
-0.011876
-0.011877
0.025110
-0.024205
-0.024212
-0.073576
-0.036582
0.025144
0.012796
0.000452
-0.011891
0.000452
0.025138
0.025132
0.037460
-0.011882
-0.011883
0.000452
0.012788
0.000452
-0.011883
0.012788
0.000452
0.000452
0.012787
0.000452
0.037446
-0.036541
0.025116
-0.024212
0.012785
-0.036550
0.012788
-0.011883
0.012788
0.012787
0.000452
-0.036555
0.025126
-0.011883
-0.011885
0.012790
0.012788
0.037451
-0.320654
-0.011918
0.000452
0.025193
-0.011917
-0.024291
-0.049053
-0.011928
0.000452
-0.011929
0.012834
-0.024312
0.000452
-0.011932
0.025220
-0.036702
0.000452
0.000452
-0.011935
0.000452
0.012840
-0.135897
0.025257
0.037648
0.025242
0.037625
0.049994
0.049970
0.049945
0.000452
0.012822
-0.024288
-0.011920
0.049933
0.000452
-0.024285
-0.011918
0.025193
0.025187
-0.011914
0.000452
0.037547
-0.011911
0.000452
0.012816
0.049890
0.037515
0.012803
0.000452
-0.098398
-0.086122
0.025196
-0.086176
-0.024312
-0.073879
0.000452
0.050013
-0.049108
0.025236
-0.024331
-0.011941
-0.061540
-0.049169
-0.036780
-0.036794
0.074931
-0.123709
0.012876
-0.036822
-0.061702
0.012886
0.000452
0.087447
0.062545
-0.061640
0.000452
0.037713
0.000452
0.000452
0.000452
0.037699
0.025276
-0.036785
-0.136202
0.000452
0.112275
-0.024386
0.000452
0.000452
-0.074100
0.050160
-0.011972
-0.024402
-0.049274
0.062607
0.050148
0.037708
-0.011965
-0.061656
-0.011974
-0.049268
0.000452
-0.011982
0.062607
-0.036836
-0.036849
-0.011985
0.000452
0.012889
0.025322
0.012885
-0.011980
0.000452
0.012885
0.050167
-0.049262
0.000452
0.012883
-0.024411
0.012885
0.025313
0.000452
0.000452
0.062576
0.000452
0.025291
0.012869
-0.024383
0.025288
0.025282
0.012865
0.025272
0.012860
0.025263
0.025257
0.012852
-0.049157
0.037662
0.037648
-0.049145
-0.073989
0.025272
0.037671
0.062453
-0.011945
-0.011946
0.000452
-0.024349
-0.024355
-0.011954
0.062468
0.025248
-0.024343
-0.049157
0.012857
0.012856
-0.086402
0.000452
-0.098902
-0.024402
0.025306
0.124630
0.099683
-0.098779
0.087285
-0.024349
-0.011951
0.012856
-0.049169
-0.024368
-0.036789
0.000452
0.037694
0.000452
-0.049206
0.037699
0.050093
-0.011955
-0.024368
-0.011960
-0.024377
-0.024383
0.174171
0.210992
-0.061425
0.124169
-0.049016
END
