y[]
0.025108
-0.034496
-0.046437
0.037048
0.048955
-0.070272
0.025120
-0.046442
0.048978
-0.022584
0.048966
0.013189
0.060852
-0.034479
-0.046414
-0.022582
0.001268
0.025117
0.001268
-0.106099
0.037069
0.013199
-0.046465
0.025137
-0.022602
0.001268
0.013203
-0.034543
0.013206
0.013204
0.013203
-0.046482
0.025145
0.013204
0.013203
-0.010668
-0.010669
0.013204
-0.022607
0.001268
-0.022613
0.013209
0.013207
0.001268
0.037078
0.001268
-0.010668
0.001268
0.001268
0.013203
-0.010668
0.025137
-0.010666
-0.022604
0.001268
0.001268
0.001268
-0.010671
-0.010672
-0.022616
0.013210
0.001268
0.001268
0.013209
0.001268
0.001268
0.001268
0.001268
-0.010673
0.013209
-0.010673
0.001268
0.013209
-0.010673
0.001268
0.001268
0.013209
0.001268
0.013207
-0.010672
0.001268
0.013207
0.001268
-0.022613
0.001268
0.001268
0.001268
-0.010675
0.001268
0.001268
0.013210
-0.022619
0.001268
0.001268
0.001268
-0.010678
0.001268
0.001268
0.001268
0.025157
0.013210
0.001268
-0.010675
0.013210
-0.010675
0.037091
0.013206
-0.046494
0.025151
0.001268
0.013207
-0.010672
0.001268
0.013207
-0.034555
0.001268
0.013210
-0.010675
0.013210
-0.022619
0.013212
0.001268
0.001268
-0.010676
-0.022624
-0.010681
-0.034585
0.013220
0.025168
0.001268
-0.010682
0.013217
0.001268
-0.010682
0.013217
0.013216
-0.010681
0.013216
0.001268
-0.010681
-0.010682
0.037112
-0.010679
0.001268
-0.010681
0.001268
0.001268
0.013216
0.001268
0.001268
0.001268
0.001268
0.013214
0.013213
-0.022624
0.025160
-0.010678
-0.022627
0.001268
-0.010682
0.001268
0.013217
-0.010682
0.013217
0.001268
0.013216
-0.022630
-0.010683
0.025168
-0.010682
0.001268
0.001268
0.001268
0.001268
0.001268
0.025165
-0.022630
0.001268
0.001268
0.013217
-0.010682
0.013217
0.013216
-0.022630
-0.010683
0.001268
0.013219
-0.010683
0.001268
0.001268
0.013219
0.001268
-0.010683
0.001268
0.001268
0.001268
0.001268
0.001268
0.001268
0.001268
0.001268
0.013219
-0.022636
0.013220
0.001268
0.013219
0.001268
0.025165
-0.022630
0.013217
-0.022633
0.013219
0.013217
-0.034585
0.001268
0.001268
0.001268
-0.010686
0.013221
0.001268
0.013220
0.013219
0.001268
-0.010683
0.049063
-0.022627
0.001268
-0.010682
-0.010683
0.013219
0.001268
0.025165
0.013214
0.013213
0.001268
0.001268
-0.010678
0.013213
-0.010678
0.001268
0.013213
0.013212
-0.010676
0.013212
-0.010676
-0.010678
-0.034577
0.049057
0.037095
0.013207
-0.022613
0.037086
0.037074
0.001268
0.025131
-0.010663
0.001268
-0.022599
0.013202
-0.022602
0.013203
-0.010668
0.001268
0.001268
-0.058430
0.049029
-0.022610
0.013207
0.037078
0.013202
-0.010666
0.013202
0.037061
-0.010662
-0.010663
0.001268
-0.010665
0.013200
-0.022599
0.013202
-0.010666
0.025134
0.025128
0.001268
0.013196
-0.034521
-0.022599
-0.022604
0.001268
-0.022610
0.001268
0.037082
0.001268
0.025137
-0.034538
-0.010671
-0.022613
-0.022619
-0.034573
0.013216
0.001268
0.025160
0.001268
-0.022624
0.025160
0.013212
-0.010676
0.013212
0.001268
0.049029
0.013204
-0.010669
0.001268
0.013204
-0.010669
-0.010671
-0.010672
0.037082
0.001268
-0.022607
0.025143
-0.046488
0.001268
0.001268
-0.034564
0.001268
0.001268
0.025157
0.013210
0.049023
-0.022607
-0.010672
0.013207
0.013206
-0.010671
0.001268
0.013206
0.001268
0.001268
0.001268
0.001268
0.060937
0.060901
0.013190
0.072773
0.013180
-0.034474
0.037010
-0.022559
-0.022565
0.001268
0.001268
-0.046414
-0.010656
0.025114
0.013189
-0.010653
-0.010655
-0.034508
0.025120
0.001268
0.013192
-0.010656
-0.046442
-0.034530
0.037065
-0.022596
0.025131
0.013197
-0.034525
-0.010666
0.025134
0.025128
0.013196
-0.010661
-0.022593
0.025128
-0.022593
0.001268
0.013199
0.013197
-0.010662
0.001268
0.084745
-0.094141
-0.213735
-0.058537
0.037155
-0.034620
0.037155
-0.046585
-0.022667
-0.106510
0.025228
-0.046660
0.037215
0.025225
0.097042
-0.010699
-0.046614
-0.058616
-0.082630
0.037232
-0.034697
-0.058702
0.049247
0.073193
0.025231
0.013247
0.013246
-0.022690
0.025225
-0.010711
-0.046660
-0.022705
-0.022710
-0.034710
-0.046723
-0.058753
-0.010741
-0.022753
0.025289
0.025283
-0.022748
-0.022753
-0.118925
-0.022788
-0.119098
0.013311
0.001268
0.049426
0.001268
0.013304
-0.046885
-0.010774
-0.083065
0.013319
-0.022837
0.013321
0.013319
0.025367
-0.022832
-0.022837
-0.034901
-0.083177
0.061592
0.037445
0.001268
-0.046972
-0.071135
-0.010805
0.049548
-0.010800
0.001268
0.037467
0.025393
-0.046989
0.049524
0.001268
0.013328
0.025384
0.001268
0.001268
0.037432
0.049466
0.073522
0.025341
-0.022806
0.049408
-0.034836
0.001268
-0.034849
0.001268
0.049420
0.013302
-0.010767
-0.010768
0.001268
-0.058933
-0.022823
-0.010780
0.001268
0.013315
0.037401
-0.071013
0.061505
-0.010777
0.073513
0.049402
0.049379
-0.022785
0.013295
-0.046850
0.037358
0.037345
0.013290
-0.010755
-0.046838
-0.022794
-0.022800
0.013302
0.013301
0.013299
-0.022797
0.013301
-0.022800
0.025335
0.013299
-0.058904
-0.046896
0.001268
0.001268
0.001268
0.001268
0.085539
0.037362
0.037349
0.037336
0.001268
0.001268
-0.010754
-0.046832
-0.046856
0.049391
0.037345
0.001268
0.013290
0.013289
0.001268
0.001268
0.001268
-0.010754
0.001268
0.001268
0.013289
0.001268
0.013288
0.001268
-0.010752
0.001268
0.001268
-0.010754
0.001268
0.013289
0.001268
0.025306
-0.010751
0.013286
-0.010751
0.001268
-0.010752
0.001268
0.001268
0.013288
-0.010752
0.001268
0.001268
0.001268
-0.010754
0.001268
0.013289
0.001268
-0.010754
0.013289
0.001268
0.001268
0.013288
0.001268
-0.010752
0.013288
-0.010752
0.001268
0.001268
0.001268
0.001268
-0.022777
-0.010757
0.001268
0.013292
-0.010757
0.025315
0.001268
0.013289
-0.022777
-0.010757
0.001268
0.001268
-0.010758
0.001268
0.013293
0.025315
0.013289
0.001268
0.013288
0.001268
0.001268
-0.010752
0.001268
-0.010754
0.001268
-0.010755
0.001268
0.013290
0.013289
0.001268
-0.010754
0.001268
-0.010755
0.013290
0.001268
0.013289
-0.010754
-0.010755
0.013290
0.013289
0.001268
0.001268
0.001268
0.001268
0.001268
0.025306
0.001268
0.001268
-0.010751
-0.010752
0.001268
0.001268
0.001268
0.025306
0.001268
0.001268
0.001268
0.013285
0.013283
-0.022765
0.013285
0.001268
0.001268
0.013283
0.001268
-0.022765
0.013285
-0.010749
0.001268
0.025300
-0.010748
-0.010749
0.001268
0.001268
0.013285
0.013283
0.013282
0.001268
0.001268
0.001268
-0.010747
0.025295
0.001268
0.001268
0.001268
0.001268
0.013279
0.025286
0.001268
0.013275
0.001268
0.001268
-0.010739
0.013275
0.001268
-0.010739
0.013275
-0.010739
0.001268
0.001268
0.001268
0.013275
0.001268
0.001268
-0.010739
0.013275
-0.010739
0.001268
0.001268
0.013275
0.001268
-0.010739
0.001268
-0.010741
0.001268
-0.022753
0.025289
0.001268
0.001268
0.001268
-0.022753
-0.022759
0.025295
-0.010745
0.001268
-0.010747
0.001268
0.013282
-0.010747
0.001268
0.001268
0.001268
0.013282
0.013280
-0.022759
0.001268
0.001268
0.001268
0.013282
0.013280
-0.046792
-0.022771
0.025306
-0.010751
0.013286
0.013285
0.013283
-0.022765
0.013285
-0.022768
-0.010752
0.013288
-0.022774
0.025309
0.025303
0.013283
-0.010748
-0.010749
0.025300
-0.046804
-0.046827
-0.058883
END
