y[]
0.011901
-0.013702
-0.000900
-0.000900
0.011901
-0.000900
-0.000900
-0.000900
-0.000900
-0.000900
-0.000900
-0.000900
-0.000900
-0.000900
-0.026505
-0.000900
-0.000900
-0.000900
-0.000900
-0.000900
-0.000900
0.011903
-0.000900
-0.013704
-0.013705
0.011905
-0.013705
0.024708
-0.013704
-0.000900
0.011903
-0.000900
-0.013704
0.011903
-0.000900
-0.000900
-0.013704
-0.000900
-0.000900
-0.000900
-0.026512
0.024711
0.011903
-0.000900
-0.000900
-0.013704
-0.039320
-0.013710
-0.000900
-0.000900
-0.000900
-0.000900
-0.013712
0.011911
0.011910
-0.000900
-0.013710
0.011910
-0.013710
-0.013712
0.024721
-0.013710
-0.000900
-0.000900
0.011910
-0.013710
-0.013712
-0.000900
0.050336
0.011905
0.011903
-0.000900
-0.000900
0.011901
-0.000900
-0.013702
-0.000900
-0.013704
0.011903
-0.013704
0.011903
-0.000900
-0.013704
-0.026512
0.024711
-0.000900
-0.000900
-0.026512
-0.013708
-0.000900
-0.000900
-0.000900
-0.013710
-0.000900
-0.013712
-0.000900
0.011911
-0.000900
-0.013712
-0.013713
0.011913
-0.000900
0.011911
-0.013712
0.011911
-0.000900
0.011910
-0.000900
-0.013710
0.011910
-0.013710
-0.000900
-0.000900
0.011910
-0.013710
-0.000900
-0.026525
-0.000900
0.011913
-0.000900
-0.000900
-0.000900
0.011911
-0.000900
-0.000900
-0.000900
-0.000900
-0.000900
0.024718
-0.013708
0.024714
-0.000900
-0.000900
-0.013707
-0.000900
-0.039330
-0.000900
-0.000900
-0.013713
-0.013715
0.011914
-0.026531
0.011916
-0.000900
-0.000900
-0.000900
-0.000900
-0.013717
-0.000900
-0.026538
-0.026545
-0.026551
-0.026558
-0.000900
-0.000900
-0.000900
0.011929
-0.000900
-0.000900
0.037579
0.024744
-0.000900
0.011919
0.011918
-0.026538
-0.000900
-0.000900
-0.000900
-0.013722
0.024741
-0.013720
-0.000900
0.050369
-0.000900
0.011913
-0.000900
-0.000900
-0.013713
0.037534
-0.000900
-0.000900
0.024714
-0.013707
-0.000900
-0.000900
-0.013708
-0.000900
-0.000900
-0.000900
-0.026522
0.037529
-0.026518
-0.000900
-0.000900
-0.000900
-0.000900
-0.013712
-0.000900
0.024721
-0.000900
-0.000900
0.011908
0.011906
-0.000900
-0.026515
-0.039335
0.063149
-0.000900
0.011905
-0.064941
0.075944
-0.026508
-0.026515
0.037519
0.011903
0.114255
-0.026479
0.024678
-0.026479
0.037465
0.024669
-0.013684
-0.000900
0.011883
-0.039256
0.050238
-0.052038
-0.013689
-0.039276
0.011893
-0.026489
-0.013697
-0.052104
0.011903
-0.013704
-0.026512
0.024711
-0.000900
-0.039320
0.011908
0.050316
-0.000900
-0.013702
0.063092
0.024685
0.024678
0.011887
-0.039266
-0.013692
-0.013694
0.011893
-0.013694
0.011893
-0.039286
-0.000900
-0.026499
-0.000900
-0.000900
0.037495
-0.013697
-0.039300
0.037500
-0.026499
0.011900
0.011898
0.011896
-0.000900
-0.000900
0.011895
0.011893
-0.013694
-0.026492
0.011896
-0.000900
0.011895
-0.000900
-0.000900
0.011893
-0.039286
0.037485
-0.039286
0.011896
0.011895
0.024685
0.011890
-0.013690
0.011890
-0.026482
0.011892
-0.000900
-0.039281
0.011895
-0.000900
0.011893
-0.013694
0.024685
-0.026486
0.024685
-0.000900
-0.026486
0.024685
0.011890
0.011888
-0.000900
0.024672
-0.000900
-0.013686
0.011885
-0.013686
-0.000900
0.011885
-0.000900
-0.000900
-0.000900
-0.064843
-0.013694
0.011893
-0.026489
-0.000900
-0.013697
-0.039300
-0.000900
-0.039315
0.063116
-0.026502
0.024701
0.011898
-0.000900
-0.000900
-0.000900
-0.013699
-0.013700
0.037495
-0.026495
-0.026502
-0.026508
-0.039325
-0.013712
0.050336
0.011905
-0.064941
-0.013713
0.063149
0.075905
0.011895
0.011893
-0.026489
0.011895
0.024685
-0.013692
-0.000900
0.011892
-0.013692
0.011892
-0.000900
-0.013692
0.011892
-0.013692
-0.000900
0.011892
-0.013692
0.011892
-0.013692
0.011892
0.011890
0.011888
-0.013689
-0.000900
-0.013690
0.011890
-0.026482
-0.000900
-0.000900
-0.013694
-0.013695
0.011895
-0.013695
0.011895
-0.000900
-0.013695
0.011895
-0.013695
-0.000900
0.011895
-0.000900
-0.013695
0.011895
-0.000900
-0.000900
0.011893
-0.000900
0.024682
-0.013690
-0.000900
-0.000900
-0.000900
-0.013692
-0.000900
0.011892
-0.000900
-0.000900
-0.000900
-0.000900
-0.000900
0.011890
-0.013690
0.011890
-0.000900
-0.013690
-0.013692
-0.000900
-0.000900
0.011892
-0.000900
-0.013692
0.037470
0.011887
-0.039266
-0.000900
-0.000900
-0.000900
-0.000900
-0.000900
-0.013692
-0.013694
0.011893
-0.000900
-0.013694
-0.000900
-0.013695
0.011895
-0.000900
-0.013695
-0.000900
-0.000900
-0.000900
0.011895
-0.013695
-0.000900
0.024688
0.011892
-0.013692
0.011892
-0.000900
-0.000900
0.011890
-0.000900
-0.000900
0.011888
-0.013689
0.011888
-0.000900
-0.013689
0.011888
-0.013689
0.011888
-0.000900
-0.013689
0.011888
-0.000900
-0.000900
-0.000900
-0.000900
-0.000900
-0.000900
-0.000900
-0.000900
-0.000900
-0.000900
-0.000900
0.011887
-0.013687
0.011887
-0.013687
-0.000900
0.011887
-0.000900
-0.013687
0.011887
-0.013687
0.011887
-0.026476
-0.000900
0.011888
0.011887
-0.000900
-0.000900
-0.000900
-0.000900
-0.013687
0.011887
-0.013687
-0.000900
-0.000900
-0.000900
0.011887
-0.000900
-0.000900
-0.013687
-0.000900
-0.000900
-0.000900
-0.013689
0.011888
-0.000900
0.011887
-0.013687
0.011887
-0.000900
-0.013687
0.011887
-0.000900
-0.000900
-0.013687
-0.000900
-0.000900
-0.000900
-0.013689
-0.000900
-0.013690
0.011890
-0.000900
-0.000900
-0.000900
-0.000900
-0.000900
-0.000900
-0.000900
-0.000900
-0.013690
0.011890
-0.013690
0.011890
-0.000900
-0.013690
0.011890
-0.000900
0.011888
-0.013689
0.011888
-0.013689
-0.000900
-0.000900
-0.000900
-0.013690
0.011890
0.011888
0.011887
-0.000900
-0.000900
-0.013687
0.011887
-0.013687
0.011887
-0.026476
0.024675
-0.000900
-0.013687
0.024672
-0.000900
0.024665
0.011880
-0.013681
-0.013682
-0.000900
0.011882
-0.026466
0.011883
-0.026469
-0.000900
0.011885
0.011883
-0.013684
0.011883
-0.013684
-0.000900
-0.013686
0.011885
0.011883
0.037441
-0.013679
-0.013681
-0.013682
-0.013684
-0.000900
0.011883
-0.013684
0.011883
-0.000900
0.011882
-0.000900
0.011880
-0.000900
0.011878
-0.026459
-0.000900
0.011880
-0.013681
-0.000900
0.011880
-0.000900
0.024656
-0.000900
-0.013677
-0.013679
0.011878
-0.013679
-0.000900
-0.000900
-0.000900
-0.000900
-0.013681
-0.000900
0.011880
-0.013681
-0.000900
0.011880
-0.000900
-0.000900
-0.000900
-0.000900
0.011878
-0.000900
-0.013679
0.024656
-0.000900
-0.000900
-0.013677
0.011877
-0.000900
0.011875
0.011874
-0.000900
-0.000900
-0.013674
-0.013676
0.011875
-0.013676
-0.000900
-0.000900
-0.000900
-0.013677
0.011877
-0.000900
-0.000900
-0.013677
-0.000900
0.024652
-0.013676
0.011875
-0.000900
-0.000900
0.011874
-0.026450
-0.000900
-0.000900
-0.000900
-0.000900
0.011875
-0.013676
-0.000900
-0.026456
-0.000900
0.011878
-0.000900
-0.013679
-0.000900
-0.000900
0.011878
-0.013679
0.011878
-0.000900
0.011877
-0.013677
-0.000900
-0.000900
0.024652
-0.000900
0.011874
-0.013674
0.024646
0.011870
-0.000900
-0.000900
-0.000900
-0.000900
-0.013671
-0.000900
-0.000900
0.011870
-0.000900
-0.013671
-0.000900
-0.026446
-0.013676
-0.000900
0.011875
0.114006
-0.039188
0.024626
0.011860
-0.026424
-0.026430
0.050153
0.062879
-0.000900
-0.026407
0.011854
-0.064688
0.152122
-0.000900
0.062790
-0.000900
-0.013635
-0.000900
-0.013637
-0.026378
-0.039129
0.024587
0.037319
-0.000900
0.037304
-0.000900
-0.039105
0.037304
-0.013633
0.024564
0.037285
-0.013627
-0.000900
-0.000900
-0.000900
0.024551
-0.013625
0.024548
0.024542
0.011818
END
