y[]
0.015414
-0.014205
0.030221
0.000604
0.030212
0.000604
0.015405
-0.014196
-0.014199
0.000604
0.000604
-0.014201
0.000604
0.000604
0.000604
0.000604
0.030212
0.000604
-0.014199
0.015407
0.000604
0.000604
-0.014199
0.015407
0.000604
0.000604
0.015405
-0.014196
-0.029003
0.000604
-0.014203
0.000604
0.015411
-0.014203
0.000604
0.000604
-0.014205
0.015414
-0.014205
-0.014207
0.000604
0.000604
0.015416
-0.014207
0.030225
0.000604
0.015411
-0.014203
-0.014205
0.015414
0.000604
-0.014205
0.015414
0.000604
0.000604
0.000604
-0.014205
0.000604
0.015414
0.015411
0.015409
0.015407
0.000604
0.015405
0.015403
0.000604
0.059776
-0.014185
0.000604
0.015394
0.015392
0.000604
0.000604
0.015389
0.000604
-0.014181
0.015389
0.030168
0.000604
0.000604
0.000604
0.015383
0.000604
0.030155
0.015376
0.030142
-0.014164
0.000604
-0.014166
0.000604
-0.014168
0.000604
0.015376
-0.014168
0.015376
-0.028942
-0.028951
-0.043745
0.015389
-0.014181
-0.028973
0.000604
0.000604
0.000604
0.000604
0.030181
0.000604
-0.014183
0.015392
-0.028973
0.030181
-0.028973
0.000604
0.030181
-0.014183
-0.014185
-0.014188
0.000604
0.000604
0.000604
0.030186
-0.014185
-0.028982
0.000604
-0.043791
-0.029003
0.030212
-0.014199
0.015407
0.015405
-0.028999
-0.014201
-0.014203
0.015411
0.015409
0.030208
-0.014196
-0.029003
0.015409
0.030208
-0.014196
0.000604
-0.014199
0.000604
0.030208
0.000604
0.000604
0.015403
0.000604
-0.043797
0.030208
0.000604
0.000604
0.015403
-0.014194
-0.014196
0.015405
-0.014196
-0.029003
-0.043824
-0.014210
0.000604
0.015418
0.000604
-0.014210
0.000604
0.000604
-0.014212
0.000604
0.000604
0.000604
0.000604
0.000604
0.000604
0.030234
0.000604
0.000604
0.015416
0.000604
0.000604
0.000604
0.015414
0.000604
0.000604
0.000604
0.015411
0.015409
0.015407
0.000604
0.000604
0.000604
0.015405
0.015403
-0.014194
-0.014196
-0.014199
0.015407
0.000604
0.000604
0.015405
-0.014196
-0.014199
-0.029008
0.000604
0.000604
0.000604
0.000604
-0.014205
0.059828
0.015405
0.000604
0.074574
0.015392
-0.028973
0.000604
-0.028982
0.000604
0.000604
0.000604
0.030190
0.015394
-0.073366
0.015403
-0.028995
-0.029003
0.030212
-0.014199
0.030208
-0.028999
0.015407
0.030203
0.000604
0.074563
0.044953
0.118773
-0.028925
0.000604
0.015370
0.059645
0.015359
-0.043666
0.044875
0.015357
0.074334
0.030081
0.015339
0.015337
-0.058341
0.000604
-0.014137
-0.028886
-0.014144
0.015352
0.015350
-0.058393
-0.028907
0.030116
0.015357
-0.102709
-0.176753
-0.028986
0.059776
-0.073366
0.044993
-0.088193
-0.029012
0.000604
-0.014207
0.000604
0.030225
-0.058646
-0.029034
0.089493
0.059820
-0.014196
-0.014199
0.030208
-0.028999
0.015407
0.015405
0.059785
-0.043778
-0.028995
0.015405
0.044993
0.030186
-0.043771
-0.043791
0.015405
0.000604
0.000604
-0.028999
0.000604
0.045006
0.000604
0.059776
0.074520
0.015381
-0.028951
0.000604
0.000604
0.030159
-0.028951
-0.028960
-0.028968
0.030177
-0.014181
0.030173
0.015385
0.030159
0.000604
0.044921
0.000604
0.000604
-0.058489
0.015381
0.030151
0.000604
-0.014168
-0.073289
-0.043758
0.044967
-0.102938
-0.014196
0.044999
0.030190
0.015394
0.000604
-0.073366
-0.073421
-0.014207
0.030225
0.015411
-0.014203
0.045019
-0.058620
0.030221
0.000604
0.030212
-0.029003
-0.073453
0.059855
-0.073464
0.074673
-0.058646
-0.043857
0.045065
-0.014214
0.030238
0.000604
-0.014212
-0.029034
0.119105
-0.058629
-0.058664
0.030243
-0.029034
0.074684
-0.014207
-0.043844
0.089480
0.015409
0.015407
0.015405
0.030199
-0.014192
0.059776
-0.028977
0.000604
0.015396
0.104086
0.044921
-0.014166
-0.014168
0.030146
0.000604
-0.014166
0.044908
0.015368
0.015365
-0.014157
0.015365
0.030120
-0.014153
-0.014155
-0.014157
0.000604
0.015365
-0.014157
0.015365
0.030120
0.000604
0.000604
0.000604
0.015359
0.015357
-0.014148
0.015357
-0.014148
0.000604
-0.014150
0.015359
-0.014150
0.015359
-0.014150
0.000604
0.000604
-0.014153
0.015361
0.000604
0.015359
-0.014150
0.030111
0.000604
0.000604
0.044849
-0.014142
-0.014144
0.015352
-0.014144
0.000604
0.000604
0.015352
-0.014144
-0.014146
0.015355
0.015352
-0.014144
0.000604
0.015352
-0.014144
-0.014146
0.000604
0.000604
0.015355
-0.028899
-0.014150
0.000604
-0.028912
0.000604
0.000604
-0.014157
0.015365
0.000604
0.000604
0.015363
-0.014155
-0.014157
0.000604
-0.014159
0.015368
-0.014159
0.000604
0.000604
0.015368
0.000604
0.000604
0.000604
-0.014159
0.000604
-0.014161
0.000604
0.000604
0.000604
0.000604
0.000604
0.044894
-0.028920
0.015368
0.000604
-0.014159
0.000604
0.000604
-0.014161
0.000604
-0.028934
-0.014168
0.015376
0.000604
0.000604
0.015374
-0.028938
0.000604
0.015376
0.000604
-0.014168
0.000604
0.000604
0.015376
0.000604
-0.014168
0.015376
0.000604
0.000604
0.000604
0.000604
-0.014168
0.015376
0.000604
0.000604
-0.014168
0.000604
0.000604
0.000604
0.015376
-0.014168
0.000604
0.000604
0.015376
-0.014168
0.000604
0.000604
0.000604
0.015376
-0.014168
0.000604
0.015376
0.000604
0.000604
-0.014168
0.000604
0.000604
0.000604
0.000604
0.015376
0.000604
0.000604
0.000604
-0.014168
0.000604
0.015376
0.000604
0.000604
-0.028942
0.015379
0.000604
0.015376
0.000604
0.000604
0.000604
-0.014168
0.015376
-0.014168
0.015376
-0.014168
0.000604
0.000604
0.000604
0.015376
-0.014168
0.000604
0.015376
0.000604
-0.014168
0.000604
0.000604
0.000604
0.000604
0.000604
-0.028947
-0.014174
-0.014177
0.000604
0.000604
0.000604
0.030164
-0.028955
0.030164
-0.014174
-0.014177
0.015385
0.000604
0.000604
0.000604
0.000604
0.000604
-0.014177
0.015385
0.000604
0.000604
0.000604
0.000604
0.000604
0.000604
0.015383
0.015381
0.000604
-0.028951
0.030159
0.000604
-0.014172
-0.028955
-0.028964
-0.014183
-0.028977
0.015396
0.000604
-0.043778
0.015400
-0.073399
0.000604
0.015409
-0.014201
0.015409
0.000604
0.000604
-0.014201
0.015409
0.030208
0.000604
-0.028999
0.015407
0.000604
0.000604
-0.014199
-0.014201
0.015409
0.015407
-0.014199
-0.014201
0.000604
0.015409
-0.014201
0.000604
-0.014203
0.000604
-0.014205
-0.014207
0.015416
-0.014207
0.030225
0.015411
0.000604
-0.014203
-0.014205
-0.029021
-0.029030
-0.043863
-0.014223
0.030256
-0.014220
-0.014223
-0.029056
0.015436
0.000604
0.000604
0.000604
0.030260
-0.029052
0.015433
0.000604
0.000604
0.030256
0.045065
-0.014214
0.015422
0.015420
-0.014212
-0.043857
-0.014220
0.015429
-0.043876
-0.014227
-0.014229
-0.014231
0.000604
0.000604
0.015440
0.000604
0.030269
-0.043896
-0.014234
0.015442
0.000604
0.000604
0.074761
-0.029052
0.000604
0.015433
-0.029056
0.000604
-0.014229
0.030269
-0.014227
0.015436
-0.029061
-0.029069
0.000604
0.000604
0.030278
-0.029069
0.000604
0.074772
-0.014225
-0.058734
0.000604
0.015442
-0.014234
0.015442
-0.014234
0.000604
0.015442
0.000604
-0.014234
0.059943
-0.014227
-0.014229
0.015438
-0.029065
0.015440
0.015438
0.000604
0.000604
0.030265
0.030256
0.000604
-0.058708
-0.014229
0.030269
0.015433
-0.043890
0.015438
-0.029065
-0.088456
0.000604
-0.088536
0.074893
0.074838
-0.118196
0.104562
-0.043936
-0.043956
0.074860
-0.029091
0.015453
-0.058805
-0.133195
END
