y[]
-0.011142
0.000866
-0.011144
-0.011145
-0.011146
0.000866
-0.023164
0.000866
0.000866
0.012882
0.024893
-0.011146
-0.023164
0.000866
0.000866
0.060930
-0.047182
0.012880
0.012879
-0.011146
0.012879
0.012878
-0.023158
-0.011148
-0.047205
0.048937
-0.023166
0.024899
0.012880
0.000866
0.000866
-0.011148
0.000866
-0.035185
-0.011154
-0.011155
0.012888
-0.035202
0.024913
0.024908
-0.011154
0.000866
0.000866
0.000866
0.000866
-0.011155
0.012888
0.000866
0.024905
-0.023172
0.000866
0.024905
0.000866
0.012883
0.000866
0.012882
0.012880
-0.011148
-0.011149
0.012882
0.024893
0.012878
0.000866
0.000866
-0.023158
0.000866
0.024890
0.000866
0.012876
0.012875
-0.023152
0.000866
0.000866
0.000866
-0.047188
0.012882
-0.023166
0.036913
-0.023164
0.000866
0.012882
-0.023166
0.012883
0.000866
0.000866
0.012882
0.012880
0.000866
0.000866
-0.035181
0.000866
0.012883
0.000866
0.000866
0.000866
-0.011151
0.012883
-0.023169
0.036917
-0.035185
-0.011154
0.012886
0.012885
0.000866
-0.011152
0.000866
0.000866
0.012885
0.012883
0.036909
0.024887
0.048891
-0.023143
0.000866
-0.035159
-0.023158
-0.047199
-0.035198
0.048949
0.000866
0.012883
0.000866
-0.011151
0.036913
0.012879
-0.011146
-0.011148
-0.023166
-0.011152
0.000866
-0.023175
-0.011157
0.012889
-0.023181
0.000866
-0.023187
-0.059291
0.097101
-0.023184
0.000866
0.036939
0.012888
0.000866
-0.011155
-0.023181
0.000866
-0.047245
0.000866
0.000866
0.012896
0.048972
0.012889
0.036926
0.036913
0.000866
-0.023164
0.024896
-0.023164
0.060930
-0.035168
-0.035181
-0.035194
-0.023181
-0.059277
-0.047274
0.049007
0.012898
0.024925
0.012893
-0.023190
0.024922
0.012892
-0.047245
-0.023198
0.012899
-0.011167
0.012899
-0.011167
0.012899
0.048984
0.000866
0.048961
0.012886
0.024902
-0.059233
-0.023184
0.024916
-0.071301
0.000866
0.036956
0.036943
-0.011158
0.012891
0.000866
-0.047240
0.000866
0.048972
0.000866
-0.035211
0.024919
-0.011159
0.024916
-0.011158
-0.023187
0.024919
0.024913
-0.023181
-0.011159
-0.011161
0.000866
0.012893
-0.047251
0.000866
0.012898
-0.023198
0.024931
0.024925
-0.035224
-0.023201
-0.035246
-0.011174
0.036983
0.036970
0.000866
0.000866
-0.023201
0.012901
-0.023204
-0.011171
0.036974
0.024931
0.000866
-0.023198
0.024931
-0.011165
-0.047274
0.012904
-0.023210
-0.011174
0.000866
-0.119616
0.024974
0.000866
0.037017
-0.011183
0.000866
-0.023236
-0.011187
0.012920
0.012918
-0.011186
0.012918
-0.023239
0.000866
0.037022
-0.035289
0.000866
0.012920
0.012918
0.000866
0.085188
0.024945
-0.023213
0.000866
0.012906
0.000866
-0.011174
-0.035263
0.024954
0.012908
0.012906
0.012905
0.012904
-0.035250
-0.035263
0.036996
0.000866
0.000866
0.000866
-0.011175
0.036987
0.024939
-0.023207
-0.035254
-0.035267
0.037000
-0.011177
-0.023224
-0.023230
-0.035289
0.012920
0.037017
0.024960
0.000866
0.036996
0.024945
0.000866
-0.011172
0.000866
0.024942
-0.011171
0.012904
-0.011171
0.000866
0.012904
0.000866
-0.011171
0.000866
-0.011172
0.000866
0.000866
0.000866
-0.023216
0.012908
0.036983
0.000866
0.000866
0.012902
0.012901
0.048989
-0.023192
0.012896
0.000866
0.000866
-0.011164
0.012896
0.000866
0.000866
0.000866
0.000866
0.000866
0.000866
0.000866
0.000866
0.012895
0.000866
0.000866
-0.011162
0.000866
-0.011164
0.000866
0.000866
-0.011165
0.000866
0.000866
0.012898
0.000866
-0.011165
0.012898
-0.011165
0.000866
0.012898
-0.011165
0.000866
-0.011167
-0.011168
-0.035246
0.012905
0.000866
0.000866
0.000866
0.012904
-0.011171
0.012904
-0.011171
-0.011172
0.000866
0.000866
0.012905
-0.011172
0.012905
-0.011172
0.000866
0.000866
0.012905
0.012904
0.000866
0.000866
0.000866
0.012902
0.000866
0.000866
0.000866
0.000866
0.012901
-0.011168
0.000866
0.000866
-0.011170
0.012902
-0.011170
0.012902
0.000866
-0.011170
0.024937
-0.011168
0.012901
-0.011168
0.024934
0.000866
0.000866
0.000866
0.000866
0.000866
0.000866
0.024928
0.000866
-0.011164
0.000866
0.000866
0.000866
0.012896
0.000866
0.000866
0.012895
0.000866
0.000866
0.012893
0.000866
0.000866
0.000866
0.024916
0.000866
0.012889
-0.011157
0.000866
-0.011158
0.012891
0.012889
-0.011157
-0.011158
0.000866
0.000866
-0.011159
0.012892
-0.011159
0.000866
0.000866
0.036939
0.060959
0.000866
0.012880
-0.011148
0.000866
0.000866
0.012880
-0.011148
0.000866
-0.011149
0.012882
-0.011149
0.000866
0.000866
0.000866
0.000866
-0.011151
0.024899
-0.011149
0.012882
0.000866
0.000866
-0.023166
0.012883
0.000866
-0.011151
0.000866
0.000866
0.012883
0.000866
-0.011151
0.000866
0.000866
0.012883
0.000866
-0.011151
0.000866
0.000866
0.000866
0.024899
-0.011149
0.012882
0.012880
0.000866
-0.011148
0.000866
0.000866
0.000866
0.048914
0.036887
-0.011139
0.024876
-0.035150
0.000866
-0.011142
0.000866
0.000866
-0.011144
0.012876
0.000866
-0.011144
0.012876
0.000866
0.000866
0.000866
-0.011144
0.012876
-0.023155
0.012878
-0.011145
0.000866
-0.035176
0.000866
0.000866
0.000866
0.000866
0.000866
0.024896
0.000866
0.012879
0.012878
0.000866
-0.011145
0.000866
0.000866
0.012878
-0.011145
0.000866
0.000866
0.000866
0.000866
0.000866
0.012878
0.000866
-0.035172
0.000866
0.000866
0.012880
0.000866
-0.023164
0.012882
-0.035185
0.000866
0.000866
0.000866
0.000866
0.012885
0.012883
0.000866
0.012882
0.000866
0.000866
0.000866
0.000866
0.000866
0.000866
-0.011149
0.012882
0.012880
-0.011148
-0.011149
0.000866
0.012882
-0.023166
0.012883
0.000866
-0.011151
-0.023172
0.000866
0.000866
0.000866
0.000866
0.000866
0.012886
-0.011154
0.000866
0.000866
0.000866
0.000866
0.000866
-0.011155
0.000866
0.000866
0.012888
-0.011155
-0.023181
0.012891
-0.011158
0.012891
-0.011158
0.012891
0.000866
0.000866
0.000866
0.012889
0.000866
0.000866
0.012888
-0.023178
0.000866
0.012889
0.012888
0.000866
0.000866
0.000866
0.000866
0.000866
0.000866
0.012886
0.000866
0.024902
-0.011151
0.012883
0.012882
0.000866
-0.023166
-0.011152
0.000866
-0.011154
0.012886
-0.023175
0.000866
0.012888
0.000866
0.012886
-0.011154
-0.023178
0.000866
0.012889
0.000866
-0.011157
0.012889
-0.035207
-0.011161
0.024919
0.024913
0.000866
0.000866
-0.023181
0.000866
0.000866
-0.047245
0.000866
-0.035233
0.061024
-0.059291
-0.011170
-0.035250
-0.035263
0.036996
0.012906
-0.011174
-0.011175
0.085127
-0.059313
0.000866
0.049013
-0.023204
-0.023210
0.024942
0.036970
0.012898
-0.011165
0.000866
0.012898
0.000866
-0.023198
0.036961
-0.011164
0.000866
0.012896
0.048972
0.012889
-0.023181
0.000866
-0.011159
-0.011161
0.012893
-0.047251
-0.011167
0.012899
0.000866
-0.011167
-0.035241
-0.023213
0.012906
0.000866
0.000866
0.012905
-0.011172
-0.011174
0.049018
-0.023207
0.012904
0.000866
-0.011171
-0.095484
-0.095577
0.061154
0.024971
-0.035294
0.049076
-0.071458
-0.107718
-0.119921
0.000866
0.133725
-0.131992
0.061278
-0.059546
0.073356
0.000866
-0.035372
-0.011216
0.025030
-0.035381
0.025033
0.000866
0.133676
-0.035337
0.000866
-0.095740
0.025027
0.000866
0.012944
-0.023291
-0.011215
0.025027
0.025021
0.000866
0.000866
0.012941
0.049152
-0.023274
-0.035355
-0.035368
-0.095822
0.061307
END
