y[]
0.160316
-0.002867
0.084891
-0.053005
-0.053030
-0.128385
-0.053119
0.034824
0.135211
-0.002867
0.047296
0.134951
-0.002867
-0.065489
0.159867
-0.015376
0.134641
0.072058
0.047052
-0.015345
0.009610
-0.102730
-0.065332
-0.002867
0.047108
-0.102842
0.109598
0.072039
0.047039
0.047014
0.134179
-0.152381
0.183990
-0.127400
0.009593
-0.177453
-0.115262
0.047101
0.109471
0.071955
-0.177540
-0.102817
-0.178021
-0.090559
-0.027936
0.022202
-0.002867
-0.027936
0.047264
-0.015398
0.059770
-0.027917
-0.027924
-0.015398
0.009663
0.009662
-0.002867
-0.002867
0.022186
-0.027921
-0.040459
-0.002867
0.009665
-0.015399
-0.002867
-0.015401
0.034729
0.097321
-0.027905
0.022170
-0.015385
-0.015387
-0.015388
-0.027914
0.009657
0.009655
-0.015390
-0.015392
0.009657
0.022177
0.009652
0.009651
0.034677
0.022155
0.009641
-0.052911
-0.027899
-0.002867
-0.027905
0.072227
-0.002867
-0.027892
-0.002867
0.022158
-0.015379
-0.002867
-0.002867
-0.002867
0.009644
-0.015379
0.022155
-0.015377
-0.002867
0.009643
-0.015377
-0.015379
0.022155
-0.015377
0.009643
-0.027889
0.034663
-0.002867
-0.002867
0.009640
-0.002867
-0.015374
0.009640
-0.002867
-0.002867
0.034644
-0.015370
0.022136
-0.040374
0.009637
-0.015371
0.022139
0.047126
-0.040360
0.009632
-0.002867
-0.002867
-0.002867
0.009630
-0.002867
-0.027864
-0.015368
-0.027874
0.034640
0.009632
-0.002867
0.009630
-0.002867
0.009629
-0.015363
-0.027864
-0.002867
-0.015368
0.022133
-0.015367
-0.002867
-0.002867
-0.002867
0.009632
-0.002867
-0.002867
-0.015367
-0.002867
-0.002867
0.022130
-0.052867
0.022136
0.009632
-0.002867
-0.002867
-0.015367
0.009632
-0.027867
-0.027874
0.022139
0.009633
0.009632
0.009630
-0.015365
0.022126
-0.002867
-0.015363
-0.002867
0.009629
-0.002867
-0.002867
-0.015363
0.009629
-0.015363
-0.015365
-0.015367
0.022130
-0.015365
-0.002867
-0.002867
-0.002867
-0.002867
-0.002867
-0.002867
-0.002867
0.009630
-0.015365
-0.002867
-0.002867
-0.015367
-0.027870
0.009635
-0.002867
0.009633
-0.002867
0.009632
-0.002867
-0.002867
0.022126
-0.027861
-0.015367
-0.065387
0.009640
-0.027883
-0.015377
-0.002867
-0.002867
0.022151
0.009640
0.009638
0.009637
-0.040384
0.022145
0.034640
-0.015368
-0.015370
0.009635
-0.002867
-0.002867
-0.002867
-0.002867
-0.002867
0.009633
-0.015368
-0.002867
-0.015370
0.009635
0.009633
0.009632
0.047114
-0.052849
-0.002867
0.022126
0.009627
-0.002867
-0.015362
-0.027861
-0.015367
0.034626
-0.040360
0.072105
-0.052842
-0.002867
0.059598
-0.015357
-0.002867
-0.015359
0.022114
0.022108
-0.015354
-0.002867
0.009619
-0.015354
-0.040337
-0.015360
-0.015362
-0.015363
0.009629
0.072077
-0.065317
0.009626
0.034602
0.022105
-0.040327
0.009621
-0.002867
0.009619
-0.015354
-0.015356
0.009621
-0.027845
-0.027852
0.047095
-0.002867
-0.002867
-0.052830
-0.040356
0.059605
0.022111
-0.052830
-0.027858
-0.027864
-0.090406
0.022151
0.159602
-0.027845
-0.002867
0.047083
-0.027839
-0.002867
-0.027845
-0.002867
0.009623
0.034593
0.009616
-0.015351
0.009616
-0.040323
0.022105
0.009616
0.022095
-0.002867
0.047039
0.022077
-0.015338
0.047008
-0.002867
-0.002867
-0.002867
0.046983
-0.002867
0.034504
0.022039
-0.002867
-0.027774
0.034490
-0.040225
0.046940
0.009581
-0.040216
-0.015320
0.009585
0.009584
-0.027771
-0.015321
-0.052699
-0.015329
0.034514
0.009590
-0.040243
0.009593
0.059411
-0.052687
0.034500
-0.027777
-0.040243
0.009593
0.046958
0.084268
-0.040202
-0.065122
0.022039
-0.015320
-0.002867
-0.040234
0.022046
-0.040239
-0.002867
0.022049
0.034495
0.046927
-0.015314
0.022024
-0.040206
0.022027
0.022021
0.009574
0.046884
-0.027740
0.009570
0.009568
0.084138
0.009556
-0.064998
0.021990
-0.015295
-0.027727
0.034421
-0.065022
-0.052619
0.022011
-0.002867
-0.052631
-0.015312
-0.002867
0.022021
0.009574
0.009573
0.022008
0.034435
-0.015300
-0.015301
-0.002867
0.046859
-0.002867
0.009560
-0.002867
-0.015295
-0.040160
-0.027737
-0.077513
0.146368
-0.027724
0.009562
0.009560
0.009559
0.071658
0.071602
-0.015275
0.059156
0.046724
-0.002867
-0.027660
-0.064875
-0.114578
0.059210
0.009544
0.009542
-0.102184
-0.027712
-0.040146
-0.027727
0.046847
-0.077448
-0.152195
0.059380
0.084214
0.096561
0.046810
-0.002867
-0.077392
-0.040151
-0.002867
-0.102357
0.009574
-0.065091
-0.090046
0.071862
0.022030
-0.052668
-0.052693
0.034504
0.096722
0.034453
0.009570
-0.027743
0.084170
-0.002867
0.046835
-0.002867
0.232879
0.059079
0.083793
-0.015243
-0.064768
0.133263
-0.176156
-0.052434
0.059087
0.096179
-0.077143
0.046656
0.021885
-0.039998
-0.052397
0.059041
-0.015246
-0.040012
-0.027638
0.009519
-0.002867
0.009517
-0.015252
-0.040030
0.034296
-0.040030
0.009522
-0.052434
0.009527
0.009525
0.021913
-0.064829
-0.151732
0.046779
0.009540
0.009539
0.071537
-0.064867
0.046736
0.009530
0.021922
0.083847
-0.015250
-0.015252
-0.002867
0.009517
0.083782
-0.064752
0.108498
-0.163768
0.009519
-0.064814
0.108609
-0.139132
0.034314
-0.015260
0.046693
0.133297
-0.114260
-0.015252
-0.015253
-0.002867
0.021904
-0.163988
-0.002867
-0.064906
0.071574
-0.002867
-0.002867
0.083911
-0.064844
-0.002867
-0.052477
0.046742
0.009531
-0.064875
0.071537
0.034314
-0.040049
-0.015264
0.009530
0.034314
0.021913
0.009520
-0.052427
0.021916
0.034296
0.046662
-0.015247
-0.052403
0.009519
-0.002867
0.021901
0.046650
0.009508
0.009507
-0.002867
-0.002867
0.021876
-0.015238
0.021873
0.009501
-0.027604
-0.002867
-0.015238
-0.015240
0.009505
-0.015240
0.009505
-0.027614
-0.002867
0.046619
-0.002867
0.009501
-0.002867
-0.002867
-0.027604
0.009502
-0.002867
0.009501
-0.002867
0.009499
0.009497
-0.015232
0.009497
-0.002867
-0.015232
0.009497
-0.015232
-0.015234
-0.015235
-0.027608
0.009504
0.034236
-0.015234
0.009499
-0.015234
-0.002867
-0.015235
0.009501
-0.027604
-0.015238
0.009504
-0.027611
-0.002867
0.009505
-0.027614
0.021879
-0.015240
0.009505
0.034241
-0.002867
-0.002867
-0.015235
0.046595
-0.002867
-0.015231
-0.002867
0.021858
0.021852
0.009490
0.169972
0.021800
0.046448
0.046424
-0.027510
0.095667
0.009443
-0.027489
0.095582
0.230562
-0.039688
-0.064266
-0.064304
-0.002867
0.046285
-0.052019
-0.064341
-0.002867
0.009431
0.021724
-0.039756
0.009431
-0.002867
0.021724
-0.002867
0.009426
-0.002867
0.021715
0.021709
-0.015155
-0.039738
0.021715
-0.015158
0.058569
-0.064304
-0.015159
-0.039752
0.070888
-0.052031
-0.015162
-0.002867
-0.015164
-0.015165
-0.015167
-0.039774
-0.002867
0.009437
0.009435
0.034031
-0.027465
0.021730
-0.027465
-0.002867
-0.027471
-0.002867
-0.015171
0.009437
-0.015171
-0.002867
0.009437
0.021736
0.009432
-0.015167
0.034026
0.021721
0.021715
-0.015158
-0.002867
-0.002867
0.009423
0.009421
-0.002867
-0.002867
-0.002867
0.009420
-0.027443
-0.027449
-0.002867
-0.002867
0.009425
-0.015159
-0.027455
-0.015164
-0.039765
-0.002867
0.009434
0.021730
-0.015165
0.009431
-0.002867
0.034017
-0.027455
-0.002867
-0.015164
-0.015165
-0.002867
-0.002867
0.009431
-0.027465
0.046321
0.021718
-0.002867
-0.027452
0.021718
0.021712
0.021706
-0.052019
-0.002867
-0.002867
0.009423
-0.015158
-0.015159
0.009425
-0.027452
-0.002867
-0.015162
0.009428
0.009426
-0.002867
-0.002867
0.009425
-0.088942
0.034031
-0.052068
0.009435
-0.002867
0.009434
END
