y[]
0.024954
0.037937
0.024938
-0.065984
-0.053025
-0.001037
0.024961
0.063928
0.011951
-0.117988
-0.131143
0.064038
0.128986
0.011956
0.011955
-0.066010
0.089914
-0.014024
0.011951
0.089831
0.037882
-0.273782
-0.001037
-0.053072
0.037993
-0.105149
-0.209587
-0.001037
-0.053242
0.025070
0.142426
-0.066221
-0.105421
0.103348
0.077180
-0.235870
0.012024
0.103389
0.077211
-0.014073
0.064131
0.038044
0.142127
-0.079101
-0.157348
0.168289
-0.248610
0.012009
-0.131568
-0.157899
-0.053379
-0.092702
-0.027242
-0.053468
0.077600
0.051354
0.077498
0.090509
-0.144931
0.116711
-0.105694
0.012052
-0.118892
-0.014140
0.169176
0.208059
-0.066332
-0.014101
0.025090
0.103402
0.064182
-0.092355
0.012014
-0.027139
-0.014090
-0.053269
0.051196
-0.131670
-0.040260
-0.027194
-0.158125
-0.027242
-0.014142
0.064473
-0.001037
0.051340
-0.158249
0.012074
0.090689
-0.053441
-0.040358
-0.027259
-0.001037
0.077611
-0.053461
0.116880
-0.079632
-0.014142
-0.276645
0.038383
0.090881
-0.079818
-0.001037
-0.079880
-0.014183
-0.040487
-0.093148
-0.014202
-0.014204
-0.040549
-0.093294
-0.093379
-0.027436
0.170434
-0.014216
-0.014218
0.064853
0.143767
0.051567
0.130352
-0.066709
0.051505
-0.066718
0.156527
-0.001037
0.077652
-0.092846
0.064550
-0.105996
0.248062
-0.092738
-0.027252
-0.027259
-0.014150
-0.106010
-0.053564
0.117113
-0.053530
-0.145536
0.038393
-0.040466
-0.119419
-0.066865
0.064792
0.340575
0.156237
0.247476
0.064259
0.116388
-0.014077
0.194391
-0.105217
0.051067
-0.196565
0.168444
-0.001037
-0.053154
-0.157551
-0.014090
-0.027150
-0.014096
-0.066358
-0.014106
0.077354
0.025080
-0.027153
-0.079427
0.025100
-0.001037
-0.001037
0.012029
-0.014102
-0.014104
-0.001037
0.012031
-0.040245
0.090425
-0.001037
0.051190
-0.014090
0.012017
-0.001037
0.012016
-0.014089
0.012016
0.064199
-0.066272
-0.014089
0.051162
0.064174
0.064131
0.011992
-0.053161
0.025029
-0.014068
-0.001037
-0.001037
0.038054
0.011990
-0.014063
-0.027095
-0.027102
-0.053188
0.051115
-0.040147
0.012002
-0.014075
-0.027119
0.077190
0.011995
-0.079253
0.116266
0.011989
-0.001037
-0.014062
-0.027092
0.011992
-0.001037
0.011990
-0.001037
0.038034
0.011983
-0.079182
-0.014067
-0.040137
0.064123
-0.014065
-0.040132
0.011997
-0.014070
-0.014072
-0.066238
-0.157695
0.090377
0.090294
-0.014079
0.038085
-0.027116
-0.105421
0.038120
-0.001037
-0.001037
-0.040193
-0.014092
-0.027153
0.012023
-0.001037
-0.001037
0.012021
0.012019
-0.001037
-0.001037
0.051169
-0.092414
-0.079427
-0.014108
0.012035
0.012033
-0.079478
0.051265
0.103484
-0.027156
0.051196
-0.040209
-0.066358
-0.001037
-0.001037
0.038161
0.012026
0.064250
0.025066
-0.040193
0.038120
0.012012
-0.131602
0.064267
-0.040214
-0.053297
-0.014106
0.051231
-0.014101
0.025090
-0.027163
0.025090
0.077303
-0.027143
-0.001037
-0.014092
-0.027153
-0.001037
-0.040224
-0.001037
-0.027170
-0.001037
-0.066400
-0.001037
-0.001037
-0.053358
0.025128
-0.027201
-0.158166
-0.014142
-0.014144
-0.027256
0.038290
-0.040363
0.025183
-0.014145
0.077590
-0.027239
-0.053461
-0.014147
-0.014149
-0.014150
-0.027269
0.012081
-0.014154
0.038310
-0.119124
0.038341
0.064559
0.012077
0.038295
-0.053482
-0.027269
-0.001037
-0.119170
0.025227
-0.014168
-0.171898
-0.001037
0.012117
0.012115
0.077838
-0.001037
-0.027321
-0.027328
0.012110
0.012108
0.025248
-0.014178
-0.132546
0.104185
-0.027332
0.064688
0.025241
0.038367
0.090845
0.077652
-0.105968
-0.027287
-0.119248
0.025245
-0.001037
0.104019
0.077683
-0.027269
-0.066649
-0.027294
0.038346
0.038331
0.012083
0.012081
0.064524
-0.001037
0.051381
0.077539
-0.105817
-0.132167
0.051436
-0.001037
-0.001037
0.025190
0.103799
-0.014135
0.129871
0.025124
-0.027197
0.038202
-0.040275
0.051278
-0.001037
-0.014113
-0.040275
-0.131944
-0.027239
0.012065
0.025162
0.038249
0.012055
-0.092714
0.077549
-0.001037
-0.040322
0.025155
0.129819
0.051258
0.064293
-0.001037
0.194697
0.011999
-0.040147
0.038074
-0.053188
-0.040168
-0.001037
0.142370
0.038039
0.064055
-0.001037
-0.001037
0.011977
0.050999
0.037973
0.024961
-0.014034
-0.014036
-0.092082
-0.040081
-0.014055
0.129070
-0.027044
0.011968
0.024968
0.141867
-0.001037
0.037902
0.050858
-0.014008
0.011935
-0.052931
0.102725
0.076714
-0.013991
0.011918
-0.156598
-0.001037
-0.001037
0.076774
0.024887
-0.001037
0.024880
-0.039914
-0.026963
-0.052910
-0.039960
0.063827
0.011931
-0.039944
-0.078898
-0.014019
-0.039995
-0.040010
0.154767
0.024907
-0.052931
-0.052958
0.037907
-0.026997
0.076825
-0.078898
0.037902
0.063827
0.050824
-0.026963
-0.026970
-0.052924
0.050851
-0.001037
-0.039950
0.037877
0.063785
0.037836
0.024870
0.180123
-0.026896
0.089444
-0.013957
-0.001037
-0.001037
0.128096
-0.013942
-0.117263
0.050636
-0.065632
-0.091540
-0.013972
0.050697
-0.065707
-0.039859
0.076593
-0.001037
0.050683
-0.065690
-0.013972
0.011899
0.037761
-0.078646
0.037776
-0.001037
-0.013972
0.024833
0.076533
-0.065674
0.011894
-0.026900
-0.013971
-0.013972
-0.065740
0.128330
0.153982
0.011871
0.102163
-0.078426
0.024767
-0.091377
-0.065615
-0.039804
-0.091552
-0.013974
-0.156417
0.115521
-0.039874
-0.156537
0.037861
-0.039934
-0.182760
0.037932
0.180617
0.063760
0.011918
-0.117685
-0.039950
-0.078908
-0.091963
-0.118064
0.089997
0.050945
0.050918
-0.104973
0.063937
-0.092011
-0.040051
-0.144219
0.051054
0.051026
-0.027065
-0.092188
-0.053161
0.025029
-0.105339
-0.027129
-0.092414
-0.014097
0.155581
-0.079314
0.220592
0.051040
-0.118247
0.077119
-0.027082
0.129121
0.076977
-0.027034
-0.157165
0.025002
-0.144331
-0.105380
-0.001037
0.012012
0.077221
-0.040158
-0.144612
-0.144818
0.064344
-0.079499
-0.027204
0.181994
-0.014099
0.051203
-0.066340
-0.079458
0.181851
-0.053256
0.025077
0.051169
0.129359
-0.053174
-0.066247
-0.079345
-0.131687
0.051244
0.012029
-0.092534
0.051258
0.038166
-0.014102
0.207814
-0.027119
0.077190
-0.014070
-0.092319
-0.105462
-0.131721
-0.118799
-0.001037
-0.053420
0.090617
-0.118892
0.012065
-0.027242
0.195337
0.155785
-0.105557
0.129597
0.129427
-0.001037
0.012000
-0.066238
0.077201
-0.053188
0.077180
0.207243
0.050966
-0.118079
-0.092165
0.011987
-0.027085
-0.040122
0.051074
0.116113
0.245829
0.024914
0.102698
0.115536
-0.273251
-0.001037
0.180522
-0.091775
0.011931
0.322609
-0.156256
0.037791
-0.039864
0.037791
-0.052810
-0.143551
-0.026970
-0.001037
-0.117821
-0.027007
-0.014024
0.037922
-0.052985
0.011953
-0.001037
-0.001037
-0.066001
-0.001037
0.011960
-0.066035
0.037968
-0.001037
-0.040041
0.076956
0.011956
-0.027024
-0.001037
0.063920
-0.027014
0.024941
0.011950
0.011948
-0.001037
-0.001037
0.011946
0.037902
0.011940
-0.001037
-0.039970
0.050871
0.011936
0.011935
0.024900
-0.026973
-0.026980
-0.001037
0.024907
0.011933
0.037861
-0.026967
0.063777
0.076684
0.011911
-0.013984
-0.026937
-0.001037
-0.013989
-0.039904
0.037831
-0.001037
0.050764
0.011909
0.050730
0.050703
-0.001037
0.037751
-0.065690
0.037761
-0.013967
-0.052776
0.037771
0.050683
0.063575
0.089350
0.102163
0.024747
-0.026820
-0.091330
0.011868
-0.065573
-0.001037
-0.001037
0.063500
-0.026846
0.115055
-0.039719
-0.001037
0.076313
0.127747
-0.052530
0.024713
-0.013911
-0.078316
-0.104169
0.037651
-0.039724
END
