y[]
-0.051075
-0.127985
0.025756
0.025749
0.038551
-0.051121
-0.012693
-0.115285
0.000122
0.064253
0.012943
0.012941
-0.076821
-0.064043
0.038625
0.025782
-0.153942
0.012969
0.077173
-0.038397
0.038640
-0.064084
-0.038421
-0.012729
0.000122
-0.025585
-0.025592
-0.025599
-0.038471
0.038714
-0.025605
-0.025612
0.000122
-0.051365
-0.064274
0.077391
-0.090032
0.025888
0.038759
0.012997
-0.115820
-0.025662
-0.051465
-0.051491
0.013027
0.000122
-0.077338
0.038859
-0.064449
-0.193840
0.038944
-0.103438
0.077802
0.064809
0.025985
-0.051611
0.025991
0.064767
0.025968
-0.012801
0.064717
0.013036
0.013034
-0.038621
-0.038636
-0.025725
0.077641
0.038859
0.038844
0.090415
0.141847
-0.244803
0.347993
0.025842
0.012979
-0.025595
-0.051332
-0.154398
0.051655
-0.180361
0.141956
-0.064324
0.051681
-0.257943
0.129237
0.013024
0.103281
0.038779
-0.115895
0.064592
0.064550
0.115989
0.180093
0.115647
0.025776
0.051410
0.102620
0.153672
-0.063829
-0.025470
-0.115123
-0.012692
-0.076792
0.012945
-0.102508
0.000122
-0.089766
-0.102706
-0.128562
0.064484
0.064443
0.051549
0.000122
0.051522
0.166992
0.012946
0.051404
-0.038337
-0.076841
-0.064059
0.179724
0.025753
-0.038328
-0.025519
-0.025526
0.217917
-0.025477
-0.025483
-0.115182
0.000122
-0.076821
0.051423
-0.089674
0.051443
0.051417
0.064204
-0.012692
-0.076792
0.025766
0.077015
0.025740
0.000122
0.000122
-0.051121
-0.063969
0.077025
0.012933
0.038546
-0.051114
0.025743
-0.051128
0.051371
0.140922
0.051272
0.153417
0.076682
0.089367
0.025606
-0.038107
-0.012625
-0.076390
0.102123
-0.063617
-0.101945
0.038409
0.127640
-0.076370
-0.025389
0.012878
-0.012634
-0.101984
-0.063748
0.000122
0.089527
-0.063731
0.038438
0.076711
-0.102010
0.038433
0.012889
0.012887
-0.050951
-0.076536
-0.025444
0.000122
-0.127805
-0.076713
-0.102416
0.064220
-0.025513
0.051384
0.025743
0.051345
-0.089536
-0.063969
-0.064010
0.000122
-0.076890
-0.025562
-0.076970
0.025825
-0.064150
0.038689
0.025825
0.102870
0.012958
0.115573
0.051390
0.000122
-0.102443
0.038595
-0.115344
0.051456
0.000122
0.012951
0.051423
0.012943
0.025759
0.025753
-0.089616
0.038591
0.025759
0.012938
-0.012695
-0.025516
0.051390
0.000122
0.025746
-0.012690
0.012933
0.000122
-0.140895
0.038600
-0.012703
0.012946
0.051404
0.025753
0.012935
-0.012692
-0.012693
-0.012695
0.025753
0.076976
0.012925
-0.012682
-0.012683
0.012927
-0.012683
0.000122
0.000122
0.012927
0.000122
0.012925
-0.025487
0.000122
0.051331
-0.127952
0.000122
-0.038333
0.000122
-0.012700
0.025763
0.012940
-0.025516
-0.012700
0.012943
0.012941
-0.012698
-0.012700
-0.115344
0.012958
0.000122
0.000122
0.025789
0.012953
-0.012710
0.102725
0.064195
0.025740
0.140904
0.025697
-0.063829
-0.025470
0.012918
0.025710
-0.076664
0.000122
0.000122
0.000122
-0.012682
0.000122
0.000122
-0.051108
-0.012690
0.038551
0.012928
0.012927
0.012925
0.000122
0.012923
0.051312
0.025707
-0.012670
0.012913
-0.038259
0.051292
0.051266
0.012904
0.012902
0.025677
-0.063780
0.000122
0.038468
-0.038224
-0.025451
-0.038249
-0.051062
0.064097
0.000122
0.012912
0.051266
0.025684
0.012900
0.025674
0.012895
0.025664
-0.038195
0.000122
0.038438
0.025658
-0.025415
0.025658
-0.012646
0.025655
0.012886
-0.012642
0.012886
-0.050944
-0.025421
-0.012652
0.038438
0.012891
-0.038190
-0.012652
-0.012654
-0.025434
-0.012659
0.012902
0.000122
0.012900
-0.025438
0.025681
-0.051003
-0.012664
0.012907
-0.038239
0.089607
-0.012657
0.012900
-0.012657
0.038453
0.000122
0.012895
-0.012652
0.012895
-0.025428
0.000122
0.025671
-0.038205
-0.038220
0.000122
0.012904
0.012902
-0.038224
0.012905
0.000122
0.012904
0.012902
0.000122
0.000122
0.000122
-0.473843
-0.038407
0.012966
0.012964
0.000122
0.012963
-0.038407
0.000122
-0.012724
-0.025575
0.000122
0.000122
0.000122
-0.012729
-0.025585
-0.064175
-0.012743
0.025848
0.012982
0.000122
0.051549
-0.128496
0.077312
0.012981
0.025835
0.051529
-0.025579
-0.038441
0.090079
-0.025572
-0.064142
0.012978
0.000122
-0.012734
-0.077049
-0.025615
0.025858
-0.025615
0.012991
0.064443
0.051549
-0.089893
0.025848
-0.167221
-0.102998
-0.038576
0.077501
-0.077258
0.000122
0.013022
-0.141878
-0.012797
0.038874
0.103387
-0.077318
-0.129077
-0.077478
0.077721
0.064742
0.051788
0.064667
-0.012784
0.180650
-0.064316
-0.038561
-0.116015
-0.038621
0.064684
-0.012787
-0.051531
-0.116195
-0.051618
0.064792
0.038904
-0.090394
0.000122
0.090637
-0.025732
-0.038671
-0.038686
-0.090487
0.051908
-0.012823
-0.129412
0.026042
-0.077659
0.129722
-0.025785
0.038979
0.051908
-0.012823
-0.012824
-0.077589
0.051935
0.026018
0.116574
-0.012811
-0.012813
0.000122
-0.064574
0.013064
0.090672
0.077671
0.000122
0.051788
-0.025708
0.077591
-0.051518
-0.142025
0.000122
0.013052
0.013051
0.077661
0.038869
-0.051545
0.000122
-0.051571
0.000122
-0.051598
0.064767
-0.012804
0.025971
-0.064515
0.038909
-0.012806
-0.103358
-0.051658
-0.012828
-0.051692
0.013077
0.064876
0.077771
0.000122
0.013057
0.013056
-0.012813
0.090625
-0.038656
0.013049
0.013047
0.000122
-0.051591
0.013052
0.064750
0.013042
0.000122
-0.051571
0.025971
0.000122
-0.038656
0.025975
-0.025732
-0.012807
0.038904
0.000122
0.025968
0.090532
0.013031
0.013029
-0.038606
-0.090300
-0.012802
-0.064524
-0.038686
0.013059
-0.103425
0.116604
-0.012814
-0.129328
0.064867
-0.012824
0.064834
-0.025758
-0.025765
-0.012824
0.103641
-0.025748
-0.051638
0.038944
0.000122
0.064792
0.000122
-0.051611
0.168156
-0.064474
0.077631
-0.064465
-0.064507
-0.025742
0.038914
-0.038671
-0.181108
0.026032
-0.038746
0.000122
0.077842
0.013069
0.013067
0.103628
0.038909
0.000122
0.025971
-0.129194
0.025998
-0.077528
0.038954
0.064809
0.064767
-0.025732
-0.038671
-0.051625
-0.116406
0.038979
0.064851
-0.025765
0.077761
0.000122
-0.064574
-0.038716
-0.025778
0.090742
0.025998
0.051855
0.051828
-0.051585
-0.064549
0.064792
0.142250
0.000122
-0.064457
0.051788
0.154960
0.013014
0.000122
-0.012771
0.154721
0.051602
-0.038486
0.103042
0.000122
-0.089928
0.000122
-0.064249
0.038749
0.038734
0.012989
-0.025615
-0.025622
-0.025628
-0.025635
0.051628
0.090194
0.077262
-0.064158
-0.012739
0.000122
0.000122
-0.038471
-0.051358
0.025865
-0.051372
-0.038516
-0.012761
-0.077208
-0.064365
0.013022
0.000122
-0.077308
-0.025702
0.038854
0.038839
0.077511
-0.025668
-0.038576
0.000122
0.064609
-0.012772
-0.025672
-0.064390
-0.051518
0.090473
0.025921
0.000122
0.025915
0.116108
0.038754
-0.051392
0.000122
0.090252
0.012991
0.090160
-0.064183
-0.025612
0.038719
-0.012743
-0.051352
0.025862
0.000122
0.025855
0.064426
0.038684
-0.012731
-0.012733
0.051529
0.077183
-0.115493
-0.051306
0.012981
0.038689
-0.064166
-0.051339
0.115870
0.012974
-0.051299
0.000122
0.012979
0.077233
-0.051279
0.128574
0.128409
0.025759
0.025753
-0.025510
-0.025516
0.038576
-0.012695
-0.012696
0.051384
-0.038323
0.000122
0.025753
-0.012693
-0.012695
0.000122
0.025753
0.051364
-0.012687
0.000122
0.012930
-0.038308
0.000122
0.012933
0.038546
-0.012685
-0.051121
0.025746
0.025740
0.064138
0.000122
0.000122
-0.025480
0.000122
0.000122
0.000122
-0.038293
0.000122
END
