y[]
-0.125901
-0.075914
-0.025814
0.024324
-0.063429
-0.025829
0.036880
-0.013285
0.011795
-0.013285
-0.000745
0.061939
-0.025814
-0.025820
-0.013285
0.011795
-0.013285
-0.000745
-0.000745
0.011795
0.011794
-0.000745
-0.000745
-0.000745
0.011792
0.024324
-0.013278
0.011789
-0.000745
-0.000745
0.024318
0.011784
-0.000745
-0.025804
-0.013277
-0.025814
-0.000745
-0.013282
-0.000745
-0.013283
0.024331
-0.013282
-0.013283
-0.000745
0.011794
-0.000745
-0.000745
0.011792
-0.013282
0.011792
-0.013282
0.011792
-0.013282
0.011792
-0.013282
-0.000745
-0.000745
-0.000745
-0.000745
-0.000745
-0.013283
0.011794
-0.000745
0.011792
-0.000745
-0.025820
-0.000745
0.011794
-0.000745
-0.013283
-0.000745
-0.013285
0.011795
-0.000745
-0.000745
0.011794
-0.000745
-0.000745
-0.000745
-0.000745
-0.000745
-0.013283
-0.025826
0.011797
-0.000745
0.024334
-0.000745
-0.013283
-0.000745
-0.000745
0.011794
-0.013283
-0.013285
-0.000745
0.011795
-0.025826
0.011797
0.011795
-0.000745
-0.000745
-0.000745
0.011794
-0.000745
-0.013283
0.011794
0.024327
-0.000745
-0.013280
-0.000745
-0.025820
0.011794
-0.000745
-0.000745
-0.013283
-0.013285
-0.000745
0.011795
-0.000745
-0.013285
-0.000745
-0.000745
0.011795
-0.013285
0.011795
-0.000745
0.011794
0.011792
-0.013282
0.011792
-0.013282
-0.000745
-0.000745
-0.000745
-0.000745
-0.013283
0.011794
-0.000745
0.011792
-0.000745
-0.013282
0.011792
-0.013282
0.011792
-0.000745
-0.025820
0.011794
-0.013283
0.024331
0.011791
-0.013280
-0.000745
0.011791
-0.000745
-0.000745
0.011789
-0.000745
-0.000745
-0.000745
-0.000745
-0.000745
-0.000745
-0.013278
-0.000745
-0.000745
-0.000745
0.011789
-0.000745
-0.000745
-0.000745
-0.013278
0.011789
-0.000745
-0.000745
-0.000745
-0.013278
-0.000745
0.011789
-0.000745
-0.000745
-0.013278
-0.000745
0.011789
0.011787
-0.013277
-0.000745
-0.000745
0.011787
-0.013277
0.011787
-0.025810
0.024321
-0.000745
-0.013277
-0.000745
-0.000745
-0.000745
-0.013278
0.011789
-0.000745
-0.013278
-0.000745
-0.000745
0.011789
-0.000745
-0.013278
-0.013280
-0.000745
0.011791
-0.000745
-0.000745
-0.000745
-0.013280
-0.000745
0.011791
-0.000745
-0.013280
-0.000745
-0.013282
-0.013283
-0.000745
0.011794
-0.000745
-0.013283
-0.000745
0.024331
-0.013282
-0.013283
-0.000745
-0.000745
-0.000745
-0.000745
0.011794
-0.013283
-0.000745
0.011794
0.011792
0.011791
-0.013280
0.011791
0.011789
-0.000745
-0.000745
-0.000745
-0.000745
-0.000745
0.024318
0.049362
-0.000745
0.024299
-0.013266
0.011776
0.036809
-0.013261
-0.013263
0.024290
-0.013261
-0.013263
0.024290
0.036795
-0.013256
-0.000745
-0.013258
-0.000745
-0.000745
0.011769
0.011767
0.049287
-0.000745
-0.000745
-0.050776
0.011765
0.049280
-0.025754
-0.038270
-0.000745
0.049287
0.011759
-0.000745
0.049255
0.024246
-0.025735
0.024246
0.011748
-0.013238
0.011748
0.036725
-0.013233
-0.025726
-0.038228
0.036739
0.011747
-0.013236
0.011747
-0.000745
-0.000745
-0.000745
0.011745
-0.000745
-0.038219
0.024240
-0.000745
0.024233
-0.000745
-0.025723
-0.025729
0.011748
0.024237
0.024230
-0.050701
0.011747
0.024233
-0.013233
0.011744
-0.038214
-0.000745
0.036725
-0.000745
-0.025723
0.011745
0.011744
-0.025723
0.024233
-0.013233
-0.013235
0.011745
-0.025726
-0.000745
-0.013238
-0.013239
-0.038238
-0.000745
0.011755
-0.013244
-0.000745
-0.000745
-0.000745
0.024252
-0.013242
-0.025745
-0.000745
0.011756
-0.000745
-0.063264
0.024268
-0.013250
-0.000745
0.024265
-0.025754
0.036767
-0.025751
0.024262
-0.000745
0.024255
-0.013244
0.011755
0.024249
0.011750
-0.013239
-0.013241
-0.013242
-0.038247
-0.000745
-0.013249
-0.013250
-0.063296
0.011769
0.036786
0.024268
-0.013250
-0.000745
0.074265
-0.000745
-0.000745
0.061720
-0.025726
0.024237
-0.000745
-0.000745
-0.013235
-0.013236
0.011747
0.024233
-0.138202
-0.013250
0.099255
0.061705
-0.000745
-0.025720
0.049199
0.049174
-0.000745
-0.025701
-0.000745
-0.075651
0.011744
-0.000745
-0.013233
0.049199
-0.025713
0.024224
-0.038200
-0.013233
0.036716
0.024221
-0.038196
0.024224
0.011737
-0.050682
-0.038214
0.024237
-0.000745
-0.025726
-0.050726
-0.013244
0.036748
0.024243
0.011747
0.011745
-0.013235
0.011745
-0.025726
0.024237
-0.000745
-0.013235
0.024233
0.024227
-0.050695
0.036720
0.024224
-0.013228
-0.013230
0.011740
0.011739
-0.013228
-0.050695
0.024233
0.011742
-0.000745
0.011740
0.011739
-0.013228
-0.013230
0.011740
-0.013230
-0.013231
-0.025723
-0.000745
0.011745
-0.013235
0.011745
0.024230
-0.025720
0.011744
-0.013233
-0.013235
-0.013236
-0.025732
0.049224
0.024230
-0.025720
0.011744
0.049193
-0.000745
-0.013227
-0.000745
-0.063178
-0.025729
0.024240
-0.013236
0.024237
0.024230
-0.025720
0.011744
-0.013233
0.024230
-0.038210
-0.000745
-0.013236
-0.000745
-0.025732
0.061712
0.011742
0.011740
-0.013230
0.011740
0.024221
0.011736
-0.025707
0.011737
0.024215
-0.000745
-0.000745
0.011733
0.024205
-0.025695
0.011731
-0.025698
0.036683
-0.000745
-0.025695
0.011731
0.036673
0.024193
-0.013213
-0.025685
0.011726
-0.000745
0.036659
0.011720
-0.013210
-0.000745
-0.000745
0.011720
-0.000745
-0.000745
-0.000745
0.011719
0.011717
-0.000745
-0.013207
-0.013208
0.011719
-0.013208
0.024181
-0.050601
0.011722
0.049106
0.011714
0.036622
-0.013199
-0.000745
0.011709
0.011708
-0.013197
-0.000745
-0.013199
0.011709
0.011708
-0.000745
0.011706
0.024153
0.024146
-0.013189
-0.013191
-0.013193
-0.013194
0.024153
-0.000745
-0.013193
-0.000745
0.011703
-0.013193
-0.013194
0.011705
-0.013194
-0.000745
-0.000745
-0.013196
-0.013197
-0.000745
-0.000745
-0.000745
-0.013199
-0.000745
-0.000745
-0.000745
-0.013200
0.011711
0.036613
-0.013196
-0.013197
0.011708
0.024156
-0.025645
-0.000745
-0.013197
-0.000745
0.011708
-0.013197
-0.000745
-0.025654
0.036618
-0.000745
0.011706
0.024153
-0.013193
-0.000745
-0.000745
-0.000745
0.011703
0.011702
0.011700
0.024140
-0.000745
0.061441
0.011688
-0.025611
-0.013180
0.024125
0.024119
0.011685
-0.050471
-0.050496
0.011695
-0.013185
-0.013186
-0.013188
0.011699
-0.000745
0.011697
-0.013186
-0.000745
-0.013188
0.036580
-0.025626
0.036576
-0.013183
0.011694
0.011692
0.024125
-0.000745
-0.013179
0.011689
-0.000745
-0.000745
-0.025614
0.011691
-0.000745
0.011689
-0.000745
-0.000745
-0.013179
0.011689
0.011688
-0.000745
-0.000745
-0.000745
-0.000745
-0.000745
0.011686
-0.013176
-0.000745
0.024115
-0.000745
0.011683
0.036529
-0.000745
0.011677
-0.000745
-0.013166
-0.013168
-0.000745
0.024100
0.011675
-0.025586
0.024097
-0.000745
0.011674
0.036502
-0.013159
0.011669
-0.025574
0.011671
0.011669
0.011668
-0.013157
-0.000745
-0.025574
-0.013162
-0.000745
-0.025583
-0.000745
0.011675
0.011674
-0.025583
0.024094
0.011672
-0.025580
-0.013165
0.011675
-0.013165
-0.000745
-0.000745
-0.000745
-0.013166
-0.025592
-0.013171
0.011682
-0.000745
-0.000745
-0.013171
-0.013172
-0.000745
-0.013174
0.011685
0.011683
-0.000745
0.024106
-0.013169
-0.013171
-0.000745
-0.000745
-0.000745
-0.000745
0.011682
-0.025599
0.011683
-0.000745
-0.013172
-0.013174
0.011685
-0.000745
0.024109
-0.025599
0.011683
0.011682
0.011680
-0.038023
-0.038037
0.011688
-0.025611
0.024122
-0.013177
-0.038051
-0.025623
0.024134
-0.000745
0.024128
-0.038056
0.011694
-0.000745
-0.013183
-0.013185
0.011695
-0.000745
0.011694
-0.013183
END
