y[]
-0.011873
0.013458
-0.011873
0.051445
0.013452
0.013450
0.026103
-0.024517
0.026103
-0.011861
-0.011863
0.013449
-0.024520
0.026106
-0.011863
-0.011865
0.013450
0.000793
0.000793
-0.024524
0.000793
0.000793
0.000793
0.000793
0.038765
-0.024520
-0.011866
0.000793
0.038765
0.013447
-0.011861
-0.011863
-0.011865
0.000793
0.000793
0.000793
0.000793
0.013450
-0.011865
0.013450
0.013449
-0.011863
0.000793
0.000793
-0.037184
0.013453
0.026109
0.000793
0.000793
0.013449
0.000793
0.026100
0.000793
0.026093
0.013441
0.013439
0.051362
0.026068
-0.024482
-0.024488
0.000793
0.000793
-0.011850
0.000793
0.000793
0.013436
-0.037141
0.013439
-0.011853
0.000793
0.026084
0.026077
-0.011849
0.026074
-0.037132
0.000793
0.000793
0.000793
0.000793
0.000793
0.026077
-0.011849
0.000793
-0.011850
-0.024498
0.038727
0.013434
-0.024492
0.000793
0.026077
-0.011849
0.000793
0.013434
-0.011849
0.000793
0.013434
0.000793
-0.011849
0.013434
-0.024492
-0.024498
-0.011855
0.026087
0.000793
-0.011853
-0.037155
0.000793
0.013444
0.000793
-0.037165
-0.024520
0.013450
0.013449
0.026100
-0.049827
0.000793
0.026106
0.000793
-0.011863
0.026103
0.038746
0.026087
0.076637
-0.037122
-0.100383
-0.125822
0.000793
0.089440
0.051413
-0.024514
-0.049840
-0.049866
0.038789
-0.062542
-0.049904
0.013469
0.000793
0.013468
-0.011882
0.026141
0.076800
-0.011871
0.026119
0.000793
0.102033
0.038731
-0.011852
0.000793
0.026080
0.000793
-0.024495
-0.011853
0.000793
0.038727
0.038712
0.101841
0.013417
0.026036
-0.011828
0.089104
0.026010
0.000793
0.051209
0.063777
-0.036993
0.025985
-0.036998
0.000793
-0.011807
-0.037017
0.026001
0.013394
0.013393
0.000793
0.038583
-0.036998
-0.037012
-0.011812
0.026001
-0.024415
-0.011814
0.000793
0.013399
0.038602
-0.024412
0.000793
0.000793
0.000793
-0.011812
0.013398
-0.037026
-0.024428
-0.024434
0.026020
0.038621
0.013399
-0.024422
0.000793
0.000793
0.038612
0.013396
0.025994
-0.024409
-0.024415
0.013398
0.038598
0.038583
0.025979
0.013383
0.025969
0.013379
-0.036969
0.025969
0.051126
-0.024371
-0.024377
-0.011795
0.013380
0.013379
-0.011793
0.013379
0.013377
-0.011791
-0.011793
-0.011795
0.076293
0.088804
-0.011776
0.013361
-0.024345
0.025931
-0.011776
0.000793
0.038493
0.038479
0.000793
-0.024330
0.025915
0.051019
0.025896
-0.036865
0.000793
-0.011763
0.000793
0.025903
0.013345
0.000793
0.000793
0.013344
-0.024311
0.013345
0.000793
0.000793
-0.049427
0.000793
0.025906
-0.011763
0.000793
0.025903
-0.024317
0.000793
-0.011765
0.000793
0.013350
-0.024323
0.013352
0.000793
0.000793
0.000793
0.000793
0.013350
-0.011765
-0.011766
0.013352
0.000793
-0.011766
0.013352
0.013350
0.000793
-0.011765
-0.011766
0.000793
0.013352
0.000793
0.000793
0.000793
0.000793
0.000793
0.013350
-0.024323
0.013352
-0.011766
0.000793
0.000793
0.000793
0.013352
0.025906
0.000793
-0.011763
0.000793
0.013348
0.000793
-0.011763
0.000793
0.000793
0.000793
0.000793
0.000793
0.000793
0.000793
0.013348
0.000793
-0.011763
0.000793
0.013348
0.000793
0.013347
-0.024317
0.000793
0.000793
0.000793
0.013348
0.000793
-0.011763
0.013348
-0.011763
0.000793
0.000793
0.000793
0.000793
0.000793
0.000793
0.000793
0.000793
0.000793
0.000793
0.000793
0.000793
0.000793
0.000793
-0.024323
0.000793
0.000793
0.000793
0.000793
-0.011768
0.000793
0.013353
-0.011768
0.000793
0.000793
0.000793
0.000793
0.000793
0.013353
-0.011768
0.013353
0.000793
0.013352
-0.024327
0.013353
0.000793
-0.011768
0.000793
0.013353
0.000793
0.000793
0.000793
-0.011768
0.000793
-0.011769
0.000793
0.013355
-0.011769
0.000793
-0.011771
0.000793
0.013356
-0.011771
0.013356
-0.011771
0.000793
-0.011772
-0.011774
0.000793
0.000793
0.000793
0.013360
0.000793
-0.011774
-0.011776
0.013361
-0.011776
0.000793
-0.011777
0.013363
0.000793
0.000793
0.000793
0.000793
0.000793
0.000793
0.000793
0.000793
0.000793
0.000793
0.000793
0.000793
0.013361
-0.011776
0.000793
0.000793
0.000793
0.000793
0.000793
0.000793
0.013361
0.000793
-0.011776
0.013361
-0.011776
0.013361
-0.011776
0.000793
0.000793
0.013361
0.000793
-0.011776
0.000793
0.013361
0.025925
0.000793
-0.011772
0.013358
0.000793
0.000793
0.000793
0.000793
0.000793
0.013356
-0.011771
0.000793
0.013356
0.013355
-0.024333
0.013356
0.000793
0.000793
0.013355
-0.011769
0.013355
0.000793
0.000793
-0.011769
-0.011771
-0.024339
-0.011776
0.000793
-0.024349
0.013364
0.000793
0.000793
0.013363
-0.011777
-0.011779
0.013364
0.000793
-0.011779
-0.011780
0.013366
-0.024355
-0.011783
-0.024364
0.025950
-0.011785
0.013371
0.000793
0.063658
0.051057
-0.036903
0.000793
0.013360
0.000793
-0.036912
0.000793
0.025931
-0.024345
0.013363
0.051057
-0.024336
0.000793
0.000793
0.025922
-0.011771
-0.036908
0.025928
-0.011774
0.013360
0.000793
-0.011774
0.013360
0.000793
0.000793
0.000793
0.013358
0.000793
0.013356
0.013355
0.013353
0.013352
0.000793
0.013350
-0.011765
-0.011766
-0.011768
-0.011769
-0.011771
0.025918
-0.011769
-0.011771
0.013356
-0.011771
-0.011772
0.013358
-0.011772
-0.011774
0.013360
0.000793
0.013358
-0.011772
0.025922
0.000793
-0.011771
0.013356
-0.011771
-0.011772
-0.011774
0.000793
0.013360
0.000793
0.013358
0.000793
0.000793
-0.036908
0.013361
0.000793
0.000793
0.000793
0.013360
-0.011774
0.025925
0.013356
0.013355
0.025912
0.000793
-0.011766
0.000793
0.013352
0.000793
-0.011766
0.000793
0.000793
-0.011768
-0.011769
0.013355
-0.011769
0.013355
0.000793
0.000793
0.013353
-0.011768
-0.024333
0.025918
0.013353
0.013352
0.013350
0.000793
0.000793
-0.011765
-0.011766
-0.011768
-0.011769
-0.074613
-0.024355
-0.011783
0.000793
-0.011785
0.038522
-0.036936
0.000793
0.000793
-0.024368
0.051107
0.013367
0.000793
-0.011782
-0.074688
-0.024380
-0.011796
0.025969
-0.036974
0.000793
0.000793
-0.011799
0.025975
0.000793
0.000793
-0.024390
0.025975
-0.024390
0.013385
0.013383
0.000793
-0.112579
0.063793
-0.024402
-0.062223
-0.074879
-0.024444
-0.112851
-0.125629
0.051381
-0.062446
-0.011860
0.000793
0.000793
0.013445
-0.075147
-0.113225
0.013468
-0.024559
-0.138757
0.026180
0.102277
-0.088000
-0.100782
0.051593
0.000793
-0.113544
-0.100950
-0.024659
0.064410
-0.037373
0.000793
0.127955
-0.062768
0.000793
-0.024643
0.089789
-0.088203
-0.050098
0.026241
-0.037382
0.064410
0.051657
0.089744
-0.113587
0.077061
0.013498
-0.062752
-0.062792
0.026232
-0.062816
-0.011934
0.026245
0.000793
-0.024659
0.026245
0.051677
-0.062816
0.000793
0.013518
0.000793
-0.113791
0.026267
-0.113893
0.026290
0.000793
0.000793
0.051768
0.026270
-0.011945
0.000793
-0.062922
0.013539
0.013537
0.013536
0.000793
0.013534
-0.075679
0.102743
0.013529
0.000793
0.064451
0.000793
-0.037397
-0.024675
-0.011944
0.064459
-0.011937
0.000793
-0.050143
-0.011945
0.026267
-0.088396
0.000793
-0.050208
0.000793
-0.024717
-0.011965
0.013550
0.051807
-0.024711
0.000793
0.000793
0.013545
0.026293
-0.037460
0.013545
0.026293
0.026287
-0.011953
0.039026
0.013534
-0.011949
0.077216
0.013524
-0.037407
0.000793
-0.037421
0.013532
-0.037431
0.013536
-0.011950
-0.011952
0.000793
0.051761
END
