y[]
0.049105
0.049081
0.086210
0.036636
0.048995
-0.000504
0.048970
-0.012870
-0.062358
-0.012880
0.048989
0.048964
0.011859
0.024218
-0.037589
-0.049972
-0.025247
-0.074771
0.011878
-0.012886
0.036636
0.036622
0.061343
-0.037607
-0.012875
-0.025250
-0.000504
0.011870
0.024239
-0.000504
0.024233
0.011862
0.036586
-0.000504
0.011856
0.024212
-0.012861
-0.012863
-0.025226
0.085996
0.024196
0.036535
0.011839
-0.025192
-0.012850
0.024187
0.061198
-0.062206
-0.012849
0.048866
-0.074569
-0.037557
-0.012858
0.036554
-0.037562
-0.000504
-0.049936
-0.012866
-0.000504
0.036576
-0.037585
0.024218
0.061274
-0.000504
0.024196
-0.000504
-0.037557
-0.049929
-0.012864
0.024215
0.024209
-0.000504
-0.037575
-0.025226
0.024218
-0.062320
0.011862
-0.049978
-0.062381
0.024252
0.011871
-0.062397
-0.050046
-0.050070
0.036673
0.073809
-0.037653
0.049025
-0.050034
0.061404
0.011873
-0.000504
-0.012881
0.011873
-0.000504
-0.000504
-0.037640
0.073753
-0.062381
0.011875
-0.025263
-0.000504
-0.025269
0.049019
0.011873
0.073726
-0.025241
0.024233
-0.037612
-0.025250
0.061350
-0.012872
0.024230
-0.012870
0.048952
0.036572
-0.062305
0.048940
0.011853
-0.012861
0.024209
0.048903
-0.000504
-0.000504
-0.049911
-0.012860
0.024206
-0.062290
0.011856
0.048921
-0.000504
-0.012858
0.024203
0.073579
0.048854
-0.000504
-0.037521
0.024175
-0.012843
0.073506
-0.012835
-0.012837
-0.025174
0.024166
0.011829
-0.012837
0.011829
0.011827
-0.025168
-0.000504
0.011829
-0.000504
-0.000504
-0.062183
-0.000504
0.011835
-0.012843
0.024172
-0.025180
-0.000504
-0.012844
-0.000504
-0.000504
-0.000504
0.011836
-0.025186
-0.000504
-0.012847
-0.000504
0.011839
-0.025192
0.024184
0.011838
-0.000504
-0.025189
0.011839
-0.000504
-0.000504
-0.012847
0.024181
-0.025189
-0.012849
-0.012850
0.024187
0.011839
-0.000504
0.011838
-0.012846
0.011838
-0.012846
0.024178
-0.000504
-0.000504
-0.012844
0.011836
-0.012844
-0.037534
-0.012850
0.024187
-0.025195
-0.012852
0.036535
-0.025195
-0.000504
-0.012852
0.024190
-0.025198
0.011844
-0.025201
-0.000504
-0.000504
0.024193
-0.012852
0.011844
0.011842
-0.000504
-0.012850
0.011842
-0.025198
0.011844
-0.012852
0.011844
-0.025201
-0.012855
0.024196
-0.000504
-0.000504
0.011844
-0.037553
-0.000504
-0.012857
0.011849
0.036544
-0.025201
0.011845
-0.012854
-0.000504
-0.000504
0.011845
-0.025205
-0.012857
-0.000504
0.011849
0.024196
-0.012854
0.011845
-0.000504
0.024190
-0.000504
0.011841
-0.000504
-0.025195
0.011842
-0.025198
0.011844
0.011842
0.011841
-0.012849
-0.000504
-0.000504
-0.012850
0.011842
-0.000504
0.011841
-0.000504
0.011839
-0.000504
-0.012847
0.011839
-0.012847
0.036522
-0.012844
0.011836
-0.012844
0.011836
-0.000504
-0.012844
-0.012846
-0.000504
0.011838
0.011836
0.024172
-0.012841
-0.012843
0.011835
-0.000504
-0.000504
-0.000504
-0.025183
-0.000504
0.011836
-0.000504
0.011835
-0.000504
0.011833
-0.012841
-0.025183
-0.000504
-0.000504
0.011836
0.011835
-0.000504
-0.012843
0.024172
-0.025180
-0.012844
-0.025189
0.011839
-0.012847
-0.000504
-0.037543
-0.000504
0.011844
-0.000504
0.024187
-0.012849
-0.025198
0.011844
-0.000504
0.011842
-0.025198
0.011844
-0.025201
0.011845
-0.012854
-0.000504
-0.012855
0.011847
-0.000504
0.024193
-0.025201
-0.025208
0.011849
0.011847
-0.000504
-0.049917
0.011852
0.011850
-0.000504
0.024200
-0.000504
-0.000504
0.024193
0.061213
-0.062221
0.036531
0.024178
-0.025186
0.061190
-0.000504
-0.049856
0.024175
-0.025183
0.036512
-0.000504
0.024166
-0.049850
-0.000504
-0.012844
0.048848
0.011830
-0.000504
-0.037511
-0.000504
0.024169
-0.012840
-0.000504
-0.012841
-0.000504
-0.062213
-0.037548
-0.086993
-0.012866
-0.000504
-0.000504
-0.012867
-0.025235
-0.000504
0.036590
-0.049966
-0.000504
0.024230
0.036586
-0.037594
-0.000504
-0.012870
-0.037612
-0.037626
-0.012881
-0.000504
-0.012883
0.024252
0.024245
-0.025253
0.011871
-0.000504
0.024242
-0.025250
0.036613
-0.000504
-0.025247
0.011868
-0.000504
-0.000504
-0.012876
0.011868
0.011867
-0.000504
-0.037621
0.011870
-0.012878
-0.012880
-0.000504
0.011871
0.011870
0.011868
-0.000504
-0.012876
0.024239
-0.037621
-0.012880
-0.025260
0.024252
-0.000504
0.024245
0.011868
-0.025250
0.024242
0.036604
-0.025241
-0.012875
0.036604
-0.012872
-0.000504
0.036595
-0.012869
0.024224
0.048934
-0.012861
0.011853
-0.000504
0.011852
0.011850
-0.012858
0.011850
-0.025214
-0.000504
-0.012861
-0.000504
0.024209
-0.000504
-0.000504
0.061251
-0.000504
-0.012852
0.024190
-0.037548
-0.012855
0.048891
-0.037548
-0.037562
-0.025217
0.024209
0.048903
-0.037557
0.024200
-0.012855
0.024196
0.011844
-0.025201
-0.000504
-0.037562
-0.037575
0.024212
0.024206
0.011849
-0.037566
-0.012861
-0.049948
-0.000504
-0.000504
-0.012869
-0.000504
-0.012870
0.048952
-0.000504
-0.099440
-0.025253
0.036618
0.086060
0.048928
0.036554
0.036540
0.011841
0.011839
-0.025192
0.024184
0.061190
0.048824
-0.074505
-0.000504
0.048836
0.011827
-0.025168
-0.012838
0.048824
-0.049832
-0.000504
0.024163
0.147370
-0.000504
0.024120
0.011806
-0.025125
-0.025132
-0.025138
-0.025144
-0.037475
-0.062153
-0.037511
-0.099257
0.036540
-0.012850
0.011842
0.061205
0.036503
0.011829
-0.037507
-0.099245
0.048879
-0.025192
0.085878
-0.025177
-0.037525
-0.037539
-0.124052
0.048934
0.036558
-0.049923
0.073616
0.024190
0.011841
-0.025195
-0.000504
-0.086972
-0.025223
-0.012866
0.098347
-0.037562
-0.049936
-0.062328
0.011864
0.061312
0.011855
-0.000504
-0.037585
0.036576
-0.025223
0.061282
-0.037571
-0.025223
-0.025229
0.036581
-0.025226
0.098347
-0.025208
-0.025214
-0.049942
-0.074706
-0.062381
0.073744
-0.049997
0.024245
0.024239
-0.037621
-0.050015
-0.012886
0.061389
-0.000504
0.011870
-0.050009
0.049001
-0.037630
0.024248
0.048983
-0.025244
0.024236
-0.012873
-0.037621
0.036613
0.073689
-0.012866
-0.012867
-0.049972
0.110765
-0.049942
0.048934
-0.000504
0.036558
0.048891
-0.025198
0.048879
-0.037539
-0.012852
0.011844
0.048873
-0.037534
-0.074606
0.024203
0.036544
0.085889
-0.037521
-0.025189
-0.037543
0.036535
-0.012849
-0.000504
-0.062251
-0.074651
0.011858
0.036572
0.011852
0.024203
-0.025211
-0.012860
-0.025220
-0.012864
-0.062328
-0.000504
-0.049991
-0.012880
0.036618
-0.012876
-0.012878
-0.000504
-0.012880
-0.000504
-0.000504
-0.025260
0.024252
-0.012881
-0.037644
0.011878
-0.000504
0.011876
-0.111980
-0.000504
-0.012898
-0.000504
-0.012899
0.036678
0.011887
-0.025287
0.011888
0.011887
-0.012895
0.011887
-0.000504
-0.000504
0.011885
-0.000504
0.011884
0.061412
-0.012884
-0.025269
0.024261
-0.000504
0.049007
-0.025257
-0.000504
0.011873
-0.025260
0.011875
-0.000504
-0.012883
-0.000504
0.011875
-0.012883
0.011875
-0.000504
-0.000504
-0.012883
-0.012884
-0.025269
0.024261
0.011876
0.086114
-0.012873
0.011865
0.011864
0.024227
-0.037603
0.036595
0.036581
-0.012864
0.048928
-0.037575
0.011855
0.036563
-0.025214
0.011852
-0.012860
-0.012861
-0.012863
0.011855
-0.000504
-0.012863
-0.000504
-0.000504
-0.025226
0.011858
0.024215
-0.000504
-0.000504
-0.025223
-0.012866
-0.000504
0.011858
-0.012866
-0.025232
0.011861
-0.000504
-0.000504
-0.037603
0.036595
0.011859
-0.000504
0.011858
0.011856
0.024212
-0.000504
-0.000504
-0.012861
-0.025223
0.011856
0.011855
-0.012863
END
