y[]
0.000020
0.014969
-0.014929
-0.014931
0.014971
-0.014931
0.029920
0.000020
0.014967
0.000020
0.014965
-0.044819
-0.014931
0.000020
0.029920
0.014967
0.000020
0.014965
-0.029871
0.000020
0.029911
0.000020
0.014962
0.014960
-0.029862
0.029902
0.000020
-0.044806
0.014965
-0.014924
0.000020
0.000020
-0.029875
0.014969
0.000020
0.000020
0.044853
0.000020
-0.014922
0.014962
0.014960
-0.014920
0.044833
-0.014915
0.000020
0.029889
-0.014913
0.029884
0.000020
-0.029844
-0.014915
0.014956
0.000020
-0.014915
0.014956
0.029884
0.000020
-0.044779
0.014956
-0.044793
0.014960
0.000020
0.044827
-0.014913
0.000020
0.059740
-0.029835
0.014949
0.089546
-0.059654
-0.044759
-0.044779
-0.059744
0.000020
0.059784
0.059749
-0.029839
0.014951
-0.014911
-0.029848
0.089599
-0.014904
0.044786
-0.059672
0.014947
0.014945
-0.029830
0.014947
-0.029835
0.029875
-0.029835
-0.014911
0.044806
0.000020
-0.014906
0.000020
0.044793
-0.014902
-0.014904
0.029867
0.000020
0.000020
0.000020
-0.014902
0.000020
0.029862
-0.044746
0.044786
0.000020
0.014938
0.029849
0.000020
0.044746
-0.014886
0.000020
-0.014888
0.014929
-0.029799
0.000020
0.014931
0.014929
0.000020
0.029831
0.014922
-0.014882
-0.044699
0.014929
0.014927
0.000020
0.014925
0.000020
0.000020
0.000020
-0.014884
-0.014886
0.029831
0.000020
-0.029790
-0.014888
0.000020
0.000020
-0.014891
0.000020
-0.029808
0.014936
0.014933
-0.014893
0.029844
0.014929
0.014927
-0.014886
-0.014888
0.014929
-0.029799
0.000020
-0.014893
0.000020
0.029844
0.014929
0.014927
0.014925
0.000020
0.000020
0.000020
0.014922
-0.014882
0.000020
0.000020
0.029822
0.014918
0.014916
0.014913
-0.014873
0.014913
0.000020
-0.014873
-0.014875
-0.014877
0.014918
0.029809
0.000020
0.000020
-0.014873
-0.014875
0.014916
-0.014875
0.029809
0.000020
-0.014873
0.014913
-0.014873
0.000020
0.000020
0.000020
-0.044672
0.000020
0.014920
0.014918
-0.029777
0.000020
0.000020
0.000020
-0.014882
0.029822
-0.029782
-0.014884
0.014925
0.014922
-0.014882
-0.014884
0.000020
0.014925
0.000020
0.014922
0.000020
0.014920
0.000020
0.000020
0.000020
0.000020
-0.014880
0.000020
-0.014882
0.014922
0.000020
-0.014882
0.014922
0.000020
0.014920
-0.029782
0.014922
0.000020
0.029818
-0.014877
0.014918
-0.014877
-0.029782
0.014922
-0.029786
0.014925
0.000020
0.000020
0.000020
-0.014884
0.000020
0.014925
0.000020
-0.014884
0.000020
0.000020
0.000020
0.000020
0.014925
-0.014884
0.014925
0.000020
0.000020
0.014922
-0.029786
0.014925
0.000020
0.000020
0.000020
0.000020
0.014922
-0.014882
0.000020
-0.014884
-0.014886
-0.014888
0.014929
0.000020
0.000020
0.000020
0.000020
0.000020
-0.029799
0.000020
0.029840
-0.029799
0.014931
0.000020
-0.029804
0.044753
-0.014888
0.000020
0.014929
-0.014888
0.014929
0.014927
0.014925
-0.014884
0.014925
-0.014884
0.029827
-0.014882
-0.029790
0.044733
-0.014882
-0.014884
0.000020
0.000020
-0.014886
0.000020
0.000020
0.014927
-0.014886
0.000020
0.014927
0.000020
0.000020
-0.029795
0.000020
0.014929
0.014927
0.014925
-0.014884
-0.029795
0.000020
0.000020
-0.014891
0.000020
0.000020
0.000020
0.000020
0.000020
-0.014893
0.029844
0.000020
0.014929
-0.014888
0.000020
-0.014891
0.000020
0.000020
0.014931
0.000020
-0.014891
0.000020
0.000020
0.014931
0.000020
-0.014891
-0.014893
0.014933
0.000020
0.014931
-0.014891
0.000020
0.000020
0.029840
-0.029799
0.014931
0.000020
0.000020
0.000020
0.000020
0.000020
0.014929
0.014927
0.014925
-0.014884
-0.014886
0.000020
0.014927
-0.014886
0.014927
-0.014886
0.014927
-0.014886
0.000020
-0.014888
-0.014891
0.014931
0.014929
0.000020
-0.014888
0.044740
-0.014884
0.014925
0.000020
0.000020
-0.044699
0.029835
0.000020
0.014925
-0.014884
0.000020
0.000020
-0.014886
0.014927
0.029827
-0.029786
0.000020
0.014925
0.000020
0.000020
-0.014884
0.000020
0.014925
0.014922
-0.014882
0.000020
0.000020
0.000020
0.000020
0.014922
0.000020
0.000020
0.000020
0.000020
0.000020
0.000020
0.014920
-0.029782
0.014922
0.014920
0.014918
0.000020
0.000020
0.000020
0.014916
-0.029773
0.000020
-0.029782
0.000020
0.014922
-0.044692
0.000020
0.000020
0.029831
0.000020
-0.029790
0.000020
0.074530
-0.029777
0.000020
-0.059601
-0.014891
-0.029808
0.014936
-0.044732
0.029858
-0.059663
0.000020
0.000020
0.029867
0.014940
0.014938
-0.029817
0.000020
-0.014902
0.044780
0.000020
0.014936
0.000020
0.000020
-0.014895
0.000020
-0.014897
0.059677
0.000020
0.000020
0.000020
-0.029804
0.029844
0.029835
0.000020
0.000020
0.044726
0.000020
-0.014880
0.000020
0.000020
-0.014882
0.014922
-0.029786
0.014925
0.000020
0.000020
0.000020
0.000020
0.000020
0.014922
0.000020
0.014920
-0.014880
0.000020
0.000020
-0.014882
0.000020
0.000020
0.014922
0.000020
0.014920
0.014918
0.000020
0.000020
0.014916
-0.014875
-0.014877
0.014918
0.000020
0.000020
0.000020
-0.014877
-0.014880
0.029818
0.000020
0.000020
-0.014877
0.000020
0.000020
0.014918
0.014916
-0.014875
-0.029777
-0.029786
0.029827
0.029818
0.000020
-0.014877
0.000020
0.014918
-0.029777
-0.014882
0.000020
-0.044699
-0.029804
0.014933
0.029840
-0.029799
-0.014893
0.029844
0.000020
0.029835
-0.014886
0.014927
0.000020
-0.029795
-0.044719
0.000020
0.044760
0.000020
-0.014891
0.059651
0.000020
0.000020
0.014922
0.000020
-0.014882
-0.014884
0.000020
0.014925
0.014922
0.044713
0.014913
0.000020
-0.014873
-0.014875
-0.029777
0.000020
-0.089425
0.014933
-0.089492
-0.014906
0.014947
0.029867
-0.029826
0.014945
-0.029830
0.044793
0.074597
-0.014891
0.044746
0.014925
-0.044699
0.014929
-0.059628
0.000020
-0.014897
-0.029822
-0.029830
0.029871
0.044780
-0.014897
0.014938
-0.059663
0.089532
-0.074568
-0.029830
-0.074646
-0.014920
-0.014922
-0.029871
-0.014929
-0.044840
-0.014937
0.029934
0.000020
-0.014935
0.000020
-0.029897
-0.014942
-0.044880
0.029956
-0.059860
0.014994
-0.044907
-0.044927
0.044967
0.000020
0.029974
0.000020
-0.014955
0.059909
0.000020
-0.014949
0.014989
0.000020
0.000020
0.000020
0.000020
0.044914
-0.014942
-0.014944
0.014985
-0.029911
-0.014949
-0.014951
0.000020
0.014991
-0.044900
0.014996
0.000020
-0.059896
0.029983
-0.029942
0.000020
-0.044940
-0.074959
0.075000
-0.014971
0.015012
-0.029965
-0.014976
0.045001
0.029996
0.029987
0.029978
-0.014958
0.029974
-0.029933
0.000020
0.014998
0.014996
0.059901
-0.014946
0.000020
0.000020
0.014987
0.074820
0.000020
0.014974
-0.059806
0.014980
-0.029902
0.000020
-0.044880
0.029956
0.000020
0.000020
0.029947
0.000020
0.000020
0.014980
-0.029902
-0.074824
-0.014955
-0.014958
0.000020
0.000020
-0.029942
0.000020
-0.014964
0.074921
-0.014955
0.029969
0.014991
0.014989
0.029951
-0.029911
0.000020
0.029951
0.029942
-0.014940
0.014980
-0.044866
0.029947
0.059847
-0.029888
0.014976
0.000020
-0.014935
0.000020
0.014976
0.014974
0.000020
-0.014933
0.014974
-0.014933
0.000020
0.000020
0.000020
0.000020
0.014974
-0.014933
0.000020
0.000020
0.000020
0.000020
-0.014935
0.014976
0.044873
-0.029880
0.029920
-0.014929
-0.014931
0.000020
0.000020
0.000020
0.000020
0.000020
0.000020
0.014971
-0.014931
0.000020
END
