y[]
-0.012366
0.059670
0.023643
-0.000358
-0.108408
0.011653
-0.024382
0.011655
-0.036400
-0.024394
-0.084528
0.011671
-0.012387
-0.060523
0.059807
-0.217121
-0.036531
-0.012419
-0.205610
0.084209
0.084137
0.035832
0.047875
0.071949
0.011688
-0.000358
0.023730
0.071870
-0.048504
-0.060574
0.011688
-0.012404
-0.036505
-0.012410
0.047841
-0.024454
-0.000358
0.023738
0.035776
0.011684
0.023721
-0.000358
-0.024437
0.059829
0.035737
0.011671
-0.012387
-0.036453
-0.036466
0.035750
-0.024428
-0.012395
-0.012397
-0.096720
0.023741
-0.000358
-0.012407
0.023738
-0.060610
-0.000358
-0.000358
-0.024469
-0.000358
-0.000358
0.023753
0.023747
0.035789
-0.036505
-0.024463
0.059894
0.011688
0.023730
0.011684
0.035758
-0.000358
-0.012395
-0.036479
-0.048539
0.047823
-0.084690
-0.012411
0.047846
-0.024457
0.023741
0.011690
-0.000358
0.023733
-0.024449
-0.036505
-0.012410
-0.024466
-0.024472
0.023756
-0.024472
0.011700
0.035806
0.011694
0.011692
-0.000358
-0.072682
-0.145163
-0.048673
0.060032
-0.036588
0.060018
0.035850
-0.012426
0.023776
-0.048632
-0.072813
-0.000358
-0.072866
-0.012448
0.047992
-0.000358
0.023808
0.023802
0.035872
0.023788
-0.048655
-0.012436
-0.024518
0.035880
0.035867
-0.012432
0.047928
0.011710
-0.024495
-0.000358
-0.036575
0.108252
-0.012420
0.011704
-0.036548
0.011707
-0.060697
0.072045
0.047881
0.071957
0.095981
-0.000358
0.023712
-0.036466
0.035750
0.011675
-0.048499
-0.000358
-0.048522
-0.000358
0.047806
0.023715
-0.096685
-0.036505
-0.012410
0.035793
-0.060617
-0.024472
-0.072734
-0.084863
-0.012436
-0.036601
0.047963
-0.036596
-0.060785
-0.012448
0.023820
0.060061
-0.012439
-0.000358
0.023802
0.108292
0.047893
0.011701
-0.024478
-0.012420
-0.012421
0.120211
0.083954
0.035754
0.083853
0.023689
0.023683
-0.012378
-0.048452
0.035715
-0.024405
0.083782
-0.000358
0.047690
0.011650
0.083661
-0.036357
-0.048377
0.011649
-0.000358
-0.024373
-0.036392
-0.000358
-0.024388
0.047696
-0.012369
0.035672
0.011649
-0.012365
0.023655
-0.048389
-0.036396
0.047690
0.011650
-0.024376
0.023660
0.131639
0.059583
0.011626
0.011625
-0.036310
-0.000358
-0.024333
0.119460
-0.060249
0.035581
0.059512
-0.000358
-0.036275
0.011616
-0.024307
0.023591
-0.024307
-0.012335
-0.024316
0.011622
0.011620
0.035568
0.023586
0.035547
-0.000358
-0.084155
-0.144174
0.047604
-0.036327
0.011633
0.023620
-0.000358
0.023614
0.059547
-0.024316
0.011622
-0.012338
0.023600
-0.024316
0.059526
0.023586
-0.000358
-0.036275
0.035559
-0.000358
0.071438
0.011603
-0.012319
0.023563
-0.012318
-0.036245
-0.036258
-0.012328
0.011612
-0.048245
-0.048268
-0.024322
0.047563
-0.036297
-0.024324
0.011626
-0.048302
0.071550
0.011622
-0.072257
-0.024336
-0.012349
-0.000358
-0.000358
-0.012351
-0.000358
0.011635
-0.012351
0.011635
-0.012351
-0.012352
-0.012353
-0.000358
0.011637
0.011636
-0.024347
-0.000358
0.011637
-0.012353
0.059605
0.011630
-0.000358
-0.000358
0.023614
-0.024330
-0.000358
-0.000358
-0.000358
-0.024336
-0.000358
0.011632
-0.012348
0.011632
-0.012348
0.047592
0.023608
-0.012340
-0.000358
-0.012342
-0.024330
0.035598
-0.000358
-0.024327
-0.012345
-0.000358
-0.000358
0.011629
-0.012345
-0.012346
-0.012348
-0.000358
-0.000358
-0.000358
-0.012349
-0.000358
-0.000358
0.011633
-0.012349
-0.012351
0.011635
-0.000358
-0.036340
-0.024353
-0.012358
-0.000358
-0.000358
-0.024362
-0.000358
-0.012362
0.023649
-0.000358
0.023643
-0.000358
-0.012358
-0.024362
0.023646
-0.000358
-0.000358
-0.000358
0.023640
-0.024356
-0.000358
-0.012359
0.011643
-0.012359
-0.000358
0.023643
-0.012358
-0.012359
0.023643
0.011640
-0.012356
0.011640
-0.000358
0.011639
-0.012355
-0.000358
-0.000358
-0.000358
-0.000358
-0.012356
-0.000358
-0.012358
-0.000358
-0.012359
-0.012361
-0.000358
0.011645
0.011643
-0.000358
-0.012359
0.011643
0.023640
-0.000358
0.011639
-0.012355
-0.000358
0.011639
-0.000358
0.035624
0.011633
-0.000358
-0.012349
0.011633
0.011632
-0.012348
-0.000358
-0.000358
0.023620
0.011629
-0.000358
-0.000358
0.023611
-0.012342
-0.000358
0.011626
-0.024327
-0.000358
0.011627
-0.024330
-0.000358
-0.012346
0.011630
0.011629
-0.000358
0.011627
-0.000358
0.011626
-0.012342
-0.024330
0.011629
0.011627
0.011626
-0.012342
0.023608
-0.000358
-0.000358
-0.012340
-0.000358
0.011625
0.023603
-0.000358
-0.000358
-0.000358
-0.012338
0.011622
0.011620
-0.012336
-0.000358
-0.012338
0.011622
-0.012338
-0.000358
-0.000358
-0.000358
-0.012339
-0.000358
-0.000358
-0.000358
-0.012340
-0.012342
0.011626
0.023606
-0.024322
-0.000358
0.011625
-0.000358
-0.000358
-0.012340
0.011625
-0.048297
-0.000358
-0.012346
0.011630
-0.024336
0.011632
-0.000358
-0.012348
-0.000358
-0.000358
-0.036336
-0.000358
-0.000358
-0.012353
0.035624
-0.024345
-0.000358
0.011636
-0.024347
0.071593
-0.012346
-0.084316
-0.036362
0.083630
0.023626
0.023620
0.059562
-0.024322
-0.000358
-0.012342
-0.024330
0.023614
-0.000358
0.023608
0.011623
0.023600
-0.036297
-0.000358
-0.036310
0.011627
-0.036318
0.107485
0.023591
0.011614
-0.024304
0.023588
-0.000358
0.023583
0.011610
0.023574
0.011606
0.071395
-0.024270
0.023554
0.035499
-0.036215
0.023548
-0.000358
0.011593
-0.048171
-0.012315
-0.000358
-0.036237
-0.000358
-0.012320
-0.012322
0.023568
-0.024284
-0.000358
0.035529
-0.036245
0.011606
0.023565
0.035516
-0.012315
-0.012316
0.023557
0.011597
0.011596
-0.012312
0.011596
-0.012312
-0.012313
0.011597
-0.036228
0.011600
-0.036237
0.035521
0.011599
-0.000358
-0.036232
-0.036245
0.011606
0.011604
-0.000358
-0.012320
-0.012322
-0.000358
-0.024290
-0.024296
0.023580
0.035538
-0.000358
-0.012322
0.035529
-0.024281
-0.000358
-0.012322
-0.024290
-0.024296
0.023580
-0.048239
-0.000358
-0.012332
0.047529
0.011610
-0.012326
0.011610
0.011609
0.023571
-0.000358
-0.000358
0.011604
-0.036250
-0.000358
-0.024293
0.011610
0.011609
-0.024293
-0.000358
-0.000358
-0.012328
0.035547
0.011607
0.011606
0.023565
0.023560
-0.060163
-0.012323
-0.012325
0.011609
0.011607
-0.012323
-0.000358
-0.024293
-0.012328
-0.012329
0.023583
-0.012328
0.047512
-0.036258
-0.024299
-0.012330
-0.000358
-0.000358
-0.000358
-0.012332
0.011616
-0.060242
0.047552
-0.072231
-0.012342
-0.060299
-0.024345
0.095554
0.023606
0.011622
0.059519
0.023583
-0.012328
-0.012329
-0.072214
0.011622
0.047546
0.023586
-0.000358
-0.036275
-0.012333
0.011617
-0.012333
0.095405
-0.012323
0.011607
0.011606
-0.048222
0.047506
-0.000358
-0.024287
-0.036262
-0.000358
-0.012329
-0.036280
-0.000358
0.035564
-0.084195
0.011623
0.035577
0.035564
-0.000358
0.011613
-0.072206
0.023597
-0.000358
-0.036293
-0.000358
-0.012339
0.023603
-0.000358
0.035572
0.011616
0.023586
0.023580
-0.024296
0.023580
0.023574
-0.048228
0.035547
0.011607
-0.000358
0.023568
-0.012320
-0.000358
-0.012322
0.035529
-0.024281
-0.012322
0.011606
-0.000358
-0.012322
0.011606
-0.000358
0.023565
-0.048211
0.011607
-0.000358
-0.012323
-0.000358
-0.036262
0.011612
-0.024299
0.023583
-0.024299
-0.012330
0.023586
-0.000358
-0.000358
-0.000358
-0.072206
0.047546
-0.012332
0.011616
0.047523
-0.036267
0.035551
0.023574
-0.012323
-0.036262
0.011612
-0.000358
-0.024299
0.035551
-0.000358
0.011609
-0.000358
-0.012325
-0.012326
-0.000358
-0.024299
0.023583
-0.024299
-0.036280
END
