y[]
-0.014504
-0.029357
0.000343
0.015194
-0.014508
0.000343
0.000343
0.015194
0.000343
-0.014508
0.000343
0.000343
0.000343
0.000343
0.000343
-0.014510
0.000343
0.015196
0.000343
0.000343
0.000343
-0.014510
0.030047
-0.014508
0.000343
0.015194
0.000343
0.000343
-0.014508
-0.029366
0.000343
-0.014515
0.000343
0.000343
-0.029379
0.015205
-0.014519
0.000343
-0.014521
0.000343
0.015207
-0.029388
-0.014526
0.015212
0.000343
0.015209
0.000343
0.000343
0.000343
0.000343
-0.014524
0.015209
-0.014524
0.000343
0.000343
0.015209
-0.029392
-0.014528
0.030083
0.015209
0.015207
0.000343
0.030065
0.000343
0.015201
0.000343
-0.014515
0.000343
-0.014517
0.000343
0.015203
0.000343
0.015201
-0.014515
-0.014517
0.015203
0.000343
-0.014517
0.000343
0.000343
0.030061
-0.014515
0.015201
-0.029375
0.015203
-0.014517
0.015203
0.000343
-0.044244
0.015207
0.015205
-0.014519
0.000343
-0.014521
0.000343
0.015207
0.000343
-0.029388
0.015209
0.015207
0.000343
0.000343
0.030065
0.000343
0.000343
0.015201
0.000343
0.000343
-0.014515
0.015201
0.015198
-0.014513
0.000343
0.000343
0.000343
-0.029375
0.015203
0.015201
0.000343
-0.014515
0.015201
0.000343
0.000343
-0.014515
-0.014517
0.030061
-0.014515
0.000343
0.015201
-0.029375
0.000343
0.000343
0.015203
0.000343
-0.014517
0.030061
-0.014515
0.015201
0.000343
0.000343
-0.014515
0.015201
-0.014515
0.015201
0.000343
-0.014515
0.000343
0.000343
0.000343
0.000343
0.000343
0.015201
-0.029375
0.000343
0.015203
-0.014517
0.000343
-0.014519
0.015205
0.000343
-0.029384
0.015207
-0.029388
0.015209
-0.014524
0.000343
-0.014526
0.015212
-0.014526
0.015212
0.015209
-0.014524
0.015209
0.000343
0.000343
0.000343
0.000343
0.000343
0.000343
0.000343
0.000343
0.030069
-0.059119
0.015212
0.044936
-0.014519
0.000343
-0.044257
-0.044277
-0.014535
-0.029419
-0.014541
0.015227
0.000343
-0.014541
-0.014544
0.000343
0.030114
-0.044317
0.000343
0.015232
0.000343
0.030114
-0.029428
-0.014546
-0.029441
0.015236
0.030122
0.030114
0.044982
-0.029415
-0.029423
0.000343
-0.029432
0.015232
0.000343
-0.059225
0.015238
-0.029450
0.015240
-0.029455
0.000343
-0.104018
0.015258
0.015256
0.015254
-0.029481
0.000343
-0.029490
0.015260
-0.104127
-0.074345
0.000343
-0.044497
0.015292
0.089989
0.000343
0.000343
0.030207
-0.044457
-0.029535
0.000343
0.030220
-0.074368
0.015289
-0.029552
0.000343
0.000343
0.030238
0.030229
0.015283
-0.029539
0.030225
-0.029539
-0.029548
-0.014606
0.045183
0.000343
0.000343
0.000343
0.015285
-0.029544
0.000343
0.000343
0.015287
0.075031
0.000343
0.074975
-0.029503
0.074942
-0.014572
0.000343
0.015258
0.000343
-0.014572
0.000343
0.000343
-0.014575
0.015260
0.030171
0.000343
0.030162
0.015249
0.015247
-0.014561
0.000343
0.000343
-0.029472
0.000343
0.074864
-0.029459
-0.014561
-0.059296
0.000343
-0.059332
0.030185
0.045089
0.000343
-0.014570
0.000343
0.030167
0.045062
0.000343
-0.029468
0.104641
-0.044343
0.015240
-0.029455
-0.044370
0.000343
-0.029477
0.015254
-0.014568
0.045069
0.000343
-0.014564
0.030154
-0.044377
0.000343
-0.029481
0.030167
0.000343
-0.029481
0.030167
0.045062
0.059938
0.030127
0.059884
0.015223
0.000343
-0.029419
0.119337
0.015207
0.015205
-0.059119
0.030078
-0.044263
0.059814
-0.029388
0.000343
-0.059146
0.044962
-0.103801
-0.014544
-0.014546
0.030118
0.044989
0.000343
-0.014537
0.030100
-0.029415
0.015223
-0.074079
-0.014548
-0.074145
0.000343
-0.029468
-0.029477
0.030162
-0.044390
-0.044410
0.015263
0.000343
0.045089
0.015254
-0.044397
-0.029495
0.060009
0.015254
0.015252
-0.029477
0.059973
-0.014561
-0.014564
-0.014566
0.030158
0.000343
0.030149
-0.014559
0.015245
0.104595
0.059867
-0.029415
0.000343
0.030100
-0.014535
0.030096
0.044956
0.000343
0.119214
0.000343
-0.014508
-0.014510
0.044896
-0.014506
0.030038
0.015187
-0.073902
0.000343
0.015196
-0.014510
-0.029370
0.000343
0.015201
0.044903
0.015192
0.015190
-0.044204
-0.014510
0.000343
-0.044230
0.030061
0.030052
-0.029366
0.015198
-0.014513
0.015198
0.059743
0.044870
-0.014497
-0.029344
-0.044204
-0.014510
0.000343
-0.044230
-0.059119
0.000343
0.044943
-0.014521
-0.014524
0.044936
-0.029384
0.015207
-0.014521
0.044929
-0.029379
-0.103754
0.030096
-0.029410
0.030096
0.089549
0.074621
-0.014508
-0.014510
0.015196
0.030043
0.089390
-0.044171
0.044857
-0.073858
0.089377
-0.014491
0.015176
-0.059004
-0.014499
0.044863
0.044843
-0.058996
0.030016
-0.044171
-0.014499
0.030025
-0.044184
0.030030
-0.029344
0.015187
0.015185
0.030021
-0.014495
-0.014497
0.044857
0.000343
0.000343
-0.014493
0.015179
0.015176
0.000343
0.000343
0.000343
0.030003
0.000343
0.015170
-0.044144
0.000343
0.000343
-0.029326
0.015179
0.000343
0.015176
0.000343
0.030003
-0.014486
0.029999
0.000343
0.000343
0.000343
-0.014484
0.029994
0.000343
0.000343
-0.014482
0.000343
0.029990
-0.029304
0.015168
0.000343
-0.014482
0.000343
0.000343
0.000343
-0.029313
0.015172
0.000343
-0.014486
0.029999
0.000343
0.000343
0.000343
-0.014484
0.000343
0.000343
-0.014486
0.000343
0.000343
0.000343
-0.014488
0.000343
0.000343
-0.059004
0.000343
0.000343
0.030021
-0.014495
0.000343
0.000343
0.000343
-0.014497
-0.044191
0.030034
0.030025
-0.014497
0.015183
0.015181
0.044843
-0.029322
-0.014493
-0.014495
0.030016
0.044837
0.015170
-0.014484
0.015170
0.000343
0.000343
0.015168
0.000343
0.000343
-0.014482
0.015168
-0.014482
0.000343
0.000343
0.000343
0.000343
0.000343
0.015168
0.000343
0.015165
-0.014480
0.015165
-0.014480
0.015165
-0.014480
0.000343
0.000343
0.000343
0.000343
0.000343
-0.014482
0.000343
0.000343
0.000343
0.015168
-0.014482
0.000343
0.000343
0.015168
0.000343
0.000343
0.000343
0.000343
0.000343
0.000343
0.000343
0.000343
0.000343
0.000343
-0.014482
0.000343
0.015168
0.000343
0.000343
0.000343
0.000343
0.015165
0.000343
0.015163
0.000343
0.015161
0.000343
0.015159
0.000343
0.029968
0.000343
0.000343
-0.014469
0.044771
0.015148
-0.014462
0.000343
0.000343
-0.014464
-0.014466
0.000343
0.000343
0.015152
-0.014466
0.000343
0.000343
-0.014469
0.000343
0.015154
-0.014469
0.000343
0.000343
0.000343
0.015154
-0.029282
0.000343
0.000343
0.000343
-0.014473
0.015159
-0.014473
0.015159
0.015157
-0.014471
-0.014473
0.000343
0.000343
-0.014475
-0.014477
0.000343
-0.029304
-0.029313
0.000343
-0.029322
0.030008
0.000343
0.015172
0.000343
0.000343
0.029994
0.029986
-0.029300
-0.014482
-0.014484
-0.029318
0.030003
0.015170
0.000343
-0.014484
-0.014486
-0.014488
0.015174
0.029999
-0.014484
0.044817
0.029981
-0.073770
0.000343
-0.014486
-0.058996
-0.029340
0.015185
-0.029344
-0.044204
-0.014510
-0.044230
0.015203
0.000343
0.030056
-0.014513
-0.014515
0.030056
-0.014513
-0.014515
0.030056
-0.014513
0.015198
0.030047
-0.029362
0.030047
0.030038
-0.059057
0.015196
0.030043
0.000343
0.015190
-0.014504
0.000343
-0.059066
0.030052
-0.014510
0.000343
0.059743
-0.014504
0.000343
-0.014506
0.000343
0.015192
-0.044210
-0.014513
0.030052
-0.014510
0.000343
0.000343
-0.029370
0.000343
-0.044244
-0.103770
-0.059199
0.015232
0.000343
0.000343
0.000343
0.030114
END
