y[]
-0.074120
-0.012678
-0.012679
-0.037281
0.061106
0.036493
-0.000383
-0.024965
0.011909
-0.012675
0.036488
-0.000383
0.048757
-0.061812
0.024193
-0.024959
0.024193
-0.037249
0.011907
0.011906
-0.012672
-0.012673
0.011907
0.024193
0.011903
0.024184
-0.024950
-0.000383
-0.000383
-0.024956
0.024190
0.011901
-0.000383
0.036461
0.024172
-0.012660
0.011894
-0.024938
0.011895
-0.012661
-0.012663
-0.000383
-0.012664
0.073282
-0.000383
-0.012657
0.024163
-0.000383
0.036425
0.011883
-0.037186
0.011886
0.011885
-0.000383
-0.000383
-0.000383
-0.000383
-0.000383
0.011883
0.011882
-0.000383
-0.000383
0.011880
0.011879
0.011877
-0.024905
0.024139
-0.049433
-0.000383
-0.024917
-0.012652
-0.049475
-0.012660
-0.012661
-0.012663
-0.000383
0.048727
-0.012658
-0.024938
-0.012663
0.011897
-0.000383
-0.012663
0.011897
-0.000383
-0.012663
-0.012664
-0.000383
-0.000383
-0.049523
-0.049547
-0.049571
-0.024986
0.024220
-0.000383
-0.037290
0.011921
-0.049608
-0.049632
0.011932
0.011930
-0.074284
0.036574
0.011933
0.011932
-0.000383
0.024242
0.024236
0.011924
0.024226
-0.061918
-0.000383
-0.049638
0.024248
0.011930
0.036547
-0.012691
0.024233
-0.000383
0.011923
-0.000383
-0.037304
0.011926
0.011924
-0.037308
-0.061955
0.061190
-0.012694
0.036547
-0.037313
-0.012696
-0.037331
0.036565
0.011930
-0.037326
-0.012700
-0.086648
0.024272
-0.037367
-0.074393
0.024293
-0.012720
0.024290
0.011951
0.024281
-0.025047
-0.037390
-0.037404
0.036638
0.011954
0.011953
0.011951
0.011950
0.011948
0.024275
-0.012711
-0.025044
0.024278
0.011945
0.011944
-0.000383
-0.012710
-0.037372
0.011948
0.036602
-0.012710
0.011944
-0.000383
-0.000383
0.011942
0.011941
0.036579
-0.025022
-0.012705
-0.000383
0.024260
-0.000383
-0.000383
-0.012703
-0.012705
0.024260
-0.025026
-0.000383
-0.000383
-0.000383
-0.000383
-0.012706
-0.000383
0.024263
-0.000383
-0.012705
0.024260
0.011936
-0.025022
-0.000383
-0.000383
-0.000383
0.024257
-0.037345
-0.000383
-0.012706
0.011941
0.024260
-0.012703
0.024257
-0.025022
-0.025029
-0.000383
-0.000383
0.011941
-0.012706
-0.062024
-0.037386
0.048951
0.011947
0.024272
-0.037367
0.011947
0.011945
0.036593
-0.012706
0.024263
0.024257
-0.000383
-0.012702
0.011936
-0.000383
0.011935
-0.012700
-0.000383
0.011935
-0.000383
-0.000383
-0.000383
-0.037340
-0.025029
0.011941
-0.037358
0.011944
0.048909
0.011936
0.024251
-0.012699
0.011933
-0.012699
-0.000383
0.011933
-0.000383
-0.012699
-0.000383
-0.012700
-0.012702
-0.037349
0.024263
-0.012705
-0.012706
0.011941
0.024260
0.011936
0.048878
-0.025010
0.073481
-0.000383
0.048830
-0.037290
0.024223
-0.024989
0.122588
0.036479
-0.012669
-0.012670
-0.000383
-0.000383
-0.037254
-0.024971
0.011912
-0.024974
-0.000383
-0.012681
-0.123445
-0.000383
-0.000383
0.036552
0.024233
-0.049620
-0.000383
-0.000383
-0.012696
-0.049650
0.036570
-0.037335
-0.025026
-0.049686
0.036597
-0.000383
0.011941
-0.000383
0.024260
-0.025026
0.036579
0.024251
-0.000383
-0.000383
-0.000383
0.011932
0.036552
0.011926
-0.000383
-0.000383
0.048836
-0.012685
-0.000383
-0.012687
-0.000383
0.048824
0.011915
-0.000383
-0.000383
0.011913
-0.037276
-0.024986
-0.000383
0.011920
-0.000383
-0.012685
0.011920
-0.012685
-0.000383
-0.024992
0.036529
-0.000383
-0.000383
-0.000383
0.036515
0.036502
-0.012676
-0.037272
-0.037285
0.011920
-0.000383
0.011918
0.011917
-0.037285
-0.000383
0.011920
-0.037295
-0.000383
0.036529
-0.049601
0.011924
0.036529
-0.012685
0.048818
-0.024980
-0.024986
0.036520
-0.000383
-0.012682
0.024214
0.011913
-0.000383
-0.012679
-0.012681
0.011915
0.036502
-0.024971
0.024205
-0.049565
0.036506
-0.000383
-0.000383
0.011910
-0.012676
-0.012678
-0.024977
0.011915
-0.000383
-0.012681
-0.037285
-0.012687
0.061122
-0.000383
-0.024980
0.036511
0.048787
-0.024965
0.011909
-0.037263
-0.024977
-0.024983
0.036515
-0.000383
0.024208
-0.049571
0.011917
-0.012682
-0.024986
0.011920
0.085692
0.011907
0.011906
-0.012672
0.024193
0.024187
-0.000383
0.036461
-0.074084
-0.024962
0.061054
0.061016
-0.000383
-0.061782
-0.061819
0.097897
0.048721
0.036429
-0.061744
0.073246
0.024148
-0.061721
-0.037204
-0.000383
-0.000383
-0.037218
0.011897
-0.086373
0.036479
-0.024956
0.097873
-0.012660
0.036443
-0.061766
-0.000383
-0.086383
0.011907
0.036479
-0.024956
0.061038
-0.049517
-0.049541
-0.061865
-0.012684
0.011918
-0.012684
0.011918
0.061099
-0.000383
-0.000383
-0.049565
0.073382
-0.012673
0.036484
-0.049541
-0.037267
-0.000383
0.073373
0.036474
0.011900
-0.012666
0.024181
-0.000383
0.024175
-0.000383
-0.000383
0.011894
0.036438
0.048691
0.011882
-0.012648
-0.012649
0.011883
-0.012649
-0.049463
0.011889
0.011888
-0.000383
-0.000383
0.036420
0.011882
0.048661
-0.024902
0.060903
-0.024893
-0.012640
-0.000383
-0.037163
-0.024911
0.011882
0.024142
-0.061706
-0.000383
-0.000383
0.060941
-0.012645
-0.000383
0.011879
-0.024908
0.011880
0.011879
-0.000383
0.011877
-0.024905
-0.024911
0.024145
-0.000383
-0.012646
0.036402
0.036389
-0.024896
0.011874
-0.012640
-0.000383
-0.000383
-0.000383
0.024130
-0.037154
-0.012643
-0.024908
0.048661
-0.024902
-0.000383
-0.049439
-0.012651
0.036416
-0.012648
0.011882
-0.000383
0.011880
0.011879
0.011877
-0.024905
-0.000383
-0.012646
0.011880
-0.061714
0.048685
-0.000383
0.024142
-0.012645
0.036398
-0.000383
0.011874
-0.012640
-0.000383
0.011874
-0.000383
-0.012640
-0.000383
-0.000383
0.011874
-0.012640
0.011874
-0.000383
-0.012640
-0.000383
0.011874
-0.012640
-0.012642
0.011876
-0.012642
-0.000383
-0.000383
-0.000383
-0.012643
-0.012645
-0.000383
0.011879
-0.000383
-0.024908
0.011880
-0.000383
0.011879
-0.012645
-0.012646
-0.000383
0.011880
-0.012646
0.011880
0.011879
-0.012645
0.011879
-0.000383
-0.012645
-0.012646
0.011880
0.011879
-0.012645
0.036398
-0.012642
-0.000383
-0.012643
0.011877
-0.012643
-0.000383
-0.000383
0.011877
-0.000383
-0.000383
-0.012643
-0.000383
-0.012645
0.011879
-0.000383
-0.000383
-0.000383
-0.012645
0.011879
-0.000383
-0.012645
0.011879
-0.000383
-0.000383
0.011877
-0.012643
-0.012645
-0.000383
-0.000383
0.011879
-0.012645
-0.012646
0.011880
-0.012646
-0.000383
0.011880
-0.012646
-0.012648
-0.000383
0.011882
0.011880
-0.012646
-0.000383
-0.012648
-0.012649
0.011883
-0.000383
-0.000383
-0.000383
-0.000383
0.011882
-0.012648
-0.000383
-0.000383
0.011882
-0.000383
-0.000383
-0.012648
0.011882
-0.012648
0.011882
-0.012648
-0.012649
0.024148
-0.012648
0.036407
-0.000383
-0.000383
-0.012645
0.011879
-0.012645
-0.000383
0.011879
-0.024908
-0.000383
-0.000383
-0.000383
-0.000383
-0.000383
0.036402
-0.012643
-0.000383
-0.000383
-0.000383
-0.000383
0.011877
-0.012643
-0.000383
-0.012645
-0.000383
0.011879
-0.012645
-0.000383
-0.000383
-0.000383
-0.000383
-0.000383
0.011879
-0.012645
0.011879
-0.000383
-0.000383
0.011877
-0.000383
-0.012643
-0.000383
-0.000383
-0.000383
0.011877
-0.000383
-0.000383
-0.000383
-0.000383
-0.000383
-0.000383
-0.000383
-0.000383
-0.012643
-0.000383
0.011877
-0.000383
-0.000383
-0.012643
0.024136
-0.012642
0.011876
-0.000383
-0.012642
0.011876
0.011874
-0.012640
0.011874
0.060880
0.024112
0.024106
-0.024872
-0.000383
-0.000383
-0.024878
0.011865
-0.000383
-0.024881
-0.037141
-0.000383
-0.000383
-0.012638
-0.000383
0.011873
0.036375
END
