y[]
0.002583
-0.058272
-0.027858
0.093880
-0.043054
-0.027853
-0.012638
-0.027867
0.048256
-0.012638
-0.043096
-0.027881
-0.012652
0.063513
0.048256
0.048235
0.078623
-0.027826
0.002583
-0.027835
0.002583
-0.027844
0.002583
-0.210669
0.002583
-0.012666
-0.104230
0.017849
-0.012683
0.033113
-0.012680
0.033108
0.033099
-0.043194
0.078867
0.033080
-0.012664
-0.043173
0.002583
-0.104262
0.063652
0.124609
-0.027909
0.002583
0.017831
-0.012664
0.017831
-0.043166
-0.073712
-0.043222
0.002583
-0.027965
0.017859
-0.119685
-0.012711
0.048458
-0.089188
-0.012720
0.002583
0.063783
0.033169
-0.012708
-0.012711
-0.012713
-0.043320
0.048487
0.048465
-0.058597
0.063764
-0.043299
0.033174
0.033164
0.063717
-0.012697
-0.012699
0.048423
-0.073828
-0.073887
-0.181184
-0.166167
0.094664
-0.135570
-0.012779
0.048663
0.063990
-0.166375
0.017955
0.033319
-0.089653
0.079453
0.002583
-0.151215
-0.012810
-0.136059
0.095033
0.033381
0.094919
0.048719
-0.028172
0.002583
0.033338
0.033329
0.017953
0.002583
0.079394
0.017938
-0.012772
0.033291
0.002583
0.017934
-0.089554
0.017946
0.017943
0.110036
-0.012760
-0.120248
0.017946
0.048656
-0.012772
-0.012774
0.002583
0.079347
0.186576
0.094453
-0.028030
0.063802
0.048472
-0.028007
-0.028016
-0.073957
-0.058691
0.002583
-0.120078
0.171205
0.002583
-0.058701
0.002583
0.017908
-0.028068
-0.012746
0.002583
-0.012748
0.002583
0.002583
0.033244
-0.012746
0.033239
0.017908
-0.028068
0.002583
-0.012746
-0.028082
-0.012753
0.017920
0.033249
-0.043418
-0.058785
0.002583
0.033272
0.063933
0.002583
0.017915
0.033239
-0.028073
-0.012748
0.002583
0.002583
0.033244
-0.012746
0.002583
0.002583
-0.028082
0.017917
0.017915
0.002583
0.002583
0.002583
0.002583
0.017913
0.002583
-0.028077
-0.012751
0.002583
0.002583
0.033249
0.002583
-0.028082
0.017917
0.017915
-0.012748
-0.012751
-0.012753
-0.012755
0.017922
-0.012755
0.017922
0.033254
-0.028087
0.002583
-0.012755
0.033258
0.017917
-0.043425
-0.028101
0.017927
-0.012760
0.017927
0.033263
0.002583
0.033254
0.048571
0.002583
-0.028073
0.033239
0.048550
-0.012736
0.017903
-0.012736
0.002583
-0.012739
-0.012741
-0.028073
-0.012748
0.002583
-0.043425
0.017922
-0.028096
0.017924
-0.012758
0.033263
0.002583
-0.012755
-0.012758
0.002583
0.002583
0.079265
-0.012748
0.017915
-0.043418
0.002583
-0.012755
0.063924
0.002583
0.002583
-0.028082
-0.012753
-0.012755
0.002583
0.002583
0.002583
0.017922
0.002583
0.017920
0.002583
-0.012753
-0.012755
0.017922
0.002583
0.017920
0.002583
0.002583
-0.012753
0.002583
0.002583
0.002583
0.002583
0.002583
0.033254
-0.028087
0.002583
-0.012755
0.017922
0.002583
0.017920
0.079229
-0.028068
0.017910
0.002583
-0.028073
0.033239
0.002583
-0.043404
0.002583
-0.028087
0.002583
0.017920
-0.012753
0.002583
0.002583
-0.012755
-0.058795
0.048620
0.002583
0.002583
0.002583
0.048599
0.017917
0.002583
0.002583
0.033244
-0.028077
0.002583
0.002583
-0.012751
0.017917
-0.028087
-0.012755
-0.028101
0.002583
-0.012762
-0.012765
0.017931
-0.012765
0.033277
-0.012762
0.017929
0.017927
-0.028106
-0.043468
-0.074216
0.017948
0.002583
0.002583
-0.058889
-0.028167
0.017960
-0.012793
-0.043560
0.048727
-0.012795
0.017962
0.002583
-0.043560
-0.012802
0.002583
0.033353
0.033343
-0.012795
0.017962
-0.012795
0.033338
-0.012793
0.002583
0.002583
-0.012795
0.002583
-0.012798
0.048719
-0.043553
0.064093
-0.012791
0.064065
0.002583
0.064027
-0.028134
0.002583
0.033301
0.033291
0.002583
-0.028124
0.002583
0.063990
0.063952
-0.043439
0.033268
-0.012758
0.017924
-0.028101
-0.028110
-0.012767
-0.028124
0.033291
-0.058842
0.017943
-0.012776
0.033301
-0.012774
-0.028139
0.017946
0.002583
0.033301
0.017938
0.063980
0.033268
0.017922
-0.043439
0.002583
0.002583
-0.028110
0.017931
-0.028115
-0.043482
0.002583
0.017941
-0.012774
0.017941
-0.012774
-0.012776
0.033301
-0.028134
0.017943
0.094693
-0.012762
-0.012765
-0.043475
0.002583
-0.028134
-0.012779
0.033305
0.017941
-0.120342
0.033329
0.002583
-0.028162
0.033329
0.017953
-0.028157
-0.058927
0.002583
-0.028186
-0.058984
0.017979
-0.012812
-0.012814
-0.089852
0.064217
-0.028229
-0.012826
-0.028243
0.079631
0.017986
0.002583
0.002583
0.048776
-0.012812
0.002583
0.064150
-0.043588
-0.059012
0.002583
0.017986
0.033381
-0.028214
0.002583
-0.043631
0.048798
0.033381
-0.012814
-0.028219
0.002583
0.033386
0.033376
-0.012812
0.002583
-0.012814
0.033376
0.002583
0.002583
0.002583
0.002583
-0.012812
0.064150
0.094863
-0.028167
-0.043560
-0.058974
0.033367
-0.012807
0.094891
0.002583
-0.074334
0.017972
0.079489
-0.028172
0.064084
0.033319
-0.012784
0.002583
0.017950
0.002583
-0.043524
0.002583
-0.012791
-0.028172
-0.028181
0.002583
0.033348
-0.120531
0.156453
-0.151286
0.033376
0.079524
0.110201
0.048670
-0.028139
-0.074263
-0.043553
-0.043574
0.048741
0.202353
-0.197186
-0.105150
-0.012817
-0.182402
-0.043717
0.018019
0.079726
-0.028267
0.110516
-0.028243
0.002583
-0.043674
0.002583
0.018005
-0.074547
-0.074607
-0.012862
0.002583
0.002583
-0.043767
-0.090181
-0.121236
0.033553
0.079965
0.033519
-0.012883
-0.059307
0.079941
0.002583
-0.028352
-0.043838
0.002583
0.064474
0.048976
0.002583
0.002583
0.002583
-0.043810
-0.059307
-0.152311
0.111035
-0.090368
-0.074942
0.080109
0.002583
-0.043925
-0.028434
0.002583
-0.028444
0.080133
0.033586
-0.043925
-0.012924
-0.043954
-0.106087
0.080217
-0.012939
-0.106138
0.018122
-0.028497
0.049200
-0.012953
0.095766
0.064657
0.049113
0.002583
0.080085
-0.074918
0.064589
-0.043917
0.080073
-0.028405
0.002583
0.018079
0.002583
0.002583
0.141935
-0.012891
-0.028372
-0.121332
0.018081
-0.074930
0.002583
0.002583
0.002583
0.002583
0.033596
-0.090483
0.002583
0.002583
-0.028458
-0.106138
0.002583
-0.090700
-0.028531
0.033697
0.095867
0.002583
0.033659
0.080229
-0.012941
0.080181
-0.137136
0.080229
0.064657
-0.106070
-0.075099
0.033663
-0.121795
0.173563
0.064686
-0.106121
-0.028497
0.188919
0.002583
0.002583
-0.059490
0.142194
-0.028424
-0.059461
-0.043975
0.126691
-0.183636
-0.044026
0.142346
-0.246018
0.018139
0.033688
0.018132
-0.012965
0.080302
-0.075135
-0.012968
0.018134
-0.012968
-0.012970
0.033688
0.002583
0.002583
-0.012968
0.018134
0.002583
0.002583
0.002583
0.033678
0.018127
0.018125
0.002583
-0.028501
0.049207
0.018120
-0.075123
-0.012965
-0.012968
-0.028526
0.064792
0.018129
0.018127
0.018125
0.002583
0.002583
0.002583
0.002583
0.018122
0.002583
0.018120
-0.012953
0.002583
-0.012955
-0.012958
0.002583
0.064734
-0.044026
0.002583
0.002583
0.018122
0.002583
0.002583
0.002583
0.002583
0.002583
0.002583
-0.012955
0.033659
-0.012953
0.002583
0.002583
0.018120
-0.012953
0.080241
-0.012943
-0.012946
0.018113
0.018110
0.018108
0.018105
0.002583
0.002583
0.018103
0.002583
0.033615
0.002583
-0.028448
0.002583
0.002583
0.018100
0.033610
-0.012929
0.018096
0.018093
-0.028439
0.002583
0.018096
-0.012929
0.002583
0.033606
0.033596
0.002583
0.002583
0.002583
-0.059451
0.049113
-0.012924
0.018091
0.018088
-0.012922
-0.012924
-0.012927
-0.028444
0.049120
0.018091
0.033591
0.002583
0.018084
0.002583
0.002583
-0.012917
END
