y[]
-0.000851
0.071709
0.023324
0.035401
0.011230
-0.037098
-0.012936
0.047482
-0.012932
0.023310
-0.049178
0.023315
-0.025017
-0.073385
-0.073437
-0.000851
-0.000851
0.011251
0.059634
0.023333
0.023327
-0.025029
0.047499
0.047476
-0.012930
0.047458
-0.073323
-0.097563
0.023336
0.047505
0.035401
-0.061278
0.095814
0.023301
0.023295
-0.049148
-0.025008
0.011229
0.059525
-0.049148
0.047447
-0.024997
0.047435
-0.024991
-0.109553
-0.012936
-0.000851
-0.085489
0.023339
0.059598
0.011234
-0.000851
-0.025023
-0.025029
0.083746
-0.109632
0.035423
-0.000851
-0.109711
0.071736
-0.037138
0.132136
0.011230
0.083675
0.047417
0.047394
0.047371
0.047348
0.011195
0.071395
-0.061052
-0.000851
-0.073140
-0.037015
0.035313
-0.037015
0.023260
0.023254
-0.049067
-0.037028
0.011210
-0.012911
0.011210
-0.012911
-0.012913
-0.024979
-0.000851
-0.000851
-0.024985
0.011217
-0.000851
0.023280
-0.024982
-0.073280
-0.012927
-0.012929
0.023304
0.023298
0.023292
0.011218
0.023283
-0.000851
0.011214
-0.000851
-0.000851
-0.000851
-0.000851
-0.000851
-0.000851
0.011213
-0.000851
-0.012914
0.011213
-0.000851
0.047388
0.035313
-0.000851
0.023251
-0.000851
-0.012901
-0.024956
0.035305
-0.000851
-0.024953
0.011201
-0.024956
-0.024962
0.011205
0.023257
0.023251
-0.012901
-0.000851
-0.037011
0.011204
-0.024962
-0.024968
-0.000851
-0.024973
-0.024979
0.011214
-0.012916
-0.000851
-0.000851
0.011214
0.023275
0.011210
0.035322
-0.000851
-0.000851
0.023257
0.011201
0.011199
0.047336
-0.024941
-0.036998
-0.012903
0.023251
0.011198
-0.024950
-0.000851
-0.000851
0.011199
-0.012901
0.011199
-0.012901
-0.000851
-0.000851
-0.012903
0.011201
0.011199
0.011198
-0.012900
-0.000851
0.035292
0.011194
-0.000851
-0.024941
0.011195
-0.000851
0.011194
-0.000851
-0.012895
0.035278
0.011189
-0.012891
0.011189
-0.000851
-0.000851
-0.012891
-0.000851
-0.012893
-0.012894
-0.000851
-0.012895
0.011194
-0.000851
-0.000851
-0.000851
0.011192
-0.000851
-0.000851
-0.000851
-0.000851
0.035270
-0.000851
0.035257
0.011182
-0.000851
-0.012884
0.011182
-0.036954
-0.000851
-0.000851
-0.012888
-0.012890
0.011188
0.011186
-0.000851
-0.012888
0.011186
0.023219
-0.036958
-0.000851
-0.000851
0.035257
-0.024921
0.011185
-0.024924
-0.000851
-0.036972
-0.012894
0.011192
-0.000851
0.011191
0.011189
0.011188
-0.012890
0.011188
0.011186
-0.012888
-0.024930
0.035265
0.011185
-0.000851
0.023216
0.011181
0.011179
0.011178
-0.012880
-0.024912
0.011181
0.023208
-0.024910
-0.012882
0.011181
-0.000851
-0.000851
-0.000851
-0.000851
-0.024915
-0.048997
0.011188
0.011186
-0.000851
-0.036967
0.023228
-0.049015
-0.024941
-0.000851
0.023240
-0.024941
-0.024947
0.011198
0.023243
0.047319
0.059328
-0.061030
-0.049020
-0.000851
0.035278
0.035265
-0.012888
-0.024930
0.023228
0.011186
-0.061052
-0.085193
0.059401
-0.000851
-0.061103
-0.037019
-0.012910
0.035322
0.035309
0.011199
-0.049061
0.071456
-0.024947
0.023245
0.011195
-0.036993
-0.012901
0.011199
-0.037006
-0.000851
0.011202
0.035300
0.023243
-0.024944
-0.085224
-0.000851
-0.061161
-0.049125
0.047423
-0.012917
0.023280
-0.000851
-0.012916
-0.049125
-0.037072
-0.073332
-0.000851
0.011233
-0.025020
-0.049207
0.035418
0.023321
-0.012936
0.023318
-0.000851
0.023312
-0.012932
0.011230
-0.037098
-0.037111
0.023324
-0.012938
-0.000851
0.011236
0.023318
-0.037107
0.023321
-0.025023
-0.012939
0.011237
-0.012939
-0.025032
-0.025038
-0.000851
0.011243
0.035423
0.011237
-0.000851
-0.012939
0.011237
-0.049213
0.047511
0.035405
-0.025020
0.035401
0.035388
0.071587
-0.049137
0.011223
-0.025000
0.059510
0.011217
-0.061205
0.023295
-0.024997
-0.000851
-0.000851
-0.000851
-0.025003
-0.025008
-0.012932
-0.025017
-0.025023
-0.037120
-0.000851
-0.012944
-0.000851
0.011242
-0.000851
0.011240
-0.037129
-0.025043
-0.025049
0.023348
0.035436
0.011242
0.011240
0.059583
-0.000851
-0.049195
-0.025032
0.011240
0.011239
-0.000851
0.059576
0.047464
-0.037085
-0.012932
0.071613
-0.025000
0.023298
-0.037076
0.011226
-0.025005
0.011227
-0.000851
-0.061256
0.023315
0.011230
-0.049183
-0.000851
0.011234
-0.037111
0.023324
0.035401
-0.061278
-0.000851
-0.012941
0.144129
-0.000851
0.035361
0.035348
-0.061190
-0.169994
0.119995
0.083654
0.047406
0.035326
-0.012909
-0.024971
-0.061175
-0.037063
-0.025000
-0.037085
-0.025014
-0.085469
-0.061336
-0.012952
0.035449
0.035436
-0.025041
0.059612
-0.000851
0.011237
-0.000851
0.023321
-0.012936
0.035401
0.047464
0.011224
0.011223
-0.000851
-0.037076
-0.073341
-0.012938
-0.012939
0.119966
0.035366
-0.097458
-0.049189
-0.025029
0.035414
0.023318
-0.000851
-0.012935
0.131991
-0.024991
0.023289
-0.000851
-0.097446
0.059532
-0.012925
-0.012926
0.011224
0.011223
0.035361
0.059474
-0.000851
0.035326
-0.024968
0.047377
-0.073201
-0.061183
-0.061219
-0.012929
0.035379
-0.061241
-0.000851
0.047464
-0.025005
0.047452
-0.000851
-0.012925
0.023295
-0.012923
-0.061234
0.023307
-0.012929
0.023304
-0.073332
-0.000851
-0.000851
0.023315
0.083685
-0.024997
-0.012926
0.071578
-0.000851
0.035344
0.023272
0.023266
0.011205
0.035309
-0.012903
-0.000851
-0.037015
-0.000851
-0.049090
0.035331
0.035318
-0.012906
-0.037024
-0.037037
-0.000851
0.023275
0.035326
-0.012909
0.047371
-0.012904
0.059401
0.095477
-0.000851
0.035248
-0.073062
-0.000851
-0.024933
0.011191
0.023228
-0.012890
0.011188
0.011186
-0.000851
-0.061052
-0.024941
0.011195
-0.000851
0.047319
-0.036976
-0.024941
0.011195
0.083431
-0.012887
-0.012888
-0.061059
-0.073149
0.011202
0.167743
-0.036954
0.023219
0.011182
0.011181
0.035235
-0.048968
0.011181
-0.012882
0.011181
-0.048986
-0.024927
-0.000851
0.011188
0.011186
0.023219
-0.024921
0.011185
-0.000851
-0.036963
-0.000851
0.011188
0.011186
-0.012888
0.011186
-0.036967
-0.012893
-0.024939
-0.012897
-0.000851
0.023240
-0.012895
0.011194
-0.000851
0.011192
-0.000851
0.011191
-0.000851
-0.012893
-0.012894
-0.012895
0.023237
0.035270
-0.024930
0.035265
0.011185
-0.049003
-0.012893
0.011191
0.035265
-0.012888
-0.000851
0.011186
-0.012888
-0.012890
-0.000851
0.011188
-0.000851
-0.024930
0.011189
-0.000851
-0.012891
0.023228
-0.012890
0.011188
-0.024930
-0.000851
0.011189
0.011188
0.023222
-0.012887
-0.024927
-0.012891
0.023228
-0.036972
0.011191
0.023228
0.035257
-0.000851
-0.012885
-0.000851
0.023216
-0.012884
-0.012885
-0.000851
-0.024924
-0.036972
-0.012894
0.023234
-0.000851
-0.000851
0.011189
-0.000851
-0.012891
-0.000851
-0.012893
0.011191
-0.000851
0.011189
0.011188
0.011186
-0.000851
0.047284
-0.012882
0.071317
-0.024901
-0.000851
0.023199
-0.000851
0.023193
0.011169
-0.000851
-0.012871
-0.024895
-0.000851
-0.000851
0.011172
-0.000851
0.011170
-0.000851
-0.000851
-0.000851
-0.024895
-0.000851
-0.012875
0.011173
0.011172
-0.000851
-0.000851
-0.012874
0.011172
-0.000851
-0.000851
-0.000851
-0.012874
-0.000851
-0.000851
0.011172
-0.000851
-0.000851
-0.000851
0.011170
-0.000851
-0.000851
-0.000851
-0.000851
0.047220
-0.024884
-0.000851
-0.000851
-0.000851
-0.012869
-0.000851
0.011168
-0.012869
0.011168
0.023182
-0.024884
-0.012869
-0.048939
0.011173
-0.024901
-0.000851
0.023199
0.023193
-0.036919
0.011173
-0.000851
-0.024901
0.011175
0.011173
-0.000851
0.011172
0.023190
-0.012871
-0.012872
END
