y[]
0.065250
0.103337
0.052446
-0.011068
-0.049186
-0.011076
0.065161
0.103195
-0.087228
0.065113
-0.099954
0.090528
-0.023757
-0.011064
-0.036469
-0.138200
-0.011089
-0.074732
-0.011100
0.027098
0.027091
0.014360
0.001633
0.014358
-0.036547
-0.011097
-0.036566
-0.036581
-0.023851
0.039857
-0.023848
-0.036601
0.014379
-0.011113
0.001633
0.001633
-0.011115
-0.011116
0.001633
-0.011118
0.065372
-0.023858
-0.023864
-0.023871
0.039886
0.014381
0.001633
0.027124
0.001633
-0.011111
0.001633
-0.011113
0.014379
-0.011113
0.001633
0.014379
-0.011113
0.014379
0.014378
-0.011111
0.014378
0.001633
0.001633
-0.023858
0.001633
-0.011115
0.001633
0.001633
0.014381
-0.011115
-0.011116
0.014383
0.001633
0.014381
0.001633
0.001633
0.014379
0.014378
0.014376
-0.011110
0.001633
-0.011111
-0.011113
-0.011115
0.014381
0.014379
-0.049361
0.001633
-0.049387
0.014391
0.001633
0.014389
0.014387
0.014386
0.014384
0.014383
0.014381
0.001633
-0.036615
-0.011120
0.014386
-0.011120
-0.011121
0.001633
0.001633
0.001633
0.001633
-0.011123
0.014389
0.039891
-0.011118
0.014384
0.027130
0.014379
0.001633
-0.011113
0.001633
0.001633
-0.011115
0.027127
-0.011113
0.014379
-0.011113
0.014379
-0.011113
0.014379
0.014378
0.039857
-0.036591
0.027117
0.001633
0.001633
-0.011108
0.014374
-0.011108
-0.011110
0.001633
0.001633
0.052595
0.001633
0.001633
0.001633
0.001633
0.014370
-0.011103
0.001633
0.014370
-0.023841
0.014371
0.014370
0.001633
0.039833
0.027091
0.001633
0.001633
-0.036557
-0.011100
0.014366
0.001633
-0.023835
0.001633
0.001633
0.027101
-0.011100
0.001633
0.014366
-0.023835
0.014368
-0.011102
0.001633
0.014368
-0.011102
0.001633
-0.011103
0.027104
0.014366
0.014365
-0.023832
0.001633
-0.011102
0.001633
-0.011103
0.052569
0.014363
-0.011097
0.014363
0.027088
-0.036552
0.001633
-0.011098
0.001633
-0.023835
0.014368
-0.011102
0.014368
-0.036576
0.039842
0.001633
0.014366
0.001633
0.001633
0.014365
0.014363
-0.011097
0.001633
-0.023832
0.001633
-0.011102
0.001633
-0.036581
0.027111
0.065299
0.014361
0.014360
0.001633
-0.011094
-0.011095
0.001633
-0.011097
-0.011098
0.039823
-0.011095
-0.011097
-0.023832
0.027098
0.001633
0.027091
-0.011095
-0.011097
0.001633
-0.011098
-0.011100
0.014366
0.014365
0.027091
0.001633
-0.023825
0.039818
0.027082
-0.023815
-0.011094
-0.011095
0.027088
-0.011094
0.116115
-0.011081
0.001633
-0.011082
0.001633
-0.023802
-0.023809
-0.049270
0.001633
-0.011097
-0.049303
0.014370
-0.023841
0.039842
0.001633
0.039828
-0.011097
0.052543
0.001633
-0.011092
-0.011094
-0.011095
0.027088
-0.011094
0.014360
0.065242
-0.023806
-0.023812
0.014357
0.027075
0.014352
-0.023806
-0.011089
0.001633
-0.011090
-0.011092
0.014358
0.027078
-0.036537
0.001633
0.014358
-0.023819
0.001633
-0.011095
0.014361
-0.049290
0.039828
-0.023828
-0.023835
0.001633
0.014368
-0.011102
0.014368
0.001633
0.039828
-0.023828
0.001633
0.014365
0.001633
0.014363
-0.011097
0.014363
-0.023828
0.027095
0.014361
-0.011095
-0.023828
0.001633
-0.011100
0.014366
-0.011100
0.014366
0.014365
-0.011098
0.001633
-0.036571
0.027104
-0.011102
0.039833
0.014363
0.001633
-0.036562
0.014366
-0.023835
-0.011103
0.014370
-0.049322
0.014374
-0.036596
0.001633
-0.023861
-0.011116
0.039876
0.001633
-0.023861
-0.036620
0.014386
0.027134
0.014381
0.001633
0.027124
-0.113126
-0.062179
0.065445
0.014391
-0.036644
0.027153
0.001633
0.039901
0.027137
-0.011118
0.014384
-0.036625
0.027140
0.027134
-0.011116
0.001633
0.078105
-0.023851
0.052595
-0.023845
0.001633
-0.023851
0.001633
0.001633
-0.011111
-0.011113
-0.049368
-0.100447
-0.292428
0.091222
-0.049551
-0.113626
0.014446
0.065674
0.014436
0.001633
-0.075211
-0.165066
0.052955
-0.062523
0.104263
0.052909
0.027261
0.040063
-0.011175
0.014441
-0.036796
-0.062449
-0.049662
-0.088197
0.129937
0.014454
0.027271
0.065699
0.052856
-0.049590
0.116848
0.065584
0.001633
0.065543
-0.049492
-0.023939
-0.049531
0.078369
-0.036728
-0.023949
-0.087955
-0.011172
-0.011173
0.014440
0.014438
-0.062408
0.040063
-0.075241
-0.049649
0.040097
0.052895
0.014445
-0.023991
-0.049636
-0.011188
0.104158
-0.113715
-0.036846
0.001633
0.014461
0.027284
0.001633
0.078546
-0.088105
-0.049682
0.027294
-0.088208
0.040146
-0.049721
-0.049748
-0.024067
0.065872
-0.024057
-0.024064
-0.036925
0.040191
-0.011218
-0.011220
-0.062655
0.040211
-0.062671
-0.011233
0.040226
-0.011229
-0.011231
-0.011233
-0.036974
-0.114279
-0.037034
0.001633
0.104713
-0.024127
-0.024133
-0.075706
-0.024160
0.040320
0.040305
0.066054
0.014512
0.001633
-0.062779
0.066045
-0.037009
0.040275
0.066004
-0.036984
-0.011243
-0.011244
0.027386
0.001633
-0.049880
0.040270
-0.024123
-0.088567
-0.011259
-0.011261
-0.075766
-0.050000
0.027453
-0.075846
0.014551
0.040375
0.091973
-0.049980
0.001633
-0.037094
0.117770
0.066095
0.001633
-0.075726
0.078993
0.078933
0.053133
0.065971
-0.062705
-0.075627
0.027393
-0.153026
0.117650
-0.011251
0.027400
0.014514
0.027390
-0.024123
0.014512
0.027386
-0.011243
0.014509
-0.024120
-0.011246
0.001633
-0.011248
0.053146
0.001633
0.001633
0.001633
-0.036999
-0.024130
0.001633
0.040275
-0.011246
0.014512
0.027386
0.014507
-0.024117
0.014509
0.001633
0.001633
-0.011243
-0.011244
0.014511
0.014509
0.001633
0.014507
-0.011241
0.001633
0.001633
0.014507
-0.024117
0.001633
-0.024123
0.014512
0.014511
0.001633
0.014509
0.001633
0.014507
-0.011241
-0.011243
0.014509
-0.011243
-0.011244
0.014511
-0.037004
0.001633
0.001633
0.014514
0.001633
0.001633
0.014512
-0.037009
0.001633
0.027396
0.001633
0.014512
0.001633
0.027386
-0.011243
0.001633
0.027383
0.014506
0.001633
0.001633
0.001633
-0.011239
-0.011241
-0.024120
-0.024127
0.027393
0.053133
-0.024114
0.001633
0.014507
0.014506
-0.024114
0.014507
-0.011241
0.001633
0.014507
-0.011241
0.001633
0.001633
0.001633
0.027380
-0.011239
0.027376
-0.011238
0.001633
0.001633
0.001633
-0.024114
0.014507
-0.011241
0.014507
0.001633
0.001633
0.014506
-0.011239
-0.011241
0.001633
-0.011243
0.001633
-0.011244
-0.011246
-0.024130
0.001633
0.027396
0.001633
0.014512
0.014511
0.014509
0.001633
0.001633
-0.024120
0.001633
0.027386
0.014507
-0.011241
0.001633
0.014507
-0.011241
0.014507
-0.011241
0.014507
0.027376
0.001633
0.001633
-0.024110
0.027376
0.001633
-0.011238
0.014504
-0.049860
0.027383
-0.036994
0.040261
0.001633
0.014506
0.001633
-0.011239
0.027376
-0.011238
0.014504
0.001633
0.014502
-0.011236
0.040236
0.001633
-0.011233
-0.011234
0.014501
-0.011234
0.014501
0.001633
-0.011234
0.001633
0.001633
0.001633
0.001633
-0.011236
0.014502
0.001633
0.027367
0.001633
0.001633
0.001633
-0.011233
0.014499
0.001633
0.001633
-0.011233
-0.011234
-0.036979
0.001633
-0.011241
0.001633
0.014507
-0.024117
0.001633
0.040256
-0.011239
0.014506
-0.011239
0.040246
-0.011236
-0.011238
-0.024114
-0.036999
0.014512
0.027386
-0.011243
0.001633
0.014509
0.001633
0.053120
0.001633
0.014501
0.001633
-0.036974
0.040241
0.014499
-0.011233
-0.011234
-0.011236
0.001633
-0.075617
0.040266
-0.011243
-0.011244
-0.024127
0.027393
-0.011246
0.001633
0.027390
-0.024123
-0.011248
END
