y[]
0.011395
0.036519
0.049061
-0.026285
0.011386
-0.026288
-0.001172
-0.013732
-0.013734
-0.038867
-0.001172
-0.001172
0.011395
-0.001172
-0.038877
-0.001172
0.011398
-0.001172
0.036529
-0.013737
-0.038877
-0.038891
-0.051486
-0.001172
0.011409
0.023986
0.011405
-0.013748
-0.013749
0.061702
-0.013743
-0.001172
-0.001172
0.023970
0.011397
0.011395
-0.013738
-0.038881
-0.001172
-0.013745
0.049111
0.086763
-0.013729
-0.013730
0.124346
0.061528
-0.013708
-0.013710
0.074035
-0.013702
0.023888
-0.013701
-0.026234
-0.026240
-0.088962
0.049004
-0.001172
0.023907
-0.013710
0.061505
-0.038773
0.036430
0.011359
-0.038768
-0.051322
-0.013713
0.023910
-0.013712
0.011368
-0.001172
-0.051341
-0.101586
-0.001172
0.023941
-0.001172
-0.026285
-0.013730
-0.026294
-0.001172
0.023951
0.061607
-0.001172
-0.013724
0.023932
-0.013723
-0.013724
-0.013726
-0.001172
0.061583
-0.051372
-0.001172
-0.001172
-0.001172
-0.001172
0.036481
0.011376
-0.001172
-0.013719
-0.051379
-0.001172
0.023935
-0.013724
-0.026281
0.049042
0.036472
0.023916
0.011370
0.036444
0.023897
-0.026240
-0.001172
0.061489
-0.001172
0.023882
-0.038754
-0.038768
-0.038782
0.011367
-0.013710
0.023904
-0.013708
0.023901
0.061481
0.023879
0.011351
0.011350
0.073922
-0.038711
-0.026206
0.023863
-0.026206
-0.001172
-0.001172
0.023863
0.011343
-0.013686
0.011343
-0.063762
0.423670
-0.076013
0.198280
0.098405
-0.013613
-0.075854
-0.013624
-0.050997
-0.051022
-0.001172
-0.013638
0.048685
-0.001172
-0.038562
-0.001172
-0.013638
0.011295
0.023757
0.086029
0.011279
-0.038529
-0.026084
-0.063481
-0.075994
-0.038604
-0.201047
0.086323
-0.013666
0.036307
-0.038650
-0.213818
0.011350
0.061411
0.023850
-0.038707
-0.176522
-0.038787
0.036444
0.099067
-0.176654
0.086608
0.023894
0.061465
-0.001172
0.061426
0.098904
0.123782
-0.001172
0.073725
-0.101047
-0.001172
-0.213738
0.061395
0.086356
-0.051178
-0.088743
0.023857
-0.063754
-0.076322
-0.189295
-0.126784
-0.064037
0.111958
0.099281
-0.026275
-0.076520
-0.013735
-0.038872
-0.215075
-0.076776
-0.114686
0.112343
0.112214
-0.013764
-0.038957
-0.064180
-0.177805
-0.089606
-0.102335
0.125267
-0.077015
-0.102386
0.188522
0.049353
-0.001172
0.011456
0.024078
-0.013795
-0.013797
0.061940
-0.039034
0.112372
-0.089472
-0.013792
-0.026418
0.011452
-0.064307
-0.013803
-0.140227
-0.001172
0.049417
-0.089717
0.024135
-0.229164
0.011508
0.011507
-0.191515
0.100390
0.062252
-0.001172
0.062212
-0.013845
-0.001172
-0.013847
-0.089942
-0.001172
-0.128123
0.214551
-0.001172
-0.001172
0.024177
0.138131
0.011483
0.049429
-0.039120
0.062068
-0.089717
-0.013827
-0.051811
0.049468
0.062092
-0.001172
-0.102412
0.049461
-0.026485
-0.026491
-0.140544
-0.001172
0.036859
0.087509
-0.001172
0.100081
0.062060
0.049385
-0.026446
0.049372
-0.026440
0.125107
0.087129
0.011436
0.112229
-0.001172
-0.076757
-0.026380
0.099622
-0.139789
-0.039010
0.087095
-0.051600
0.162629
0.124646
-0.126989
-0.038948
0.112114
0.187354
-0.026288
-0.101699
-0.051473
-0.038915
-0.051518
-0.051543
0.049200
-0.026354
0.061773
-0.013757
0.137185
-0.013741
0.011398
-0.026313
0.023970
0.011397
-0.001172
0.011395
0.086752
-0.013727
-0.001172
-0.026288
-0.038858
0.011392
-0.013735
-0.026303
0.049086
-0.001172
-0.026297
-0.026303
-0.076605
0.036552
-0.001172
-0.001172
0.011400
0.023967
-0.001172
-0.013740
0.023964
0.023957
0.011390
-0.063997
0.023964
-0.001172
0.049080
0.036500
-0.013727
-0.001172
-0.013729
-0.076548
-0.013740
0.023964
0.061639
-0.038853
-0.013735
0.011392
-0.001172
-0.026300
-0.013738
-0.013740
0.011397
0.036524
-0.013735
-0.001172
-0.038872
0.011397
-0.001172
-0.038881
0.036538
-0.001172
0.049086
-0.026297
-0.001172
-0.026303
-0.001172
0.011395
0.011394
-0.026303
0.011395
0.036519
0.023948
-0.013730
-0.013732
-0.026297
0.011392
0.036510
0.036496
0.049029
0.061544
-0.063887
0.061544
-0.013712
0.161726
-0.026215
-0.076341
0.011361
-0.063848
0.011367
0.011365
0.023897
-0.026240
-0.051328
-0.026259
0.011373
0.011372
-0.026259
0.023916
0.023910
0.023904
-0.001172
-0.026247
0.048973
-0.013705
0.023894
-0.026237
0.011362
-0.013705
0.023894
0.023888
-0.001172
0.011356
-0.026228
0.036411
0.036397
0.023866
-0.026209
0.011348
0.023863
0.098904
-0.013675
0.023835
-0.026178
-0.013677
-0.001172
0.023838
0.023832
0.061309
-0.026159
-0.026165
-0.001172
0.061301
-0.051147
0.023819
0.073763
-0.001172
0.011312
0.023791
-0.013652
0.011309
-0.013652
-0.013654
0.036270
-0.013650
-0.013652
0.011309
-0.026134
-0.026140
-0.001172
-0.026147
-0.001172
-0.013661
0.036293
0.023797
0.011311
-0.001172
-0.001172
-0.001172
-0.001172
-0.013654
-0.038627
-0.026150
-0.026156
-0.001172
-0.013666
-0.013668
0.048803
0.048779
-0.026143
-0.013660
-0.501986
-0.051391
-0.013730
0.036500
-0.001172
0.011383
0.011381
-0.001172
-0.001172
0.011379
-0.038829
0.061583
-0.026269
0.036472
0.023916
0.011370
-0.026256
-0.013716
0.036458
-0.001172
-0.013713
0.048985
-0.063871
-0.001172
0.011372
0.011370
0.086575
0.086498
-0.013691
0.086432
-0.001172
0.011337
-0.038702
-0.026200
-0.051247
0.011350
-0.013693
-0.001172
-0.026219
0.023875
0.011350
0.023866
-0.088830
0.023882
0.036397
0.048897
0.086389
0.098803
-0.038650
-0.063668
-0.051197
-0.038707
0.023853
-0.001172
0.011339
0.061356
-0.063699
-0.051222
-0.063769
0.011351
-0.051272
0.048929
-0.001172
0.036387
0.098916
-0.013677
-0.013679
-0.026190
-0.113834
0.023875
-0.013694
0.061426
0.023857
-0.038716
-0.088830
0.036406
-0.001172
-0.001172
-0.038749
0.011356
-0.001172
0.048922
0.011348
0.011346
0.023860
-0.001172
0.011342
0.036359
0.023841
-0.038693
0.073857
0.011328
-0.013671
0.086290
-0.063636
0.023819
-0.063660
0.011329
0.048816
-0.026162
-0.001172
-0.013669
-0.001172
-0.038674
-0.013675
0.011332
0.073819
-0.026162
-0.038669
0.061317
-0.001172
-0.038660
-0.026172
0.023828
0.023822
-0.001172
0.036307
0.023807
-0.051134
-0.076162
-0.051197
0.023844
-0.051209
-0.001172
-0.001172
0.036359
-0.001172
-0.038702
-0.001172
-0.001172
-0.013685
-0.001172
-0.013686
0.023857
-0.001172
-0.001172
-0.013685
0.011342
-0.001172
-0.001172
0.023850
-0.001172
-0.038707
0.011342
-0.051234
-0.013691
0.023866
0.023860
-0.013686
0.023857
0.011340
-0.013683
0.023850
0.011337
-0.013680
0.011337
-0.063730
-0.001172
-0.013688
-0.013690
-0.026212
-0.001172
0.023869
-0.076312
-0.013701
0.011357
0.048929
-0.001172
-0.013694
0.011351
0.023869
0.011346
0.048885
0.011339
-0.038707
0.023853
-0.063746
-0.013691
0.011348
0.011346
-0.038730
0.036387
0.086411
-0.038697
0.048860
-0.038693
0.061356
-0.051190
0.086345
-0.026168
0.011328
-0.038674
0.036331
-0.063683
-0.088754
0.023860
0.011342
-0.026200
0.098904
-0.038688
0.048847
-0.063699
0.098853
0.061293
0.086214
-0.013650
0.048735
-0.026122
0.048722
-0.088502
-0.051109
-0.001172
0.023800
0.048754
0.011306
0.011304
0.073651
-0.001172
0.011293
0.036214
-0.013632
-0.001172
0.023747
-0.001172
-0.038552
0.098480
-0.088361
0.048660
-0.026084
0.011286
-0.026087
-0.001172
0.036200
0.023735
-0.050991
-0.001172
0.023741
0.011283
-0.013626
0.011283
-0.001172
0.061076
-0.026066
0.023723
0.011273
0.011272
-0.050954
0.011276
-0.050972
0.011281
-0.026078
0.023735
-0.026078
-0.001172
-0.038543
END
