y[]
0.010094
-0.014141
0.034324
0.022201
-0.002024
-0.014135
-0.026251
-0.002024
-0.026257
0.046438
0.022198
-0.038359
0.022201
-0.026249
-0.026254
0.022207
0.119042
-0.026225
-0.123118
0.022207
-0.002024
-0.220311
0.082923
0.046485
0.010100
-0.014147
-0.002024
0.022222
0.010097
-0.050514
0.022225
0.022219
0.010095
-0.038385
-0.002024
0.094911
-0.014135
-0.074725
-0.002024
0.010097
0.022213
-0.002024
-0.050503
0.058571
0.034316
-0.062597
-0.099017
-0.050556
-0.062722
0.058674
0.022245
-0.026293
-0.111307
-0.026325
0.010128
0.022275
0.058696
0.010116
-0.026304
-0.002024
-0.038456
0.022266
0.022260
-0.026307
-0.014168
0.022263
0.034395
0.010113
-0.014160
-0.038443
-0.002024
0.010117
-0.014165
0.022257
0.034386
-0.002024
-0.002024
0.034373
-0.002024
0.010106
0.034355
0.010100
0.070686
-0.014138
-0.014140
0.022207
-0.026254
-0.002024
0.082758
-0.074689
0.010091
0.082737
-0.002024
-0.002024
0.046379
-0.050426
-0.002024
-0.002024
-0.002024
-0.014128
0.022183
-0.050444
0.022189
-0.014130
0.010082
-0.038346
0.034298
-0.014130
-0.002024
0.106876
-0.002024
0.010069
-0.026210
-0.002024
-0.026216
-0.014122
-0.038328
0.022181
-0.026228
-0.002024
-0.038341
-0.002024
-0.026243
-0.026249
0.034311
-0.002024
0.034298
-0.026237
-0.002024
0.034294
0.034281
-0.002024
0.046361
-0.002024
0.010069
0.082584
-0.026190
-0.014109
0.046309
-0.026187
-0.014108
0.022143
0.034215
0.010053
-0.026178
-0.050350
-0.050374
0.022154
-0.002024
0.010063
-0.038288
-0.098794
0.022178
-0.086754
0.046402
-0.002024
0.010079
-0.014127
0.046379
0.010073
-0.026219
-0.038328
-0.002024
0.010079
-0.014127
-0.002024
-0.014128
0.010081
-0.002024
0.022181
0.010076
-0.014124
-0.002024
0.010076
-0.014124
0.010076
-0.002024
-0.002024
0.022172
-0.014121
-0.002024
-0.002024
-0.002024
-0.026222
-0.002024
0.010076
-0.002024
-0.002024
-0.014124
-0.002024
-0.002024
-0.002024
-0.002024
-0.002024
-0.002024
-0.002024
-0.002024
-0.002024
0.022175
-0.002024
-0.014122
0.022172
-0.026219
0.010075
0.010073
-0.002024
-0.002024
-0.014121
0.010073
0.022166
-0.002024
-0.014118
-0.002024
-0.002024
-0.002024
-0.014119
0.010072
-0.002024
-0.002024
-0.002024
-0.014119
-0.002024
0.010072
-0.014119
-0.002024
0.010072
-0.002024
0.010070
-0.014118
-0.014119
-0.002024
-0.002024
-0.014121
0.010073
-0.014121
-0.002024
-0.002024
0.010073
-0.002024
-0.002024
-0.002024
-0.002024
-0.002024
-0.002024
-0.002024
-0.014121
-0.002024
-0.002024
-0.002024
0.010073
-0.014121
0.010073
-0.014121
0.010073
-0.014121
0.010073
-0.002024
0.010072
-0.002024
-0.014119
0.010072
-0.014119
-0.002024
0.010072
-0.002024
0.010070
-0.014118
-0.002024
-0.014119
-0.014121
0.010073
0.010072
-0.002024
-0.014119
-0.002024
-0.002024
-0.002024
-0.002024
-0.002024
0.010072
-0.014119
-0.002024
-0.014121
-0.002024
-0.002024
-0.002024
-0.002024
0.010073
-0.002024
-0.002024
-0.002024
-0.002024
-0.014121
0.010073
-0.002024
-0.002024
-0.002024
-0.002024
-0.002024
-0.014121
0.010073
-0.002024
-0.014121
0.010073
-0.002024
0.034259
-0.002024
0.010067
-0.002024
-0.002024
-0.014115
0.010067
-0.014115
0.010067
-0.014115
-0.026210
-0.002024
-0.014119
0.010072
-0.002024
-0.002024
-0.002024
0.010070
0.010069
-0.014116
-0.002024
-0.002024
0.010069
-0.014116
-0.002024
-0.002024
-0.002024
-0.002024
0.010069
0.010067
0.010066
0.010065
-0.014112
-0.002024
0.010065
-0.014112
-0.002024
-0.002024
-0.026205
0.010067
0.010066
-0.002024
0.010065
-0.002024
-0.002024
-0.002024
-0.014112
-0.014113
0.010066
-0.014113
-0.002024
-0.002024
-0.014115
0.010067
-0.014115
-0.002024
-0.002024
-0.002024
-0.002024
-0.002024
-0.002024
-0.014116
-0.014118
0.010070
-0.026213
0.046350
-0.002024
0.010066
-0.014113
-0.002024
0.022154
-0.014112
-0.002024
-0.014113
0.010066
-0.014113
-0.002024
-0.002024
0.010066
-0.002024
0.010065
-0.014112
-0.002024
0.010065
-0.002024
0.010063
-0.014111
-0.014112
-0.026205
-0.014116
0.022160
-0.002024
0.034241
-0.002024
0.022145
0.022140
0.010056
-0.014103
-0.002024
-0.014105
0.022137
-0.062436
-0.026199
0.034237
-0.026196
0.034232
-0.038280
-0.026202
0.010066
-0.062487
-0.014121
0.010073
0.022166
0.010069
-0.026210
-0.026216
0.010073
-0.002024
0.022166
-0.002024
-0.002024
-0.014118
0.010070
-0.002024
0.022160
-0.038302
-0.002024
-0.014119
-0.026219
-0.014124
-0.002024
-0.002024
-0.014125
-0.050444
-0.014132
0.010085
-0.086816
-0.014143
0.022213
-0.002024
-0.050503
-0.099052
-0.014159
0.034377
-0.002024
-0.014156
-0.014157
-0.026296
0.010113
0.046508
0.010106
-0.002024
-0.026284
-0.014156
-0.002024
-0.050567
-0.026304
-0.050603
-0.038474
0.010128
-0.014175
0.046573
-0.014171
0.034413
-0.014168
-0.014169
0.022266
-0.050609
0.022272
-0.026319
0.034417
-0.050615
-0.002024
0.022275
-0.038474
0.010128
0.022275
-0.026322
-0.014175
0.022278
-0.002024
0.058704
-0.014166
0.010119
0.034395
-0.026301
-0.014165
-0.002024
-0.026310
0.022263
-0.002024
-0.002024
-0.002024
0.010117
0.022254
-0.026301
-0.002024
0.034391
0.022245
-0.014157
-0.014159
-0.002024
-0.099158
0.034413
0.010119
-0.038456
-0.038469
0.010126
-0.002024
0.010125
0.046555
-0.099205
0.022281
0.070854
0.010117
0.034391
-0.002024
-0.014160
0.034382
-0.002024
0.010109
0.010107
0.010106
-0.038416
-0.038429
-0.038443
-0.002024
-0.002024
0.070801
0.022239
-0.014154
-0.002024
-0.002024
0.010107
0.022233
-0.050544
-0.002024
0.046496
-0.050544
-0.050567
-0.002024
-0.014163
-0.026307
0.010119
-0.050603
-0.002024
0.022269
-0.014169
0.046549
0.022254
-0.038443
-0.050603
0.010123
-0.014171
0.034413
-0.002024
-0.002024
0.010119
-0.014166
-0.050609
0.022272
-0.038469
-0.038482
-0.014180
0.022286
0.034430
-0.002024
0.010125
0.022269
0.046544
-0.014163
-0.026307
-0.038460
-0.026322
0.022275
-0.014172
-0.062788
0.022286
-0.038491
-0.014183
-0.014184
0.010137
-0.014184
0.034453
0.022286
-0.026334
-0.014181
-0.038505
-0.038518
0.010142
-0.026358
-0.087239
0.034506
-0.002024
0.022322
0.046650
0.034466
0.119513
0.724108
0.142572
0.094257
0.034058
0.070100
0.214037
0.093854
-0.133879
-0.086022
-0.038045
0.106000
0.141827
0.105728
-0.049899
0.033885
0.021908
-0.097786
-0.073906
0.021943
0.093785
-0.061893
0.033902
0.129595
0.129422
0.009917
0.057660
0.081474
0.093317
-0.025850
-0.002024
-0.073537
-0.121327
0.009913
-0.073666
-0.073717
-0.025933
0.021885
-0.049848
-0.037907
-0.037920
0.057796
-0.037911
0.081693
0.009930
0.021880
-0.002024
-0.025927
0.021880
0.069652
0.021857
-0.061736
-0.002024
-0.037868
0.009926
-0.002024
0.009924
0.009923
-0.013970
-0.002024
0.009923
0.009922
-0.013969
-0.002024
-0.002024
-0.025919
-0.002024
0.069644
0.009916
0.009914
-0.002024
-0.013962
-0.002024
-0.002024
-0.025904
-0.002024
-0.002024
0.009917
-0.013965
-0.002024
0.009917
-0.002024
-0.002024
-0.013965
-0.025910
-0.002024
0.009920
-0.013968
-0.013969
0.009922
0.009920
-0.002024
0.009919
-0.002024
0.009917
0.009916
-0.002024
-0.002024
-0.002024
-0.002024
0.021851
-0.002024
0.009912
-0.037834
0.009914
0.033782
-0.013958
0.009910
-0.002024
-0.013958
0.009910
0.021840
0.021834
0.033752
0.021820
-0.013945
0.009897
-0.013945
0.033735
0.033722
-0.025853
0.009892
-0.037774
-0.037787
-0.025873
0.009902
0.021823
-0.061650
-0.037817
-0.049768
-0.013963
0.009916
0.009914
-0.025901
0.009916
END
