y[]
0.013996
-0.013040
0.013996
-0.013040
-0.026564
0.000478
0.014000
0.013998
0.000478
0.000478
0.013996
0.013994
-0.013038
0.000478
0.000478
0.000478
0.000478
0.000478
0.000478
0.041021
0.000478
-0.013035
0.013990
0.013989
0.000478
0.013987
-0.013031
0.000478
-0.013033
0.000478
0.000478
-0.040066
0.027508
0.013990
-0.013035
0.000478
0.013990
-0.026549
0.013992
0.013990
-0.040066
0.027508
0.000478
-0.026553
0.000478
0.000478
0.000478
0.000478
-0.013040
-0.013042
0.000478
-0.013044
0.014000
-0.080680
0.041065
-0.026579
0.041059
-0.026575
-0.013051
0.000478
0.014007
0.000478
0.027530
0.000478
-0.013048
0.014003
0.068077
-0.013038
-0.013040
0.013996
-0.013040
0.000478
0.013996
-0.013040
0.000478
0.013996
0.000478
0.000478
-0.026560
0.000478
0.000478
0.000478
0.013998
-0.013042
-0.026568
0.014001
-0.013046
0.000478
0.000478
-0.013048
-0.419719
0.027641
-0.053855
0.014064
-0.040286
0.000478
0.000478
0.014067
0.014066
-0.013110
0.014066
0.027648
-0.013106
-0.013108
0.000478
0.000478
0.027648
-0.013106
-0.013108
-0.013110
0.014066
-0.013110
0.000478
-0.013112
-0.053900
0.000478
0.014075
0.000478
-0.026718
0.014077
0.000478
-0.013121
0.027674
0.068436
0.000478
0.000478
0.000478
-0.013110
0.014066
0.000478
-0.013110
-0.013112
-0.013114
-0.053907
0.068454
0.000478
0.000478
-0.013114
0.027659
0.014066
-0.026700
0.000478
0.000478
0.000478
0.000478
-0.013114
-0.040308
-0.013121
-0.013123
0.068463
0.014069
-0.013114
0.041247
0.014064
0.081955
-0.026674
0.054774
0.000478
-0.026667
0.054759
0.027607
-0.040220
0.027611
0.000478
-0.013088
-0.026659
-0.013094
0.000478
0.000478
-0.013095
-0.013097
-0.067425
-0.013108
-0.026700
0.081988
0.027633
-0.040258
0.041214
-0.013099
0.014055
0.014053
0.041192
0.014045
-0.067379
-0.013099
0.054774
-0.026667
0.000478
-0.013097
0.027626
0.000478
0.027618
0.027611
-0.040225
0.014047
0.041175
0.014040
-0.013084
0.014040
0.014038
-0.026645
0.014040
0.000478
0.000478
0.000478
0.014038
-0.040208
-0.026656
-0.053811
0.041197
0.000478
0.000478
-0.026667
-0.013097
0.041197
0.014047
0.027611
-0.013088
-0.013090
0.027611
-0.040225
-0.053818
0.041203
0.041186
-0.053804
-0.026674
-0.013101
0.014056
0.027630
-0.040253
-0.040269
0.000478
0.014062
0.014060
0.000478
0.000478
-0.094637
0.027663
-0.040302
-0.026718
0.000478
0.041269
-0.026715
-0.040325
0.000478
-0.094793
0.041319
-0.026748
-0.013138
0.027707
-0.122113
-0.013153
0.000478
0.054989
0.054959
0.122952
-0.067545
-0.053974
0.054929
0.095696
-0.013119
-0.013121
0.041269
-0.013118
-0.094741
0.027692
-0.040347
-0.013134
-0.026752
-0.026759
-0.013143
0.231786
-0.053900
-0.040325
0.231472
0.041186
0.095399
-0.175877
0.000478
-0.081022
0.081977
-0.135392
0.204213
-0.094547
0.122636
0.095387
-0.026630
-0.040197
0.041153
-0.148746
0.014053
0.027622
-0.040242
-0.053841
0.081944
0.014049
0.014047
-0.094547
0.068362
-0.067406
-0.026689
-0.026696
-0.081088
0.027674
-0.053922
0.027681
-0.081155
-0.040364
-0.054003
0.041341
-0.013142
-0.094910
0.068621
0.041341
0.041325
0.014090
-0.026748
0.122935
0.122785
0.000478
0.109070
0.095399
-0.067314
0.041158
-0.013081
-0.148786
0.054781
-0.040247
0.081911
-0.053804
0.041192
-0.013092
0.027615
-0.080955
-0.094612
0.054826
-0.149050
0.150005
0.000478
0.027641
0.027633
-0.026678
-0.026685
0.014060
0.054789
0.014051
-0.013095
-0.040253
0.000478
-0.026685
0.014060
-0.040275
0.027648
-0.026692
-0.081077
0.027670
0.027663
0.000478
0.027655
-0.040291
-0.067508
-0.026729
-0.013129
0.014084
0.027685
0.027678
0.000478
0.014075
0.000478
-0.026718
-0.013123
0.014079
0.054863
0.000478
0.027659
-0.013112
-0.026707
0.014071
-0.053907
-0.013123
0.000478
-0.094780
0.027703
-0.013134
-0.013136
-0.013138
-0.026759
-0.013143
-0.054026
0.082222
-0.013142
-0.013143
-0.040397
-0.026781
0.014108
0.027733
0.095813
-0.081233
0.014101
0.041336
0.027707
-0.081233
0.000478
0.068574
-0.053996
-0.094923
-0.040436
-0.013164
0.095930
-0.026785
0.000478
0.000478
-0.040430
-0.013162
-0.013164
0.014119
0.027755
0.014114
0.000478
-0.026796
0.000478
-0.013162
-0.013164
0.014119
-0.026807
0.000478
0.014121
0.014119
0.000478
0.000478
0.014118
-0.013162
-0.013164
0.068667
-0.026792
0.027748
-0.040430
-0.013162
0.041392
-0.013158
0.014114
-0.013158
-0.040442
-0.122381
-0.067842
0.055138
-0.040514
-0.026860
-0.040542
-0.026878
-0.150114
0.096335
0.000478
-0.054287
0.109977
-0.026886
0.041520
0.014155
0.000478
0.014153
-0.013197
0.014153
0.014151
-0.013196
0.000478
0.027823
0.000478
0.014147
-0.026863
0.000478
0.014149
0.027815
0.000478
0.014144
0.014142
0.041459
0.000478
0.055093
-0.013173
-0.013175
-0.040492
0.014136
0.014134
0.027785
-0.040486
0.000478
-0.040503
0.014140
0.027796
0.027789
0.014131
-0.013175
0.000478
-0.026833
0.041442
0.014129
0.014127
0.041414
-0.040458
0.000478
0.000478
0.000478
0.014125
0.082322
0.014112
-0.013156
0.000478
-0.013158
-0.054085
-0.013168
0.027767
0.014119
0.014118
-0.054092
-0.040469
0.000478
-0.013175
0.041431
-0.013171
0.000478
0.027774
0.041408
-0.026807
0.000478
0.055041
-0.013160
0.000478
0.000478
0.014116
-0.026800
0.000478
0.000478
0.014118
-0.013162
0.014118
0.014116
0.014114
0.000478
0.000478
-0.026796
0.000478
0.000478
-0.013162
0.014118
0.000478
-0.026804
-0.040458
0.041414
0.027759
0.000478
0.027752
-0.013158
-0.013160
0.000478
0.014116
0.014114
0.000478
0.014112
-0.026792
0.027748
0.000478
-0.013156
-0.026796
0.027752
0.000478
0.000478
-0.013158
0.000478
-0.013160
-0.013162
-0.013164
0.027759
0.000478
0.000478
0.000478
0.000478
-0.013162
0.014118
-0.026804
0.014119
-0.013164
0.000478
-0.040458
0.014125
0.000478
-0.026819
-0.013173
0.055070
-0.013168
-0.026819
0.000478
0.041419
-0.013168
0.014123
-0.013168
-0.026819
0.000478
0.000478
-0.040481
0.082378
-0.026815
0.000478
0.000478
0.000478
0.014125
0.055048
0.014116
-0.013160
0.027752
0.000478
-0.013158
0.014114
-0.040436
0.000478
0.000478
0.000478
-0.013164
0.000478
0.027759
0.027752
0.000478
0.014112
-0.013156
0.000478
0.027744
0.027737
-0.013151
0.041358
0.068574
-0.013138
0.027707
-0.053988
0.000478
0.014097
0.027711
0.027703
-0.013134
0.000478
0.000478
0.027700
0.000478
0.014086
-0.026741
-0.040364
-0.026759
-0.013143
0.014099
-0.040391
0.054966
0.027711
0.027703
-0.040364
-0.013140
0.027711
0.027703
0.054907
0.082066
0.027659
-0.013112
0.109144
0.136145
0.014034
0.000478
-0.026637
-0.026645
0.014040
-0.013084
0.014040
0.054708
0.054678
-0.013070
-0.013071
-0.026626
-0.013077
0.000478
0.014032
-0.040192
-0.013082
0.041153
-0.053760
0.014040
-0.013084
-0.013086
-0.013088
-0.026659
0.000478
0.054744
0.014040
0.014038
0.000478
0.027593
-0.026637
-0.013082
0.000478
-0.013084
-0.013086
0.000478
0.027604
0.027596
-0.013081
0.014036
-0.026641
0.000478
0.054708
-0.013077
0.000478
-0.040197
-0.053782
0.000478
-0.026663
0.014049
0.000478
-0.026667
0.014051
0.000478
0.000478
0.000478
0.027618
-0.026663
0.014049
-0.040242
0.027626
0.014049
0.027615
0.014044
0.000478
-0.013088
0.000478
0.000478
-0.026659
0.000478
-0.013094
0.081878
-0.013084
-0.040220
0.027611
-0.013088
END
