y[]
-0.050162
0.035625
-0.062428
-0.037932
-0.037945
0.035661
0.060166
-0.001142
-0.037923
0.023380
0.084637
-0.025643
0.121302
0.011094
-0.123571
0.096813
-0.001142
-0.050108
-0.037882
0.047841
0.047817
0.047793
-0.062316
0.011095
-0.025619
0.047805
-0.025613
-0.050102
-0.001142
0.011100
0.011098
-0.050114
0.011103
-0.001142
-0.062383
0.011109
-0.013393
-0.037905
-0.037918
-0.037932
-0.062488
-0.050246
0.060234
-0.025688
-0.037972
0.023413
-0.123977
0.011148
-0.013433
0.060294
-0.001142
-0.001142
0.109348
-0.123917
-0.038004
0.023434
0.023428
-0.050288
-0.074907
-0.025742
0.072640
0.109430
0.097041
-0.001142
0.011124
-0.001142
0.011122
-0.037941
-0.001142
-0.013411
0.011127
-0.013411
0.011127
-0.001142
-0.013411
0.023395
-0.025679
-0.050234
-0.001142
-0.001142
-0.001142
-0.013419
-0.001142
0.023410
0.011131
0.035670
-0.001142
0.023392
-0.037945
-0.001142
-0.001142
-0.013413
-0.001142
-0.013414
-0.001142
-0.001142
-0.013416
0.047944
-0.013411
0.011127
-0.001142
0.023392
-0.025676
-0.001142
0.023392
-0.025676
-0.001142
-0.025682
0.011128
-0.013413
-0.001142
-0.037963
-0.001142
0.011133
-0.013417
0.023407
-0.037968
0.011134
-0.013419
0.011134
-0.013419
0.011134
-0.001142
0.011133
-0.025694
-0.001142
-0.001142
-0.050264
0.011141
-0.001142
-0.001142
-0.001142
-0.001142
-0.001142
-0.001142
-0.013425
0.084805
0.011130
0.047931
0.072423
0.011113
-0.001142
-0.050174
-0.013404
-0.013405
0.023383
-0.037932
-0.013408
0.023389
-0.037941
-0.001142
0.011125
0.011124
-0.001142
0.011122
0.011121
0.011119
0.023377
-0.001142
-0.013401
0.035629
0.011112
0.023362
-0.013393
0.023359
-0.013392
-0.025646
-0.001142
0.011110
0.011109
-0.001142
0.035602
-0.013389
-0.025640
-0.001142
-0.001142
-0.013393
0.023359
0.011106
0.011104
0.035589
-0.001142
-0.013384
0.023341
0.011097
0.011095
-0.025619
-0.025625
0.035580
-0.001142
-0.013381
-0.001142
-0.001142
-0.013383
0.023338
-0.025622
-0.001142
-0.001142
-0.013384
-0.001142
0.035580
0.047799
-0.037846
0.011094
-0.050096
0.011098
-0.001142
-0.001142
-0.037869
-0.001142
0.011101
0.011100
-0.001142
-0.001142
-0.050120
0.011104
0.023347
-0.013386
-0.062383
0.011109
0.011107
0.023353
-0.013389
-0.013390
0.035598
0.011101
0.011100
-0.001142
-0.001142
0.023338
-0.025622
-0.013384
-0.013386
-0.013387
-0.013389
0.011104
-0.001142
0.011103
0.023344
-0.001142
0.035575
-0.001142
-0.037860
0.011098
0.011097
-0.001142
-0.037864
-0.013386
-0.001142
-0.001142
-0.037882
-0.025643
-0.001142
-0.001142
-0.001142
0.047853
-0.037887
0.023356
-0.013390
-0.001142
-0.013392
0.047847
0.035584
-0.001142
-0.025625
0.023341
-0.013383
0.035575
0.047793
-0.086795
0.035575
-0.001142
-0.062345
-0.062383
0.047853
-0.074645
-0.001142
0.072360
-0.025637
0.023353
0.011103
0.023344
-0.050120
-0.001142
-0.037891
-0.074681
-0.001142
0.023377
0.035625
0.011110
-0.025649
0.047865
-0.013392
0.011107
0.084563
-0.050108
-0.025634
-0.037891
0.023359
0.023353
0.011103
-0.001142
0.011101
0.035580
-0.013381
0.011097
0.011095
0.011094
-0.001142
0.023326
-0.001142
-0.001142
-0.025610
0.011092
-0.013377
-0.001142
0.023326
-0.037846
0.023329
0.023323
0.035544
-0.001142
0.023308
0.084385
0.096514
0.023257
-0.025541
0.023257
-0.013341
-0.001142
-0.049952
-0.025556
-0.025562
-0.001142
-0.050000
-0.025580
0.072154
0.023278
0.084281
-0.037743
0.035459
-0.013341
-0.001142
0.023254
-0.049941
-0.013346
-0.013347
-0.013349
-0.001142
-0.001142
-0.001142
-0.049982
-0.001142
-0.025571
-0.001142
0.035499
-0.013354
-0.025571
-0.062241
-0.013366
-0.025595
-0.001142
0.047758
-0.001142
0.035517
-0.013360
-0.050030
0.023305
-0.013365
0.011080
0.035517
-0.074474
-0.025598
0.047763
-0.025592
-0.025598
0.047763
-0.001142
0.011080
-0.001142
0.096586
-0.013353
0.011069
0.011067
-0.013352
0.035481
-0.062189
0.084312
-0.001142
-0.013346
-0.013347
0.023266
-0.013346
-0.037761
0.035477
-0.013347
-0.037766
-0.013353
-0.025568
0.035495
0.023275
0.023269
0.011061
-0.037757
0.035472
-0.025550
0.157404
-0.013329
-0.086492
-0.049947
0.108634
0.023236
-0.245194
0.011074
0.072127
-0.049982
-0.050006
0.059934
-0.074438
0.011077
-0.098942
0.023317
-0.037833
0.060001
0.108822
-0.037783
-0.050018
-0.086733
0.011089
-0.197029
0.084605
-0.001142
0.011101
0.047817
0.023329
-0.025613
-0.025619
-0.025625
-0.062375
-0.025646
-0.025652
-0.013399
0.023371
0.084605
-0.135921
-0.013404
-0.013405
-0.025673
-0.001142
0.072432
-0.001142
0.072378
-0.074663
-0.001142
-0.050186
0.047901
-0.025661
0.072396
0.023359
0.023353
0.047829
0.011097
-0.013381
0.023335
-0.013380
-0.074600
-0.025640
0.011107
0.023353
0.047829
-0.025625
0.011100
0.023338
-0.037864
0.023341
0.011097
-0.074600
-0.025640
-0.050156
-0.050180
-0.001142
-0.013405
0.047901
0.035625
-0.001142
0.035611
-0.025643
-0.013395
0.084595
-0.001142
-0.025631
0.023347
-0.037878
-0.001142
-0.025640
0.023356
-0.013390
0.047841
0.145665
-0.001142
-0.013368
0.121047
-0.429461
0.634557
0.181484
-0.208144
-0.196359
0.023281
0.133078
-0.184214
0.011073
-0.037792
-0.086712
-0.086785
0.218934
-0.001142
-0.037788
0.072136
0.096478
0.096383
0.059763
0.144879
0.217490
0.059504
-0.122472
-0.110465
-0.025452
0.108207
-0.134808
0.011017
0.108220
0.059563
-0.013280
0.156539
0.047325
0.023083
0.071497
0.107718
-0.049510
-0.001142
-0.025335
0.035144
-0.013236
-0.061635
-0.049563
0.047278
-0.073781
-0.049598
-0.073870
0.059468
0.023091
-0.013258
0.010974
-0.025376
-0.025382
-0.001142
-0.001142
-0.025388
-0.061781
0.023118
0.010986
-0.049662
-0.025411
0.047390
-0.025405
-0.037548
0.035263
-0.001142
0.010990
0.083742
0.035215
-0.001142
-0.013260
0.023091
-0.037495
0.023094
-0.037499
-0.001142
0.010978
-0.001142
0.023094
0.010974
-0.001142
-0.013258
-0.013260
-0.049627
-0.001142
-0.013267
-0.001142
0.047348
-0.013263
0.010978
-0.025385
-0.013266
0.035224
-0.049633
-0.061789
0.023121
-0.001142
-0.013273
-0.025408
0.023124
-0.001142
-0.001142
-0.013274
-0.001142
-0.025411
0.023127
-0.001142
0.023121
-0.001142
-0.025405
-0.025411
-0.025417
-0.037565
0.035281
-0.037565
0.011000
-0.049721
0.011005
-0.037588
-0.025447
0.071753
0.035285
-0.001142
-0.001142
-0.037570
0.011002
-0.025432
0.071709
0.023130
-0.049692
-0.001142
0.010997
-0.001142
0.010996
0.023130
0.010991
0.010990
0.023118
-0.013272
0.010987
-0.025402
-0.001142
-0.037543
0.035259
-0.013274
0.023121
-0.013273
0.010989
-0.013273
-0.073958
0.047407
-0.001142
-0.037552
0.023133
-0.025417
-0.025423
0.010999
-0.025426
0.011000
-0.037574
-0.001142
-0.025438
-0.001142
-0.013292
0.011008
-0.013292
0.023156
-0.013291
-0.001142
-0.001142
0.011006
0.071718
-0.049710
-0.049733
0.011008
-0.013292
-0.001142
0.023156
-0.001142
0.011005
-0.025438
0.011006
-0.025441
-0.025447
-0.001142
-0.013297
0.011012
-0.025452
0.047472
-0.025447
-0.001142
-0.001142
-0.001142
0.023162
-0.013294
0.023159
-0.025444
0.023159
0.011006
-0.013291
-0.001142
-0.037596
-0.001142
-0.001142
-0.025452
-0.001142
0.011014
0.011012
-0.013297
-0.001142
0.011012
-0.013297
-0.001142
-0.001142
-0.013298
0.011014
-0.001142
-0.013298
0.023168
-0.013297
0.023165
-0.025449
-0.001142
-0.001142
0.011012
0.011011
0.011009
0.011008
0.035299
-0.013288
0.011003
0.011002
0.023141
-0.049715
-0.025438
END
