y[]
-0.010919
0.000953
0.190729
0.166712
-0.117418
-0.628765
0.143878
-0.118137
0.215213
-1.050934
-0.083197
-0.059198
-0.035155
-0.372925
-0.386457
0.231158
0.375417
0.049169
0.241685
0.432815
-0.154783
0.300229
0.215878
0.084410
0.060523
0.131882
0.012847
0.000953
0.048515
-0.070399
0.131726
-0.236944
0.036673
-0.142007
0.048629
-0.692581
0.336363
-0.058859
-0.106799
0.036883
-0.166833
0.096865
0.288137
0.227724
-0.166092
-0.070723
0.120384
-1.042911
0.338099
0.097072
-0.227481
-0.566373
0.351385
0.037134
0.313980
-0.011069
0.850901
0.131991
-0.404631
0.012905
-0.827135
0.337815
-0.746489
-0.180722
-0.011171
0.966211
0.324636
0.048817
-0.166672
-0.371219
0.061074
-0.203608
0.289623
0.396518
0.012915
-0.094787
0.000953
0.359505
0.167838
0.084291
-0.201561
-0.166132
0.036780
-0.130477
-0.070809
-0.719511
-0.023152
0.097338
-0.894178
-0.632887
-0.858687
-0.592814
0.310646
-1.620030
-1.035195
-0.508408
-1.893556
0.649379
0.465230
-3.042846
1.775797
0.753910
-0.232117
-3.293587
1.569508
0.540250
-0.855386
2.625638
-0.063509
0.950774
1.396383
0.101683
-0.225833
-0.669808
0.659100
0.227767
-1.189236
0.166400
0.356373
0.228772
-0.798696
-1.113943
-0.502892
-0.700896
-0.129561
1.182401
-0.659458
0.389957
1.133380
-0.319458
0.334158
0.179912
-0.447048
-0.888171
-0.271227
-0.571742
0.157468
0.378189
0.596424
-0.244573
-0.063760
0.052726
0.194864
1.194882
-0.421070
0.716062
0.710985
0.265920
-0.719885
-1.727311
0.400464
0.257857
0.116345
0.090610
0.180027
-1.324081
0.684959
0.437298
0.052163
0.039343
0.141591
-0.910303
0.284203
0.052367
-0.011898
0.743594
0.535305
-0.189560
0.128001
0.722064
0.152105
-0.036814
-0.036828
0.227425
-0.528282
0.051477
-0.835978
-0.394582
-0.267882
-0.114484
-0.268918
0.603944
-0.396356
0.793999
-0.177573
-1.180214
-0.842059
0.377944
-0.689109
1.247398
-0.646299
0.299209
-0.414255
-0.363773
-0.561765
1.032361
-0.051016
0.945149
-0.231036
-1.154079
-0.286629
0.366823
-0.535242
-1.438681
-0.078898
-0.439371
0.680638
-0.692106
0.348083
0.731319
0.436626
-0.421490
0.752192
1.058887
-0.129052
-1.321662
1.102170
-0.155623
0.495939
-0.272289
1.256877
-0.282516
0.374448
0.411473
0.804272
0.191272
-0.087818
-0.049809
-0.100647
-0.240762
0.395029
0.368204
-0.188837
0.720244
-0.667693
0.228542
0.139780
1.142103
0.237580
-0.073711
-0.285777
0.200504
-0.173633
0.113221
0.150448
-0.048854
0.150299
-0.123487
-0.235911
0.013433
-0.562217
0.088766
-0.036672
0.138841
-0.388128
0.390034
0.113629
0.063496
1.082986
-0.172379
-0.073424
0.124884
0.384166
-0.060757
-0.221517
0.099889
0.050384
0.087399
0.037978
-0.258515
0.149302
-0.209274
0.507220
-0.023684
-0.245748
-0.680629
0.162474
0.087818
1.539539
0.621959
-0.156977
0.219559
0.146425
0.061504
0.025163
-0.168641
0.049438
0.134165
-0.108026
-0.278089
0.134505
-0.278496
0.280401
0.122209
0.061526
0.399817
0.386217
-0.083197
-0.095305
0.205390
0.109015
0.515647
-0.393808
0.012938
-0.575972
-0.264588
-0.156289
0.483987
0.673305
0.251924
-0.022922
-0.166331
0.537659
-0.010943
0.072305
0.119760
-0.415491
-0.142228
0.120285
0.203491
-0.165813
-0.237768
0.132320
-0.094570
-0.406038
0.443776
-0.022934
0.120327
-0.405503
-0.829027
0.133731
0.217846
-0.312489
0.000953
0.242149
0.157419
0.301163
-0.239143
-0.517214
0.266397
-0.264491
-0.750930
-0.523855
-0.072496
-0.231990
-0.343324
-0.827696
-0.384788
0.175342
0.757264
0.321584
0.822489
0.147384
0.244529
0.049597
-0.413278
-0.047893
0.269311
0.499161
0.917948
0.060988
0.204802
-0.238913
-0.239490
0.085173
0.217195
0.228702
0.036866
0.108615
-0.011004
-0.202530
0.144631
-0.214642
-0.119023
-0.383941
0.361834
0.192891
0.060858
0.144579
-0.046900
0.012918
0.012917
0.347284
-0.082535
0.012884
-0.166211
-0.094695
-0.082814
0.084720
-0.154671
-0.011028
0.228348
-0.418335
0.228784
0.204363
-0.178505
0.287931
0.203732
0.084331
0.084261
-0.356574
-0.573761
0.144941
0.383912
-1.661135
-0.266590
0.110488
0.207527
1.159546
0.240646
0.000953
-0.106838
0.312032
-1.212932
0.531586
-0.276072
-0.301035
-0.168559
0.000953
0.013070
-0.144555
-1.060356
0.441482
0.074186
-0.023452
0.427185
-0.315503
0.134960
-1.334933
-0.903806
-0.460769
0.238319
0.362166
-0.435158
0.250392
0.485576
-0.296999
0.731832
0.946848
-0.391060
0.246141
0.257755
-0.402890
1.183389
-0.290310
0.655104
-1.360605
-0.896576
-0.295893
-0.098192
-0.595990
-0.474167
0.176260
0.150972
0.412348
-0.310555
0.722170
0.075265
-0.160128
0.434041
0.456759
-0.048224
0.418182
0.477406
0.122755
-0.157420
0.134977
-0.059945
-0.059982
0.061888
-0.133153
-0.255567
-0.182680
0.416703
0.135091
0.207904
0.570893
0.182167
-0.023190
-0.023196
-0.337744
-0.314581
-0.047679
-0.035537
-0.218265
-0.708704
0.209478
-0.984156
-1.093994
-0.299762
1.012260
-0.135787
-0.622957
0.176040
0.499520
-0.747834
-0.677783
0.252874
0.101544
-1.505882
-0.947651
0.566071
-0.822097
0.721491
-0.397275
-0.243908
-1.258559
-0.852015
0.670818
0.562275
-0.652047
0.575817
-0.691906
1.109829
-0.780505
0.782410
0.776351
-0.347233
-1.233872
-1.527807
0.358877
-0.410107
1.281583
0.628652
-0.771151
-1.015759
-1.214097
0.830389
-0.399528
0.561178
0.133878
-0.478409
0.067668
0.983175
0.737895
-1.571594
-0.052338
-1.787330
-0.189161
-1.023716
2.160923
-0.538059
-0.215468
1.586155
-0.614022
0.762429
0.465668
0.357978
0.277760
0.040434
-0.025366
-0.223041
-0.249988
-1.236506
-0.106214
0.535642
1.088208
-0.461674
-0.038801
-0.131673
0.965102
-1.548850
0.294208
-0.145567
0.612250
-0.290941
0.649919
0.053744
1.259656
0.650306
-0.141544
-0.024977
-0.336754
-0.103187
0.235114
-0.194144
-0.220618
-0.732419
-0.420544
-0.012248
0.461935
-0.870110
1.199992
0.406156
-0.351873
-0.130040
-0.182726
0.092834
0.171366
-1.543327
-0.305449
0.094305
0.333643
-1.471237
-0.933697
0.476142
-0.460628
0.408341
-0.379224
0.827348
-0.689499
1.430705
0.161531
-1.657326
-0.148697
-1.577125
0.621430
0.603942
-0.108412
0.967407
0.285025
0.499505
0.510406
0.534430
0.412449
-0.105078
-0.118466
0.385237
-0.316970
0.226253
0.027425
-0.118229
0.792827
1.099147
0.234719
-0.024994
0.143578
-0.609875
-0.051205
0.131297
-0.573837
0.144960
0.170876
-0.221313
0.770237
0.609566
0.039675
-0.205739
-0.193209
0.220975
-0.465551
-0.546066
-0.038235
-0.733380
0.250706
1.641615
-0.192958
0.078562
-0.180230
1.070344
-0.050323
0.550791
-0.267195
-0.717644
-0.089236
-0.347682
0.336697
0.656272
-1.054806
-0.271227
0.905352
1.228119
0.406684
0.329402
-0.428775
0.064264
0.241170
0.341325
-0.162786
-0.150429
0.492107
0.013515
0.189194
0.376376
-0.336864
-0.124455
-0.024148
-0.262983
0.728229
-0.049035
-0.362206
-0.275429
0.038686
-0.326545
0.177431
0.265087
-0.313572
0.240082
0.026091
0.264524
-1.108209
0.833975
0.639933
-0.186559
0.413016
0.274721
-0.173177
-0.011497
-0.036405
0.175169
-0.061232
-0.235704
-0.286278
0.000953
0.412810
0.013407
-0.061333
-0.136213
0.684907
0.112429
-0.458134
0.941670
0.160982
0.000953
0.173006
0.184968
-0.048085
-0.121747
-0.146486
0.271090
-0.011310
0.196983
-0.084763
-0.281204
0.552256
-0.255944
0.000953
0.037693
-0.367056
-0.306759
-0.159432
-0.345368
-0.036224
0.655721
0.037887
0.123969
0.025538
-0.122033
-0.072912
0.050202
-0.393720
0.678337
0.563990
0.000953
0.536560
-0.217813
0.000953
-0.072075
0.025301
0.171228
-0.181496
-0.328296
-0.157962
0.489116
0.547303
-0.095958
0.182584
0.194330
-0.361936
-0.436259
-0.108650
-0.475384
-0.170595
0.172500
0.245511
-0.243606
0.416347
0.366050
0.013100
-0.412875
-0.512621
-0.355204
0.418387
0.318996
-0.194646
-0.060250
-0.035787
-0.060310
0.441213
0.025355
-0.893606
0.271389
0.258416
0.489533
0.171394
0.256070
0.352192
0.109708
0.266301
-0.095456
0.085316
0.241598
-0.179477
0.025029
-0.215941
0.013015
0.097396
-0.482198
-0.095958
0.279319
0.783476
0.072878
0.024916
0.443246
-0.333576
0.132508
-0.154540
0.263954
0.275171
-0.070510
0.215188
-0.165635
-0.452617
END
