y[]
0.237011
0.091875
-0.213595
0.156254
-0.229725
0.236638
1.033685
-0.052424
0.154062
-0.004771
-0.163529
-0.052419
0.138168
0.185433
0.406004
-0.289052
-0.210541
-0.084019
-0.131652
0.058671
-0.052354
-0.052364
0.280352
0.515726
-0.099335
-0.052134
-0.083660
0.309785
0.057874
-0.083442
0.151979
-0.712900
-0.226090
0.026812
0.026789
0.609583
-0.020638
0.010769
-0.099174
1.337167
-0.253431
0.057020
-0.113834
-0.082817
0.305373
-0.098163
-0.036150
0.211794
0.242134
-0.066959
0.056552
0.071912
0.271873
0.056197
0.010079
-0.005283
-0.005285
-0.174271
0.040844
0.056161
-0.312788
0.332910
-0.404988
0.117898
-0.128372
0.455590
-0.051294
0.040665
-0.296796
1.033853
0.131269
-0.035818
0.055240
0.599402
-0.277261
-0.065993
0.039831
0.100190
-0.413863
0.009665
0.130740
0.145613
0.551567
-0.110769
-0.020638
-0.065734
0.249633
-0.260842
0.024444
-0.065720
0.279527
-0.140596
-0.050650
0.084365
0.592173
-1.295305
-0.428956
-0.476289
0.313709
0.221823
-0.338989
-0.294319
-0.020638
0.465390
0.281934
-0.141557
-0.384275
0.312746
-0.005510
0.175811
0.310937
0.099663
-0.578246
0.115283
-0.793310
-0.172845
0.237976
0.116005
0.115819
0.387619
-0.277494
0.100318
-0.611683
0.328350
-1.423956
0.178856
0.025343
0.285360
-0.618203
0.316889
0.147699
0.086339
-0.127614
-0.280915
-0.066640
-0.389415
-0.948575
-0.051718
0.196720
0.072371
-0.860848
1.375816
0.010174
-0.051450
0.899614
0.070923
-0.203844
0.254046
0.222893
-0.172775
-0.051093
-0.142552
-0.724543
0.438992
-0.541712
0.178917
0.362006
-1.080311
-0.593528
-0.440774
0.104031
1.186807
0.745767
-0.097015
-0.541552
-0.328330
-0.313825
0.133779
0.256712
0.455225
0.239361
-0.127614
-0.081819
0.208597
0.497025
-0.005453
-0.279095
0.222634
-0.203036
-1.291420
-0.437530
-0.361618
-0.909533
-0.806929
0.341824
0.418854
-0.727910
-0.099533
-0.226058
-0.115590
-0.576327
-0.563423
0.490301
-0.451570
0.585328
0.470997
-0.004819
-0.305764
0.690659
0.340969
0.151844
0.151547
-0.036279
0.618641
-0.129494
0.212481
-0.082750
-0.347359
-0.520561
0.120218
-0.145833
0.572650
0.692875
-0.640795
0.134762
0.087999
0.180803
-0.532783
-0.098465
-0.520171
0.665578
0.057044
0.119038
0.165293
0.519695
-0.066838
0.040957
-0.082233
-0.251959
0.595033
0.040721
-0.097343
0.408153
-0.234803
0.224085
0.330106
-0.142496
0.420394
-0.066172
-0.218191
-0.081502
0.116255
1.067808
0.144614
-0.095719
-0.020638
0.264369
-0.065585
0.203896
-0.215205
0.054240
0.054184
0.173639
-0.140148
0.218240
0.024088
-0.020638
0.009168
-0.513581
0.114042
-0.005685
-0.140327
0.412554
-0.080277
-0.184829
0.188286
0.395905
-0.288216
-0.184511
0.113460
0.217316
0.379630
0.068093
-0.035421
-0.065000
0.008939
0.038490
0.156536
-0.064902
-0.360649
0.023777
-0.079862
0.275133
-0.731963
0.113122
-0.050347
-0.527043
0.530328
0.142579
0.083089
-0.510580
-0.109977
0.499384
0.008996
-0.287661
0.023916
-0.243603
0.128061
0.098162
0.098021
-0.168984
0.009049
0.068370
-0.065132
-0.035474
-0.005802
0.186831
0.171627
0.392220
0.097009
0.023444
-0.035330
-0.020638
0.082160
-0.064681
-0.035323
0.008731
-0.064694
-0.152923
-0.035347
-0.035349
-0.285812
-0.168261
-0.153685
-0.168676
-0.065092
0.083058
0.245516
0.038411
0.023626
-0.094422
-0.079705
-0.286871
0.053387
-0.272546
-0.139403
0.098127
-0.436933
0.440158
0.097933
0.038595
0.142072
-0.064987
0.068041
-0.257289
0.008974
-0.213273
-0.436810
0.068688
-0.318701
-0.829873
-0.216436
0.009510
0.039630
-0.292131
-0.323164
0.009656
-0.020638
0.024786
0.009633
-0.475667
-0.035841
-0.005434
0.615824
-0.277766
-0.187368
-0.202843
-0.035837
-0.706982
0.071147
0.452248
0.328774
0.448385
0.054805
-0.247138
0.281249
0.129965
-0.050740
0.249958
-0.351465
0.325201
-0.849643
-0.096344
-0.506518
-0.463015
-0.449626
-0.020638
0.040759
0.514982
-0.448904
0.055973
0.117114
0.437169
-0.264540
0.284148
-0.142441
-0.585913
0.009999
0.559694
0.055471
0.207343
0.024896
-0.142108
0.055298
-0.066192
-0.752348
0.208597
0.223302
-0.203537
0.814916
0.085206
0.039794
-0.126418
0.039822
-0.081097
-0.096264
0.054988
0.251142
-0.262184
0.100208
0.084983
-0.111163
0.566315
0.293993
-0.050560
0.382558
0.172915
0.053706
-0.094982
0.068568
0.187201
0.186770
-0.109474
-0.035452
-0.213416
0.068383
-0.020638
-0.555955
0.143236
0.172685
1.043359
-0.050041
-0.064759
-0.271025
-0.286438
-0.138999
0.023764
0.481208
0.023522
0.008791
0.038194
-0.315145
1.385155
-0.020638
0.327744
-0.558234
0.008495
-0.078913
0.081321
-0.472962
-0.357560
0.008705
-0.005970
0.008692
-0.579381
-0.153430
-0.197969
0.068067
0.392281
-0.477899
0.038481
-0.168501
0.127226
-0.286950
0.023797
-0.035447
0.142144
0.259909
-0.197734
-0.479592
0.023869
-0.035471
-0.585947
-0.080330
-0.199930
0.248180
0.068808
0.009160
0.157960
0.365234
0.171741
-0.272285
-0.555637
0.366037
-0.198917
-0.020638
-0.169447
-0.498322
-0.080509
-0.065565
0.308359
0.470837
-0.065218
-0.363078
-0.154956
-0.304793
0.233644
-0.349832
-0.065612
-0.020638
-0.607150
-0.201797
0.069983
0.009551
-0.702097
0.464432
0.190843
0.476089
0.831576
0.068648
0.261575
0.023849
0.600115
0.170722
-1.099971
0.291051
0.038621
0.481653
0.479143
0.023341
0.052617
-0.387449
-0.551221
0.495245
-0.153039
0.844153
-0.093636
-0.049852
0.023180
0.721346
0.239930
0.094952
-0.150686
0.340191
0.080161
0.036916
0.022506
-0.164523
0.180743
-0.150050
-0.049419
-0.006246
0.481768
0.079541
-0.235430
-0.221528
-0.020638
0.065507
0.223037
0.136719
-0.120745
0.065175
-0.192336
0.079555
0.122321
0.193419
-0.077675
0.377939
-0.219728
0.107394
-0.120204
0.022046
0.050461
0.305766
0.120945
-0.020638
0.261928
-0.430619
-0.645906
-0.034894
0.121833
0.121630
-0.234115
-0.148944
0.022149
-0.177613
0.179105
0.022112
0.178622
0.022009
-0.063285
0.263332
-0.006460
-0.347227
0.121488
-0.219671
0.362858
0.092709
-0.091464
-0.119879
0.021906
-0.034817
-0.361547
-0.662992
0.122465
-0.020638
0.635009
0.376357
-0.091414
-0.020638
0.035987
0.050099
-0.020638
0.078309
-0.331944
-0.119893
0.106958
-0.332828
0.036196
0.503554
0.725477
0.035447
-0.146874
0.161652
0.119359
0.119164
0.105017
-0.202189
0.300345
-0.090329
-0.104332
0.285897
-0.118070
-0.383361
0.091110
-0.286242
0.105263
-0.020638
-0.244571
-0.020638
0.189314
-0.455025
-0.217433
0.302464
0.315403
0.356063
-0.187885
0.007256
0.369063
0.062672
0.270402
-0.034478
0.062373
-0.242153
-0.117705
0.159555
-0.200831
0.118001
-0.173151
-0.006763
0.104146
-0.159296
0.228808
-0.006798
0.117656
-0.048281
-0.075948
-0.034470
0.034680
-0.255948
-0.020638
0.076322
-0.089885
-0.089933
0.256256
-0.436266
-0.062296
-0.368464
-0.104297
-0.034588
-0.020638
-0.034590
-0.146292
0.118968
-0.132307
0.049170
-0.174280
-0.244539
0.189285
0.272515
0.549243
0.090181
0.076228
0.020847
-0.172834
0.186845
-0.020638
0.048428
-0.006830
-0.366396
0.007067
-0.117638
-0.103856
-0.786712
-0.384835
-0.189177
-0.048755
-0.217682
-0.034727
0.190496
-0.147265
-0.302606
-0.204345
0.106580
-0.587292
0.898551
0.204334
-0.076833
0.049602
-0.062776
-0.287924
-0.077000
0.134281
0.049700
-0.386939
1.866870
-0.256373
0.118097
-0.076109
-0.006767
0.090258
-0.048350
0.614811
0.075708
0.075615
0.048058
0.048010
0.034247
-0.006921
-0.075515
0.047954
0.225904
0.075076
0.115937
0.143006
0.006610
-0.007017
-0.020638
-0.034259
0.061062
-0.047864
-0.034253
0.061028
-0.224928
0.061128
-0.047886
0.020231
0.305715
0.236972
-0.427694
-0.648027
0.020399
-0.321967
0.239654
-0.116456
-0.143968
0.184828
-0.157568
0.129975
-0.418198
0.006831
0.185138
0.088936
0.321009
-0.129838
0.102204
-0.280148
0.170645
-0.075253
0.102204
0.210986
-0.279546
0.020287
0.129277
0.156245
-0.483917
0.415449
-0.034237
-0.293006
-0.102493
-0.348731
-0.556096
-0.075719
0.130763
0.623685
0.170489
-0.020638
0.197346
0.305449
-0.061341
-0.007068
-0.210778
-0.020638
-0.170288
0.061017
0.237497
-0.251569
-0.265736
0.020254
-0.061529
-0.007005
-0.007007
-0.047901
END
