y[]
0.457135
0.648758
-0.011738
-0.115057
-0.089297
-0.309608
-0.154512
0.234743
0.852616
-0.050281
-0.410889
0.078532
0.592261
0.461197
-0.037245
0.026520
-0.305424
-0.114092
0.192866
0.179699
0.293800
-0.088035
0.483156
0.064183
0.000910
-0.074993
-0.151040
-0.037086
-0.443649
0.976362
0.277771
0.452242
0.599427
-0.098819
0.013150
0.087752
-0.136116
0.000707
0.447633
-0.458666
-0.111327
0.062963
-0.198596
-0.036679
0.510716
-0.098624
0.161959
0.025444
-0.197784
0.124730
0.273004
0.296847
0.123738
-0.134891
-0.036387
-0.135073
0.049949
0.000595
0.074549
0.172912
-0.036338
0.184895
0.000539
-0.159158
0.074284
-0.110054
-0.220982
0.295822
-0.060884
0.147899
0.221120
-0.391943
0.012835
0.012829
-0.073167
0.049691
0.172323
-0.195798
-0.405536
0.222267
0.221720
0.086398
0.000522
-0.036260
0.514161
-0.109370
-0.085025
0.061549
-0.085025
0.061549
-0.207289
-0.305784
0.575492
0.049234
0.122270
0.534612
-0.254192
0.085314
0.000387
-0.023863
0.169981
-0.048055
0.169717
-0.181086
0.181779
-0.035907
-0.023825
0.048681
-0.011738
-0.084245
0.217689
-0.035863
-0.108298
0.169236
-0.156491
0.072727
-0.229077
-0.084289
-0.011738
-0.423860
0.036835
-0.011738
-0.181847
-0.218689
0.049175
0.097811
0.304065
0.242607
-0.060135
-0.048051
0.254252
0.096873
0.036496
0.012370
-0.072019
-0.059989
-0.035872
0.120928
0.144823
-0.059884
-0.035820
-0.047872
-0.289197
-0.205208
-0.205583
-0.327540
-0.121287
-0.109216
0.353315
-0.060335
-0.072517
-0.597105
-0.896265
0.247058
-0.208855
1.335661
-1.272850
-0.085693
-0.729474
-0.098711
-0.948367
-0.112165
0.351831
0.362982
-0.586883
-0.388623
-0.125081
-0.441086
0.845122
-1.223568
0.077123
0.342917
0.492740
0.964735
-0.086514
1.153372
0.675972
0.792752
0.533091
-0.289835
-0.181394
0.109474
0.169805
0.024531
0.181476
-0.060006
0.072717
0.060595
0.012361
0.240955
-0.071845
0.120450
-0.107857
-0.095918
0.036374
0.132458
-0.047767
0.012283
0.204193
-0.047694
-0.047707
0.036218
-0.191691
0.144240
0.096105
-0.071636
-0.311768
-0.144037
0.048420
0.072422
-0.059821
-0.493841
-0.751449
0.231394
0.158103
-0.218011
-0.645345
0.037144
-0.293135
0.233000
-0.195235
-1.293333
0.211255
-0.259539
0.335012
-1.268208
-0.024257
0.088375
0.362794
0.559834
0.149203
0.604863
0.172503
0.770567
0.012611
-0.072621
-0.194609
-0.599183
-0.171433
-0.024033
0.000557
0.686580
-1.264826
0.099462
0.099339
0.394492
-0.011738
-0.912589
-0.483906
-0.024193
-0.749380
0.862830
0.385531
-1.145636
-0.300375
-0.503077
-0.239327
0.531090
0.853200
0.535936
-0.173239
0.037982
-0.360300
0.175143
0.062917
0.348310
0.285255
-0.905377
0.572514
0.062602
-0.309431
0.595113
0.086991
0.123855
0.049835
0.393693
0.818548
-0.145582
0.207187
-0.121140
-0.609483
-0.822553
0.333048
0.184750
0.392303
0.354161
0.024778
-0.511952
-0.785270
0.320509
0.392848
-0.502356
-0.331935
-1.515526
-0.325277
0.576904
-0.374533
1.134692
-0.222591
-0.359997
-0.261239
-0.600528
-0.137461
0.176787
0.188965
-0.312943
1.274574
-0.297541
0.781524
0.111643
0.566121
0.110781
-0.134257
-0.036260
-0.836713
0.161208
0.738343
0.440503
0.219701
-0.011738
0.073394
0.340183
-0.387975
-0.572647
0.000489
-0.256566
0.391908
-0.170555
0.000488
0.037150
0.463670
0.316072
-0.120888
-0.023873
-0.060293
0.339756
-0.072252
0.495448
0.168778
0.144446
0.084254
0.120101
0.012214
0.322990
-0.262679
0.060024
-0.035653
-0.191282
-0.131613
-0.023733
0.311635
0.167463
0.083705
0.000186
-0.059442
-0.274519
0.203316
-0.035610
0.036001
-0.059476
0.012134
-0.047548
0.071799
0.000190
0.523563
-0.023602
-0.047340
-0.166160
-0.011738
0.118942
0.083195
-0.035463
0.142373
0.130308
-0.023567
-0.141954
0.153962
-0.212981
0.071176
0.118417
-0.165575
-0.165812
-0.035463
-0.011738
0.059420
-0.213482
0.106985
-0.106705
-0.071138
0.237506
0.225061
-0.094554
-0.023574
-0.486347
0.059597
0.012029
-0.285401
-0.083252
-0.071372
0.071740
0.047846
-0.214469
0.250542
-0.083200
-0.011738
-1.101895
-0.168449
-0.096223
-0.156735
-0.023830
0.482865
-0.059884
-0.180433
-0.410506
-0.740870
-0.280424
0.220352
0.098012
-0.243573
-0.317605
0.184125
0.049391
0.633937
0.315595
0.036665
-0.338912
-0.938461
0.110691
-0.146418
0.135177
0.354608
0.741150
-0.035936
0.012461
-0.241860
0.145771
0.036677
0.048747
-0.363062
-0.181785
1.735610
0.131512
-0.226689
-0.659377
-0.011738
0.288617
0.168043
0.763599
-0.213938
0.142923
-0.023626
-0.380984
0.369396
-0.357079
0.035966
0.107423
-0.381600
-0.311014
-0.083698
0.108166
-0.987120
-0.521262
-0.109085
-0.683578
0.623573
-0.170188
0.195415
-0.438698
0.293420
0.037001
-0.072665
0.426113
0.048923
0.761493
-0.083975
-0.192559
-0.410699
0.266494
-0.556830
-0.510978
0.523934
-0.474195
0.231927
-0.157866
-0.255759
0.548624
0.024699
0.036824
0.158041
-1.157254
0.025025
0.233000
0.000483
1.528340
-0.313034
0.024466
0.096794
0.241046
-0.614658
0.024540
0.048696
0.229633
0.132806
-0.156281
-0.096151
0.265354
0.360523
-0.083680
0.156047
0.263300
0.107608
0.024038
-0.142979
-0.095345
0.155406
-0.442103
0.131923
-0.347268
0.287897
0.095911
-0.059568
0.215250
0.226641
0.012069
0.083432
-0.488497
0.274590
0.107324
-0.154629
-0.549406
-0.528225
0.000304
0.192749
0.120355
0.204038
0.334924
-0.202851
0.167442
0.155207
-0.310050
0.036052
-0.023683
-0.418729
0.621970
0.119285
-0.095096
-0.190597
0.820214
-0.331814
0.035746
0.106872
0.142245
-0.035412
0.035605
0.000094
0.177387
-0.497090
-0.142356
-0.047391
-0.297418
0.499529
0.094941
-0.059137
0.011964
-0.665607
0.059801
-0.059425
-0.119117
-0.322594
-0.299542
0.048290
0.072240
0.419039
0.393410
-0.071216
-0.047442
0.285404
0.106872
-0.011738
-0.094750
-0.071074
-0.654827
-0.286907
0.179764
-0.191260
-0.648644
0.012370
0.108715
-0.676032
1.108958
-0.107650
0.096156
0.036178
1.107721
-0.165812
0.071255
-0.094730
-0.023600
-0.071067
-0.404198
-0.035573
-0.753457
0.634584
0.107494
0.083546
0.023970
-0.226177
0.000187
-0.059448
0.393073
0.438767
0.153727
-0.023548
0.153473
-0.212387
0.177120
-0.094319
-0.047151
-0.047163
0.294866
0.152968
0.070513
0.117378
-0.234861
-0.105833
0.035321
-0.023500
-0.094115
-0.282885
0.035471
-0.047142
0.506276
-0.023481
0.082170
-0.117390
-0.105745
-0.105833
0.023558
0.000025
-0.329816
0.153318
-0.058869
-0.082476
0.011847
-0.923796
0.154711
-0.094928
0.166441
0.426418
0.224306
-0.082493
-0.035334
-0.271662
0.377896
0.000046
-0.082459
-0.437120
-0.260715
0.059462
0.106816
-0.272742
0.450485
-0.189263
-0.106547
-0.177871
0.426729
-0.331511
0.011984
0.154159
0.023776
0.142008
-0.141815
-0.414869
-0.273456
0.000173
-0.083226
-0.214566
0.012146
-0.119258
0.000215
-0.071514
-0.023697
-0.431227
-0.047776
-0.023753
-0.252354
0.312957
-0.071787
0.060317
0.228070
0.870586
-0.106750
0.000144
0.071393
0.166166
-0.082862
-0.154137
-0.380544
-0.621459
-0.011738
-0.432336
-0.023781
0.084566
-0.023771
-0.204463
-0.072041
-0.289600
0.891502
0.191867
0.000226
0.107822
-0.514853
0.323954
-0.215416
0.490716
0.879269
-0.118240
0.071107
0.165557
-0.485224
-0.487476
0.487728
-0.047331
0.225313
0.177499
0.000078
0.118140
-0.117989
-0.200908
0.224669
-0.094417
-0.165466
-0.308034
-0.225616
0.095259
0.225623
-0.356095
-0.333416
-0.071422
0.143366
-0.393965
0.298933
-1.526372
0.085114
0.302386
-0.350066
-0.594405
0.061281
0.316191
-0.497943
0.146538
0.304065
0.460104
-0.435083
0.375391
-0.060047
0.217523
-0.470787
0.157631
0.072839
-0.120493
-0.060111
-1.265482
-0.011738
0.720509
0.279666
0.435853
0.000331
-0.072099
-0.617360
0.630105
-0.714345
0.085467
-0.364558
-0.414743
0.427823
0.340953
-0.291356
0.352827
0.061016
0.194111
0.133312
0.024492
-0.617287
0.315714
0.856260
0.180132
0.311210
0.000203
-0.023679
0.286360
0.035876
0.119082
-0.023624
-0.011738
0.178263
0.154218
0.000106
0.130274
0.141881
-0.082610
0.023704
-0.070815
0.200777
-0.047126
0.000059
0.082591
0.094275
-0.153114
0.082535
-0.035298
-0.484105
-0.260627
END
